box_8_lizol(Clone) stack 0 Shelf_0 Rack_0_0_0
2.884809, 0.1961813, 8.231998, 377.103, 253.8477
2.685083, 0.1961813, 8.221532, 361.486, 254.0117
2.672166, 0.1961813, 8.468002, 356.6709, 250.2646
2.871892, 0.1961813, 8.478469, 371.8032, 250.1107
2.672166, 0.1961813, 8.468002, 356.6709, 250.2646
2.672166, 0.0199313, 8.468002, 356.6709, 263.7738
2.871892, 0.0199313, 8.478469, 371.8032, 263.6018
2.871892, 0.1961813, 8.478469, 371.8032, 250.1107
2.871892, 0.1961813, 8.478469, 371.8032, 250.1107
2.871892, 0.0199313, 8.478469, 371.8032, 263.6018
2.884809, 0.0199313, 8.231998, 377.103, 267.7768
2.884809, 0.1961813, 8.231998, 377.103, 253.8477
2.685083, 0.0199313, 8.221532, 361.486, 267.9601
2.884809, 0.0199313, 8.231998, 377.103, 267.7768
2.871892, 0.0199313, 8.478469, 371.8032, 263.6018
2.672166, 0.0199313, 8.468002, 356.6709, 263.7738
2.685083, 0.1961813, 8.221532, 361.486, 254.0117
2.685083, 0.0199313, 8.221532, 361.486, 267.9601
2.672166, 0.0199313, 8.468002, 356.6709, 263.7738
2.672166, 0.1961813, 8.468002, 356.6709, 250.2646
2.884809, 0.1961813, 8.231998, 377.103, 253.8477
2.884809, 0.0199313, 8.231998, 377.103, 267.7768
2.685083, 0.0199313, 8.221532, 361.486, 267.9601
2.685083, 0.1961813, 8.221532, 361.486, 254.0117
box_5_LMRR(Clone) stack 1 Shelf_0 Rack_0_0_0
2.491613, 0.162368, 8.202856, 346.437, 256.9882
2.291887, 0.162368, 8.213324, 330.4666, 256.8196
2.306762, 0.162368, 8.497145, 328.3345, 252.4191
2.506487, 0.162368, 8.486677, 343.7245, 252.5758
2.306762, 0.162368, 8.497145, 328.3345, 252.4191
2.306762, 0.019868, 8.497145, 328.3345, 263.301
2.506487, 0.019868, 8.486677, 343.7245, 263.4721
2.506487, 0.162368, 8.486677, 343.7245, 252.5758
2.506487, 0.162368, 8.486677, 343.7245, 252.5758
2.506487, 0.019868, 8.486677, 343.7245, 263.4721
2.491613, 0.019868, 8.202856, 346.437, 268.2935
2.491613, 0.162368, 8.202856, 346.437, 256.9882
2.291887, 0.019868, 8.213324, 330.4666, 268.1092
2.491613, 0.019868, 8.202856, 346.437, 268.2935
2.506487, 0.019868, 8.486677, 343.7245, 263.4721
2.306762, 0.019868, 8.497145, 328.3345, 263.301
2.291887, 0.162368, 8.213324, 330.4666, 256.8196
2.291887, 0.019868, 8.213324, 330.4666, 268.1092
2.306762, 0.019868, 8.497145, 328.3345, 263.301
2.306762, 0.162368, 8.497145, 328.3345, 252.4191
2.491613, 0.162368, 8.202856, 346.437, 256.9882
2.491613, 0.019868, 8.202856, 346.437, 268.2935
2.291887, 0.019868, 8.213324, 330.4666, 268.1092
2.291887, 0.162368, 8.213324, 330.4666, 256.8196
box_5_LMRR(Clone) stack 1 Shelf_0 Rack_0_0_0
2.506487, 0.304868, 8.213324, 347.4683, 245.53
2.306762, 0.304868, 8.202856, 331.7718, 245.683
2.291887, 0.304868, 8.486677, 327.315, 241.6795
2.491613, 0.304868, 8.497145, 342.4505, 241.5373
2.291887, 0.304868, 8.486677, 327.315, 241.6795
2.291887, 0.162368, 8.486677, 327.315, 252.5758
2.491613, 0.162368, 8.497145, 342.4505, 252.4192
2.491613, 0.304868, 8.497145, 342.4505, 241.5373
2.491613, 0.304868, 8.497145, 342.4505, 241.5373
2.491613, 0.162368, 8.497145, 342.4505, 252.4192
2.506487, 0.162368, 8.213324, 347.4683, 256.8196
2.506487, 0.304868, 8.213324, 347.4683, 245.53
2.306762, 0.162368, 8.202856, 331.7718, 256.9882
2.506487, 0.162368, 8.213324, 347.4683, 256.8196
2.491613, 0.162368, 8.497145, 342.4505, 252.4192
2.291887, 0.162368, 8.486677, 327.315, 252.5758
2.306762, 0.304868, 8.202856, 331.7718, 245.683
2.306762, 0.162368, 8.202856, 331.7718, 256.9882
2.291887, 0.162368, 8.486677, 327.315, 252.5758
2.291887, 0.304868, 8.486677, 327.315, 241.6795
2.506487, 0.304868, 8.213324, 347.4683, 245.53
2.506487, 0.162368, 8.213324, 347.4683, 256.8196
2.306762, 0.162368, 8.202856, 331.7718, 256.9882
2.306762, 0.304868, 8.202856, 331.7718, 245.683
box_5_LMRR(Clone) stack 1 Shelf_0 Rack_0_0_0
2.501652, 0.447368, 8.209662, 347.1371, 234.2884
2.301683, 0.447368, 8.206172, 331.3288, 234.3342
2.296722, 0.447368, 8.490338, 327.6438, 230.7384
2.496692, 0.447368, 8.493829, 342.8817, 230.6959
2.296722, 0.447368, 8.490338, 327.6438, 230.7384
2.296722, 0.304868, 8.490338, 327.6438, 241.6297
2.496692, 0.304868, 8.493829, 342.8817, 241.5823
2.496692, 0.447368, 8.493829, 342.8817, 230.6959
2.496692, 0.447368, 8.493829, 342.8817, 230.6959
2.496692, 0.304868, 8.493829, 342.8817, 241.5823
2.501652, 0.3048679, 8.209662, 347.1371, 245.5834
2.501652, 0.447368, 8.209662, 347.1371, 234.2884
2.301683, 0.3048679, 8.206172, 331.3288, 245.6345
2.501652, 0.3048679, 8.209662, 347.1371, 245.5834
2.496692, 0.304868, 8.493829, 342.8817, 241.5823
2.296722, 0.304868, 8.490338, 327.6438, 241.6297
2.301683, 0.447368, 8.206172, 331.3288, 234.3342
2.301683, 0.3048679, 8.206172, 331.3288, 245.6345
2.296722, 0.304868, 8.490338, 327.6438, 241.6297
2.296722, 0.447368, 8.490338, 327.6438, 230.7384
2.501652, 0.447368, 8.209662, 347.1371, 234.2884
2.501652, 0.3048679, 8.209662, 347.1371, 245.5834
2.301683, 0.3048679, 8.206172, 331.3288, 245.6345
2.301683, 0.447368, 8.206172, 331.3288, 234.3342
box_5_LMRR(Clone) stack 1 Shelf_0 Rack_0_0_0
2.494167, 0.5898679, 8.204492, 346.6166, 223.0534
2.294289, 0.5898679, 8.211472, 330.679, 222.9722
2.304208, 0.589868, 8.495509, 328.1578, 219.7914
2.504086, 0.589868, 8.488529, 343.5164, 219.8668
2.304208, 0.589868, 8.495509, 328.1578, 219.7914
2.304208, 0.447368, 8.495509, 328.1578, 230.6754
2.504086, 0.447368, 8.488529, 343.5164, 230.7605
2.504086, 0.589868, 8.488529, 343.5164, 219.8668
2.504086, 0.589868, 8.488529, 343.5164, 219.8668
2.504086, 0.447368, 8.488529, 343.5164, 230.7605
2.494167, 0.4473679, 8.204492, 346.6166, 234.3562
2.494167, 0.5898679, 8.204492, 346.6166, 223.0534
2.294289, 0.4473679, 8.211472, 330.679, 234.2646
2.494167, 0.4473679, 8.204492, 346.6166, 234.3562
2.504086, 0.447368, 8.488529, 343.5164, 230.7605
2.304208, 0.447368, 8.495509, 328.1578, 230.6754
2.294289, 0.5898679, 8.211472, 330.679, 222.9722
2.294289, 0.4473679, 8.211472, 330.679, 234.2646
2.304208, 0.447368, 8.495509, 328.1578, 230.6754
2.304208, 0.589868, 8.495509, 328.1578, 219.7914
2.494167, 0.5898679, 8.204492, 346.6166, 223.0534
2.494167, 0.4473679, 8.204492, 346.6166, 234.3562
2.294289, 0.4473679, 8.211472, 330.679, 234.2646
2.294289, 0.5898679, 8.211472, 330.679, 222.9722
box_5_LMRR(Clone) stack 1 Shelf_0 Rack_0_0_0
2.483785, 0.7323679, 8.198221, 345.8809, 211.8143
2.284881, 0.7323679, 8.219127, 329.8427, 211.6024
2.314589, 0.7323679, 8.50178, 328.8799, 208.8483
2.513494, 0.7323679, 8.480874, 344.3374, 209.0452
2.314589, 0.7323679, 8.50178, 328.8799, 208.8483
2.314589, 0.5898679, 8.50178, 328.8799, 219.7237
2.513494, 0.5898679, 8.480874, 344.3374, 219.9496
2.513494, 0.7323679, 8.480874, 344.3374, 209.0452
2.513494, 0.7323679, 8.480874, 344.3374, 209.0452
2.513494, 0.5898679, 8.480874, 344.3374, 219.9496
2.483785, 0.5898679, 8.198221, 345.8809, 223.1265
2.483785, 0.7323679, 8.198221, 345.8809, 211.8143
2.284881, 0.5898679, 8.219127, 329.8427, 222.8834
2.483785, 0.5898679, 8.198221, 345.8809, 223.1265
2.513494, 0.5898679, 8.480874, 344.3374, 219.9496
2.314589, 0.5898679, 8.50178, 328.8799, 219.7237
2.284881, 0.7323679, 8.219127, 329.8427, 211.6024
2.284881, 0.5898679, 8.219127, 329.8427, 222.8834
2.314589, 0.5898679, 8.50178, 328.8799, 219.7237
2.314589, 0.7323679, 8.50178, 328.8799, 208.8483
2.483785, 0.7323679, 8.198221, 345.8809, 211.8143
2.483785, 0.5898679, 8.198221, 345.8809, 223.1265
2.284881, 0.5898679, 8.219127, 329.8427, 222.8834
2.284881, 0.7323679, 8.219127, 329.8427, 211.6024
box_1_Parle-G-GOLD(Clone) stack 3 Shelf_0 Rack_0_0_0
1.7328, 0.1916559, 8.240561, 286.0071, 254.071
1.533074, 0.1916559, 8.251029, 270.1989, 253.9073
1.543996, 0.1916559, 8.459439, 270.2321, 250.738
1.743722, 0.1916559, 8.448972, 285.6185, 250.8932
1.543996, 0.1916559, 8.459439, 270.2321, 250.738
1.543996, 0.0191559, 8.459439, 270.2321, 263.9743
1.743722, 0.0191559, 8.448972, 285.6185, 264.1472
1.743722, 0.1916559, 8.448972, 285.6185, 250.8932
1.743722, 0.1916559, 8.448972, 285.6185, 250.8932
1.743722, 0.0191559, 8.448972, 285.6185, 264.1472
1.7328, 0.0191559, 8.240561, 286.0071, 267.6884
1.7328, 0.1916559, 8.240561, 286.0071, 254.071
1.533074, 0.0191559, 8.251029, 270.1989, 267.506
1.7328, 0.0191559, 8.240561, 286.0071, 267.6884
1.743722, 0.0191559, 8.448972, 285.6185, 264.1472
1.543996, 0.0191559, 8.459439, 270.2321, 263.9743
1.533074, 0.1916559, 8.251029, 270.1989, 253.9073
1.533074, 0.0191559, 8.251029, 270.1989, 267.506
1.543996, 0.0191559, 8.459439, 270.2321, 263.9743
1.543996, 0.1916559, 8.459439, 270.2321, 250.738
1.7328, 0.1916559, 8.240561, 286.0071, 254.071
1.7328, 0.0191559, 8.240561, 286.0071, 267.6884
1.533074, 0.0191559, 8.251029, 270.1989, 267.506
1.533074, 0.1916559, 8.251029, 270.1989, 253.9073
box_1_Parle-G-GOLD(Clone) stack 3 Shelf_0 Rack_0_0_0
1.743722, 0.3641558, 8.251029, 286.8049, 240.3086
1.543996, 0.3641558, 8.240561, 271.1027, 240.4536
1.533074, 0.3641559, 8.448972, 269.4334, 237.6392
1.7328, 0.3641559, 8.459439, 284.7193, 237.5018
1.533074, 0.3641559, 8.448972, 269.4334, 237.6392
1.533074, 0.1916559, 8.448972, 269.4334, 250.8932
1.7328, 0.1916559, 8.459439, 284.7193, 250.738
1.7328, 0.3641559, 8.459439, 284.7193, 237.5018
1.7328, 0.3641559, 8.459439, 284.7193, 237.5018
1.7328, 0.1916559, 8.459439, 284.7193, 250.738
1.743722, 0.1916559, 8.251029, 286.8049, 253.9073
1.743722, 0.3641558, 8.251029, 286.8049, 240.3086
1.543996, 0.1916559, 8.240561, 271.1027, 254.071
1.743722, 0.1916559, 8.251029, 286.8049, 253.9073
1.7328, 0.1916559, 8.459439, 284.7193, 250.738
1.533074, 0.1916559, 8.448972, 269.4334, 250.8932
1.543996, 0.3641558, 8.240561, 271.1027, 240.4536
1.543996, 0.1916559, 8.240561, 271.1027, 254.071
1.533074, 0.1916559, 8.448972, 269.4334, 250.8932
1.533074, 0.3641559, 8.448972, 269.4334, 237.6392
1.743722, 0.3641558, 8.251029, 286.8049, 240.3086
1.743722, 0.1916559, 8.251029, 286.8049, 253.9073
1.543996, 0.1916559, 8.240561, 271.1027, 254.071
1.543996, 0.3641558, 8.240561, 271.1027, 240.4536
box_1_Parle-G-GOLD(Clone) stack 3 Shelf_0 Rack_0_0_0
1.726943, 0.5366558, 8.235771, 285.5735, 226.8941
1.528039, 0.5366558, 8.256677, 269.7798, 226.6419
1.549853, 0.5366558, 8.46423, 270.6627, 224.2109
1.748758, 0.5366558, 8.443324, 286.0387, 224.4499
1.549853, 0.5366558, 8.46423, 270.6627, 224.2109
1.549853, 0.3641559, 8.46423, 270.6627, 237.439
1.748758, 0.3641559, 8.443324, 286.0387, 237.7135
1.748758, 0.5366558, 8.443324, 286.0387, 224.4499
1.748758, 0.5366558, 8.443324, 286.0387, 224.4499
1.748758, 0.3641559, 8.443324, 286.0387, 237.7135
1.726943, 0.3641559, 8.235771, 285.5735, 240.5201
1.726943, 0.5366558, 8.235771, 285.5735, 226.8941
1.528039, 0.3641559, 8.256677, 269.7798, 240.2305
1.726943, 0.3641559, 8.235771, 285.5735, 240.5201
1.748758, 0.3641559, 8.443324, 286.0387, 237.7135
1.549853, 0.3641559, 8.46423, 270.6627, 237.439
1.528039, 0.5366558, 8.256677, 269.7798, 226.6419
1.528039, 0.3641559, 8.256677, 269.7798, 240.2305
1.549853, 0.3641559, 8.46423, 270.6627, 237.439
1.549853, 0.5366558, 8.46423, 270.6627, 224.2109
1.726943, 0.5366558, 8.235771, 285.5735, 226.8941
1.726943, 0.3641559, 8.235771, 285.5735, 240.5201
1.528039, 0.3641559, 8.256677, 269.7798, 240.2305
1.528039, 0.5366558, 8.256677, 269.7798, 226.6419
box_1_Parle-G-GOLD(Clone) stack 3 Shelf_0 Rack_0_0_0
1.747112, 0.7091558, 8.254766, 287.049, 213.0729
1.547873, 0.7091558, 8.237334, 271.4221, 213.252
1.529684, 0.7091558, 8.445235, 269.1869, 211.1677
1.728923, 0.7091558, 8.462667, 284.4035, 210.998
1.529684, 0.7091558, 8.445235, 269.1869, 211.1677
1.529684, 0.5366558, 8.445235, 269.1869, 224.428
1.728923, 0.5366558, 8.462667, 284.4035, 224.2287
1.728923, 0.7091558, 8.462667, 284.4035, 210.998
1.728923, 0.7091558, 8.462667, 284.4035, 210.998
1.728923, 0.5366558, 8.462667, 284.4035, 224.2287
1.747112, 0.5366558, 8.254766, 287.049, 226.6649
1.747112, 0.7091558, 8.254766, 287.049, 213.0729
1.547873, 0.5366558, 8.237334, 271.4221, 226.8752
1.747112, 0.5366558, 8.254766, 287.049, 226.6649
1.728923, 0.5366558, 8.462667, 284.4035, 224.2287
1.529684, 0.5366558, 8.445235, 269.1869, 224.428
1.547873, 0.7091558, 8.237334, 271.4221, 213.252
1.547873, 0.5366558, 8.237334, 271.4221, 226.8752
1.529684, 0.5366558, 8.445235, 269.1869, 224.428
1.529684, 0.7091558, 8.445235, 269.1869, 211.1677
1.747112, 0.7091558, 8.254766, 287.049, 213.0729
1.747112, 0.5366558, 8.254766, 287.049, 226.6649
1.547873, 0.5366558, 8.237334, 271.4221, 226.8752
1.547873, 0.7091558, 8.237334, 271.4221, 213.252
box_1_Parle-G-GOLD(Clone) stack 3 Shelf_0 Rack_0_0_0
1.734695, 0.8816558, 8.242226, 286.1467, 199.5872
1.534817, 0.8816558, 8.249206, 270.3436, 199.528
1.542101, 0.8816558, 8.457774, 270.093, 197.8064
1.741979, 0.8816558, 8.450795, 285.4739, 197.8625
1.542101, 0.8816558, 8.457774, 270.093, 197.8064
1.542101, 0.7091558, 8.457774, 270.093, 211.0455
1.741979, 0.7091558, 8.450795, 285.4739, 211.1134
1.741979, 0.8816558, 8.450795, 285.4739, 197.8625
1.741979, 0.8816558, 8.450795, 285.4739, 197.8625
1.741979, 0.7091558, 8.450795, 285.4739, 211.1134
1.734695, 0.7091557, 8.242227, 286.1467, 213.2016
1.734695, 0.8816558, 8.242226, 286.1467, 199.5872
1.534817, 0.7091557, 8.249206, 270.3436, 213.1299
1.734695, 0.7091557, 8.242227, 286.1467, 213.2016
1.741979, 0.7091558, 8.450795, 285.4739, 211.1134
1.542101, 0.7091558, 8.457774, 270.093, 211.0455
1.534817, 0.8816558, 8.249206, 270.3436, 199.528
1.534817, 0.7091557, 8.249206, 270.3436, 213.1299
1.542101, 0.7091558, 8.457774, 270.093, 211.0455
1.542101, 0.8816558, 8.457774, 270.093, 197.8064
1.734695, 0.8816558, 8.242226, 286.1467, 199.5872
1.734695, 0.7091557, 8.242227, 286.1467, 213.2016
1.534817, 0.7091557, 8.249206, 270.3436, 213.1299
1.534817, 0.8816558, 8.249206, 270.3436, 199.528
box_6_melody(Clone) stack 4 Shelf_0 Rack_0_0_0
1.361732, 0.2073493, 8.228273, 256.7415, 253.023
1.161762, 0.2073493, 8.231764, 240.9296, 252.9687
1.165951, 0.2073493, 8.471727, 241.222, 249.3542
1.365921, 0.2073493, 8.468237, 256.5494, 249.4051
1.165951, 0.2073493, 8.471727, 241.222, 249.3542
1.165951, 0.01984932, 8.471727, 241.222, 263.7188
1.365921, 0.01984932, 8.468237, 256.5494, 263.7762
1.365921, 0.2073493, 8.468237, 256.5494, 249.4051
1.365921, 0.2073493, 8.468237, 256.5494, 249.4051
1.365921, 0.01984932, 8.468237, 256.5494, 263.7762
1.361732, 0.01984929, 8.228273, 256.7415, 267.8484
1.361732, 0.2073493, 8.228273, 256.7415, 253.023
1.161762, 0.01984929, 8.231764, 240.9296, 267.7874
1.361732, 0.01984929, 8.228273, 256.7415, 267.8484
1.365921, 0.01984932, 8.468237, 256.5494, 263.7762
1.165951, 0.01984932, 8.471727, 241.222, 263.7188
1.161762, 0.2073493, 8.231764, 240.9296, 252.9687
1.161762, 0.01984929, 8.231764, 240.9296, 267.7874
1.165951, 0.01984932, 8.471727, 241.222, 263.7188
1.165951, 0.2073493, 8.471727, 241.222, 249.3542
1.361732, 0.2073493, 8.228273, 256.7415, 253.023
1.361732, 0.01984929, 8.228273, 256.7415, 267.8484
1.161762, 0.01984929, 8.231764, 240.9296, 267.7874
1.161762, 0.2073493, 8.231764, 240.9296, 252.9687
box_6_melody(Clone) stack 4 Shelf_0 Rack_0_0_0
1.35075, 0.3948492, 8.220205, 255.8901, 238.3073
1.151846, 0.3948492, 8.241111, 240.1457, 238.0232
1.176933, 0.3948492, 8.479795, 242.0612, 234.8866
1.375837, 0.3948492, 8.45889, 257.3301, 235.1537
1.176933, 0.3948492, 8.479795, 242.0612, 234.8866
1.176933, 0.2073492, 8.479795, 242.0612, 249.2365
1.375837, 0.2073492, 8.45889, 257.3301, 249.5419
1.375837, 0.3948492, 8.45889, 257.3301, 235.1537
1.375837, 0.3948492, 8.45889, 257.3301, 235.1537
1.375837, 0.2073492, 8.45889, 257.3301, 249.5419
1.35075, 0.2073492, 8.220205, 255.8901, 253.1486
1.35075, 0.3948492, 8.220205, 255.8901, 238.3073
1.151846, 0.2073492, 8.241111, 240.1457, 252.8236
1.35075, 0.2073492, 8.220205, 255.8901, 253.1486
1.375837, 0.2073492, 8.45889, 257.3301, 249.5419
1.176933, 0.2073492, 8.479795, 242.0612, 249.2365
1.151846, 0.3948492, 8.241111, 240.1457, 238.0232
1.151846, 0.2073492, 8.241111, 240.1457, 252.8236
1.176933, 0.2073492, 8.479795, 242.0612, 249.2365
1.176933, 0.3948492, 8.479795, 242.0612, 234.8866
1.35075, 0.3948492, 8.220205, 255.8901, 238.3073
1.35075, 0.2073492, 8.220205, 255.8901, 253.1486
1.151846, 0.2073492, 8.241111, 240.1457, 252.8236
1.151846, 0.3948492, 8.241111, 240.1457, 238.0232
box4_Fairever(Clone) stack 5 Shelf_1 Rack_0_0_0
1.331499, 1.369311, 8.2284, 254.3508, 161.1469
1.13162, 1.369311, 8.23538, 238.5481, 161.1229
1.139869, 1.369311, 8.471601, 239.2239, 160.335
1.339748, 1.369311, 8.464621, 254.55, 160.3575
1.139869, 1.369311, 8.471601, 239.2239, 160.335
1.139869, 1.204311, 8.471601, 239.2239, 172.976
1.339748, 1.204311, 8.464621, 254.55, 173.0099
1.339748, 1.369311, 8.464621, 254.55, 160.3575
1.339748, 1.369311, 8.464621, 254.55, 160.3575
1.339748, 1.204311, 8.464621, 254.55, 173.0099
1.331499, 1.204311, 8.2284, 254.3508, 174.1931
1.331499, 1.369311, 8.2284, 254.3508, 161.1469
1.13162, 1.204311, 8.23538, 238.5481, 174.1571
1.331499, 1.204311, 8.2284, 254.3508, 174.1931
1.339748, 1.204311, 8.464621, 254.55, 173.0099
1.139869, 1.204311, 8.471601, 239.2239, 172.976
1.13162, 1.369311, 8.23538, 238.5481, 161.1229
1.13162, 1.204311, 8.23538, 238.5481, 174.1571
1.139869, 1.204311, 8.471601, 239.2239, 172.976
1.139869, 1.369311, 8.471601, 239.2239, 160.335
1.331499, 1.369311, 8.2284, 254.3508, 161.1469
1.331499, 1.204311, 8.2284, 254.3508, 174.1931
1.13162, 1.204311, 8.23538, 238.5481, 174.1571
1.13162, 1.369311, 8.23538, 238.5481, 161.1229
box4_Fairever(Clone) stack 5 Shelf_1 Rack_0_0_0
1.349341, 1.534311, 8.244886, 255.7274, 148.0723
1.150832, 1.534311, 8.220512, 240.0659, 148.1143
1.122027, 1.534311, 8.455114, 237.8524, 147.7206
1.320536, 1.534311, 8.479488, 253.0521, 147.6811
1.122027, 1.534311, 8.455114, 237.8524, 147.7206
1.122027, 1.369311, 8.455114, 237.8524, 160.3884
1.320536, 1.369311, 8.479488, 253.0521, 160.3094
1.320536, 1.534311, 8.479488, 253.0521, 147.6811
1.320536, 1.534311, 8.479488, 253.0521, 147.6811
1.320536, 1.369311, 8.479488, 253.0521, 160.3094
1.349341, 1.369311, 8.244886, 255.7274, 161.0902
1.349341, 1.534311, 8.244886, 255.7274, 148.0723
1.150832, 1.369311, 8.220512, 240.0659, 161.1741
1.349341, 1.369311, 8.244886, 255.7274, 161.0902
1.320536, 1.369311, 8.479488, 253.0521, 160.3094
1.122027, 1.369311, 8.455114, 237.8524, 160.3884
1.150832, 1.534311, 8.220512, 240.0659, 148.1143
1.150832, 1.369311, 8.220512, 240.0659, 161.1741
1.122027, 1.369311, 8.455114, 237.8524, 160.3884
1.122027, 1.534311, 8.455114, 237.8524, 147.7206
1.349341, 1.534311, 8.244886, 255.7274, 148.0723
1.349341, 1.369311, 8.244886, 255.7274, 161.0902
1.150832, 1.369311, 8.220512, 240.0659, 161.1741
1.150832, 1.534311, 8.220512, 240.0659, 148.1143
box4_Fairever(Clone) stack 5 Shelf_1 Rack_0_0_0
1.337731, 1.699311, 8.233582, 254.8334, 135.0544
1.137762, 1.699311, 8.230091, 239.0326, 135.0544
1.133637, 1.699311, 8.466419, 238.7455, 135.0528
1.333606, 1.699311, 8.46991, 254.0696, 135.0528
1.133637, 1.699311, 8.466419, 238.7455, 135.0528
1.133637, 1.534311, 8.466419, 238.7455, 147.7023
1.333606, 1.534311, 8.46991, 254.0696, 147.6966
1.333606, 1.699311, 8.46991, 254.0696, 135.0528
1.333606, 1.699311, 8.46991, 254.0696, 135.0528
1.333606, 1.534311, 8.46991, 254.0696, 147.6966
1.337731, 1.534311, 8.233582, 254.8334, 148.0918
1.337731, 1.699311, 8.233582, 254.8334, 135.0544
1.137762, 1.534311, 8.230091, 239.0326, 148.0978
1.337731, 1.534311, 8.233582, 254.8334, 148.0918
1.333606, 1.534311, 8.46991, 254.0696, 147.6966
1.133637, 1.534311, 8.466419, 238.7455, 147.7023
1.137762, 1.699311, 8.230091, 239.0326, 135.0544
1.137762, 1.534311, 8.230091, 239.0326, 148.0978
1.133637, 1.534311, 8.466419, 238.7455, 147.7023
1.133637, 1.699311, 8.466419, 238.7455, 135.0528
1.337731, 1.699311, 8.233582, 254.8334, 135.0544
1.337731, 1.534311, 8.233582, 254.8334, 148.0918
1.137762, 1.534311, 8.230091, 239.0326, 148.0978
1.137762, 1.699311, 8.230091, 239.0326, 135.0544
box4_Fairever(Clone) stack 5 Shelf_1 Rack_0_0_0
1.34749, 1.864311, 8.242919, 255.5853, 122.0331
1.148585, 1.864311, 8.222013, 239.8881, 121.9973
1.123878, 1.864311, 8.457082, 237.9951, 122.3883
1.322783, 1.864311, 8.477987, 253.2266, 122.422
1.123878, 1.864311, 8.457082, 237.9951, 122.3883
1.123878, 1.699311, 8.457082, 237.9951, 135.0529
1.322783, 1.699311, 8.477987, 253.2266, 135.0527
1.322783, 1.864311, 8.477987, 253.2266, 122.422
1.322783, 1.864311, 8.477987, 253.2266, 122.422
1.322783, 1.699311, 8.477987, 253.2266, 135.0527
1.34749, 1.699311, 8.242919, 255.5853, 135.0544
1.34749, 1.864311, 8.242919, 255.5853, 122.0331
1.148585, 1.699311, 8.222013, 239.8881, 135.0545
1.34749, 1.699311, 8.242919, 255.5853, 135.0544
1.322783, 1.699311, 8.477987, 253.2266, 135.0527
1.123878, 1.699311, 8.457082, 237.9951, 135.0529
1.148585, 1.864311, 8.222013, 239.8881, 121.9973
1.148585, 1.699311, 8.222013, 239.8881, 135.0545
1.123878, 1.699311, 8.457082, 237.9951, 135.0529
1.123878, 1.864311, 8.457082, 237.9951, 122.3883
1.34749, 1.864311, 8.242919, 255.5853, 122.0331
1.34749, 1.699311, 8.242919, 255.5853, 135.0544
1.148585, 1.699311, 8.222013, 239.8881, 135.0545
1.148585, 1.864311, 8.222013, 239.8881, 121.9973
box4_Fairever(Clone) stack 5 Shelf_1 Rack_0_0_0
1.34749, 2.029311, 8.242919, 255.5853, 109.0117
1.148585, 2.029311, 8.222013, 239.8881, 108.9401
1.123878, 2.029311, 8.457082, 237.9951, 109.7237
1.322783, 2.029311, 8.477987, 253.2266, 109.7911
1.123878, 2.029311, 8.457082, 237.9951, 109.7237
1.123878, 1.864311, 8.457082, 237.9951, 122.3883
1.322783, 1.864311, 8.477987, 253.2266, 122.4219
1.322783, 2.029311, 8.477987, 253.2266, 109.7911
1.322783, 2.029311, 8.477987, 253.2266, 109.7911
1.322783, 1.864311, 8.477987, 253.2266, 122.4219
1.34749, 1.864311, 8.242919, 255.5853, 122.033
1.34749, 2.029311, 8.242919, 255.5853, 109.0117
1.148585, 1.864311, 8.222013, 239.8881, 121.9973
1.34749, 1.864311, 8.242919, 255.5853, 122.033
1.322783, 1.864311, 8.477987, 253.2266, 122.4219
1.123878, 1.864311, 8.457082, 237.9951, 122.3883
1.148585, 2.029311, 8.222013, 239.8881, 108.9401
1.148585, 1.864311, 8.222013, 239.8881, 121.9973
1.123878, 1.864311, 8.457082, 237.9951, 122.3883
1.123878, 2.029311, 8.457082, 237.9951, 109.7237
1.34749, 2.029311, 8.242919, 255.5853, 109.0117
1.34749, 1.864311, 8.242919, 255.5853, 122.033
1.148585, 1.864311, 8.222013, 239.8881, 121.9973
1.148585, 2.029311, 8.222013, 239.8881, 108.9401
box_2_Parle-G(Clone) stack 7 Shelf_1 Rack_0_0_0
2.106623, 1.459015, 8.291327, 315.0163, 153.8975
1.907385, 1.459015, 8.273895, 299.528, 153.9406
1.895593, 1.459015, 8.408674, 297.5846, 153.612
2.094832, 1.459015, 8.426105, 312.8091, 153.5703
1.895593, 1.459015, 8.408674, 297.5846, 153.612
1.895593, 1.204015, 8.408674, 297.5846, 173.3065
2.094832, 1.204015, 8.426105, 312.8091, 173.2208
2.094832, 1.459015, 8.426105, 312.8091, 153.5703
2.094832, 1.459015, 8.426105, 312.8091, 153.5703
2.094832, 1.204015, 8.426105, 312.8091, 173.2208
2.106623, 1.204015, 8.291327, 315.0163, 173.894
2.106623, 1.459015, 8.291327, 315.0163, 153.8975
1.907385, 1.204015, 8.273895, 299.528, 173.9828
2.106623, 1.204015, 8.291327, 315.0163, 173.894
2.094832, 1.204015, 8.426105, 312.8091, 173.2208
1.895593, 1.204015, 8.408674, 297.5846, 173.3065
1.907385, 1.459015, 8.273895, 299.528, 153.9406
1.907385, 1.204015, 8.273895, 299.528, 173.9828
1.895593, 1.204015, 8.408674, 297.5846, 173.3065
1.895593, 1.459015, 8.408674, 297.5846, 153.612
2.106623, 1.459015, 8.291327, 315.0163, 153.8975
2.106623, 1.204015, 8.291327, 315.0163, 173.894
1.907385, 1.204015, 8.273895, 299.528, 173.9828
1.907385, 1.459015, 8.273895, 299.528, 153.9406
box_2_Parle-G(Clone) stack 7 Shelf_1 Rack_0_0_0
2.103408, 1.714015, 8.285885, 314.8174, 133.9002
1.90353, 1.714015, 8.278905, 299.1862, 133.8992
1.898808, 1.714015, 8.414116, 297.7924, 133.9183
2.098686, 1.714015, 8.421096, 313.1532, 133.9193
1.898808, 1.714015, 8.414116, 297.7924, 133.9183
1.898808, 1.459015, 8.414116, 297.7924, 153.599
2.098686, 1.459015, 8.421096, 313.1532, 153.5823
2.098686, 1.714015, 8.421096, 313.1532, 133.9193
2.098686, 1.714015, 8.421096, 313.1532, 133.9193
2.098686, 1.459015, 8.421096, 313.1532, 153.5823
2.103408, 1.459015, 8.285885, 314.8174, 153.9109
2.103408, 1.714015, 8.285885, 314.8174, 133.9002
1.90353, 1.459015, 8.278905, 299.1862, 153.9282
2.103408, 1.459015, 8.285885, 314.8174, 153.9109
2.098686, 1.459015, 8.421096, 313.1532, 153.5823
1.898808, 1.459015, 8.414116, 297.7924, 153.599
1.90353, 1.714015, 8.278905, 299.1862, 133.8992
1.90353, 1.459015, 8.278905, 299.1862, 153.9282
1.898808, 1.459015, 8.414116, 297.7924, 153.599
1.898808, 1.714015, 8.414116, 297.7924, 133.9183
2.103408, 1.714015, 8.285885, 314.8174, 133.9002
2.103408, 1.459015, 8.285885, 314.8174, 153.9109
1.90353, 1.459015, 8.278905, 299.1862, 153.9282
1.90353, 1.714015, 8.278905, 299.1862, 133.8992
box_2_Parle-G(Clone) stack 7 Shelf_1 Rack_0_0_0
2.105583, 1.969016, 8.289494, 314.9527, 113.8994
1.906071, 1.969016, 8.275542, 299.412, 113.8608
1.896633, 1.969016, 8.410507, 297.6513, 114.228
2.096146, 1.969016, 8.424459, 312.9258, 114.2652
1.896633, 1.969016, 8.410507, 297.6513, 114.228
1.896633, 1.714015, 8.410507, 297.6513, 133.9178
2.096146, 1.714015, 8.424459, 312.9258, 133.9197
2.096146, 1.969016, 8.424459, 312.9258, 114.2652
2.096146, 1.969016, 8.424459, 312.9258, 114.2652
2.096146, 1.714015, 8.424459, 312.9258, 133.9197
2.105583, 1.714015, 8.289494, 314.9527, 133.9007
2.105583, 1.969016, 8.289494, 314.9527, 113.8994
1.906071, 1.714015, 8.275542, 299.412, 133.8987
2.105583, 1.714015, 8.289494, 314.9527, 133.9007
2.096146, 1.714015, 8.424459, 312.9258, 133.9197
1.896633, 1.714015, 8.410507, 297.6513, 133.9178
1.906071, 1.969016, 8.275542, 299.412, 113.8608
1.906071, 1.714015, 8.275542, 299.412, 133.8987
1.896633, 1.714015, 8.410507, 297.6513, 133.9178
1.896633, 1.969016, 8.410507, 297.6513, 114.228
2.105583, 1.969016, 8.289494, 314.9527, 113.8994
2.105583, 1.714015, 8.289494, 314.9527, 133.9007
1.906071, 1.714015, 8.275542, 299.412, 133.8987
1.906071, 1.969016, 8.275542, 299.412, 113.8608
box_7_litchi(Clone) stack 9 Shelf_1 Rack_0_0_0
2.883061, 1.414419, 8.257219, 376.5114, 157.4949
2.683548, 1.414419, 8.243268, 361.0176, 157.5362
2.669597, 1.414419, 8.442781, 356.8504, 156.9599
2.86911, 1.414419, 8.456733, 371.9561, 156.9207
2.669597, 1.414419, 8.442781, 356.8504, 156.9599
2.669597, 1.204419, 8.442781, 356.8504, 173.108
2.86911, 1.204419, 8.456733, 371.9561, 173.04
2.86911, 1.414419, 8.456733, 371.9561, 156.9207
2.86911, 1.414419, 8.456733, 371.9561, 156.9207
2.86911, 1.204419, 8.456733, 371.9561, 173.04
2.883061, 1.204419, 8.257219, 376.5114, 174.0364
2.883061, 1.414419, 8.257219, 376.5114, 157.4949
2.683548, 1.204419, 8.243268, 361.0176, 174.108
2.883061, 1.204419, 8.257219, 376.5114, 174.0364
2.86911, 1.204419, 8.456733, 371.9561, 173.04
2.669597, 1.204419, 8.442781, 356.8504, 173.108
2.683548, 1.414419, 8.243268, 361.0176, 157.5362
2.683548, 1.204419, 8.243268, 361.0176, 174.108
2.669597, 1.204419, 8.442781, 356.8504, 173.108
2.669597, 1.414419, 8.442781, 356.8504, 156.9599
2.883061, 1.414419, 8.257219, 376.5114, 157.4949
2.883061, 1.204419, 8.257219, 376.5114, 174.0364
2.683548, 1.204419, 8.243268, 361.0176, 174.108
2.683548, 1.414419, 8.243268, 361.0176, 157.5362
box_7_litchi(Clone) stack 9 Shelf_1 Rack_0_0_0
2.886234, 1.624419, 8.261001, 376.6935, 140.9505
2.68733, 1.624419, 8.240095, 361.3666, 140.9669
2.666424, 1.624419, 8.439, 356.663, 140.8147
2.865329, 1.624419, 8.459906, 371.6125, 140.7991
2.666424, 1.624419, 8.439, 356.663, 140.8147
2.666424, 1.414419, 8.439, 356.663, 156.9706
2.865329, 1.414419, 8.459906, 371.6125, 156.9119
2.865329, 1.624419, 8.459906, 371.6125, 140.7991
2.865329, 1.624419, 8.459906, 371.6125, 140.7991
2.865329, 1.414419, 8.459906, 371.6125, 156.9119
2.886234, 1.414419, 8.261001, 376.6935, 157.4837
2.886234, 1.624419, 8.261001, 376.6935, 140.9505
2.68733, 1.414419, 8.240095, 361.3666, 157.5456
2.886234, 1.414419, 8.261001, 376.6935, 157.4837
2.865329, 1.414419, 8.459906, 371.6125, 156.9119
2.666424, 1.414419, 8.439, 356.663, 156.9706
2.68733, 1.624419, 8.240095, 361.3666, 140.9669
2.68733, 1.414419, 8.240095, 361.3666, 157.5456
2.666424, 1.414419, 8.439, 356.663, 156.9706
2.666424, 1.624419, 8.439, 356.663, 140.8147
2.886234, 1.624419, 8.261001, 376.6935, 140.9505
2.886234, 1.414419, 8.261001, 376.6935, 157.4837
2.68733, 1.414419, 8.240095, 361.3666, 157.5456
2.68733, 1.624419, 8.240095, 361.3666, 140.9669
box_7_litchi(Clone) stack 9 Shelf_1 Rack_0_0_0
2.878059, 1.834419, 8.25176, 376.215, 124.4044
2.67809, 1.834419, 8.24827, 360.5075, 124.3995
2.674599, 1.834419, 8.44824, 357.1531, 124.671
2.874569, 1.834419, 8.451731, 372.4599, 124.6756
2.674599, 1.834419, 8.44824, 357.1531, 124.671
2.674599, 1.624419, 8.44824, 357.1531, 140.8078
2.874569, 1.624419, 8.451731, 372.4599, 140.8052
2.874569, 1.834419, 8.451731, 372.4599, 124.6756
2.874569, 1.834419, 8.451731, 372.4599, 124.6756
2.874569, 1.624419, 8.451731, 372.4599, 140.8052
2.878059, 1.624419, 8.25176, 376.215, 140.9577
2.878059, 1.834419, 8.25176, 376.215, 124.4044
2.67809, 1.624419, 8.24827, 360.5075, 140.9604
2.878059, 1.624419, 8.25176, 376.215, 140.9577
2.874569, 1.624419, 8.451731, 372.4599, 140.8052
2.674599, 1.624419, 8.44824, 357.1531, 140.8078
2.67809, 1.834419, 8.24827, 360.5075, 124.3995
2.67809, 1.624419, 8.24827, 360.5075, 140.9604
2.674599, 1.624419, 8.44824, 357.1531, 140.8078
2.674599, 1.834419, 8.44824, 357.1531, 124.671
2.878059, 1.834419, 8.25176, 376.215, 124.4044
2.878059, 1.624419, 8.25176, 376.215, 140.9577
2.67809, 1.624419, 8.24827, 360.5075, 140.9604
2.67809, 1.834419, 8.24827, 360.5075, 124.3995
box_7_litchi(Clone) stack 9 Shelf_1 Rack_0_0_0
2.879758, 2.044419, 8.253551, 376.3168, 107.8574
2.67988, 2.044419, 8.246572, 360.6757, 107.8325
2.6729, 2.044419, 8.446449, 357.0494, 108.5281
2.872778, 2.044419, 8.453429, 372.2936, 108.5518
2.6729, 2.044419, 8.446449, 357.0494, 108.5281
2.6729, 1.834419, 8.446449, 357.0494, 124.6686
2.872778, 1.834419, 8.453429, 372.2936, 124.6779
2.872778, 2.044419, 8.453429, 372.2936, 108.5518
2.872778, 2.044419, 8.453429, 372.2936, 108.5518
2.872778, 1.834419, 8.453429, 372.2936, 124.6779
2.879758, 1.834419, 8.253551, 376.3168, 124.4069
2.879758, 2.044419, 8.253551, 376.3168, 107.8574
2.67988, 1.834419, 8.246572, 360.6757, 124.3971
2.879758, 1.834419, 8.253551, 376.3168, 124.4069
2.872778, 1.834419, 8.453429, 372.2936, 124.6779
2.6729, 1.834419, 8.446449, 357.0494, 124.6686
2.67988, 2.044419, 8.246572, 360.6757, 107.8325
2.67988, 1.834419, 8.246572, 360.6757, 124.3971
2.6729, 1.834419, 8.446449, 357.0494, 124.6686
2.6729, 2.044419, 8.446449, 357.0494, 108.5281
2.879758, 2.044419, 8.253551, 376.3168, 107.8574
2.879758, 1.834419, 8.253551, 376.3168, 124.4069
2.67988, 1.834419, 8.246572, 360.6757, 124.3971
2.67988, 2.044419, 8.246572, 360.6757, 107.8325
box_6_melody(Clone) stack 13 Shelf_2 Rack_0_0_0
1.703699, 2.576536, 8.220205, 283.8273, 65.61905
1.504795, 2.576536, 8.241111, 268.006, 65.80988
1.529881, 2.576536, 8.479795, 269.0733, 67.91638
1.728786, 2.576536, 8.45889, 284.4144, 67.73701
1.529881, 2.576536, 8.479795, 269.0733, 67.91638
1.529881, 2.389036, 8.479795, 269.0733, 82.26625
1.728786, 2.389036, 8.45889, 284.4144, 82.12526
1.728786, 2.576536, 8.45889, 284.4144, 67.73701
1.728786, 2.576536, 8.45889, 284.4144, 67.73701
1.728786, 2.389036, 8.45889, 284.4144, 82.12526
1.703699, 2.389036, 8.220205, 283.8273, 80.46034
1.703699, 2.576536, 8.220205, 283.8273, 65.61905
1.504795, 2.389036, 8.241111, 268.006, 80.61034
1.703699, 2.389036, 8.220205, 283.8273, 80.46034
1.728786, 2.389036, 8.45889, 284.4144, 82.12526
1.529881, 2.389036, 8.479795, 269.0733, 82.26625
1.504795, 2.576536, 8.241111, 268.006, 65.80988
1.504795, 2.389036, 8.241111, 268.006, 80.61034
1.529881, 2.389036, 8.479795, 269.0733, 82.26625
1.529881, 2.576536, 8.479795, 269.0733, 67.91638
1.703699, 2.576536, 8.220205, 283.8273, 65.61905
1.703699, 2.389036, 8.220205, 283.8273, 80.46034
1.504795, 2.389036, 8.241111, 268.006, 80.61034
1.504795, 2.576536, 8.241111, 268.006, 65.80988
box_8_lizol(Clone) stack 14 Shelf_2 Rack_0_0_0
1.35013, 2.565368, 8.237725, 255.8045, 66.661
1.151226, 2.565368, 8.21682, 240.0971, 66.47243
1.125427, 2.565368, 8.462276, 238.1152, 68.62276
1.324332, 2.565368, 8.483181, 253.3363, 68.7997
1.125427, 2.565368, 8.462276, 238.1152, 68.62276
1.125427, 2.389118, 8.462276, 238.1152, 82.14185
1.324332, 2.389118, 8.483181, 253.3363, 82.28275
1.324332, 2.565368, 8.483181, 253.3363, 68.7997
1.324332, 2.565368, 8.483181, 253.3363, 68.7997
1.324332, 2.389118, 8.483181, 253.3363, 82.28275
1.35013, 2.389118, 8.237725, 255.8045, 80.57964
1.35013, 2.565368, 8.237725, 255.8045, 66.661
1.151226, 2.389118, 8.21682, 240.0971, 80.42947
1.35013, 2.389118, 8.237725, 255.8045, 80.57964
1.324332, 2.389118, 8.483181, 253.3363, 82.28275
1.125427, 2.389118, 8.462276, 238.1152, 82.14185
1.151226, 2.565368, 8.21682, 240.0971, 66.47243
1.151226, 2.389118, 8.21682, 240.0971, 80.42947
1.125427, 2.389118, 8.462276, 238.1152, 82.14185
1.125427, 2.565368, 8.462276, 238.1152, 68.62276
1.35013, 2.565368, 8.237725, 255.8045, 66.661
1.35013, 2.389118, 8.237725, 255.8045, 80.57964
1.151226, 2.389118, 8.21682, 240.0971, 80.42947
1.151226, 2.565368, 8.21682, 240.0971, 66.47243
box_8_lizol(Clone) stack 14 Shelf_2 Rack_0_0_0
1.346143, 2.741618, 8.233872, 255.4975, 52.70061
1.146631, 2.741618, 8.219921, 239.7333, 52.54915
1.129414, 2.741618, 8.466128, 238.4218, 55.14302
1.328927, 2.741618, 8.48008, 253.6933, 55.28513
1.129414, 2.741618, 8.466128, 238.4218, 55.14302
1.129414, 2.565368, 8.466128, 238.4218, 68.65544
1.328927, 2.565368, 8.48008, 253.6933, 68.7735
1.328927, 2.741618, 8.48008, 253.6933, 55.28513
1.328927, 2.741618, 8.48008, 253.6933, 55.28513
1.328927, 2.565368, 8.48008, 253.6933, 68.7735
1.346143, 2.565368, 8.233872, 255.4975, 66.62631
1.346143, 2.741618, 8.233872, 255.4975, 52.70061
1.146631, 2.565368, 8.219921, 239.7333, 66.50047
1.346143, 2.565368, 8.233872, 255.4975, 66.62631
1.328927, 2.565368, 8.48008, 253.6933, 68.7735
1.129414, 2.565368, 8.466128, 238.4218, 68.65544
1.146631, 2.741618, 8.219921, 239.7333, 52.54915
1.146631, 2.565368, 8.219921, 239.7333, 66.50047
1.129414, 2.565368, 8.466128, 238.4218, 68.65544
1.129414, 2.741618, 8.466128, 238.4218, 55.14302
1.346143, 2.741618, 8.233872, 255.4975, 52.70061
1.346143, 2.565368, 8.233872, 255.4975, 66.62631
1.146631, 2.565368, 8.219921, 239.7333, 66.50047
1.146631, 2.741618, 8.219921, 239.7333, 52.54915
box_5_LMRR(Clone) stack 15 Shelf_0 Rack_0_0_1
0.63816, 0.162368, 8.198221, 199.3682, 257.063
0.4392556, 0.162368, 8.219127, 183.7341, 256.7263
0.4689637, 0.162368, 8.50178, 188.0243, 252.3499
0.667868, 0.162368, 8.480874, 203.1063, 252.6628
0.4689637, 0.162368, 8.50178, 188.0243, 252.3499
0.4689637, 0.019868, 8.50178, 188.0243, 263.2253
0.667868, 0.019868, 8.480874, 203.1063, 263.5672
0.667868, 0.162368, 8.480874, 203.1063, 252.6628
0.667868, 0.162368, 8.480874, 203.1063, 252.6628
0.667868, 0.019868, 8.480874, 203.1063, 263.5672
0.63816, 0.019868, 8.198221, 199.3682, 268.3752
0.63816, 0.162368, 8.198221, 199.3682, 257.063
0.4392556, 0.019868, 8.219127, 183.7341, 268.0073
0.63816, 0.019868, 8.198221, 199.3682, 268.3752
0.667868, 0.019868, 8.480874, 203.1063, 263.5672
0.4689637, 0.019868, 8.50178, 188.0243, 263.2253
0.4392556, 0.162368, 8.219127, 183.7341, 256.7263
0.4392556, 0.019868, 8.219127, 183.7341, 268.0073
0.4689637, 0.019868, 8.50178, 188.0243, 263.2253
0.4689637, 0.162368, 8.50178, 188.0243, 252.3499
0.63816, 0.162368, 8.198221, 199.3682, 257.063
0.63816, 0.019868, 8.198221, 199.3682, 268.3752
0.4392556, 0.019868, 8.219127, 183.7341, 268.0073
0.4392556, 0.162368, 8.219127, 183.7341, 256.7263
box_5_LMRR(Clone) stack 15 Shelf_0 Rack_0_0_1
0.640796, 0.304868, 8.19972, 199.5855, 245.7289
0.441557, 0.304868, 8.217152, 183.9017, 245.4741
0.4663276, 0.304868, 8.50028, 187.8131, 241.4948
0.6655666, 0.304868, 8.482849, 202.9395, 241.7315
0.4663276, 0.304868, 8.50028, 187.8131, 241.4948
0.4663276, 0.162368, 8.50028, 187.8131, 252.3723
0.6655666, 0.162368, 8.482849, 202.9395, 252.6332
0.6655666, 0.304868, 8.482849, 202.9395, 241.7315
0.6655666, 0.304868, 8.482849, 202.9395, 241.7315
0.6655666, 0.162368, 8.482849, 202.9395, 252.6332
0.640796, 0.162368, 8.19972, 199.5855, 257.0388
0.640796, 0.304868, 8.19972, 199.5855, 245.7289
0.441557, 0.162368, 8.217152, 183.9017, 256.7581
0.640796, 0.162368, 8.19972, 199.5855, 257.0388
0.6655666, 0.162368, 8.482849, 202.9395, 252.6332
0.4663276, 0.162368, 8.50028, 187.8131, 252.3723
0.441557, 0.304868, 8.217152, 183.9017, 245.4741
0.441557, 0.162368, 8.217152, 183.9017, 256.7581
0.4663276, 0.162368, 8.50028, 187.8131, 252.3723
0.4663276, 0.304868, 8.50028, 187.8131, 241.4948
0.640796, 0.304868, 8.19972, 199.5855, 245.7289
0.640796, 0.162368, 8.19972, 199.5855, 257.0388
0.441557, 0.162368, 8.217152, 183.9017, 256.7581
0.441557, 0.304868, 8.217152, 183.9017, 245.4741
box_5_LMRR(Clone) stack 15 Shelf_0 Rack_0_0_1
0.6560267, 0.447368, 8.209662, 200.8458, 234.2884
0.4560571, 0.447368, 8.206172, 184.9701, 234.3342
0.451097, 0.447368, 8.490338, 186.583, 230.7384
0.6510665, 0.447368, 8.493829, 201.8836, 230.6959
0.451097, 0.447368, 8.490338, 186.583, 230.7384
0.451097, 0.304868, 8.490338, 186.583, 241.6297
0.6510665, 0.304868, 8.493829, 201.8836, 241.5823
0.6510665, 0.447368, 8.493829, 201.8836, 230.6959
0.6510665, 0.447368, 8.493829, 201.8836, 230.6959
0.6510665, 0.304868, 8.493829, 201.8836, 241.5823
0.6560267, 0.3048679, 8.209662, 200.8458, 245.5834
0.6560267, 0.447368, 8.209662, 200.8458, 234.2884
0.4560571, 0.3048679, 8.206172, 184.9701, 245.6345
0.6560267, 0.3048679, 8.209662, 200.8458, 245.5834
0.6510665, 0.304868, 8.493829, 201.8836, 241.5823
0.451097, 0.304868, 8.490338, 186.583, 241.6297
0.4560571, 0.447368, 8.206172, 184.9701, 234.3342
0.4560571, 0.3048679, 8.206172, 184.9701, 245.6345
0.451097, 0.304868, 8.490338, 186.583, 241.6297
0.451097, 0.447368, 8.490338, 186.583, 230.7384
0.6560267, 0.447368, 8.209662, 200.8458, 234.2884
0.6560267, 0.3048679, 8.209662, 200.8458, 245.5834
0.4560571, 0.3048679, 8.206172, 184.9701, 245.6345
0.4560571, 0.447368, 8.206172, 184.9701, 234.3342
box_5_LMRR(Clone) stack 15 Shelf_0 Rack_0_0_1
0.667868, 0.5898679, 8.219127, 201.8321, 222.8834
0.4689637, 0.5898679, 8.198221, 185.9368, 223.1265
0.4392556, 0.5898679, 8.480874, 185.6124, 219.9496
0.63816, 0.5898679, 8.50178, 200.9371, 219.7237
0.4392556, 0.5898679, 8.480874, 185.6124, 219.9496
0.4392556, 0.4473679, 8.480874, 185.6124, 230.854
0.63816, 0.4473679, 8.50178, 200.9371, 230.5991
0.63816, 0.5898679, 8.50178, 200.9371, 219.7237
0.63816, 0.5898679, 8.50178, 200.9371, 219.7237
0.63816, 0.4473679, 8.50178, 200.9371, 230.5991
0.667868, 0.4473679, 8.219127, 201.8321, 234.1644
0.667868, 0.5898679, 8.219127, 201.8321, 222.8834
0.4689637, 0.4473679, 8.198221, 185.9368, 234.4386
0.667868, 0.4473679, 8.219127, 201.8321, 234.1644
0.63816, 0.4473679, 8.50178, 200.9371, 230.5991
0.4392556, 0.4473679, 8.480874, 185.6124, 230.854
0.4689637, 0.5898679, 8.198221, 185.9368, 223.1265
0.4689637, 0.4473679, 8.198221, 185.9368, 234.4386
0.4392556, 0.4473679, 8.480874, 185.6124, 230.854
0.4392556, 0.5898679, 8.480874, 185.6124, 219.9496
0.667868, 0.5898679, 8.219127, 201.8321, 222.8834
0.667868, 0.4473679, 8.219127, 201.8321, 234.1644
0.4689637, 0.4473679, 8.198221, 185.9368, 234.4386
0.4689637, 0.5898679, 8.198221, 185.9368, 223.1265
box_3_Hareli(Clone) stack 16 Shelf_0 Rack_0_0_1
0.2824399, 0.1692639, 8.253007, 171.6255, 255.6411
0.08393069, 0.1692639, 8.228633, 155.7106, 256.0286
0.05711944, 0.1692639, 8.446994, 156.0076, 252.6435
0.2556287, 0.1692639, 8.471368, 171.4778, 252.2773
0.05711944, 0.1692639, 8.446994, 156.0076, 252.6435
0.05711944, 0.01926387, 8.446994, 156.0076, 264.1716
0.2556287, 0.01926387, 8.471368, 171.4778, 263.7696
0.2556287, 0.1692639, 8.471368, 171.4778, 252.2773
0.2556287, 0.1692639, 8.471368, 171.4778, 252.2773
0.2556287, 0.01926387, 8.471368, 171.4778, 263.7696
0.2824399, 0.01926387, 8.253007, 171.6255, 267.463
0.2824399, 0.1692639, 8.253007, 171.6255, 255.6411
0.08393069, 0.01926387, 8.228633, 155.7106, 267.8885
0.2824399, 0.01926387, 8.253007, 171.6255, 267.463
0.2556287, 0.01926387, 8.471368, 171.4778, 263.7696
0.05711944, 0.01926387, 8.446994, 156.0076, 264.1716
0.08393069, 0.1692639, 8.228633, 155.7106, 256.0286
0.08393069, 0.01926387, 8.228633, 155.7106, 267.8885
0.05711944, 0.01926387, 8.446994, 156.0076, 264.1716
0.05711944, 0.1692639, 8.446994, 156.0076, 252.6435
0.2824399, 0.1692639, 8.253007, 171.6255, 255.6411
0.2824399, 0.01926387, 8.253007, 171.6255, 267.463
0.08393069, 0.01926387, 8.228633, 155.7106, 267.8885
0.08393069, 0.1692639, 8.228633, 155.7106, 256.0286
box_6_melody(Clone) stack 17 Shelf_0 Rack_0_0_1
-0.1172183, 0.2073492, 8.224931, 139.7577, 253.075
-0.3169442, 0.2073492, 8.235398, 124.1185, 252.9122
-0.3043836, 0.2073492, 8.47507, 128.6251, 249.3054
-0.1046577, 0.2073492, 8.464602, 143.7914, 249.4583
-0.3043836, 0.2073492, 8.47507, 128.6251, 249.3054
-0.3043836, 0.01984931, 8.47507, 128.6251, 263.6639
-0.1046577, 0.01984931, 8.464602, 143.7914, 263.836
-0.1046577, 0.2073492, 8.464602, 143.7914, 249.4583
-0.1046577, 0.2073492, 8.464602, 143.7914, 249.4583
-0.1046577, 0.01984931, 8.464602, 143.7914, 263.836
-0.1172183, 0.01984931, 8.224931, 139.7577, 267.907
-0.1172183, 0.2073492, 8.224931, 139.7577, 253.075
-0.3169442, 0.01984931, 8.235398, 124.1185, 267.7238
-0.1172183, 0.01984931, 8.224931, 139.7577, 267.907
-0.1046577, 0.01984931, 8.464602, 143.7914, 263.836
-0.3043836, 0.01984931, 8.47507, 128.6251, 263.6639
-0.3169442, 0.2073492, 8.235398, 124.1185, 252.9122
-0.3169442, 0.01984931, 8.235398, 124.1185, 267.7238
-0.3043836, 0.01984931, 8.47507, 128.6251, 263.6639
-0.3043836, 0.2073492, 8.47507, 128.6251, 249.3054
-0.1172183, 0.2073492, 8.224931, 139.7577, 253.075
-0.1172183, 0.01984931, 8.224931, 139.7577, 267.907
-0.3169442, 0.01984931, 8.235398, 124.1185, 267.7238
-0.3169442, 0.2073492, 8.235398, 124.1185, 252.9122
box_6_melody(Clone) stack 17 Shelf_0 Rack_0_0_1
-0.1238922, 0.3948492, 8.220205, 139.167, 238.3073
-0.3227966, 0.3948492, 8.241111, 123.7436, 238.0232
-0.2977097, 0.3948492, 8.479795, 129.203, 234.8866
-0.09880532, 0.3948492, 8.45889, 144.1702, 235.1537
-0.2977097, 0.3948492, 8.479795, 129.203, 234.8866
-0.2977097, 0.2073492, 8.479795, 129.203, 249.2365
-0.09880532, 0.2073492, 8.45889, 144.1702, 249.5419
-0.09880532, 0.3948492, 8.45889, 144.1702, 235.1537
-0.09880532, 0.3948492, 8.45889, 144.1702, 235.1537
-0.09880532, 0.2073492, 8.45889, 144.1702, 249.5419
-0.1238922, 0.2073492, 8.220205, 139.167, 253.1486
-0.1238922, 0.3948492, 8.220205, 139.167, 238.3073
-0.3227966, 0.2073492, 8.241111, 123.7436, 252.8236
-0.1238922, 0.2073492, 8.220205, 139.167, 253.1486
-0.09880532, 0.2073492, 8.45889, 144.1702, 249.5419
-0.2977097, 0.2073492, 8.479795, 129.203, 249.2365
-0.3227966, 0.3948492, 8.241111, 123.7436, 238.0232
-0.3227966, 0.2073492, 8.241111, 123.7436, 252.8236
-0.2977097, 0.2073492, 8.479795, 129.203, 249.2365
-0.2977097, 0.3948492, 8.479795, 129.203, 234.8866
-0.1238922, 0.3948492, 8.220205, 139.167, 238.3073
-0.1238922, 0.2073492, 8.220205, 139.167, 253.1486
-0.3227966, 0.2073492, 8.241111, 123.7436, 252.8236
-0.3227966, 0.3948492, 8.241111, 123.7436, 238.0232
box_6_melody(Clone) stack 17 Shelf_0 Rack_0_0_1
-0.1007228, 0.5823491, 8.239173, 141.248, 223.2452
-0.2999617, 0.5823491, 8.221742, 125.2537, 223.4481
-0.3208791, 0.5823491, 8.460828, 127.1568, 220.7442
-0.1216402, 0.5823491, 8.478259, 142.659, 220.5535
-0.3208791, 0.5823491, 8.460828, 127.1568, 220.7442
-0.3208791, 0.3948492, 8.460828, 127.1568, 235.1289
-0.1216402, 0.3948492, 8.478259, 142.659, 234.9062
-0.1216402, 0.5823491, 8.478259, 142.659, 220.5535
-0.1216402, 0.5823491, 8.478259, 142.659, 220.5535
-0.1216402, 0.3948492, 8.478259, 142.659, 234.9062
-0.1007228, 0.3948492, 8.239173, 141.248, 238.0495
-0.1007228, 0.5823491, 8.239173, 141.248, 223.2452
-0.2999617, 0.3948492, 8.221742, 125.2537, 238.2864
-0.1007228, 0.3948492, 8.239173, 141.248, 238.0495
-0.1216402, 0.3948492, 8.478259, 142.659, 234.9062
-0.3208791, 0.3948492, 8.460828, 127.1568, 235.1289
-0.2999617, 0.5823491, 8.221742, 125.2537, 223.4481
-0.2999617, 0.3948492, 8.221742, 125.2537, 238.2864
-0.3208791, 0.3948492, 8.460828, 127.1568, 235.1289
-0.3208791, 0.5823491, 8.460828, 127.1568, 220.7442
-0.1007228, 0.5823491, 8.239173, 141.248, 223.2452
-0.1007228, 0.3948492, 8.239173, 141.248, 238.0495
-0.2999617, 0.3948492, 8.221742, 125.2537, 238.2864
-0.2999617, 0.5823491, 8.221742, 125.2537, 223.4481
box_6_melody(Clone) stack 17 Shelf_0 Rack_0_0_1
-0.1194153, 0.7698491, 8.223317, 139.5626, 208.5945
-0.3189281, 0.7698491, 8.237268, 123.9903, 208.4594
-0.3021866, 0.7698491, 8.476684, 128.8163, 206.2151
-0.1026738, 0.7698491, 8.462732, 143.9205, 206.3422
-0.3021866, 0.7698491, 8.476684, 128.8163, 206.2151
-0.3021866, 0.5823491, 8.476684, 128.8163, 220.5707
-0.1026738, 0.5823491, 8.462732, 143.9205, 220.7233
-0.1026738, 0.7698491, 8.462732, 143.9205, 206.3422
-0.1026738, 0.7698491, 8.462732, 143.9205, 206.3422
-0.1026738, 0.5823491, 8.462732, 143.9205, 220.7233
-0.1194153, 0.5823491, 8.223317, 139.5626, 223.4297
-0.1194153, 0.7698491, 8.223317, 139.5626, 208.5945
-0.3189281, 0.5823491, 8.237268, 123.9903, 223.2673
-0.1194153, 0.5823491, 8.223317, 139.5626, 223.4297
-0.1026738, 0.5823491, 8.462732, 143.9205, 220.7233
-0.3021866, 0.5823491, 8.476684, 128.8163, 220.5707
-0.3189281, 0.7698491, 8.237268, 123.9903, 208.4594
-0.3189281, 0.5823491, 8.237268, 123.9903, 223.2673
-0.3021866, 0.5823491, 8.476684, 128.8163, 220.5707
-0.3021866, 0.7698491, 8.476684, 128.8163, 206.2151
-0.1194153, 0.7698491, 8.223317, 139.5626, 208.5945
-0.1194153, 0.5823491, 8.223317, 139.5626, 223.4297
-0.3189281, 0.5823491, 8.237268, 123.9903, 223.2673
-0.3189281, 0.7698491, 8.237268, 123.9903, 208.4594
box_3_Hareli(Clone) stack 18 Shelf_0 Rack_0_0_1
-0.5047066, 0.1692639, 8.23015, 109.1958, 256.0044
-0.703611, 0.1692639, 8.251056, 93.87487, 255.6721
-0.6806147, 0.1692639, 8.469851, 99.72035, 252.3
-0.4817103, 0.1692639, 8.448945, 114.6276, 252.6141
-0.6806147, 0.1692639, 8.469851, 99.72035, 252.3
-0.6806147, 0.01926387, 8.469851, 99.72035, 263.7945
-0.4817103, 0.01926387, 8.448945, 114.6276, 264.1393
-0.4817103, 0.1692639, 8.448945, 114.6276, 252.6141
-0.4817103, 0.1692639, 8.448945, 114.6276, 252.6141
-0.4817103, 0.01926387, 8.448945, 114.6276, 264.1393
-0.5047066, 0.01926387, 8.23015, 109.1958, 267.8619
-0.5047066, 0.1692639, 8.23015, 109.1958, 256.0044
-0.703611, 0.01926387, 8.251056, 93.87487, 267.497
-0.5047066, 0.01926387, 8.23015, 109.1958, 267.8619
-0.4817103, 0.01926387, 8.448945, 114.6276, 264.1393
-0.6806147, 0.01926387, 8.469851, 99.72035, 263.7945
-0.703611, 0.1692639, 8.251056, 93.87487, 255.6721
-0.703611, 0.01926387, 8.251056, 93.87487, 267.497
-0.6806147, 0.01926387, 8.469851, 99.72035, 263.7945
-0.6806147, 0.1692639, 8.469851, 99.72035, 252.3
-0.5047066, 0.1692639, 8.23015, 109.1958, 256.0044
-0.5047066, 0.01926387, 8.23015, 109.1958, 267.8619
-0.703611, 0.01926387, 8.251056, 93.87487, 267.497
-0.703611, 0.1692639, 8.251056, 93.87487, 255.6721
box_3_Hareli(Clone) stack 18 Shelf_0 Rack_0_0_1
-0.4870408, 0.3192639, 8.245385, 110.8515, 243.9283
-0.6867666, 0.3192639, 8.234918, 94.8951, 244.0784
-0.6982806, 0.3192638, 8.454616, 98.0905, 241.0118
-0.4985547, 0.3192638, 8.465083, 113.5946, 240.87
-0.6982806, 0.3192638, 8.454616, 98.0905, 241.0118
-0.6982806, 0.1692639, 8.454616, 98.0905, 252.5287
-0.4985547, 0.1692639, 8.465083, 113.5946, 252.3715
-0.4985547, 0.3192638, 8.465083, 113.5946, 240.87
-0.4985547, 0.3192638, 8.465083, 113.5946, 240.87
-0.4985547, 0.1692639, 8.465083, 113.5946, 252.3715
-0.4870408, 0.1692639, 8.245385, 110.8515, 255.762
-0.4870408, 0.3192639, 8.245385, 110.8515, 243.9283
-0.6867666, 0.1692639, 8.234918, 94.8951, 255.9285
-0.4870408, 0.1692639, 8.245385, 110.8515, 255.762
-0.4985547, 0.1692639, 8.465083, 113.5946, 252.3715
-0.6982806, 0.1692639, 8.454616, 98.0905, 252.5287
-0.6867666, 0.3192639, 8.234918, 94.8951, 244.0784
-0.6867666, 0.1692639, 8.234918, 94.8951, 255.9285
-0.6982806, 0.1692639, 8.454616, 98.0905, 252.5287
-0.6982806, 0.3192638, 8.454616, 98.0905, 241.0118
-0.4870408, 0.3192639, 8.245385, 110.8515, 243.9283
-0.4870408, 0.1692639, 8.245385, 110.8515, 255.762
-0.6867666, 0.1692639, 8.234918, 94.8951, 255.9285
-0.6867666, 0.3192639, 8.234918, 94.8951, 244.0784
box_3_Hareli(Clone) stack 18 Shelf_0 Rack_0_0_1
-0.4888826, 0.4692639, 8.243557, 110.6751, 232.118
-0.6887608, 0.4692639, 8.236577, 94.76928, 232.2072
-0.6964387, 0.4692639, 8.456444, 98.26507, 229.4729
-0.4965605, 0.4692639, 8.463424, 113.7207, 229.3886
-0.6964387, 0.4692639, 8.456444, 98.26507, 229.4729
-0.6964387, 0.3192639, 8.456444, 98.26507, 240.987
-0.4965605, 0.3192639, 8.463424, 113.7207, 240.8925
-0.4965605, 0.4692639, 8.463424, 113.7207, 229.3886
-0.4965605, 0.4692639, 8.463424, 113.7207, 229.3886
-0.4965605, 0.3192639, 8.463424, 113.7207, 240.8925
-0.4888826, 0.3192638, 8.243557, 110.6751, 243.9545
-0.4888826, 0.4692639, 8.243557, 110.6751, 232.118
-0.6887608, 0.3192638, 8.236577, 94.76928, 244.0546
-0.4888826, 0.3192638, 8.243557, 110.6751, 243.9545
-0.4965605, 0.3192639, 8.463424, 113.7207, 240.8925
-0.6964387, 0.3192639, 8.456444, 98.26507, 240.987
-0.6887608, 0.4692639, 8.236577, 94.76928, 232.2072
-0.6887608, 0.3192638, 8.236577, 94.76928, 244.0546
-0.6964387, 0.3192639, 8.456444, 98.26507, 240.987
-0.6964387, 0.4692639, 8.456444, 98.26507, 229.4729
-0.4888826, 0.4692639, 8.243557, 110.6751, 232.118
-0.4888826, 0.3192638, 8.243557, 110.6751, 243.9545
-0.6887608, 0.3192638, 8.236577, 94.76928, 244.0546
-0.6887608, 0.4692639, 8.236577, 94.76928, 232.2072
box_3_Hareli(Clone) stack 18 Shelf_0 Rack_0_0_1
-0.4852311, 0.6192639, 8.247244, 111.0258, 220.24
-0.6847438, 0.6192639, 8.233293, 95.02387, 220.3967
-0.7000903, 0.6192639, 8.452757, 97.91777, 217.9978
-0.5005775, 0.6192639, 8.466708, 113.4658, 217.8499
-0.7000903, 0.6192639, 8.452757, 97.91777, 217.9978
-0.7000903, 0.4692639, 8.452757, 97.91777, 229.5174
-0.5005775, 0.4692639, 8.466708, 113.4658, 229.349
-0.5005775, 0.6192639, 8.466708, 113.4658, 217.8499
-0.5005775, 0.6192639, 8.466708, 113.4658, 217.8499
-0.5005775, 0.4692639, 8.466708, 113.4658, 229.349
-0.4852311, 0.4692638, 8.247244, 111.0258, 232.0709
-0.4852311, 0.6192639, 8.247244, 111.0258, 220.24
-0.6847438, 0.4692638, 8.233293, 95.02387, 232.2492
-0.4852311, 0.4692638, 8.247244, 111.0258, 232.0709
-0.5005775, 0.4692639, 8.466708, 113.4658, 229.349
-0.7000903, 0.4692639, 8.452757, 97.91777, 229.5174
-0.6847438, 0.6192639, 8.233293, 95.02387, 220.3967
-0.6847438, 0.4692638, 8.233293, 95.02387, 232.2492
-0.7000903, 0.4692639, 8.452757, 97.91777, 229.5174
-0.7000903, 0.6192639, 8.452757, 97.91777, 217.9978
-0.4852311, 0.6192639, 8.247244, 111.0258, 220.24
-0.4852311, 0.4692638, 8.247244, 111.0258, 232.0709
-0.6847438, 0.4692638, 8.233293, 95.02387, 232.2492
-0.6847438, 0.6192639, 8.233293, 95.02387, 220.3967
box_3_Hareli(Clone) stack 18 Shelf_0 Rack_0_0_1
-0.4926607, 0.7692639, 8.240001, 110.3163, 208.4792
-0.6926607, 0.7692639, 8.240001, 94.52681, 208.4792
-0.6926607, 0.7692639, 8.46, 98.6194, 206.412
-0.4926607, 0.7692639, 8.46, 113.9647, 206.412
-0.6926607, 0.7692639, 8.46, 98.6194, 206.412
-0.6926607, 0.6192638, 8.46, 98.6194, 217.9209
-0.4926607, 0.6192638, 8.46, 113.9647, 217.9209
-0.4926607, 0.7692639, 8.46, 113.9647, 206.412
-0.4926607, 0.7692639, 8.46, 113.9647, 206.412
-0.4926607, 0.6192638, 8.46, 113.9647, 217.9209
-0.4926607, 0.6192638, 8.240001, 110.3163, 220.3213
-0.4926607, 0.7692639, 8.240001, 110.3163, 208.4792
-0.6926607, 0.6192638, 8.240001, 94.52681, 220.3213
-0.4926607, 0.6192638, 8.240001, 110.3163, 220.3213
-0.4926607, 0.6192638, 8.46, 113.9647, 217.9209
-0.6926607, 0.6192638, 8.46, 98.6194, 217.9209
-0.6926607, 0.7692639, 8.240001, 94.52681, 208.4792
-0.6926607, 0.6192638, 8.240001, 94.52681, 220.3213
-0.6926607, 0.6192638, 8.46, 98.6194, 217.9209
-0.6926607, 0.7692639, 8.46, 98.6194, 206.412
-0.4926607, 0.7692639, 8.240001, 110.3163, 208.4792
-0.4926607, 0.6192638, 8.240001, 110.3163, 220.3213
-0.6926607, 0.6192638, 8.240001, 94.52681, 220.3213
-0.6926607, 0.7692639, 8.240001, 94.52681, 208.4792
box_3_Hareli(Clone) stack 19 Shelf_1 Rack_0_0_1
0.6594669, 1.353857, 8.231704, 201.2314, 162.3569
0.4602279, 1.353857, 8.249134, 185.6097, 162.2943
0.4794022, 1.353857, 8.468297, 188.602, 161.5301
0.6786411, 1.353857, 8.450867, 203.7921, 161.5893
0.4794022, 1.353857, 8.468297, 188.602, 161.5301
0.4794022, 1.203857, 8.468297, 188.602, 173.0269
0.6786411, 1.203857, 8.450867, 203.7921, 173.1117
0.6786411, 1.353857, 8.450867, 203.7921, 161.5893
0.6786411, 1.353857, 8.450867, 203.7921, 161.5893
0.6786411, 1.203857, 8.450867, 203.7921, 173.1117
0.6594669, 1.203857, 8.231704, 201.2314, 174.212
0.6594669, 1.353857, 8.231704, 201.2314, 162.3569
0.4602279, 1.203857, 8.249134, 185.6097, 174.1221
0.6594669, 1.203857, 8.231704, 201.2314, 174.212
0.6786411, 1.203857, 8.450867, 203.7921, 173.1117
0.4794022, 1.203857, 8.468297, 188.602, 173.0269
0.4602279, 1.353857, 8.249134, 185.6097, 162.2943
0.4602279, 1.203857, 8.249134, 185.6097, 174.1221
0.4794022, 1.203857, 8.468297, 188.602, 173.0269
0.4794022, 1.353857, 8.468297, 188.602, 161.5301
0.6594669, 1.353857, 8.231704, 201.2314, 162.3569
0.6594669, 1.203857, 8.231704, 201.2314, 174.212
0.4602279, 1.203857, 8.249134, 185.6097, 174.1221
0.4602279, 1.353857, 8.249134, 185.6097, 162.2943
box_3_Hareli(Clone) stack 19 Shelf_1 Rack_0_0_1
0.6786411, 1.503857, 8.249134, 202.8321, 150.4664
0.4794022, 1.503857, 8.231704, 187.0002, 150.5019
0.4602279, 1.503857, 8.450867, 187.0144, 150.0669
0.6594669, 1.503857, 8.468297, 202.4031, 150.0334
0.4602279, 1.503857, 8.450867, 187.0144, 150.0669
0.4602279, 1.353857, 8.450867, 187.0144, 161.5893
0.6594669, 1.353857, 8.468297, 202.4031, 161.5301
0.6594669, 1.503857, 8.468297, 202.4031, 150.0334
0.6594669, 1.503857, 8.468297, 202.4031, 150.0334
0.6594669, 1.353857, 8.468297, 202.4031, 161.5301
0.6786411, 1.353857, 8.249134, 202.8321, 162.2943
0.6786411, 1.503857, 8.249134, 202.8321, 150.4664
0.4794022, 1.353857, 8.231704, 187.0002, 162.3569
0.6786411, 1.353857, 8.249134, 202.8321, 162.2943
0.6594669, 1.353857, 8.468297, 202.4031, 161.5301
0.4602279, 1.353857, 8.450867, 187.0144, 161.5893
0.4794022, 1.503857, 8.231704, 187.0002, 150.5019
0.4794022, 1.353857, 8.231704, 187.0002, 162.3569
0.4602279, 1.353857, 8.450867, 187.0144, 161.5893
0.4602279, 1.503857, 8.450867, 187.0144, 150.0669
0.6786411, 1.503857, 8.249134, 202.8321, 150.4664
0.6786411, 1.353857, 8.249134, 202.8321, 162.2943
0.4794022, 1.353857, 8.231704, 187.0002, 162.3569
0.4794022, 1.503857, 8.231704, 187.0002, 150.5019
box_3_Hareli(Clone) stack 19 Shelf_1 Rack_0_0_1
0.6786411, 1.653857, 8.249134, 202.8321, 138.6385
0.4794022, 1.653857, 8.231704, 187.0002, 138.6468
0.4602279, 1.653857, 8.450867, 187.0144, 138.5445
0.6594669, 1.653857, 8.468297, 202.4031, 138.5366
0.4602279, 1.653857, 8.450867, 187.0144, 138.5445
0.4602279, 1.503857, 8.450867, 187.0144, 150.0669
0.6594669, 1.503857, 8.468297, 202.4031, 150.0334
0.6594669, 1.653857, 8.468297, 202.4031, 138.5366
0.6594669, 1.653857, 8.468297, 202.4031, 138.5366
0.6594669, 1.503857, 8.468297, 202.4031, 150.0334
0.6786411, 1.503857, 8.249134, 202.8321, 150.4664
0.6786411, 1.653857, 8.249134, 202.8321, 138.6385
0.4794022, 1.503857, 8.231704, 187.0002, 150.5019
0.6786411, 1.503857, 8.249134, 202.8321, 150.4664
0.6594669, 1.503857, 8.468297, 202.4031, 150.0334
0.4602279, 1.503857, 8.450867, 187.0144, 150.0669
0.4794022, 1.653857, 8.231704, 187.0002, 138.6468
0.4794022, 1.503857, 8.231704, 187.0002, 150.5019
0.4602279, 1.503857, 8.450867, 187.0144, 150.0669
0.4602279, 1.653857, 8.450867, 187.0144, 138.5445
0.6786411, 1.653857, 8.249134, 202.8321, 138.6385
0.6786411, 1.503857, 8.249134, 202.8321, 150.4664
0.4794022, 1.503857, 8.231704, 187.0002, 150.5019
0.4794022, 1.653857, 8.231704, 187.0002, 138.6468
box_3_Hareli(Clone) stack 19 Shelf_1 Rack_0_0_1
0.6768641, 1.803857, 8.247244, 202.6828, 126.8085
0.4773513, 1.803857, 8.233293, 186.8493, 126.7935
0.4620049, 1.803857, 8.452757, 187.1637, 127.024
0.6615177, 1.803857, 8.466708, 202.5527, 127.0383
0.4620049, 1.803857, 8.452757, 187.1637, 127.024
0.4620049, 1.653857, 8.452757, 187.1637, 138.5436
0.6615177, 1.653857, 8.466708, 202.5527, 138.5373
0.6615177, 1.803857, 8.466708, 202.5527, 127.0383
0.6615177, 1.803857, 8.466708, 202.5527, 127.0383
0.6615177, 1.653857, 8.466708, 202.5527, 138.5373
0.6768641, 1.653857, 8.247244, 202.6828, 138.6394
0.6768641, 1.803857, 8.247244, 202.6828, 126.8085
0.4773513, 1.653857, 8.233293, 186.8493, 138.6461
0.6768641, 1.653857, 8.247244, 202.6828, 138.6394
0.6615177, 1.653857, 8.466708, 202.5527, 138.5373
0.4620049, 1.653857, 8.452757, 187.1637, 138.5436
0.4773513, 1.803857, 8.233293, 186.8493, 126.7935
0.4773513, 1.653857, 8.233293, 186.8493, 138.6461
0.4620049, 1.653857, 8.452757, 187.1637, 138.5436
0.4620049, 1.803857, 8.452757, 187.1637, 127.024
0.6768641, 1.803857, 8.247244, 202.6828, 126.8085
0.6768641, 1.653857, 8.247244, 202.6828, 138.6394
0.4773513, 1.653857, 8.233293, 186.8493, 138.6461
0.4773513, 1.803857, 8.233293, 186.8493, 126.7935
box_3_Hareli(Clone) stack 19 Shelf_1 Rack_0_0_1
0.671339, 1.953857, 8.241762, 202.2197, 114.9633
0.4713695, 1.953857, 8.238272, 186.4117, 114.9541
0.46753, 1.953857, 8.458239, 187.6248, 115.5181
0.6674995, 1.953857, 8.461729, 202.9877, 115.5268
0.46753, 1.953857, 8.458239, 187.6248, 115.5181
0.46753, 1.803857, 8.458239, 187.6248, 127.0296
0.6674995, 1.803857, 8.461729, 202.9877, 127.0332
0.6674995, 1.953857, 8.461729, 202.9877, 115.5268
0.6674995, 1.953857, 8.461729, 202.9877, 115.5268
0.6674995, 1.803857, 8.461729, 202.9877, 127.0332
0.671339, 1.803857, 8.241762, 202.2197, 126.8026
0.671339, 1.953857, 8.241762, 202.2197, 114.9633
0.4713695, 1.803857, 8.238272, 186.4117, 126.7989
0.671339, 1.803857, 8.241762, 202.2197, 126.8026
0.6674995, 1.803857, 8.461729, 202.9877, 127.0332
0.46753, 1.803857, 8.458239, 187.6248, 127.0296
0.4713695, 1.953857, 8.238272, 186.4117, 114.9541
0.4713695, 1.803857, 8.238272, 186.4117, 126.7989
0.46753, 1.803857, 8.458239, 187.6248, 127.0296
0.46753, 1.953857, 8.458239, 187.6248, 115.5181
0.671339, 1.953857, 8.241762, 202.2197, 114.9633
0.671339, 1.803857, 8.241762, 202.2197, 126.8026
0.4713695, 1.803857, 8.238272, 186.4117, 126.7989
0.4713695, 1.953857, 8.238272, 186.4117, 114.9541
box_3_Hareli(Clone) stack 21 Shelf_1 Rack_0_0_1
-0.07153017, 1.353857, 8.247244, 143.6553, 162.301
-0.2710429, 1.353857, 8.233293, 127.7133, 162.3512
-0.2863894, 1.353858, 8.452757, 129.6889, 161.5829
-0.08687659, 1.353858, 8.466708, 145.1803, 161.5355
-0.2863894, 1.353858, 8.452757, 129.6889, 161.5829
-0.2863894, 1.203857, 8.452757, 129.6889, 173.1025
-0.08687659, 1.203857, 8.466708, 145.1803, 173.0346
-0.08687659, 1.353858, 8.466708, 145.1803, 161.5355
-0.08687659, 1.353858, 8.466708, 145.1803, 161.5355
-0.08687659, 1.203857, 8.466708, 145.1803, 173.0346
-0.07153017, 1.203857, 8.247244, 143.6553, 174.1319
-0.07153017, 1.353857, 8.247244, 143.6553, 162.301
-0.2710429, 1.203857, 8.233293, 127.7133, 174.2038
-0.07153017, 1.203857, 8.247244, 143.6553, 174.1319
-0.08687659, 1.203857, 8.466708, 145.1803, 173.0346
-0.2863894, 1.203857, 8.452757, 129.6889, 173.1025
-0.2710429, 1.353857, 8.233293, 127.7133, 162.3512
-0.2710429, 1.203857, 8.233293, 127.7133, 174.2038
-0.2863894, 1.203857, 8.452757, 129.6889, 173.1025
-0.2863894, 1.353858, 8.452757, 129.6889, 161.5829
-0.07153017, 1.353857, 8.247244, 143.6553, 162.301
-0.07153017, 1.203857, 8.247244, 143.6553, 174.1319
-0.2710429, 1.203857, 8.233293, 127.7133, 174.2038
-0.2710429, 1.353857, 8.233293, 127.7133, 162.3512
box_3_Hareli(Clone) stack 21 Shelf_1 Rack_0_0_1
-0.09100571, 1.503857, 8.23015, 141.8987, 150.505
-0.2899101, 1.503857, 8.251056, 126.488, 150.4625
-0.2669138, 1.503857, 8.469851, 131.4222, 150.0304
-0.06800944, 1.503857, 8.448945, 146.4143, 150.0706
-0.2669138, 1.503857, 8.469851, 131.4222, 150.0304
-0.2669138, 1.353857, 8.469851, 131.4222, 161.5249
-0.06800944, 1.353857, 8.448945, 146.4143, 161.5959
-0.06800944, 1.503857, 8.448945, 146.4143, 150.0706
-0.06800944, 1.503857, 8.448945, 146.4143, 150.0706
-0.06800944, 1.353857, 8.448945, 146.4143, 161.5959
-0.09100571, 1.353857, 8.23015, 141.8987, 162.3625
-0.09100571, 1.503857, 8.23015, 141.8987, 150.505
-0.2899101, 1.353857, 8.251056, 126.488, 162.2874
-0.09100571, 1.353857, 8.23015, 141.8987, 162.3625
-0.06800944, 1.353857, 8.448945, 146.4143, 161.5959
-0.2669138, 1.353857, 8.469851, 131.4222, 161.5249
-0.2899101, 1.503857, 8.251056, 126.488, 150.4625
-0.2899101, 1.353857, 8.251056, 126.488, 162.2874
-0.2669138, 1.353857, 8.469851, 131.4222, 161.5249
-0.2669138, 1.503857, 8.469851, 131.4222, 150.0304
-0.09100571, 1.503857, 8.23015, 141.8987, 150.505
-0.09100571, 1.353857, 8.23015, 141.8987, 162.3625
-0.2899101, 1.353857, 8.251056, 126.488, 162.2874
-0.2899101, 1.503857, 8.251056, 126.488, 150.4625
box_3_Hareli(Clone) stack 21 Shelf_1 Rack_0_0_1
-0.08892744, 1.653857, 8.231704, 142.0831, 138.6468
-0.2881664, 1.653857, 8.249134, 126.5969, 138.6385
-0.2689921, 1.653857, 8.468297, 131.2413, 138.5366
-0.06975318, 1.653857, 8.450867, 146.3034, 138.5445
-0.2689921, 1.653857, 8.468297, 131.2413, 138.5366
-0.2689921, 1.503857, 8.468297, 131.2413, 150.0334
-0.06975318, 1.503857, 8.450867, 146.3034, 150.0669
-0.06975318, 1.653857, 8.450867, 146.3034, 138.5445
-0.06975318, 1.653857, 8.450867, 146.3034, 138.5445
-0.06975318, 1.503857, 8.450867, 146.3034, 150.0669
-0.08892744, 1.503857, 8.231704, 142.0831, 150.5019
-0.08892744, 1.653857, 8.231704, 142.0831, 138.6468
-0.2881664, 1.503857, 8.249134, 126.5969, 150.4664
-0.08892744, 1.503857, 8.231704, 142.0831, 150.5019
-0.06975318, 1.503857, 8.450867, 146.3034, 150.0669
-0.2689921, 1.503857, 8.468297, 131.2413, 150.0334
-0.2881664, 1.653857, 8.249134, 126.5969, 138.6385
-0.2881664, 1.503857, 8.249134, 126.5969, 150.4664
-0.2689921, 1.503857, 8.468297, 131.2413, 150.0334
-0.2689921, 1.653857, 8.468297, 131.2413, 138.5366
-0.08892744, 1.653857, 8.231704, 142.0831, 138.6468
-0.08892744, 1.503857, 8.231704, 142.0831, 150.5019
-0.2881664, 1.503857, 8.249134, 126.5969, 150.4664
-0.2881664, 1.653857, 8.249134, 126.5969, 138.6385
box_3_Hareli(Clone) stack 21 Shelf_1 Rack_0_0_1
-0.08892744, 1.803857, 8.231704, 142.0831, 126.7918
-0.2881664, 1.803857, 8.249134, 126.5969, 126.8106
-0.2689921, 1.803857, 8.468297, 131.2413, 127.0399
-0.06975318, 1.803857, 8.450867, 146.3034, 127.0221
-0.2689921, 1.803857, 8.468297, 131.2413, 127.0399
-0.2689921, 1.653857, 8.468297, 131.2413, 138.5366
-0.06975318, 1.653857, 8.450867, 146.3034, 138.5445
-0.06975318, 1.803857, 8.450867, 146.3034, 127.0221
-0.06975318, 1.803857, 8.450867, 146.3034, 127.0221
-0.06975318, 1.653857, 8.450867, 146.3034, 138.5445
-0.08892744, 1.653857, 8.231704, 142.0831, 138.6468
-0.08892744, 1.803857, 8.231704, 142.0831, 126.7918
-0.2881664, 1.653857, 8.249134, 126.5969, 138.6385
-0.08892744, 1.653857, 8.231704, 142.0831, 138.6468
-0.06975318, 1.653857, 8.450867, 146.3034, 138.5445
-0.2689921, 1.653857, 8.468297, 131.2413, 138.5366
-0.2881664, 1.803857, 8.249134, 126.5969, 126.8106
-0.2881664, 1.653857, 8.249134, 126.5969, 138.6385
-0.2689921, 1.653857, 8.468297, 131.2413, 138.5366
-0.2689921, 1.803857, 8.468297, 131.2413, 127.0399
-0.08892744, 1.803857, 8.231704, 142.0831, 126.7918
-0.08892744, 1.653857, 8.231704, 142.0831, 138.6468
-0.2881664, 1.653857, 8.249134, 126.5969, 138.6385
-0.2881664, 1.803857, 8.249134, 126.5969, 126.8106
box_3_Hareli(Clone) stack 21 Shelf_1 Rack_0_0_1
-0.07705524, 1.953857, 8.241762, 143.1497, 114.9633
-0.2770248, 1.953857, 8.238272, 127.3145, 114.9541
-0.2808643, 1.953857, 8.458239, 130.1903, 115.5181
-0.08089478, 1.953857, 8.461729, 145.5788, 115.5268
-0.2808643, 1.953857, 8.458239, 130.1903, 115.5181
-0.2808643, 1.803857, 8.458239, 130.1903, 127.0296
-0.08089478, 1.803857, 8.461729, 145.5788, 127.0332
-0.08089478, 1.953857, 8.461729, 145.5788, 115.5268
-0.08089478, 1.953857, 8.461729, 145.5788, 115.5268
-0.08089478, 1.803857, 8.461729, 145.5788, 127.0332
-0.07705524, 1.803857, 8.241762, 143.1497, 126.8026
-0.07705524, 1.953857, 8.241762, 143.1497, 114.9633
-0.2770248, 1.803857, 8.238272, 127.3145, 126.7989
-0.07705524, 1.803857, 8.241762, 143.1497, 126.8026
-0.08089478, 1.803857, 8.461729, 145.5788, 127.0332
-0.2808643, 1.803857, 8.458239, 130.1903, 127.0296
-0.2770248, 1.953857, 8.238272, 127.3145, 114.9541
-0.2770248, 1.803857, 8.238272, 127.3145, 126.7989
-0.2808643, 1.803857, 8.458239, 130.1903, 127.0296
-0.2808643, 1.953857, 8.458239, 130.1903, 115.5181
-0.07705524, 1.953857, 8.241762, 143.1497, 114.9633
-0.07705524, 1.803857, 8.241762, 143.1497, 126.8026
-0.2770248, 1.803857, 8.238272, 127.3145, 126.7989
-0.2770248, 1.953857, 8.238272, 127.3145, 114.9541
box_7_litchi(Clone) stack 22 Shelf_1 Rack_0_0_1
-0.4485653, 1.414419, 8.259096, 114.1138, 157.4894
-0.6478042, 1.414419, 8.241665, 98.09918, 157.541
-0.6652354, 1.414419, 8.440905, 100.3827, 156.9652
-0.4659964, 1.414419, 8.458336, 115.9841, 156.9163
-0.6652354, 1.414419, 8.440905, 100.3827, 156.9652
-0.6652354, 1.204419, 8.440905, 100.3827, 173.1172
-0.4659964, 1.204419, 8.458336, 115.9841, 173.0322
-0.4659964, 1.414419, 8.458336, 115.9841, 156.9163
-0.4659964, 1.414419, 8.458336, 115.9841, 156.9163
-0.4659964, 1.204419, 8.458336, 115.9841, 173.0322
-0.4485653, 1.204419, 8.259096, 114.1138, 174.0268
-0.4485653, 1.414419, 8.259096, 114.1138, 157.4894
-0.6478042, 1.204419, 8.241665, 98.09918, 174.1163
-0.4485653, 1.204419, 8.259096, 114.1138, 174.0268
-0.4659964, 1.204419, 8.458336, 115.9841, 173.0322
-0.6652354, 1.204419, 8.440905, 100.3827, 173.1172
-0.6478042, 1.414419, 8.241665, 98.09918, 157.541
-0.6478042, 1.204419, 8.241665, 98.09918, 174.1163
-0.6652354, 1.204419, 8.440905, 100.3827, 173.1172
-0.6652354, 1.414419, 8.440905, 100.3827, 156.9652
-0.4485653, 1.414419, 8.259096, 114.1138, 157.4894
-0.4485653, 1.204419, 8.259096, 114.1138, 174.0268
-0.6478042, 1.204419, 8.241665, 98.09918, 174.1163
-0.6478042, 1.414419, 8.241665, 98.09918, 157.541
box_7_litchi(Clone) stack 22 Shelf_1 Rack_0_0_1
-0.4551703, 1.624419, 8.25176, 113.4718, 140.9577
-0.6551399, 1.624419, 8.24827, 97.64388, 140.9604
-0.6586303, 1.624419, 8.44824, 101.0214, 140.8078
-0.4586608, 1.624419, 8.451731, 116.4427, 140.8052
-0.6586303, 1.624419, 8.44824, 101.0214, 140.8078
-0.6586303, 1.414419, 8.44824, 101.0214, 156.9446
-0.4586608, 1.414419, 8.451731, 116.4427, 156.9348
-0.4586608, 1.624419, 8.451731, 116.4427, 140.8052
-0.4586608, 1.624419, 8.451731, 116.4427, 140.8052
-0.4586608, 1.414419, 8.451731, 116.4427, 156.9348
-0.4551703, 1.414419, 8.25176, 113.4718, 157.511
-0.4551703, 1.624419, 8.25176, 113.4718, 140.9577
-0.6551399, 1.414419, 8.24827, 97.64388, 157.5214
-0.4551703, 1.414419, 8.25176, 113.4718, 157.511
-0.4586608, 1.414419, 8.451731, 116.4427, 156.9348
-0.6586303, 1.414419, 8.44824, 101.0214, 156.9446
-0.6551399, 1.624419, 8.24827, 97.64388, 140.9604
-0.6551399, 1.414419, 8.24827, 97.64388, 157.5214
-0.6586303, 1.414419, 8.44824, 101.0214, 156.9446
-0.6586303, 1.624419, 8.44824, 101.0214, 140.8078
-0.4551703, 1.624419, 8.25176, 113.4718, 140.9577
-0.4551703, 1.414419, 8.25176, 113.4718, 157.511
-0.6551399, 1.414419, 8.24827, 97.64388, 157.5214
-0.6551399, 1.624419, 8.24827, 97.64388, 140.9604
box_7_litchi(Clone) stack 22 Shelf_1 Rack_0_0_1
-0.4485653, 1.834419, 8.259096, 114.1138, 124.4146
-0.6478042, 1.834419, 8.241665, 98.09918, 124.3903
-0.6652354, 1.834419, 8.440905, 100.3827, 124.6613
-0.4659964, 1.834419, 8.458336, 115.9841, 124.6843
-0.6652354, 1.834419, 8.440905, 100.3827, 124.6613
-0.6652354, 1.624419, 8.440905, 100.3827, 140.8132
-0.4659964, 1.624419, 8.458336, 115.9841, 140.8003
-0.4659964, 1.834419, 8.458336, 115.9841, 124.6843
-0.4659964, 1.834419, 8.458336, 115.9841, 124.6843
-0.4659964, 1.624419, 8.458336, 115.9841, 140.8003
-0.4485653, 1.624419, 8.259096, 114.1138, 140.952
-0.4485653, 1.834419, 8.259096, 114.1138, 124.4146
-0.6478042, 1.624419, 8.241665, 98.09918, 140.9656
-0.4485653, 1.624419, 8.259096, 114.1138, 140.952
-0.4659964, 1.624419, 8.458336, 115.9841, 140.8003
-0.6652354, 1.624419, 8.440905, 100.3827, 140.8132
-0.6478042, 1.834419, 8.241665, 98.09918, 124.3903
-0.6478042, 1.624419, 8.241665, 98.09918, 140.9656
-0.6652354, 1.624419, 8.440905, 100.3827, 140.8132
-0.6652354, 1.834419, 8.440905, 100.3827, 124.6613
-0.4485653, 1.834419, 8.259096, 114.1138, 124.4146
-0.4485653, 1.624419, 8.259096, 114.1138, 140.952
-0.6478042, 1.624419, 8.241665, 98.09918, 140.9656
-0.6478042, 1.834419, 8.241665, 98.09918, 124.3903
box_7_litchi(Clone) stack 22 Shelf_1 Rack_0_0_1
-0.4569003, 2.044419, 8.25, 113.3062, 107.8448
-0.6569003, 2.044419, 8.25, 97.53744, 107.8448
-0.6569003, 2.044419, 8.450001, 101.1857, 108.5401
-0.4569003, 2.044419, 8.450001, 116.5506, 108.5401
-0.6569003, 2.044419, 8.450001, 101.1857, 108.5401
-0.6569003, 1.834419, 8.450001, 101.1857, 124.6733
-0.4569003, 1.834419, 8.450001, 116.5506, 124.6733
-0.4569003, 2.044419, 8.450001, 116.5506, 108.5401
-0.4569003, 2.044419, 8.450001, 116.5506, 108.5401
-0.4569003, 1.834419, 8.450001, 116.5506, 124.6733
-0.4569003, 1.834419, 8.25, 113.3062, 124.4019
-0.4569003, 2.044419, 8.25, 113.3062, 107.8448
-0.6569003, 1.834419, 8.25, 97.53744, 124.4019
-0.4569003, 1.834419, 8.25, 113.3062, 124.4019
-0.4569003, 1.834419, 8.450001, 116.5506, 124.6733
-0.6569003, 1.834419, 8.450001, 101.1857, 124.6733
-0.6569003, 2.044419, 8.25, 97.53744, 107.8448
-0.6569003, 1.834419, 8.25, 97.53744, 124.4019
-0.6569003, 1.834419, 8.450001, 101.1857, 124.6733
-0.6569003, 2.044419, 8.450001, 101.1857, 108.5401
-0.4569003, 2.044419, 8.25, 113.3062, 107.8448
-0.4569003, 1.834419, 8.25, 113.3062, 124.4019
-0.6569003, 1.834419, 8.25, 97.53744, 124.4019
-0.6569003, 2.044419, 8.25, 97.53744, 107.8448
box_8_lizol(Clone) stack 23 Shelf_2 Rack_0_0_1
0.6987044, 2.565368, 8.226596, 204.3085, 66.56073
0.4987043, 2.565368, 8.226596, 188.4911, 66.56073
0.4987043, 2.565368, 8.473405, 190.114, 68.71707
0.6987044, 2.565368, 8.473405, 205.433, 68.71707
0.4987043, 2.565368, 8.473405, 190.114, 68.71707
0.4987043, 2.389118, 8.473405, 190.114, 82.21696
0.6987044, 2.389118, 8.473405, 205.433, 82.21696
0.6987044, 2.565368, 8.473405, 205.433, 68.71707
0.6987044, 2.565368, 8.473405, 205.433, 68.71707
0.6987044, 2.389118, 8.473405, 205.433, 82.21696
0.6987044, 2.389118, 8.226596, 204.3085, 80.4998
0.6987044, 2.565368, 8.226596, 204.3085, 66.56073
0.4987043, 2.389118, 8.226596, 188.4911, 80.4998
0.6987044, 2.389118, 8.226596, 204.3085, 80.4998
0.6987044, 2.389118, 8.473405, 205.433, 82.21696
0.4987043, 2.389118, 8.473405, 190.114, 82.21696
0.4987043, 2.565368, 8.226596, 188.4911, 66.56073
0.4987043, 2.389118, 8.226596, 188.4911, 80.4998
0.4987043, 2.389118, 8.473405, 190.114, 82.21696
0.4987043, 2.565368, 8.473405, 190.114, 68.71707
0.6987044, 2.565368, 8.226596, 204.3085, 66.56073
0.6987044, 2.389118, 8.226596, 204.3085, 80.4998
0.4987043, 2.389118, 8.226596, 188.4911, 80.4998
0.4987043, 2.565368, 8.226596, 188.4911, 66.56073
box_8_lizol(Clone) stack 23 Shelf_2 Rack_0_0_1
0.7090792, 2.741618, 8.235782, 205.1712, 52.72131
0.5098403, 2.741618, 8.21835, 189.3167, 52.53204
0.4883295, 2.741618, 8.464219, 189.2598, 55.12355
0.6875684, 2.741618, 8.48165, 204.6173, 55.30109
0.4883295, 2.741618, 8.464219, 189.2598, 55.12355
0.4883295, 2.565368, 8.464219, 189.2598, 68.63925
0.6875684, 2.565368, 8.48165, 204.6173, 68.78677
0.6875684, 2.741618, 8.48165, 204.6173, 55.30109
0.6875684, 2.741618, 8.48165, 204.6173, 55.30109
0.6875684, 2.565368, 8.48165, 204.6173, 68.78677
0.7090792, 2.565368, 8.235782, 205.1712, 66.64352
0.7090792, 2.741618, 8.235782, 205.1712, 52.72131
0.5098403, 2.565368, 8.21835, 189.3167, 66.48628
0.7090792, 2.565368, 8.235782, 205.1712, 66.64352
0.6875684, 2.565368, 8.48165, 204.6173, 68.78677
0.4883295, 2.565368, 8.464219, 189.2598, 68.63925
0.5098403, 2.741618, 8.21835, 189.3167, 52.53204
0.5098403, 2.565368, 8.21835, 189.3167, 66.48628
0.4883295, 2.565368, 8.464219, 189.2598, 68.63925
0.4883295, 2.741618, 8.464219, 189.2598, 55.12355
0.7090792, 2.741618, 8.235782, 205.1712, 52.72131
0.7090792, 2.565368, 8.235782, 205.1712, 66.64352
0.5098403, 2.565368, 8.21835, 189.3167, 66.48628
0.5098403, 2.741618, 8.21835, 189.3167, 52.53204
box_5_LMRR(Clone) stack 24 Shelf_2 Rack_0_0_1
0.3172211, 2.531555, 8.204492, 173.9457, 69.04276
0.1173429, 2.531555, 8.211472, 158.1673, 69.10355
0.1272617, 2.531555, 8.495509, 161.8838, 71.48622
0.3271399, 2.531555, 8.488529, 177.0945, 71.42973
0.1272617, 2.531555, 8.495509, 161.8838, 71.48622
0.1272617, 2.389055, 8.495509, 161.8838, 82.37032
0.3271399, 2.389055, 8.488529, 177.0945, 82.32352
0.3271399, 2.531555, 8.488529, 177.0945, 71.42973
0.3271399, 2.531555, 8.488529, 177.0945, 71.42973
0.3271399, 2.389055, 8.488529, 177.0945, 82.32352
0.3172211, 2.389055, 8.204492, 173.9457, 80.34557
0.3172211, 2.531555, 8.204492, 173.9457, 69.04276
0.1173429, 2.389055, 8.211472, 158.1673, 80.39597
0.3172211, 2.389055, 8.204492, 173.9457, 80.34557
0.3271399, 2.389055, 8.488529, 177.0945, 82.32352
0.1272617, 2.389055, 8.495509, 161.8838, 82.37032
0.1173429, 2.531555, 8.211472, 158.1673, 69.10355
0.1173429, 2.389055, 8.211472, 158.1673, 80.39597
0.1272617, 2.389055, 8.495509, 161.8838, 82.37032
0.1272617, 2.531555, 8.495509, 161.8838, 71.48622
0.3172211, 2.531555, 8.204492, 173.9457, 69.04276
0.3172211, 2.389055, 8.204492, 173.9457, 80.34557
0.1173429, 2.389055, 8.211472, 158.1673, 80.39597
0.1173429, 2.531555, 8.211472, 158.1673, 69.10355
box_5_LMRR(Clone) stack 24 Shelf_2 Rack_0_0_1
0.3319106, 2.674055, 8.215217, 175.2027, 57.84932
0.1323978, 2.674055, 8.201265, 159.2514, 57.70697
0.1125723, 2.674055, 8.484784, 160.6534, 60.50043
0.3120851, 2.674055, 8.498735, 176.0267, 60.63269
0.1125723, 2.674055, 8.484784, 160.6534, 60.50043
0.1125723, 2.531555, 8.484784, 160.6534, 71.3994
0.3120851, 2.531555, 8.498735, 176.0267, 71.5123
0.3120851, 2.674055, 8.498735, 176.0267, 60.63269
0.3120851, 2.674055, 8.498735, 176.0267, 60.63269
0.3120851, 2.531555, 8.498735, 176.0267, 71.5123
0.3319106, 2.531555, 8.215217, 175.2027, 69.13615
0.3319106, 2.674055, 8.215217, 175.2027, 57.84932
0.1323978, 2.531555, 8.201265, 159.2514, 69.01462
0.3319106, 2.531555, 8.215217, 175.2027, 69.13615
0.3120851, 2.531555, 8.498735, 176.0267, 71.5123
0.1125723, 2.531555, 8.484784, 160.6534, 71.3994
0.1323978, 2.674055, 8.201265, 159.2514, 57.70697
0.1323978, 2.531555, 8.201265, 159.2514, 69.01462
0.1125723, 2.531555, 8.484784, 160.6534, 71.3994
0.1125723, 2.674055, 8.484784, 160.6534, 60.50043
0.3319106, 2.674055, 8.215217, 175.2027, 57.84932
0.3319106, 2.531555, 8.215217, 175.2027, 69.13615
0.1323978, 2.531555, 8.201265, 159.2514, 69.01462
0.1323978, 2.674055, 8.201265, 159.2514, 57.70697
box_7_litchi(Clone) stack 25 Shelf_2 Rack_0_0_1
-0.05376676, 2.599012, 8.262933, 145.2517, 64.23886
-0.252276, 2.599012, 8.238559, 129.273, 64.01189
-0.2766499, 2.599012, 8.437068, 130.2165, 65.8192
-0.07814063, 2.599012, 8.461442, 145.7867, 66.03479
-0.2766499, 2.599012, 8.437068, 130.2165, 65.8192
-0.2766499, 2.389012, 8.437068, 130.2165, 81.97913
-0.07814063, 2.389012, 8.461442, 145.7867, 82.14435
-0.07814063, 2.599012, 8.461442, 145.7867, 66.03479
-0.07814063, 2.599012, 8.461442, 145.7867, 66.03479
-0.07814063, 2.389012, 8.461442, 145.7867, 82.14435
-0.05376676, 2.389012, 8.262933, 145.2517, 80.76794
-0.05376676, 2.599012, 8.262933, 145.2517, 64.23886
-0.252276, 2.389012, 8.238559, 129.273, 80.59399
-0.05376676, 2.389012, 8.262933, 145.2517, 80.76794
-0.07814063, 2.389012, 8.461442, 145.7867, 82.14435
-0.2766499, 2.389012, 8.437068, 130.2165, 81.97913
-0.252276, 2.599012, 8.238559, 129.273, 64.01189
-0.252276, 2.389012, 8.238559, 129.273, 80.59399
-0.2766499, 2.389012, 8.437068, 130.2165, 81.97913
-0.2766499, 2.599012, 8.437068, 130.2165, 65.8192
-0.05376676, 2.599012, 8.262933, 145.2517, 64.23886
-0.05376676, 2.389012, 8.262933, 145.2517, 80.76794
-0.252276, 2.389012, 8.238559, 129.273, 80.59399
-0.252276, 2.599012, 8.238559, 129.273, 64.01189
box_7_litchi(Clone) stack 25 Shelf_2 Rack_0_0_1
-0.05687325, 2.809012, 8.259096, 144.9594, 47.66583
-0.2561122, 2.809012, 8.241665, 129.0155, 47.46558
-0.2735434, 2.809012, 8.440905, 130.5094, 49.70125
-0.07430441, 2.809012, 8.458336, 146.0436, 49.89143
-0.2735434, 2.809012, 8.440905, 130.5094, 49.70125
-0.2735434, 2.599012, 8.440905, 130.5094, 65.85323
-0.07430441, 2.599012, 8.458336, 146.0436, 66.00739
-0.07430441, 2.809012, 8.458336, 146.0436, 49.89143
-0.07430441, 2.809012, 8.458336, 146.0436, 49.89143
-0.07430441, 2.599012, 8.458336, 146.0436, 66.00739
-0.05687325, 2.599012, 8.259096, 144.9594, 64.20323
-0.05687325, 2.809012, 8.259096, 144.9594, 47.66583
-0.2561122, 2.599012, 8.241665, 129.0155, 64.04088
-0.05687325, 2.599012, 8.259096, 144.9594, 64.20323
-0.07430441, 2.599012, 8.458336, 146.0436, 66.00739
-0.2735434, 2.599012, 8.440905, 130.5094, 65.85323
-0.2561122, 2.809012, 8.241665, 129.0155, 47.46558
-0.2561122, 2.599012, 8.241665, 129.0155, 64.04088
-0.2735434, 2.599012, 8.440905, 130.5094, 65.85323
-0.2735434, 2.809012, 8.440905, 130.5094, 49.70125
-0.05687325, 2.809012, 8.259096, 144.9594, 47.66583
-0.05687325, 2.599012, 8.259096, 144.9594, 64.20323
-0.2561122, 2.599012, 8.241665, 129.0155, 64.04088
-0.2561122, 2.809012, 8.241665, 129.0155, 47.46558
box_7_litchi(Clone) stack 25 Shelf_2 Rack_0_0_1
-0.06011177, 3.019012, 8.255371, 144.6577, 31.07762
-0.2598377, 3.019012, 8.244904, 128.7688, 30.93459
-0.2703049, 3.019012, 8.44463, 130.8106, 33.59769
-0.07057896, 3.019012, 8.455097, 146.2907, 33.73352
-0.2703049, 3.019012, 8.44463, 130.8106, 33.59769
-0.2703049, 2.809012, 8.44463, 130.8106, 49.74196
-0.07057896, 2.809012, 8.455097, 146.2907, 49.85616
-0.07057896, 3.019012, 8.455097, 146.2907, 33.73352
-0.07057896, 3.019012, 8.455097, 146.2907, 33.73352
-0.07057896, 2.809012, 8.455097, 146.2907, 49.85616
-0.06011177, 2.809012, 8.255371, 144.6577, 47.62312
-0.06011177, 3.019012, 8.255371, 144.6577, 31.07762
-0.2598377, 2.809012, 8.244904, 128.7688, 47.50284
-0.06011177, 2.809012, 8.255371, 144.6577, 47.62312
-0.07057896, 2.809012, 8.455097, 146.2907, 49.85616
-0.2703049, 2.809012, 8.44463, 130.8106, 49.74196
-0.2598377, 3.019012, 8.244904, 128.7688, 30.93459
-0.2598377, 2.809012, 8.244904, 128.7688, 47.50284
-0.2703049, 2.809012, 8.44463, 130.8106, 49.74196
-0.2703049, 3.019012, 8.44463, 130.8106, 33.59769
-0.06011177, 3.019012, 8.255371, 144.6577, 31.07762
-0.06011177, 2.809012, 8.255371, 144.6577, 47.62312
-0.2598377, 2.809012, 8.244904, 128.7688, 47.50284
-0.2598377, 3.019012, 8.244904, 128.7688, 30.93459
box_5_LMRR(Clone) stack 26 Shelf_2 Rack_0_0_1
-0.4235744, 2.531555, 8.221142, 115.4614, 69.18761
-0.6220837, 2.531555, 8.196768, 99.29829, 68.97533
-0.6567202, 2.531555, 8.478859, 101.7105, 71.3513
-0.4582109, 2.531555, 8.503233, 117.2863, 71.54861
-0.6567202, 2.531555, 8.478859, 101.7105, 71.3513
-0.6567202, 2.389055, 8.478859, 101.7105, 82.25853
-0.4582109, 2.389055, 8.503233, 117.2863, 82.422
-0.4582109, 2.531555, 8.503233, 117.2863, 71.54861
-0.4582109, 2.531555, 8.503233, 117.2863, 71.54861
-0.4582109, 2.389055, 8.503233, 117.2863, 82.422
-0.4235744, 2.389055, 8.221142, 115.4614, 80.46559
-0.4235744, 2.531555, 8.221142, 115.4614, 69.18761
-0.6220837, 2.389055, 8.196768, 99.29829, 80.28969
-0.4235744, 2.389055, 8.221142, 115.4614, 80.46559
-0.4582109, 2.389055, 8.503233, 117.2863, 82.422
-0.6567202, 2.389055, 8.478859, 101.7105, 82.25853
-0.6220837, 2.531555, 8.196768, 99.29829, 68.97533
-0.6220837, 2.389055, 8.196768, 99.29829, 80.28969
-0.6567202, 2.389055, 8.478859, 101.7105, 82.25853
-0.6567202, 2.531555, 8.478859, 101.7105, 71.3513
-0.4235744, 2.531555, 8.221142, 115.4614, 69.18761
-0.4235744, 2.389055, 8.221142, 115.4614, 80.46559
-0.6220837, 2.389055, 8.196768, 99.29829, 80.28969
-0.6220837, 2.531555, 8.196768, 99.29829, 68.97533
box_5_LMRR(Clone) stack 26 Shelf_2 Rack_0_0_1
-0.4477216, 2.674055, 8.202856, 113.2446, 57.72324
-0.6474475, 2.674055, 8.213324, 97.59643, 57.83005
-0.632573, 2.674055, 8.497145, 103.8763, 60.61763
-0.4328471, 2.674055, 8.486677, 118.9668, 60.51839
-0.632573, 2.674055, 8.497145, 103.8763, 60.61763
-0.632573, 2.531555, 8.497145, 103.8763, 71.49947
-0.4328471, 2.531555, 8.486677, 118.9668, 71.41475
-0.4328471, 2.674055, 8.486677, 118.9668, 60.51839
-0.4328471, 2.674055, 8.486677, 118.9668, 60.51839
-0.4328471, 2.531555, 8.486677, 118.9668, 71.41475
-0.4477216, 2.531555, 8.202856, 113.2446, 69.0285
-0.4477216, 2.674055, 8.202856, 113.2446, 57.72324
-0.6474475, 2.531555, 8.213324, 97.59643, 69.11969
-0.4477216, 2.531555, 8.202856, 113.2446, 69.0285
-0.4328471, 2.531555, 8.486677, 118.9668, 71.41475
-0.632573, 2.531555, 8.497145, 103.8763, 71.49947
-0.6474475, 2.674055, 8.213324, 97.59643, 57.83005
-0.6474475, 2.531555, 8.213324, 97.59643, 69.11969
-0.632573, 2.531555, 8.497145, 103.8763, 71.49947
-0.632573, 2.674055, 8.497145, 103.8763, 60.61763
-0.4477216, 2.674055, 8.202856, 113.2446, 57.72324
-0.4477216, 2.531555, 8.202856, 113.2446, 69.0285
-0.6474475, 2.531555, 8.213324, 97.59643, 69.11969
-0.6474475, 2.674055, 8.213324, 97.59643, 57.83005
box_5_LMRR(Clone) stack 26 Shelf_2 Rack_0_0_1
-0.4304782, 2.816555, 8.215217, 114.8172, 46.56255
-0.6299909, 2.816555, 8.201265, 98.75455, 46.39937
-0.6498165, 2.816555, 8.484784, 102.343, 49.60147
-0.4503037, 2.816555, 8.498735, 117.8198, 49.7531
-0.6498165, 2.816555, 8.484784, 102.343, 49.60147
-0.6498165, 2.674055, 8.484784, 102.343, 60.50046
-0.4503037, 2.674055, 8.498735, 117.8198, 60.63272
-0.4503037, 2.816555, 8.498735, 117.8198, 49.7531
-0.4503037, 2.816555, 8.498735, 117.8198, 49.7531
-0.4503037, 2.674055, 8.498735, 117.8198, 60.63272
-0.4304782, 2.674055, 8.215217, 114.8172, 57.84937
-0.4304782, 2.816555, 8.215217, 114.8172, 46.56255
-0.6299909, 2.674055, 8.201265, 98.75455, 57.70702
-0.4304782, 2.674055, 8.215217, 114.8172, 57.84937
-0.4503037, 2.674055, 8.498735, 117.8198, 60.63272
-0.6498165, 2.674055, 8.484784, 102.343, 60.50046
-0.6299909, 2.816555, 8.201265, 98.75455, 46.39937
-0.6299909, 2.674055, 8.201265, 98.75455, 57.70702
-0.6498165, 2.674055, 8.484784, 102.343, 60.50046
-0.6498165, 2.816555, 8.484784, 102.343, 49.60147
-0.4304782, 2.816555, 8.215217, 114.8172, 46.56255
-0.4304782, 2.674055, 8.215217, 114.8172, 57.84937
-0.6299909, 2.674055, 8.201265, 98.75455, 57.70702
-0.6299909, 2.816555, 8.201265, 98.75455, 46.39937
box_3_Hareli(Clone) stack 30 Shelf_0 Rack_0_0_2
-1.767787, 0.1692639, 8.23015, 9.349465, 256.0044
-1.943695, 0.1692639, 8.469851, 2.930703, 252.3
-1.744791, 0.1692639, 8.448945, 17.57885, 252.6141
-1.943695, 0.1692639, 8.469851, 2.930703, 252.3
-1.943695, 0.01926387, 8.469851, 2.930703, 263.7945
-1.744791, 0.01926387, 8.448945, 17.57885, 264.1393
-1.744791, 0.1692639, 8.448945, 17.57885, 252.6141
-1.744791, 0.1692639, 8.448945, 17.57885, 252.6141
-1.744791, 0.01926387, 8.448945, 17.57885, 264.1393
-1.767787, 0.01926387, 8.23015, 9.349465, 267.8619
-1.767787, 0.1692639, 8.23015, 9.349465, 256.0044
-1.767787, 0.01926387, 8.23015, 9.349465, 267.8619
-1.744791, 0.01926387, 8.448945, 17.57885, 264.1393
-1.943695, 0.01926387, 8.469851, 2.930703, 263.7945
-1.943695, 0.01926387, 8.469851, 2.930703, 263.7945
-1.943695, 0.1692639, 8.469851, 2.930703, 252.3
-1.767787, 0.1692639, 8.23015, 9.349465, 256.0044
-1.767787, 0.01926387, 8.23015, 9.349465, 267.8619
box_3_Hareli(Clone) stack 30 Shelf_0 Rack_0_0_2
-1.750121, 0.3192639, 8.245385, 11.20518, 243.9283
-1.961361, 0.3192638, 8.454616, 1.112165, 241.0118
-1.761635, 0.3192638, 8.465083, 16.74601, 240.87
-1.961361, 0.3192638, 8.454616, 1.112165, 241.0118
-1.961361, 0.1692639, 8.454616, 1.112165, 252.5287
-1.761635, 0.1692639, 8.465083, 16.74601, 252.3715
-1.761635, 0.3192638, 8.465083, 16.74601, 240.87
-1.761635, 0.3192638, 8.465083, 16.74601, 240.87
-1.761635, 0.1692639, 8.465083, 16.74601, 252.3715
-1.750121, 0.1692639, 8.245385, 11.20518, 255.762
-1.750121, 0.3192639, 8.245385, 11.20518, 243.9283
-1.750121, 0.1692639, 8.245385, 11.20518, 255.762
-1.761635, 0.1692639, 8.465083, 16.74601, 252.3715
-1.961361, 0.1692639, 8.454616, 1.112165, 252.5287
-1.961361, 0.1692639, 8.454616, 1.112165, 252.5287
-1.961361, 0.3192638, 8.454616, 1.112165, 241.0118
-1.750121, 0.3192639, 8.245385, 11.20518, 243.9283
-1.750121, 0.1692639, 8.245385, 11.20518, 255.762
box_3_Hareli(Clone) stack 30 Shelf_0 Rack_0_0_2
-1.759641, 0.4692639, 8.236577, 10.188, 232.2072
-1.951841, 0.4692639, 8.463424, 2.11122, 229.3886
-1.751963, 0.4692639, 8.456444, 17.24168, 229.4729
-1.951841, 0.4692639, 8.463424, 2.11122, 229.3886
-1.951841, 0.3192639, 8.463424, 2.11122, 240.8925
-1.751963, 0.3192639, 8.456444, 17.24168, 240.987
-1.751963, 0.4692639, 8.456444, 17.24168, 229.4729
-1.751963, 0.4692639, 8.456444, 17.24168, 229.4729
-1.751963, 0.3192639, 8.456444, 17.24168, 240.987
-1.759641, 0.3192638, 8.236577, 10.188, 244.0546
-1.759641, 0.4692639, 8.236577, 10.188, 232.2072
-1.759641, 0.3192638, 8.236577, 10.188, 244.0546
-1.751963, 0.3192639, 8.456444, 17.24168, 240.987
-1.951841, 0.3192639, 8.463424, 2.11122, 240.8925
-1.951841, 0.3192639, 8.463424, 2.11122, 240.8925
-1.951841, 0.4692639, 8.463424, 2.11122, 229.3886
-1.759641, 0.4692639, 8.236577, 10.188, 232.2072
-1.759641, 0.3192638, 8.236577, 10.188, 244.0546
box_3_Hareli(Clone) stack 30 Shelf_0 Rack_0_0_2
-1.748312, 0.6192639, 8.247244, 11.40382, 220.24
-1.963171, 0.6192639, 8.452757, 0.9163427, 217.9978
-1.763658, 0.6192639, 8.466708, 16.63728, 217.8499
-1.963171, 0.6192639, 8.452757, 0.9163427, 217.9978
-1.963171, 0.4692639, 8.452757, 0.9163427, 229.5174
-1.763658, 0.4692639, 8.466708, 16.63728, 229.349
-1.763658, 0.6192639, 8.466708, 16.63728, 217.8499
-1.763658, 0.6192639, 8.466708, 16.63728, 217.8499
-1.763658, 0.4692639, 8.466708, 16.63728, 229.349
-1.748312, 0.4692638, 8.247244, 11.40382, 232.0709
-1.748312, 0.6192639, 8.247244, 11.40382, 220.24
-1.748312, 0.4692638, 8.247244, 11.40382, 232.0709
-1.763658, 0.4692639, 8.466708, 16.63728, 229.349
-1.963171, 0.4692639, 8.452757, 0.9163427, 229.5174
-1.963171, 0.4692639, 8.452757, 0.9163427, 229.5174
-1.963171, 0.6192639, 8.452757, 0.9163427, 217.9978
-1.748312, 0.6192639, 8.247244, 11.40382, 220.24
-1.748312, 0.4692638, 8.247244, 11.40382, 232.0709
box_6_melody(Clone) stack 34 Shelf_1 Rack_0_0_2
-1.78114, 1.391943, 8.220205, 7.989922, 159.3838
-1.954958, 1.391943, 8.479795, 2.369499, 158.5764
-1.756054, 1.391943, 8.45889, 16.99751, 158.6395
-1.954958, 1.391943, 8.479795, 2.369499, 158.5764
-1.954958, 1.204443, 8.479795, 2.369499, 172.9263
-1.756054, 1.204443, 8.45889, 16.99751, 173.0277
-1.756054, 1.391943, 8.45889, 16.99751, 158.6395
-1.756054, 1.391943, 8.45889, 16.99751, 158.6395
-1.756054, 1.204443, 8.45889, 16.99751, 173.0277
-1.78114, 1.204443, 8.220205, 7.989922, 174.2251
-1.78114, 1.391943, 8.220205, 7.989922, 159.3838
-1.78114, 1.204443, 8.220205, 7.989922, 174.2251
-1.756054, 1.204443, 8.45889, 16.99751, 173.0277
-1.954958, 1.204443, 8.479795, 2.369499, 172.9263
-1.954958, 1.204443, 8.479795, 2.369499, 172.9263
-1.954958, 1.391943, 8.479795, 2.369499, 158.5764
-1.78114, 1.391943, 8.220205, 7.989922, 159.3838
-1.78114, 1.204443, 8.220205, 7.989922, 174.2251
box_6_melody(Clone) stack 34 Shelf_1 Rack_0_0_2
-1.757971, 1.579443, 8.239173, 10.39836, 144.5187
-1.978127, 1.579443, 8.460828, 0.0156498, 144.2489
-1.778888, 1.579443, 8.478259, 15.80061, 144.2284
-1.978127, 1.579443, 8.460828, 0.0156498, 144.2489
-1.978127, 1.391943, 8.460828, 0.0156498, 158.6336
-1.778888, 1.391943, 8.478259, 15.80061, 158.581
-1.778888, 1.579443, 8.478259, 15.80061, 144.2284
-1.778888, 1.579443, 8.478259, 15.80061, 144.2284
-1.778888, 1.391943, 8.478259, 15.80061, 158.581
-1.757971, 1.391943, 8.239173, 10.39836, 159.3229
-1.757971, 1.579443, 8.239173, 10.39836, 144.5187
-1.757971, 1.391943, 8.239173, 10.39836, 159.3229
-1.778888, 1.391943, 8.478259, 15.80061, 158.581
-1.978127, 1.391943, 8.460828, 0.0156498, 158.6336
-1.978127, 1.391943, 8.460828, 0.0156498, 158.6336
-1.978127, 1.579443, 8.460828, 0.0156498, 144.2489
-1.757971, 1.579443, 8.239173, 10.39836, 144.5187
-1.757971, 1.391943, 8.239173, 10.39836, 159.3229
box_6_melody(Clone) stack 34 Shelf_1 Rack_0_0_2
-1.75417, 1.766943, 8.243082, 10.81637, 129.7172
-1.783419, 1.766943, 8.481293, 15.54068, 129.8777
-1.783419, 1.579443, 8.481293, 15.54068, 144.2248
-1.783419, 1.766943, 8.481293, 15.54068, 129.8777
-1.783419, 1.766943, 8.481293, 15.54068, 129.8777
-1.783419, 1.579443, 8.481293, 15.54068, 144.2248
-1.75417, 1.579443, 8.243082, 10.81637, 144.5138
-1.75417, 1.766943, 8.243082, 10.81637, 129.7172
-1.75417, 1.579443, 8.243082, 10.81637, 144.5138
-1.783419, 1.579443, 8.481293, 15.54068, 144.2248
-1.75417, 1.766943, 8.243082, 10.81637, 129.7172
-1.75417, 1.579443, 8.243082, 10.81637, 144.5138
box_6_melody(Clone) stack 34 Shelf_1 Rack_0_0_2
-1.776664, 1.954443, 8.223317, 8.439331, 114.8682
-1.959435, 1.954443, 8.476684, 1.932378, 115.5191
-1.759922, 1.954443, 8.462732, 16.81033, 115.4843
-1.959435, 1.954443, 8.476684, 1.932378, 115.5191
-1.959435, 1.766943, 8.476684, 1.932378, 129.8746
-1.759922, 1.766943, 8.462732, 16.81033, 129.8655
-1.759922, 1.954443, 8.462732, 16.81033, 115.4843
-1.759922, 1.954443, 8.462732, 16.81033, 115.4843
-1.759922, 1.766943, 8.462732, 16.81033, 129.8655
-1.776664, 1.766943, 8.223317, 8.439331, 129.7034
-1.776664, 1.954443, 8.223317, 8.439331, 114.8682
-1.776664, 1.766943, 8.223317, 8.439331, 129.7034
-1.759922, 1.766943, 8.462732, 16.81033, 129.8655
-1.959435, 1.766943, 8.476684, 1.932378, 129.8746
-1.959435, 1.766943, 8.476684, 1.932378, 129.8746
-1.959435, 1.954443, 8.476684, 1.932378, 115.5191
-1.776664, 1.954443, 8.223317, 8.439331, 114.8682
-1.776664, 1.766943, 8.223317, 8.439331, 129.7034
box4_Fairever(Clone) stack 35 Shelf_2 Rack_0_0_2
-1.432216, 2.553905, 8.23538, 36.01683, 67.54544
-1.632095, 2.553905, 8.2284, 20.02524, 67.4834
-1.640344, 2.553905, 8.464621, 26.03359, 69.52168
-1.440465, 2.553905, 8.471601, 41.53751, 69.58003
-1.640344, 2.553905, 8.464621, 26.03359, 69.52168
-1.640344, 2.388905, 8.464621, 26.03359, 82.17406
-1.440465, 2.388905, 8.471601, 41.53751, 82.22115
-1.440465, 2.553905, 8.471601, 41.53751, 69.58003
-1.440465, 2.553905, 8.471601, 41.53751, 69.58003
-1.440465, 2.388905, 8.471601, 41.53751, 82.22115
-1.432216, 2.388905, 8.23538, 36.01683, 80.5797
-1.432216, 2.553905, 8.23538, 36.01683, 67.54544
-1.632095, 2.388905, 8.2284, 20.02524, 80.52963
-1.432216, 2.388905, 8.23538, 36.01683, 80.5797
-1.440465, 2.388905, 8.471601, 41.53751, 82.22115
-1.640344, 2.388905, 8.464621, 26.03359, 82.17406
-1.632095, 2.553905, 8.2284, 20.02524, 67.4834
-1.632095, 2.388905, 8.2284, 20.02524, 80.52963
-1.640344, 2.388905, 8.464621, 26.03359, 82.17406
-1.640344, 2.553905, 8.464621, 26.03359, 69.52168
-1.432216, 2.553905, 8.23538, 36.01683, 67.54544
-1.432216, 2.388905, 8.23538, 36.01683, 80.5797
-1.632095, 2.388905, 8.2284, 20.02524, 80.52963
-1.632095, 2.553905, 8.2284, 20.02524, 67.4834
box_7_litchi(Clone) stack 36 Shelf_2 Rack_0_0_2
-1.809243, 2.599012, 8.253551, 6.791382, 64.15167
-1.816223, 2.599012, 8.453429, 12.22117, 65.96407
-1.816223, 2.389012, 8.453429, 12.22117, 82.09015
-1.816223, 2.599012, 8.453429, 12.22117, 65.96407
-1.816223, 2.599012, 8.453429, 12.22117, 65.96407
-1.816223, 2.389012, 8.453429, 12.22117, 82.09015
-1.809243, 2.389012, 8.253551, 6.791382, 80.70111
-1.809243, 2.599012, 8.253551, 6.791382, 64.15167
-1.809243, 2.389012, 8.253551, 6.791382, 80.70111
-1.816223, 2.389012, 8.453429, 12.22117, 82.09015
-1.809243, 2.599012, 8.253551, 6.791382, 64.15167
-1.809243, 2.389012, 8.253551, 6.791382, 80.70111
box_7_litchi(Clone) stack 36 Shelf_2 Rack_0_0_2
-1.809243, 2.809012, 8.253551, 6.791382, 47.60223
-1.816223, 2.809012, 8.453429, 12.22117, 49.83798
-1.816223, 2.599012, 8.453429, 12.22117, 65.96407
-1.816223, 2.809012, 8.453429, 12.22117, 49.83798
-1.816223, 2.809012, 8.453429, 12.22117, 49.83798
-1.816223, 2.599012, 8.453429, 12.22117, 65.96407
-1.809243, 2.599012, 8.253551, 6.791382, 64.15167
-1.809243, 2.809012, 8.253551, 6.791382, 47.60223
-1.809243, 2.599012, 8.253551, 6.791382, 64.15167
-1.816223, 2.599012, 8.453429, 12.22117, 65.96407
-1.809243, 2.809012, 8.253551, 6.791382, 47.60223
-1.809243, 2.599012, 8.253551, 6.791382, 64.15167
box_7_litchi(Clone) stack 36 Shelf_2 Rack_0_0_2
-1.801231, 3.019012, 8.262933, 7.709055, 31.18071
-1.825605, 3.019012, 8.461442, 11.73484, 33.81566
-1.825605, 2.809012, 8.461442, 11.73484, 49.92523
-1.825605, 3.019012, 8.461442, 11.73484, 33.81566
-1.825605, 3.019012, 8.461442, 11.73484, 33.81566
-1.825605, 2.809012, 8.461442, 11.73484, 49.92523
-1.801231, 2.809012, 8.262933, 7.709055, 47.70981
-1.801231, 3.019012, 8.262933, 7.709055, 31.18071
-1.801231, 2.809012, 8.262933, 7.709055, 47.70981
-1.825605, 2.809012, 8.461442, 11.73484, 49.92523
-1.801231, 3.019012, 8.262933, 7.709055, 31.18071
-1.801231, 2.809012, 8.262933, 7.709055, 47.70981
box_7_litchi(Clone) stack 36 Shelf_2 Rack_0_0_2
-1.804337, 3.229012, 8.259096, 7.347436, 14.59103
-1.821768, 3.229012, 8.458336, 11.93856, 17.65948
-1.821768, 3.019012, 8.458336, 11.93856, 33.77547
-1.821768, 3.229012, 8.458336, 11.93856, 17.65948
-1.821768, 3.229012, 8.458336, 11.93856, 17.65948
-1.821768, 3.019012, 8.458336, 11.93856, 33.77547
-1.804337, 3.019012, 8.259096, 7.347436, 31.12845
-1.804337, 3.229012, 8.259096, 7.347436, 14.59103
-1.804337, 3.019012, 8.259096, 7.347436, 31.12845
-1.821768, 3.019012, 8.458336, 11.93856, 33.77547
-1.804337, 3.229012, 8.259096, 7.347436, 14.59103
-1.804337, 3.019012, 8.259096, 7.347436, 31.12845
