box_8_lizol(Clone) stack 0 Shelf_0 Rack_0_0_0
2.884809, 0.1961813, 8.231998, 353.3938, 253.8477
2.685083, 0.1961813, 8.221532, 337.7441, 254.0117
2.672166, 0.1961813, 8.468002, 333.6765, 250.2646
2.871892, 0.1961813, 8.478469, 348.8395, 250.1107
2.672166, 0.1961813, 8.468002, 333.6765, 250.2646
2.672166, 0.0199313, 8.468002, 333.6765, 263.7738
2.871892, 0.0199313, 8.478469, 348.8395, 263.6018
2.871892, 0.1961813, 8.478469, 348.8395, 250.1107
2.871892, 0.1961813, 8.478469, 348.8395, 250.1107
2.871892, 0.0199313, 8.478469, 348.8395, 263.6018
2.884809, 0.0199313, 8.231998, 353.3938, 267.7768
2.884809, 0.1961813, 8.231998, 353.3938, 253.8477
2.685083, 0.0199313, 8.221532, 337.7441, 267.9601
2.884809, 0.0199313, 8.231998, 353.3938, 267.7768
2.871892, 0.0199313, 8.478469, 348.8395, 263.6018
2.672166, 0.0199313, 8.468002, 333.6765, 263.7738
2.685083, 0.1961813, 8.221532, 337.7441, 254.0117
2.685083, 0.0199313, 8.221532, 337.7441, 267.9601
2.672166, 0.0199313, 8.468002, 333.6765, 263.7738
2.672166, 0.1961813, 8.468002, 333.6765, 250.2646
2.884809, 0.1961813, 8.231998, 353.3938, 253.8477
2.884809, 0.0199313, 8.231998, 353.3938, 267.7768
2.685083, 0.0199313, 8.221532, 337.7441, 267.9601
2.685083, 0.1961813, 8.221532, 337.7441, 254.0117
box_5_LMRR(Clone) stack 1 Shelf_0 Rack_0_0_0
2.491613, 0.162368, 8.202856, 322.6365, 256.9882
2.291887, 0.162368, 8.213324, 306.6989, 256.8196
2.306762, 0.162368, 8.497145, 305.4254, 252.4191
2.506487, 0.162368, 8.486677, 320.7848, 252.5758
2.306762, 0.162368, 8.497145, 305.4254, 252.4191
2.306762, 0.019868, 8.497145, 305.4254, 263.301
2.506487, 0.019868, 8.486677, 320.7848, 263.4721
2.506487, 0.162368, 8.486677, 320.7848, 252.5758
2.506487, 0.162368, 8.486677, 320.7848, 252.5758
2.506487, 0.019868, 8.486677, 320.7848, 263.4721
2.491613, 0.019868, 8.202856, 322.6365, 268.2935
2.491613, 0.162368, 8.202856, 322.6365, 256.9882
2.291887, 0.019868, 8.213324, 306.6989, 268.1092
2.491613, 0.019868, 8.202856, 322.6365, 268.2935
2.506487, 0.019868, 8.486677, 320.7848, 263.4721
2.306762, 0.019868, 8.497145, 305.4254, 263.301
2.291887, 0.162368, 8.213324, 306.6989, 256.8196
2.291887, 0.019868, 8.213324, 306.6989, 268.1092
2.306762, 0.019868, 8.497145, 305.4254, 263.301
2.306762, 0.162368, 8.497145, 305.4254, 252.4191
2.491613, 0.162368, 8.202856, 322.6365, 256.9882
2.491613, 0.019868, 8.202856, 322.6365, 268.2935
2.291887, 0.019868, 8.213324, 306.6989, 268.1092
2.291887, 0.162368, 8.213324, 306.6989, 256.8196
box_5_LMRR(Clone) stack 1 Shelf_0 Rack_0_0_0
2.506487, 0.304868, 8.213324, 323.7007, 245.53
2.306762, 0.304868, 8.202856, 307.9713, 245.683
2.291887, 0.304868, 8.486677, 304.3753, 241.6795
2.491613, 0.304868, 8.497145, 319.5414, 241.5373
2.291887, 0.304868, 8.486677, 304.3753, 241.6795
2.291887, 0.162368, 8.486677, 304.3753, 252.5758
2.491613, 0.162368, 8.497145, 319.5414, 252.4192
2.491613, 0.304868, 8.497145, 319.5414, 241.5373
2.491613, 0.304868, 8.497145, 319.5414, 241.5373
2.491613, 0.162368, 8.497145, 319.5414, 252.4192
2.506487, 0.162368, 8.213324, 323.7007, 256.8196
2.506487, 0.304868, 8.213324, 323.7007, 245.53
2.306762, 0.162368, 8.202856, 307.9713, 256.9882
2.506487, 0.162368, 8.213324, 323.7007, 256.8196
2.491613, 0.162368, 8.497145, 319.5414, 252.4192
2.291887, 0.162368, 8.486677, 304.3753, 252.5758
2.306762, 0.304868, 8.202856, 307.9713, 245.683
2.306762, 0.162368, 8.202856, 307.9713, 256.9882
2.291887, 0.162368, 8.486677, 304.3753, 252.5758
2.291887, 0.304868, 8.486677, 304.3753, 241.6795
2.506487, 0.304868, 8.213324, 323.7007, 245.53
2.506487, 0.162368, 8.213324, 323.7007, 256.8196
2.306762, 0.162368, 8.202856, 307.9713, 256.9882
2.306762, 0.304868, 8.202856, 307.9713, 245.683
box_5_LMRR(Clone) stack 1 Shelf_0 Rack_0_0_0
2.501652, 0.447368, 8.209662, 323.3579, 234.2884
2.301683, 0.447368, 8.206172, 307.5387, 234.3342
2.296722, 0.447368, 8.490338, 304.7148, 230.7384
2.496692, 0.447368, 8.493829, 319.9629, 230.6959
2.296722, 0.447368, 8.490338, 304.7148, 230.7384
2.296722, 0.304868, 8.490338, 304.7148, 241.6297
2.496692, 0.304868, 8.493829, 319.9629, 241.5823
2.496692, 0.447368, 8.493829, 319.9629, 230.6959
2.496692, 0.447368, 8.493829, 319.9629, 230.6959
2.496692, 0.304868, 8.493829, 319.9629, 241.5823
2.501652, 0.3048679, 8.209662, 323.3579, 245.5834
2.501652, 0.447368, 8.209662, 323.3579, 234.2884
2.301683, 0.3048679, 8.206172, 307.5387, 245.6345
2.501652, 0.3048679, 8.209662, 323.3579, 245.5834
2.496692, 0.304868, 8.493829, 319.9629, 241.5823
2.296722, 0.304868, 8.490338, 304.7148, 241.6297
2.301683, 0.447368, 8.206172, 307.5387, 234.3342
2.301683, 0.3048679, 8.206172, 307.5387, 245.6345
2.296722, 0.304868, 8.490338, 304.7148, 241.6297
2.296722, 0.447368, 8.490338, 304.7148, 230.7384
2.501652, 0.447368, 8.209662, 323.3579, 234.2884
2.501652, 0.3048679, 8.209662, 323.3579, 245.5834
2.301683, 0.3048679, 8.206172, 307.5387, 245.6345
2.301683, 0.447368, 8.206172, 307.5387, 234.3342
box_5_LMRR(Clone) stack 1 Shelf_0 Rack_0_0_0
2.494167, 0.5898679, 8.204492, 322.8212, 223.0534
2.294289, 0.5898679, 8.211472, 306.9055, 222.9722
2.304208, 0.589868, 8.495509, 305.244, 219.7914
2.504086, 0.589868, 8.488529, 320.5822, 219.8668
2.304208, 0.589868, 8.495509, 305.244, 219.7914
2.304208, 0.447368, 8.495509, 305.244, 230.6754
2.504086, 0.447368, 8.488529, 320.5822, 230.7605
2.504086, 0.589868, 8.488529, 320.5822, 219.8668
2.504086, 0.589868, 8.488529, 320.5822, 219.8668
2.504086, 0.447368, 8.488529, 320.5822, 230.7605
2.494167, 0.4473679, 8.204492, 322.8212, 234.3562
2.494167, 0.5898679, 8.204492, 322.8212, 223.0534
2.294289, 0.4473679, 8.211472, 306.9055, 234.2646
2.494167, 0.4473679, 8.204492, 322.8212, 234.3562
2.504086, 0.447368, 8.488529, 320.5822, 230.7605
2.304208, 0.447368, 8.495509, 305.244, 230.6754
2.294289, 0.5898679, 8.211472, 306.9055, 222.9722
2.294289, 0.4473679, 8.211472, 306.9055, 234.2646
2.304208, 0.447368, 8.495509, 305.244, 230.6754
2.304208, 0.589868, 8.495509, 305.244, 219.7914
2.494167, 0.5898679, 8.204492, 322.8212, 223.0534
2.494167, 0.4473679, 8.204492, 322.8212, 234.3562
2.294289, 0.4473679, 8.211472, 306.9055, 234.2646
2.294289, 0.5898679, 8.211472, 306.9055, 222.9722
box_5_LMRR(Clone) stack 1 Shelf_0 Rack_0_0_0
2.483785, 0.7323679, 8.198221, 322.0658, 211.8143
2.284881, 0.7323679, 8.219127, 306.0932, 211.6024
2.314589, 0.7323679, 8.50178, 305.9843, 208.8483
2.513494, 0.7323679, 8.480874, 321.3808, 209.0452
2.314589, 0.7323679, 8.50178, 305.9843, 208.8483
2.314589, 0.5898679, 8.50178, 305.9843, 219.7237
2.513494, 0.5898679, 8.480874, 321.3808, 219.9496
2.513494, 0.7323679, 8.480874, 321.3808, 209.0452
2.513494, 0.7323679, 8.480874, 321.3808, 209.0452
2.513494, 0.5898679, 8.480874, 321.3808, 219.9496
2.483785, 0.5898679, 8.198221, 322.0658, 223.1265
2.483785, 0.7323679, 8.198221, 322.0658, 211.8143
2.284881, 0.5898679, 8.219127, 306.0932, 222.8834
2.483785, 0.5898679, 8.198221, 322.0658, 223.1265
2.513494, 0.5898679, 8.480874, 321.3808, 219.9496
2.314589, 0.5898679, 8.50178, 305.9843, 219.7237
2.284881, 0.7323679, 8.219127, 306.0932, 211.6024
2.284881, 0.5898679, 8.219127, 306.0932, 222.8834
2.314589, 0.5898679, 8.50178, 305.9843, 219.7237
2.314589, 0.7323679, 8.50178, 305.9843, 208.8483
2.483785, 0.7323679, 8.198221, 322.0658, 211.8143
2.483785, 0.5898679, 8.198221, 322.0658, 223.1265
2.284881, 0.5898679, 8.219127, 306.0932, 222.8834
2.284881, 0.7323679, 8.219127, 306.0932, 211.6024
box_1_Parle-G-GOLD(Clone) stack 3 Shelf_0 Rack_0_0_0
1.7328, 0.1916559, 8.240561, 262.3247, 254.071
1.533074, 0.1916559, 8.251029, 246.549, 253.9073
1.543996, 0.1916559, 8.459439, 247.2125, 250.738
1.743722, 0.1916559, 8.448972, 262.5681, 250.8932
1.543996, 0.1916559, 8.459439, 247.2125, 250.738
1.543996, 0.0191559, 8.459439, 247.2125, 263.9743
1.743722, 0.0191559, 8.448972, 262.5681, 264.1472
1.743722, 0.1916559, 8.448972, 262.5681, 250.8932
1.743722, 0.1916559, 8.448972, 262.5681, 250.8932
1.743722, 0.0191559, 8.448972, 262.5681, 264.1472
1.7328, 0.0191559, 8.240561, 262.3247, 267.6884
1.7328, 0.1916559, 8.240561, 262.3247, 254.071
1.533074, 0.0191559, 8.251029, 246.549, 267.506
1.7328, 0.0191559, 8.240561, 262.3247, 267.6884
1.743722, 0.0191559, 8.448972, 262.5681, 264.1472
1.543996, 0.0191559, 8.459439, 247.2125, 263.9743
1.533074, 0.1916559, 8.251029, 246.549, 253.9073
1.533074, 0.0191559, 8.251029, 246.549, 267.506
1.543996, 0.0191559, 8.459439, 247.2125, 263.9743
1.543996, 0.1916559, 8.459439, 247.2125, 250.738
1.7328, 0.1916559, 8.240561, 262.3247, 254.071
1.7328, 0.0191559, 8.240561, 262.3247, 267.6884
1.533074, 0.0191559, 8.251029, 246.549, 267.506
1.533074, 0.1916559, 8.251029, 246.549, 253.9073
box_1_Parle-G-GOLD(Clone) stack 3 Shelf_0 Rack_0_0_0
1.743722, 0.3641558, 8.251029, 263.155, 240.3086
1.543996, 0.3641558, 8.240561, 247.4202, 240.4536
1.533074, 0.3641559, 8.448972, 246.383, 237.6392
1.7328, 0.3641559, 8.459439, 261.6998, 237.5018
1.533074, 0.3641559, 8.448972, 246.383, 237.6392
1.533074, 0.1916559, 8.448972, 246.383, 250.8932
1.7328, 0.1916559, 8.459439, 261.6998, 250.738
1.7328, 0.3641559, 8.459439, 261.6998, 237.5018
1.7328, 0.3641559, 8.459439, 261.6998, 237.5018
1.7328, 0.1916559, 8.459439, 261.6998, 250.738
1.743722, 0.1916559, 8.251029, 263.155, 253.9073
1.743722, 0.3641558, 8.251029, 263.155, 240.3086
1.543996, 0.1916559, 8.240561, 247.4202, 254.071
1.743722, 0.1916559, 8.251029, 263.155, 253.9073
1.7328, 0.1916559, 8.459439, 261.6998, 250.738
1.533074, 0.1916559, 8.448972, 246.383, 250.8932
1.543996, 0.3641558, 8.240561, 247.4202, 240.4536
1.543996, 0.1916559, 8.240561, 247.4202, 254.071
1.533074, 0.1916559, 8.448972, 246.383, 250.8932
1.533074, 0.3641559, 8.448972, 246.383, 237.6392
1.743722, 0.3641558, 8.251029, 263.155, 240.3086
1.743722, 0.1916559, 8.251029, 263.155, 253.9073
1.543996, 0.1916559, 8.240561, 247.4202, 254.071
1.543996, 0.3641558, 8.240561, 247.4202, 240.4536
box_1_Parle-G-GOLD(Clone) stack 3 Shelf_0 Rack_0_0_0
1.726943, 0.5366558, 8.235771, 261.8761, 226.8941
1.528039, 0.5366558, 8.256677, 246.1474, 226.6419
1.549853, 0.5366558, 8.46423, 247.6572, 224.2109
1.748758, 0.5366558, 8.443324, 262.9716, 224.4499
1.549853, 0.5366558, 8.46423, 247.6572, 224.2109
1.549853, 0.3641559, 8.46423, 247.6572, 237.439
1.748758, 0.3641559, 8.443324, 262.9716, 237.7135
1.748758, 0.5366558, 8.443324, 262.9716, 224.4499
1.748758, 0.5366558, 8.443324, 262.9716, 224.4499
1.748758, 0.3641559, 8.443324, 262.9716, 237.7135
1.726943, 0.3641559, 8.235771, 261.8761, 240.5201
1.726943, 0.5366558, 8.235771, 261.8761, 226.8941
1.528039, 0.3641559, 8.256677, 246.1474, 240.2305
1.726943, 0.3641559, 8.235771, 261.8761, 240.5201
1.748758, 0.3641559, 8.443324, 262.9716, 237.7135
1.549853, 0.3641559, 8.46423, 247.6572, 237.439
1.528039, 0.5366558, 8.256677, 246.1474, 226.6419
1.528039, 0.3641559, 8.256677, 246.1474, 240.2305
1.549853, 0.3641559, 8.46423, 247.6572, 237.439
1.549853, 0.5366558, 8.46423, 247.6572, 224.2109
1.726943, 0.5366558, 8.235771, 261.8761, 226.8941
1.726943, 0.3641559, 8.235771, 261.8761, 240.5201
1.528039, 0.3641559, 8.256677, 246.1474, 240.2305
1.528039, 0.5366558, 8.256677, 246.1474, 226.6419
box_1_Parle-G-GOLD(Clone) stack 3 Shelf_0 Rack_0_0_0
1.747112, 0.7091558, 8.254766, 263.4107, 213.0729
1.547873, 0.7091558, 8.237334, 247.7295, 213.252
1.529684, 0.7091558, 8.445235, 246.1255, 211.1677
1.728923, 0.7091558, 8.462667, 261.3935, 210.998
1.529684, 0.7091558, 8.445235, 246.1255, 211.1677
1.529684, 0.5366558, 8.445235, 246.1255, 224.428
1.728923, 0.5366558, 8.462667, 261.3935, 224.2287
1.728923, 0.7091558, 8.462667, 261.3935, 210.998
1.728923, 0.7091558, 8.462667, 261.3935, 210.998
1.728923, 0.5366558, 8.462667, 261.3935, 224.2287
1.747112, 0.5366558, 8.254766, 263.4107, 226.6649
1.747112, 0.7091558, 8.254766, 263.4107, 213.0729
1.547873, 0.5366558, 8.237334, 247.7295, 226.8752
1.747112, 0.5366558, 8.254766, 263.4107, 226.6649
1.728923, 0.5366558, 8.462667, 261.3935, 224.2287
1.529684, 0.5366558, 8.445235, 246.1255, 224.428
1.547873, 0.7091558, 8.237334, 247.7295, 213.252
1.547873, 0.5366558, 8.237334, 247.7295, 226.8752
1.529684, 0.5366558, 8.445235, 246.1255, 224.428
1.529684, 0.7091558, 8.445235, 246.1255, 211.1677
1.747112, 0.7091558, 8.254766, 263.4107, 213.0729
1.747112, 0.5366558, 8.254766, 263.4107, 226.6649
1.547873, 0.5366558, 8.237334, 247.7295, 226.8752
1.547873, 0.7091558, 8.237334, 247.7295, 213.252
box_1_Parle-G-GOLD(Clone) stack 3 Shelf_0 Rack_0_0_0
1.734695, 0.8816558, 8.242226, 262.4694, 199.5872
1.534817, 0.8816558, 8.249206, 246.688, 199.528
1.542101, 0.8816558, 8.457774, 247.0686, 197.8064
1.741979, 0.8816558, 8.450795, 262.4289, 197.8625
1.542101, 0.8816558, 8.457774, 247.0686, 197.8064
1.542101, 0.7091558, 8.457774, 247.0686, 211.0455
1.741979, 0.7091558, 8.450795, 262.4289, 211.1134
1.741979, 0.8816558, 8.450795, 262.4289, 197.8625
1.741979, 0.8816558, 8.450795, 262.4289, 197.8625
1.741979, 0.7091558, 8.450795, 262.4289, 211.1134
1.734695, 0.7091557, 8.242227, 262.4694, 213.2016
1.734695, 0.8816558, 8.242226, 262.4694, 199.5872
1.534817, 0.7091557, 8.249206, 246.688, 213.1299
1.734695, 0.7091557, 8.242227, 262.4694, 213.2016
1.741979, 0.7091558, 8.450795, 262.4289, 211.1134
1.542101, 0.7091558, 8.457774, 247.0686, 211.0455
1.534817, 0.8816558, 8.249206, 246.688, 199.528
1.534817, 0.7091557, 8.249206, 246.688, 213.1299
1.542101, 0.7091558, 8.457774, 247.0686, 211.0455
1.542101, 0.8816558, 8.457774, 247.0686, 197.8064
1.734695, 0.8816558, 8.242226, 262.4694, 199.5872
1.734695, 0.7091557, 8.242227, 262.4694, 213.2016
1.534817, 0.7091557, 8.249206, 246.688, 213.1299
1.534817, 0.8816558, 8.249206, 246.688, 199.528
box_6_melody(Clone) stack 4 Shelf_0 Rack_0_0_0
1.361732, 0.2073493, 8.228273, 233.0207, 253.023
1.161762, 0.2073493, 8.231764, 217.2197, 252.9687
1.165951, 0.2073493, 8.471727, 218.2386, 249.3542
1.365921, 0.2073493, 8.468237, 233.5557, 249.4051
1.165951, 0.2073493, 8.471727, 218.2386, 249.3542
1.165951, 0.01984932, 8.471727, 218.2386, 263.7188
1.365921, 0.01984932, 8.468237, 233.5557, 263.7762
1.365921, 0.2073493, 8.468237, 233.5557, 249.4051
1.365921, 0.2073493, 8.468237, 233.5557, 249.4051
1.365921, 0.01984932, 8.468237, 233.5557, 263.7762
1.361732, 0.01984929, 8.228273, 233.0207, 267.8484
1.361732, 0.2073493, 8.228273, 233.0207, 253.023
1.161762, 0.01984929, 8.231764, 217.2197, 267.7874
1.361732, 0.01984929, 8.228273, 233.0207, 267.8484
1.365921, 0.01984932, 8.468237, 233.5557, 263.7762
1.165951, 0.01984932, 8.471727, 218.2386, 263.7188
1.161762, 0.2073493, 8.231764, 217.2197, 252.9687
1.161762, 0.01984929, 8.231764, 217.2197, 267.7874
1.165951, 0.01984932, 8.471727, 218.2386, 263.7188
1.165951, 0.2073493, 8.471727, 218.2386, 249.3542
1.361732, 0.2073493, 8.228273, 233.0207, 253.023
1.361732, 0.01984929, 8.228273, 233.0207, 267.8484
1.161762, 0.01984929, 8.231764, 217.2197, 267.7874
1.161762, 0.2073493, 8.231764, 217.2197, 252.9687
box_6_melody(Clone) stack 4 Shelf_0 Rack_0_0_0
1.35075, 0.3948492, 8.220205, 232.1441, 238.3073
1.151846, 0.3948492, 8.241111, 216.465, 238.0232
1.176933, 0.3948492, 8.479795, 219.1015, 234.8866
1.375837, 0.3948492, 8.45889, 234.309, 235.1537
1.176933, 0.3948492, 8.479795, 219.1015, 234.8866
1.176933, 0.2073492, 8.479795, 219.1015, 249.2365
1.375837, 0.2073492, 8.45889, 234.309, 249.5419
1.375837, 0.3948492, 8.45889, 234.309, 235.1537
1.375837, 0.3948492, 8.45889, 234.309, 235.1537
1.375837, 0.2073492, 8.45889, 234.309, 249.5419
1.35075, 0.2073492, 8.220205, 232.1441, 253.1486
1.35075, 0.3948492, 8.220205, 232.1441, 238.3073
1.151846, 0.2073492, 8.241111, 216.465, 252.8236
1.35075, 0.2073492, 8.220205, 232.1441, 253.1486
1.375837, 0.2073492, 8.45889, 234.309, 249.5419
1.176933, 0.2073492, 8.479795, 219.1015, 249.2365
1.151846, 0.3948492, 8.241111, 216.465, 238.0232
1.151846, 0.2073492, 8.241111, 216.465, 252.8236
1.176933, 0.2073492, 8.479795, 219.1015, 249.2365
1.176933, 0.3948492, 8.479795, 219.1015, 234.8866
1.35075, 0.3948492, 8.220205, 232.1441, 238.3073
1.35075, 0.2073492, 8.220205, 232.1441, 253.1486
1.151846, 0.2073492, 8.241111, 216.465, 252.8236
1.151846, 0.3948492, 8.241111, 216.465, 238.0232
box4_Fairever(Clone) stack 5 Shelf_1 Rack_0_0_0
1.331499, 1.369311, 8.2284, 230.6304, 161.1469
1.13162, 1.369311, 8.23538, 214.8495, 161.1229
1.139869, 1.369311, 8.471601, 216.2401, 160.335
1.339748, 1.369311, 8.464621, 231.5457, 160.3575
1.139869, 1.369311, 8.471601, 216.2401, 160.335
1.139869, 1.204311, 8.471601, 216.2401, 172.976
1.339748, 1.204311, 8.464621, 231.5457, 173.0099
1.339748, 1.369311, 8.464621, 231.5457, 160.3575
1.339748, 1.369311, 8.464621, 231.5457, 160.3575
1.339748, 1.204311, 8.464621, 231.5457, 173.0099
1.331499, 1.204311, 8.2284, 230.6304, 174.1931
1.331499, 1.369311, 8.2284, 230.6304, 161.1469
1.13162, 1.204311, 8.23538, 214.8495, 174.1571
1.331499, 1.204311, 8.2284, 230.6304, 174.1931
1.339748, 1.204311, 8.464621, 231.5457, 173.0099
1.139869, 1.204311, 8.471601, 216.2401, 172.976
1.13162, 1.369311, 8.23538, 214.8495, 161.1229
1.13162, 1.204311, 8.23538, 214.8495, 174.1571
1.139869, 1.204311, 8.471601, 216.2401, 172.976
1.139869, 1.369311, 8.471601, 216.2401, 160.335
1.331499, 1.369311, 8.2284, 230.6304, 161.1469
1.331499, 1.204311, 8.2284, 230.6304, 174.1931
1.13162, 1.204311, 8.23538, 214.8495, 174.1571
1.13162, 1.369311, 8.23538, 214.8495, 161.1229
box4_Fairever(Clone) stack 5 Shelf_1 Rack_0_0_0
1.349341, 1.534311, 8.244886, 232.0584, 148.0723
1.150832, 1.534311, 8.220512, 216.3208, 148.1143
1.122027, 1.534311, 8.455114, 214.8201, 147.7206
1.320536, 1.534311, 8.479488, 230.0914, 147.6811
1.122027, 1.534311, 8.455114, 214.8201, 147.7206
1.122027, 1.369311, 8.455114, 214.8201, 160.3884
1.320536, 1.369311, 8.479488, 230.0914, 160.3094
1.320536, 1.534311, 8.479488, 230.0914, 147.6811
1.320536, 1.534311, 8.479488, 230.0914, 147.6811
1.320536, 1.369311, 8.479488, 230.0914, 160.3094
1.349341, 1.369311, 8.244886, 232.0584, 161.0902
1.349341, 1.534311, 8.244886, 232.0584, 148.0723
1.150832, 1.369311, 8.220512, 216.3208, 161.1741
1.349341, 1.369311, 8.244886, 232.0584, 161.0902
1.320536, 1.369311, 8.479488, 230.0914, 160.3094
1.122027, 1.369311, 8.455114, 214.8201, 160.3884
1.150832, 1.534311, 8.220512, 216.3208, 148.1143
1.150832, 1.369311, 8.220512, 216.3208, 161.1741
1.122027, 1.369311, 8.455114, 214.8201, 160.3884
1.122027, 1.534311, 8.455114, 214.8201, 147.7206
1.349341, 1.534311, 8.244886, 232.0584, 148.0723
1.349341, 1.369311, 8.244886, 232.0584, 161.0902
1.150832, 1.369311, 8.220512, 216.3208, 161.1741
1.150832, 1.534311, 8.220512, 216.3208, 148.1143
box4_Fairever(Clone) stack 5 Shelf_1 Rack_0_0_0
1.337731, 1.699311, 8.233582, 231.1292, 135.0544
1.137762, 1.699311, 8.230091, 215.3175, 135.0544
1.133637, 1.699311, 8.466419, 215.7465, 135.0528
1.333606, 1.699311, 8.46991, 231.0808, 135.0528
1.133637, 1.699311, 8.466419, 215.7465, 135.0528
1.133637, 1.534311, 8.466419, 215.7465, 147.7023
1.333606, 1.534311, 8.46991, 231.0808, 147.6966
1.333606, 1.699311, 8.46991, 231.0808, 135.0528
1.333606, 1.699311, 8.46991, 231.0808, 135.0528
1.333606, 1.534311, 8.46991, 231.0808, 147.6966
1.337731, 1.534311, 8.233582, 231.1292, 148.0918
1.337731, 1.699311, 8.233582, 231.1292, 135.0544
1.137762, 1.534311, 8.230091, 215.3175, 148.0978
1.337731, 1.534311, 8.233582, 231.1292, 148.0918
1.333606, 1.534311, 8.46991, 231.0808, 147.6966
1.133637, 1.534311, 8.466419, 215.7465, 147.7023
1.137762, 1.699311, 8.230091, 215.3175, 135.0544
1.137762, 1.534311, 8.230091, 215.3175, 148.0978
1.133637, 1.534311, 8.466419, 215.7465, 147.7023
1.133637, 1.699311, 8.466419, 215.7465, 135.0528
1.337731, 1.699311, 8.233582, 231.1292, 135.0544
1.337731, 1.534311, 8.233582, 231.1292, 148.0918
1.137762, 1.534311, 8.230091, 215.3175, 148.0978
1.137762, 1.699311, 8.230091, 215.3175, 135.0544
box4_Fairever(Clone) stack 5 Shelf_1 Rack_0_0_0
1.34749, 1.864311, 8.242919, 231.9102, 122.0331
1.148585, 1.864311, 8.222013, 216.1477, 121.9973
1.123878, 1.864311, 8.457082, 214.9686, 122.3883
1.322783, 1.864311, 8.477987, 230.2615, 122.422
1.123878, 1.864311, 8.457082, 214.9686, 122.3883
1.123878, 1.699311, 8.457082, 214.9686, 135.0529
1.322783, 1.699311, 8.477987, 230.2615, 135.0527
1.322783, 1.864311, 8.477987, 230.2615, 122.422
1.322783, 1.864311, 8.477987, 230.2615, 122.422
1.322783, 1.699311, 8.477987, 230.2615, 135.0527
1.34749, 1.699311, 8.242919, 231.9102, 135.0544
1.34749, 1.864311, 8.242919, 231.9102, 122.0331
1.148585, 1.699311, 8.222013, 216.1477, 135.0545
1.34749, 1.699311, 8.242919, 231.9102, 135.0544
1.322783, 1.699311, 8.477987, 230.2615, 135.0527
1.123878, 1.699311, 8.457082, 214.9686, 135.0529
1.148585, 1.864311, 8.222013, 216.1477, 121.9973
1.148585, 1.699311, 8.222013, 216.1477, 135.0545
1.123878, 1.699311, 8.457082, 214.9686, 135.0529
1.123878, 1.864311, 8.457082, 214.9686, 122.3883
1.34749, 1.864311, 8.242919, 231.9102, 122.0331
1.34749, 1.699311, 8.242919, 231.9102, 135.0544
1.148585, 1.699311, 8.222013, 216.1477, 135.0545
1.148585, 1.864311, 8.222013, 216.1477, 121.9973
box4_Fairever(Clone) stack 5 Shelf_1 Rack_0_0_0
1.34749, 2.029311, 8.242919, 231.9102, 109.0117
1.148585, 2.029311, 8.222013, 216.1477, 108.9401
1.123878, 2.029311, 8.457082, 214.9686, 109.7237
1.322783, 2.029311, 8.477987, 230.2615, 109.7911
1.123878, 2.029311, 8.457082, 214.9686, 109.7237
1.123878, 1.864311, 8.457082, 214.9686, 122.3883
1.322783, 1.864311, 8.477987, 230.2615, 122.4219
1.322783, 2.029311, 8.477987, 230.2615, 109.7911
1.322783, 2.029311, 8.477987, 230.2615, 109.7911
1.322783, 1.864311, 8.477987, 230.2615, 122.4219
1.34749, 1.864311, 8.242919, 231.9102, 122.033
1.34749, 2.029311, 8.242919, 231.9102, 109.0117
1.148585, 1.864311, 8.222013, 216.1477, 121.9973
1.34749, 1.864311, 8.242919, 231.9102, 122.033
1.322783, 1.864311, 8.477987, 230.2615, 122.4219
1.123878, 1.864311, 8.457082, 214.9686, 122.3883
1.148585, 2.029311, 8.222013, 216.1477, 108.9401
1.148585, 1.864311, 8.222013, 216.1477, 121.9973
1.123878, 1.864311, 8.457082, 214.9686, 122.3883
1.123878, 2.029311, 8.457082, 214.9686, 109.7237
1.34749, 2.029311, 8.242919, 231.9102, 109.0117
1.34749, 1.864311, 8.242919, 231.9102, 122.033
1.148585, 1.864311, 8.222013, 216.1477, 121.9973
1.148585, 2.029311, 8.222013, 216.1477, 108.9401
box_2_Parle-G(Clone) stack 7 Shelf_1 Rack_0_0_0
2.106623, 1.459015, 8.291327, 291.491, 153.8975
1.907385, 1.459015, 8.273895, 275.949, 153.9406
1.895593, 1.459015, 8.408674, 274.4146, 153.612
2.094832, 1.459015, 8.426105, 289.691, 153.5703
1.895593, 1.459015, 8.408674, 274.4146, 153.612
1.895593, 1.204015, 8.408674, 274.4146, 173.3065
2.094832, 1.204015, 8.426105, 289.691, 173.2208
2.094832, 1.459015, 8.426105, 289.691, 153.5703
2.094832, 1.459015, 8.426105, 289.691, 153.5703
2.094832, 1.204015, 8.426105, 289.691, 173.2208
2.106623, 1.204015, 8.291327, 291.491, 173.894
2.106623, 1.459015, 8.291327, 291.491, 153.8975
1.907385, 1.204015, 8.273895, 275.949, 173.9828
2.106623, 1.204015, 8.291327, 291.491, 173.894
2.094832, 1.204015, 8.426105, 289.691, 173.2208
1.895593, 1.204015, 8.408674, 274.4146, 173.3065
1.907385, 1.459015, 8.273895, 275.949, 153.9406
1.907385, 1.204015, 8.273895, 275.949, 173.9828
1.895593, 1.204015, 8.408674, 274.4146, 173.3065
1.895593, 1.459015, 8.408674, 274.4146, 153.612
2.106623, 1.459015, 8.291327, 291.491, 153.8975
2.106623, 1.204015, 8.291327, 291.491, 173.894
1.907385, 1.204015, 8.273895, 275.949, 173.9828
1.907385, 1.459015, 8.273895, 275.949, 153.9406
box_2_Parle-G(Clone) stack 7 Shelf_1 Rack_0_0_0
2.103408, 1.714015, 8.285885, 291.2753, 133.9002
1.90353, 1.714015, 8.278905, 275.6227, 133.8992
1.898808, 1.714015, 8.414116, 274.6387, 133.9183
2.098686, 1.714015, 8.421096, 290.0202, 133.9193
1.898808, 1.714015, 8.414116, 274.6387, 133.9183
1.898808, 1.459015, 8.414116, 274.6387, 153.599
2.098686, 1.459015, 8.421096, 290.0202, 153.5823
2.098686, 1.714015, 8.421096, 290.0202, 133.9193
2.098686, 1.714015, 8.421096, 290.0202, 133.9193
2.098686, 1.459015, 8.421096, 290.0202, 153.5823
2.103408, 1.459015, 8.285885, 291.2753, 153.9109
2.103408, 1.714015, 8.285885, 291.2753, 133.9002
1.90353, 1.459015, 8.278905, 275.6227, 153.9282
2.103408, 1.459015, 8.285885, 291.2753, 153.9109
2.098686, 1.459015, 8.421096, 290.0202, 153.5823
1.898808, 1.459015, 8.414116, 274.6387, 153.599
1.90353, 1.714015, 8.278905, 275.6227, 133.8992
1.90353, 1.459015, 8.278905, 275.6227, 153.9282
1.898808, 1.459015, 8.414116, 274.6387, 153.599
1.898808, 1.714015, 8.414116, 274.6387, 133.9183
2.103408, 1.714015, 8.285885, 291.2753, 133.9002
2.103408, 1.459015, 8.285885, 291.2753, 153.9109
1.90353, 1.459015, 8.278905, 275.6227, 153.9282
1.90353, 1.714015, 8.278905, 275.6227, 133.8992
box_2_Parle-G(Clone) stack 7 Shelf_1 Rack_0_0_0
2.105583, 1.969016, 8.289494, 291.4218, 113.8994
1.906071, 1.969016, 8.275542, 275.838, 113.8608
1.896633, 1.969016, 8.410507, 274.4868, 114.228
2.096146, 1.969016, 8.424459, 289.8028, 114.2652
1.896633, 1.969016, 8.410507, 274.4868, 114.228
1.896633, 1.714015, 8.410507, 274.4868, 133.9178
2.096146, 1.714015, 8.424459, 289.8028, 133.9197
2.096146, 1.969016, 8.424459, 289.8028, 114.2652
2.096146, 1.969016, 8.424459, 289.8028, 114.2652
2.096146, 1.714015, 8.424459, 289.8028, 133.9197
2.105583, 1.714015, 8.289494, 291.4218, 133.9007
2.105583, 1.969016, 8.289494, 291.4218, 113.8994
1.906071, 1.714015, 8.275542, 275.838, 133.8987
2.105583, 1.714015, 8.289494, 291.4218, 133.9007
2.096146, 1.714015, 8.424459, 289.8028, 133.9197
1.896633, 1.714015, 8.410507, 274.4868, 133.9178
1.906071, 1.969016, 8.275542, 275.838, 113.8608
1.906071, 1.714015, 8.275542, 275.838, 133.8987
1.896633, 1.714015, 8.410507, 274.4868, 133.9178
1.896633, 1.969016, 8.410507, 274.4868, 114.228
2.105583, 1.969016, 8.289494, 291.4218, 113.8994
2.105583, 1.714015, 8.289494, 291.4218, 133.9007
1.906071, 1.714015, 8.275542, 275.838, 133.8987
1.906071, 1.969016, 8.275542, 275.838, 113.8608
box_7_litchi(Clone) stack 9 Shelf_1 Rack_0_0_0
2.883061, 1.414419, 8.257219, 352.8807, 157.4949
2.683548, 1.414419, 8.243268, 337.3436, 157.5362
2.669597, 1.414419, 8.442781, 333.7817, 156.9599
2.86911, 1.414419, 8.456733, 348.9286, 156.9207
2.669597, 1.414419, 8.442781, 333.7817, 156.9599
2.669597, 1.204419, 8.442781, 333.7817, 173.108
2.86911, 1.204419, 8.456733, 348.9286, 173.04
2.86911, 1.414419, 8.456733, 348.9286, 156.9207
2.86911, 1.414419, 8.456733, 348.9286, 156.9207
2.86911, 1.204419, 8.456733, 348.9286, 173.04
2.883061, 1.204419, 8.257219, 352.8807, 174.0364
2.883061, 1.414419, 8.257219, 352.8807, 157.4949
2.683548, 1.204419, 8.243268, 337.3436, 174.108
2.883061, 1.204419, 8.257219, 352.8807, 174.0364
2.86911, 1.204419, 8.456733, 348.9286, 173.04
2.669597, 1.204419, 8.442781, 333.7817, 173.108
2.683548, 1.414419, 8.243268, 337.3436, 157.5362
2.683548, 1.204419, 8.243268, 337.3436, 174.108
2.669597, 1.204419, 8.442781, 333.7817, 173.108
2.669597, 1.414419, 8.442781, 333.7817, 156.9599
2.883061, 1.414419, 8.257219, 352.8807, 157.4949
2.883061, 1.204419, 8.257219, 352.8807, 174.0364
2.683548, 1.204419, 8.243268, 337.3436, 174.108
2.683548, 1.414419, 8.243268, 337.3436, 157.5362
box_7_litchi(Clone) stack 9 Shelf_1 Rack_0_0_0
2.886234, 1.624419, 8.261001, 353.0745, 140.9505
2.68733, 1.624419, 8.240095, 337.6827, 140.9669
2.666424, 1.624419, 8.439, 333.5831, 140.8147
2.865329, 1.624419, 8.459906, 348.5943, 140.7991
2.666424, 1.624419, 8.439, 333.5831, 140.8147
2.666424, 1.414419, 8.439, 333.5831, 156.9706
2.865329, 1.414419, 8.459906, 348.5943, 156.9119
2.865329, 1.624419, 8.459906, 348.5943, 140.7991
2.865329, 1.624419, 8.459906, 348.5943, 140.7991
2.865329, 1.414419, 8.459906, 348.5943, 156.9119
2.886234, 1.414419, 8.261001, 353.0745, 157.4837
2.886234, 1.624419, 8.261001, 353.0745, 140.9505
2.68733, 1.414419, 8.240095, 337.6827, 157.5456
2.886234, 1.414419, 8.261001, 353.0745, 157.4837
2.865329, 1.414419, 8.459906, 348.5943, 156.9119
2.666424, 1.414419, 8.439, 333.5831, 156.9706
2.68733, 1.624419, 8.240095, 337.6827, 140.9669
2.68733, 1.414419, 8.240095, 337.6827, 157.5456
2.666424, 1.414419, 8.439, 333.5831, 156.9706
2.666424, 1.624419, 8.439, 333.5831, 140.8147
2.886234, 1.624419, 8.261001, 353.0745, 140.9505
2.886234, 1.414419, 8.261001, 353.0745, 157.4837
2.68733, 1.414419, 8.240095, 337.6827, 157.5456
2.68733, 1.624419, 8.240095, 337.6827, 140.9669
box_7_litchi(Clone) stack 9 Shelf_1 Rack_0_0_0
2.878059, 1.834419, 8.25176, 352.5674, 124.4044
2.67809, 1.834419, 8.24827, 336.8491, 124.3995
2.674599, 1.834419, 8.44824, 334.1005, 124.671
2.874569, 1.834419, 8.451731, 349.4177, 124.6756
2.674599, 1.834419, 8.44824, 334.1005, 124.671
2.674599, 1.624419, 8.44824, 334.1005, 140.8078
2.874569, 1.624419, 8.451731, 349.4177, 140.8052
2.874569, 1.834419, 8.451731, 349.4177, 124.6756
2.874569, 1.834419, 8.451731, 349.4177, 124.6756
2.874569, 1.624419, 8.451731, 349.4177, 140.8052
2.878059, 1.624419, 8.25176, 352.5674, 140.9577
2.878059, 1.834419, 8.25176, 352.5674, 124.4044
2.67809, 1.624419, 8.24827, 336.8491, 140.9604
2.878059, 1.624419, 8.25176, 352.5674, 140.9577
2.874569, 1.624419, 8.451731, 349.4177, 140.8052
2.674599, 1.624419, 8.44824, 334.1005, 140.8078
2.67809, 1.834419, 8.24827, 336.8491, 124.3995
2.67809, 1.624419, 8.24827, 336.8491, 140.9604
2.674599, 1.624419, 8.44824, 334.1005, 140.8078
2.674599, 1.834419, 8.44824, 334.1005, 124.671
2.878059, 1.834419, 8.25176, 352.5674, 124.4044
2.878059, 1.624419, 8.25176, 352.5674, 140.9577
2.67809, 1.624419, 8.24827, 336.8491, 140.9604
2.67809, 1.834419, 8.24827, 336.8491, 124.3995
box_7_litchi(Clone) stack 9 Shelf_1 Rack_0_0_0
2.879758, 2.044419, 8.253551, 352.6748, 107.8574
2.67988, 2.044419, 8.246572, 337.0119, 107.8325
2.6729, 2.044419, 8.446449, 333.9915, 108.5281
2.872778, 2.044419, 8.453429, 349.2564, 108.5518
2.6729, 2.044419, 8.446449, 333.9915, 108.5281
2.6729, 1.834419, 8.446449, 333.9915, 124.6686
2.872778, 1.834419, 8.453429, 349.2564, 124.6779
2.872778, 2.044419, 8.453429, 349.2564, 108.5518
2.872778, 2.044419, 8.453429, 349.2564, 108.5518
2.872778, 1.834419, 8.453429, 349.2564, 124.6779
2.879758, 1.834419, 8.253551, 352.6748, 124.4069
2.879758, 2.044419, 8.253551, 352.6748, 107.8574
2.67988, 1.834419, 8.246572, 337.0119, 124.3971
2.879758, 1.834419, 8.253551, 352.6748, 124.4069
2.872778, 1.834419, 8.453429, 349.2564, 124.6779
2.6729, 1.834419, 8.446449, 333.9915, 124.6686
2.67988, 2.044419, 8.246572, 337.0119, 107.8325
2.67988, 1.834419, 8.246572, 337.0119, 124.3971
2.6729, 1.834419, 8.446449, 333.9915, 124.6686
2.6729, 2.044419, 8.446449, 333.9915, 108.5281
2.879758, 2.044419, 8.253551, 352.6748, 107.8574
2.879758, 1.834419, 8.253551, 352.6748, 124.4069
2.67988, 1.834419, 8.246572, 337.0119, 124.3971
2.67988, 2.044419, 8.246572, 337.0119, 107.8325
box_6_melody(Clone) stack 13 Shelf_2 Rack_0_0_0
1.703699, 2.576536, 8.220205, 260.0812, 65.61905
1.504795, 2.576536, 8.241111, 244.3253, 65.80988
1.529881, 2.576536, 8.479795, 246.1136, 67.91638
1.728786, 2.576536, 8.45889, 261.3933, 67.73701
1.529881, 2.576536, 8.479795, 246.1136, 67.91638
1.529881, 2.389036, 8.479795, 246.1136, 82.26625
1.728786, 2.389036, 8.45889, 261.3933, 82.12526
1.728786, 2.576536, 8.45889, 261.3933, 67.73701
1.728786, 2.576536, 8.45889, 261.3933, 67.73701
1.728786, 2.389036, 8.45889, 261.3933, 82.12526
1.703699, 2.389036, 8.220205, 260.0812, 80.46034
1.703699, 2.576536, 8.220205, 260.0812, 65.61905
1.504795, 2.389036, 8.241111, 244.3253, 80.61034
1.703699, 2.389036, 8.220205, 260.0812, 80.46034
1.728786, 2.389036, 8.45889, 261.3933, 82.12526
1.529881, 2.389036, 8.479795, 246.1136, 82.26625
1.504795, 2.576536, 8.241111, 244.3253, 65.80988
1.504795, 2.389036, 8.241111, 244.3253, 80.61034
1.529881, 2.389036, 8.479795, 246.1136, 82.26625
1.529881, 2.576536, 8.479795, 246.1136, 67.91638
1.703699, 2.576536, 8.220205, 260.0812, 65.61905
1.703699, 2.389036, 8.220205, 260.0812, 80.46034
1.504795, 2.389036, 8.241111, 244.3253, 80.61034
1.504795, 2.576536, 8.241111, 244.3253, 65.80988
box_8_lizol(Clone) stack 14 Shelf_2 Rack_0_0_0
1.35013, 2.565368, 8.237725, 232.1132, 66.661
1.151226, 2.565368, 8.21682, 216.3404, 66.47243
1.125427, 2.565368, 8.462276, 215.104, 68.62276
1.324332, 2.565368, 8.483181, 230.3864, 68.7997
1.125427, 2.565368, 8.462276, 215.104, 68.62276
1.125427, 2.389118, 8.462276, 215.104, 82.14185
1.324332, 2.389118, 8.483181, 230.3864, 82.28275
1.324332, 2.565368, 8.483181, 230.3864, 68.7997
1.324332, 2.565368, 8.483181, 230.3864, 68.7997
1.324332, 2.389118, 8.483181, 230.3864, 82.28275
1.35013, 2.389118, 8.237725, 232.1132, 80.57964
1.35013, 2.565368, 8.237725, 232.1132, 66.661
1.151226, 2.389118, 8.21682, 216.3404, 80.42947
1.35013, 2.389118, 8.237725, 232.1132, 80.57964
1.324332, 2.389118, 8.483181, 230.3864, 82.28275
1.125427, 2.389118, 8.462276, 215.104, 82.14185
1.151226, 2.565368, 8.21682, 216.3404, 66.47243
1.151226, 2.389118, 8.21682, 216.3404, 80.42947
1.125427, 2.389118, 8.462276, 215.104, 82.14185
1.125427, 2.565368, 8.462276, 215.104, 68.62276
1.35013, 2.565368, 8.237725, 232.1132, 66.661
1.35013, 2.389118, 8.237725, 232.1132, 80.57964
1.151226, 2.389118, 8.21682, 216.3404, 80.42947
1.151226, 2.565368, 8.21682, 216.3404, 66.47243
box_8_lizol(Clone) stack 14 Shelf_2 Rack_0_0_0
1.346143, 2.741618, 8.233872, 231.7942, 52.70061
1.146631, 2.741618, 8.219921, 215.9864, 52.54915
1.129414, 2.741618, 8.466128, 215.4219, 55.14302
1.328927, 2.741618, 8.48008, 230.7343, 55.28513
1.129414, 2.741618, 8.466128, 215.4219, 55.14302
1.129414, 2.565368, 8.466128, 215.4219, 68.65544
1.328927, 2.565368, 8.48008, 230.7343, 68.7735
1.328927, 2.741618, 8.48008, 230.7343, 55.28513
1.328927, 2.741618, 8.48008, 230.7343, 55.28513
1.328927, 2.565368, 8.48008, 230.7343, 68.7735
1.346143, 2.565368, 8.233872, 231.7942, 66.62631
1.346143, 2.741618, 8.233872, 231.7942, 52.70061
1.146631, 2.565368, 8.219921, 215.9864, 66.50047
1.346143, 2.565368, 8.233872, 231.7942, 66.62631
1.328927, 2.565368, 8.48008, 230.7343, 68.7735
1.129414, 2.565368, 8.466128, 215.4219, 68.65544
1.146631, 2.741618, 8.219921, 215.9864, 52.54915
1.146631, 2.565368, 8.219921, 215.9864, 66.50047
1.129414, 2.565368, 8.466128, 215.4219, 68.65544
1.129414, 2.741618, 8.466128, 215.4219, 55.14302
1.346143, 2.741618, 8.233872, 231.7942, 52.70061
1.346143, 2.565368, 8.233872, 231.7942, 66.62631
1.146631, 2.565368, 8.219921, 215.9864, 66.50047
1.146631, 2.741618, 8.219921, 215.9864, 52.54915
box_5_LMRR(Clone) stack 15 Shelf_0 Rack_0_0_1
0.63816, 0.162368, 8.198221, 175.5531, 257.063
0.4392556, 0.162368, 8.219127, 159.9846, 256.7263
0.4689637, 0.162368, 8.50178, 165.1287, 252.3499
0.667868, 0.162368, 8.480874, 180.1496, 252.6628
0.4689637, 0.162368, 8.50178, 165.1287, 252.3499
0.4689637, 0.019868, 8.50178, 165.1287, 263.2253
0.667868, 0.019868, 8.480874, 180.1496, 263.5672
0.667868, 0.162368, 8.480874, 180.1496, 252.6628
0.667868, 0.162368, 8.480874, 180.1496, 252.6628
0.667868, 0.019868, 8.480874, 180.1496, 263.5672
0.63816, 0.019868, 8.198221, 175.5531, 268.3752
0.63816, 0.162368, 8.198221, 175.5531, 257.063
0.4392556, 0.019868, 8.219127, 159.9846, 268.0073
0.63816, 0.019868, 8.198221, 175.5531, 268.3752
0.667868, 0.019868, 8.480874, 180.1496, 263.5672
0.4689637, 0.019868, 8.50178, 165.1287, 263.2253
0.4392556, 0.162368, 8.219127, 159.9846, 256.7263
0.4392556, 0.019868, 8.219127, 159.9846, 268.0073
0.4689637, 0.019868, 8.50178, 165.1287, 263.2253
0.4689637, 0.162368, 8.50178, 165.1287, 252.3499
0.63816, 0.162368, 8.198221, 175.5531, 257.063
0.63816, 0.019868, 8.198221, 175.5531, 268.3752
0.4392556, 0.019868, 8.219127, 159.9846, 268.0073
0.4392556, 0.162368, 8.219127, 159.9846, 256.7263
box_5_LMRR(Clone) stack 15 Shelf_0 Rack_0_0_1
0.640796, 0.304868, 8.19972, 175.7751, 245.7289
0.441557, 0.304868, 8.217152, 160.146, 245.4741
0.4663276, 0.304868, 8.50028, 164.9132, 241.4948
0.6655666, 0.304868, 8.482849, 179.9887, 241.7315
0.4663276, 0.304868, 8.50028, 164.9132, 241.4948
0.4663276, 0.162368, 8.50028, 164.9132, 252.3723
0.6655666, 0.162368, 8.482849, 179.9887, 252.6332
0.6655666, 0.304868, 8.482849, 179.9887, 241.7315
0.6655666, 0.304868, 8.482849, 179.9887, 241.7315
0.6655666, 0.162368, 8.482849, 179.9887, 252.6332
0.640796, 0.162368, 8.19972, 175.7751, 257.0388
0.640796, 0.304868, 8.19972, 175.7751, 245.7289
0.441557, 0.162368, 8.217152, 160.146, 256.7581
0.640796, 0.162368, 8.19972, 175.7751, 257.0388
0.6655666, 0.162368, 8.482849, 179.9887, 252.6332
0.4663276, 0.162368, 8.50028, 164.9132, 252.3723
0.441557, 0.304868, 8.217152, 160.146, 245.4741
0.441557, 0.162368, 8.217152, 160.146, 256.7581
0.4663276, 0.162368, 8.50028, 164.9132, 252.3723
0.4663276, 0.304868, 8.50028, 164.9132, 241.4948
0.640796, 0.304868, 8.19972, 175.7751, 245.7289
0.640796, 0.162368, 8.19972, 175.7751, 257.0388
0.441557, 0.162368, 8.217152, 160.146, 256.7581
0.441557, 0.304868, 8.217152, 160.146, 245.4741
box_5_LMRR(Clone) stack 15 Shelf_0 Rack_0_0_1
0.6560267, 0.447368, 8.209662, 177.0667, 234.2884
0.4560571, 0.447368, 8.206172, 161.18, 234.3342
0.451097, 0.447368, 8.490338, 163.654, 230.7384
0.6510665, 0.447368, 8.493829, 178.9648, 230.6959
0.451097, 0.447368, 8.490338, 163.654, 230.7384
0.451097, 0.304868, 8.490338, 163.654, 241.6297
0.6510665, 0.304868, 8.493829, 178.9648, 241.5823
0.6510665, 0.447368, 8.493829, 178.9648, 230.6959
0.6510665, 0.447368, 8.493829, 178.9648, 230.6959
0.6510665, 0.304868, 8.493829, 178.9648, 241.5823
0.6560267, 0.3048679, 8.209662, 177.0667, 245.5834
0.6560267, 0.447368, 8.209662, 177.0667, 234.2884
0.4560571, 0.3048679, 8.206172, 161.18, 245.6345
0.6560267, 0.3048679, 8.209662, 177.0667, 245.5834
0.6510665, 0.304868, 8.493829, 178.9648, 241.5823
0.451097, 0.304868, 8.490338, 163.654, 241.6297
0.4560571, 0.447368, 8.206172, 161.18, 234.3342
0.4560571, 0.3048679, 8.206172, 161.18, 245.6345
0.451097, 0.304868, 8.490338, 163.654, 241.6297
0.451097, 0.447368, 8.490338, 163.654, 230.7384
0.6560267, 0.447368, 8.209662, 177.0667, 234.2884
0.6560267, 0.3048679, 8.209662, 177.0667, 245.5834
0.4560571, 0.3048679, 8.206172, 161.18, 245.6345
0.4560571, 0.447368, 8.206172, 161.18, 234.3342
box_5_LMRR(Clone) stack 15 Shelf_0 Rack_0_0_1
0.667868, 0.5898679, 8.219127, 178.0827, 222.8834
0.4689637, 0.5898679, 8.198221, 162.1217, 223.1265
0.4392556, 0.5898679, 8.480874, 162.6557, 219.9496
0.63816, 0.5898679, 8.50178, 178.0415, 219.7237
0.4392556, 0.5898679, 8.480874, 162.6557, 219.9496
0.4392556, 0.4473679, 8.480874, 162.6557, 230.854
0.63816, 0.4473679, 8.50178, 178.0415, 230.5991
0.63816, 0.5898679, 8.50178, 178.0415, 219.7237
0.63816, 0.5898679, 8.50178, 178.0415, 219.7237
0.63816, 0.4473679, 8.50178, 178.0415, 230.5991
0.667868, 0.4473679, 8.219127, 178.0827, 234.1644
0.667868, 0.5898679, 8.219127, 178.0827, 222.8834
0.4689637, 0.4473679, 8.198221, 162.1217, 234.4386
0.667868, 0.4473679, 8.219127, 178.0827, 234.1644
0.63816, 0.4473679, 8.50178, 178.0415, 230.5991
0.4392556, 0.4473679, 8.480874, 162.6557, 230.854
0.4689637, 0.5898679, 8.198221, 162.1217, 223.1265
0.4689637, 0.4473679, 8.198221, 162.1217, 234.4386
0.4392556, 0.4473679, 8.480874, 162.6557, 230.854
0.4392556, 0.5898679, 8.480874, 162.6557, 219.9496
0.667868, 0.5898679, 8.219127, 178.0827, 222.8834
0.667868, 0.4473679, 8.219127, 178.0827, 234.1644
0.4689637, 0.4473679, 8.198221, 162.1217, 234.4386
0.4689637, 0.5898679, 8.198221, 162.1217, 223.1265
box_3_Hareli(Clone) stack 16 Shelf_0 Rack_0_0_1
0.2824399, 0.1692639, 8.253007, 147.9817, 255.6411
0.08393069, 0.1692639, 8.228633, 131.9909, 256.0286
0.05711944, 0.1692639, 8.446994, 132.9513, 252.6435
0.2556287, 0.1692639, 8.471368, 148.4933, 252.2773
0.05711944, 0.1692639, 8.446994, 132.9513, 252.6435
0.05711944, 0.01926387, 8.446994, 132.9513, 264.1716
0.2556287, 0.01926387, 8.471368, 148.4933, 263.7696
0.2556287, 0.1692639, 8.471368, 148.4933, 252.2773
0.2556287, 0.1692639, 8.471368, 148.4933, 252.2773
0.2556287, 0.01926387, 8.471368, 148.4933, 263.7696
0.2824399, 0.01926387, 8.253007, 147.9817, 267.463
0.2824399, 0.1692639, 8.253007, 147.9817, 255.6411
0.08393069, 0.01926387, 8.228633, 131.9909, 267.8885
0.2824399, 0.01926387, 8.253007, 147.9817, 267.463
0.2556287, 0.01926387, 8.471368, 148.4933, 263.7696
0.05711944, 0.01926387, 8.446994, 132.9513, 264.1716
0.08393069, 0.1692639, 8.228633, 131.9909, 256.0286
0.08393069, 0.01926387, 8.228633, 131.9909, 267.8885
0.05711944, 0.01926387, 8.446994, 132.9513, 264.1716
0.05711944, 0.1692639, 8.446994, 132.9513, 252.6435
0.2824399, 0.1692639, 8.253007, 147.9817, 255.6411
0.2824399, 0.01926387, 8.253007, 147.9817, 267.463
0.08393069, 0.01926387, 8.228633, 131.9909, 267.8885
0.08393069, 0.1692639, 8.228633, 131.9909, 256.0286
box_6_melody(Clone) stack 17 Shelf_0 Rack_0_0_1
-0.1172183, 0.2073492, 8.224931, 116.0264, 253.075
-0.3169442, 0.2073492, 8.235398, 100.4199, 252.9122
-0.3043836, 0.2073492, 8.47507, 105.6515, 249.3054
-0.1046577, 0.2073492, 8.464602, 120.787, 249.4583
-0.3043836, 0.2073492, 8.47507, 105.6515, 249.3054
-0.3043836, 0.01984931, 8.47507, 105.6515, 263.6639
-0.1046577, 0.01984931, 8.464602, 120.787, 263.836
-0.1046577, 0.2073492, 8.464602, 120.787, 249.4583
-0.1046577, 0.2073492, 8.464602, 120.787, 249.4583
-0.1046577, 0.01984931, 8.464602, 120.787, 263.836
-0.1172183, 0.01984931, 8.224931, 116.0264, 267.907
-0.1172183, 0.2073492, 8.224931, 116.0264, 253.075
-0.3169442, 0.01984931, 8.235398, 100.4199, 267.7238
-0.1172183, 0.01984931, 8.224931, 116.0264, 267.907
-0.1046577, 0.01984931, 8.464602, 120.787, 263.836
-0.3043836, 0.01984931, 8.47507, 105.6515, 263.6639
-0.3169442, 0.2073492, 8.235398, 100.4199, 252.9122
-0.3169442, 0.01984931, 8.235398, 100.4199, 267.7238
-0.3043836, 0.01984931, 8.47507, 105.6515, 263.6639
-0.3043836, 0.2073492, 8.47507, 105.6515, 249.3054
-0.1172183, 0.2073492, 8.224931, 116.0264, 253.075
-0.1172183, 0.01984931, 8.224931, 116.0264, 267.907
-0.3169442, 0.01984931, 8.235398, 100.4199, 267.7238
-0.3169442, 0.2073492, 8.235398, 100.4199, 252.9122
box_6_melody(Clone) stack 17 Shelf_0 Rack_0_0_1
-0.1238922, 0.3948492, 8.220205, 115.4209, 238.3073
-0.3227966, 0.3948492, 8.241111, 100.0629, 238.0232
-0.2977097, 0.3948492, 8.479795, 106.2432, 234.8866
-0.09880532, 0.3948492, 8.45889, 121.149, 235.1537
-0.2977097, 0.3948492, 8.479795, 106.2432, 234.8866
-0.2977097, 0.2073492, 8.479795, 106.2432, 249.2365
-0.09880532, 0.2073492, 8.45889, 121.149, 249.5419
-0.09880532, 0.3948492, 8.45889, 121.149, 235.1537
-0.09880532, 0.3948492, 8.45889, 121.149, 235.1537
-0.09880532, 0.2073492, 8.45889, 121.149, 249.5419
-0.1238922, 0.2073492, 8.220205, 115.4209, 253.1486
-0.1238922, 0.3948492, 8.220205, 115.4209, 238.3073
-0.3227966, 0.2073492, 8.241111, 100.0629, 252.8236
-0.1238922, 0.2073492, 8.220205, 115.4209, 253.1486
-0.09880532, 0.2073492, 8.45889, 121.149, 249.5419
-0.2977097, 0.2073492, 8.479795, 106.2432, 249.2365
-0.3227966, 0.3948492, 8.241111, 100.0629, 238.0232
-0.3227966, 0.2073492, 8.241111, 100.0629, 252.8236
-0.2977097, 0.2073492, 8.479795, 106.2432, 249.2365
-0.2977097, 0.3948492, 8.479795, 106.2432, 234.8866
-0.1238922, 0.3948492, 8.220205, 115.4209, 238.3073
-0.1238922, 0.2073492, 8.220205, 115.4209, 253.1486
-0.3227966, 0.2073492, 8.241111, 100.0629, 252.8236
-0.3227966, 0.3948492, 8.241111, 100.0629, 238.0232
box_6_melody(Clone) stack 17 Shelf_0 Rack_0_0_1
-0.1007228, 0.5823491, 8.239173, 117.5612, 223.2452
-0.2999617, 0.5823491, 8.221742, 101.5124, 223.4481
-0.3208791, 0.5823491, 8.460828, 104.1413, 220.7442
-0.1216402, 0.5823491, 8.478259, 119.6947, 220.5535
-0.3208791, 0.5823491, 8.460828, 104.1413, 220.7442
-0.3208791, 0.3948492, 8.460828, 104.1413, 235.1289
-0.1216402, 0.3948492, 8.478259, 119.6947, 234.9062
-0.1216402, 0.5823491, 8.478259, 119.6947, 220.5535
-0.1216402, 0.5823491, 8.478259, 119.6947, 220.5535
-0.1216402, 0.3948492, 8.478259, 119.6947, 234.9062
-0.1007228, 0.3948492, 8.239173, 117.5612, 238.0495
-0.1007228, 0.5823491, 8.239173, 117.5612, 223.2452
-0.2999617, 0.3948492, 8.221742, 101.5124, 238.2864
-0.1007228, 0.3948492, 8.239173, 117.5612, 238.0495
-0.1216402, 0.3948492, 8.478259, 119.6947, 234.9062
-0.3208791, 0.3948492, 8.460828, 104.1413, 235.1289
-0.2999617, 0.5823491, 8.221742, 101.5124, 223.4481
-0.2999617, 0.3948492, 8.221742, 101.5124, 238.2864
-0.3208791, 0.3948492, 8.460828, 104.1413, 235.1289
-0.3208791, 0.5823491, 8.460828, 104.1413, 220.7442
-0.1007228, 0.5823491, 8.239173, 117.5612, 223.2452
-0.1007228, 0.3948492, 8.239173, 117.5612, 238.0495
-0.2999617, 0.3948492, 8.221742, 101.5124, 238.2864
-0.2999617, 0.5823491, 8.221742, 101.5124, 223.4481
box_6_melody(Clone) stack 17 Shelf_0 Rack_0_0_1
-0.1194153, 0.7698491, 8.223317, 115.8262, 208.5945
-0.3189281, 0.7698491, 8.237268, 100.2976, 208.4594
-0.3021866, 0.7698491, 8.476684, 105.8474, 206.2151
-0.1026738, 0.7698491, 8.462732, 120.9106, 206.3422
-0.3021866, 0.7698491, 8.476684, 105.8474, 206.2151
-0.3021866, 0.5823491, 8.476684, 105.8474, 220.5707
-0.1026738, 0.5823491, 8.462732, 120.9106, 220.7233
-0.1026738, 0.7698491, 8.462732, 120.9106, 206.3422
-0.1026738, 0.7698491, 8.462732, 120.9106, 206.3422
-0.1026738, 0.5823491, 8.462732, 120.9106, 220.7233
-0.1194153, 0.5823491, 8.223317, 115.8262, 223.4297
-0.1194153, 0.7698491, 8.223317, 115.8262, 208.5945
-0.3189281, 0.5823491, 8.237268, 100.2976, 223.2673
-0.1194153, 0.5823491, 8.223317, 115.8262, 223.4297
-0.1026738, 0.5823491, 8.462732, 120.9106, 220.7233
-0.3021866, 0.5823491, 8.476684, 105.8474, 220.5707
-0.3189281, 0.7698491, 8.237268, 100.2976, 208.4594
-0.3189281, 0.5823491, 8.237268, 100.2976, 223.2673
-0.3021866, 0.5823491, 8.476684, 105.8474, 220.5707
-0.3021866, 0.7698491, 8.476684, 105.8474, 206.2151
-0.1194153, 0.7698491, 8.223317, 115.8262, 208.5945
-0.1194153, 0.5823491, 8.223317, 115.8262, 223.4297
-0.3189281, 0.5823491, 8.237268, 100.2976, 223.2673
-0.3189281, 0.7698491, 8.237268, 100.2976, 208.4594
box_3_Hareli(Clone) stack 18 Shelf_0 Rack_0_0_1
-0.5047066, 0.1692639, 8.23015, 85.48083, 256.0044
-0.703611, 0.1692639, 8.251056, 70.22507, 255.6721
-0.6806147, 0.1692639, 8.469851, 76.73141, 252.3
-0.4817103, 0.1692639, 8.448945, 91.57714, 252.6141
-0.6806147, 0.1692639, 8.469851, 76.73141, 252.3
-0.6806147, 0.01926387, 8.469851, 76.73141, 263.7945
-0.4817103, 0.01926387, 8.448945, 91.57714, 264.1393
-0.4817103, 0.1692639, 8.448945, 91.57714, 252.6141
-0.4817103, 0.1692639, 8.448945, 91.57714, 252.6141
-0.4817103, 0.01926387, 8.448945, 91.57714, 264.1393
-0.5047066, 0.01926387, 8.23015, 85.48083, 267.8619
-0.5047066, 0.1692639, 8.23015, 85.48083, 256.0044
-0.703611, 0.01926387, 8.251056, 70.22507, 267.497
-0.5047066, 0.01926387, 8.23015, 85.48083, 267.8619
-0.4817103, 0.01926387, 8.448945, 91.57714, 264.1393
-0.6806147, 0.01926387, 8.469851, 76.73141, 263.7945
-0.703611, 0.1692639, 8.251056, 70.22507, 255.6721
-0.703611, 0.01926387, 8.251056, 70.22507, 267.497
-0.6806147, 0.01926387, 8.469851, 76.73141, 263.7945
-0.6806147, 0.1692639, 8.469851, 76.73141, 252.3
-0.5047066, 0.1692639, 8.23015, 85.48083, 256.0044
-0.5047066, 0.01926387, 8.23015, 85.48083, 267.8619
-0.703611, 0.01926387, 8.251056, 70.22507, 267.497
-0.703611, 0.1692639, 8.251056, 70.22507, 255.6721
box_3_Hareli(Clone) stack 18 Shelf_0 Rack_0_0_1
-0.4870408, 0.3192639, 8.245385, 87.18404, 243.9283
-0.6867666, 0.3192639, 8.234918, 71.19504, 244.0784
-0.6982806, 0.3192638, 8.454616, 75.05673, 241.0118
-0.4985547, 0.3192638, 8.465083, 90.59167, 240.87
-0.6982806, 0.3192638, 8.454616, 75.05673, 241.0118
-0.6982806, 0.1692639, 8.454616, 75.05673, 252.5287
-0.4985547, 0.1692639, 8.465083, 90.59167, 252.3715
-0.4985547, 0.3192638, 8.465083, 90.59167, 240.87
-0.4985547, 0.3192638, 8.465083, 90.59167, 240.87
-0.4985547, 0.1692639, 8.465083, 90.59167, 252.3715
-0.4870408, 0.1692639, 8.245385, 87.18404, 255.762
-0.4870408, 0.3192639, 8.245385, 87.18404, 243.9283
-0.6867666, 0.1692639, 8.234918, 71.19504, 255.9285
-0.4870408, 0.1692639, 8.245385, 87.18404, 255.762
-0.4985547, 0.1692639, 8.465083, 90.59167, 252.3715
-0.6982806, 0.1692639, 8.454616, 75.05673, 252.5287
-0.6867666, 0.3192639, 8.234918, 71.19504, 244.0784
-0.6867666, 0.1692639, 8.234918, 71.19504, 255.9285
-0.6982806, 0.1692639, 8.454616, 75.05673, 252.5287
-0.6982806, 0.3192638, 8.454616, 75.05673, 241.0118
-0.4870408, 0.3192639, 8.245385, 87.18404, 243.9283
-0.4870408, 0.1692639, 8.245385, 87.18404, 255.762
-0.6867666, 0.1692639, 8.234918, 71.19504, 255.9285
-0.6867666, 0.3192639, 8.234918, 71.19504, 244.0784
box_3_Hareli(Clone) stack 18 Shelf_0 Rack_0_0_1
-0.4888826, 0.4692639, 8.243557, 87.00194, 232.118
-0.6887608, 0.4692639, 8.236577, 71.0744, 232.2072
-0.6964387, 0.4692639, 8.456444, 75.23669, 229.4729
-0.4965605, 0.4692639, 8.463424, 90.71292, 229.3886
-0.6964387, 0.4692639, 8.456444, 75.23669, 229.4729
-0.6964387, 0.3192639, 8.456444, 75.23669, 240.987
-0.4965605, 0.3192639, 8.463424, 90.71292, 240.8925
-0.4965605, 0.4692639, 8.463424, 90.71292, 229.3886
-0.4965605, 0.4692639, 8.463424, 90.71292, 229.3886
-0.4965605, 0.3192639, 8.463424, 90.71292, 240.8925
-0.4888826, 0.3192638, 8.243557, 87.00194, 243.9545
-0.4888826, 0.4692639, 8.243557, 87.00194, 232.118
-0.6887608, 0.3192638, 8.236577, 71.0744, 244.0546
-0.4888826, 0.3192638, 8.243557, 87.00194, 243.9545
-0.4965605, 0.3192639, 8.463424, 90.71292, 240.8925
-0.6964387, 0.3192639, 8.456444, 75.23669, 240.987
-0.6887608, 0.4692639, 8.236577, 71.0744, 232.2072
-0.6887608, 0.3192638, 8.236577, 71.0744, 244.0546
-0.6964387, 0.3192639, 8.456444, 75.23669, 240.987
-0.6964387, 0.4692639, 8.456444, 75.23669, 229.4729
-0.4888826, 0.4692639, 8.243557, 87.00194, 232.118
-0.4888826, 0.3192638, 8.243557, 87.00194, 243.9545
-0.6887608, 0.3192638, 8.236577, 71.0744, 244.0546
-0.6887608, 0.4692639, 8.236577, 71.0744, 232.2072
box_3_Hareli(Clone) stack 18 Shelf_0 Rack_0_0_1
-0.4852311, 0.6192639, 8.247244, 87.36411, 220.24
-0.6847438, 0.6192639, 8.233293, 71.31875, 220.3967
-0.7000903, 0.6192639, 8.452757, 74.87852, 217.9978
-0.5005775, 0.6192639, 8.466708, 90.46761, 217.8499
-0.7000903, 0.6192639, 8.452757, 74.87852, 217.9978
-0.7000903, 0.4692639, 8.452757, 74.87852, 229.5174
-0.5005775, 0.4692639, 8.466708, 90.46761, 229.349
-0.5005775, 0.6192639, 8.466708, 90.46761, 217.8499
-0.5005775, 0.6192639, 8.466708, 90.46761, 217.8499
-0.5005775, 0.4692639, 8.466708, 90.46761, 229.349
-0.4852311, 0.4692638, 8.247244, 87.36411, 232.0709
-0.4852311, 0.6192639, 8.247244, 87.36411, 220.24
-0.6847438, 0.4692638, 8.233293, 71.31875, 232.2492
-0.4852311, 0.4692638, 8.247244, 87.36411, 232.0709
-0.5005775, 0.4692639, 8.466708, 90.46761, 229.349
-0.7000903, 0.4692639, 8.452757, 74.87852, 229.5174
-0.6847438, 0.6192639, 8.233293, 71.31875, 220.3967
-0.6847438, 0.4692638, 8.233293, 71.31875, 232.2492
-0.7000903, 0.4692639, 8.452757, 74.87852, 229.5174
-0.7000903, 0.6192639, 8.452757, 74.87852, 217.9978
-0.4852311, 0.6192639, 8.247244, 87.36411, 220.24
-0.4852311, 0.4692638, 8.247244, 87.36411, 232.0709
-0.6847438, 0.4692638, 8.233293, 71.31875, 232.2492
-0.6847438, 0.6192639, 8.233293, 71.31875, 220.3967
box_3_Hareli(Clone) stack 18 Shelf_0 Rack_0_0_1
-0.4926607, 0.7692639, 8.240001, 86.63207, 208.4792
-0.6926607, 0.7692639, 8.240001, 70.84261, 208.4792
-0.6926607, 0.7692639, 8.46, 75.6015, 206.412
-0.4926607, 0.7692639, 8.46, 90.94677, 206.412
-0.6926607, 0.7692639, 8.46, 75.6015, 206.412
-0.6926607, 0.6192638, 8.46, 75.6015, 217.9209
-0.4926607, 0.6192638, 8.46, 90.94677, 217.9209
-0.4926607, 0.7692639, 8.46, 90.94677, 206.412
-0.4926607, 0.7692639, 8.46, 90.94677, 206.412
-0.4926607, 0.6192638, 8.46, 90.94677, 217.9209
-0.4926607, 0.6192638, 8.240001, 86.63207, 220.3213
-0.4926607, 0.7692639, 8.240001, 86.63207, 208.4792
-0.6926607, 0.6192638, 8.240001, 70.84261, 220.3213
-0.4926607, 0.6192638, 8.240001, 86.63207, 220.3213
-0.4926607, 0.6192638, 8.46, 90.94677, 217.9209
-0.6926607, 0.6192638, 8.46, 75.6015, 217.9209
-0.6926607, 0.7692639, 8.240001, 70.84261, 208.4792
-0.6926607, 0.6192638, 8.240001, 70.84261, 220.3213
-0.6926607, 0.6192638, 8.46, 75.6015, 217.9209
-0.6926607, 0.7692639, 8.46, 75.6015, 206.412
-0.4926607, 0.7692639, 8.240001, 86.63207, 208.4792
-0.4926607, 0.6192638, 8.240001, 86.63207, 220.3213
-0.6926607, 0.6192638, 8.240001, 70.84261, 220.3213
-0.6926607, 0.7692639, 8.240001, 70.84261, 208.4792
box_3_Hareli(Clone) stack 19 Shelf_1 Rack_0_0_1
0.6594669, 1.353857, 8.231704, 177.5213, 162.3569
0.4602279, 1.353857, 8.249134, 161.9539, 162.2943
0.4794022, 1.353857, 8.468297, 165.6085, 161.5301
0.6786411, 1.353857, 8.450867, 180.7473, 161.5893
0.4794022, 1.353857, 8.468297, 165.6085, 161.5301
0.4794022, 1.203857, 8.468297, 165.6085, 173.0269
0.6786411, 1.203857, 8.450867, 180.7473, 173.1117
0.6786411, 1.353857, 8.450867, 180.7473, 161.5893
0.6786411, 1.353857, 8.450867, 180.7473, 161.5893
0.6786411, 1.203857, 8.450867, 180.7473, 173.1117
0.6594669, 1.203857, 8.231704, 177.5213, 174.212
0.6594669, 1.353857, 8.231704, 177.5213, 162.3569
0.4602279, 1.203857, 8.249134, 161.9539, 174.1221
0.6594669, 1.203857, 8.231704, 177.5213, 174.212
0.6786411, 1.203857, 8.450867, 180.7473, 173.1117
0.4794022, 1.203857, 8.468297, 165.6085, 173.0269
0.4602279, 1.353857, 8.249134, 161.9539, 162.2943
0.4602279, 1.203857, 8.249134, 161.9539, 174.1221
0.4794022, 1.203857, 8.468297, 165.6085, 173.0269
0.4794022, 1.353857, 8.468297, 165.6085, 161.5301
0.6594669, 1.353857, 8.231704, 177.5213, 162.3569
0.6594669, 1.203857, 8.231704, 177.5213, 174.212
0.4602279, 1.203857, 8.249134, 161.9539, 174.1221
0.4602279, 1.353857, 8.249134, 161.9539, 162.2943
box_3_Hareli(Clone) stack 19 Shelf_1 Rack_0_0_1
0.6786411, 1.503857, 8.249134, 179.1764, 150.4664
0.4794022, 1.503857, 8.231704, 163.2901, 150.5019
0.4602279, 1.503857, 8.450867, 163.9696, 150.0669
0.6594669, 1.503857, 8.468297, 179.4096, 150.0334
0.4602279, 1.503857, 8.450867, 163.9696, 150.0669
0.4602279, 1.353857, 8.450867, 163.9696, 161.5893
0.6594669, 1.353857, 8.468297, 179.4096, 161.5301
0.6594669, 1.503857, 8.468297, 179.4096, 150.0334
0.6594669, 1.503857, 8.468297, 179.4096, 150.0334
0.6594669, 1.353857, 8.468297, 179.4096, 161.5301
0.6786411, 1.353857, 8.249134, 179.1764, 162.2943
0.6786411, 1.503857, 8.249134, 179.1764, 150.4664
0.4794022, 1.353857, 8.231704, 163.2901, 162.3569
0.6786411, 1.353857, 8.249134, 179.1764, 162.2943
0.6594669, 1.353857, 8.468297, 179.4096, 161.5301
0.4602279, 1.353857, 8.450867, 163.9696, 161.5893
0.4794022, 1.503857, 8.231704, 163.2901, 150.5019
0.4794022, 1.353857, 8.231704, 163.2901, 162.3569
0.4602279, 1.353857, 8.450867, 163.9696, 161.5893
0.4602279, 1.503857, 8.450867, 163.9696, 150.0669
0.6786411, 1.503857, 8.249134, 179.1764, 150.4664
0.6786411, 1.353857, 8.249134, 179.1764, 162.2943
0.4794022, 1.353857, 8.231704, 163.2901, 162.3569
0.4794022, 1.503857, 8.231704, 163.2901, 150.5019
box_3_Hareli(Clone) stack 19 Shelf_1 Rack_0_0_1
0.6786411, 1.653857, 8.249134, 179.1764, 138.6385
0.4794022, 1.653857, 8.231704, 163.2901, 138.6468
0.4602279, 1.653857, 8.450867, 163.9696, 138.5445
0.6594669, 1.653857, 8.468297, 179.4096, 138.5366
0.4602279, 1.653857, 8.450867, 163.9696, 138.5445
0.4602279, 1.503857, 8.450867, 163.9696, 150.0669
0.6594669, 1.503857, 8.468297, 179.4096, 150.0334
0.6594669, 1.653857, 8.468297, 179.4096, 138.5366
0.6594669, 1.653857, 8.468297, 179.4096, 138.5366
0.6594669, 1.503857, 8.468297, 179.4096, 150.0334
0.6786411, 1.503857, 8.249134, 179.1764, 150.4664
0.6786411, 1.653857, 8.249134, 179.1764, 138.6385
0.4794022, 1.503857, 8.231704, 163.2901, 150.5019
0.6786411, 1.503857, 8.249134, 179.1764, 150.4664
0.6594669, 1.503857, 8.468297, 179.4096, 150.0334
0.4602279, 1.503857, 8.450867, 163.9696, 150.0669
0.4794022, 1.653857, 8.231704, 163.2901, 138.6468
0.4794022, 1.503857, 8.231704, 163.2901, 150.5019
0.4602279, 1.503857, 8.450867, 163.9696, 150.0669
0.4602279, 1.653857, 8.450867, 163.9696, 138.5445
0.6786411, 1.653857, 8.249134, 179.1764, 138.6385
0.6786411, 1.503857, 8.249134, 179.1764, 150.4664
0.4794022, 1.503857, 8.231704, 163.2901, 150.5019
0.4794022, 1.653857, 8.231704, 163.2901, 138.6468
box_3_Hareli(Clone) stack 19 Shelf_1 Rack_0_0_1
0.6768641, 1.803857, 8.247244, 179.0211, 126.8085
0.4773513, 1.803857, 8.233293, 163.1441, 126.7935
0.4620049, 1.803857, 8.452757, 164.1245, 127.024
0.6615177, 1.803857, 8.466708, 179.5545, 127.0383
0.4620049, 1.803857, 8.452757, 164.1245, 127.024
0.4620049, 1.653857, 8.452757, 164.1245, 138.5436
0.6615177, 1.653857, 8.466708, 179.5545, 138.5373
0.6615177, 1.803857, 8.466708, 179.5545, 127.0383
0.6615177, 1.803857, 8.466708, 179.5545, 127.0383
0.6615177, 1.653857, 8.466708, 179.5545, 138.5373
0.6768641, 1.653857, 8.247244, 179.0211, 138.6394
0.6768641, 1.803857, 8.247244, 179.0211, 126.8085
0.4773513, 1.653857, 8.233293, 163.1441, 138.6461
0.6768641, 1.653857, 8.247244, 179.0211, 138.6394
0.6615177, 1.653857, 8.466708, 179.5545, 138.5373
0.4620049, 1.653857, 8.452757, 164.1245, 138.5436
0.4773513, 1.803857, 8.233293, 163.1441, 126.7935
0.4773513, 1.653857, 8.233293, 163.1441, 138.6461
0.4620049, 1.653857, 8.452757, 164.1245, 138.5436
0.4620049, 1.803857, 8.452757, 164.1245, 127.024
0.6768641, 1.803857, 8.247244, 179.0211, 126.8085
0.6768641, 1.653857, 8.247244, 179.0211, 138.6394
0.4773513, 1.653857, 8.233293, 163.1441, 138.6461
0.4773513, 1.803857, 8.233293, 163.1441, 126.7935
box_3_Hareli(Clone) stack 19 Shelf_1 Rack_0_0_1
0.671339, 1.953857, 8.241762, 178.541, 114.9633
0.4713695, 1.953857, 8.238272, 162.7221, 114.9541
0.46753, 1.953857, 8.458239, 164.6017, 115.5181
0.6674995, 1.953857, 8.461729, 179.9749, 115.5268
0.46753, 1.953857, 8.458239, 164.6017, 115.5181
0.46753, 1.803857, 8.458239, 164.6017, 127.0296
0.6674995, 1.803857, 8.461729, 179.9749, 127.0332
0.6674995, 1.953857, 8.461729, 179.9749, 115.5268
0.6674995, 1.953857, 8.461729, 179.9749, 115.5268
0.6674995, 1.803857, 8.461729, 179.9749, 127.0332
0.671339, 1.803857, 8.241762, 178.541, 126.8026
0.671339, 1.953857, 8.241762, 178.541, 114.9633
0.4713695, 1.803857, 8.238272, 162.7221, 126.7989
0.671339, 1.803857, 8.241762, 178.541, 126.8026
0.6674995, 1.803857, 8.461729, 179.9749, 127.0332
0.46753, 1.803857, 8.458239, 164.6017, 127.0296
0.4713695, 1.953857, 8.238272, 162.7221, 114.9541
0.4713695, 1.803857, 8.238272, 162.7221, 126.7989
0.46753, 1.803857, 8.458239, 164.6017, 127.0296
0.46753, 1.953857, 8.458239, 164.6017, 115.5181
0.671339, 1.953857, 8.241762, 178.541, 114.9633
0.671339, 1.803857, 8.241762, 178.541, 126.8026
0.4713695, 1.803857, 8.238272, 162.7221, 126.7989
0.4713695, 1.953857, 8.238272, 162.7221, 114.9541
box_3_Hareli(Clone) stack 21 Shelf_1 Rack_0_0_1
-0.07153017, 1.353857, 8.247244, 119.9936, 162.301
-0.2710429, 1.353857, 8.233293, 104.0082, 162.3512
-0.2863894, 1.353858, 8.452757, 106.6497, 161.5829
-0.08687659, 1.353858, 8.466708, 122.1822, 161.5355
-0.2863894, 1.353858, 8.452757, 106.6497, 161.5829
-0.2863894, 1.203857, 8.452757, 106.6497, 173.1025
-0.08687659, 1.203857, 8.466708, 122.1822, 173.0346
-0.08687659, 1.353858, 8.466708, 122.1822, 161.5355
-0.08687659, 1.353858, 8.466708, 122.1822, 161.5355
-0.08687659, 1.203857, 8.466708, 122.1822, 173.0346
-0.07153017, 1.203857, 8.247244, 119.9936, 174.1319
-0.07153017, 1.353857, 8.247244, 119.9936, 162.301
-0.2710429, 1.203857, 8.233293, 104.0082, 174.2038
-0.07153017, 1.203857, 8.247244, 119.9936, 174.1319
-0.08687659, 1.203857, 8.466708, 122.1822, 173.0346
-0.2863894, 1.203857, 8.452757, 106.6497, 173.1025
-0.2710429, 1.353857, 8.233293, 104.0082, 162.3512
-0.2710429, 1.203857, 8.233293, 104.0082, 174.2038
-0.2863894, 1.203857, 8.452757, 106.6497, 173.1025
-0.2863894, 1.353858, 8.452757, 106.6497, 161.5829
-0.07153017, 1.353857, 8.247244, 119.9936, 162.301
-0.07153017, 1.203857, 8.247244, 119.9936, 174.1319
-0.2710429, 1.203857, 8.233293, 104.0082, 174.2038
-0.2710429, 1.353857, 8.233293, 104.0082, 162.3512
box_3_Hareli(Clone) stack 21 Shelf_1 Rack_0_0_1
-0.09100571, 1.503857, 8.23015, 118.1838, 150.505
-0.2899101, 1.503857, 8.251056, 102.8382, 150.4625
-0.2669138, 1.503857, 8.469851, 108.4332, 150.0304
-0.06800944, 1.503857, 8.448945, 123.3638, 150.0706
-0.2669138, 1.503857, 8.469851, 108.4332, 150.0304
-0.2669138, 1.353857, 8.469851, 108.4332, 161.5249
-0.06800944, 1.353857, 8.448945, 123.3638, 161.5959
-0.06800944, 1.503857, 8.448945, 123.3638, 150.0706
-0.06800944, 1.503857, 8.448945, 123.3638, 150.0706
-0.06800944, 1.353857, 8.448945, 123.3638, 161.5959
-0.09100571, 1.353857, 8.23015, 118.1838, 162.3625
-0.09100571, 1.503857, 8.23015, 118.1838, 150.505
-0.2899101, 1.353857, 8.251056, 102.8382, 162.2874
-0.09100571, 1.353857, 8.23015, 118.1838, 162.3625
-0.06800944, 1.353857, 8.448945, 123.3638, 161.5959
-0.2669138, 1.353857, 8.469851, 108.4332, 161.5249
-0.2899101, 1.503857, 8.251056, 102.8382, 150.4625
-0.2899101, 1.353857, 8.251056, 102.8382, 162.2874
-0.2669138, 1.353857, 8.469851, 108.4332, 161.5249
-0.2669138, 1.503857, 8.469851, 108.4332, 150.0304
-0.09100571, 1.503857, 8.23015, 118.1838, 150.505
-0.09100571, 1.353857, 8.23015, 118.1838, 162.3625
-0.2899101, 1.353857, 8.251056, 102.8382, 162.2874
-0.2899101, 1.503857, 8.251056, 102.8382, 150.4625
box_3_Hareli(Clone) stack 21 Shelf_1 Rack_0_0_1
-0.08892744, 1.653857, 8.231704, 118.373, 138.6468
-0.2881664, 1.653857, 8.249134, 102.9411, 138.6385
-0.2689921, 1.653857, 8.468297, 108.2478, 138.5366
-0.06975318, 1.653857, 8.450867, 123.2586, 138.5445
-0.2689921, 1.653857, 8.468297, 108.2478, 138.5366
-0.2689921, 1.503857, 8.468297, 108.2478, 150.0334
-0.06975318, 1.503857, 8.450867, 123.2586, 150.0669
-0.06975318, 1.653857, 8.450867, 123.2586, 138.5445
-0.06975318, 1.653857, 8.450867, 123.2586, 138.5445
-0.06975318, 1.503857, 8.450867, 123.2586, 150.0669
-0.08892744, 1.503857, 8.231704, 118.373, 150.5019
-0.08892744, 1.653857, 8.231704, 118.373, 138.6468
-0.2881664, 1.503857, 8.249134, 102.9411, 150.4664
-0.08892744, 1.503857, 8.231704, 118.373, 150.5019
-0.06975318, 1.503857, 8.450867, 123.2586, 150.0669
-0.2689921, 1.503857, 8.468297, 108.2478, 150.0334
-0.2881664, 1.653857, 8.249134, 102.9411, 138.6385
-0.2881664, 1.503857, 8.249134, 102.9411, 150.4664
-0.2689921, 1.503857, 8.468297, 108.2478, 150.0334
-0.2689921, 1.653857, 8.468297, 108.2478, 138.5366
-0.08892744, 1.653857, 8.231704, 118.373, 138.6468
-0.08892744, 1.503857, 8.231704, 118.373, 150.5019
-0.2881664, 1.503857, 8.249134, 102.9411, 150.4664
-0.2881664, 1.653857, 8.249134, 102.9411, 138.6385
box_3_Hareli(Clone) stack 21 Shelf_1 Rack_0_0_1
-0.08892744, 1.803857, 8.231704, 118.373, 126.7918
-0.2881664, 1.803857, 8.249134, 102.9411, 126.8106
-0.2689921, 1.803857, 8.468297, 108.2478, 127.0399
-0.06975318, 1.803857, 8.450867, 123.2586, 127.0221
-0.2689921, 1.803857, 8.468297, 108.2478, 127.0399
-0.2689921, 1.653857, 8.468297, 108.2478, 138.5366
-0.06975318, 1.653857, 8.450867, 123.2586, 138.5445
-0.06975318, 1.803857, 8.450867, 123.2586, 127.0221
-0.06975318, 1.803857, 8.450867, 123.2586, 127.0221
-0.06975318, 1.653857, 8.450867, 123.2586, 138.5445
-0.08892744, 1.653857, 8.231704, 118.373, 138.6468
-0.08892744, 1.803857, 8.231704, 118.373, 126.7918
-0.2881664, 1.653857, 8.249134, 102.9411, 138.6385
-0.08892744, 1.653857, 8.231704, 118.373, 138.6468
-0.06975318, 1.653857, 8.450867, 123.2586, 138.5445
-0.2689921, 1.653857, 8.468297, 108.2478, 138.5366
-0.2881664, 1.803857, 8.249134, 102.9411, 126.8106
-0.2881664, 1.653857, 8.249134, 102.9411, 138.6385
-0.2689921, 1.653857, 8.468297, 108.2478, 138.5366
-0.2689921, 1.803857, 8.468297, 108.2478, 127.0399
-0.08892744, 1.803857, 8.231704, 118.373, 126.7918
-0.08892744, 1.653857, 8.231704, 118.373, 138.6468
-0.2881664, 1.653857, 8.249134, 102.9411, 138.6385
-0.2881664, 1.803857, 8.249134, 102.9411, 126.8106
box_3_Hareli(Clone) stack 21 Shelf_1 Rack_0_0_1
-0.07705524, 1.953857, 8.241762, 119.471, 114.9633
-0.2770248, 1.953857, 8.238272, 103.6249, 114.9541
-0.2808643, 1.953857, 8.458239, 107.1672, 115.5181
-0.08089478, 1.953857, 8.461729, 122.566, 115.5268
-0.2808643, 1.953857, 8.458239, 107.1672, 115.5181
-0.2808643, 1.803857, 8.458239, 107.1672, 127.0296
-0.08089478, 1.803857, 8.461729, 122.566, 127.0332
-0.08089478, 1.953857, 8.461729, 122.566, 115.5268
-0.08089478, 1.953857, 8.461729, 122.566, 115.5268
-0.08089478, 1.803857, 8.461729, 122.566, 127.0332
-0.07705524, 1.803857, 8.241762, 119.471, 126.8026
-0.07705524, 1.953857, 8.241762, 119.471, 114.9633
-0.2770248, 1.803857, 8.238272, 103.6249, 126.7989
-0.07705524, 1.803857, 8.241762, 119.471, 126.8026
-0.08089478, 1.803857, 8.461729, 122.566, 127.0332
-0.2808643, 1.803857, 8.458239, 107.1672, 127.0296
-0.2770248, 1.953857, 8.238272, 103.6249, 114.9541
-0.2770248, 1.803857, 8.238272, 103.6249, 126.7989
-0.2808643, 1.803857, 8.458239, 107.1672, 127.0296
-0.2808643, 1.953857, 8.458239, 107.1672, 115.5181
-0.07705524, 1.953857, 8.241762, 119.471, 114.9633
-0.07705524, 1.803857, 8.241762, 119.471, 126.8026
-0.2770248, 1.803857, 8.238272, 103.6249, 126.7989
-0.2770248, 1.953857, 8.238272, 103.6249, 114.9541
box_7_litchi(Clone) stack 22 Shelf_1 Rack_0_0_1
-0.4485653, 1.414419, 8.259096, 90.48895, 157.4894
-0.6478042, 1.414419, 8.241665, 74.42016, 157.541
-0.6652354, 1.414419, 8.440905, 77.30847, 156.9652
-0.4659964, 1.414419, 8.458336, 92.96133, 156.9163
-0.6652354, 1.414419, 8.440905, 77.30847, 156.9652
-0.6652354, 1.204419, 8.440905, 77.30847, 173.1172
-0.4659964, 1.204419, 8.458336, 92.96133, 173.0322
-0.4659964, 1.414419, 8.458336, 92.96133, 156.9163
-0.4659964, 1.414419, 8.458336, 92.96133, 156.9163
-0.4659964, 1.204419, 8.458336, 92.96133, 173.0322
-0.4485653, 1.204419, 8.259096, 90.48895, 174.0268
-0.4485653, 1.414419, 8.259096, 90.48895, 157.4894
-0.6478042, 1.204419, 8.241665, 74.42016, 174.1163
-0.4485653, 1.204419, 8.259096, 90.48895, 174.0268
-0.4659964, 1.204419, 8.458336, 92.96133, 173.0322
-0.6652354, 1.204419, 8.440905, 77.30847, 173.1172
-0.6478042, 1.414419, 8.241665, 74.42016, 157.541
-0.6478042, 1.204419, 8.241665, 74.42016, 174.1163
-0.6652354, 1.204419, 8.440905, 77.30847, 173.1172
-0.6652354, 1.414419, 8.440905, 77.30847, 156.9652
-0.4485653, 1.414419, 8.259096, 90.48895, 157.4894
-0.4485653, 1.204419, 8.259096, 90.48895, 174.0268
-0.6478042, 1.204419, 8.241665, 74.42016, 174.1163
-0.6478042, 1.414419, 8.241665, 74.42016, 157.541
box_7_litchi(Clone) stack 22 Shelf_1 Rack_0_0_1
-0.4551703, 1.624419, 8.25176, 89.82422, 140.9577
-0.6551399, 1.624419, 8.24827, 73.98543, 140.9604
-0.6586303, 1.624419, 8.44824, 77.96886, 140.8078
-0.4586608, 1.624419, 8.451731, 93.40044, 140.8052
-0.6586303, 1.624419, 8.44824, 77.96886, 140.8078
-0.6586303, 1.414419, 8.44824, 77.96886, 156.9446
-0.4586608, 1.414419, 8.451731, 93.40044, 156.9348
-0.4586608, 1.624419, 8.451731, 93.40044, 140.8052
-0.4586608, 1.624419, 8.451731, 93.40044, 140.8052
-0.4586608, 1.414419, 8.451731, 93.40044, 156.9348
-0.4551703, 1.414419, 8.25176, 89.82422, 157.511
-0.4551703, 1.624419, 8.25176, 89.82422, 140.9577
-0.6551399, 1.414419, 8.24827, 73.98543, 157.5214
-0.4551703, 1.414419, 8.25176, 89.82422, 157.511
-0.4586608, 1.414419, 8.451731, 93.40044, 156.9348
-0.6586303, 1.414419, 8.44824, 77.96886, 156.9446
-0.6551399, 1.624419, 8.24827, 73.98543, 140.9604
-0.6551399, 1.414419, 8.24827, 73.98543, 157.5214
-0.6586303, 1.414419, 8.44824, 77.96886, 156.9446
-0.6586303, 1.624419, 8.44824, 77.96886, 140.8078
-0.4551703, 1.624419, 8.25176, 89.82422, 140.9577
-0.4551703, 1.414419, 8.25176, 89.82422, 157.511
-0.6551399, 1.414419, 8.24827, 73.98543, 157.5214
-0.6551399, 1.624419, 8.24827, 73.98543, 140.9604
box_7_litchi(Clone) stack 22 Shelf_1 Rack_0_0_1
-0.4485653, 1.834419, 8.259096, 90.48895, 124.4146
-0.6478042, 1.834419, 8.241665, 74.42016, 124.3903
-0.6652354, 1.834419, 8.440905, 77.30847, 124.6613
-0.4659964, 1.834419, 8.458336, 92.96133, 124.6843
-0.6652354, 1.834419, 8.440905, 77.30847, 124.6613
-0.6652354, 1.624419, 8.440905, 77.30847, 140.8132
-0.4659964, 1.624419, 8.458336, 92.96133, 140.8003
-0.4659964, 1.834419, 8.458336, 92.96133, 124.6843
-0.4659964, 1.834419, 8.458336, 92.96133, 124.6843
-0.4659964, 1.624419, 8.458336, 92.96133, 140.8003
-0.4485653, 1.624419, 8.259096, 90.48895, 140.952
-0.4485653, 1.834419, 8.259096, 90.48895, 124.4146
-0.6478042, 1.624419, 8.241665, 74.42016, 140.9656
-0.4485653, 1.624419, 8.259096, 90.48895, 140.952
-0.4659964, 1.624419, 8.458336, 92.96133, 140.8003
-0.6652354, 1.624419, 8.440905, 77.30847, 140.8132
-0.6478042, 1.834419, 8.241665, 74.42016, 124.3903
-0.6478042, 1.624419, 8.241665, 74.42016, 140.9656
-0.6652354, 1.624419, 8.440905, 77.30847, 140.8132
-0.6652354, 1.834419, 8.440905, 77.30847, 124.6613
-0.4485653, 1.834419, 8.259096, 90.48895, 124.4146
-0.4485653, 1.624419, 8.259096, 90.48895, 140.952
-0.6478042, 1.624419, 8.241665, 74.42016, 140.9656
-0.6478042, 1.834419, 8.241665, 74.42016, 124.3903
box_7_litchi(Clone) stack 22 Shelf_1 Rack_0_0_1
-0.4569003, 2.044419, 8.25, 89.65308, 107.8448
-0.6569003, 2.044419, 8.25, 73.88436, 107.8448
-0.6569003, 2.044419, 8.450001, 78.13828, 108.5401
-0.4569003, 2.044419, 8.450001, 93.50322, 108.5401
-0.6569003, 2.044419, 8.450001, 78.13828, 108.5401
-0.6569003, 1.834419, 8.450001, 78.13828, 124.6733
-0.4569003, 1.834419, 8.450001, 93.50322, 124.6733
-0.4569003, 2.044419, 8.450001, 93.50322, 108.5401
-0.4569003, 2.044419, 8.450001, 93.50322, 108.5401
-0.4569003, 1.834419, 8.450001, 93.50322, 124.6733
-0.4569003, 1.834419, 8.25, 89.65308, 124.4019
-0.4569003, 2.044419, 8.25, 89.65308, 107.8448
-0.6569003, 1.834419, 8.25, 73.88436, 124.4019
-0.4569003, 1.834419, 8.25, 89.65308, 124.4019
-0.4569003, 1.834419, 8.450001, 93.50322, 124.6733
-0.6569003, 1.834419, 8.450001, 78.13828, 124.6733
-0.6569003, 2.044419, 8.25, 73.88436, 107.8448
-0.6569003, 1.834419, 8.25, 73.88436, 124.4019
-0.6569003, 1.834419, 8.450001, 78.13828, 124.6733
-0.6569003, 2.044419, 8.450001, 78.13828, 108.5401
-0.4569003, 2.044419, 8.25, 89.65308, 107.8448
-0.4569003, 1.834419, 8.25, 89.65308, 124.4019
-0.6569003, 1.834419, 8.25, 73.88436, 124.4019
-0.6569003, 2.044419, 8.25, 73.88436, 107.8448
box_8_lizol(Clone) stack 23 Shelf_2 Rack_0_0_1
0.6987044, 2.565368, 8.226596, 180.5824, 66.56073
0.4987043, 2.565368, 8.226596, 164.765, 66.56073
0.4987043, 2.565368, 8.473405, 167.1355, 68.71707
0.6987044, 2.565368, 8.473405, 182.4545, 68.71707
0.4987043, 2.565368, 8.473405, 167.1355, 68.71707
0.4987043, 2.389118, 8.473405, 167.1355, 82.21696
0.6987044, 2.389118, 8.473405, 182.4545, 82.21696
0.6987044, 2.565368, 8.473405, 182.4545, 68.71707
0.6987044, 2.565368, 8.473405, 182.4545, 68.71707
0.6987044, 2.389118, 8.473405, 182.4545, 82.21696
0.6987044, 2.389118, 8.226596, 180.5824, 80.4998
0.6987044, 2.565368, 8.226596, 180.5824, 66.56073
0.4987043, 2.389118, 8.226596, 164.765, 80.4998
0.6987044, 2.389118, 8.226596, 180.5824, 80.4998
0.6987044, 2.389118, 8.473405, 182.4545, 82.21696
0.4987043, 2.389118, 8.473405, 167.1355, 82.21696
0.4987043, 2.565368, 8.226596, 164.765, 66.56073
0.4987043, 2.389118, 8.226596, 164.765, 80.4998
0.4987043, 2.389118, 8.473405, 167.1355, 82.21696
0.4987043, 2.565368, 8.473405, 167.1355, 68.71707
0.6987044, 2.565368, 8.226596, 180.5824, 66.56073
0.6987044, 2.389118, 8.226596, 180.5824, 80.4998
0.4987043, 2.389118, 8.226596, 164.765, 80.4998
0.4987043, 2.565368, 8.226596, 164.765, 66.56073
box_8_lizol(Clone) stack 23 Shelf_2 Rack_0_0_1
0.7090792, 2.741618, 8.235782, 181.4738, 52.72131
0.5098403, 2.741618, 8.21835, 165.5648, 52.53204
0.4883295, 2.741618, 8.464219, 166.2544, 55.12355
0.6875684, 2.741618, 8.48165, 181.6629, 55.30109
0.4883295, 2.741618, 8.464219, 166.2544, 55.12355
0.4883295, 2.565368, 8.464219, 166.2544, 68.63925
0.6875684, 2.565368, 8.48165, 181.6629, 68.78677
0.6875684, 2.741618, 8.48165, 181.6629, 55.30109
0.6875684, 2.741618, 8.48165, 181.6629, 55.30109
0.6875684, 2.565368, 8.48165, 181.6629, 68.78677
0.7090792, 2.565368, 8.235782, 181.4738, 66.64352
0.7090792, 2.741618, 8.235782, 181.4738, 52.72131
0.5098403, 2.565368, 8.21835, 165.5648, 66.48628
0.7090792, 2.565368, 8.235782, 181.4738, 66.64352
0.6875684, 2.565368, 8.48165, 181.6629, 68.78677
0.4883295, 2.565368, 8.464219, 166.2544, 68.63925
0.5098403, 2.741618, 8.21835, 165.5648, 52.53204
0.5098403, 2.565368, 8.21835, 165.5648, 66.48628
0.4883295, 2.565368, 8.464219, 166.2544, 68.63925
0.4883295, 2.741618, 8.464219, 166.2544, 55.12355
0.7090792, 2.741618, 8.235782, 181.4738, 52.72131
0.7090792, 2.565368, 8.235782, 181.4738, 66.64352
0.5098403, 2.565368, 8.21835, 165.5648, 66.48628
0.5098403, 2.741618, 8.21835, 165.5648, 52.53204
box_5_LMRR(Clone) stack 24 Shelf_2 Rack_0_0_1
0.3172211, 2.531555, 8.204492, 150.1503, 69.04276
0.1173429, 2.531555, 8.211472, 134.3938, 69.10355
0.1272617, 2.531555, 8.495509, 138.9699, 71.48622
0.3271399, 2.531555, 8.488529, 154.1602, 71.42973
0.1272617, 2.531555, 8.495509, 138.9699, 71.48622
0.1272617, 2.389055, 8.495509, 138.9699, 82.37032
0.3271399, 2.389055, 8.488529, 154.1602, 82.32352
0.3271399, 2.531555, 8.488529, 154.1602, 71.42973
0.3271399, 2.531555, 8.488529, 154.1602, 71.42973
0.3271399, 2.389055, 8.488529, 154.1602, 82.32352
0.3172211, 2.389055, 8.204492, 150.1503, 80.34557
0.3172211, 2.531555, 8.204492, 150.1503, 69.04276
0.1173429, 2.389055, 8.211472, 134.3938, 80.39597
0.3172211, 2.389055, 8.204492, 150.1503, 80.34557
0.3271399, 2.389055, 8.488529, 154.1602, 82.32352
0.1272617, 2.389055, 8.495509, 138.9699, 82.37032
0.1173429, 2.531555, 8.211472, 134.3938, 69.10355
0.1173429, 2.389055, 8.211472, 134.3938, 80.39597
0.1272617, 2.389055, 8.495509, 138.9699, 82.37032
0.1272617, 2.531555, 8.495509, 138.9699, 71.48622
0.3172211, 2.531555, 8.204492, 150.1503, 69.04276
0.3172211, 2.389055, 8.204492, 150.1503, 80.34557
0.1173429, 2.389055, 8.211472, 134.3938, 80.39597
0.1173429, 2.531555, 8.211472, 134.3938, 69.10355
box_5_LMRR(Clone) stack 24 Shelf_2 Rack_0_0_1
0.3319106, 2.674055, 8.215217, 151.441, 57.84932
0.1323978, 2.674055, 8.201265, 135.4459, 57.70697
0.1125723, 2.674055, 8.484784, 137.7083, 60.50043
0.3120851, 2.674055, 8.498735, 153.1223, 60.63269
0.1125723, 2.674055, 8.484784, 137.7083, 60.50043
0.1125723, 2.531555, 8.484784, 137.7083, 71.3994
0.3120851, 2.531555, 8.498735, 153.1223, 71.5123
0.3120851, 2.674055, 8.498735, 153.1223, 60.63269
0.3120851, 2.674055, 8.498735, 153.1223, 60.63269
0.3120851, 2.531555, 8.498735, 153.1223, 71.5123
0.3319106, 2.531555, 8.215217, 151.441, 69.13615
0.3319106, 2.674055, 8.215217, 151.441, 57.84932
0.1323978, 2.531555, 8.201265, 135.4459, 69.01462
0.3319106, 2.531555, 8.215217, 151.441, 69.13615
0.3120851, 2.531555, 8.498735, 153.1223, 71.5123
0.1125723, 2.531555, 8.484784, 137.7083, 71.3994
0.1323978, 2.674055, 8.201265, 135.4459, 57.70697
0.1323978, 2.531555, 8.201265, 135.4459, 69.01462
0.1125723, 2.531555, 8.484784, 137.7083, 71.3994
0.1125723, 2.674055, 8.484784, 137.7083, 60.50043
0.3319106, 2.674055, 8.215217, 151.441, 57.84932
0.3319106, 2.531555, 8.215217, 151.441, 69.13615
0.1323978, 2.531555, 8.201265, 135.4459, 69.01462
0.1323978, 2.674055, 8.201265, 135.4459, 57.70697
box_7_litchi(Clone) stack 25 Shelf_2 Rack_0_0_1
-0.05376676, 2.599012, 8.262933, 121.6387, 64.23886
-0.252276, 2.599012, 8.238559, 105.5843, 64.01189
-0.2766499, 2.599012, 8.437068, 107.1308, 65.8192
-0.07814063, 2.599012, 8.461442, 122.773, 66.03479
-0.2766499, 2.599012, 8.437068, 107.1308, 65.8192
-0.2766499, 2.389012, 8.437068, 107.1308, 81.97913
-0.07814063, 2.389012, 8.461442, 122.773, 82.14435
-0.07814063, 2.599012, 8.461442, 122.773, 66.03479
-0.07814063, 2.599012, 8.461442, 122.773, 66.03479
-0.07814063, 2.389012, 8.461442, 122.773, 82.14435
-0.05376676, 2.389012, 8.262933, 121.6387, 80.76794
-0.05376676, 2.599012, 8.262933, 121.6387, 64.23886
-0.252276, 2.389012, 8.238559, 105.5843, 80.59399
-0.05376676, 2.389012, 8.262933, 121.6387, 80.76794
-0.07814063, 2.389012, 8.461442, 122.773, 82.14435
-0.2766499, 2.389012, 8.437068, 107.1308, 81.97913
-0.252276, 2.599012, 8.238559, 105.5843, 64.01189
-0.252276, 2.389012, 8.238559, 105.5843, 80.59399
-0.2766499, 2.389012, 8.437068, 107.1308, 81.97913
-0.2766499, 2.599012, 8.437068, 107.1308, 65.8192
-0.05376676, 2.599012, 8.262933, 121.6387, 64.23886
-0.05376676, 2.389012, 8.262933, 121.6387, 80.76794
-0.252276, 2.389012, 8.238559, 105.5843, 80.59399
-0.252276, 2.599012, 8.238559, 105.5843, 64.01189
box_7_litchi(Clone) stack 25 Shelf_2 Rack_0_0_1
-0.05687325, 2.809012, 8.259096, 121.3345, 47.66583
-0.2561122, 2.809012, 8.241665, 105.3364, 47.46558
-0.2735434, 2.809012, 8.440905, 107.4351, 49.70125
-0.07430441, 2.809012, 8.458336, 123.0208, 49.89143
-0.2735434, 2.809012, 8.440905, 107.4351, 49.70125
-0.2735434, 2.599012, 8.440905, 107.4351, 65.85323
-0.07430441, 2.599012, 8.458336, 123.0208, 66.00739
-0.07430441, 2.809012, 8.458336, 123.0208, 49.89143
-0.07430441, 2.809012, 8.458336, 123.0208, 49.89143
-0.07430441, 2.599012, 8.458336, 123.0208, 66.00739
-0.05687325, 2.599012, 8.259096, 121.3345, 64.20323
-0.05687325, 2.809012, 8.259096, 121.3345, 47.66583
-0.2561122, 2.599012, 8.241665, 105.3364, 64.04088
-0.05687325, 2.599012, 8.259096, 121.3345, 64.20323
-0.07430441, 2.599012, 8.458336, 123.0208, 66.00739
-0.2735434, 2.599012, 8.440905, 107.4351, 65.85323
-0.2561122, 2.809012, 8.241665, 105.3364, 47.46558
-0.2561122, 2.599012, 8.241665, 105.3364, 64.04088
-0.2735434, 2.599012, 8.440905, 107.4351, 65.85323
-0.2735434, 2.809012, 8.440905, 107.4351, 49.70125
-0.05687325, 2.809012, 8.259096, 121.3345, 47.66583
-0.05687325, 2.599012, 8.259096, 121.3345, 64.20323
-0.2561122, 2.599012, 8.241665, 105.3364, 64.04088
-0.2561122, 2.809012, 8.241665, 105.3364, 47.46558
box_7_litchi(Clone) stack 25 Shelf_2 Rack_0_0_1
-0.06011177, 3.019012, 8.255371, 121.0213, 31.07762
-0.2598377, 3.019012, 8.244904, 105.0999, 30.93459
-0.2703049, 3.019012, 8.44463, 107.7474, 33.59769
-0.07057896, 3.019012, 8.455097, 123.2584, 33.73352
-0.2703049, 3.019012, 8.44463, 107.7474, 33.59769
-0.2703049, 2.809012, 8.44463, 107.7474, 49.74196
-0.07057896, 2.809012, 8.455097, 123.2584, 49.85616
-0.07057896, 3.019012, 8.455097, 123.2584, 33.73352
-0.07057896, 3.019012, 8.455097, 123.2584, 33.73352
-0.07057896, 2.809012, 8.455097, 123.2584, 49.85616
-0.06011177, 2.809012, 8.255371, 121.0213, 47.62312
-0.06011177, 3.019012, 8.255371, 121.0213, 31.07762
-0.2598377, 2.809012, 8.244904, 105.0999, 47.50284
-0.06011177, 2.809012, 8.255371, 121.0213, 47.62312
-0.07057896, 2.809012, 8.455097, 123.2584, 49.85616
-0.2703049, 2.809012, 8.44463, 107.7474, 49.74196
-0.2598377, 3.019012, 8.244904, 105.0999, 30.93459
-0.2598377, 2.809012, 8.244904, 105.0999, 47.50284
-0.2703049, 2.809012, 8.44463, 107.7474, 49.74196
-0.2703049, 3.019012, 8.44463, 107.7474, 33.59769
-0.06011177, 3.019012, 8.255371, 121.0213, 31.07762
-0.06011177, 2.809012, 8.255371, 121.0213, 47.62312
-0.2598377, 2.809012, 8.244904, 105.0999, 47.50284
-0.2598377, 3.019012, 8.244904, 105.0999, 30.93459
box_5_LMRR(Clone) stack 26 Shelf_2 Rack_0_0_1
-0.4235744, 2.531555, 8.221142, 91.7183, 69.18761
-0.6220837, 2.531555, 8.196768, 75.47859, 68.97533
-0.6567202, 2.531555, 8.478859, 78.74797, 71.3513
-0.4582109, 2.531555, 8.503233, 94.39494, 71.54861
-0.6567202, 2.531555, 8.478859, 78.74797, 71.3513
-0.6567202, 2.389055, 8.478859, 78.74797, 82.25853
-0.4582109, 2.389055, 8.503233, 94.39494, 82.422
-0.4582109, 2.531555, 8.503233, 94.39494, 71.54861
-0.4582109, 2.531555, 8.503233, 94.39494, 71.54861
-0.4582109, 2.389055, 8.503233, 94.39494, 82.422
-0.4235744, 2.389055, 8.221142, 91.7183, 80.46559
-0.4235744, 2.531555, 8.221142, 91.7183, 69.18761
-0.6220837, 2.389055, 8.196768, 75.47859, 80.28969
-0.4235744, 2.389055, 8.221142, 91.7183, 80.46559
-0.4582109, 2.389055, 8.503233, 94.39494, 82.422
-0.6567202, 2.389055, 8.478859, 78.74797, 82.25853
-0.6220837, 2.531555, 8.196768, 75.47859, 68.97533
-0.6220837, 2.389055, 8.196768, 75.47859, 80.28969
-0.6567202, 2.389055, 8.478859, 78.74797, 82.25853
-0.6567202, 2.531555, 8.478859, 78.74797, 71.3513
-0.4235744, 2.531555, 8.221142, 91.7183, 69.18761
-0.4235744, 2.389055, 8.221142, 91.7183, 80.46559
-0.6220837, 2.389055, 8.196768, 75.47859, 80.28969
-0.6220837, 2.531555, 8.196768, 75.47859, 68.97533
box_5_LMRR(Clone) stack 26 Shelf_2 Rack_0_0_1
-0.4477216, 2.674055, 8.202856, 89.44408, 57.72324
-0.6474475, 2.674055, 8.213324, 73.8288, 57.83005
-0.632573, 2.674055, 8.497145, 80.96719, 60.61763
-0.4328471, 2.674055, 8.486677, 96.02721, 60.51839
-0.632573, 2.674055, 8.497145, 80.96719, 60.61763
-0.632573, 2.531555, 8.497145, 80.96719, 71.49947
-0.4328471, 2.531555, 8.486677, 96.02721, 71.41475
-0.4328471, 2.674055, 8.486677, 96.02721, 60.51839
-0.4328471, 2.674055, 8.486677, 96.02721, 60.51839
-0.4328471, 2.531555, 8.486677, 96.02721, 71.41475
-0.4477216, 2.531555, 8.202856, 89.44408, 69.0285
-0.4477216, 2.674055, 8.202856, 89.44408, 57.72324
-0.6474475, 2.531555, 8.213324, 73.8288, 69.11969
-0.4477216, 2.531555, 8.202856, 89.44408, 69.0285
-0.4328471, 2.531555, 8.486677, 96.02721, 71.41475
-0.632573, 2.531555, 8.497145, 80.96719, 71.49947
-0.6474475, 2.674055, 8.213324, 73.8288, 57.83005
-0.6474475, 2.531555, 8.213324, 73.8288, 69.11969
-0.632573, 2.531555, 8.497145, 80.96719, 71.49947
-0.632573, 2.674055, 8.497145, 80.96719, 60.61763
-0.4477216, 2.674055, 8.202856, 89.44408, 57.72324
-0.4477216, 2.531555, 8.202856, 89.44408, 69.0285
-0.6474475, 2.531555, 8.213324, 73.8288, 69.11969
-0.6474475, 2.674055, 8.213324, 73.8288, 57.83005
box_5_LMRR(Clone) stack 26 Shelf_2 Rack_0_0_1
-0.4304782, 2.816555, 8.215217, 91.05553, 46.56255
-0.6299909, 2.816555, 8.201265, 74.94901, 46.39937
-0.6498165, 2.816555, 8.484784, 79.39778, 49.60147
-0.4503037, 2.816555, 8.498735, 94.91532, 49.7531
-0.6498165, 2.816555, 8.484784, 79.39778, 49.60147
-0.6498165, 2.674055, 8.484784, 79.39778, 60.50046
-0.4503037, 2.674055, 8.498735, 94.91532, 60.63272
-0.4503037, 2.816555, 8.498735, 94.91532, 49.7531
-0.4503037, 2.816555, 8.498735, 94.91532, 49.7531
-0.4503037, 2.674055, 8.498735, 94.91532, 60.63272
-0.4304782, 2.674055, 8.215217, 91.05553, 57.84937
-0.4304782, 2.816555, 8.215217, 91.05553, 46.56255
-0.6299909, 2.674055, 8.201265, 74.94901, 57.70702
-0.4304782, 2.674055, 8.215217, 91.05553, 57.84937
-0.4503037, 2.674055, 8.498735, 94.91532, 60.63272
-0.6498165, 2.674055, 8.484784, 79.39778, 60.50046
-0.6299909, 2.816555, 8.201265, 74.94901, 46.39937
-0.6299909, 2.674055, 8.201265, 74.94901, 57.70702
-0.6498165, 2.674055, 8.484784, 79.39778, 60.50046
-0.6498165, 2.816555, 8.484784, 79.39778, 49.60147
-0.4304782, 2.816555, 8.215217, 91.05553, 46.56255
-0.4304782, 2.674055, 8.215217, 91.05553, 57.84937
-0.6299909, 2.674055, 8.201265, 74.94901, 57.70702
-0.6299909, 2.816555, 8.201265, 74.94901, 46.39937
box4_Fairever(Clone) stack 35 Shelf_2 Rack_0_0_2
-1.432216, 2.553905, 8.23538, 12.31822, 67.54544
-1.640344, 2.553905, 8.464621, 3.02928, 69.52168
-1.440465, 2.553905, 8.471601, 18.55369, 69.58003
-1.640344, 2.553905, 8.464621, 3.02928, 69.52168
-1.640344, 2.388905, 8.464621, 3.02928, 82.17406
-1.440465, 2.388905, 8.471601, 18.55369, 82.22115
-1.440465, 2.553905, 8.471601, 18.55369, 69.58003
-1.440465, 2.553905, 8.471601, 18.55369, 69.58003
-1.440465, 2.388905, 8.471601, 18.55369, 82.22115
-1.432216, 2.388905, 8.23538, 12.31822, 80.5797
-1.432216, 2.553905, 8.23538, 12.31822, 67.54544
-1.432216, 2.388905, 8.23538, 12.31822, 80.5797
-1.440465, 2.388905, 8.471601, 18.55369, 82.22115
-1.640344, 2.388905, 8.464621, 3.02928, 82.17406
-1.640344, 2.388905, 8.464621, 3.02928, 82.17406
-1.640344, 2.553905, 8.464621, 3.02928, 69.52168
-1.432216, 2.553905, 8.23538, 12.31822, 67.54544
-1.432216, 2.388905, 8.23538, 12.31822, 80.5797
