box_8_lizol(Clone) stack 0 Shelf_0 Rack_0_0_0
2.884809, 0.1961813, 8.231998, 385.006, 253.8477
2.685083, 0.1961813, 8.221532, 369.4, 254.0117
2.672166, 0.1961813, 8.468002, 364.3357, 250.2646
2.871892, 0.1961813, 8.478469, 379.4578, 250.1107
2.672166, 0.1961813, 8.468002, 364.3357, 250.2646
2.672166, 0.0199313, 8.468002, 364.3357, 263.7738
2.871892, 0.0199313, 8.478469, 379.4578, 263.6018
2.871892, 0.1961813, 8.478469, 379.4578, 250.1107
2.871892, 0.1961813, 8.478469, 379.4578, 250.1107
2.871892, 0.0199313, 8.478469, 379.4578, 263.6018
2.884809, 0.0199313, 8.231998, 385.006, 267.7768
2.884809, 0.1961813, 8.231998, 385.006, 253.8477
2.685083, 0.0199313, 8.221532, 369.4, 267.9601
2.884809, 0.0199313, 8.231998, 385.006, 267.7768
2.871892, 0.0199313, 8.478469, 379.4578, 263.6018
2.672166, 0.0199313, 8.468002, 364.3357, 263.7738
2.685083, 0.1961813, 8.221532, 369.4, 254.0117
2.685083, 0.0199313, 8.221532, 369.4, 267.9601
2.672166, 0.0199313, 8.468002, 364.3357, 263.7738
2.672166, 0.1961813, 8.468002, 364.3357, 250.2646
2.884809, 0.1961813, 8.231998, 385.006, 253.8477
2.884809, 0.0199313, 8.231998, 385.006, 267.7768
2.685083, 0.0199313, 8.221532, 369.4, 267.9601
2.685083, 0.1961813, 8.221532, 369.4, 254.0117
box_5_LMRR(Clone) stack 1 Shelf_0 Rack_0_0_0
2.491613, 0.162368, 8.202856, 354.3705, 256.9882
2.291887, 0.162368, 8.213324, 338.3891, 256.8196
2.306762, 0.162368, 8.497145, 335.9709, 252.4191
2.506487, 0.162368, 8.486677, 351.371, 252.5758
2.306762, 0.162368, 8.497145, 335.9709, 252.4191
2.306762, 0.019868, 8.497145, 335.9709, 263.301
2.506487, 0.019868, 8.486677, 351.371, 263.4721
2.506487, 0.162368, 8.486677, 351.371, 252.5758
2.506487, 0.162368, 8.486677, 351.371, 252.5758
2.506487, 0.019868, 8.486677, 351.371, 263.4721
2.491613, 0.019868, 8.202856, 354.3705, 268.2935
2.491613, 0.162368, 8.202856, 354.3705, 256.9882
2.291887, 0.019868, 8.213324, 338.3891, 268.1092
2.491613, 0.019868, 8.202856, 354.3705, 268.2935
2.506487, 0.019868, 8.486677, 351.371, 263.4721
2.306762, 0.019868, 8.497145, 335.9709, 263.301
2.291887, 0.162368, 8.213324, 338.3891, 256.8196
2.291887, 0.019868, 8.213324, 338.3891, 268.1092
2.306762, 0.019868, 8.497145, 335.9709, 263.301
2.306762, 0.162368, 8.497145, 335.9709, 252.4191
2.491613, 0.162368, 8.202856, 354.3705, 256.9882
2.491613, 0.019868, 8.202856, 354.3705, 268.2935
2.291887, 0.019868, 8.213324, 338.3891, 268.1092
2.291887, 0.162368, 8.213324, 338.3891, 256.8196
box_5_LMRR(Clone) stack 1 Shelf_0 Rack_0_0_0
2.506487, 0.304868, 8.213324, 355.3909, 245.53
2.306762, 0.304868, 8.202856, 339.7053, 245.683
2.291887, 0.304868, 8.486677, 334.9615, 241.6795
2.491613, 0.304868, 8.497145, 350.0868, 241.5373
2.291887, 0.304868, 8.486677, 334.9615, 241.6795
2.291887, 0.162368, 8.486677, 334.9615, 252.5758
2.491613, 0.162368, 8.497145, 350.0868, 252.4192
2.491613, 0.304868, 8.497145, 350.0868, 241.5373
2.491613, 0.304868, 8.497145, 350.0868, 241.5373
2.491613, 0.162368, 8.497145, 350.0868, 252.4192
2.506487, 0.162368, 8.213324, 355.3909, 256.8196
2.506487, 0.304868, 8.213324, 355.3909, 245.53
2.306762, 0.162368, 8.202856, 339.7053, 256.9882
2.506487, 0.162368, 8.213324, 355.3909, 256.8196
2.491613, 0.162368, 8.497145, 350.0868, 252.4192
2.291887, 0.162368, 8.486677, 334.9615, 252.5758
2.306762, 0.304868, 8.202856, 339.7053, 245.683
2.306762, 0.162368, 8.202856, 339.7053, 256.9882
2.291887, 0.162368, 8.486677, 334.9615, 252.5758
2.291887, 0.304868, 8.486677, 334.9615, 241.6795
2.506487, 0.304868, 8.213324, 355.3909, 245.53
2.506487, 0.162368, 8.213324, 355.3909, 256.8196
2.306762, 0.162368, 8.202856, 339.7053, 256.9882
2.306762, 0.304868, 8.202856, 339.7053, 245.683
box_5_LMRR(Clone) stack 1 Shelf_0 Rack_0_0_0
2.501652, 0.447368, 8.209662, 355.0634, 234.2884
2.301683, 0.447368, 8.206172, 339.2589, 234.3342
2.296722, 0.447368, 8.490338, 335.2868, 230.7384
2.496692, 0.447368, 8.493829, 350.5213, 230.6959
2.296722, 0.447368, 8.490338, 335.2868, 230.7384
2.296722, 0.304868, 8.490338, 335.2868, 241.6297
2.496692, 0.304868, 8.493829, 350.5213, 241.5823
2.496692, 0.447368, 8.493829, 350.5213, 230.6959
2.496692, 0.447368, 8.493829, 350.5213, 230.6959
2.496692, 0.304868, 8.493829, 350.5213, 241.5823
2.501652, 0.3048679, 8.209662, 355.0634, 245.5834
2.501652, 0.447368, 8.209662, 355.0634, 234.2884
2.301683, 0.3048679, 8.206172, 339.2589, 245.6345
2.501652, 0.3048679, 8.209662, 355.0634, 245.5834
2.496692, 0.304868, 8.493829, 350.5213, 241.5823
2.296722, 0.304868, 8.490338, 335.2868, 241.6297
2.301683, 0.447368, 8.206172, 339.2589, 234.3342
2.301683, 0.3048679, 8.206172, 339.2589, 245.6345
2.296722, 0.304868, 8.490338, 335.2868, 241.6297
2.296722, 0.447368, 8.490338, 335.2868, 230.7384
2.501652, 0.447368, 8.209662, 355.0634, 234.2884
2.501652, 0.3048679, 8.209662, 355.0634, 245.5834
2.301683, 0.3048679, 8.206172, 339.2589, 245.6345
2.301683, 0.447368, 8.206172, 339.2589, 234.3342
box_5_LMRR(Clone) stack 1 Shelf_0 Rack_0_0_0
2.494167, 0.5898679, 8.204492, 354.5484, 223.0534
2.294289, 0.5898679, 8.211472, 338.6035, 222.9722
2.304208, 0.589868, 8.495509, 335.7958, 219.7914
2.504086, 0.589868, 8.488529, 351.1612, 219.8668
2.304208, 0.589868, 8.495509, 335.7958, 219.7914
2.304208, 0.447368, 8.495509, 335.7958, 230.6754
2.504086, 0.447368, 8.488529, 351.1612, 230.7605
2.504086, 0.589868, 8.488529, 351.1612, 219.8668
2.504086, 0.589868, 8.488529, 351.1612, 219.8668
2.504086, 0.447368, 8.488529, 351.1612, 230.7605
2.494167, 0.4473679, 8.204492, 354.5484, 234.3562
2.494167, 0.5898679, 8.204492, 354.5484, 223.0534
2.294289, 0.4473679, 8.211472, 338.6035, 234.2646
2.494167, 0.4473679, 8.204492, 354.5484, 234.3562
2.504086, 0.447368, 8.488529, 351.1612, 230.7605
2.304208, 0.447368, 8.495509, 335.7958, 230.6754
2.294289, 0.5898679, 8.211472, 338.6035, 222.9722
2.294289, 0.4473679, 8.211472, 338.6035, 234.2646
2.304208, 0.447368, 8.495509, 335.7958, 230.6754
2.304208, 0.589868, 8.495509, 335.7958, 219.7914
2.494167, 0.5898679, 8.204492, 354.5484, 223.0534
2.494167, 0.4473679, 8.204492, 354.5484, 234.3562
2.294289, 0.4473679, 8.211472, 338.6035, 234.2646
2.294289, 0.5898679, 8.211472, 338.6035, 222.9722
box_5_LMRR(Clone) stack 1 Shelf_0 Rack_0_0_0
2.483785, 0.7323679, 8.198221, 353.8193, 211.8143
2.284881, 0.7323679, 8.219127, 337.7591, 211.6024
2.314589, 0.7323679, 8.50178, 336.5117, 208.8483
2.513494, 0.7323679, 8.480874, 351.9896, 209.0452
2.314589, 0.7323679, 8.50178, 336.5117, 208.8483
2.314589, 0.5898679, 8.50178, 336.5117, 219.7237
2.513494, 0.5898679, 8.480874, 351.9896, 219.9496
2.513494, 0.7323679, 8.480874, 351.9896, 209.0452
2.513494, 0.7323679, 8.480874, 351.9896, 209.0452
2.513494, 0.5898679, 8.480874, 351.9896, 219.9496
2.483785, 0.5898679, 8.198221, 353.8193, 223.1265
2.483785, 0.7323679, 8.198221, 353.8193, 211.8143
2.284881, 0.5898679, 8.219127, 337.7591, 222.8834
2.483785, 0.5898679, 8.198221, 353.8193, 223.1265
2.513494, 0.5898679, 8.480874, 351.9896, 219.9496
2.314589, 0.5898679, 8.50178, 336.5117, 219.7237
2.284881, 0.7323679, 8.219127, 337.7591, 211.6024
2.284881, 0.5898679, 8.219127, 337.7591, 222.8834
2.314589, 0.5898679, 8.50178, 336.5117, 219.7237
2.314589, 0.7323679, 8.50178, 336.5117, 208.8483
2.483785, 0.7323679, 8.198221, 353.8193, 211.8143
2.483785, 0.5898679, 8.198221, 353.8193, 223.1265
2.284881, 0.5898679, 8.219127, 337.7591, 222.8834
2.284881, 0.7323679, 8.219127, 337.7591, 211.6024
box_1_Parle-G-GOLD(Clone) stack 3 Shelf_0 Rack_0_0_0
1.7328, 0.1916559, 8.240561, 293.9013, 254.071
1.533074, 0.1916559, 8.251029, 278.0822, 253.9073
1.543996, 0.1916559, 8.459439, 277.9053, 250.738
1.743722, 0.1916559, 8.448972, 293.3019, 250.8932
1.543996, 0.1916559, 8.459439, 277.9053, 250.738
1.543996, 0.0191559, 8.459439, 277.9053, 263.9743
1.743722, 0.0191559, 8.448972, 293.3019, 264.1472
1.743722, 0.1916559, 8.448972, 293.3019, 250.8932
1.743722, 0.1916559, 8.448972, 293.3019, 250.8932
1.743722, 0.0191559, 8.448972, 293.3019, 264.1472
1.7328, 0.0191559, 8.240561, 293.9013, 267.6884
1.7328, 0.1916559, 8.240561, 293.9013, 254.071
1.533074, 0.0191559, 8.251029, 278.0822, 267.506
1.7328, 0.0191559, 8.240561, 293.9013, 267.6884
1.743722, 0.0191559, 8.448972, 293.3019, 264.1472
1.543996, 0.0191559, 8.459439, 277.9053, 263.9743
1.533074, 0.1916559, 8.251029, 278.0822, 253.9073
1.533074, 0.0191559, 8.251029, 278.0822, 267.506
1.543996, 0.0191559, 8.459439, 277.9053, 263.9743
1.543996, 0.1916559, 8.459439, 277.9053, 250.738
1.7328, 0.1916559, 8.240561, 293.9013, 254.071
1.7328, 0.0191559, 8.240561, 293.9013, 267.6884
1.533074, 0.0191559, 8.251029, 278.0822, 267.506
1.533074, 0.1916559, 8.251029, 278.0822, 253.9073
box_1_Parle-G-GOLD(Clone) stack 3 Shelf_0 Rack_0_0_0
1.743722, 0.3641558, 8.251029, 294.6882, 240.3086
1.543996, 0.3641558, 8.240561, 278.9968, 240.4536
1.533074, 0.3641559, 8.448972, 277.1169, 237.6392
1.7328, 0.3641559, 8.459439, 292.3925, 237.5018
1.533074, 0.3641559, 8.448972, 277.1169, 237.6392
1.533074, 0.1916559, 8.448972, 277.1169, 250.8932
1.7328, 0.1916559, 8.459439, 292.3925, 250.738
1.7328, 0.3641559, 8.459439, 292.3925, 237.5018
1.7328, 0.3641559, 8.459439, 292.3925, 237.5018
1.7328, 0.1916559, 8.459439, 292.3925, 250.738
1.743722, 0.1916559, 8.251029, 294.6882, 253.9073
1.743722, 0.3641558, 8.251029, 294.6882, 240.3086
1.543996, 0.1916559, 8.240561, 278.9968, 254.071
1.743722, 0.1916559, 8.251029, 294.6882, 253.9073
1.7328, 0.1916559, 8.459439, 292.3925, 250.738
1.533074, 0.1916559, 8.448972, 277.1169, 250.8932
1.543996, 0.3641558, 8.240561, 278.9968, 240.4536
1.543996, 0.1916559, 8.240561, 278.9968, 254.071
1.533074, 0.1916559, 8.448972, 277.1169, 250.8932
1.533074, 0.3641559, 8.448972, 277.1169, 237.6392
1.743722, 0.3641558, 8.251029, 294.6882, 240.3086
1.743722, 0.1916559, 8.251029, 294.6882, 253.9073
1.543996, 0.1916559, 8.240561, 278.9968, 254.071
1.543996, 0.3641558, 8.240561, 278.9968, 240.4536
box_1_Parle-G-GOLD(Clone) stack 3 Shelf_0 Rack_0_0_0
1.726943, 0.5366558, 8.235771, 293.4726, 226.8941
1.528039, 0.5366558, 8.256677, 277.6573, 226.6419
1.549853, 0.5366558, 8.46423, 278.3312, 224.2109
1.748758, 0.5366558, 8.443324, 293.7277, 224.4499
1.549853, 0.5366558, 8.46423, 278.3312, 224.2109
1.549853, 0.3641559, 8.46423, 278.3312, 237.439
1.748758, 0.3641559, 8.443324, 293.7277, 237.7135
1.748758, 0.5366558, 8.443324, 293.7277, 224.4499
1.748758, 0.5366558, 8.443324, 293.7277, 224.4499
1.748758, 0.3641559, 8.443324, 293.7277, 237.7135
1.726943, 0.3641559, 8.235771, 293.4726, 240.5201
1.726943, 0.5366558, 8.235771, 293.4726, 226.8941
1.528039, 0.3641559, 8.256677, 277.6573, 240.2305
1.726943, 0.3641559, 8.235771, 293.4726, 240.5201
1.748758, 0.3641559, 8.443324, 293.7277, 237.7135
1.549853, 0.3641559, 8.46423, 278.3312, 237.439
1.528039, 0.5366558, 8.256677, 277.6573, 226.6419
1.528039, 0.3641559, 8.256677, 277.6573, 240.2305
1.549853, 0.3641559, 8.46423, 278.3312, 237.439
1.549853, 0.5366558, 8.46423, 278.3312, 224.2109
1.726943, 0.5366558, 8.235771, 293.4726, 226.8941
1.726943, 0.3641559, 8.235771, 293.4726, 240.5201
1.528039, 0.3641559, 8.256677, 277.6573, 240.2305
1.528039, 0.5366558, 8.256677, 277.6573, 226.6419
box_1_Parle-G-GOLD(Clone) stack 3 Shelf_0 Rack_0_0_0
1.747112, 0.7091558, 8.254766, 294.9285, 213.0729
1.547873, 0.7091558, 8.237334, 279.3196, 213.252
1.529684, 0.7091558, 8.445235, 276.874, 211.1677
1.728923, 0.7091558, 8.462667, 292.0735, 210.998
1.529684, 0.7091558, 8.445235, 276.874, 211.1677
1.529684, 0.5366558, 8.445235, 276.874, 224.428
1.728923, 0.5366558, 8.462667, 292.0735, 224.2287
1.728923, 0.7091558, 8.462667, 292.0735, 210.998
1.728923, 0.7091558, 8.462667, 292.0735, 210.998
1.728923, 0.5366558, 8.462667, 292.0735, 224.2287
1.747112, 0.5366558, 8.254766, 294.9285, 226.6649
1.747112, 0.7091558, 8.254766, 294.9285, 213.0729
1.547873, 0.5366558, 8.237334, 279.3196, 226.8752
1.747112, 0.5366558, 8.254766, 294.9285, 226.6649
1.728923, 0.5366558, 8.462667, 292.0735, 224.2287
1.529684, 0.5366558, 8.445235, 276.874, 224.428
1.547873, 0.7091558, 8.237334, 279.3196, 213.252
1.547873, 0.5366558, 8.237334, 279.3196, 226.8752
1.529684, 0.5366558, 8.445235, 276.874, 224.428
1.529684, 0.7091558, 8.445235, 276.874, 211.1677
1.747112, 0.7091558, 8.254766, 294.9285, 213.0729
1.747112, 0.5366558, 8.254766, 294.9285, 226.6649
1.547873, 0.5366558, 8.237334, 279.3196, 226.8752
1.547873, 0.7091558, 8.237334, 279.3196, 213.252
box_1_Parle-G-GOLD(Clone) stack 3 Shelf_0 Rack_0_0_0
1.734695, 0.8816558, 8.242226, 294.0391, 199.5872
1.534817, 0.8816558, 8.249206, 278.2288, 199.528
1.542101, 0.8816558, 8.457774, 277.7679, 197.8064
1.741979, 0.8816558, 8.450795, 293.1556, 197.8625
1.542101, 0.8816558, 8.457774, 277.7679, 197.8064
1.542101, 0.7091558, 8.457774, 277.7679, 211.0455
1.741979, 0.7091558, 8.450795, 293.1556, 211.1134
1.741979, 0.8816558, 8.450795, 293.1556, 197.8625
1.741979, 0.8816558, 8.450795, 293.1556, 197.8625
1.741979, 0.7091558, 8.450795, 293.1556, 211.1134
1.734695, 0.7091557, 8.242227, 294.0391, 213.2016
1.734695, 0.8816558, 8.242226, 294.0391, 199.5872
1.534817, 0.7091557, 8.249206, 278.2288, 213.1299
1.734695, 0.7091557, 8.242227, 294.0391, 213.2016
1.741979, 0.7091558, 8.450795, 293.1556, 211.1134
1.542101, 0.7091558, 8.457774, 277.7679, 211.0455
1.534817, 0.8816558, 8.249206, 278.2288, 199.528
1.534817, 0.7091557, 8.249206, 278.2288, 213.1299
1.542101, 0.7091558, 8.457774, 277.7679, 211.0455
1.542101, 0.8816558, 8.457774, 277.7679, 197.8064
1.734695, 0.8816558, 8.242226, 294.0391, 199.5872
1.734695, 0.7091557, 8.242227, 294.0391, 213.2016
1.534817, 0.7091557, 8.249206, 278.2288, 213.1299
1.534817, 0.8816558, 8.249206, 278.2288, 199.528
box_6_melody(Clone) stack 4 Shelf_0 Rack_0_0_0
1.361732, 0.2073493, 8.228273, 264.6485, 253.023
1.161762, 0.2073493, 8.231764, 248.8329, 252.9687
1.165951, 0.2073493, 8.471727, 248.8832, 249.3542
1.365921, 0.2073493, 8.468237, 264.2139, 249.4051
1.165951, 0.2073493, 8.471727, 248.8832, 249.3542
1.165951, 0.01984932, 8.471727, 248.8832, 263.7188
1.365921, 0.01984932, 8.468237, 264.2139, 263.7762
1.365921, 0.2073493, 8.468237, 264.2139, 249.4051
1.365921, 0.2073493, 8.468237, 264.2139, 249.4051
1.365921, 0.01984932, 8.468237, 264.2139, 263.7762
1.361732, 0.01984929, 8.228273, 264.6485, 267.8484
1.361732, 0.2073493, 8.228273, 264.6485, 253.023
1.161762, 0.01984929, 8.231764, 248.8329, 267.7874
1.361732, 0.01984929, 8.228273, 264.6485, 267.8484
1.365921, 0.01984932, 8.468237, 264.2139, 263.7762
1.165951, 0.01984932, 8.471727, 248.8832, 263.7188
1.161762, 0.2073493, 8.231764, 248.8329, 252.9687
1.161762, 0.01984929, 8.231764, 248.8329, 267.7874
1.165951, 0.01984932, 8.471727, 248.8832, 263.7188
1.165951, 0.2073493, 8.471727, 248.8832, 249.3542
1.361732, 0.2073493, 8.228273, 264.6485, 253.023
1.361732, 0.01984929, 8.228273, 264.6485, 267.8484
1.161762, 0.01984929, 8.231764, 248.8329, 267.7874
1.161762, 0.2073493, 8.231764, 248.8329, 252.9687
box_6_melody(Clone) stack 4 Shelf_0 Rack_0_0_0
1.35075, 0.3948492, 8.220205, 263.8055, 238.3073
1.151846, 0.3948492, 8.241111, 248.0393, 238.0232
1.176933, 0.3948492, 8.479795, 249.7145, 234.8866
1.375837, 0.3948492, 8.45889, 265.0038, 235.1537
1.176933, 0.3948492, 8.479795, 249.7145, 234.8866
1.176933, 0.2073492, 8.479795, 249.7145, 249.2365
1.375837, 0.2073492, 8.45889, 265.0038, 249.5419
1.375837, 0.3948492, 8.45889, 265.0038, 235.1537
1.375837, 0.3948492, 8.45889, 265.0038, 235.1537
1.375837, 0.2073492, 8.45889, 265.0038, 249.5419
1.35075, 0.2073492, 8.220205, 263.8055, 253.1486
1.35075, 0.3948492, 8.220205, 263.8055, 238.3073
1.151846, 0.2073492, 8.241111, 248.0393, 252.8236
1.35075, 0.2073492, 8.220205, 263.8055, 253.1486
1.375837, 0.2073492, 8.45889, 265.0038, 249.5419
1.176933, 0.2073492, 8.479795, 249.7145, 249.2365
1.151846, 0.3948492, 8.241111, 248.0393, 238.0232
1.151846, 0.2073492, 8.241111, 248.0393, 252.8236
1.176933, 0.2073492, 8.479795, 249.7145, 249.2365
1.176933, 0.3948492, 8.479795, 249.7145, 234.8866
1.35075, 0.3948492, 8.220205, 263.8055, 238.3073
1.35075, 0.2073492, 8.220205, 263.8055, 253.1486
1.151846, 0.2073492, 8.241111, 248.0393, 252.8236
1.151846, 0.3948492, 8.241111, 248.0393, 238.0232
box4_Fairever(Clone) stack 5 Shelf_1 Rack_0_0_0
1.331499, 1.369311, 8.2284, 262.2576, 161.1469
1.13162, 1.369311, 8.23538, 246.4477, 161.1229
1.139869, 1.369311, 8.471601, 246.8852, 160.335
1.339748, 1.369311, 8.464621, 262.2182, 160.3575
1.139869, 1.369311, 8.471601, 246.8852, 160.335
1.139869, 1.204311, 8.471601, 246.8852, 172.976
1.339748, 1.204311, 8.464621, 262.2182, 173.0099
1.339748, 1.369311, 8.464621, 262.2182, 160.3575
1.339748, 1.369311, 8.464621, 262.2182, 160.3575
1.339748, 1.204311, 8.464621, 262.2182, 173.0099
1.331499, 1.204311, 8.2284, 262.2576, 174.1931
1.331499, 1.369311, 8.2284, 262.2576, 161.1469
1.13162, 1.204311, 8.23538, 246.4477, 174.1571
1.331499, 1.204311, 8.2284, 262.2576, 174.1931
1.339748, 1.204311, 8.464621, 262.2182, 173.0099
1.139869, 1.204311, 8.471601, 246.8852, 172.976
1.13162, 1.369311, 8.23538, 246.4477, 161.1229
1.13162, 1.204311, 8.23538, 246.4477, 174.1571
1.139869, 1.204311, 8.471601, 246.8852, 172.976
1.139869, 1.369311, 8.471601, 246.8852, 160.335
1.331499, 1.369311, 8.2284, 262.2576, 161.1469
1.331499, 1.204311, 8.2284, 262.2576, 174.1931
1.13162, 1.204311, 8.23538, 246.4477, 174.1571
1.13162, 1.369311, 8.23538, 246.4477, 161.1229
box4_Fairever(Clone) stack 5 Shelf_1 Rack_0_0_0
1.349341, 1.534311, 8.244886, 263.6171, 148.0723
1.150832, 1.534311, 8.220512, 247.9809, 148.1143
1.122027, 1.534311, 8.455114, 245.5298, 147.7206
1.320536, 1.534311, 8.479488, 260.7057, 147.6811
1.122027, 1.534311, 8.455114, 245.5298, 147.7206
1.122027, 1.369311, 8.455114, 245.5298, 160.3884
1.320536, 1.369311, 8.479488, 260.7057, 160.3094
1.320536, 1.534311, 8.479488, 260.7057, 147.6811
1.320536, 1.534311, 8.479488, 260.7057, 147.6811
1.320536, 1.369311, 8.479488, 260.7057, 160.3094
1.349341, 1.369311, 8.244886, 263.6171, 161.0902
1.349341, 1.534311, 8.244886, 263.6171, 148.0723
1.150832, 1.369311, 8.220512, 247.9809, 161.1741
1.349341, 1.369311, 8.244886, 263.6171, 161.0902
1.320536, 1.369311, 8.479488, 260.7057, 160.3094
1.122027, 1.369311, 8.455114, 245.5298, 160.3884
1.150832, 1.534311, 8.220512, 247.9809, 148.1143
1.150832, 1.369311, 8.220512, 247.9809, 161.1741
1.122027, 1.369311, 8.455114, 245.5298, 160.3884
1.122027, 1.534311, 8.455114, 245.5298, 147.7206
1.349341, 1.534311, 8.244886, 263.6171, 148.0723
1.349341, 1.369311, 8.244886, 263.6171, 161.0902
1.150832, 1.369311, 8.220512, 247.9809, 161.1741
1.150832, 1.534311, 8.220512, 247.9809, 148.1143
box4_Fairever(Clone) stack 5 Shelf_1 Rack_0_0_0
1.337731, 1.699311, 8.233582, 262.7349, 135.0544
1.137762, 1.699311, 8.230091, 246.9376, 135.0544
1.133637, 1.699311, 8.466419, 246.4119, 135.0528
1.333606, 1.699311, 8.46991, 261.7325, 135.0528
1.133637, 1.699311, 8.466419, 246.4119, 135.0528
1.133637, 1.534311, 8.466419, 246.4119, 147.7023
1.333606, 1.534311, 8.46991, 261.7325, 147.6966
1.333606, 1.699311, 8.46991, 261.7325, 135.0528
1.333606, 1.699311, 8.46991, 261.7325, 135.0528
1.333606, 1.534311, 8.46991, 261.7325, 147.6966
1.337731, 1.534311, 8.233582, 262.7349, 148.0918
1.337731, 1.699311, 8.233582, 262.7349, 135.0544
1.137762, 1.534311, 8.230091, 246.9376, 148.0978
1.337731, 1.534311, 8.233582, 262.7349, 148.0918
1.333606, 1.534311, 8.46991, 261.7325, 147.6966
1.133637, 1.534311, 8.466419, 246.4119, 147.7023
1.137762, 1.699311, 8.230091, 246.9376, 135.0544
1.137762, 1.534311, 8.230091, 246.9376, 148.0978
1.133637, 1.534311, 8.466419, 246.4119, 147.7023
1.133637, 1.699311, 8.466419, 246.4119, 135.0528
1.337731, 1.699311, 8.233582, 262.7349, 135.0544
1.337731, 1.534311, 8.233582, 262.7349, 148.0918
1.137762, 1.534311, 8.230091, 246.9376, 148.0978
1.137762, 1.699311, 8.230091, 246.9376, 135.0544
box4_Fairever(Clone) stack 5 Shelf_1 Rack_0_0_0
1.34749, 1.864311, 8.242919, 263.477, 122.0331
1.148585, 1.864311, 8.222013, 247.8015, 121.9973
1.123878, 1.864311, 8.457082, 245.6705, 122.3883
1.322783, 1.864311, 8.477987, 260.8816, 122.422
1.123878, 1.864311, 8.457082, 245.6705, 122.3883
1.123878, 1.699311, 8.457082, 245.6705, 135.0529
1.322783, 1.699311, 8.477987, 260.8816, 135.0527
1.322783, 1.864311, 8.477987, 260.8816, 122.422
1.322783, 1.864311, 8.477987, 260.8816, 122.422
1.322783, 1.699311, 8.477987, 260.8816, 135.0527
1.34749, 1.699311, 8.242919, 263.477, 135.0544
1.34749, 1.864311, 8.242919, 263.477, 122.0331
1.148585, 1.699311, 8.222013, 247.8015, 135.0545
1.34749, 1.699311, 8.242919, 263.477, 135.0544
1.322783, 1.699311, 8.477987, 260.8816, 135.0527
1.123878, 1.699311, 8.457082, 245.6705, 135.0529
1.148585, 1.864311, 8.222013, 247.8015, 121.9973
1.148585, 1.699311, 8.222013, 247.8015, 135.0545
1.123878, 1.699311, 8.457082, 245.6705, 135.0529
1.123878, 1.864311, 8.457082, 245.6705, 122.3883
1.34749, 1.864311, 8.242919, 263.477, 122.0331
1.34749, 1.699311, 8.242919, 263.477, 135.0544
1.148585, 1.699311, 8.222013, 247.8015, 135.0545
1.148585, 1.864311, 8.222013, 247.8015, 121.9973
box4_Fairever(Clone) stack 5 Shelf_1 Rack_0_0_0
1.34749, 2.029311, 8.242919, 263.477, 109.0117
1.148585, 2.029311, 8.222013, 247.8015, 108.9401
1.123878, 2.029311, 8.457082, 245.6705, 109.7237
1.322783, 2.029311, 8.477987, 260.8816, 109.7911
1.123878, 2.029311, 8.457082, 245.6705, 109.7237
1.123878, 1.864311, 8.457082, 245.6705, 122.3883
1.322783, 1.864311, 8.477987, 260.8816, 122.4219
1.322783, 2.029311, 8.477987, 260.8816, 109.7911
1.322783, 2.029311, 8.477987, 260.8816, 109.7911
1.322783, 1.864311, 8.477987, 260.8816, 122.4219
1.34749, 1.864311, 8.242919, 263.477, 122.033
1.34749, 2.029311, 8.242919, 263.477, 109.0117
1.148585, 1.864311, 8.222013, 247.8015, 121.9973
1.34749, 1.864311, 8.242919, 263.477, 122.033
1.322783, 1.864311, 8.477987, 260.8816, 122.4219
1.123878, 1.864311, 8.457082, 245.6705, 122.3883
1.148585, 2.029311, 8.222013, 247.8015, 108.9401
1.148585, 1.864311, 8.222013, 247.8015, 121.9973
1.123878, 1.864311, 8.457082, 245.6705, 122.3883
1.123878, 2.029311, 8.457082, 245.6705, 109.7237
1.34749, 2.029311, 8.242919, 263.477, 109.0117
1.34749, 1.864311, 8.242919, 263.477, 122.033
1.148585, 1.864311, 8.222013, 247.8015, 121.9973
1.148585, 2.029311, 8.222013, 247.8015, 108.9401
box_2_Parle-G(Clone) stack 7 Shelf_1 Rack_0_0_0
2.106623, 1.459015, 8.291327, 322.8581, 153.8975
1.907385, 1.459015, 8.273895, 307.3877, 153.9406
1.895593, 1.459015, 8.408674, 305.3079, 153.612
2.094832, 1.459015, 8.426105, 320.5151, 153.5703
1.895593, 1.459015, 8.408674, 305.3079, 153.612
1.895593, 1.204015, 8.408674, 305.3079, 173.3065
2.094832, 1.204015, 8.426105, 320.5151, 173.2208
2.094832, 1.459015, 8.426105, 320.5151, 153.5703
2.094832, 1.459015, 8.426105, 320.5151, 153.5703
2.094832, 1.204015, 8.426105, 320.5151, 173.2208
2.106623, 1.204015, 8.291327, 322.8581, 173.894
2.106623, 1.459015, 8.291327, 322.8581, 153.8975
1.907385, 1.204015, 8.273895, 307.3877, 173.9828
2.106623, 1.204015, 8.291327, 322.8581, 173.894
2.094832, 1.204015, 8.426105, 320.5151, 173.2208
1.895593, 1.204015, 8.408674, 305.3079, 173.3065
1.907385, 1.459015, 8.273895, 307.3877, 153.9406
1.907385, 1.204015, 8.273895, 307.3877, 173.9828
1.895593, 1.204015, 8.408674, 305.3079, 173.3065
1.895593, 1.459015, 8.408674, 305.3079, 153.612
2.106623, 1.459015, 8.291327, 322.8581, 153.8975
2.106623, 1.204015, 8.291327, 322.8581, 173.894
1.907385, 1.204015, 8.273895, 307.3877, 173.9828
1.907385, 1.459015, 8.273895, 307.3877, 153.9406
box_2_Parle-G(Clone) stack 7 Shelf_1 Rack_0_0_0
2.103408, 1.714015, 8.285885, 322.6647, 133.9002
1.90353, 1.714015, 8.278905, 307.0408, 133.8992
1.898808, 1.714015, 8.414116, 305.5103, 133.9183
2.098686, 1.714015, 8.421096, 320.8642, 133.9193
1.898808, 1.714015, 8.414116, 305.5103, 133.9183
1.898808, 1.459015, 8.414116, 305.5103, 153.599
2.098686, 1.459015, 8.421096, 320.8642, 153.5823
2.098686, 1.714015, 8.421096, 320.8642, 133.9193
2.098686, 1.714015, 8.421096, 320.8642, 133.9193
2.098686, 1.459015, 8.421096, 320.8642, 153.5823
2.103408, 1.459015, 8.285885, 322.6647, 153.9109
2.103408, 1.714015, 8.285885, 322.6647, 133.9002
1.90353, 1.459015, 8.278905, 307.0408, 153.9282
2.103408, 1.459015, 8.285885, 322.6647, 153.9109
2.098686, 1.459015, 8.421096, 320.8642, 153.5823
1.898808, 1.459015, 8.414116, 305.5103, 153.599
1.90353, 1.714015, 8.278905, 307.0408, 133.8992
1.90353, 1.459015, 8.278905, 307.0408, 153.9282
1.898808, 1.459015, 8.414116, 305.5103, 153.599
1.898808, 1.714015, 8.414116, 305.5103, 133.9183
2.103408, 1.714015, 8.285885, 322.6647, 133.9002
2.103408, 1.459015, 8.285885, 322.6647, 153.9109
1.90353, 1.459015, 8.278905, 307.0408, 153.9282
1.90353, 1.714015, 8.278905, 307.0408, 133.8992
box_2_Parle-G(Clone) stack 7 Shelf_1 Rack_0_0_0
2.105583, 1.969016, 8.289494, 322.7964, 113.8994
1.906071, 1.969016, 8.275542, 307.27, 113.8608
1.896633, 1.969016, 8.410507, 305.3728, 114.228
2.096146, 1.969016, 8.424459, 320.6334, 114.2652
1.896633, 1.969016, 8.410507, 305.3728, 114.228
1.896633, 1.714015, 8.410507, 305.3728, 133.9178
2.096146, 1.714015, 8.424459, 320.6334, 133.9197
2.096146, 1.969016, 8.424459, 320.6334, 114.2652
2.096146, 1.969016, 8.424459, 320.6334, 114.2652
2.096146, 1.714015, 8.424459, 320.6334, 133.9197
2.105583, 1.714015, 8.289494, 322.7964, 133.9007
2.105583, 1.969016, 8.289494, 322.7964, 113.8994
1.906071, 1.714015, 8.275542, 307.27, 133.8987
2.105583, 1.714015, 8.289494, 322.7964, 133.9007
2.096146, 1.714015, 8.424459, 320.6334, 133.9197
1.896633, 1.714015, 8.410507, 305.3728, 133.9178
1.906071, 1.969016, 8.275542, 307.27, 113.8608
1.906071, 1.714015, 8.275542, 307.27, 133.8987
1.896633, 1.714015, 8.410507, 305.3728, 133.9178
1.896633, 1.969016, 8.410507, 305.3728, 114.228
2.105583, 1.969016, 8.289494, 322.7964, 113.8994
2.105583, 1.714015, 8.289494, 322.7964, 133.9007
1.906071, 1.714015, 8.275542, 307.27, 133.8987
1.906071, 1.969016, 8.275542, 307.27, 113.8608
box_7_litchi(Clone) stack 9 Shelf_1 Rack_0_0_0
2.883061, 1.414419, 8.257219, 384.3882, 157.4949
2.683548, 1.414419, 8.243268, 368.9089, 157.5362
2.669597, 1.414419, 8.442781, 364.54, 156.9599
2.86911, 1.414419, 8.456733, 379.632, 156.9207
2.669597, 1.414419, 8.442781, 364.54, 156.9599
2.669597, 1.204419, 8.442781, 364.54, 173.108
2.86911, 1.204419, 8.456733, 379.632, 173.04
2.86911, 1.414419, 8.456733, 379.632, 156.9207
2.86911, 1.414419, 8.456733, 379.632, 156.9207
2.86911, 1.204419, 8.456733, 379.632, 173.04
2.883061, 1.204419, 8.257219, 384.3882, 174.0364
2.883061, 1.414419, 8.257219, 384.3882, 157.4949
2.683548, 1.204419, 8.243268, 368.9089, 174.108
2.883061, 1.204419, 8.257219, 384.3882, 174.0364
2.86911, 1.204419, 8.456733, 379.632, 173.04
2.669597, 1.204419, 8.442781, 364.54, 173.108
2.683548, 1.414419, 8.243268, 368.9089, 157.5362
2.683548, 1.204419, 8.243268, 368.9089, 174.108
2.669597, 1.204419, 8.442781, 364.54, 173.108
2.669597, 1.414419, 8.442781, 364.54, 156.9599
2.883061, 1.414419, 8.257219, 384.3882, 157.4949
2.883061, 1.204419, 8.257219, 384.3882, 174.0364
2.683548, 1.204419, 8.243268, 368.9089, 174.108
2.683548, 1.414419, 8.243268, 368.9089, 157.5362
box_7_litchi(Clone) stack 9 Shelf_1 Rack_0_0_0
2.886234, 1.624419, 8.261001, 384.5664, 140.9505
2.68733, 1.624419, 8.240095, 369.2613, 140.9669
2.666424, 1.624419, 8.439, 364.3563, 140.8147
2.865329, 1.624419, 8.459906, 379.2852, 140.7991
2.666424, 1.624419, 8.439, 364.3563, 140.8147
2.666424, 1.414419, 8.439, 364.3563, 156.9706
2.865329, 1.414419, 8.459906, 379.2852, 156.9119
2.865329, 1.624419, 8.459906, 379.2852, 140.7991
2.865329, 1.624419, 8.459906, 379.2852, 140.7991
2.865329, 1.414419, 8.459906, 379.2852, 156.9119
2.886234, 1.414419, 8.261001, 384.5664, 157.4837
2.886234, 1.624419, 8.261001, 384.5664, 140.9505
2.68733, 1.414419, 8.240095, 369.2613, 157.5456
2.886234, 1.414419, 8.261001, 384.5664, 157.4837
2.865329, 1.414419, 8.459906, 379.2852, 156.9119
2.666424, 1.414419, 8.439, 364.3563, 156.9706
2.68733, 1.624419, 8.240095, 369.2613, 140.9669
2.68733, 1.414419, 8.240095, 369.2613, 157.5456
2.666424, 1.414419, 8.439, 364.3563, 156.9706
2.666424, 1.624419, 8.439, 364.3563, 140.8147
2.886234, 1.624419, 8.261001, 384.5664, 140.9505
2.886234, 1.414419, 8.261001, 384.5664, 157.4837
2.68733, 1.414419, 8.240095, 369.2613, 157.5456
2.68733, 1.624419, 8.240095, 369.2613, 140.9669
box_7_litchi(Clone) stack 9 Shelf_1 Rack_0_0_0
2.878059, 1.834419, 8.25176, 384.0975, 124.4044
2.67809, 1.834419, 8.24827, 368.3937, 124.3995
2.674599, 1.834419, 8.44824, 364.8373, 124.671
2.874569, 1.834419, 8.451731, 380.1407, 124.6756
2.674599, 1.834419, 8.44824, 364.8373, 124.671
2.674599, 1.624419, 8.44824, 364.8373, 140.8078
2.874569, 1.624419, 8.451731, 380.1407, 140.8052
2.874569, 1.834419, 8.451731, 380.1407, 124.6756
2.874569, 1.834419, 8.451731, 380.1407, 124.6756
2.874569, 1.624419, 8.451731, 380.1407, 140.8052
2.878059, 1.624419, 8.25176, 384.0975, 140.9577
2.878059, 1.834419, 8.25176, 384.0975, 124.4044
2.67809, 1.624419, 8.24827, 368.3937, 140.9604
2.878059, 1.624419, 8.25176, 384.0975, 140.9577
2.874569, 1.624419, 8.451731, 380.1407, 140.8052
2.674599, 1.624419, 8.44824, 364.8373, 140.8078
2.67809, 1.834419, 8.24827, 368.3937, 124.3995
2.67809, 1.624419, 8.24827, 368.3937, 140.9604
2.674599, 1.624419, 8.44824, 364.8373, 140.8078
2.674599, 1.834419, 8.44824, 364.8373, 124.671
2.878059, 1.834419, 8.25176, 384.0975, 124.4044
2.878059, 1.624419, 8.25176, 384.0975, 140.9577
2.67809, 1.624419, 8.24827, 368.3937, 140.9604
2.67809, 1.834419, 8.24827, 368.3937, 124.3995
box_7_litchi(Clone) stack 9 Shelf_1 Rack_0_0_0
2.879758, 2.044419, 8.253551, 384.1975, 107.8574
2.67988, 2.044419, 8.246572, 368.5636, 107.8325
2.6729, 2.044419, 8.446449, 364.7354, 108.5281
2.872778, 2.044419, 8.453429, 379.9727, 108.5518
2.6729, 2.044419, 8.446449, 364.7354, 108.5281
2.6729, 1.834419, 8.446449, 364.7354, 124.6686
2.872778, 1.834419, 8.453429, 379.9727, 124.6779
2.872778, 2.044419, 8.453429, 379.9727, 108.5518
2.872778, 2.044419, 8.453429, 379.9727, 108.5518
2.872778, 1.834419, 8.453429, 379.9727, 124.6779
2.879758, 1.834419, 8.253551, 384.1975, 124.4069
2.879758, 2.044419, 8.253551, 384.1975, 107.8574
2.67988, 1.834419, 8.246572, 368.5636, 124.3971
2.879758, 1.834419, 8.253551, 384.1975, 124.4069
2.872778, 1.834419, 8.453429, 379.9727, 124.6779
2.6729, 1.834419, 8.446449, 364.7354, 124.6686
2.67988, 2.044419, 8.246572, 368.5636, 107.8325
2.67988, 1.834419, 8.246572, 368.5636, 124.3971
2.6729, 1.834419, 8.446449, 364.7354, 124.6686
2.6729, 2.044419, 8.446449, 364.7354, 108.5281
2.879758, 2.044419, 8.253551, 384.1975, 107.8574
2.879758, 1.834419, 8.253551, 384.1975, 124.4069
2.67988, 1.834419, 8.246572, 368.5636, 124.3971
2.67988, 2.044419, 8.246572, 368.5636, 107.8325
box_6_melody(Clone) stack 13 Shelf_2 Rack_0_0_0
1.703699, 2.576536, 8.220205, 291.7426, 65.61905
1.504795, 2.576536, 8.241111, 275.8996, 65.80988
1.529881, 2.576536, 8.479795, 276.7266, 67.91638
1.728786, 2.576536, 8.45889, 292.0882, 67.73701
1.529881, 2.576536, 8.479795, 276.7266, 67.91638
1.529881, 2.389036, 8.479795, 276.7266, 82.26625
1.728786, 2.389036, 8.45889, 292.0882, 82.12526
1.728786, 2.576536, 8.45889, 292.0882, 67.73701
1.728786, 2.576536, 8.45889, 292.0882, 67.73701
1.728786, 2.389036, 8.45889, 292.0882, 82.12526
1.703699, 2.389036, 8.220205, 291.7426, 80.46034
1.703699, 2.576536, 8.220205, 291.7426, 65.61905
1.504795, 2.389036, 8.241111, 275.8996, 80.61034
1.703699, 2.389036, 8.220205, 291.7426, 80.46034
1.728786, 2.389036, 8.45889, 292.0882, 82.12526
1.529881, 2.389036, 8.479795, 276.7266, 82.26625
1.504795, 2.576536, 8.241111, 275.8996, 65.80988
1.504795, 2.389036, 8.241111, 275.8996, 80.61034
1.529881, 2.389036, 8.479795, 276.7266, 82.26625
1.529881, 2.576536, 8.479795, 276.7266, 67.91638
1.703699, 2.576536, 8.220205, 291.7426, 65.61905
1.703699, 2.389036, 8.220205, 291.7426, 80.46034
1.504795, 2.389036, 8.241111, 275.8996, 80.61034
1.504795, 2.576536, 8.241111, 275.8996, 65.80988
box_8_lizol(Clone) stack 14 Shelf_2 Rack_0_0_0
1.35013, 2.565368, 8.237725, 263.7016, 66.661
1.151226, 2.565368, 8.21682, 248.016, 66.47243
1.125427, 2.565368, 8.462276, 245.7856, 68.62276
1.324332, 2.565368, 8.483181, 260.9863, 68.7997
1.125427, 2.565368, 8.462276, 245.7856, 68.62276
1.125427, 2.389118, 8.462276, 245.7856, 82.14185
1.324332, 2.389118, 8.483181, 260.9863, 82.28275
1.324332, 2.565368, 8.483181, 260.9863, 68.7997
1.324332, 2.565368, 8.483181, 260.9863, 68.7997
1.324332, 2.389118, 8.483181, 260.9863, 82.28275
1.35013, 2.389118, 8.237725, 263.7016, 80.57964
1.35013, 2.565368, 8.237725, 263.7016, 66.661
1.151226, 2.389118, 8.21682, 248.016, 80.42947
1.35013, 2.389118, 8.237725, 263.7016, 80.57964
1.324332, 2.389118, 8.483181, 260.9863, 82.28275
1.125427, 2.389118, 8.462276, 245.7856, 82.14185
1.151226, 2.565368, 8.21682, 248.016, 66.47243
1.151226, 2.389118, 8.21682, 248.016, 80.42947
1.125427, 2.389118, 8.462276, 245.7856, 82.14185
1.125427, 2.565368, 8.462276, 245.7856, 68.62276
1.35013, 2.565368, 8.237725, 263.7016, 66.661
1.35013, 2.389118, 8.237725, 263.7016, 80.57964
1.151226, 2.389118, 8.21682, 248.016, 80.42947
1.151226, 2.565368, 8.21682, 248.016, 66.47243
box_8_lizol(Clone) stack 14 Shelf_2 Rack_0_0_0
1.346143, 2.741618, 8.233872, 263.3986, 52.70061
1.146631, 2.741618, 8.219921, 247.649, 52.54915
1.129414, 2.741618, 8.466128, 246.0884, 55.14302
1.328927, 2.741618, 8.48008, 261.3462, 55.28513
1.129414, 2.741618, 8.466128, 246.0884, 55.14302
1.129414, 2.565368, 8.466128, 246.0884, 68.65544
1.328927, 2.565368, 8.48008, 261.3462, 68.7735
1.328927, 2.741618, 8.48008, 261.3462, 55.28513
1.328927, 2.741618, 8.48008, 261.3462, 55.28513
1.328927, 2.565368, 8.48008, 261.3462, 68.7735
1.346143, 2.565368, 8.233872, 263.3986, 66.62631
1.346143, 2.741618, 8.233872, 263.3986, 52.70061
1.146631, 2.565368, 8.219921, 247.649, 66.50047
1.346143, 2.565368, 8.233872, 263.3986, 66.62631
1.328927, 2.565368, 8.48008, 261.3462, 68.7735
1.129414, 2.565368, 8.466128, 246.0884, 68.65544
1.146631, 2.741618, 8.219921, 247.649, 52.54915
1.146631, 2.565368, 8.219921, 247.649, 66.50047
1.129414, 2.565368, 8.466128, 246.0884, 68.65544
1.129414, 2.741618, 8.466128, 246.0884, 55.14302
1.346143, 2.741618, 8.233872, 263.3986, 52.70061
1.346143, 2.565368, 8.233872, 263.3986, 66.62631
1.146631, 2.565368, 8.219921, 247.649, 66.50047
1.146631, 2.741618, 8.219921, 247.649, 52.54915
box_5_LMRR(Clone) stack 15 Shelf_0 Rack_0_0_1
0.63816, 0.162368, 8.198221, 207.3066, 257.063
0.4392556, 0.162368, 8.219127, 191.6506, 256.7263
0.4689637, 0.162368, 8.50178, 195.6561, 252.3499
0.667868, 0.162368, 8.480874, 210.7585, 252.6628
0.4689637, 0.162368, 8.50178, 195.6561, 252.3499
0.4689637, 0.019868, 8.50178, 195.6561, 263.2253
0.667868, 0.019868, 8.480874, 210.7585, 263.5672
0.667868, 0.162368, 8.480874, 210.7585, 252.6628
0.667868, 0.162368, 8.480874, 210.7585, 252.6628
0.667868, 0.019868, 8.480874, 210.7585, 263.5672
0.63816, 0.019868, 8.198221, 207.3066, 268.3752
0.63816, 0.162368, 8.198221, 207.3066, 257.063
0.4392556, 0.019868, 8.219127, 191.6506, 268.0073
0.63816, 0.019868, 8.198221, 207.3066, 268.3752
0.667868, 0.019868, 8.480874, 210.7585, 263.5672
0.4689637, 0.019868, 8.50178, 195.6561, 263.2253
0.4392556, 0.162368, 8.219127, 191.6506, 256.7263
0.4392556, 0.019868, 8.219127, 191.6506, 268.0073
0.4689637, 0.019868, 8.50178, 195.6561, 263.2253
0.4689637, 0.162368, 8.50178, 195.6561, 252.3499
0.63816, 0.162368, 8.198221, 207.3066, 257.063
0.63816, 0.019868, 8.198221, 207.3066, 268.3752
0.4392556, 0.019868, 8.219127, 191.6506, 268.0073
0.4392556, 0.162368, 8.219127, 191.6506, 256.7263
box_5_LMRR(Clone) stack 15 Shelf_0 Rack_0_0_1
0.640796, 0.304868, 8.19972, 207.5223, 245.7289
0.441557, 0.304868, 8.217152, 191.8202, 245.4741
0.4663276, 0.304868, 8.50028, 195.4465, 241.4948
0.6655666, 0.304868, 8.482849, 210.5898, 241.7315
0.4663276, 0.304868, 8.50028, 195.4465, 241.4948
0.4663276, 0.162368, 8.50028, 195.4465, 252.3723
0.6655666, 0.162368, 8.482849, 210.5898, 252.6332
0.6655666, 0.304868, 8.482849, 210.5898, 241.7315
0.6655666, 0.304868, 8.482849, 210.5898, 241.7315
0.6655666, 0.162368, 8.482849, 210.5898, 252.6332
0.640796, 0.162368, 8.19972, 207.5223, 257.0388
0.640796, 0.304868, 8.19972, 207.5223, 245.7289
0.441557, 0.162368, 8.217152, 191.8202, 256.7581
0.640796, 0.162368, 8.19972, 207.5223, 257.0388
0.6655666, 0.162368, 8.482849, 210.5898, 252.6332
0.4663276, 0.162368, 8.50028, 195.4465, 252.3723
0.441557, 0.304868, 8.217152, 191.8202, 245.4741
0.441557, 0.162368, 8.217152, 191.8202, 256.7581
0.4663276, 0.162368, 8.50028, 195.4465, 252.3723
0.4663276, 0.304868, 8.50028, 195.4465, 241.4948
0.640796, 0.304868, 8.19972, 207.5223, 245.7289
0.640796, 0.162368, 8.19972, 207.5223, 257.0388
0.441557, 0.162368, 8.217152, 191.8202, 256.7581
0.441557, 0.304868, 8.217152, 191.8202, 245.4741
box_5_LMRR(Clone) stack 15 Shelf_0 Rack_0_0_1
0.6560267, 0.447368, 8.209662, 208.7722, 234.2884
0.4560571, 0.447368, 8.206172, 192.9001, 234.3342
0.451097, 0.447368, 8.490338, 194.226, 230.7384
0.6510665, 0.447368, 8.493829, 209.5231, 230.6959
0.451097, 0.447368, 8.490338, 194.226, 230.7384
0.451097, 0.304868, 8.490338, 194.226, 241.6297
0.6510665, 0.304868, 8.493829, 209.5231, 241.5823
0.6510665, 0.447368, 8.493829, 209.5231, 230.6959
0.6510665, 0.447368, 8.493829, 209.5231, 230.6959
0.6510665, 0.304868, 8.493829, 209.5231, 241.5823
0.6560267, 0.3048679, 8.209662, 208.7722, 245.5834
0.6560267, 0.447368, 8.209662, 208.7722, 234.2884
0.4560571, 0.3048679, 8.206172, 192.9001, 245.6345
0.6560267, 0.3048679, 8.209662, 208.7722, 245.5834
0.6510665, 0.304868, 8.493829, 209.5231, 241.5823
0.451097, 0.304868, 8.490338, 194.226, 241.6297
0.4560571, 0.447368, 8.206172, 192.9001, 234.3342
0.4560571, 0.3048679, 8.206172, 192.9001, 245.6345
0.451097, 0.304868, 8.490338, 194.226, 241.6297
0.451097, 0.447368, 8.490338, 194.226, 230.7384
0.6560267, 0.447368, 8.209662, 208.7722, 234.2884
0.6560267, 0.3048679, 8.209662, 208.7722, 245.5834
0.4560571, 0.3048679, 8.206172, 192.9001, 245.6345
0.4560571, 0.447368, 8.206172, 192.9001, 234.3342
box_5_LMRR(Clone) stack 15 Shelf_0 Rack_0_0_1
0.667868, 0.5898679, 8.219127, 209.7486, 222.8834
0.4689637, 0.5898679, 8.198221, 193.8752, 223.1265
0.4392556, 0.5898679, 8.480874, 193.2646, 219.9496
0.63816, 0.5898679, 8.50178, 208.569, 219.7237
0.4392556, 0.5898679, 8.480874, 193.2646, 219.9496
0.4392556, 0.4473679, 8.480874, 193.2646, 230.854
0.63816, 0.4473679, 8.50178, 208.569, 230.5991
0.63816, 0.5898679, 8.50178, 208.569, 219.7237
0.63816, 0.5898679, 8.50178, 208.569, 219.7237
0.63816, 0.4473679, 8.50178, 208.569, 230.5991
0.667868, 0.4473679, 8.219127, 209.7486, 234.1644
0.667868, 0.5898679, 8.219127, 209.7486, 222.8834
0.4689637, 0.4473679, 8.198221, 193.8752, 234.4386
0.667868, 0.4473679, 8.219127, 209.7486, 234.1644
0.63816, 0.4473679, 8.50178, 208.569, 230.5991
0.4392556, 0.4473679, 8.480874, 193.2646, 230.854
0.4689637, 0.5898679, 8.198221, 193.8752, 223.1265
0.4689637, 0.4473679, 8.198221, 193.8752, 234.4386
0.4392556, 0.4473679, 8.480874, 193.2646, 230.854
0.4392556, 0.5898679, 8.480874, 193.2646, 219.9496
0.667868, 0.5898679, 8.219127, 209.7486, 222.8834
0.667868, 0.4473679, 8.219127, 209.7486, 234.1644
0.4689637, 0.4473679, 8.198221, 193.8752, 234.4386
0.4689637, 0.5898679, 8.198221, 193.8752, 223.1265
box_3_Hareli(Clone) stack 16 Shelf_0 Rack_0_0_1
0.2824399, 0.1692639, 8.253007, 179.5067, 255.6411
0.08393069, 0.1692639, 8.228633, 163.6172, 256.0286
0.05711944, 0.1692639, 8.446994, 163.693, 252.6435
0.2556287, 0.1692639, 8.471368, 179.1393, 252.2773
0.05711944, 0.1692639, 8.446994, 163.693, 252.6435
0.05711944, 0.01926387, 8.446994, 163.693, 264.1716
0.2556287, 0.01926387, 8.471368, 179.1393, 263.7696
0.2556287, 0.1692639, 8.471368, 179.1393, 252.2773
0.2556287, 0.1692639, 8.471368, 179.1393, 252.2773
0.2556287, 0.01926387, 8.471368, 179.1393, 263.7696
0.2824399, 0.01926387, 8.253007, 179.5067, 267.463
0.2824399, 0.1692639, 8.253007, 179.5067, 255.6411
0.08393069, 0.01926387, 8.228633, 163.6172, 267.8885
0.2824399, 0.01926387, 8.253007, 179.5067, 267.463
0.2556287, 0.01926387, 8.471368, 179.1393, 263.7696
0.05711944, 0.01926387, 8.446994, 163.693, 264.1716
0.08393069, 0.1692639, 8.228633, 163.6172, 256.0286
0.08393069, 0.01926387, 8.228633, 163.6172, 267.8885
0.05711944, 0.01926387, 8.446994, 163.693, 264.1716
0.05711944, 0.1692639, 8.446994, 163.693, 252.6435
0.2824399, 0.1692639, 8.253007, 179.5067, 255.6411
0.2824399, 0.01926387, 8.253007, 179.5067, 267.463
0.08393069, 0.01926387, 8.228633, 163.6172, 267.8885
0.08393069, 0.1692639, 8.228633, 163.6172, 256.0286
box_6_melody(Clone) stack 17 Shelf_0 Rack_0_0_1
-0.1172183, 0.2073492, 8.224931, 147.6681, 253.075
-0.3169442, 0.2073492, 8.235398, 132.018, 252.9122
-0.3043836, 0.2073492, 8.47507, 136.283, 249.3054
-0.1046577, 0.2073492, 8.464602, 151.4595, 249.4583
-0.3043836, 0.2073492, 8.47507, 136.283, 249.3054
-0.3043836, 0.01984931, 8.47507, 136.283, 263.6639
-0.1046577, 0.01984931, 8.464602, 151.4595, 263.836
-0.1046577, 0.2073492, 8.464602, 151.4595, 249.4583
-0.1046577, 0.2073492, 8.464602, 151.4595, 249.4583
-0.1046577, 0.01984931, 8.464602, 151.4595, 263.836
-0.1172183, 0.01984931, 8.224931, 147.6681, 267.907
-0.1172183, 0.2073492, 8.224931, 147.6681, 253.075
-0.3169442, 0.01984931, 8.235398, 132.018, 267.7238
-0.1172183, 0.01984931, 8.224931, 147.6681, 267.907
-0.1046577, 0.01984931, 8.464602, 151.4595, 263.836
-0.3043836, 0.01984931, 8.47507, 136.283, 263.6639
-0.3169442, 0.2073492, 8.235398, 132.018, 252.9122
-0.3169442, 0.01984931, 8.235398, 132.018, 267.7238
-0.3043836, 0.01984931, 8.47507, 136.283, 263.6639
-0.3043836, 0.2073492, 8.47507, 136.283, 249.3054
-0.1172183, 0.2073492, 8.224931, 147.6681, 253.075
-0.1172183, 0.01984931, 8.224931, 147.6681, 267.907
-0.3169442, 0.01984931, 8.235398, 132.018, 267.7238
-0.3169442, 0.2073492, 8.235398, 132.018, 252.9122
box_6_melody(Clone) stack 17 Shelf_0 Rack_0_0_1
-0.1238922, 0.3948492, 8.220205, 147.0823, 238.3073
-0.3227966, 0.3948492, 8.241111, 131.6372, 238.0232
-0.2977097, 0.3948492, 8.479795, 136.8563, 234.8866
-0.09880532, 0.3948492, 8.45889, 151.8439, 235.1537
-0.2977097, 0.3948492, 8.479795, 136.8563, 234.8866
-0.2977097, 0.2073492, 8.479795, 136.8563, 249.2365
-0.09880532, 0.2073492, 8.45889, 151.8439, 249.5419
-0.09880532, 0.3948492, 8.45889, 151.8439, 235.1537
-0.09880532, 0.3948492, 8.45889, 151.8439, 235.1537
-0.09880532, 0.2073492, 8.45889, 151.8439, 249.5419
-0.1238922, 0.2073492, 8.220205, 147.0823, 253.1486
-0.1238922, 0.3948492, 8.220205, 147.0823, 238.3073
-0.3227966, 0.2073492, 8.241111, 131.6372, 252.8236
-0.1238922, 0.2073492, 8.220205, 147.0823, 253.1486
-0.09880532, 0.2073492, 8.45889, 151.8439, 249.5419
-0.2977097, 0.2073492, 8.479795, 136.8563, 249.2365
-0.3227966, 0.3948492, 8.241111, 131.6372, 238.0232
-0.3227966, 0.2073492, 8.241111, 131.6372, 252.8236
-0.2977097, 0.2073492, 8.479795, 136.8563, 249.2365
-0.2977097, 0.3948492, 8.479795, 136.8563, 234.8866
-0.1238922, 0.3948492, 8.220205, 147.0823, 238.3073
-0.1238922, 0.2073492, 8.220205, 147.0823, 253.1486
-0.3227966, 0.2073492, 8.241111, 131.6372, 252.8236
-0.3227966, 0.3948492, 8.241111, 131.6372, 238.0232
box_6_melody(Clone) stack 17 Shelf_0 Rack_0_0_1
-0.1007228, 0.5823491, 8.239173, 149.1436, 223.2452
-0.2999617, 0.5823491, 8.221742, 133.1674, 223.4481
-0.3208791, 0.5823491, 8.460828, 134.8286, 220.7442
-0.1216402, 0.5823491, 8.478259, 150.3138, 220.5535
-0.3208791, 0.5823491, 8.460828, 134.8286, 220.7442
-0.3208791, 0.3948492, 8.460828, 134.8286, 235.1289
-0.1216402, 0.3948492, 8.478259, 150.3138, 234.9062
-0.1216402, 0.5823491, 8.478259, 150.3138, 220.5535
-0.1216402, 0.5823491, 8.478259, 150.3138, 220.5535
-0.1216402, 0.3948492, 8.478259, 150.3138, 234.9062
-0.1007228, 0.3948492, 8.239173, 149.1436, 238.0495
-0.1007228, 0.5823491, 8.239173, 149.1436, 223.2452
-0.2999617, 0.3948492, 8.221742, 133.1674, 238.2864
-0.1007228, 0.3948492, 8.239173, 149.1436, 238.0495
-0.1216402, 0.3948492, 8.478259, 150.3138, 234.9062
-0.3208791, 0.3948492, 8.460828, 134.8286, 235.1289
-0.2999617, 0.5823491, 8.221742, 133.1674, 223.4481
-0.2999617, 0.3948492, 8.221742, 133.1674, 238.2864
-0.3208791, 0.3948492, 8.460828, 134.8286, 235.1289
-0.3208791, 0.5823491, 8.460828, 134.8286, 220.7442
-0.1007228, 0.5823491, 8.239173, 149.1436, 223.2452
-0.1007228, 0.3948492, 8.239173, 149.1436, 238.0495
-0.2999617, 0.3948492, 8.221742, 133.1674, 238.2864
-0.2999617, 0.5823491, 8.221742, 133.1674, 223.4481
box_6_melody(Clone) stack 17 Shelf_0 Rack_0_0_1
-0.1194153, 0.7698491, 8.223317, 147.4747, 208.5945
-0.3189281, 0.7698491, 8.237268, 131.8879, 208.4594
-0.3021866, 0.7698491, 8.476684, 136.4726, 206.2151
-0.1026738, 0.7698491, 8.462732, 151.5905, 206.3422
-0.3021866, 0.7698491, 8.476684, 136.4726, 206.2151
-0.3021866, 0.5823491, 8.476684, 136.4726, 220.5707
-0.1026738, 0.5823491, 8.462732, 151.5905, 220.7233
-0.1026738, 0.7698491, 8.462732, 151.5905, 206.3422
-0.1026738, 0.7698491, 8.462732, 151.5905, 206.3422
-0.1026738, 0.5823491, 8.462732, 151.5905, 220.7233
-0.1194153, 0.5823491, 8.223317, 147.4747, 223.4297
-0.1194153, 0.7698491, 8.223317, 147.4747, 208.5945
-0.3189281, 0.5823491, 8.237268, 131.8879, 223.2673
-0.1194153, 0.5823491, 8.223317, 147.4747, 223.4297
-0.1026738, 0.5823491, 8.462732, 151.5905, 220.7233
-0.3021866, 0.5823491, 8.476684, 136.4726, 220.5707
-0.3189281, 0.7698491, 8.237268, 131.8879, 208.4594
-0.3189281, 0.5823491, 8.237268, 131.8879, 223.2673
-0.3021866, 0.5823491, 8.476684, 136.4726, 220.5707
-0.3021866, 0.7698491, 8.476684, 136.4726, 206.2151
-0.1194153, 0.7698491, 8.223317, 147.4747, 208.5945
-0.1194153, 0.5823491, 8.223317, 147.4747, 223.4297
-0.3189281, 0.5823491, 8.237268, 131.8879, 223.2673
-0.3189281, 0.7698491, 8.237268, 131.8879, 208.4594
box_3_Hareli(Clone) stack 18 Shelf_0 Rack_0_0_1
-0.5047066, 0.1692639, 8.23015, 117.1008, 256.0044
-0.703611, 0.1692639, 8.251056, 101.7581, 255.6721
-0.6806147, 0.1692639, 8.469851, 107.3833, 252.3
-0.4817103, 0.1692639, 8.448945, 122.3111, 252.6141
-0.6806147, 0.1692639, 8.469851, 107.3833, 252.3
-0.6806147, 0.01926387, 8.469851, 107.3833, 263.7945
-0.4817103, 0.01926387, 8.448945, 122.3111, 264.1393
-0.4817103, 0.1692639, 8.448945, 122.3111, 252.6141
-0.4817103, 0.1692639, 8.448945, 122.3111, 252.6141
-0.4817103, 0.01926387, 8.448945, 122.3111, 264.1393
-0.5047066, 0.01926387, 8.23015, 117.1008, 267.8619
-0.5047066, 0.1692639, 8.23015, 117.1008, 256.0044
-0.703611, 0.01926387, 8.251056, 101.7581, 267.497
-0.5047066, 0.01926387, 8.23015, 117.1008, 267.8619
-0.4817103, 0.01926387, 8.448945, 122.3111, 264.1393
-0.6806147, 0.01926387, 8.469851, 107.3833, 263.7945
-0.703611, 0.1692639, 8.251056, 101.7581, 255.6721
-0.703611, 0.01926387, 8.251056, 101.7581, 267.497
-0.6806147, 0.01926387, 8.469851, 107.3833, 263.7945
-0.6806147, 0.1692639, 8.469851, 107.3833, 252.3
-0.5047066, 0.1692639, 8.23015, 117.1008, 256.0044
-0.5047066, 0.01926387, 8.23015, 117.1008, 267.8619
-0.703611, 0.01926387, 8.251056, 101.7581, 267.497
-0.703611, 0.1692639, 8.251056, 101.7581, 255.6721
box_3_Hareli(Clone) stack 18 Shelf_0 Rack_0_0_1
-0.4870408, 0.3192639, 8.245385, 118.7406, 243.9283
-0.6867666, 0.3192639, 8.234918, 102.7951, 244.0784
-0.6982806, 0.3192638, 8.454616, 105.7684, 241.0118
-0.4985547, 0.3192638, 8.465083, 121.2623, 240.87
-0.6982806, 0.3192638, 8.454616, 105.7684, 241.0118
-0.6982806, 0.1692639, 8.454616, 105.7684, 252.5287
-0.4985547, 0.1692639, 8.465083, 121.2623, 252.3715
-0.4985547, 0.3192638, 8.465083, 121.2623, 240.87
-0.4985547, 0.3192638, 8.465083, 121.2623, 240.87
-0.4985547, 0.1692639, 8.465083, 121.2623, 252.3715
-0.4870408, 0.1692639, 8.245385, 118.7406, 255.762
-0.4870408, 0.3192639, 8.245385, 118.7406, 243.9283
-0.6867666, 0.1692639, 8.234918, 102.7951, 255.9285
-0.4870408, 0.1692639, 8.245385, 118.7406, 255.762
-0.4985547, 0.1692639, 8.465083, 121.2623, 252.3715
-0.6982806, 0.1692639, 8.454616, 105.7684, 252.5287
-0.6867666, 0.3192639, 8.234918, 102.7951, 244.0784
-0.6867666, 0.1692639, 8.234918, 102.7951, 255.9285
-0.6982806, 0.1692639, 8.454616, 105.7684, 252.5287
-0.6982806, 0.3192638, 8.454616, 105.7684, 241.0118
-0.4870408, 0.3192639, 8.245385, 118.7406, 243.9283
-0.4870408, 0.1692639, 8.245385, 118.7406, 255.762
-0.6867666, 0.1692639, 8.234918, 102.7951, 255.9285
-0.6867666, 0.3192639, 8.234918, 102.7951, 244.0784
box_3_Hareli(Clone) stack 18 Shelf_0 Rack_0_0_1
-0.4888826, 0.4692639, 8.243557, 118.5661, 232.118
-0.6887608, 0.4692639, 8.236577, 102.6676, 232.2072
-0.6964387, 0.4692639, 8.456444, 105.9412, 229.4729
-0.4965605, 0.4692639, 8.463424, 121.39, 229.3886
-0.6964387, 0.4692639, 8.456444, 105.9412, 229.4729
-0.6964387, 0.3192639, 8.456444, 105.9412, 240.987
-0.4965605, 0.3192639, 8.463424, 121.39, 240.8925
-0.4965605, 0.4692639, 8.463424, 121.39, 229.3886
-0.4965605, 0.4692639, 8.463424, 121.39, 229.3886
-0.4965605, 0.3192639, 8.463424, 121.39, 240.8925
-0.4888826, 0.3192638, 8.243557, 118.5661, 243.9545
-0.4888826, 0.4692639, 8.243557, 118.5661, 232.118
-0.6887608, 0.3192638, 8.236577, 102.6676, 244.0546
-0.4888826, 0.3192638, 8.243557, 118.5661, 243.9545
-0.4965605, 0.3192639, 8.463424, 121.39, 240.8925
-0.6964387, 0.3192639, 8.456444, 105.9412, 240.987
-0.6887608, 0.4692639, 8.236577, 102.6676, 232.2072
-0.6887608, 0.3192638, 8.236577, 102.6676, 244.0546
-0.6964387, 0.3192639, 8.456444, 105.9412, 240.987
-0.6964387, 0.4692639, 8.456444, 105.9412, 229.4729
-0.4888826, 0.4692639, 8.243557, 118.5661, 232.118
-0.4888826, 0.3192638, 8.243557, 118.5661, 243.9545
-0.6887608, 0.3192638, 8.236577, 102.6676, 244.0546
-0.6887608, 0.4692639, 8.236577, 102.6676, 232.2072
box_3_Hareli(Clone) stack 18 Shelf_0 Rack_0_0_1
-0.4852311, 0.6192639, 8.247244, 118.913, 220.24
-0.6847438, 0.6192639, 8.233293, 102.9256, 220.3967
-0.7000903, 0.6192639, 8.452757, 105.5975, 217.9978
-0.5005775, 0.6192639, 8.466708, 121.1318, 217.8499
-0.7000903, 0.6192639, 8.452757, 105.5975, 217.9978
-0.7000903, 0.4692639, 8.452757, 105.5975, 229.5174
-0.5005775, 0.4692639, 8.466708, 121.1318, 229.349
-0.5005775, 0.6192639, 8.466708, 121.1318, 217.8499
-0.5005775, 0.6192639, 8.466708, 121.1318, 217.8499
-0.5005775, 0.4692639, 8.466708, 121.1318, 229.349
-0.4852311, 0.4692638, 8.247244, 118.913, 232.0709
-0.4852311, 0.6192639, 8.247244, 118.913, 220.24
-0.6847438, 0.4692638, 8.233293, 102.9256, 232.2492
-0.4852311, 0.4692638, 8.247244, 118.913, 232.0709
-0.5005775, 0.4692639, 8.466708, 121.1318, 229.349
-0.7000903, 0.4692639, 8.452757, 105.5975, 229.5174
-0.6847438, 0.6192639, 8.233293, 102.9256, 220.3967
-0.6847438, 0.4692638, 8.233293, 102.9256, 232.2492
-0.7000903, 0.4692639, 8.452757, 105.5975, 229.5174
-0.7000903, 0.6192639, 8.452757, 105.5975, 217.9978
-0.4852311, 0.6192639, 8.247244, 118.913, 220.24
-0.4852311, 0.4692638, 8.247244, 118.913, 232.0709
-0.6847438, 0.4692638, 8.233293, 102.9256, 232.2492
-0.6847438, 0.6192639, 8.233293, 102.9256, 220.3967
box_3_Hareli(Clone) stack 18 Shelf_0 Rack_0_0_1
-0.4926607, 0.7692639, 8.240001, 118.211, 208.4792
-0.6926607, 0.7692639, 8.240001, 102.4215, 208.4792
-0.6926607, 0.7692639, 8.46, 106.292, 206.412
-0.4926607, 0.7692639, 8.46, 121.6373, 206.412
-0.6926607, 0.7692639, 8.46, 106.292, 206.412
-0.6926607, 0.6192638, 8.46, 106.292, 217.9209
-0.4926607, 0.6192638, 8.46, 121.6373, 217.9209
-0.4926607, 0.7692639, 8.46, 121.6373, 206.412
-0.4926607, 0.7692639, 8.46, 121.6373, 206.412
-0.4926607, 0.6192638, 8.46, 121.6373, 217.9209
-0.4926607, 0.6192638, 8.240001, 118.211, 220.3213
-0.4926607, 0.7692639, 8.240001, 118.211, 208.4792
-0.6926607, 0.6192638, 8.240001, 102.4215, 220.3213
-0.4926607, 0.6192638, 8.240001, 118.211, 220.3213
-0.4926607, 0.6192638, 8.46, 121.6373, 217.9209
-0.6926607, 0.6192638, 8.46, 106.292, 217.9209
-0.6926607, 0.7692639, 8.240001, 102.4215, 208.4792
-0.6926607, 0.6192638, 8.240001, 102.4215, 220.3213
-0.6926607, 0.6192638, 8.46, 106.292, 217.9209
-0.6926607, 0.7692639, 8.46, 106.292, 206.412
-0.4926607, 0.7692639, 8.240001, 118.211, 208.4792
-0.4926607, 0.6192638, 8.240001, 118.211, 220.3213
-0.6926607, 0.6192638, 8.240001, 102.4215, 220.3213
-0.6926607, 0.7692639, 8.240001, 102.4215, 208.4792
box_3_Hareli(Clone) stack 19 Shelf_1 Rack_0_0_1
0.6594669, 1.353857, 8.231704, 209.1348, 162.3569
0.4602279, 1.353857, 8.249134, 193.495, 162.2943
0.4794022, 1.353857, 8.468297, 196.2665, 161.5301
0.6786411, 1.353857, 8.450867, 211.4737, 161.5893
0.4794022, 1.353857, 8.468297, 196.2665, 161.5301
0.4794022, 1.203857, 8.468297, 196.2665, 173.0269
0.6786411, 1.203857, 8.450867, 211.4737, 173.1117
0.6786411, 1.353857, 8.450867, 211.4737, 161.5893
0.6786411, 1.353857, 8.450867, 211.4737, 161.5893
0.6786411, 1.203857, 8.450867, 211.4737, 173.1117
0.6594669, 1.203857, 8.231704, 209.1348, 174.212
0.6594669, 1.353857, 8.231704, 209.1348, 162.3569
0.4602279, 1.203857, 8.249134, 193.495, 174.1221
0.6594669, 1.203857, 8.231704, 209.1348, 174.212
0.6786411, 1.203857, 8.450867, 211.4737, 173.1117
0.4794022, 1.203857, 8.468297, 196.2665, 173.0269
0.4602279, 1.353857, 8.249134, 193.495, 162.2943
0.4602279, 1.203857, 8.249134, 193.495, 174.1221
0.4794022, 1.203857, 8.468297, 196.2665, 173.0269
0.4794022, 1.353857, 8.468297, 196.2665, 161.5301
0.6594669, 1.353857, 8.231704, 209.1348, 162.3569
0.6594669, 1.203857, 8.231704, 209.1348, 174.212
0.4602279, 1.203857, 8.249134, 193.495, 174.1221
0.4602279, 1.353857, 8.249134, 193.495, 162.2943
box_3_Hareli(Clone) stack 19 Shelf_1 Rack_0_0_1
0.6786411, 1.503857, 8.249134, 210.7174, 150.4664
0.4794022, 1.503857, 8.231704, 194.9036, 150.5019
0.4602279, 1.503857, 8.450867, 194.696, 150.0669
0.6594669, 1.503857, 8.468297, 210.0676, 150.0334
0.4602279, 1.503857, 8.450867, 194.696, 150.0669
0.4602279, 1.353857, 8.450867, 194.696, 161.5893
0.6594669, 1.353857, 8.468297, 210.0676, 161.5301
0.6594669, 1.503857, 8.468297, 210.0676, 150.0334
0.6594669, 1.503857, 8.468297, 210.0676, 150.0334
0.6594669, 1.353857, 8.468297, 210.0676, 161.5301
0.6786411, 1.353857, 8.249134, 210.7174, 162.2943
0.6786411, 1.503857, 8.249134, 210.7174, 150.4664
0.4794022, 1.353857, 8.231704, 194.9036, 162.3569
0.6786411, 1.353857, 8.249134, 210.7174, 162.2943
0.6594669, 1.353857, 8.468297, 210.0676, 161.5301
0.4602279, 1.353857, 8.450867, 194.696, 161.5893
0.4794022, 1.503857, 8.231704, 194.9036, 150.5019
0.4794022, 1.353857, 8.231704, 194.9036, 162.3569
0.4602279, 1.353857, 8.450867, 194.696, 161.5893
0.4602279, 1.503857, 8.450867, 194.696, 150.0669
0.6786411, 1.503857, 8.249134, 210.7174, 150.4664
0.6786411, 1.353857, 8.249134, 210.7174, 162.2943
0.4794022, 1.353857, 8.231704, 194.9036, 162.3569
0.4794022, 1.503857, 8.231704, 194.9036, 150.5019
box_3_Hareli(Clone) stack 19 Shelf_1 Rack_0_0_1
0.6786411, 1.653857, 8.249134, 210.7174, 138.6385
0.4794022, 1.653857, 8.231704, 194.9036, 138.6468
0.4602279, 1.653857, 8.450867, 194.696, 138.5445
0.6594669, 1.653857, 8.468297, 210.0676, 138.5366
0.4602279, 1.653857, 8.450867, 194.696, 138.5445
0.4602279, 1.503857, 8.450867, 194.696, 150.0669
0.6594669, 1.503857, 8.468297, 210.0676, 150.0334
0.6594669, 1.653857, 8.468297, 210.0676, 138.5366
0.6594669, 1.653857, 8.468297, 210.0676, 138.5366
0.6594669, 1.503857, 8.468297, 210.0676, 150.0334
0.6786411, 1.503857, 8.249134, 210.7174, 150.4664
0.6786411, 1.653857, 8.249134, 210.7174, 138.6385
0.4794022, 1.503857, 8.231704, 194.9036, 150.5019
0.6786411, 1.503857, 8.249134, 210.7174, 150.4664
0.6594669, 1.503857, 8.468297, 210.0676, 150.0334
0.4602279, 1.503857, 8.450867, 194.696, 150.0669
0.4794022, 1.653857, 8.231704, 194.9036, 138.6468
0.4794022, 1.503857, 8.231704, 194.9036, 150.5019
0.4602279, 1.503857, 8.450867, 194.696, 150.0669
0.4602279, 1.653857, 8.450867, 194.696, 138.5445
0.6786411, 1.653857, 8.249134, 210.7174, 138.6385
0.6786411, 1.503857, 8.249134, 210.7174, 150.4664
0.4794022, 1.503857, 8.231704, 194.9036, 150.5019
0.4794022, 1.653857, 8.231704, 194.9036, 138.6468
box_3_Hareli(Clone) stack 19 Shelf_1 Rack_0_0_1
0.6768641, 1.803857, 8.247244, 210.57, 126.8085
0.4773513, 1.803857, 8.233293, 194.751, 126.7935
0.4620049, 1.803857, 8.452757, 194.8435, 127.024
0.6615177, 1.803857, 8.466708, 210.2187, 127.0383
0.4620049, 1.803857, 8.452757, 194.8435, 127.024
0.4620049, 1.653857, 8.452757, 194.8435, 138.5436
0.6615177, 1.653857, 8.466708, 210.2187, 138.5373
0.6615177, 1.803857, 8.466708, 210.2187, 127.0383
0.6615177, 1.803857, 8.466708, 210.2187, 127.0383
0.6615177, 1.653857, 8.466708, 210.2187, 138.5373
0.6768641, 1.653857, 8.247244, 210.57, 138.6394
0.6768641, 1.803857, 8.247244, 210.57, 126.8085
0.4773513, 1.653857, 8.233293, 194.751, 138.6461
0.6768641, 1.653857, 8.247244, 210.57, 138.6394
0.6615177, 1.653857, 8.466708, 210.2187, 138.5373
0.4620049, 1.653857, 8.452757, 194.8435, 138.5436
0.4773513, 1.803857, 8.233293, 194.751, 126.7935
0.4773513, 1.653857, 8.233293, 194.751, 138.6461
0.4620049, 1.653857, 8.452757, 194.8435, 138.5436
0.4620049, 1.803857, 8.452757, 194.8435, 127.024
0.6768641, 1.803857, 8.247244, 210.57, 126.8085
0.6768641, 1.653857, 8.247244, 210.57, 138.6394
0.4773513, 1.653857, 8.233293, 194.751, 138.6461
0.4773513, 1.803857, 8.233293, 194.751, 126.7935
box_3_Hareli(Clone) stack 19 Shelf_1 Rack_0_0_1
0.671339, 1.953857, 8.241762, 210.1127, 114.9633
0.4713695, 1.953857, 8.238272, 194.3083, 114.9541
0.46753, 1.953857, 8.458239, 195.2991, 115.5181
0.6674995, 1.953857, 8.461729, 210.6586, 115.5268
0.46753, 1.953857, 8.458239, 195.2991, 115.5181
0.46753, 1.803857, 8.458239, 195.2991, 127.0296
0.6674995, 1.803857, 8.461729, 210.6586, 127.0332
0.6674995, 1.953857, 8.461729, 210.6586, 115.5268
0.6674995, 1.953857, 8.461729, 210.6586, 115.5268
0.6674995, 1.803857, 8.461729, 210.6586, 127.0332
0.671339, 1.803857, 8.241762, 210.1127, 126.8026
0.671339, 1.953857, 8.241762, 210.1127, 114.9633
0.4713695, 1.803857, 8.238272, 194.3083, 126.7989
0.671339, 1.803857, 8.241762, 210.1127, 126.8026
0.6674995, 1.803857, 8.461729, 210.6586, 127.0332
0.46753, 1.803857, 8.458239, 195.2991, 127.0296
0.4713695, 1.953857, 8.238272, 194.3083, 114.9541
0.4713695, 1.803857, 8.238272, 194.3083, 126.7989
0.46753, 1.803857, 8.458239, 195.2991, 127.0296
0.46753, 1.953857, 8.458239, 195.2991, 115.5181
0.671339, 1.953857, 8.241762, 210.1127, 114.9633
0.671339, 1.803857, 8.241762, 210.1127, 126.8026
0.4713695, 1.803857, 8.238272, 194.3083, 126.7989
0.4713695, 1.953857, 8.238272, 194.3083, 114.9541
box_3_Hareli(Clone) stack 21 Shelf_1 Rack_0_0_1
-0.07153017, 1.353857, 8.247244, 151.5425, 162.301
-0.2710429, 1.353857, 8.233293, 135.615, 162.3512
-0.2863894, 1.353858, 8.452757, 137.3687, 161.5829
-0.08687659, 1.353858, 8.466708, 152.8464, 161.5355
-0.2863894, 1.353858, 8.452757, 137.3687, 161.5829
-0.2863894, 1.203857, 8.452757, 137.3687, 173.1025
-0.08687659, 1.203857, 8.466708, 152.8464, 173.0346
-0.08687659, 1.353858, 8.466708, 152.8464, 161.5355
-0.08687659, 1.353858, 8.466708, 152.8464, 161.5355
-0.08687659, 1.203857, 8.466708, 152.8464, 173.0346
-0.07153017, 1.203857, 8.247244, 151.5425, 174.1319
-0.07153017, 1.353857, 8.247244, 151.5425, 162.301
-0.2710429, 1.203857, 8.233293, 135.615, 174.2038
-0.07153017, 1.203857, 8.247244, 151.5425, 174.1319
-0.08687659, 1.203857, 8.466708, 152.8464, 173.0346
-0.2863894, 1.203857, 8.452757, 137.3687, 173.1025
-0.2710429, 1.353857, 8.233293, 135.615, 162.3512
-0.2710429, 1.203857, 8.233293, 135.615, 174.2038
-0.2863894, 1.203857, 8.452757, 137.3687, 173.1025
-0.2863894, 1.353858, 8.452757, 137.3687, 161.5829
-0.07153017, 1.353857, 8.247244, 151.5425, 162.301
-0.07153017, 1.203857, 8.247244, 151.5425, 174.1319
-0.2710429, 1.203857, 8.233293, 135.615, 174.2038
-0.2710429, 1.353857, 8.233293, 135.615, 162.3512
box_3_Hareli(Clone) stack 21 Shelf_1 Rack_0_0_1
-0.09100571, 1.503857, 8.23015, 149.8037, 150.505
-0.2899101, 1.503857, 8.251056, 134.3713, 150.4625
-0.2669138, 1.503857, 8.469851, 139.0851, 150.0304
-0.06800944, 1.503857, 8.448945, 154.0978, 150.0706
-0.2669138, 1.503857, 8.469851, 139.0851, 150.0304
-0.2669138, 1.353857, 8.469851, 139.0851, 161.5249
-0.06800944, 1.353857, 8.448945, 154.0978, 161.5959
-0.06800944, 1.503857, 8.448945, 154.0978, 150.0706
-0.06800944, 1.503857, 8.448945, 154.0978, 150.0706
-0.06800944, 1.353857, 8.448945, 154.0978, 161.5959
-0.09100571, 1.353857, 8.23015, 149.8037, 162.3625
-0.09100571, 1.503857, 8.23015, 149.8037, 150.505
-0.2899101, 1.353857, 8.251056, 134.3713, 162.2874
-0.09100571, 1.353857, 8.23015, 149.8037, 162.3625
-0.06800944, 1.353857, 8.448945, 154.0978, 161.5959
-0.2669138, 1.353857, 8.469851, 139.0851, 161.5249
-0.2899101, 1.503857, 8.251056, 134.3713, 150.4625
-0.2899101, 1.353857, 8.251056, 134.3713, 162.2874
-0.2669138, 1.353857, 8.469851, 139.0851, 161.5249
-0.2669138, 1.503857, 8.469851, 139.0851, 150.0304
-0.09100571, 1.503857, 8.23015, 149.8037, 150.505
-0.09100571, 1.353857, 8.23015, 149.8037, 162.3625
-0.2899101, 1.353857, 8.251056, 134.3713, 162.2874
-0.2899101, 1.503857, 8.251056, 134.3713, 150.4625
box_3_Hareli(Clone) stack 21 Shelf_1 Rack_0_0_1
-0.08892744, 1.653857, 8.231704, 149.9864, 138.6468
-0.2881664, 1.653857, 8.249134, 134.4821, 138.6385
-0.2689921, 1.653857, 8.468297, 138.9058, 138.5366
-0.06975318, 1.653857, 8.450867, 153.985, 138.5445
-0.2689921, 1.653857, 8.468297, 138.9058, 138.5366
-0.2689921, 1.503857, 8.468297, 138.9058, 150.0334
-0.06975318, 1.503857, 8.450867, 153.985, 150.0669
-0.06975318, 1.653857, 8.450867, 153.985, 138.5445
-0.06975318, 1.653857, 8.450867, 153.985, 138.5445
-0.06975318, 1.503857, 8.450867, 153.985, 150.0669
-0.08892744, 1.503857, 8.231704, 149.9864, 150.5019
-0.08892744, 1.653857, 8.231704, 149.9864, 138.6468
-0.2881664, 1.503857, 8.249134, 134.4821, 150.4664
-0.08892744, 1.503857, 8.231704, 149.9864, 150.5019
-0.06975318, 1.503857, 8.450867, 153.985, 150.0669
-0.2689921, 1.503857, 8.468297, 138.9058, 150.0334
-0.2881664, 1.653857, 8.249134, 134.4821, 138.6385
-0.2881664, 1.503857, 8.249134, 134.4821, 150.4664
-0.2689921, 1.503857, 8.468297, 138.9058, 150.0334
-0.2689921, 1.653857, 8.468297, 138.9058, 138.5366
-0.08892744, 1.653857, 8.231704, 149.9864, 138.6468
-0.08892744, 1.503857, 8.231704, 149.9864, 150.5019
-0.2881664, 1.503857, 8.249134, 134.4821, 150.4664
-0.2881664, 1.653857, 8.249134, 134.4821, 138.6385
box_3_Hareli(Clone) stack 21 Shelf_1 Rack_0_0_1
-0.08892744, 1.803857, 8.231704, 149.9864, 126.7918
-0.2881664, 1.803857, 8.249134, 134.4821, 126.8106
-0.2689921, 1.803857, 8.468297, 138.9058, 127.0399
-0.06975318, 1.803857, 8.450867, 153.985, 127.0221
-0.2689921, 1.803857, 8.468297, 138.9058, 127.0399
-0.2689921, 1.653857, 8.468297, 138.9058, 138.5366
-0.06975318, 1.653857, 8.450867, 153.985, 138.5445
-0.06975318, 1.803857, 8.450867, 153.985, 127.0221
-0.06975318, 1.803857, 8.450867, 153.985, 127.0221
-0.06975318, 1.653857, 8.450867, 153.985, 138.5445
-0.08892744, 1.653857, 8.231704, 149.9864, 138.6468
-0.08892744, 1.803857, 8.231704, 149.9864, 126.7918
-0.2881664, 1.653857, 8.249134, 134.4821, 138.6385
-0.08892744, 1.653857, 8.231704, 149.9864, 138.6468
-0.06975318, 1.653857, 8.450867, 153.985, 138.5445
-0.2689921, 1.653857, 8.468297, 138.9058, 138.5366
-0.2881664, 1.803857, 8.249134, 134.4821, 126.8106
-0.2881664, 1.653857, 8.249134, 134.4821, 138.6385
-0.2689921, 1.653857, 8.468297, 138.9058, 138.5366
-0.2689921, 1.803857, 8.468297, 138.9058, 127.0399
-0.08892744, 1.803857, 8.231704, 149.9864, 126.7918
-0.08892744, 1.653857, 8.231704, 149.9864, 138.6468
-0.2881664, 1.653857, 8.249134, 134.4821, 138.6385
-0.2881664, 1.803857, 8.249134, 134.4821, 126.8106
box_3_Hareli(Clone) stack 21 Shelf_1 Rack_0_0_1
-0.07705524, 1.953857, 8.241762, 151.0426, 114.9633
-0.2770248, 1.953857, 8.238272, 135.2111, 114.9541
-0.2808643, 1.953857, 8.458239, 137.8647, 115.5181
-0.08089478, 1.953857, 8.461729, 153.2498, 115.5268
-0.2808643, 1.953857, 8.458239, 137.8647, 115.5181
-0.2808643, 1.803857, 8.458239, 137.8647, 127.0296
-0.08089478, 1.803857, 8.461729, 153.2498, 127.0332
-0.08089478, 1.953857, 8.461729, 153.2498, 115.5268
-0.08089478, 1.953857, 8.461729, 153.2498, 115.5268
-0.08089478, 1.803857, 8.461729, 153.2498, 127.0332
-0.07705524, 1.803857, 8.241762, 151.0426, 126.8026
-0.07705524, 1.953857, 8.241762, 151.0426, 114.9633
-0.2770248, 1.803857, 8.238272, 135.2111, 126.7989
-0.07705524, 1.803857, 8.241762, 151.0426, 126.8026
-0.08089478, 1.803857, 8.461729, 153.2498, 127.0332
-0.2808643, 1.803857, 8.458239, 137.8647, 127.0296
-0.2770248, 1.953857, 8.238272, 135.2111, 114.9541
-0.2770248, 1.803857, 8.238272, 135.2111, 126.7989
-0.2808643, 1.803857, 8.458239, 137.8647, 127.0296
-0.2808643, 1.953857, 8.458239, 137.8647, 115.5181
-0.07705524, 1.953857, 8.241762, 151.0426, 114.9633
-0.07705524, 1.803857, 8.241762, 151.0426, 126.8026
-0.2770248, 1.803857, 8.238272, 135.2111, 126.7989
-0.2770248, 1.953857, 8.238272, 135.2111, 114.9541
box_7_litchi(Clone) stack 22 Shelf_1 Rack_0_0_1
-0.4485653, 1.414419, 8.259096, 121.9888, 157.4894
-0.6478042, 1.414419, 8.241665, 105.9922, 157.541
-0.6652354, 1.414419, 8.440905, 108.0741, 156.9652
-0.4659964, 1.414419, 8.458336, 123.6584, 156.9163
-0.6652354, 1.414419, 8.440905, 108.0741, 156.9652
-0.6652354, 1.204419, 8.440905, 108.0741, 173.1172
-0.4659964, 1.204419, 8.458336, 123.6584, 173.0322
-0.4659964, 1.414419, 8.458336, 123.6584, 156.9163
-0.4659964, 1.414419, 8.458336, 123.6584, 156.9163
-0.4659964, 1.204419, 8.458336, 123.6584, 173.0322
-0.4485653, 1.204419, 8.259096, 121.9888, 174.0268
-0.4485653, 1.414419, 8.259096, 121.9888, 157.4894
-0.6478042, 1.204419, 8.241665, 105.9922, 174.1163
-0.4485653, 1.204419, 8.259096, 121.9888, 174.0268
-0.4659964, 1.204419, 8.458336, 123.6584, 173.0322
-0.6652354, 1.204419, 8.440905, 108.0741, 173.1172
-0.6478042, 1.414419, 8.241665, 105.9922, 157.541
-0.6478042, 1.204419, 8.241665, 105.9922, 174.1163
-0.6652354, 1.204419, 8.440905, 108.0741, 173.1172
-0.6652354, 1.414419, 8.440905, 108.0741, 156.9652
-0.4485653, 1.414419, 8.259096, 121.9888, 157.4894
-0.4485653, 1.204419, 8.259096, 121.9888, 174.0268
-0.6478042, 1.204419, 8.241665, 105.9922, 174.1163
-0.6478042, 1.414419, 8.241665, 105.9922, 157.541
box_7_litchi(Clone) stack 22 Shelf_1 Rack_0_0_1
-0.4551703, 1.624419, 8.25176, 121.3544, 140.9577
-0.6551399, 1.624419, 8.24827, 105.53, 140.9604
-0.6586303, 1.624419, 8.44824, 108.7056, 140.8078
-0.4586608, 1.624419, 8.451731, 124.1235, 140.8052
-0.6586303, 1.624419, 8.44824, 108.7056, 140.8078
-0.6586303, 1.414419, 8.44824, 108.7056, 156.9446
-0.4586608, 1.414419, 8.451731, 124.1235, 156.9348
-0.4586608, 1.624419, 8.451731, 124.1235, 140.8052
-0.4586608, 1.624419, 8.451731, 124.1235, 140.8052
-0.4586608, 1.414419, 8.451731, 124.1235, 156.9348
-0.4551703, 1.414419, 8.25176, 121.3544, 157.511
-0.4551703, 1.624419, 8.25176, 121.3544, 140.9577
-0.6551399, 1.414419, 8.24827, 105.53, 157.5214
-0.4551703, 1.414419, 8.25176, 121.3544, 157.511
-0.4586608, 1.414419, 8.451731, 124.1235, 156.9348
-0.6586303, 1.414419, 8.44824, 108.7056, 156.9446
-0.6551399, 1.624419, 8.24827, 105.53, 140.9604
-0.6551399, 1.414419, 8.24827, 105.53, 157.5214
-0.6586303, 1.414419, 8.44824, 108.7056, 156.9446
-0.6586303, 1.624419, 8.44824, 108.7056, 140.8078
-0.4551703, 1.624419, 8.25176, 121.3544, 140.9577
-0.4551703, 1.414419, 8.25176, 121.3544, 157.511
-0.6551399, 1.414419, 8.24827, 105.53, 157.5214
-0.6551399, 1.624419, 8.24827, 105.53, 140.9604
box_7_litchi(Clone) stack 22 Shelf_1 Rack_0_0_1
-0.4485653, 1.834419, 8.259096, 121.9888, 124.4146
-0.6478042, 1.834419, 8.241665, 105.9922, 124.3903
-0.6652354, 1.834419, 8.440905, 108.0741, 124.6613
-0.4659964, 1.834419, 8.458336, 123.6584, 124.6843
-0.6652354, 1.834419, 8.440905, 108.0741, 124.6613
-0.6652354, 1.624419, 8.440905, 108.0741, 140.8132
-0.4659964, 1.624419, 8.458336, 123.6584, 140.8003
-0.4659964, 1.834419, 8.458336, 123.6584, 124.6843
-0.4659964, 1.834419, 8.458336, 123.6584, 124.6843
-0.4659964, 1.624419, 8.458336, 123.6584, 140.8003
-0.4485653, 1.624419, 8.259096, 121.9888, 140.952
-0.4485653, 1.834419, 8.259096, 121.9888, 124.4146
-0.6478042, 1.624419, 8.241665, 105.9922, 140.9656
-0.4485653, 1.624419, 8.259096, 121.9888, 140.952
-0.4659964, 1.624419, 8.458336, 123.6584, 140.8003
-0.6652354, 1.624419, 8.440905, 108.0741, 140.8132
-0.6478042, 1.834419, 8.241665, 105.9922, 124.3903
-0.6478042, 1.624419, 8.241665, 105.9922, 140.9656
-0.6652354, 1.624419, 8.440905, 108.0741, 140.8132
-0.6652354, 1.834419, 8.440905, 108.0741, 124.6613
-0.4485653, 1.834419, 8.259096, 121.9888, 124.4146
-0.4485653, 1.624419, 8.259096, 121.9888, 140.952
-0.6478042, 1.624419, 8.241665, 105.9922, 140.9656
-0.6478042, 1.834419, 8.241665, 105.9922, 124.3903
box_7_litchi(Clone) stack 22 Shelf_1 Rack_0_0_1
-0.4569003, 2.044419, 8.25, 121.1905, 107.8448
-0.6569003, 2.044419, 8.25, 105.4218, 107.8448
-0.6569003, 2.044419, 8.450001, 108.8681, 108.5401
-0.4569003, 2.044419, 8.450001, 124.233, 108.5401
-0.6569003, 2.044419, 8.450001, 108.8681, 108.5401
-0.6569003, 1.834419, 8.450001, 108.8681, 124.6733
-0.4569003, 1.834419, 8.450001, 124.233, 124.6733
-0.4569003, 2.044419, 8.450001, 124.233, 108.5401
-0.4569003, 2.044419, 8.450001, 124.233, 108.5401
-0.4569003, 1.834419, 8.450001, 124.233, 124.6733
-0.4569003, 1.834419, 8.25, 121.1905, 124.4019
-0.4569003, 2.044419, 8.25, 121.1905, 107.8448
-0.6569003, 1.834419, 8.25, 105.4218, 124.4019
-0.4569003, 1.834419, 8.25, 121.1905, 124.4019
-0.4569003, 1.834419, 8.450001, 124.233, 124.6733
-0.6569003, 1.834419, 8.450001, 108.8681, 124.6733
-0.6569003, 2.044419, 8.25, 105.4218, 107.8448
-0.6569003, 1.834419, 8.25, 105.4218, 124.4019
-0.6569003, 1.834419, 8.450001, 108.8681, 124.6733
-0.6569003, 2.044419, 8.450001, 108.8681, 108.5401
-0.4569003, 2.044419, 8.25, 121.1905, 107.8448
-0.4569003, 1.834419, 8.25, 121.1905, 124.4019
-0.6569003, 1.834419, 8.25, 105.4218, 124.4019
-0.6569003, 2.044419, 8.25, 105.4218, 107.8448
box_8_lizol(Clone) stack 23 Shelf_2 Rack_0_0_1
0.6987044, 2.565368, 8.226596, 212.2171, 66.56073
0.4987043, 2.565368, 8.226596, 196.3998, 66.56073
0.4987043, 2.565368, 8.473405, 197.7735, 68.71707
0.6987044, 2.565368, 8.473405, 213.0925, 68.71707
0.4987043, 2.565368, 8.473405, 197.7735, 68.71707
0.4987043, 2.389118, 8.473405, 197.7735, 82.21696
0.6987044, 2.389118, 8.473405, 213.0925, 82.21696
0.6987044, 2.565368, 8.473405, 213.0925, 68.71707
0.6987044, 2.565368, 8.473405, 213.0925, 68.71707
0.6987044, 2.389118, 8.473405, 213.0925, 82.21696
0.6987044, 2.389118, 8.226596, 212.2171, 80.4998
0.6987044, 2.565368, 8.226596, 212.2171, 66.56073
0.4987043, 2.389118, 8.226596, 196.3998, 80.4998
0.6987044, 2.389118, 8.226596, 212.2171, 80.4998
0.6987044, 2.389118, 8.473405, 213.0925, 82.21696
0.4987043, 2.389118, 8.473405, 197.7735, 82.21696
0.4987043, 2.565368, 8.226596, 196.3998, 66.56073
0.4987043, 2.389118, 8.226596, 196.3998, 80.4998
0.4987043, 2.389118, 8.473405, 197.7735, 82.21696
0.4987043, 2.565368, 8.473405, 197.7735, 68.71707
0.6987044, 2.565368, 8.226596, 212.2171, 66.56073
0.6987044, 2.389118, 8.226596, 212.2171, 80.4998
0.4987043, 2.389118, 8.226596, 196.3998, 80.4998
0.4987043, 2.565368, 8.226596, 196.3998, 66.56073
box_8_lizol(Clone) stack 23 Shelf_2 Rack_0_0_1
0.7090792, 2.741618, 8.235782, 213.0703, 52.72131
0.5098403, 2.741618, 8.21835, 197.234, 52.53204
0.4883295, 2.741618, 8.464219, 196.9283, 55.12355
0.6875684, 2.741618, 8.48165, 212.2688, 55.30109
0.4883295, 2.741618, 8.464219, 196.9283, 55.12355
0.4883295, 2.565368, 8.464219, 196.9283, 68.63925
0.6875684, 2.565368, 8.48165, 212.2688, 68.78677
0.6875684, 2.741618, 8.48165, 212.2688, 55.30109
0.6875684, 2.741618, 8.48165, 212.2688, 55.30109
0.6875684, 2.565368, 8.48165, 212.2688, 68.78677
0.7090792, 2.565368, 8.235782, 213.0703, 66.64352
0.7090792, 2.741618, 8.235782, 213.0703, 52.72131
0.5098403, 2.565368, 8.21835, 197.234, 66.48628
0.7090792, 2.565368, 8.235782, 213.0703, 66.64352
0.6875684, 2.565368, 8.48165, 212.2688, 68.78677
0.4883295, 2.565368, 8.464219, 196.9283, 68.63925
0.5098403, 2.741618, 8.21835, 197.234, 52.53204
0.5098403, 2.565368, 8.21835, 197.234, 66.48628
0.4883295, 2.565368, 8.464219, 196.9283, 68.63925
0.4883295, 2.741618, 8.464219, 196.9283, 55.12355
0.7090792, 2.741618, 8.235782, 213.0703, 52.72131
0.7090792, 2.565368, 8.235782, 213.0703, 66.64352
0.5098403, 2.565368, 8.21835, 197.234, 66.48628
0.5098403, 2.741618, 8.21835, 197.234, 52.53204
box_5_LMRR(Clone) stack 24 Shelf_2 Rack_0_0_1
0.3172211, 2.531555, 8.204492, 181.8775, 69.04276
0.1173429, 2.531555, 8.211472, 166.0918, 69.10355
0.1272617, 2.531555, 8.495509, 169.5217, 71.48622
0.3271399, 2.531555, 8.488529, 184.7392, 71.42973
0.1272617, 2.531555, 8.495509, 169.5217, 71.48622
0.1272617, 2.389055, 8.495509, 169.5217, 82.37032
0.3271399, 2.389055, 8.488529, 184.7392, 82.32352
0.3271399, 2.531555, 8.488529, 184.7392, 71.42973
0.3271399, 2.531555, 8.488529, 184.7392, 71.42973
0.3271399, 2.389055, 8.488529, 184.7392, 82.32352
0.3172211, 2.389055, 8.204492, 181.8775, 80.34557
0.3172211, 2.531555, 8.204492, 181.8775, 69.04276
0.1173429, 2.389055, 8.211472, 166.0918, 80.39597
0.3172211, 2.389055, 8.204492, 181.8775, 80.34557
0.3271399, 2.389055, 8.488529, 184.7392, 82.32352
0.1272617, 2.389055, 8.495509, 169.5217, 82.37032
0.1173429, 2.531555, 8.211472, 166.0918, 69.10355
0.1173429, 2.389055, 8.211472, 166.0918, 80.39597
0.1272617, 2.389055, 8.495509, 169.5217, 82.37032
0.1272617, 2.531555, 8.495509, 169.5217, 71.48622
0.3172211, 2.531555, 8.204492, 181.8775, 69.04276
0.3172211, 2.389055, 8.204492, 181.8775, 80.34557
0.1173429, 2.389055, 8.211472, 166.0918, 80.39597
0.1173429, 2.531555, 8.211472, 166.0918, 69.10355
box_5_LMRR(Clone) stack 24 Shelf_2 Rack_0_0_1
0.3319106, 2.674055, 8.215217, 183.1233, 57.84932
0.1323978, 2.674055, 8.201265, 167.1866, 57.70697
0.1125723, 2.674055, 8.484784, 168.3018, 60.50043
0.3120851, 2.674055, 8.498735, 183.6616, 60.63269
0.1125723, 2.674055, 8.484784, 168.3018, 60.50043
0.1125723, 2.531555, 8.484784, 168.3018, 71.3994
0.3120851, 2.531555, 8.498735, 183.6616, 71.5123
0.3120851, 2.674055, 8.498735, 183.6616, 60.63269
0.3120851, 2.674055, 8.498735, 183.6616, 60.63269
0.3120851, 2.531555, 8.498735, 183.6616, 71.5123
0.3319106, 2.531555, 8.215217, 183.1233, 69.13615
0.3319106, 2.674055, 8.215217, 183.1233, 57.84932
0.1323978, 2.531555, 8.201265, 167.1866, 69.01462
0.3319106, 2.531555, 8.215217, 183.1233, 69.13615
0.3120851, 2.531555, 8.498735, 183.6616, 71.5123
0.1125723, 2.531555, 8.484784, 168.3018, 71.3994
0.1323978, 2.674055, 8.201265, 167.1866, 57.70697
0.1323978, 2.531555, 8.201265, 167.1866, 69.01462
0.1125723, 2.531555, 8.484784, 168.3018, 71.3994
0.1125723, 2.674055, 8.484784, 168.3018, 60.50043
0.3319106, 2.674055, 8.215217, 183.1233, 57.84932
0.3319106, 2.531555, 8.215217, 183.1233, 69.13615
0.1323978, 2.531555, 8.201265, 167.1866, 69.01462
0.1323978, 2.674055, 8.201265, 167.1866, 57.70697
box_7_litchi(Clone) stack 25 Shelf_2 Rack_0_0_1
-0.05376676, 2.599012, 8.262933, 153.1227, 64.23886
-0.252276, 2.599012, 8.238559, 137.1693, 64.01189
-0.2766499, 2.599012, 8.437068, 137.9117, 65.8192
-0.07814063, 2.599012, 8.461442, 153.4579, 66.03479
-0.2766499, 2.599012, 8.437068, 137.9117, 65.8192
-0.2766499, 2.389012, 8.437068, 137.9117, 81.97913
-0.07814063, 2.389012, 8.461442, 153.4579, 82.14435
-0.07814063, 2.599012, 8.461442, 153.4579, 66.03479
-0.07814063, 2.599012, 8.461442, 153.4579, 66.03479
-0.07814063, 2.389012, 8.461442, 153.4579, 82.14435
-0.05376676, 2.389012, 8.262933, 153.1227, 80.76794
-0.05376676, 2.599012, 8.262933, 153.1227, 64.23886
-0.252276, 2.389012, 8.238559, 137.1693, 80.59399
-0.05376676, 2.389012, 8.262933, 153.1227, 80.76794
-0.07814063, 2.389012, 8.461442, 153.4579, 82.14435
-0.2766499, 2.389012, 8.437068, 137.9117, 81.97913
-0.252276, 2.599012, 8.238559, 137.1693, 64.01189
-0.252276, 2.389012, 8.238559, 137.1693, 80.59399
-0.2766499, 2.389012, 8.437068, 137.9117, 81.97913
-0.2766499, 2.599012, 8.437068, 137.9117, 65.8192
-0.05376676, 2.599012, 8.262933, 153.1227, 64.23886
-0.05376676, 2.389012, 8.262933, 153.1227, 80.76794
-0.252276, 2.389012, 8.238559, 137.1693, 80.59399
-0.252276, 2.599012, 8.238559, 137.1693, 64.01189
box_7_litchi(Clone) stack 25 Shelf_2 Rack_0_0_1
-0.05687325, 2.809012, 8.259096, 152.8343, 47.66583
-0.2561122, 2.809012, 8.241665, 136.9085, 47.46558
-0.2735434, 2.809012, 8.440905, 138.2008, 49.70125
-0.07430441, 2.809012, 8.458336, 153.7179, 49.89143
-0.2735434, 2.809012, 8.440905, 138.2008, 49.70125
-0.2735434, 2.599012, 8.440905, 138.2008, 65.85323
-0.07430441, 2.599012, 8.458336, 153.7179, 66.00739
-0.07430441, 2.809012, 8.458336, 153.7179, 49.89143
-0.07430441, 2.809012, 8.458336, 153.7179, 49.89143
-0.07430441, 2.599012, 8.458336, 153.7179, 66.00739
-0.05687325, 2.599012, 8.259096, 152.8343, 64.20323
-0.05687325, 2.809012, 8.259096, 152.8343, 47.66583
-0.2561122, 2.599012, 8.241665, 136.9085, 64.04088
-0.05687325, 2.599012, 8.259096, 152.8343, 64.20323
-0.07430441, 2.599012, 8.458336, 153.7179, 66.00739
-0.2735434, 2.599012, 8.440905, 138.2008, 65.85323
-0.2561122, 2.809012, 8.241665, 136.9085, 47.46558
-0.2561122, 2.599012, 8.241665, 136.9085, 64.04088
-0.2735434, 2.599012, 8.440905, 138.2008, 65.85323
-0.2735434, 2.809012, 8.440905, 138.2008, 49.70125
-0.05687325, 2.809012, 8.259096, 152.8343, 47.66583
-0.05687325, 2.599012, 8.259096, 152.8343, 64.20323
-0.2561122, 2.599012, 8.241665, 136.9085, 64.04088
-0.2561122, 2.809012, 8.241665, 136.9085, 47.46558
box_7_litchi(Clone) stack 25 Shelf_2 Rack_0_0_1
-0.06011177, 3.019012, 8.255371, 152.5365, 31.07762
-0.2598377, 3.019012, 8.244904, 136.6584, 30.93459
-0.2703049, 3.019012, 8.44463, 138.4984, 33.59769
-0.07057896, 3.019012, 8.455097, 153.9682, 33.73352
-0.2703049, 3.019012, 8.44463, 138.4984, 33.59769
-0.2703049, 2.809012, 8.44463, 138.4984, 49.74196
-0.07057896, 2.809012, 8.455097, 153.9682, 49.85616
-0.07057896, 3.019012, 8.455097, 153.9682, 33.73352
-0.07057896, 3.019012, 8.455097, 153.9682, 33.73352
-0.07057896, 2.809012, 8.455097, 153.9682, 49.85616
-0.06011177, 2.809012, 8.255371, 152.5365, 47.62312
-0.06011177, 3.019012, 8.255371, 152.5365, 31.07762
-0.2598377, 2.809012, 8.244904, 136.6584, 47.50284
-0.06011177, 2.809012, 8.255371, 152.5365, 47.62312
-0.07057896, 2.809012, 8.455097, 153.9682, 49.85616
-0.2703049, 2.809012, 8.44463, 138.4984, 49.74196
-0.2598377, 3.019012, 8.244904, 136.6584, 30.93459
-0.2598377, 2.809012, 8.244904, 136.6584, 47.50284
-0.2703049, 2.809012, 8.44463, 138.4984, 49.74196
-0.2703049, 3.019012, 8.44463, 138.4984, 33.59769
-0.06011177, 3.019012, 8.255371, 152.5365, 31.07762
-0.06011177, 2.809012, 8.255371, 152.5365, 47.62312
-0.2598377, 2.809012, 8.244904, 136.6584, 47.50284
-0.2598377, 3.019012, 8.244904, 136.6584, 30.93459
box_5_LMRR(Clone) stack 26 Shelf_2 Rack_0_0_1
-0.4235744, 2.531555, 8.221142, 123.3758, 69.18761
-0.6220837, 2.531555, 8.196768, 107.2382, 68.97533
-0.6567202, 2.531555, 8.478859, 109.3647, 71.3513
-0.4582109, 2.531555, 8.503233, 124.9168, 71.54861
-0.6567202, 2.531555, 8.478859, 109.3647, 71.3513
-0.6567202, 2.389055, 8.478859, 109.3647, 82.25853
-0.4582109, 2.389055, 8.503233, 124.9168, 82.422
-0.4582109, 2.531555, 8.503233, 124.9168, 71.54861
-0.4582109, 2.531555, 8.503233, 124.9168, 71.54861
-0.4582109, 2.389055, 8.503233, 124.9168, 82.422
-0.4235744, 2.389055, 8.221142, 123.3758, 80.46559
-0.4235744, 2.531555, 8.221142, 123.3758, 69.18761
-0.6220837, 2.389055, 8.196768, 107.2382, 80.28969
-0.4235744, 2.389055, 8.221142, 123.3758, 80.46559
-0.4582109, 2.389055, 8.503233, 124.9168, 82.422
-0.6567202, 2.389055, 8.478859, 109.3647, 82.25853
-0.6220837, 2.531555, 8.196768, 107.2382, 68.97533
-0.6220837, 2.389055, 8.196768, 107.2382, 80.28969
-0.6567202, 2.389055, 8.478859, 109.3647, 82.25853
-0.6567202, 2.531555, 8.478859, 109.3647, 71.3513
-0.4235744, 2.531555, 8.221142, 123.3758, 69.18761
-0.4235744, 2.389055, 8.221142, 123.3758, 80.46559
-0.6220837, 2.389055, 8.196768, 107.2382, 80.28969
-0.6220837, 2.531555, 8.196768, 107.2382, 68.97533
box_5_LMRR(Clone) stack 26 Shelf_2 Rack_0_0_1
-0.4477216, 2.674055, 8.202856, 121.1781, 57.72324
-0.6474475, 2.674055, 8.213324, 105.519, 57.83005
-0.632573, 2.674055, 8.497145, 111.5126, 60.61763
-0.4328471, 2.674055, 8.486677, 126.6134, 60.51839
-0.632573, 2.674055, 8.497145, 111.5126, 60.61763
-0.632573, 2.531555, 8.497145, 111.5126, 71.49947
-0.4328471, 2.531555, 8.486677, 126.6134, 71.41475
-0.4328471, 2.674055, 8.486677, 126.6134, 60.51839
-0.4328471, 2.674055, 8.486677, 126.6134, 60.51839
-0.4328471, 2.531555, 8.486677, 126.6134, 71.41475
-0.4477216, 2.531555, 8.202856, 121.1781, 69.0285
-0.4477216, 2.674055, 8.202856, 121.1781, 57.72324
-0.6474475, 2.531555, 8.213324, 105.519, 69.11969
-0.4477216, 2.531555, 8.202856, 121.1781, 69.0285
-0.4328471, 2.531555, 8.486677, 126.6134, 71.41475
-0.632573, 2.531555, 8.497145, 111.5126, 71.49947
-0.6474475, 2.674055, 8.213324, 105.519, 57.83005
-0.6474475, 2.531555, 8.213324, 105.519, 69.11969
-0.632573, 2.531555, 8.497145, 111.5126, 71.49947
-0.632573, 2.674055, 8.497145, 111.5126, 60.61763
-0.4477216, 2.674055, 8.202856, 121.1781, 57.72324
-0.4477216, 2.531555, 8.202856, 121.1781, 69.0285
-0.6474475, 2.531555, 8.213324, 105.519, 69.11969
-0.6474475, 2.674055, 8.213324, 105.519, 57.83005
box_5_LMRR(Clone) stack 26 Shelf_2 Rack_0_0_1
-0.4304782, 2.816555, 8.215217, 122.7378, 46.56255
-0.6299909, 2.816555, 8.201265, 106.6897, 46.39937
-0.6498165, 2.816555, 8.484784, 109.9914, 49.60147
-0.4503037, 2.816555, 8.498735, 125.4546, 49.7531
-0.6498165, 2.816555, 8.484784, 109.9914, 49.60147
-0.6498165, 2.674055, 8.484784, 109.9914, 60.50046
-0.4503037, 2.674055, 8.498735, 125.4546, 60.63272
-0.4503037, 2.816555, 8.498735, 125.4546, 49.7531
-0.4503037, 2.816555, 8.498735, 125.4546, 49.7531
-0.4503037, 2.674055, 8.498735, 125.4546, 60.63272
-0.4304782, 2.674055, 8.215217, 122.7378, 57.84937
-0.4304782, 2.816555, 8.215217, 122.7378, 46.56255
-0.6299909, 2.674055, 8.201265, 106.6897, 57.70702
-0.4304782, 2.674055, 8.215217, 122.7378, 57.84937
-0.4503037, 2.674055, 8.498735, 125.4546, 60.63272
-0.6498165, 2.674055, 8.484784, 109.9914, 60.50046
-0.6299909, 2.816555, 8.201265, 106.6897, 46.39937
-0.6299909, 2.674055, 8.201265, 106.6897, 57.70702
-0.6498165, 2.674055, 8.484784, 109.9914, 60.50046
-0.6498165, 2.816555, 8.484784, 109.9914, 49.60147
-0.4304782, 2.816555, 8.215217, 122.7378, 46.56255
-0.4304782, 2.674055, 8.215217, 122.7378, 57.84937
-0.6299909, 2.674055, 8.201265, 106.6897, 57.70702
-0.6299909, 2.816555, 8.201265, 106.6897, 46.39937
box_3_Hareli(Clone) stack 30 Shelf_0 Rack_0_0_2
-1.767787, 0.1692639, 8.23015, 17.25444, 256.0044
-1.966692, 0.1692639, 8.251056, 2.186093, 255.6721
-1.943695, 0.1692639, 8.469851, 10.59368, 252.3
-1.744791, 0.1692639, 8.448945, 25.26235, 252.6141
-1.943695, 0.1692639, 8.469851, 10.59368, 252.3
-1.943695, 0.01926387, 8.469851, 10.59368, 263.7945
-1.744791, 0.01926387, 8.448945, 25.26235, 264.1393
-1.744791, 0.1692639, 8.448945, 25.26235, 252.6141
-1.744791, 0.1692639, 8.448945, 25.26235, 252.6141
-1.744791, 0.01926387, 8.448945, 25.26235, 264.1393
-1.767787, 0.01926387, 8.23015, 17.25444, 267.8619
-1.767787, 0.1692639, 8.23015, 17.25444, 256.0044
-1.966692, 0.01926387, 8.251056, 2.186093, 267.497
-1.767787, 0.01926387, 8.23015, 17.25444, 267.8619
-1.744791, 0.01926387, 8.448945, 25.26235, 264.1393
-1.943695, 0.01926387, 8.469851, 10.59368, 263.7945
-1.966692, 0.1692639, 8.251056, 2.186093, 255.6721
-1.966692, 0.01926387, 8.251056, 2.186093, 267.497
-1.943695, 0.01926387, 8.469851, 10.59368, 263.7945
-1.943695, 0.1692639, 8.469851, 10.59368, 252.3
-1.767787, 0.1692639, 8.23015, 17.25444, 256.0044
-1.767787, 0.01926387, 8.23015, 17.25444, 267.8619
-1.966692, 0.01926387, 8.251056, 2.186093, 267.497
-1.966692, 0.1692639, 8.251056, 2.186093, 255.6721
box_3_Hareli(Clone) stack 30 Shelf_0 Rack_0_0_2
-1.750121, 0.3192639, 8.245385, 19.09432, 243.9283
-1.949847, 0.3192639, 8.234918, 3.011484, 244.0784
-1.961361, 0.3192638, 8.454616, 8.790078, 241.0118
-1.761635, 0.3192638, 8.465083, 24.41367, 240.87
-1.961361, 0.3192638, 8.454616, 8.790078, 241.0118
-1.961361, 0.1692639, 8.454616, 8.790078, 252.5287
-1.761635, 0.1692639, 8.465083, 24.41367, 252.3715
-1.761635, 0.3192638, 8.465083, 24.41367, 240.87
-1.761635, 0.3192638, 8.465083, 24.41367, 240.87
-1.761635, 0.1692639, 8.465083, 24.41367, 252.3715
-1.750121, 0.1692639, 8.245385, 19.09432, 255.762
-1.750121, 0.3192639, 8.245385, 19.09432, 243.9283
-1.949847, 0.1692639, 8.234918, 3.011484, 255.9285
-1.750121, 0.1692639, 8.245385, 19.09432, 255.762
-1.761635, 0.1692639, 8.465083, 24.41367, 252.3715
-1.961361, 0.1692639, 8.454616, 8.790078, 252.5287
-1.949847, 0.3192639, 8.234918, 3.011484, 244.0784
-1.949847, 0.1692639, 8.234918, 3.011484, 255.9285
-1.961361, 0.1692639, 8.454616, 8.790078, 252.5287
-1.961361, 0.3192638, 8.454616, 8.790078, 241.0118
-1.750121, 0.3192639, 8.245385, 19.09432, 243.9283
-1.750121, 0.1692639, 8.245385, 19.09432, 255.762
-1.949847, 0.1692639, 8.234918, 3.011484, 255.9285
-1.949847, 0.3192639, 8.234918, 3.011484, 244.0784
box_3_Hareli(Clone) stack 30 Shelf_0 Rack_0_0_2
-1.759641, 0.4692639, 8.236577, 18.0863, 232.2072
-1.959519, 0.4692639, 8.243557, 2.517529, 232.118
-1.951841, 0.4692639, 8.463424, 9.780507, 229.3886
-1.751963, 0.4692639, 8.456444, 24.91781, 229.4729
-1.951841, 0.4692639, 8.463424, 9.780507, 229.3886
-1.951841, 0.3192639, 8.463424, 9.780507, 240.8925
-1.751963, 0.3192639, 8.456444, 24.91781, 240.987
-1.751963, 0.4692639, 8.456444, 24.91781, 229.4729
-1.751963, 0.4692639, 8.456444, 24.91781, 229.4729
-1.751963, 0.3192639, 8.456444, 24.91781, 240.987
-1.759641, 0.3192638, 8.236577, 18.0863, 244.0546
-1.759641, 0.4692639, 8.236577, 18.0863, 232.2072
-1.959519, 0.3192638, 8.243557, 2.517529, 243.9545
-1.759641, 0.3192638, 8.236577, 18.0863, 244.0546
-1.751963, 0.3192639, 8.456444, 24.91781, 240.987
-1.951841, 0.3192639, 8.463424, 9.780507, 240.8925
-1.959519, 0.4692639, 8.243557, 2.517529, 232.118
-1.959519, 0.3192638, 8.243557, 2.517529, 243.9545
-1.951841, 0.3192639, 8.463424, 9.780507, 240.8925
-1.951841, 0.4692639, 8.463424, 9.780507, 229.3886
-1.759641, 0.4692639, 8.236577, 18.0863, 232.2072
-1.759641, 0.3192638, 8.236577, 18.0863, 244.0546
-1.959519, 0.3192638, 8.243557, 2.517529, 243.9545
-1.959519, 0.4692639, 8.243557, 2.517529, 232.118
box_3_Hareli(Clone) stack 30 Shelf_0 Rack_0_0_2
-1.748312, 0.6192639, 8.247244, 19.29103, 220.24
-1.947825, 0.6192639, 8.233293, 3.120604, 220.3967
-1.963171, 0.6192639, 8.452757, 8.596101, 217.9978
-1.763658, 0.6192639, 8.466708, 24.30334, 217.8499
-1.963171, 0.6192639, 8.452757, 8.596101, 217.9978
-1.963171, 0.4692639, 8.452757, 8.596101, 229.5174
-1.763658, 0.4692639, 8.466708, 24.30334, 229.349
-1.763658, 0.6192639, 8.466708, 24.30334, 217.8499
-1.763658, 0.6192639, 8.466708, 24.30334, 217.8499
-1.763658, 0.4692639, 8.466708, 24.30334, 229.349
-1.748312, 0.4692638, 8.247244, 19.29103, 232.0709
-1.748312, 0.6192639, 8.247244, 19.29103, 220.24
-1.947825, 0.4692638, 8.233293, 3.120604, 232.2492
-1.748312, 0.4692638, 8.247244, 19.29103, 232.0709
-1.763658, 0.4692639, 8.466708, 24.30334, 229.349
-1.963171, 0.4692639, 8.452757, 8.596101, 229.5174
-1.947825, 0.6192639, 8.233293, 3.120604, 220.3967
-1.947825, 0.4692638, 8.233293, 3.120604, 232.2492
-1.963171, 0.4692639, 8.452757, 8.596101, 229.5174
-1.963171, 0.6192639, 8.452757, 8.596101, 217.9978
-1.748312, 0.6192639, 8.247244, 19.29103, 220.24
-1.748312, 0.4692638, 8.247244, 19.29103, 232.0709
-1.947825, 0.4692638, 8.233293, 3.120604, 232.2492
-1.947825, 0.6192639, 8.233293, 3.120604, 220.3967
box_6_melody(Clone) stack 34 Shelf_1 Rack_0_0_2
-1.78114, 1.391943, 8.220205, 15.90527, 159.3838
-1.980045, 1.391943, 8.241111, 0.8209276, 159.3168
-1.954958, 1.391943, 8.479795, 10.02275, 158.5764
-1.756054, 1.391943, 8.45889, 24.67123, 158.6395
-1.954958, 1.391943, 8.479795, 10.02275, 158.5764
-1.954958, 1.204443, 8.479795, 10.02275, 172.9263
-1.756054, 1.204443, 8.45889, 24.67123, 173.0277
-1.756054, 1.391943, 8.45889, 24.67123, 158.6395
-1.756054, 1.391943, 8.45889, 24.67123, 158.6395
-1.756054, 1.204443, 8.45889, 24.67123, 173.0277
-1.78114, 1.204443, 8.220205, 15.90527, 174.2251
-1.78114, 1.391943, 8.220205, 15.90527, 159.3838
-1.980045, 1.204443, 8.241111, 0.8209276, 174.1172
-1.78114, 1.204443, 8.220205, 15.90527, 174.2251
-1.756054, 1.204443, 8.45889, 24.67123, 173.0277
-1.954958, 1.204443, 8.479795, 10.02275, 172.9263
-1.980045, 1.391943, 8.241111, 0.8209276, 159.3168
-1.980045, 1.204443, 8.241111, 0.8209276, 174.1172
-1.954958, 1.204443, 8.479795, 10.02275, 172.9263
-1.954958, 1.391943, 8.479795, 10.02275, 158.5764
-1.78114, 1.391943, 8.220205, 15.90527, 159.3838
-1.78114, 1.204443, 8.220205, 15.90527, 174.2251
-1.980045, 1.204443, 8.241111, 0.8209276, 174.1172
-1.980045, 1.391943, 8.241111, 0.8209276, 159.3168
box_6_melody(Clone) stack 34 Shelf_1 Rack_0_0_2
-1.757971, 1.579443, 8.239173, 18.29395, 144.5187
-1.95721, 1.579443, 8.221742, 2.016978, 144.5406
-1.978127, 1.579443, 8.460828, 7.687469, 144.2489
-1.778888, 1.579443, 8.478259, 23.45538, 144.2284
-1.978127, 1.579443, 8.460828, 7.687469, 144.2489
-1.978127, 1.391943, 8.460828, 7.687469, 158.6336
-1.778888, 1.391943, 8.478259, 23.45538, 158.581
-1.778888, 1.579443, 8.478259, 23.45538, 144.2284
-1.778888, 1.579443, 8.478259, 23.45538, 144.2284
-1.778888, 1.391943, 8.478259, 23.45538, 158.581
-1.757971, 1.391943, 8.239173, 18.29395, 159.3229
-1.757971, 1.579443, 8.239173, 18.29395, 144.5187
-1.95721, 1.391943, 8.221742, 2.016978, 159.3789
-1.757971, 1.391943, 8.239173, 18.29395, 159.3229
-1.778888, 1.391943, 8.478259, 23.45538, 158.581
-1.978127, 1.391943, 8.460828, 7.687469, 158.6336
-1.95721, 1.579443, 8.221742, 2.016978, 144.5406
-1.95721, 1.391943, 8.221742, 2.016978, 159.3789
-1.978127, 1.391943, 8.460828, 7.687469, 158.6336
-1.978127, 1.579443, 8.460828, 7.687469, 144.2489
-1.757971, 1.579443, 8.239173, 18.29395, 144.5187
-1.757971, 1.391943, 8.239173, 18.29395, 159.3229
-1.95721, 1.391943, 8.221742, 2.016978, 159.3789
-1.95721, 1.579443, 8.221742, 2.016978, 144.5406
box_6_melody(Clone) stack 34 Shelf_1 Rack_0_0_2
-1.75417, 1.766943, 8.243082, 18.7079, 129.7172
-1.952679, 1.766943, 8.218708, 2.280393, 129.7002
-1.981928, 1.766943, 8.456919, 7.279558, 129.8617
-1.783419, 1.766943, 8.481293, 23.19248, 129.8777
-1.981928, 1.766943, 8.456919, 7.279558, 129.8617
-1.981928, 1.579443, 8.456919, 7.279558, 144.2536
-1.783419, 1.579443, 8.481293, 23.19248, 144.2248
-1.783419, 1.766943, 8.481293, 23.19248, 129.8777
-1.783419, 1.766943, 8.481293, 23.19248, 129.8777
-1.783419, 1.579443, 8.481293, 23.19248, 144.2248
-1.75417, 1.579443, 8.243082, 18.7079, 144.5138
-1.75417, 1.766943, 8.243082, 18.7079, 129.7172
-1.952679, 1.579443, 8.218708, 2.280393, 144.5444
-1.75417, 1.579443, 8.243082, 18.7079, 144.5138
-1.783419, 1.579443, 8.481293, 23.19248, 144.2248
-1.981928, 1.579443, 8.456919, 7.279558, 144.2536
-1.952679, 1.766943, 8.218708, 2.280393, 129.7002
-1.952679, 1.579443, 8.218708, 2.280393, 144.5444
-1.981928, 1.579443, 8.456919, 7.279558, 144.2536
-1.981928, 1.766943, 8.456919, 7.279558, 129.8617
-1.75417, 1.766943, 8.243082, 18.7079, 129.7172
-1.75417, 1.579443, 8.243082, 18.7079, 144.5138
-1.952679, 1.579443, 8.218708, 2.280393, 144.5444
-1.952679, 1.766943, 8.218708, 2.280393, 129.7002
box_6_melody(Clone) stack 34 Shelf_1 Rack_0_0_2
-1.776664, 1.954443, 8.223317, 16.35145, 114.8682
-1.976176, 1.954443, 8.237268, 1.005464, 114.9052
-1.959435, 1.954443, 8.476684, 9.588675, 115.5191
-1.759922, 1.954443, 8.462732, 24.48029, 115.4843
-1.959435, 1.954443, 8.476684, 9.588675, 115.5191
-1.959435, 1.766943, 8.476684, 9.588675, 129.8746
-1.759922, 1.766943, 8.462732, 24.48029, 129.8655
-1.759922, 1.954443, 8.462732, 24.48029, 115.4843
-1.759922, 1.954443, 8.462732, 24.48029, 115.4843
-1.759922, 1.766943, 8.462732, 24.48029, 129.8655
-1.776664, 1.766943, 8.223317, 16.35145, 129.7034
-1.776664, 1.954443, 8.223317, 16.35145, 114.8682
-1.976176, 1.766943, 8.237268, 1.005464, 129.7131
-1.776664, 1.766943, 8.223317, 16.35145, 129.7034
-1.759922, 1.766943, 8.462732, 24.48029, 129.8655
-1.959435, 1.766943, 8.476684, 9.588675, 129.8746
-1.976176, 1.954443, 8.237268, 1.005464, 114.9052
-1.976176, 1.766943, 8.237268, 1.005464, 129.7131
-1.959435, 1.766943, 8.476684, 9.588675, 129.8746
-1.959435, 1.954443, 8.476684, 9.588675, 115.5191
-1.776664, 1.954443, 8.223317, 16.35145, 114.8682
-1.776664, 1.766943, 8.223317, 16.35145, 129.7034
-1.976176, 1.766943, 8.237268, 1.005464, 129.7131
-1.976176, 1.954443, 8.237268, 1.005464, 114.9052
box4_Fairever(Clone) stack 35 Shelf_2 Rack_0_0_2
-1.432216, 2.553905, 8.23538, 43.91637, 67.54544
-1.632095, 2.553905, 8.2284, 27.93204, 67.4834
-1.640344, 2.553905, 8.464621, 33.70169, 69.52168
-1.440465, 2.553905, 8.471601, 49.19876, 69.58003
-1.640344, 2.553905, 8.464621, 33.70169, 69.52168
-1.640344, 2.388905, 8.464621, 33.70169, 82.17406
-1.440465, 2.388905, 8.471601, 49.19876, 82.22115
-1.440465, 2.553905, 8.471601, 49.19876, 69.58003
-1.440465, 2.553905, 8.471601, 49.19876, 69.58003
-1.440465, 2.388905, 8.471601, 49.19876, 82.22115
-1.432216, 2.388905, 8.23538, 43.91637, 80.5797
-1.432216, 2.553905, 8.23538, 43.91637, 67.54544
-1.632095, 2.388905, 8.2284, 27.93204, 80.52963
-1.432216, 2.388905, 8.23538, 43.91637, 80.5797
-1.440465, 2.388905, 8.471601, 49.19876, 82.22115
-1.640344, 2.388905, 8.464621, 33.70169, 82.17406
-1.632095, 2.553905, 8.2284, 27.93204, 67.4834
-1.632095, 2.388905, 8.2284, 27.93204, 80.52963
-1.640344, 2.388905, 8.464621, 33.70169, 82.17406
-1.640344, 2.553905, 8.464621, 33.70169, 69.52168
-1.432216, 2.553905, 8.23538, 43.91637, 67.54544
-1.432216, 2.388905, 8.23538, 43.91637, 80.5797
-1.632095, 2.388905, 8.2284, 27.93204, 80.52963
-1.632095, 2.553905, 8.2284, 27.93204, 67.4834
box_7_litchi(Clone) stack 36 Shelf_2 Rack_0_0_2
-1.809243, 2.599012, 8.253551, 14.67207, 64.15167
-2.016101, 2.599012, 8.446449, 4.340916, 65.90234
-1.816223, 2.599012, 8.453429, 19.90026, 65.96407
-2.016101, 2.599012, 8.446449, 4.340916, 65.90234
-2.016101, 2.389012, 8.446449, 4.340916, 82.04285
-1.816223, 2.389012, 8.453429, 19.90026, 82.09015
-1.816223, 2.599012, 8.453429, 19.90026, 65.96407
-1.816223, 2.599012, 8.453429, 19.90026, 65.96407
-1.816223, 2.389012, 8.453429, 19.90026, 82.09015
-1.809243, 2.389012, 8.253551, 14.67207, 80.70111
-1.809243, 2.599012, 8.253551, 14.67207, 64.15167
-1.809243, 2.389012, 8.253551, 14.67207, 80.70111
-1.816223, 2.389012, 8.453429, 19.90026, 82.09015
-2.016101, 2.389012, 8.446449, 4.340916, 82.04285
-2.016101, 2.389012, 8.446449, 4.340916, 82.04285
-2.016101, 2.599012, 8.446449, 4.340916, 65.90234
-1.809243, 2.599012, 8.253551, 14.67207, 64.15167
-1.809243, 2.389012, 8.253551, 14.67207, 80.70111
box_7_litchi(Clone) stack 36 Shelf_2 Rack_0_0_2
-1.809243, 2.809012, 8.253551, 14.67207, 47.60223
-2.016101, 2.809012, 8.446449, 4.340916, 49.76186
-1.816223, 2.809012, 8.453429, 19.90026, 49.83798
-2.016101, 2.809012, 8.446449, 4.340916, 49.76186
-2.016101, 2.599012, 8.446449, 4.340916, 65.90234
-1.816223, 2.599012, 8.453429, 19.90026, 65.96407
-1.816223, 2.809012, 8.453429, 19.90026, 49.83798
-1.816223, 2.809012, 8.453429, 19.90026, 49.83798
-1.816223, 2.599012, 8.453429, 19.90026, 65.96407
-1.809243, 2.599012, 8.253551, 14.67207, 64.15167
-1.809243, 2.809012, 8.253551, 14.67207, 47.60223
-1.809243, 2.599012, 8.253551, 14.67207, 64.15167
-1.816223, 2.599012, 8.453429, 19.90026, 65.96407
-2.016101, 2.599012, 8.446449, 4.340916, 65.90234
-2.016101, 2.599012, 8.446449, 4.340916, 65.90234
-2.016101, 2.809012, 8.446449, 4.340916, 49.76186
-1.809243, 2.809012, 8.253551, 14.67207, 47.60223
-1.809243, 2.599012, 8.253551, 14.67207, 64.15167
box_7_litchi(Clone) stack 36 Shelf_2 Rack_0_0_2
-1.801231, 3.019012, 8.262933, 15.58004, 31.18071
-2.024114, 3.019012, 8.437068, 3.440795, 33.49936
-1.825605, 3.019012, 8.461442, 19.40606, 33.81566
-2.024114, 3.019012, 8.437068, 3.440795, 33.49936
-2.024114, 2.809012, 8.437068, 3.440795, 49.65927
-1.825605, 2.809012, 8.461442, 19.40606, 49.92523
-1.825605, 3.019012, 8.461442, 19.40606, 33.81566
-1.825605, 3.019012, 8.461442, 19.40606, 33.81566
-1.825605, 2.809012, 8.461442, 19.40606, 49.92523
-1.801231, 2.809012, 8.262933, 15.58004, 47.70981
-1.801231, 3.019012, 8.262933, 15.58004, 31.18071
-1.801231, 2.809012, 8.262933, 15.58004, 47.70981
-1.825605, 2.809012, 8.461442, 19.40606, 49.92523
-2.024114, 2.809012, 8.437068, 3.440795, 49.65927
-2.024114, 2.809012, 8.437068, 3.440795, 49.65927
-2.024114, 3.019012, 8.437068, 3.440795, 33.49936
-1.801231, 3.019012, 8.262933, 15.58004, 31.18071
-1.801231, 2.809012, 8.262933, 15.58004, 47.70981
box_7_litchi(Clone) stack 36 Shelf_2 Rack_0_0_2
-1.804337, 3.229012, 8.259096, 15.22239, 14.59103
-2.021007, 3.229012, 8.440905, 3.796062, 17.39729
-1.821768, 3.229012, 8.458336, 19.61283, 17.65948
-2.021007, 3.229012, 8.440905, 3.796062, 17.39729
-2.021007, 3.019012, 8.440905, 3.796062, 33.54929
-1.821768, 3.019012, 8.458336, 19.61283, 33.77547
-1.821768, 3.229012, 8.458336, 19.61283, 17.65948
-1.821768, 3.229012, 8.458336, 19.61283, 17.65948
-1.821768, 3.019012, 8.458336, 19.61283, 33.77547
-1.804337, 3.019012, 8.259096, 15.22239, 31.12845
-1.804337, 3.229012, 8.259096, 15.22239, 14.59103
-1.804337, 3.019012, 8.259096, 15.22239, 31.12845
-1.821768, 3.019012, 8.458336, 19.61283, 33.77547
-2.021007, 3.019012, 8.440905, 3.796062, 33.54929
-2.021007, 3.019012, 8.440905, 3.796062, 33.54929
-2.021007, 3.229012, 8.440905, 3.796062, 17.39729
-1.804337, 3.229012, 8.259096, 15.22239, 14.59103
-1.804337, 3.019012, 8.259096, 15.22239, 31.12845
