box_8_lizol(Clone) stack 0 Shelf_0 Rack_0_0_0
2.884809, 0.1961813, 8.231998, 369.1999, 253.8477
2.685083, 0.1961813, 8.221532, 353.572, 254.0117
2.672166, 0.1961813, 8.468002, 349.0061, 250.2646
2.871892, 0.1961813, 8.478469, 364.1487, 250.1107
2.672166, 0.1961813, 8.468002, 349.0061, 250.2646
2.672166, 0.0199313, 8.468002, 349.0061, 263.7738
2.871892, 0.0199313, 8.478469, 364.1487, 263.6018
2.871892, 0.1961813, 8.478469, 364.1487, 250.1107
2.871892, 0.1961813, 8.478469, 364.1487, 250.1107
2.871892, 0.0199313, 8.478469, 364.1487, 263.6018
2.884809, 0.0199313, 8.231998, 369.1999, 267.7768
2.884809, 0.1961813, 8.231998, 369.1999, 253.8477
2.685083, 0.0199313, 8.221532, 353.572, 267.9601
2.884809, 0.0199313, 8.231998, 369.1999, 267.7768
2.871892, 0.0199313, 8.478469, 364.1487, 263.6018
2.672166, 0.0199313, 8.468002, 349.0061, 263.7738
2.685083, 0.1961813, 8.221532, 353.572, 254.0117
2.685083, 0.0199313, 8.221532, 353.572, 267.9601
2.672166, 0.0199313, 8.468002, 349.0061, 263.7738
2.672166, 0.1961813, 8.468002, 349.0061, 250.2646
2.884809, 0.1961813, 8.231998, 369.1999, 253.8477
2.884809, 0.0199313, 8.231998, 369.1999, 267.7768
2.685083, 0.0199313, 8.221532, 353.572, 267.9601
2.685083, 0.1961813, 8.221532, 353.572, 254.0117
box_5_LMRR(Clone) stack 1 Shelf_0 Rack_0_0_0
2.491613, 0.162368, 8.202856, 338.5035, 256.9882
2.291887, 0.162368, 8.213324, 322.544, 256.8196
2.306762, 0.162368, 8.497145, 320.6982, 252.4191
2.506487, 0.162368, 8.486677, 336.0779, 252.5758
2.306762, 0.162368, 8.497145, 320.6982, 252.4191
2.306762, 0.019868, 8.497145, 320.6982, 263.301
2.506487, 0.019868, 8.486677, 336.0779, 263.4721
2.506487, 0.162368, 8.486677, 336.0779, 252.5758
2.506487, 0.162368, 8.486677, 336.0779, 252.5758
2.506487, 0.019868, 8.486677, 336.0779, 263.4721
2.491613, 0.019868, 8.202856, 338.5035, 268.2935
2.491613, 0.162368, 8.202856, 338.5035, 256.9882
2.291887, 0.019868, 8.213324, 322.544, 268.1092
2.491613, 0.019868, 8.202856, 338.5035, 268.2935
2.506487, 0.019868, 8.486677, 336.0779, 263.4721
2.306762, 0.019868, 8.497145, 320.6982, 263.301
2.291887, 0.162368, 8.213324, 322.544, 256.8196
2.291887, 0.019868, 8.213324, 322.544, 268.1092
2.306762, 0.019868, 8.497145, 320.6982, 263.301
2.306762, 0.162368, 8.497145, 320.6982, 252.4191
2.491613, 0.162368, 8.202856, 338.5035, 256.9882
2.491613, 0.019868, 8.202856, 338.5035, 268.2935
2.291887, 0.019868, 8.213324, 322.544, 268.1092
2.291887, 0.162368, 8.213324, 322.544, 256.8196
box_5_LMRR(Clone) stack 1 Shelf_0 Rack_0_0_0
2.506487, 0.304868, 8.213324, 339.5458, 245.53
2.306762, 0.304868, 8.202856, 323.8383, 245.683
2.291887, 0.304868, 8.486677, 319.6685, 241.6795
2.491613, 0.304868, 8.497145, 334.8141, 241.5373
2.291887, 0.304868, 8.486677, 319.6685, 241.6795
2.291887, 0.162368, 8.486677, 319.6685, 252.5758
2.491613, 0.162368, 8.497145, 334.8141, 252.4192
2.491613, 0.304868, 8.497145, 334.8141, 241.5373
2.491613, 0.304868, 8.497145, 334.8141, 241.5373
2.491613, 0.162368, 8.497145, 334.8141, 252.4192
2.506487, 0.162368, 8.213324, 339.5458, 256.8196
2.506487, 0.304868, 8.213324, 339.5458, 245.53
2.306762, 0.162368, 8.202856, 323.8383, 256.9882
2.506487, 0.162368, 8.213324, 339.5458, 256.8196
2.491613, 0.162368, 8.497145, 334.8141, 252.4192
2.291887, 0.162368, 8.486677, 319.6685, 252.5758
2.306762, 0.304868, 8.202856, 323.8383, 245.683
2.306762, 0.162368, 8.202856, 323.8383, 256.9882
2.291887, 0.162368, 8.486677, 319.6685, 252.5758
2.291887, 0.304868, 8.486677, 319.6685, 241.6795
2.506487, 0.304868, 8.213324, 339.5458, 245.53
2.506487, 0.162368, 8.213324, 339.5458, 256.8196
2.306762, 0.162368, 8.202856, 323.8383, 256.9882
2.306762, 0.304868, 8.202856, 323.8383, 245.683
box_5_LMRR(Clone) stack 1 Shelf_0 Rack_0_0_0
2.501652, 0.447368, 8.209662, 339.2107, 234.2884
2.301683, 0.447368, 8.206172, 323.3988, 234.3342
2.296722, 0.447368, 8.490338, 320.0009, 230.7384
2.496692, 0.447368, 8.493829, 335.2421, 230.6959
2.296722, 0.447368, 8.490338, 320.0009, 230.7384
2.296722, 0.304868, 8.490338, 320.0009, 241.6297
2.496692, 0.304868, 8.493829, 335.2421, 241.5823
2.496692, 0.447368, 8.493829, 335.2421, 230.6959
2.496692, 0.447368, 8.493829, 335.2421, 230.6959
2.496692, 0.304868, 8.493829, 335.2421, 241.5823
2.501652, 0.3048679, 8.209662, 339.2107, 245.5834
2.501652, 0.447368, 8.209662, 339.2107, 234.2884
2.301683, 0.3048679, 8.206172, 323.3988, 245.6345
2.501652, 0.3048679, 8.209662, 339.2107, 245.5834
2.496692, 0.304868, 8.493829, 335.2421, 241.5823
2.296722, 0.304868, 8.490338, 320.0009, 241.6297
2.301683, 0.447368, 8.206172, 323.3988, 234.3342
2.301683, 0.3048679, 8.206172, 323.3988, 245.6345
2.296722, 0.304868, 8.490338, 320.0009, 241.6297
2.296722, 0.447368, 8.490338, 320.0009, 230.7384
2.501652, 0.447368, 8.209662, 339.2107, 234.2884
2.501652, 0.3048679, 8.209662, 339.2107, 245.5834
2.301683, 0.3048679, 8.206172, 323.3988, 245.6345
2.301683, 0.447368, 8.206172, 323.3988, 234.3342
box_5_LMRR(Clone) stack 1 Shelf_0 Rack_0_0_0
2.494167, 0.5898679, 8.204492, 338.6848, 223.0534
2.294289, 0.5898679, 8.211472, 322.7545, 222.9722
2.304208, 0.589868, 8.495509, 320.5199, 219.7914
2.504086, 0.589868, 8.488529, 335.8717, 219.8668
2.304208, 0.589868, 8.495509, 320.5199, 219.7914
2.304208, 0.447368, 8.495509, 320.5199, 230.6754
2.504086, 0.447368, 8.488529, 335.8717, 230.7605
2.504086, 0.589868, 8.488529, 335.8717, 219.8668
2.504086, 0.589868, 8.488529, 335.8717, 219.8668
2.504086, 0.447368, 8.488529, 335.8717, 230.7605
2.494167, 0.4473679, 8.204492, 338.6848, 234.3562
2.494167, 0.5898679, 8.204492, 338.6848, 223.0534
2.294289, 0.4473679, 8.211472, 322.7545, 234.2646
2.494167, 0.4473679, 8.204492, 338.6848, 234.3562
2.504086, 0.447368, 8.488529, 335.8717, 230.7605
2.304208, 0.447368, 8.495509, 320.5199, 230.6754
2.294289, 0.5898679, 8.211472, 322.7545, 222.9722
2.294289, 0.4473679, 8.211472, 322.7545, 234.2646
2.304208, 0.447368, 8.495509, 320.5199, 230.6754
2.304208, 0.589868, 8.495509, 320.5199, 219.7914
2.494167, 0.5898679, 8.204492, 338.6848, 223.0534
2.494167, 0.4473679, 8.204492, 338.6848, 234.3562
2.294289, 0.4473679, 8.211472, 322.7545, 234.2646
2.294289, 0.5898679, 8.211472, 322.7545, 222.9722
box_5_LMRR(Clone) stack 1 Shelf_0 Rack_0_0_0
2.483785, 0.7323679, 8.198221, 337.9425, 211.8143
2.284881, 0.7323679, 8.219127, 321.9262, 211.6024
2.314589, 0.7323679, 8.50178, 321.248, 208.8483
2.513494, 0.7323679, 8.480874, 336.6852, 209.0452
2.314589, 0.7323679, 8.50178, 321.248, 208.8483
2.314589, 0.5898679, 8.50178, 321.248, 219.7237
2.513494, 0.5898679, 8.480874, 336.6852, 219.9496
2.513494, 0.7323679, 8.480874, 336.6852, 209.0452
2.513494, 0.7323679, 8.480874, 336.6852, 209.0452
2.513494, 0.5898679, 8.480874, 336.6852, 219.9496
2.483785, 0.5898679, 8.198221, 337.9425, 223.1265
2.483785, 0.7323679, 8.198221, 337.9425, 211.8143
2.284881, 0.5898679, 8.219127, 321.9262, 222.8834
2.483785, 0.5898679, 8.198221, 337.9425, 223.1265
2.513494, 0.5898679, 8.480874, 336.6852, 219.9496
2.314589, 0.5898679, 8.50178, 321.248, 219.7237
2.284881, 0.7323679, 8.219127, 321.9262, 211.6024
2.284881, 0.5898679, 8.219127, 321.9262, 222.8834
2.314589, 0.5898679, 8.50178, 321.248, 219.7237
2.314589, 0.7323679, 8.50178, 321.248, 208.8483
2.483785, 0.7323679, 8.198221, 337.9425, 211.8143
2.483785, 0.5898679, 8.198221, 337.9425, 223.1265
2.284881, 0.5898679, 8.219127, 321.9262, 222.8834
2.284881, 0.7323679, 8.219127, 321.9262, 211.6024
box_1_Parle-G-GOLD(Clone) stack 3 Shelf_0 Rack_0_0_0
1.7328, 0.1916559, 8.240561, 278.113, 254.071
1.533074, 0.1916559, 8.251029, 262.3156, 253.9073
1.543996, 0.1916559, 8.459439, 262.5589, 250.738
1.743722, 0.1916559, 8.448972, 277.935, 250.8932
1.543996, 0.1916559, 8.459439, 262.5589, 250.738
1.543996, 0.0191559, 8.459439, 262.5589, 263.9743
1.743722, 0.0191559, 8.448972, 277.935, 264.1472
1.743722, 0.1916559, 8.448972, 277.935, 250.8932
1.743722, 0.1916559, 8.448972, 277.935, 250.8932
1.743722, 0.0191559, 8.448972, 277.935, 264.1472
1.7328, 0.0191559, 8.240561, 278.113, 267.6884
1.7328, 0.1916559, 8.240561, 278.113, 254.071
1.533074, 0.0191559, 8.251029, 262.3156, 267.506
1.7328, 0.0191559, 8.240561, 278.113, 267.6884
1.743722, 0.0191559, 8.448972, 277.935, 264.1472
1.543996, 0.0191559, 8.459439, 262.5589, 263.9743
1.533074, 0.1916559, 8.251029, 262.3156, 253.9073
1.533074, 0.0191559, 8.251029, 262.3156, 267.506
1.543996, 0.0191559, 8.459439, 262.5589, 263.9743
1.543996, 0.1916559, 8.459439, 262.5589, 250.738
1.7328, 0.1916559, 8.240561, 278.113, 254.071
1.7328, 0.0191559, 8.240561, 278.113, 267.6884
1.533074, 0.0191559, 8.251029, 262.3156, 267.506
1.533074, 0.1916559, 8.251029, 262.3156, 253.9073
box_1_Parle-G-GOLD(Clone) stack 3 Shelf_0 Rack_0_0_0
1.743722, 0.3641558, 8.251029, 278.9216, 240.3086
1.543996, 0.3641558, 8.240561, 263.2085, 240.4536
1.533074, 0.3641559, 8.448972, 261.7499, 237.6392
1.7328, 0.3641559, 8.459439, 277.0461, 237.5018
1.533074, 0.3641559, 8.448972, 261.7499, 237.6392
1.533074, 0.1916559, 8.448972, 261.7499, 250.8932
1.7328, 0.1916559, 8.459439, 277.0461, 250.738
1.7328, 0.3641559, 8.459439, 277.0461, 237.5018
1.7328, 0.3641559, 8.459439, 277.0461, 237.5018
1.7328, 0.1916559, 8.459439, 277.0461, 250.738
1.743722, 0.1916559, 8.251029, 278.9216, 253.9073
1.743722, 0.3641558, 8.251029, 278.9216, 240.3086
1.543996, 0.1916559, 8.240561, 263.2085, 254.071
1.743722, 0.1916559, 8.251029, 278.9216, 253.9073
1.7328, 0.1916559, 8.459439, 277.0461, 250.738
1.533074, 0.1916559, 8.448972, 261.7499, 250.8932
1.543996, 0.3641558, 8.240561, 263.2085, 240.4536
1.543996, 0.1916559, 8.240561, 263.2085, 254.071
1.533074, 0.1916559, 8.448972, 261.7499, 250.8932
1.533074, 0.3641559, 8.448972, 261.7499, 237.6392
1.743722, 0.3641558, 8.251029, 278.9216, 240.3086
1.743722, 0.1916559, 8.251029, 278.9216, 253.9073
1.543996, 0.1916559, 8.240561, 263.2085, 254.071
1.543996, 0.3641558, 8.240561, 263.2085, 240.4536
box_1_Parle-G-GOLD(Clone) stack 3 Shelf_0 Rack_0_0_0
1.726943, 0.5366558, 8.235771, 277.6743, 226.8941
1.528039, 0.5366558, 8.256677, 261.9024, 226.6419
1.549853, 0.5366558, 8.46423, 262.9942, 224.2109
1.748758, 0.5366558, 8.443324, 278.3496, 224.4499
1.549853, 0.5366558, 8.46423, 262.9942, 224.2109
1.549853, 0.3641559, 8.46423, 262.9942, 237.439
1.748758, 0.3641559, 8.443324, 278.3496, 237.7135
1.748758, 0.5366558, 8.443324, 278.3496, 224.4499
1.748758, 0.5366558, 8.443324, 278.3496, 224.4499
1.748758, 0.3641559, 8.443324, 278.3496, 237.7135
1.726943, 0.3641559, 8.235771, 277.6743, 240.5201
1.726943, 0.5366558, 8.235771, 277.6743, 226.8941
1.528039, 0.3641559, 8.256677, 261.9024, 240.2305
1.726943, 0.3641559, 8.235771, 277.6743, 240.5201
1.748758, 0.3641559, 8.443324, 278.3496, 237.7135
1.549853, 0.3641559, 8.46423, 262.9942, 237.439
1.528039, 0.5366558, 8.256677, 261.9024, 226.6419
1.528039, 0.3641559, 8.256677, 261.9024, 240.2305
1.549853, 0.3641559, 8.46423, 262.9942, 237.439
1.549853, 0.5366558, 8.46423, 262.9942, 224.2109
1.726943, 0.5366558, 8.235771, 277.6743, 226.8941
1.726943, 0.3641559, 8.235771, 277.6743, 240.5201
1.528039, 0.3641559, 8.256677, 261.9024, 240.2305
1.528039, 0.5366558, 8.256677, 261.9024, 226.6419
box_1_Parle-G-GOLD(Clone) stack 3 Shelf_0 Rack_0_0_0
1.747112, 0.7091558, 8.254766, 279.1696, 213.0729
1.547873, 0.7091558, 8.237334, 263.5246, 213.252
1.529684, 0.7091558, 8.445235, 261.4997, 211.1677
1.728923, 0.7091558, 8.462667, 276.7335, 210.998
1.529684, 0.7091558, 8.445235, 261.4997, 211.1677
1.529684, 0.5366558, 8.445235, 261.4997, 224.428
1.728923, 0.5366558, 8.462667, 276.7335, 224.2287
1.728923, 0.7091558, 8.462667, 276.7335, 210.998
1.728923, 0.7091558, 8.462667, 276.7335, 210.998
1.728923, 0.5366558, 8.462667, 276.7335, 224.2287
1.747112, 0.5366558, 8.254766, 279.1696, 226.6649
1.747112, 0.7091558, 8.254766, 279.1696, 213.0729
1.547873, 0.5366558, 8.237334, 263.5246, 226.8752
1.747112, 0.5366558, 8.254766, 279.1696, 226.6649
1.728923, 0.5366558, 8.462667, 276.7335, 224.2287
1.529684, 0.5366558, 8.445235, 261.4997, 224.428
1.547873, 0.7091558, 8.237334, 263.5246, 213.252
1.547873, 0.5366558, 8.237334, 263.5246, 226.8752
1.529684, 0.5366558, 8.445235, 261.4997, 224.428
1.529684, 0.7091558, 8.445235, 261.4997, 211.1677
1.747112, 0.7091558, 8.254766, 279.1696, 213.0729
1.747112, 0.5366558, 8.254766, 279.1696, 226.6649
1.547873, 0.5366558, 8.237334, 263.5246, 226.8752
1.547873, 0.7091558, 8.237334, 263.5246, 213.252
box_1_Parle-G-GOLD(Clone) stack 3 Shelf_0 Rack_0_0_0
1.734695, 0.8816558, 8.242226, 278.2542, 199.5872
1.534817, 0.8816558, 8.249206, 262.4584, 199.528
1.542101, 0.8816558, 8.457774, 262.4182, 197.8064
1.741979, 0.8816558, 8.450795, 277.7922, 197.8625
1.542101, 0.8816558, 8.457774, 262.4182, 197.8064
1.542101, 0.7091558, 8.457774, 262.4182, 211.0455
1.741979, 0.7091558, 8.450795, 277.7922, 211.1134
1.741979, 0.8816558, 8.450795, 277.7922, 197.8625
1.741979, 0.8816558, 8.450795, 277.7922, 197.8625
1.741979, 0.7091558, 8.450795, 277.7922, 211.1134
1.734695, 0.7091557, 8.242227, 278.2542, 213.2016
1.734695, 0.8816558, 8.242226, 278.2542, 199.5872
1.534817, 0.7091557, 8.249206, 262.4584, 213.1299
1.734695, 0.7091557, 8.242227, 278.2542, 213.2016
1.741979, 0.7091558, 8.450795, 277.7922, 211.1134
1.542101, 0.7091558, 8.457774, 262.4182, 211.0455
1.534817, 0.8816558, 8.249206, 262.4584, 199.528
1.534817, 0.7091557, 8.249206, 262.4584, 213.1299
1.542101, 0.7091558, 8.457774, 262.4182, 211.0455
1.542101, 0.8816558, 8.457774, 262.4182, 197.8064
1.734695, 0.8816558, 8.242226, 278.2542, 199.5872
1.734695, 0.7091557, 8.242227, 278.2542, 213.2016
1.534817, 0.7091557, 8.249206, 262.4584, 213.1299
1.534817, 0.8816558, 8.249206, 262.4584, 199.528
box_6_melody(Clone) stack 4 Shelf_0 Rack_0_0_0
1.361732, 0.2073493, 8.228273, 248.8346, 253.023
1.161762, 0.2073493, 8.231764, 233.0263, 252.9687
1.165951, 0.2073493, 8.471727, 233.5609, 249.3542
1.365921, 0.2073493, 8.468237, 248.8848, 249.4051
1.165951, 0.2073493, 8.471727, 233.5609, 249.3542
1.165951, 0.01984932, 8.471727, 233.5609, 263.7188
1.365921, 0.01984932, 8.468237, 248.8848, 263.7762
1.365921, 0.2073493, 8.468237, 248.8848, 249.4051
1.365921, 0.2073493, 8.468237, 248.8848, 249.4051
1.365921, 0.01984932, 8.468237, 248.8848, 263.7762
1.361732, 0.01984929, 8.228273, 248.8346, 267.8484
1.361732, 0.2073493, 8.228273, 248.8346, 253.023
1.161762, 0.01984929, 8.231764, 233.0263, 267.7874
1.361732, 0.01984929, 8.228273, 248.8346, 267.8484
1.365921, 0.01984932, 8.468237, 248.8848, 263.7762
1.165951, 0.01984932, 8.471727, 233.5609, 263.7188
1.161762, 0.2073493, 8.231764, 233.0263, 252.9687
1.161762, 0.01984929, 8.231764, 233.0263, 267.7874
1.165951, 0.01984932, 8.471727, 233.5609, 263.7188
1.165951, 0.2073493, 8.471727, 233.5609, 249.3542
1.361732, 0.2073493, 8.228273, 248.8346, 253.023
1.361732, 0.01984929, 8.228273, 248.8346, 267.8484
1.161762, 0.01984929, 8.231764, 233.0263, 267.7874
1.161762, 0.2073493, 8.231764, 233.0263, 252.9687
box_6_melody(Clone) stack 4 Shelf_0 Rack_0_0_0
1.35075, 0.3948492, 8.220205, 247.9748, 238.3073
1.151846, 0.3948492, 8.241111, 232.2522, 238.0232
1.176933, 0.3948492, 8.479795, 234.408, 234.8866
1.375837, 0.3948492, 8.45889, 249.6564, 235.1537
1.176933, 0.3948492, 8.479795, 234.408, 234.8866
1.176933, 0.2073492, 8.479795, 234.408, 249.2365
1.375837, 0.2073492, 8.45889, 249.6564, 249.5419
1.375837, 0.3948492, 8.45889, 249.6564, 235.1537
1.375837, 0.3948492, 8.45889, 249.6564, 235.1537
1.375837, 0.2073492, 8.45889, 249.6564, 249.5419
1.35075, 0.2073492, 8.220205, 247.9748, 253.1486
1.35075, 0.3948492, 8.220205, 247.9748, 238.3073
1.151846, 0.2073492, 8.241111, 232.2522, 252.8236
1.35075, 0.2073492, 8.220205, 247.9748, 253.1486
1.375837, 0.2073492, 8.45889, 249.6564, 249.5419
1.176933, 0.2073492, 8.479795, 234.408, 249.2365
1.151846, 0.3948492, 8.241111, 232.2522, 238.0232
1.151846, 0.2073492, 8.241111, 232.2522, 252.8236
1.176933, 0.2073492, 8.479795, 234.408, 249.2365
1.176933, 0.3948492, 8.479795, 234.408, 234.8866
1.35075, 0.3948492, 8.220205, 247.9748, 238.3073
1.35075, 0.2073492, 8.220205, 247.9748, 253.1486
1.151846, 0.2073492, 8.241111, 232.2522, 252.8236
1.151846, 0.3948492, 8.241111, 232.2522, 238.0232
box4_Fairever(Clone) stack 5 Shelf_1 Rack_0_0_0
1.331499, 1.369311, 8.2284, 246.4439, 161.1469
1.13162, 1.369311, 8.23538, 230.6486, 161.1229
1.139869, 1.369311, 8.471601, 231.5626, 160.335
1.339748, 1.369311, 8.464621, 246.882, 160.3575
1.139869, 1.369311, 8.471601, 231.5626, 160.335
1.139869, 1.204311, 8.471601, 231.5626, 172.976
1.339748, 1.204311, 8.464621, 246.882, 173.0099
1.339748, 1.369311, 8.464621, 246.882, 160.3575
1.339748, 1.369311, 8.464621, 246.882, 160.3575
1.339748, 1.204311, 8.464621, 246.882, 173.0099
1.331499, 1.204311, 8.2284, 246.4439, 174.1931
1.331499, 1.369311, 8.2284, 246.4439, 161.1469
1.13162, 1.204311, 8.23538, 230.6486, 174.1571
1.331499, 1.204311, 8.2284, 246.4439, 174.1931
1.339748, 1.204311, 8.464621, 246.882, 173.0099
1.139869, 1.204311, 8.471601, 231.5626, 172.976
1.13162, 1.369311, 8.23538, 230.6486, 161.1229
1.13162, 1.204311, 8.23538, 230.6486, 174.1571
1.139869, 1.204311, 8.471601, 231.5626, 172.976
1.139869, 1.369311, 8.471601, 231.5626, 160.335
1.331499, 1.369311, 8.2284, 246.4439, 161.1469
1.331499, 1.204311, 8.2284, 246.4439, 174.1931
1.13162, 1.204311, 8.23538, 230.6486, 174.1571
1.13162, 1.369311, 8.23538, 230.6486, 161.1229
box4_Fairever(Clone) stack 5 Shelf_1 Rack_0_0_0
1.349341, 1.534311, 8.244886, 247.8377, 148.0723
1.150832, 1.534311, 8.220512, 232.1508, 148.1143
1.122027, 1.534311, 8.455114, 230.1749, 147.7206
1.320536, 1.534311, 8.479488, 245.3985, 147.6811
1.122027, 1.534311, 8.455114, 230.1749, 147.7206
1.122027, 1.369311, 8.455114, 230.1749, 160.3884
1.320536, 1.369311, 8.479488, 245.3985, 160.3094
1.320536, 1.534311, 8.479488, 245.3985, 147.6811
1.320536, 1.534311, 8.479488, 245.3985, 147.6811
1.320536, 1.369311, 8.479488, 245.3985, 160.3094
1.349341, 1.369311, 8.244886, 247.8377, 161.0902
1.349341, 1.534311, 8.244886, 247.8377, 148.0723
1.150832, 1.369311, 8.220512, 232.1508, 161.1741
1.349341, 1.369311, 8.244886, 247.8377, 161.0902
1.320536, 1.369311, 8.479488, 245.3985, 160.3094
1.122027, 1.369311, 8.455114, 230.1749, 160.3884
1.150832, 1.534311, 8.220512, 232.1508, 148.1143
1.150832, 1.369311, 8.220512, 232.1508, 161.1741
1.122027, 1.369311, 8.455114, 230.1749, 160.3884
1.122027, 1.534311, 8.455114, 230.1749, 147.7206
1.349341, 1.534311, 8.244886, 247.8377, 148.0723
1.349341, 1.369311, 8.244886, 247.8377, 161.0902
1.150832, 1.369311, 8.220512, 232.1508, 161.1741
1.150832, 1.534311, 8.220512, 232.1508, 148.1143
box4_Fairever(Clone) stack 5 Shelf_1 Rack_0_0_0
1.337731, 1.699311, 8.233582, 246.932, 135.0544
1.137762, 1.699311, 8.230091, 231.1275, 135.0544
1.133637, 1.699311, 8.466419, 231.0792, 135.0528
1.333606, 1.699311, 8.46991, 246.4067, 135.0528
1.133637, 1.699311, 8.466419, 231.0792, 135.0528
1.133637, 1.534311, 8.466419, 231.0792, 147.7023
1.333606, 1.534311, 8.46991, 246.4067, 147.6966
1.333606, 1.699311, 8.46991, 246.4067, 135.0528
1.333606, 1.699311, 8.46991, 246.4067, 135.0528
1.333606, 1.534311, 8.46991, 246.4067, 147.6966
1.337731, 1.534311, 8.233582, 246.932, 148.0918
1.337731, 1.699311, 8.233582, 246.932, 135.0544
1.137762, 1.534311, 8.230091, 231.1275, 148.0978
1.337731, 1.534311, 8.233582, 246.932, 148.0918
1.333606, 1.534311, 8.46991, 246.4067, 147.6966
1.133637, 1.534311, 8.466419, 231.0792, 147.7023
1.137762, 1.699311, 8.230091, 231.1275, 135.0544
1.137762, 1.534311, 8.230091, 231.1275, 148.0978
1.133637, 1.534311, 8.466419, 231.0792, 147.7023
1.133637, 1.699311, 8.466419, 231.0792, 135.0528
1.337731, 1.699311, 8.233582, 246.932, 135.0544
1.337731, 1.534311, 8.233582, 246.932, 148.0918
1.137762, 1.534311, 8.230091, 231.1275, 148.0978
1.137762, 1.699311, 8.230091, 231.1275, 135.0544
box4_Fairever(Clone) stack 5 Shelf_1 Rack_0_0_0
1.34749, 1.864311, 8.242919, 247.6936, 122.0331
1.148585, 1.864311, 8.222013, 231.9746, 121.9973
1.123878, 1.864311, 8.457082, 230.3195, 122.3883
1.322783, 1.864311, 8.477987, 245.5716, 122.422
1.123878, 1.864311, 8.457082, 230.3195, 122.3883
1.123878, 1.699311, 8.457082, 230.3195, 135.0529
1.322783, 1.699311, 8.477987, 245.5716, 135.0527
1.322783, 1.864311, 8.477987, 245.5716, 122.422
1.322783, 1.864311, 8.477987, 245.5716, 122.422
1.322783, 1.699311, 8.477987, 245.5716, 135.0527
1.34749, 1.699311, 8.242919, 247.6936, 135.0544
1.34749, 1.864311, 8.242919, 247.6936, 122.0331
1.148585, 1.699311, 8.222013, 231.9746, 135.0545
1.34749, 1.699311, 8.242919, 247.6936, 135.0544
1.322783, 1.699311, 8.477987, 245.5716, 135.0527
1.123878, 1.699311, 8.457082, 230.3195, 135.0529
1.148585, 1.864311, 8.222013, 231.9746, 121.9973
1.148585, 1.699311, 8.222013, 231.9746, 135.0545
1.123878, 1.699311, 8.457082, 230.3195, 135.0529
1.123878, 1.864311, 8.457082, 230.3195, 122.3883
1.34749, 1.864311, 8.242919, 247.6936, 122.0331
1.34749, 1.699311, 8.242919, 247.6936, 135.0544
1.148585, 1.699311, 8.222013, 231.9746, 135.0545
1.148585, 1.864311, 8.222013, 231.9746, 121.9973
box4_Fairever(Clone) stack 5 Shelf_1 Rack_0_0_0
1.34749, 2.029311, 8.242919, 247.6936, 109.0117
1.148585, 2.029311, 8.222013, 231.9746, 108.9401
1.123878, 2.029311, 8.457082, 230.3195, 109.7237
1.322783, 2.029311, 8.477987, 245.5716, 109.7911
1.123878, 2.029311, 8.457082, 230.3195, 109.7237
1.123878, 1.864311, 8.457082, 230.3195, 122.3883
1.322783, 1.864311, 8.477987, 245.5716, 122.4219
1.322783, 2.029311, 8.477987, 245.5716, 109.7911
1.322783, 2.029311, 8.477987, 245.5716, 109.7911
1.322783, 1.864311, 8.477987, 245.5716, 122.4219
1.34749, 1.864311, 8.242919, 247.6936, 122.033
1.34749, 2.029311, 8.242919, 247.6936, 109.0117
1.148585, 1.864311, 8.222013, 231.9746, 121.9973
1.34749, 1.864311, 8.242919, 247.6936, 122.033
1.322783, 1.864311, 8.477987, 245.5716, 122.4219
1.123878, 1.864311, 8.457082, 230.3195, 122.3883
1.148585, 2.029311, 8.222013, 231.9746, 108.9401
1.148585, 1.864311, 8.222013, 231.9746, 121.9973
1.123878, 1.864311, 8.457082, 230.3195, 122.3883
1.123878, 2.029311, 8.457082, 230.3195, 109.7237
1.34749, 2.029311, 8.242919, 247.6936, 109.0117
1.34749, 1.864311, 8.242919, 247.6936, 122.033
1.148585, 1.864311, 8.222013, 231.9746, 121.9973
1.148585, 2.029311, 8.222013, 231.9746, 108.9401
box_2_Parle-G(Clone) stack 7 Shelf_1 Rack_0_0_0
2.106623, 1.459015, 8.291327, 307.1745, 153.8975
1.907385, 1.459015, 8.273895, 291.6684, 153.9406
1.895593, 1.459015, 8.408674, 289.8612, 153.612
2.094832, 1.459015, 8.426105, 305.103, 153.5703
1.895593, 1.459015, 8.408674, 289.8612, 153.612
1.895593, 1.204015, 8.408674, 289.8612, 173.3065
2.094832, 1.204015, 8.426105, 305.103, 173.2208
2.094832, 1.459015, 8.426105, 305.103, 153.5703
2.094832, 1.459015, 8.426105, 305.103, 153.5703
2.094832, 1.204015, 8.426105, 305.103, 173.2208
2.106623, 1.204015, 8.291327, 307.1745, 173.894
2.106623, 1.459015, 8.291327, 307.1745, 153.8975
1.907385, 1.204015, 8.273895, 291.6684, 173.9828
2.106623, 1.204015, 8.291327, 307.1745, 173.894
2.094832, 1.204015, 8.426105, 305.103, 173.2208
1.895593, 1.204015, 8.408674, 289.8612, 173.3065
1.907385, 1.459015, 8.273895, 291.6684, 153.9406
1.907385, 1.204015, 8.273895, 291.6684, 173.9828
1.895593, 1.204015, 8.408674, 289.8612, 173.3065
1.895593, 1.459015, 8.408674, 289.8612, 153.612
2.106623, 1.459015, 8.291327, 307.1745, 153.8975
2.106623, 1.204015, 8.291327, 307.1745, 173.894
1.907385, 1.204015, 8.273895, 291.6684, 173.9828
1.907385, 1.459015, 8.273895, 291.6684, 153.9406
box_2_Parle-G(Clone) stack 7 Shelf_1 Rack_0_0_0
2.103408, 1.714015, 8.285885, 306.97, 133.9002
1.90353, 1.714015, 8.278905, 291.3317, 133.8992
1.898808, 1.714015, 8.414116, 290.0745, 133.9183
2.098686, 1.714015, 8.421096, 305.4422, 133.9193
1.898808, 1.714015, 8.414116, 290.0745, 133.9183
1.898808, 1.459015, 8.414116, 290.0745, 153.599
2.098686, 1.459015, 8.421096, 305.4422, 153.5823
2.098686, 1.714015, 8.421096, 305.4422, 133.9193
2.098686, 1.714015, 8.421096, 305.4422, 133.9193
2.098686, 1.459015, 8.421096, 305.4422, 153.5823
2.103408, 1.459015, 8.285885, 306.97, 153.9109
2.103408, 1.714015, 8.285885, 306.97, 133.9002
1.90353, 1.459015, 8.278905, 291.3317, 153.9282
2.103408, 1.459015, 8.285885, 306.97, 153.9109
2.098686, 1.459015, 8.421096, 305.4422, 153.5823
1.898808, 1.459015, 8.414116, 290.0745, 153.599
1.90353, 1.714015, 8.278905, 291.3317, 133.8992
1.90353, 1.459015, 8.278905, 291.3317, 153.9282
1.898808, 1.459015, 8.414116, 290.0745, 153.599
1.898808, 1.714015, 8.414116, 290.0745, 133.9183
2.103408, 1.714015, 8.285885, 306.97, 133.9002
2.103408, 1.459015, 8.285885, 306.97, 153.9109
1.90353, 1.459015, 8.278905, 291.3317, 153.9282
1.90353, 1.714015, 8.278905, 291.3317, 133.8992
box_2_Parle-G(Clone) stack 7 Shelf_1 Rack_0_0_0
2.105583, 1.969016, 8.289494, 307.109, 113.8994
1.906071, 1.969016, 8.275542, 291.554, 113.8608
1.896633, 1.969016, 8.410507, 289.9298, 114.228
2.096146, 1.969016, 8.424459, 305.2181, 114.2652
1.896633, 1.969016, 8.410507, 289.9298, 114.228
1.896633, 1.714015, 8.410507, 289.9298, 133.9178
2.096146, 1.714015, 8.424459, 305.2181, 133.9197
2.096146, 1.969016, 8.424459, 305.2181, 114.2652
2.096146, 1.969016, 8.424459, 305.2181, 114.2652
2.096146, 1.714015, 8.424459, 305.2181, 133.9197
2.105583, 1.714015, 8.289494, 307.109, 133.9007
2.105583, 1.969016, 8.289494, 307.109, 113.8994
1.906071, 1.714015, 8.275542, 291.554, 133.8987
2.105583, 1.714015, 8.289494, 307.109, 133.9007
2.096146, 1.714015, 8.424459, 305.2181, 133.9197
1.896633, 1.714015, 8.410507, 289.9298, 133.9178
1.906071, 1.969016, 8.275542, 291.554, 113.8608
1.906071, 1.714015, 8.275542, 291.554, 133.8987
1.896633, 1.714015, 8.410507, 289.9298, 133.9178
1.896633, 1.969016, 8.410507, 289.9298, 114.228
2.105583, 1.969016, 8.289494, 307.109, 113.8994
2.105583, 1.714015, 8.289494, 307.109, 133.9007
1.906071, 1.714015, 8.275542, 291.554, 133.8987
1.906071, 1.969016, 8.275542, 291.554, 113.8608
box_7_litchi(Clone) stack 9 Shelf_1 Rack_0_0_0
2.883061, 1.414419, 8.257219, 368.6345, 157.4949
2.683548, 1.414419, 8.243268, 353.1262, 157.5362
2.669597, 1.414419, 8.442781, 349.1609, 156.9599
2.86911, 1.414419, 8.456733, 364.2803, 156.9207
2.669597, 1.414419, 8.442781, 349.1609, 156.9599
2.669597, 1.204419, 8.442781, 349.1609, 173.108
2.86911, 1.204419, 8.456733, 364.2803, 173.04
2.86911, 1.414419, 8.456733, 364.2803, 156.9207
2.86911, 1.414419, 8.456733, 364.2803, 156.9207
2.86911, 1.204419, 8.456733, 364.2803, 173.04
2.883061, 1.204419, 8.257219, 368.6345, 174.0364
2.883061, 1.414419, 8.257219, 368.6345, 157.4949
2.683548, 1.204419, 8.243268, 353.1262, 174.108
2.883061, 1.204419, 8.257219, 368.6345, 174.0364
2.86911, 1.204419, 8.456733, 364.2803, 173.04
2.669597, 1.204419, 8.442781, 349.1609, 173.108
2.683548, 1.414419, 8.243268, 353.1262, 157.5362
2.683548, 1.204419, 8.243268, 353.1262, 174.108
2.669597, 1.204419, 8.442781, 349.1609, 173.108
2.669597, 1.414419, 8.442781, 349.1609, 156.9599
2.883061, 1.414419, 8.257219, 368.6345, 157.4949
2.883061, 1.204419, 8.257219, 368.6345, 174.0364
2.683548, 1.204419, 8.243268, 353.1262, 174.108
2.683548, 1.414419, 8.243268, 353.1262, 157.5362
box_7_litchi(Clone) stack 9 Shelf_1 Rack_0_0_0
2.886234, 1.624419, 8.261001, 368.8204, 140.9505
2.68733, 1.624419, 8.240095, 353.472, 140.9669
2.666424, 1.624419, 8.439, 348.9697, 140.8147
2.865329, 1.624419, 8.459906, 363.9398, 140.7991
2.666424, 1.624419, 8.439, 348.9697, 140.8147
2.666424, 1.414419, 8.439, 348.9697, 156.9706
2.865329, 1.414419, 8.459906, 363.9398, 156.9119
2.865329, 1.624419, 8.459906, 363.9398, 140.7991
2.865329, 1.624419, 8.459906, 363.9398, 140.7991
2.865329, 1.414419, 8.459906, 363.9398, 156.9119
2.886234, 1.414419, 8.261001, 368.8204, 157.4837
2.886234, 1.624419, 8.261001, 368.8204, 140.9505
2.68733, 1.414419, 8.240095, 353.472, 157.5456
2.886234, 1.414419, 8.261001, 368.8204, 157.4837
2.865329, 1.414419, 8.459906, 363.9398, 156.9119
2.666424, 1.414419, 8.439, 348.9697, 156.9706
2.68733, 1.624419, 8.240095, 353.472, 140.9669
2.68733, 1.414419, 8.240095, 353.472, 157.5456
2.666424, 1.414419, 8.439, 348.9697, 156.9706
2.666424, 1.624419, 8.439, 348.9697, 140.8147
2.886234, 1.624419, 8.261001, 368.8204, 140.9505
2.886234, 1.414419, 8.261001, 368.8204, 157.4837
2.68733, 1.414419, 8.240095, 353.472, 157.5456
2.68733, 1.624419, 8.240095, 353.472, 140.9669
box_7_litchi(Clone) stack 9 Shelf_1 Rack_0_0_0
2.878059, 1.834419, 8.25176, 368.3325, 124.4044
2.67809, 1.834419, 8.24827, 352.6214, 124.3995
2.674599, 1.834419, 8.44824, 349.4689, 124.671
2.874569, 1.834419, 8.451731, 364.7792, 124.6756
2.674599, 1.834419, 8.44824, 349.4689, 124.671
2.674599, 1.624419, 8.44824, 349.4689, 140.8078
2.874569, 1.624419, 8.451731, 364.7792, 140.8052
2.874569, 1.834419, 8.451731, 364.7792, 124.6756
2.874569, 1.834419, 8.451731, 364.7792, 124.6756
2.874569, 1.624419, 8.451731, 364.7792, 140.8052
2.878059, 1.624419, 8.25176, 368.3325, 140.9577
2.878059, 1.834419, 8.25176, 368.3325, 124.4044
2.67809, 1.624419, 8.24827, 352.6214, 140.9604
2.878059, 1.624419, 8.25176, 368.3325, 140.9577
2.874569, 1.624419, 8.451731, 364.7792, 140.8052
2.674599, 1.624419, 8.44824, 349.4689, 140.8078
2.67809, 1.834419, 8.24827, 352.6214, 124.3995
2.67809, 1.624419, 8.24827, 352.6214, 140.9604
2.674599, 1.624419, 8.44824, 349.4689, 140.8078
2.674599, 1.834419, 8.44824, 349.4689, 124.671
2.878059, 1.834419, 8.25176, 368.3325, 124.4044
2.878059, 1.624419, 8.25176, 368.3325, 140.9577
2.67809, 1.624419, 8.24827, 352.6214, 140.9604
2.67809, 1.834419, 8.24827, 352.6214, 124.3995
box_7_litchi(Clone) stack 9 Shelf_1 Rack_0_0_0
2.879758, 2.044419, 8.253551, 368.4361, 107.8574
2.67988, 2.044419, 8.246572, 352.7878, 107.8325
2.6729, 2.044419, 8.446449, 349.3635, 108.5281
2.872778, 2.044419, 8.453429, 364.6146, 108.5518
2.6729, 2.044419, 8.446449, 349.3635, 108.5281
2.6729, 1.834419, 8.446449, 349.3635, 124.6686
2.872778, 1.834419, 8.453429, 364.6146, 124.6779
2.872778, 2.044419, 8.453429, 364.6146, 108.5518
2.872778, 2.044419, 8.453429, 364.6146, 108.5518
2.872778, 1.834419, 8.453429, 364.6146, 124.6779
2.879758, 1.834419, 8.253551, 368.4361, 124.4069
2.879758, 2.044419, 8.253551, 368.4361, 107.8574
2.67988, 1.834419, 8.246572, 352.7878, 124.3971
2.879758, 1.834419, 8.253551, 368.4361, 124.4069
2.872778, 1.834419, 8.453429, 364.6146, 124.6779
2.6729, 1.834419, 8.446449, 349.3635, 124.6686
2.67988, 2.044419, 8.246572, 352.7878, 107.8325
2.67988, 1.834419, 8.246572, 352.7878, 124.3971
2.6729, 1.834419, 8.446449, 349.3635, 124.6686
2.6729, 2.044419, 8.446449, 349.3635, 108.5281
2.879758, 2.044419, 8.253551, 368.4361, 107.8574
2.879758, 1.834419, 8.253551, 368.4361, 124.4069
2.67988, 1.834419, 8.246572, 352.7878, 124.3971
2.67988, 2.044419, 8.246572, 352.7878, 107.8325
box_6_melody(Clone) stack 13 Shelf_2 Rack_0_0_0
1.703699, 2.576536, 8.220205, 275.9119, 65.61905
1.504795, 2.576536, 8.241111, 260.1125, 65.80988
1.529881, 2.576536, 8.479795, 261.4201, 67.91638
1.728786, 2.576536, 8.45889, 276.7407, 67.73701
1.529881, 2.576536, 8.479795, 261.4201, 67.91638
1.529881, 2.389036, 8.479795, 261.4201, 82.26625
1.728786, 2.389036, 8.45889, 276.7407, 82.12526
1.728786, 2.576536, 8.45889, 276.7407, 67.73701
1.728786, 2.576536, 8.45889, 276.7407, 67.73701
1.728786, 2.389036, 8.45889, 276.7407, 82.12526
1.703699, 2.389036, 8.220205, 275.9119, 80.46034
1.703699, 2.576536, 8.220205, 275.9119, 65.61905
1.504795, 2.389036, 8.241111, 260.1125, 80.61034
1.703699, 2.389036, 8.220205, 275.9119, 80.46034
1.728786, 2.389036, 8.45889, 276.7407, 82.12526
1.529881, 2.389036, 8.479795, 261.4201, 82.26625
1.504795, 2.576536, 8.241111, 260.1125, 65.80988
1.504795, 2.389036, 8.241111, 260.1125, 80.61034
1.529881, 2.389036, 8.479795, 261.4201, 82.26625
1.529881, 2.576536, 8.479795, 261.4201, 67.91638
1.703699, 2.576536, 8.220205, 275.9119, 65.61905
1.703699, 2.389036, 8.220205, 275.9119, 80.46034
1.504795, 2.389036, 8.241111, 260.1125, 80.61034
1.504795, 2.576536, 8.241111, 260.1125, 65.80988
box_8_lizol(Clone) stack 14 Shelf_2 Rack_0_0_0
1.35013, 2.565368, 8.237725, 247.9074, 66.661
1.151226, 2.565368, 8.21682, 232.1782, 66.47243
1.125427, 2.565368, 8.462276, 230.4448, 68.62276
1.324332, 2.565368, 8.483181, 245.6864, 68.7997
1.125427, 2.565368, 8.462276, 230.4448, 68.62276
1.125427, 2.389118, 8.462276, 230.4448, 82.14185
1.324332, 2.389118, 8.483181, 245.6864, 82.28275
1.324332, 2.565368, 8.483181, 245.6864, 68.7997
1.324332, 2.565368, 8.483181, 245.6864, 68.7997
1.324332, 2.389118, 8.483181, 245.6864, 82.28275
1.35013, 2.389118, 8.237725, 247.9074, 80.57964
1.35013, 2.565368, 8.237725, 247.9074, 66.661
1.151226, 2.389118, 8.21682, 232.1782, 80.42947
1.35013, 2.389118, 8.237725, 247.9074, 80.57964
1.324332, 2.389118, 8.483181, 245.6864, 82.28275
1.125427, 2.389118, 8.462276, 230.4448, 82.14185
1.151226, 2.565368, 8.21682, 232.1782, 66.47243
1.151226, 2.389118, 8.21682, 232.1782, 80.42947
1.125427, 2.389118, 8.462276, 230.4448, 82.14185
1.125427, 2.565368, 8.462276, 230.4448, 68.62276
1.35013, 2.565368, 8.237725, 247.9074, 66.661
1.35013, 2.389118, 8.237725, 247.9074, 80.57964
1.151226, 2.389118, 8.21682, 232.1782, 80.42947
1.151226, 2.565368, 8.21682, 232.1782, 66.47243
box_8_lizol(Clone) stack 14 Shelf_2 Rack_0_0_0
1.346143, 2.741618, 8.233872, 247.5964, 52.70061
1.146631, 2.741618, 8.219921, 231.8177, 52.54915
1.129414, 2.741618, 8.466128, 230.7551, 55.14302
1.328927, 2.741618, 8.48008, 246.0403, 55.28513
1.129414, 2.741618, 8.466128, 230.7551, 55.14302
1.129414, 2.565368, 8.466128, 230.7551, 68.65544
1.328927, 2.565368, 8.48008, 246.0403, 68.7735
1.328927, 2.741618, 8.48008, 246.0403, 55.28513
1.328927, 2.741618, 8.48008, 246.0403, 55.28513
1.328927, 2.565368, 8.48008, 246.0403, 68.7735
1.346143, 2.565368, 8.233872, 247.5964, 66.62631
1.346143, 2.741618, 8.233872, 247.5964, 52.70061
1.146631, 2.565368, 8.219921, 231.8177, 66.50047
1.346143, 2.565368, 8.233872, 247.5964, 66.62631
1.328927, 2.565368, 8.48008, 246.0403, 68.7735
1.129414, 2.565368, 8.466128, 230.7551, 68.65544
1.146631, 2.741618, 8.219921, 231.8177, 52.54915
1.146631, 2.565368, 8.219921, 231.8177, 66.50047
1.129414, 2.565368, 8.466128, 230.7551, 68.65544
1.129414, 2.741618, 8.466128, 230.7551, 55.14302
1.346143, 2.741618, 8.233872, 247.5964, 52.70061
1.346143, 2.565368, 8.233872, 247.5964, 66.62631
1.146631, 2.565368, 8.219921, 231.8177, 66.50047
1.146631, 2.741618, 8.219921, 231.8177, 52.54915
box_5_LMRR(Clone) stack 15 Shelf_0 Rack_0_0_1
0.63816, 0.162368, 8.198221, 191.4299, 257.063
0.4392556, 0.162368, 8.219127, 175.8176, 256.7263
0.4689637, 0.162368, 8.50178, 180.3924, 252.3499
0.667868, 0.162368, 8.480874, 195.4541, 252.6628
0.4689637, 0.162368, 8.50178, 180.3924, 252.3499
0.4689637, 0.019868, 8.50178, 180.3924, 263.2253
0.667868, 0.019868, 8.480874, 195.4541, 263.5672
0.667868, 0.162368, 8.480874, 195.4541, 252.6628
0.667868, 0.162368, 8.480874, 195.4541, 252.6628
0.667868, 0.019868, 8.480874, 195.4541, 263.5672
0.63816, 0.019868, 8.198221, 191.4299, 268.3752
0.63816, 0.162368, 8.198221, 191.4299, 257.063
0.4392556, 0.019868, 8.219127, 175.8176, 268.0073
0.63816, 0.019868, 8.198221, 191.4299, 268.3752
0.667868, 0.019868, 8.480874, 195.4541, 263.5672
0.4689637, 0.019868, 8.50178, 180.3924, 263.2253
0.4392556, 0.162368, 8.219127, 175.8176, 256.7263
0.4392556, 0.019868, 8.219127, 175.8176, 268.0073
0.4689637, 0.019868, 8.50178, 180.3924, 263.2253
0.4689637, 0.162368, 8.50178, 180.3924, 252.3499
0.63816, 0.162368, 8.198221, 191.4299, 257.063
0.63816, 0.019868, 8.198221, 191.4299, 268.3752
0.4392556, 0.019868, 8.219127, 175.8176, 268.0073
0.4392556, 0.162368, 8.219127, 175.8176, 256.7263
box_5_LMRR(Clone) stack 15 Shelf_0 Rack_0_0_1
0.640796, 0.304868, 8.19972, 191.6487, 245.7289
0.441557, 0.304868, 8.217152, 175.9831, 245.4741
0.4663276, 0.304868, 8.50028, 180.1798, 241.4948
0.6655666, 0.304868, 8.482849, 195.2892, 241.7315
0.4663276, 0.304868, 8.50028, 180.1798, 241.4948
0.4663276, 0.162368, 8.50028, 180.1798, 252.3723
0.6655666, 0.162368, 8.482849, 195.2892, 252.6332
0.6655666, 0.304868, 8.482849, 195.2892, 241.7315
0.6655666, 0.304868, 8.482849, 195.2892, 241.7315
0.6655666, 0.162368, 8.482849, 195.2892, 252.6332
0.640796, 0.162368, 8.19972, 191.6487, 257.0388
0.640796, 0.304868, 8.19972, 191.6487, 245.7289
0.441557, 0.162368, 8.217152, 175.9831, 256.7581
0.640796, 0.162368, 8.19972, 191.6487, 257.0388
0.6655666, 0.162368, 8.482849, 195.2892, 252.6332
0.4663276, 0.162368, 8.50028, 180.1798, 252.3723
0.441557, 0.304868, 8.217152, 175.9831, 245.4741
0.441557, 0.162368, 8.217152, 175.9831, 256.7581
0.4663276, 0.162368, 8.50028, 180.1798, 252.3723
0.4663276, 0.304868, 8.50028, 180.1798, 241.4948
0.640796, 0.304868, 8.19972, 191.6487, 245.7289
0.640796, 0.162368, 8.19972, 191.6487, 257.0388
0.441557, 0.162368, 8.217152, 175.9831, 256.7581
0.441557, 0.304868, 8.217152, 175.9831, 245.4741
box_5_LMRR(Clone) stack 15 Shelf_0 Rack_0_0_1
0.6560267, 0.447368, 8.209662, 192.9194, 234.2884
0.4560571, 0.447368, 8.206172, 177.0401, 234.3342
0.451097, 0.447368, 8.490338, 178.94, 230.7384
0.6510665, 0.447368, 8.493829, 194.244, 230.6959
0.451097, 0.447368, 8.490338, 178.94, 230.7384
0.451097, 0.304868, 8.490338, 178.94, 241.6297
0.6510665, 0.304868, 8.493829, 194.244, 241.5823
0.6510665, 0.447368, 8.493829, 194.244, 230.6959
0.6510665, 0.447368, 8.493829, 194.244, 230.6959
0.6510665, 0.304868, 8.493829, 194.244, 241.5823
0.6560267, 0.3048679, 8.209662, 192.9194, 245.5834
0.6560267, 0.447368, 8.209662, 192.9194, 234.2884
0.4560571, 0.3048679, 8.206172, 177.0401, 245.6345
0.6560267, 0.3048679, 8.209662, 192.9194, 245.5834
0.6510665, 0.304868, 8.493829, 194.244, 241.5823
0.451097, 0.304868, 8.490338, 178.94, 241.6297
0.4560571, 0.447368, 8.206172, 177.0401, 234.3342
0.4560571, 0.3048679, 8.206172, 177.0401, 245.6345
0.451097, 0.304868, 8.490338, 178.94, 241.6297
0.451097, 0.447368, 8.490338, 178.94, 230.7384
0.6560267, 0.447368, 8.209662, 192.9194, 234.2884
0.6560267, 0.3048679, 8.209662, 192.9194, 245.5834
0.4560571, 0.3048679, 8.206172, 177.0401, 245.6345
0.4560571, 0.447368, 8.206172, 177.0401, 234.3342
box_5_LMRR(Clone) stack 15 Shelf_0 Rack_0_0_1
0.667868, 0.5898679, 8.219127, 193.9157, 222.8834
0.4689637, 0.5898679, 8.198221, 177.9984, 223.1265
0.4392556, 0.5898679, 8.480874, 177.9602, 219.9496
0.63816, 0.5898679, 8.50178, 193.3052, 219.7237
0.4392556, 0.5898679, 8.480874, 177.9602, 219.9496
0.4392556, 0.4473679, 8.480874, 177.9602, 230.854
0.63816, 0.4473679, 8.50178, 193.3052, 230.5991
0.63816, 0.5898679, 8.50178, 193.3052, 219.7237
0.63816, 0.5898679, 8.50178, 193.3052, 219.7237
0.63816, 0.4473679, 8.50178, 193.3052, 230.5991
0.667868, 0.4473679, 8.219127, 193.9157, 234.1644
0.667868, 0.5898679, 8.219127, 193.9157, 222.8834
0.4689637, 0.4473679, 8.198221, 177.9984, 234.4386
0.667868, 0.4473679, 8.219127, 193.9157, 234.1644
0.63816, 0.4473679, 8.50178, 193.3052, 230.5991
0.4392556, 0.4473679, 8.480874, 177.9602, 230.854
0.4689637, 0.5898679, 8.198221, 177.9984, 223.1265
0.4689637, 0.4473679, 8.198221, 177.9984, 234.4386
0.4392556, 0.4473679, 8.480874, 177.9602, 230.854
0.4392556, 0.5898679, 8.480874, 177.9602, 219.9496
0.667868, 0.5898679, 8.219127, 193.9157, 222.8834
0.667868, 0.4473679, 8.219127, 193.9157, 234.1644
0.4689637, 0.4473679, 8.198221, 177.9984, 234.4386
0.4689637, 0.5898679, 8.198221, 177.9984, 223.1265
box_3_Hareli(Clone) stack 16 Shelf_0 Rack_0_0_1
0.2824399, 0.1692639, 8.253007, 163.7442, 255.6411
0.08393069, 0.1692639, 8.228633, 147.804, 256.0286
0.05711944, 0.1692639, 8.446994, 148.3222, 252.6435
0.2556287, 0.1692639, 8.471368, 163.8163, 252.2773
0.05711944, 0.1692639, 8.446994, 148.3222, 252.6435
0.05711944, 0.01926387, 8.446994, 148.3222, 264.1716
0.2556287, 0.01926387, 8.471368, 163.8163, 263.7696
0.2556287, 0.1692639, 8.471368, 163.8163, 252.2773
0.2556287, 0.1692639, 8.471368, 163.8163, 252.2773
0.2556287, 0.01926387, 8.471368, 163.8163, 263.7696
0.2824399, 0.01926387, 8.253007, 163.7442, 267.463
0.2824399, 0.1692639, 8.253007, 163.7442, 255.6411
0.08393069, 0.01926387, 8.228633, 147.804, 267.8885
0.2824399, 0.01926387, 8.253007, 163.7442, 267.463
0.2556287, 0.01926387, 8.471368, 163.8163, 263.7696
0.05711944, 0.01926387, 8.446994, 148.3222, 264.1716
0.08393069, 0.1692639, 8.228633, 147.804, 256.0286
0.08393069, 0.01926387, 8.228633, 147.804, 267.8885
0.05711944, 0.01926387, 8.446994, 148.3222, 264.1716
0.05711944, 0.1692639, 8.446994, 148.3222, 252.6435
0.2824399, 0.1692639, 8.253007, 163.7442, 255.6411
0.2824399, 0.01926387, 8.253007, 163.7442, 267.463
0.08393069, 0.01926387, 8.228633, 147.804, 267.8885
0.08393069, 0.1692639, 8.228633, 147.804, 256.0286
box_6_melody(Clone) stack 17 Shelf_0 Rack_0_0_1
-0.1172183, 0.2073492, 8.224931, 131.8473, 253.075
-0.3169442, 0.2073492, 8.235398, 116.219, 252.9122
-0.3043836, 0.2073492, 8.47507, 120.9672, 249.3054
-0.1046577, 0.2073492, 8.464602, 136.1232, 249.4583
-0.3043836, 0.2073492, 8.47507, 120.9672, 249.3054
-0.3043836, 0.01984931, 8.47507, 120.9672, 263.6639
-0.1046577, 0.01984931, 8.464602, 136.1232, 263.836
-0.1046577, 0.2073492, 8.464602, 136.1232, 249.4583
-0.1046577, 0.2073492, 8.464602, 136.1232, 249.4583
-0.1046577, 0.01984931, 8.464602, 136.1232, 263.836
-0.1172183, 0.01984931, 8.224931, 131.8473, 267.907
-0.1172183, 0.2073492, 8.224931, 131.8473, 253.075
-0.3169442, 0.01984931, 8.235398, 116.219, 267.7238
-0.1172183, 0.01984931, 8.224931, 131.8473, 267.907
-0.1046577, 0.01984931, 8.464602, 136.1232, 263.836
-0.3043836, 0.01984931, 8.47507, 120.9672, 263.6639
-0.3169442, 0.2073492, 8.235398, 116.219, 252.9122
-0.3169442, 0.01984931, 8.235398, 116.219, 267.7238
-0.3043836, 0.01984931, 8.47507, 120.9672, 263.6639
-0.3043836, 0.2073492, 8.47507, 120.9672, 249.3054
-0.1172183, 0.2073492, 8.224931, 131.8473, 253.075
-0.1172183, 0.01984931, 8.224931, 131.8473, 267.907
-0.3169442, 0.01984931, 8.235398, 116.219, 267.7238
-0.3169442, 0.2073492, 8.235398, 116.219, 252.9122
box_6_melody(Clone) stack 17 Shelf_0 Rack_0_0_1
-0.1238922, 0.3948492, 8.220205, 131.2516, 238.3073
-0.3227966, 0.3948492, 8.241111, 115.85, 238.0232
-0.2977097, 0.3948492, 8.479795, 121.5498, 234.8866
-0.09880532, 0.3948492, 8.45889, 136.4964, 235.1537
-0.2977097, 0.3948492, 8.479795, 121.5498, 234.8866
-0.2977097, 0.2073492, 8.479795, 121.5498, 249.2365
-0.09880532, 0.2073492, 8.45889, 136.4964, 249.5419
-0.09880532, 0.3948492, 8.45889, 136.4964, 235.1537
-0.09880532, 0.3948492, 8.45889, 136.4964, 235.1537
-0.09880532, 0.2073492, 8.45889, 136.4964, 249.5419
-0.1238922, 0.2073492, 8.220205, 131.2516, 253.1486
-0.1238922, 0.3948492, 8.220205, 131.2516, 238.3073
-0.3227966, 0.2073492, 8.241111, 115.85, 252.8236
-0.1238922, 0.2073492, 8.220205, 131.2516, 253.1486
-0.09880532, 0.2073492, 8.45889, 136.4964, 249.5419
-0.2977097, 0.2073492, 8.479795, 121.5498, 249.2365
-0.3227966, 0.3948492, 8.241111, 115.85, 238.0232
-0.3227966, 0.2073492, 8.241111, 115.85, 252.8236
-0.2977097, 0.2073492, 8.479795, 121.5498, 249.2365
-0.2977097, 0.3948492, 8.479795, 121.5498, 234.8866
-0.1238922, 0.3948492, 8.220205, 131.2516, 238.3073
-0.1238922, 0.2073492, 8.220205, 131.2516, 253.1486
-0.3227966, 0.2073492, 8.241111, 115.85, 252.8236
-0.3227966, 0.3948492, 8.241111, 115.85, 238.0232
box_6_melody(Clone) stack 17 Shelf_0 Rack_0_0_1
-0.1007228, 0.5823491, 8.239173, 133.3524, 223.2452
-0.2999617, 0.5823491, 8.221742, 117.3399, 223.4481
-0.3208791, 0.5823491, 8.460828, 119.485, 220.7442
-0.1216402, 0.5823491, 8.478259, 135.0042, 220.5535
-0.3208791, 0.5823491, 8.460828, 119.485, 220.7442
-0.3208791, 0.3948492, 8.460828, 119.485, 235.1289
-0.1216402, 0.3948492, 8.478259, 135.0042, 234.9062
-0.1216402, 0.5823491, 8.478259, 135.0042, 220.5535
-0.1216402, 0.5823491, 8.478259, 135.0042, 220.5535
-0.1216402, 0.3948492, 8.478259, 135.0042, 234.9062
-0.1007228, 0.3948492, 8.239173, 133.3524, 238.0495
-0.1007228, 0.5823491, 8.239173, 133.3524, 223.2452
-0.2999617, 0.3948492, 8.221742, 117.3399, 238.2864
-0.1007228, 0.3948492, 8.239173, 133.3524, 238.0495
-0.1216402, 0.3948492, 8.478259, 135.0042, 234.9062
-0.3208791, 0.3948492, 8.460828, 119.485, 235.1289
-0.2999617, 0.5823491, 8.221742, 117.3399, 223.4481
-0.2999617, 0.3948492, 8.221742, 117.3399, 238.2864
-0.3208791, 0.3948492, 8.460828, 119.485, 235.1289
-0.3208791, 0.5823491, 8.460828, 119.485, 220.7442
-0.1007228, 0.5823491, 8.239173, 133.3524, 223.2452
-0.1007228, 0.3948492, 8.239173, 133.3524, 238.0495
-0.2999617, 0.3948492, 8.221742, 117.3399, 238.2864
-0.2999617, 0.5823491, 8.221742, 117.3399, 223.4481
box_6_melody(Clone) stack 17 Shelf_0 Rack_0_0_1
-0.1194153, 0.7698491, 8.223317, 131.6505, 208.5945
-0.3189281, 0.7698491, 8.237268, 116.0927, 208.4594
-0.3021866, 0.7698491, 8.476684, 121.16, 206.2151
-0.1026738, 0.7698491, 8.462732, 136.2505, 206.3422
-0.3021866, 0.7698491, 8.476684, 121.16, 206.2151
-0.3021866, 0.5823491, 8.476684, 121.16, 220.5707
-0.1026738, 0.5823491, 8.462732, 136.2505, 220.7233
-0.1026738, 0.7698491, 8.462732, 136.2505, 206.3422
-0.1026738, 0.7698491, 8.462732, 136.2505, 206.3422
-0.1026738, 0.5823491, 8.462732, 136.2505, 220.7233
-0.1194153, 0.5823491, 8.223317, 131.6505, 223.4297
-0.1194153, 0.7698491, 8.223317, 131.6505, 208.5945
-0.3189281, 0.5823491, 8.237268, 116.0927, 223.2673
-0.1194153, 0.5823491, 8.223317, 131.6505, 223.4297
-0.1026738, 0.5823491, 8.462732, 136.2505, 220.7233
-0.3021866, 0.5823491, 8.476684, 121.16, 220.5707
-0.3189281, 0.7698491, 8.237268, 116.0927, 208.4594
-0.3189281, 0.5823491, 8.237268, 116.0927, 223.2673
-0.3021866, 0.5823491, 8.476684, 121.16, 220.5707
-0.3021866, 0.7698491, 8.476684, 121.16, 206.2151
-0.1194153, 0.7698491, 8.223317, 131.6505, 208.5945
-0.1194153, 0.5823491, 8.223317, 131.6505, 223.4297
-0.3189281, 0.5823491, 8.237268, 116.0927, 223.2673
-0.3189281, 0.7698491, 8.237268, 116.0927, 208.4594
box_3_Hareli(Clone) stack 18 Shelf_0 Rack_0_0_1
-0.5047066, 0.1692639, 8.23015, 101.2908, 256.0044
-0.703611, 0.1692639, 8.251056, 85.99161, 255.6721
-0.6806147, 0.1692639, 8.469851, 92.05736, 252.3
-0.4817103, 0.1692639, 8.448945, 106.9441, 252.6141
-0.6806147, 0.1692639, 8.469851, 92.05736, 252.3
-0.6806147, 0.01926387, 8.469851, 92.05736, 263.7945
-0.4817103, 0.01926387, 8.448945, 106.9441, 264.1393
-0.4817103, 0.1692639, 8.448945, 106.9441, 252.6141
-0.4817103, 0.1692639, 8.448945, 106.9441, 252.6141
-0.4817103, 0.01926387, 8.448945, 106.9441, 264.1393
-0.5047066, 0.01926387, 8.23015, 101.2908, 267.8619
-0.5047066, 0.1692639, 8.23015, 101.2908, 256.0044
-0.703611, 0.01926387, 8.251056, 85.99161, 267.497
-0.5047066, 0.01926387, 8.23015, 101.2908, 267.8619
-0.4817103, 0.01926387, 8.448945, 106.9441, 264.1393
-0.6806147, 0.01926387, 8.469851, 92.05736, 263.7945
-0.703611, 0.1692639, 8.251056, 85.99161, 255.6721
-0.703611, 0.01926387, 8.251056, 85.99161, 267.497
-0.6806147, 0.01926387, 8.469851, 92.05736, 263.7945
-0.6806147, 0.1692639, 8.469851, 92.05736, 252.3
-0.5047066, 0.1692639, 8.23015, 101.2908, 256.0044
-0.5047066, 0.01926387, 8.23015, 101.2908, 267.8619
-0.703611, 0.01926387, 8.251056, 85.99161, 267.497
-0.703611, 0.1692639, 8.251056, 85.99161, 255.6721
box_3_Hareli(Clone) stack 18 Shelf_0 Rack_0_0_1
-0.4870408, 0.3192639, 8.245385, 102.9623, 243.9283
-0.6867666, 0.3192639, 8.234918, 86.99508, 244.0784
-0.6982806, 0.3192638, 8.454616, 90.41257, 241.0118
-0.4985547, 0.3192638, 8.465083, 105.927, 240.87
-0.6982806, 0.3192638, 8.454616, 90.41257, 241.0118
-0.6982806, 0.1692639, 8.454616, 90.41257, 252.5287
-0.4985547, 0.1692639, 8.465083, 105.927, 252.3715
-0.4985547, 0.3192638, 8.465083, 105.927, 240.87
-0.4985547, 0.3192638, 8.465083, 105.927, 240.87
-0.4985547, 0.1692639, 8.465083, 105.927, 252.3715
-0.4870408, 0.1692639, 8.245385, 102.9623, 255.762
-0.4870408, 0.3192639, 8.245385, 102.9623, 243.9283
-0.6867666, 0.1692639, 8.234918, 86.99508, 255.9285
-0.4870408, 0.1692639, 8.245385, 102.9623, 255.762
-0.4985547, 0.1692639, 8.465083, 105.927, 252.3715
-0.6982806, 0.1692639, 8.454616, 90.41257, 252.5287
-0.6867666, 0.3192639, 8.234918, 86.99508, 244.0784
-0.6867666, 0.1692639, 8.234918, 86.99508, 255.9285
-0.6982806, 0.1692639, 8.454616, 90.41257, 252.5287
-0.6982806, 0.3192638, 8.454616, 90.41257, 241.0118
-0.4870408, 0.3192639, 8.245385, 102.9623, 243.9283
-0.4870408, 0.1692639, 8.245385, 102.9623, 255.762
-0.6867666, 0.1692639, 8.234918, 86.99508, 255.9285
-0.6867666, 0.3192639, 8.234918, 86.99508, 244.0784
box_3_Hareli(Clone) stack 18 Shelf_0 Rack_0_0_1
-0.4888826, 0.4692639, 8.243557, 102.784, 232.118
-0.6887608, 0.4692639, 8.236577, 86.871, 232.2072
-0.6964387, 0.4692639, 8.456444, 90.58894, 229.4729
-0.4965605, 0.4692639, 8.463424, 106.0515, 229.3886
-0.6964387, 0.4692639, 8.456444, 90.58894, 229.4729
-0.6964387, 0.3192639, 8.456444, 90.58894, 240.987
-0.4965605, 0.3192639, 8.463424, 106.0515, 240.8925
-0.4965605, 0.4692639, 8.463424, 106.0515, 229.3886
-0.4965605, 0.4692639, 8.463424, 106.0515, 229.3886
-0.4965605, 0.3192639, 8.463424, 106.0515, 240.8925
-0.4888826, 0.3192638, 8.243557, 102.784, 243.9545
-0.4888826, 0.4692639, 8.243557, 102.784, 232.118
-0.6887608, 0.3192638, 8.236577, 86.871, 244.0546
-0.4888826, 0.3192638, 8.243557, 102.784, 243.9545
-0.4965605, 0.3192639, 8.463424, 106.0515, 240.8925
-0.6964387, 0.3192639, 8.456444, 90.58894, 240.987
-0.6887608, 0.4692639, 8.236577, 86.871, 232.2072
-0.6887608, 0.3192638, 8.236577, 86.871, 244.0546
-0.6964387, 0.3192639, 8.456444, 90.58894, 240.987
-0.6964387, 0.4692639, 8.456444, 90.58894, 229.4729
-0.4888826, 0.4692639, 8.243557, 102.784, 232.118
-0.4888826, 0.3192638, 8.243557, 102.784, 243.9545
-0.6887608, 0.3192638, 8.236577, 86.871, 244.0546
-0.6887608, 0.4692639, 8.236577, 86.871, 232.2072
box_3_Hareli(Clone) stack 18 Shelf_0 Rack_0_0_1
-0.4852311, 0.6192639, 8.247244, 103.1385, 220.24
-0.6847438, 0.6192639, 8.233293, 87.12217, 220.3967
-0.7000903, 0.6192639, 8.452757, 90.23801, 217.9978
-0.5005775, 0.6192639, 8.466708, 105.7997, 217.8499
-0.7000903, 0.6192639, 8.452757, 90.23801, 217.9978
-0.7000903, 0.4692639, 8.452757, 90.23801, 229.5174
-0.5005775, 0.4692639, 8.466708, 105.7997, 229.349
-0.5005775, 0.6192639, 8.466708, 105.7997, 217.8499
-0.5005775, 0.6192639, 8.466708, 105.7997, 217.8499
-0.5005775, 0.4692639, 8.466708, 105.7997, 229.349
-0.4852311, 0.4692638, 8.247244, 103.1385, 232.0709
-0.4852311, 0.6192639, 8.247244, 103.1385, 220.24
-0.6847438, 0.4692638, 8.233293, 87.12217, 232.2492
-0.4852311, 0.4692638, 8.247244, 103.1385, 232.0709
-0.5005775, 0.4692639, 8.466708, 105.7997, 229.349
-0.7000903, 0.4692639, 8.452757, 90.23801, 229.5174
-0.6847438, 0.6192639, 8.233293, 87.12217, 220.3967
-0.6847438, 0.4692638, 8.233293, 87.12217, 232.2492
-0.7000903, 0.4692639, 8.452757, 90.23801, 229.5174
-0.7000903, 0.6192639, 8.452757, 90.23801, 217.9978
-0.4852311, 0.6192639, 8.247244, 103.1385, 220.24
-0.4852311, 0.4692638, 8.247244, 103.1385, 232.0709
-0.6847438, 0.4692638, 8.233293, 87.12217, 232.2492
-0.6847438, 0.6192639, 8.233293, 87.12217, 220.3967
box_3_Hareli(Clone) stack 18 Shelf_0 Rack_0_0_1
-0.4926607, 0.7692639, 8.240001, 102.4215, 208.4792
-0.6926607, 0.7692639, 8.240001, 86.63207, 208.4792
-0.6926607, 0.7692639, 8.46, 90.94677, 206.412
-0.4926607, 0.7692639, 8.46, 106.292, 206.412
-0.6926607, 0.7692639, 8.46, 90.94677, 206.412
-0.6926607, 0.6192638, 8.46, 90.94677, 217.9209
-0.4926607, 0.6192638, 8.46, 106.292, 217.9209
-0.4926607, 0.7692639, 8.46, 106.292, 206.412
-0.4926607, 0.7692639, 8.46, 106.292, 206.412
-0.4926607, 0.6192638, 8.46, 106.292, 217.9209
-0.4926607, 0.6192638, 8.240001, 102.4215, 220.3213
-0.4926607, 0.7692639, 8.240001, 102.4215, 208.4792
-0.6926607, 0.6192638, 8.240001, 86.63207, 220.3213
-0.4926607, 0.6192638, 8.240001, 102.4215, 220.3213
-0.4926607, 0.6192638, 8.46, 106.292, 217.9209
-0.6926607, 0.6192638, 8.46, 90.94677, 217.9209
-0.6926607, 0.7692639, 8.240001, 86.63207, 208.4792
-0.6926607, 0.6192638, 8.240001, 86.63207, 220.3213
-0.6926607, 0.6192638, 8.46, 90.94677, 217.9209
-0.6926607, 0.7692639, 8.46, 90.94677, 206.412
-0.4926607, 0.7692639, 8.240001, 102.4215, 208.4792
-0.4926607, 0.6192638, 8.240001, 102.4215, 220.3213
-0.6926607, 0.6192638, 8.240001, 86.63207, 220.3213
-0.6926607, 0.7692639, 8.240001, 86.63207, 208.4792
box_3_Hareli(Clone) stack 19 Shelf_1 Rack_0_0_1
0.6594669, 1.353857, 8.231704, 193.328, 162.3569
0.4602279, 1.353857, 8.249134, 177.7244, 162.2943
0.4794022, 1.353857, 8.468297, 180.9375, 161.5301
0.6786411, 1.353857, 8.450867, 196.1105, 161.5893
0.4794022, 1.353857, 8.468297, 180.9375, 161.5301
0.4794022, 1.203857, 8.468297, 180.9375, 173.0269
0.6786411, 1.203857, 8.450867, 196.1105, 173.1117
0.6786411, 1.353857, 8.450867, 196.1105, 161.5893
0.6786411, 1.353857, 8.450867, 196.1105, 161.5893
0.6786411, 1.203857, 8.450867, 196.1105, 173.1117
0.6594669, 1.203857, 8.231704, 193.328, 174.212
0.6594669, 1.353857, 8.231704, 193.328, 162.3569
0.4602279, 1.203857, 8.249134, 177.7244, 174.1221
0.6594669, 1.203857, 8.231704, 193.328, 174.212
0.6786411, 1.203857, 8.450867, 196.1105, 173.1117
0.4794022, 1.203857, 8.468297, 180.9375, 173.0269
0.4602279, 1.353857, 8.249134, 177.7244, 162.2943
0.4602279, 1.203857, 8.249134, 177.7244, 174.1221
0.4794022, 1.203857, 8.468297, 180.9375, 173.0269
0.4794022, 1.353857, 8.468297, 180.9375, 161.5301
0.6594669, 1.353857, 8.231704, 193.328, 162.3569
0.6594669, 1.203857, 8.231704, 193.328, 174.212
0.4602279, 1.203857, 8.249134, 177.7244, 174.1221
0.4602279, 1.353857, 8.249134, 177.7244, 162.2943
box_3_Hareli(Clone) stack 19 Shelf_1 Rack_0_0_1
0.6786411, 1.503857, 8.249134, 194.9469, 150.4664
0.4794022, 1.503857, 8.231704, 179.0969, 150.5019
0.4602279, 1.503857, 8.450867, 179.3328, 150.0669
0.6594669, 1.503857, 8.468297, 194.7386, 150.0334
0.4602279, 1.503857, 8.450867, 179.3328, 150.0669
0.4602279, 1.353857, 8.450867, 179.3328, 161.5893
0.6594669, 1.353857, 8.468297, 194.7386, 161.5301
0.6594669, 1.503857, 8.468297, 194.7386, 150.0334
0.6594669, 1.503857, 8.468297, 194.7386, 150.0334
0.6594669, 1.353857, 8.468297, 194.7386, 161.5301
0.6786411, 1.353857, 8.249134, 194.9469, 162.2943
0.6786411, 1.503857, 8.249134, 194.9469, 150.4664
0.4794022, 1.353857, 8.231704, 179.0969, 162.3569
0.6786411, 1.353857, 8.249134, 194.9469, 162.2943
0.6594669, 1.353857, 8.468297, 194.7386, 161.5301
0.4602279, 1.353857, 8.450867, 179.3328, 161.5893
0.4794022, 1.503857, 8.231704, 179.0969, 150.5019
0.4794022, 1.353857, 8.231704, 179.0969, 162.3569
0.4602279, 1.353857, 8.450867, 179.3328, 161.5893
0.4602279, 1.503857, 8.450867, 179.3328, 150.0669
0.6786411, 1.503857, 8.249134, 194.9469, 150.4664
0.6786411, 1.353857, 8.249134, 194.9469, 162.2943
0.4794022, 1.353857, 8.231704, 179.0969, 162.3569
0.4794022, 1.503857, 8.231704, 179.0969, 150.5019
box_3_Hareli(Clone) stack 19 Shelf_1 Rack_0_0_1
0.6786411, 1.653857, 8.249134, 194.9469, 138.6385
0.4794022, 1.653857, 8.231704, 179.0969, 138.6468
0.4602279, 1.653857, 8.450867, 179.3328, 138.5445
0.6594669, 1.653857, 8.468297, 194.7386, 138.5366
0.4602279, 1.653857, 8.450867, 179.3328, 138.5445
0.4602279, 1.503857, 8.450867, 179.3328, 150.0669
0.6594669, 1.503857, 8.468297, 194.7386, 150.0334
0.6594669, 1.653857, 8.468297, 194.7386, 138.5366
0.6594669, 1.653857, 8.468297, 194.7386, 138.5366
0.6594669, 1.503857, 8.468297, 194.7386, 150.0334
0.6786411, 1.503857, 8.249134, 194.9469, 150.4664
0.6786411, 1.653857, 8.249134, 194.9469, 138.6385
0.4794022, 1.503857, 8.231704, 179.0969, 150.5019
0.6786411, 1.503857, 8.249134, 194.9469, 150.4664
0.6594669, 1.503857, 8.468297, 194.7386, 150.0334
0.4602279, 1.503857, 8.450867, 179.3328, 150.0669
0.4794022, 1.653857, 8.231704, 179.0969, 138.6468
0.4794022, 1.503857, 8.231704, 179.0969, 150.5019
0.4602279, 1.503857, 8.450867, 179.3328, 150.0669
0.4602279, 1.653857, 8.450867, 179.3328, 138.5445
0.6786411, 1.653857, 8.249134, 194.9469, 138.6385
0.6786411, 1.503857, 8.249134, 194.9469, 150.4664
0.4794022, 1.503857, 8.231704, 179.0969, 150.5019
0.4794022, 1.653857, 8.231704, 179.0969, 138.6468
box_3_Hareli(Clone) stack 19 Shelf_1 Rack_0_0_1
0.6768641, 1.803857, 8.247244, 194.7955, 126.8085
0.4773513, 1.803857, 8.233293, 178.9476, 126.7935
0.4620049, 1.803857, 8.452757, 179.484, 127.024
0.6615177, 1.803857, 8.466708, 194.8866, 127.0383
0.4620049, 1.803857, 8.452757, 179.484, 127.024
0.4620049, 1.653857, 8.452757, 179.484, 138.5436
0.6615177, 1.653857, 8.466708, 194.8866, 138.5373
0.6615177, 1.803857, 8.466708, 194.8866, 127.0383
0.6615177, 1.803857, 8.466708, 194.8866, 127.0383
0.6615177, 1.653857, 8.466708, 194.8866, 138.5373
0.6768641, 1.653857, 8.247244, 194.7955, 138.6394
0.6768641, 1.803857, 8.247244, 194.7955, 126.8085
0.4773513, 1.653857, 8.233293, 178.9476, 138.6461
0.6768641, 1.653857, 8.247244, 194.7955, 138.6394
0.6615177, 1.653857, 8.466708, 194.8866, 138.5373
0.4620049, 1.653857, 8.452757, 179.484, 138.5436
0.4773513, 1.803857, 8.233293, 178.9476, 126.7935
0.4773513, 1.653857, 8.233293, 178.9476, 138.6461
0.4620049, 1.653857, 8.452757, 179.484, 138.5436
0.4620049, 1.803857, 8.452757, 179.484, 127.024
0.6768641, 1.803857, 8.247244, 194.7955, 126.8085
0.6768641, 1.653857, 8.247244, 194.7955, 138.6394
0.4773513, 1.653857, 8.233293, 178.9476, 138.6461
0.4773513, 1.803857, 8.233293, 178.9476, 126.7935
box_3_Hareli(Clone) stack 19 Shelf_1 Rack_0_0_1
0.671339, 1.953857, 8.241762, 194.3268, 114.9633
0.4713695, 1.953857, 8.238272, 178.5152, 114.9541
0.46753, 1.953857, 8.458239, 179.9504, 115.5181
0.6674995, 1.953857, 8.461729, 195.3168, 115.5268
0.46753, 1.953857, 8.458239, 179.9504, 115.5181
0.46753, 1.803857, 8.458239, 179.9504, 127.0296
0.6674995, 1.803857, 8.461729, 195.3168, 127.0332
0.6674995, 1.953857, 8.461729, 195.3168, 115.5268
0.6674995, 1.953857, 8.461729, 195.3168, 115.5268
0.6674995, 1.803857, 8.461729, 195.3168, 127.0332
0.671339, 1.803857, 8.241762, 194.3268, 126.8026
0.671339, 1.953857, 8.241762, 194.3268, 114.9633
0.4713695, 1.803857, 8.238272, 178.5152, 126.7989
0.671339, 1.803857, 8.241762, 194.3268, 126.8026
0.6674995, 1.803857, 8.461729, 195.3168, 127.0332
0.46753, 1.803857, 8.458239, 179.9504, 127.0296
0.4713695, 1.953857, 8.238272, 178.5152, 114.9541
0.4713695, 1.803857, 8.238272, 178.5152, 126.7989
0.46753, 1.803857, 8.458239, 179.9504, 127.0296
0.46753, 1.953857, 8.458239, 179.9504, 115.5181
0.671339, 1.953857, 8.241762, 194.3268, 114.9633
0.671339, 1.803857, 8.241762, 194.3268, 126.8026
0.4713695, 1.803857, 8.238272, 178.5152, 126.7989
0.4713695, 1.953857, 8.238272, 178.5152, 114.9541
box_3_Hareli(Clone) stack 21 Shelf_1 Rack_0_0_1
-0.07153017, 1.353857, 8.247244, 135.768, 162.301
-0.2710429, 1.353857, 8.233293, 119.8116, 162.3512
-0.2863894, 1.353858, 8.452757, 122.0092, 161.5829
-0.08687659, 1.353858, 8.466708, 137.5143, 161.5355
-0.2863894, 1.353858, 8.452757, 122.0092, 161.5829
-0.2863894, 1.203857, 8.452757, 122.0092, 173.1025
-0.08687659, 1.203857, 8.466708, 137.5143, 173.0346
-0.08687659, 1.353858, 8.466708, 137.5143, 161.5355
-0.08687659, 1.353858, 8.466708, 137.5143, 161.5355
-0.08687659, 1.203857, 8.466708, 137.5143, 173.0346
-0.07153017, 1.203857, 8.247244, 135.768, 174.1319
-0.07153017, 1.353857, 8.247244, 135.768, 162.301
-0.2710429, 1.203857, 8.233293, 119.8116, 174.2038
-0.07153017, 1.203857, 8.247244, 135.768, 174.1319
-0.08687659, 1.203857, 8.466708, 137.5143, 173.0346
-0.2863894, 1.203857, 8.452757, 122.0092, 173.1025
-0.2710429, 1.353857, 8.233293, 119.8116, 162.3512
-0.2710429, 1.203857, 8.233293, 119.8116, 174.2038
-0.2863894, 1.203857, 8.452757, 122.0092, 173.1025
-0.2863894, 1.353858, 8.452757, 122.0092, 161.5829
-0.07153017, 1.353857, 8.247244, 135.768, 162.301
-0.07153017, 1.203857, 8.247244, 135.768, 174.1319
-0.2710429, 1.203857, 8.233293, 119.8116, 174.2038
-0.2710429, 1.353857, 8.233293, 119.8116, 162.3512
box_3_Hareli(Clone) stack 21 Shelf_1 Rack_0_0_1
-0.09100571, 1.503857, 8.23015, 133.9938, 150.505
-0.2899101, 1.503857, 8.251056, 118.6048, 150.4625
-0.2669138, 1.503857, 8.469851, 123.7592, 150.0304
-0.06800944, 1.503857, 8.448945, 138.7308, 150.0706
-0.2669138, 1.503857, 8.469851, 123.7592, 150.0304
-0.2669138, 1.353857, 8.469851, 123.7592, 161.5249
-0.06800944, 1.353857, 8.448945, 138.7308, 161.5959
-0.06800944, 1.503857, 8.448945, 138.7308, 150.0706
-0.06800944, 1.503857, 8.448945, 138.7308, 150.0706
-0.06800944, 1.353857, 8.448945, 138.7308, 161.5959
-0.09100571, 1.353857, 8.23015, 133.9938, 162.3625
-0.09100571, 1.503857, 8.23015, 133.9938, 150.505
-0.2899101, 1.353857, 8.251056, 118.6048, 162.2874
-0.09100571, 1.353857, 8.23015, 133.9938, 162.3625
-0.06800944, 1.353857, 8.448945, 138.7308, 161.5959
-0.2669138, 1.353857, 8.469851, 123.7592, 161.5249
-0.2899101, 1.503857, 8.251056, 118.6048, 150.4625
-0.2899101, 1.353857, 8.251056, 118.6048, 162.2874
-0.2669138, 1.353857, 8.469851, 123.7592, 161.5249
-0.2669138, 1.503857, 8.469851, 123.7592, 150.0304
-0.09100571, 1.503857, 8.23015, 133.9938, 150.505
-0.09100571, 1.353857, 8.23015, 133.9938, 162.3625
-0.2899101, 1.353857, 8.251056, 118.6048, 162.2874
-0.2899101, 1.503857, 8.251056, 118.6048, 150.4625
box_3_Hareli(Clone) stack 21 Shelf_1 Rack_0_0_1
-0.08892744, 1.653857, 8.231704, 134.1797, 138.6468
-0.2881664, 1.653857, 8.249134, 118.7116, 138.6385
-0.2689921, 1.653857, 8.468297, 123.5768, 138.5366
-0.06975318, 1.653857, 8.450867, 138.6218, 138.5445
-0.2689921, 1.653857, 8.468297, 123.5768, 138.5366
-0.2689921, 1.503857, 8.468297, 123.5768, 150.0334
-0.06975318, 1.503857, 8.450867, 138.6218, 150.0669
-0.06975318, 1.653857, 8.450867, 138.6218, 138.5445
-0.06975318, 1.653857, 8.450867, 138.6218, 138.5445
-0.06975318, 1.503857, 8.450867, 138.6218, 150.0669
-0.08892744, 1.503857, 8.231704, 134.1797, 150.5019
-0.08892744, 1.653857, 8.231704, 134.1797, 138.6468
-0.2881664, 1.503857, 8.249134, 118.7116, 150.4664
-0.08892744, 1.503857, 8.231704, 134.1797, 150.5019
-0.06975318, 1.503857, 8.450867, 138.6218, 150.0669
-0.2689921, 1.503857, 8.468297, 123.5768, 150.0334
-0.2881664, 1.653857, 8.249134, 118.7116, 138.6385
-0.2881664, 1.503857, 8.249134, 118.7116, 150.4664
-0.2689921, 1.503857, 8.468297, 123.5768, 150.0334
-0.2689921, 1.653857, 8.468297, 123.5768, 138.5366
-0.08892744, 1.653857, 8.231704, 134.1797, 138.6468
-0.08892744, 1.503857, 8.231704, 134.1797, 150.5019
-0.2881664, 1.503857, 8.249134, 118.7116, 150.4664
-0.2881664, 1.653857, 8.249134, 118.7116, 138.6385
box_3_Hareli(Clone) stack 21 Shelf_1 Rack_0_0_1
-0.08892744, 1.803857, 8.231704, 134.1797, 126.7918
-0.2881664, 1.803857, 8.249134, 118.7116, 126.8106
-0.2689921, 1.803857, 8.468297, 123.5768, 127.0399
-0.06975318, 1.803857, 8.450867, 138.6218, 127.0221
-0.2689921, 1.803857, 8.468297, 123.5768, 127.0399
-0.2689921, 1.653857, 8.468297, 123.5768, 138.5366
-0.06975318, 1.653857, 8.450867, 138.6218, 138.5445
-0.06975318, 1.803857, 8.450867, 138.6218, 127.0221
-0.06975318, 1.803857, 8.450867, 138.6218, 127.0221
-0.06975318, 1.653857, 8.450867, 138.6218, 138.5445
-0.08892744, 1.653857, 8.231704, 134.1797, 138.6468
-0.08892744, 1.803857, 8.231704, 134.1797, 126.7918
-0.2881664, 1.653857, 8.249134, 118.7116, 138.6385
-0.08892744, 1.653857, 8.231704, 134.1797, 138.6468
-0.06975318, 1.653857, 8.450867, 138.6218, 138.5445
-0.2689921, 1.653857, 8.468297, 123.5768, 138.5366
-0.2881664, 1.803857, 8.249134, 118.7116, 126.8106
-0.2881664, 1.653857, 8.249134, 118.7116, 138.6385
-0.2689921, 1.653857, 8.468297, 123.5768, 138.5366
-0.2689921, 1.803857, 8.468297, 123.5768, 127.0399
-0.08892744, 1.803857, 8.231704, 134.1797, 126.7918
-0.08892744, 1.653857, 8.231704, 134.1797, 138.6468
-0.2881664, 1.653857, 8.249134, 118.7116, 138.6385
-0.2881664, 1.803857, 8.249134, 118.7116, 126.8106
box_3_Hareli(Clone) stack 21 Shelf_1 Rack_0_0_1
-0.07705524, 1.953857, 8.241762, 135.2568, 114.9633
-0.2770248, 1.953857, 8.238272, 119.418, 114.9541
-0.2808643, 1.953857, 8.458239, 122.5159, 115.5181
-0.08089478, 1.953857, 8.461729, 137.9079, 115.5268
-0.2808643, 1.953857, 8.458239, 122.5159, 115.5181
-0.2808643, 1.803857, 8.458239, 122.5159, 127.0296
-0.08089478, 1.803857, 8.461729, 137.9079, 127.0332
-0.08089478, 1.953857, 8.461729, 137.9079, 115.5268
-0.08089478, 1.953857, 8.461729, 137.9079, 115.5268
-0.08089478, 1.803857, 8.461729, 137.9079, 127.0332
-0.07705524, 1.803857, 8.241762, 135.2568, 126.8026
-0.07705524, 1.953857, 8.241762, 135.2568, 114.9633
-0.2770248, 1.803857, 8.238272, 119.418, 126.7989
-0.07705524, 1.803857, 8.241762, 135.2568, 126.8026
-0.08089478, 1.803857, 8.461729, 137.9079, 127.0332
-0.2808643, 1.803857, 8.458239, 122.5159, 127.0296
-0.2770248, 1.953857, 8.238272, 119.418, 114.9541
-0.2770248, 1.803857, 8.238272, 119.418, 126.7989
-0.2808643, 1.803857, 8.458239, 122.5159, 127.0296
-0.2808643, 1.953857, 8.458239, 122.5159, 115.5181
-0.07705524, 1.953857, 8.241762, 135.2568, 114.9633
-0.07705524, 1.803857, 8.241762, 135.2568, 126.8026
-0.2770248, 1.803857, 8.238272, 119.418, 126.7989
-0.2770248, 1.953857, 8.238272, 119.418, 114.9541
box_7_litchi(Clone) stack 22 Shelf_1 Rack_0_0_1
-0.4485653, 1.414419, 8.259096, 106.2389, 157.4894
-0.6478042, 1.414419, 8.241665, 90.20618, 157.541
-0.6652354, 1.414419, 8.440905, 92.69131, 156.9652
-0.4659964, 1.414419, 8.458336, 108.3099, 156.9163
-0.6652354, 1.414419, 8.440905, 92.69131, 156.9652
-0.6652354, 1.204419, 8.440905, 92.69131, 173.1172
-0.4659964, 1.204419, 8.458336, 108.3099, 173.0322
-0.4659964, 1.414419, 8.458336, 108.3099, 156.9163
-0.4659964, 1.414419, 8.458336, 108.3099, 156.9163
-0.4659964, 1.204419, 8.458336, 108.3099, 173.0322
-0.4485653, 1.204419, 8.259096, 106.2389, 174.0268
-0.4485653, 1.414419, 8.259096, 106.2389, 157.4894
-0.6478042, 1.204419, 8.241665, 90.20618, 174.1163
-0.4485653, 1.204419, 8.259096, 106.2389, 174.0268
-0.4659964, 1.204419, 8.458336, 108.3099, 173.0322
-0.6652354, 1.204419, 8.440905, 92.69131, 173.1172
-0.6478042, 1.414419, 8.241665, 90.20618, 157.541
-0.6478042, 1.204419, 8.241665, 90.20618, 174.1163
-0.6652354, 1.204419, 8.440905, 92.69131, 173.1172
-0.6652354, 1.414419, 8.440905, 92.69131, 156.9652
-0.4485653, 1.414419, 8.259096, 106.2389, 157.4894
-0.4485653, 1.204419, 8.259096, 106.2389, 174.0268
-0.6478042, 1.204419, 8.241665, 90.20618, 174.1163
-0.6478042, 1.414419, 8.241665, 90.20618, 157.541
box_7_litchi(Clone) stack 22 Shelf_1 Rack_0_0_1
-0.4551703, 1.624419, 8.25176, 105.5893, 140.9577
-0.6551399, 1.624419, 8.24827, 89.75773, 140.9604
-0.6586303, 1.624419, 8.44824, 93.33723, 140.8078
-0.4586608, 1.624419, 8.451731, 108.762, 140.8052
-0.6586303, 1.624419, 8.44824, 93.33723, 140.8078
-0.6586303, 1.414419, 8.44824, 93.33723, 156.9446
-0.4586608, 1.414419, 8.451731, 108.762, 156.9348
-0.4586608, 1.624419, 8.451731, 108.762, 140.8052
-0.4586608, 1.624419, 8.451731, 108.762, 140.8052
-0.4586608, 1.414419, 8.451731, 108.762, 156.9348
-0.4551703, 1.414419, 8.25176, 105.5893, 157.511
-0.4551703, 1.624419, 8.25176, 105.5893, 140.9577
-0.6551399, 1.414419, 8.24827, 89.75773, 157.5214
-0.4551703, 1.414419, 8.25176, 105.5893, 157.511
-0.4586608, 1.414419, 8.451731, 108.762, 156.9348
-0.6586303, 1.414419, 8.44824, 93.33723, 156.9446
-0.6551399, 1.624419, 8.24827, 89.75773, 140.9604
-0.6551399, 1.414419, 8.24827, 89.75773, 157.5214
-0.6586303, 1.414419, 8.44824, 93.33723, 156.9446
-0.6586303, 1.624419, 8.44824, 93.33723, 140.8078
-0.4551703, 1.624419, 8.25176, 105.5893, 140.9577
-0.4551703, 1.414419, 8.25176, 105.5893, 157.511
-0.6551399, 1.414419, 8.24827, 89.75773, 157.5214
-0.6551399, 1.624419, 8.24827, 89.75773, 140.9604
box_7_litchi(Clone) stack 22 Shelf_1 Rack_0_0_1
-0.4485653, 1.834419, 8.259096, 106.2389, 124.4146
-0.6478042, 1.834419, 8.241665, 90.20618, 124.3903
-0.6652354, 1.834419, 8.440905, 92.69131, 124.6613
-0.4659964, 1.834419, 8.458336, 108.3099, 124.6843
-0.6652354, 1.834419, 8.440905, 92.69131, 124.6613
-0.6652354, 1.624419, 8.440905, 92.69131, 140.8132
-0.4659964, 1.624419, 8.458336, 108.3099, 140.8003
-0.4659964, 1.834419, 8.458336, 108.3099, 124.6843
-0.4659964, 1.834419, 8.458336, 108.3099, 124.6843
-0.4659964, 1.624419, 8.458336, 108.3099, 140.8003
-0.4485653, 1.624419, 8.259096, 106.2389, 140.952
-0.4485653, 1.834419, 8.259096, 106.2389, 124.4146
-0.6478042, 1.624419, 8.241665, 90.20618, 140.9656
-0.4485653, 1.624419, 8.259096, 106.2389, 140.952
-0.4659964, 1.624419, 8.458336, 108.3099, 140.8003
-0.6652354, 1.624419, 8.440905, 92.69131, 140.8132
-0.6478042, 1.834419, 8.241665, 90.20618, 124.3903
-0.6478042, 1.624419, 8.241665, 90.20618, 140.9656
-0.6652354, 1.624419, 8.440905, 92.69131, 140.8132
-0.6652354, 1.834419, 8.440905, 92.69131, 124.6613
-0.4485653, 1.834419, 8.259096, 106.2389, 124.4146
-0.4485653, 1.624419, 8.259096, 106.2389, 140.952
-0.6478042, 1.624419, 8.241665, 90.20618, 140.9656
-0.6478042, 1.834419, 8.241665, 90.20618, 124.3903
box_7_litchi(Clone) stack 22 Shelf_1 Rack_0_0_1
-0.4569003, 2.044419, 8.25, 105.4218, 107.8448
-0.6569003, 2.044419, 8.25, 89.65308, 107.8448
-0.6569003, 2.044419, 8.450001, 93.5032, 108.5401
-0.4569003, 2.044419, 8.450001, 108.8681, 108.5401
-0.6569003, 2.044419, 8.450001, 93.5032, 108.5401
-0.6569003, 1.834419, 8.450001, 93.5032, 124.6733
-0.4569003, 1.834419, 8.450001, 108.8681, 124.6733
-0.4569003, 2.044419, 8.450001, 108.8681, 108.5401
-0.4569003, 2.044419, 8.450001, 108.8681, 108.5401
-0.4569003, 1.834419, 8.450001, 108.8681, 124.6733
-0.4569003, 1.834419, 8.25, 105.4218, 124.4019
-0.4569003, 2.044419, 8.25, 105.4218, 107.8448
-0.6569003, 1.834419, 8.25, 89.65308, 124.4019
-0.4569003, 1.834419, 8.25, 105.4218, 124.4019
-0.4569003, 1.834419, 8.450001, 108.8681, 124.6733
-0.6569003, 1.834419, 8.450001, 93.5032, 124.6733
-0.6569003, 2.044419, 8.25, 89.65308, 107.8448
-0.6569003, 1.834419, 8.25, 89.65308, 124.4019
-0.6569003, 1.834419, 8.450001, 93.5032, 124.6733
-0.6569003, 2.044419, 8.450001, 93.5032, 108.5401
-0.4569003, 2.044419, 8.25, 105.4218, 107.8448
-0.4569003, 1.834419, 8.25, 105.4218, 124.4019
-0.6569003, 1.834419, 8.25, 89.65308, 124.4019
-0.6569003, 2.044419, 8.25, 89.65308, 107.8448
box_8_lizol(Clone) stack 23 Shelf_2 Rack_0_0_1
0.6987044, 2.565368, 8.226596, 196.3998, 66.56073
0.4987043, 2.565368, 8.226596, 180.5824, 66.56073
0.4987043, 2.565368, 8.473405, 182.4545, 68.71707
0.6987044, 2.565368, 8.473405, 197.7735, 68.71707
0.4987043, 2.565368, 8.473405, 182.4545, 68.71707
0.4987043, 2.389118, 8.473405, 182.4545, 82.21696
0.6987044, 2.389118, 8.473405, 197.7735, 82.21696
0.6987044, 2.565368, 8.473405, 197.7735, 68.71707
0.6987044, 2.565368, 8.473405, 197.7735, 68.71707
0.6987044, 2.389118, 8.473405, 197.7735, 82.21696
0.6987044, 2.389118, 8.226596, 196.3998, 80.4998
0.6987044, 2.565368, 8.226596, 196.3998, 66.56073
0.4987043, 2.389118, 8.226596, 180.5824, 80.4998
0.6987044, 2.389118, 8.226596, 196.3998, 80.4998
0.6987044, 2.389118, 8.473405, 197.7735, 82.21696
0.4987043, 2.389118, 8.473405, 182.4545, 82.21696
0.4987043, 2.565368, 8.226596, 180.5824, 66.56073
0.4987043, 2.389118, 8.226596, 180.5824, 80.4998
0.4987043, 2.389118, 8.473405, 182.4545, 82.21696
0.4987043, 2.565368, 8.473405, 182.4545, 68.71707
0.6987044, 2.565368, 8.226596, 196.3998, 66.56073
0.6987044, 2.389118, 8.226596, 196.3998, 80.4998
0.4987043, 2.389118, 8.226596, 180.5824, 80.4998
0.4987043, 2.565368, 8.226596, 180.5824, 66.56073
box_8_lizol(Clone) stack 23 Shelf_2 Rack_0_0_1
0.7090792, 2.741618, 8.235782, 197.272, 52.72131
0.5098403, 2.741618, 8.21835, 181.3994, 52.53204
0.4883295, 2.741618, 8.464219, 181.5913, 55.12355
0.6875684, 2.741618, 8.48165, 196.9658, 55.30109
0.4883295, 2.741618, 8.464219, 181.5913, 55.12355
0.4883295, 2.565368, 8.464219, 181.5913, 68.63925
0.6875684, 2.565368, 8.48165, 196.9658, 68.78677
0.6875684, 2.741618, 8.48165, 196.9658, 55.30109
0.6875684, 2.741618, 8.48165, 196.9658, 55.30109
0.6875684, 2.565368, 8.48165, 196.9658, 68.78677
0.7090792, 2.565368, 8.235782, 197.272, 66.64352
0.7090792, 2.741618, 8.235782, 197.272, 52.72131
0.5098403, 2.565368, 8.21835, 181.3994, 66.48628
0.7090792, 2.565368, 8.235782, 197.272, 66.64352
0.6875684, 2.565368, 8.48165, 196.9658, 68.78677
0.4883295, 2.565368, 8.464219, 181.5913, 68.63925
0.5098403, 2.741618, 8.21835, 181.3994, 52.53204
0.5098403, 2.565368, 8.21835, 181.3994, 66.48628
0.4883295, 2.565368, 8.464219, 181.5913, 68.63925
0.4883295, 2.741618, 8.464219, 181.5913, 55.12355
0.7090792, 2.741618, 8.235782, 197.272, 52.72131
0.7090792, 2.565368, 8.235782, 197.272, 66.64352
0.5098403, 2.565368, 8.21835, 181.3994, 66.48628
0.5098403, 2.741618, 8.21835, 181.3994, 52.53204
box_5_LMRR(Clone) stack 24 Shelf_2 Rack_0_0_1
0.3172211, 2.531555, 8.204492, 166.0139, 69.04276
0.1173429, 2.531555, 8.211472, 150.2428, 69.10355
0.1272617, 2.531555, 8.495509, 154.2458, 71.48622
0.3271399, 2.531555, 8.488529, 169.4497, 71.42973
0.1272617, 2.531555, 8.495509, 154.2458, 71.48622
0.1272617, 2.389055, 8.495509, 154.2458, 82.37032
0.3271399, 2.389055, 8.488529, 169.4497, 82.32352
0.3271399, 2.531555, 8.488529, 169.4497, 71.42973
0.3271399, 2.531555, 8.488529, 169.4497, 71.42973
0.3271399, 2.389055, 8.488529, 169.4497, 82.32352
0.3172211, 2.389055, 8.204492, 166.0139, 80.34557
0.3172211, 2.531555, 8.204492, 166.0139, 69.04276
0.1173429, 2.389055, 8.211472, 150.2428, 80.39597
0.3172211, 2.389055, 8.204492, 166.0139, 80.34557
0.3271399, 2.389055, 8.488529, 169.4497, 82.32352
0.1272617, 2.389055, 8.495509, 154.2458, 82.37032
0.1173429, 2.531555, 8.211472, 150.2428, 69.10355
0.1173429, 2.389055, 8.211472, 150.2428, 80.39597
0.1272617, 2.389055, 8.495509, 154.2458, 82.37032
0.1272617, 2.531555, 8.495509, 154.2458, 71.48622
0.3172211, 2.531555, 8.204492, 166.0139, 69.04276
0.3172211, 2.389055, 8.204492, 166.0139, 80.34557
0.1173429, 2.389055, 8.211472, 150.2428, 80.39597
0.1173429, 2.531555, 8.211472, 150.2428, 69.10355
box_5_LMRR(Clone) stack 24 Shelf_2 Rack_0_0_1
0.3319106, 2.674055, 8.215217, 167.2822, 57.84932
0.1323978, 2.674055, 8.201265, 151.3163, 57.70697
0.1125723, 2.674055, 8.484784, 153.0051, 60.50043
0.3120851, 2.674055, 8.498735, 168.3919, 60.63269
0.1125723, 2.674055, 8.484784, 153.0051, 60.50043
0.1125723, 2.531555, 8.484784, 153.0051, 71.3994
0.3120851, 2.531555, 8.498735, 168.3919, 71.5123
0.3120851, 2.674055, 8.498735, 168.3919, 60.63269
0.3120851, 2.674055, 8.498735, 168.3919, 60.63269
0.3120851, 2.531555, 8.498735, 168.3919, 71.5123
0.3319106, 2.531555, 8.215217, 167.2822, 69.13615
0.3319106, 2.674055, 8.215217, 167.2822, 57.84932
0.1323978, 2.531555, 8.201265, 151.3163, 69.01462
0.3319106, 2.531555, 8.215217, 167.2822, 69.13615
0.3120851, 2.531555, 8.498735, 168.3919, 71.5123
0.1125723, 2.531555, 8.484784, 153.0051, 71.3994
0.1323978, 2.674055, 8.201265, 151.3163, 57.70697
0.1323978, 2.531555, 8.201265, 151.3163, 69.01462
0.1125723, 2.531555, 8.484784, 153.0051, 71.3994
0.1125723, 2.674055, 8.484784, 153.0051, 60.50043
0.3319106, 2.674055, 8.215217, 167.2822, 57.84932
0.3319106, 2.531555, 8.215217, 167.2822, 69.13615
0.1323978, 2.531555, 8.201265, 151.3163, 69.01462
0.1323978, 2.674055, 8.201265, 151.3163, 57.70697
box_7_litchi(Clone) stack 25 Shelf_2 Rack_0_0_1
-0.05376676, 2.599012, 8.262933, 137.3807, 64.23886
-0.252276, 2.599012, 8.238559, 121.3768, 64.01189
-0.2766499, 2.599012, 8.437068, 122.5212, 65.8192
-0.07814063, 2.599012, 8.461442, 138.1154, 66.03479
-0.2766499, 2.599012, 8.437068, 122.5212, 65.8192
-0.2766499, 2.389012, 8.437068, 122.5212, 81.97913
-0.07814063, 2.389012, 8.461442, 138.1154, 82.14435
-0.07814063, 2.599012, 8.461442, 138.1154, 66.03479
-0.07814063, 2.599012, 8.461442, 138.1154, 66.03479
-0.07814063, 2.389012, 8.461442, 138.1154, 82.14435
-0.05376676, 2.389012, 8.262933, 137.3807, 80.76794
-0.05376676, 2.599012, 8.262933, 137.3807, 64.23886
-0.252276, 2.389012, 8.238559, 121.3768, 80.59399
-0.05376676, 2.389012, 8.262933, 137.3807, 80.76794
-0.07814063, 2.389012, 8.461442, 138.1154, 82.14435
-0.2766499, 2.389012, 8.437068, 122.5212, 81.97913
-0.252276, 2.599012, 8.238559, 121.3768, 64.01189
-0.252276, 2.389012, 8.238559, 121.3768, 80.59399
-0.2766499, 2.389012, 8.437068, 122.5212, 81.97913
-0.2766499, 2.599012, 8.437068, 122.5212, 65.8192
-0.05376676, 2.599012, 8.262933, 137.3807, 64.23886
-0.05376676, 2.389012, 8.262933, 137.3807, 80.76794
-0.252276, 2.389012, 8.238559, 121.3768, 80.59399
-0.252276, 2.599012, 8.238559, 121.3768, 64.01189
box_7_litchi(Clone) stack 25 Shelf_2 Rack_0_0_1
-0.05687325, 2.809012, 8.259096, 137.0844, 47.66583
-0.2561122, 2.809012, 8.241665, 121.1225, 47.46558
-0.2735434, 2.809012, 8.440905, 122.818, 49.70125
-0.07430441, 2.809012, 8.458336, 138.3694, 49.89143
-0.2735434, 2.809012, 8.440905, 122.818, 49.70125
-0.2735434, 2.599012, 8.440905, 122.818, 65.85323
-0.07430441, 2.599012, 8.458336, 138.3694, 66.00739
-0.07430441, 2.809012, 8.458336, 138.3694, 49.89143
-0.07430441, 2.809012, 8.458336, 138.3694, 49.89143
-0.07430441, 2.599012, 8.458336, 138.3694, 66.00739
-0.05687325, 2.599012, 8.259096, 137.0844, 64.20323
-0.05687325, 2.809012, 8.259096, 137.0844, 47.66583
-0.2561122, 2.599012, 8.241665, 121.1225, 64.04088
-0.05687325, 2.599012, 8.259096, 137.0844, 64.20323
-0.07430441, 2.599012, 8.458336, 138.3694, 66.00739
-0.2735434, 2.599012, 8.440905, 122.818, 65.85323
-0.2561122, 2.809012, 8.241665, 121.1225, 47.46558
-0.2561122, 2.599012, 8.241665, 121.1225, 64.04088
-0.2735434, 2.599012, 8.440905, 122.818, 65.85323
-0.2735434, 2.809012, 8.440905, 122.818, 49.70125
-0.05687325, 2.809012, 8.259096, 137.0844, 47.66583
-0.05687325, 2.599012, 8.259096, 137.0844, 64.20323
-0.2561122, 2.599012, 8.241665, 121.1225, 64.04088
-0.2561122, 2.809012, 8.241665, 121.1225, 47.46558
box_7_litchi(Clone) stack 25 Shelf_2 Rack_0_0_1
-0.06011177, 3.019012, 8.255371, 136.7789, 31.07762
-0.2598377, 3.019012, 8.244904, 120.8792, 30.93459
-0.2703049, 3.019012, 8.44463, 123.1229, 33.59769
-0.07057896, 3.019012, 8.455097, 138.6133, 33.73352
-0.2703049, 3.019012, 8.44463, 123.1229, 33.59769
-0.2703049, 2.809012, 8.44463, 123.1229, 49.74196
-0.07057896, 2.809012, 8.455097, 138.6133, 49.85616
-0.07057896, 3.019012, 8.455097, 138.6133, 33.73352
-0.07057896, 3.019012, 8.455097, 138.6133, 33.73352
-0.07057896, 2.809012, 8.455097, 138.6133, 49.85616
-0.06011177, 2.809012, 8.255371, 136.7789, 47.62312
-0.06011177, 3.019012, 8.255371, 136.7789, 31.07762
-0.2598377, 2.809012, 8.244904, 120.8792, 47.50284
-0.06011177, 2.809012, 8.255371, 136.7789, 47.62312
-0.07057896, 2.809012, 8.455097, 138.6133, 49.85616
-0.2703049, 2.809012, 8.44463, 123.1229, 49.74196
-0.2598377, 3.019012, 8.244904, 120.8792, 30.93459
-0.2598377, 2.809012, 8.244904, 120.8792, 47.50284
-0.2703049, 2.809012, 8.44463, 123.1229, 49.74196
-0.2703049, 3.019012, 8.44463, 123.1229, 33.59769
-0.06011177, 3.019012, 8.255371, 136.7789, 31.07762
-0.06011177, 2.809012, 8.255371, 136.7789, 47.62312
-0.2598377, 2.809012, 8.244904, 120.8792, 47.50284
-0.2598377, 3.019012, 8.244904, 120.8792, 30.93459
box_5_LMRR(Clone) stack 26 Shelf_2 Rack_0_0_1
-0.4235744, 2.531555, 8.221142, 107.5471, 69.18761
-0.6220837, 2.531555, 8.196768, 91.35838, 68.97533
-0.6567202, 2.531555, 8.478859, 94.05631, 71.3513
-0.4582109, 2.531555, 8.503233, 109.6558, 71.54861
-0.6567202, 2.531555, 8.478859, 94.05631, 71.3513
-0.6567202, 2.389055, 8.478859, 94.05631, 82.25853
-0.4582109, 2.389055, 8.503233, 109.6558, 82.422
-0.4582109, 2.531555, 8.503233, 109.6558, 71.54861
-0.4582109, 2.531555, 8.503233, 109.6558, 71.54861
-0.4582109, 2.389055, 8.503233, 109.6558, 82.422
-0.4235744, 2.389055, 8.221142, 107.5471, 80.46559
-0.4235744, 2.531555, 8.221142, 107.5471, 69.18761
-0.6220837, 2.389055, 8.196768, 91.35838, 80.28969
-0.4235744, 2.389055, 8.221142, 107.5471, 80.46559
-0.4582109, 2.389055, 8.503233, 109.6558, 82.422
-0.6567202, 2.389055, 8.478859, 94.05631, 82.25853
-0.6220837, 2.531555, 8.196768, 91.35838, 68.97533
-0.6220837, 2.389055, 8.196768, 91.35838, 80.28969
-0.6567202, 2.389055, 8.478859, 94.05631, 82.25853
-0.6567202, 2.531555, 8.478859, 94.05631, 71.3513
-0.4235744, 2.531555, 8.221142, 107.5471, 69.18761
-0.4235744, 2.389055, 8.221142, 107.5471, 80.46559
-0.6220837, 2.389055, 8.196768, 91.35838, 80.28969
-0.6220837, 2.531555, 8.196768, 91.35838, 68.97533
box_5_LMRR(Clone) stack 26 Shelf_2 Rack_0_0_1
-0.4477216, 2.674055, 8.202856, 105.3111, 57.72324
-0.6474475, 2.674055, 8.213324, 89.67389, 57.83005
-0.632573, 2.674055, 8.497145, 96.23992, 60.61763
-0.4328471, 2.674055, 8.486677, 111.3203, 60.51839
-0.632573, 2.674055, 8.497145, 96.23992, 60.61763
-0.632573, 2.531555, 8.497145, 96.23992, 71.49947
-0.4328471, 2.531555, 8.486677, 111.3203, 71.41475
-0.4328471, 2.674055, 8.486677, 111.3203, 60.51839
-0.4328471, 2.674055, 8.486677, 111.3203, 60.51839
-0.4328471, 2.531555, 8.486677, 111.3203, 71.41475
-0.4477216, 2.531555, 8.202856, 105.3111, 69.0285
-0.4477216, 2.674055, 8.202856, 105.3111, 57.72324
-0.6474475, 2.531555, 8.213324, 89.67389, 69.11969
-0.4477216, 2.531555, 8.202856, 105.3111, 69.0285
-0.4328471, 2.531555, 8.486677, 111.3203, 71.41475
-0.632573, 2.531555, 8.497145, 96.23992, 71.49947
-0.6474475, 2.674055, 8.213324, 89.67389, 57.83005
-0.6474475, 2.531555, 8.213324, 89.67389, 69.11969
-0.632573, 2.531555, 8.497145, 96.23992, 71.49947
-0.632573, 2.674055, 8.497145, 96.23992, 60.61763
-0.4477216, 2.674055, 8.202856, 105.3111, 57.72324
-0.4477216, 2.531555, 8.202856, 105.3111, 69.0285
-0.6474475, 2.531555, 8.213324, 89.67389, 69.11969
-0.6474475, 2.674055, 8.213324, 89.67389, 57.83005
box_5_LMRR(Clone) stack 26 Shelf_2 Rack_0_0_1
-0.4304782, 2.816555, 8.215217, 106.8967, 46.56255
-0.6299909, 2.816555, 8.201265, 90.81935, 46.39937
-0.6498165, 2.816555, 8.484784, 94.69456, 49.60147
-0.4503037, 2.816555, 8.498735, 110.185, 49.7531
-0.6498165, 2.816555, 8.484784, 94.69456, 49.60147
-0.6498165, 2.674055, 8.484784, 94.69456, 60.50046
-0.4503037, 2.674055, 8.498735, 110.185, 60.63272
-0.4503037, 2.816555, 8.498735, 110.185, 49.7531
-0.4503037, 2.816555, 8.498735, 110.185, 49.7531
-0.4503037, 2.674055, 8.498735, 110.185, 60.63272
-0.4304782, 2.674055, 8.215217, 106.8967, 57.84937
-0.4304782, 2.816555, 8.215217, 106.8967, 46.56255
-0.6299909, 2.674055, 8.201265, 90.81935, 57.70702
-0.4304782, 2.674055, 8.215217, 106.8967, 57.84937
-0.4503037, 2.674055, 8.498735, 110.185, 60.63272
-0.6498165, 2.674055, 8.484784, 94.69456, 60.50046
-0.6299909, 2.816555, 8.201265, 90.81935, 46.39937
-0.6299909, 2.674055, 8.201265, 90.81935, 57.70702
-0.6498165, 2.674055, 8.484784, 94.69456, 60.50046
-0.6498165, 2.816555, 8.484784, 94.69456, 49.60147
-0.4304782, 2.816555, 8.215217, 106.8967, 46.56255
-0.4304782, 2.674055, 8.215217, 106.8967, 57.84937
-0.6299909, 2.674055, 8.201265, 90.81935, 57.70702
-0.6299909, 2.816555, 8.201265, 90.81935, 46.39937
box_3_Hareli(Clone) stack 30 Shelf_0 Rack_0_0_2
-1.767787, 0.1692639, 8.23015, 1.444488, 256.0044
-1.744791, 0.1692639, 8.448945, 9.895363, 252.6141
-1.744791, 0.01926387, 8.448945, 9.895363, 264.1393
-1.744791, 0.1692639, 8.448945, 9.895363, 252.6141
-1.744791, 0.1692639, 8.448945, 9.895363, 252.6141
-1.744791, 0.01926387, 8.448945, 9.895363, 264.1393
-1.767787, 0.01926387, 8.23015, 1.444488, 267.8619
-1.767787, 0.1692639, 8.23015, 1.444488, 256.0044
-1.767787, 0.01926387, 8.23015, 1.444488, 267.8619
-1.744791, 0.01926387, 8.448945, 9.895363, 264.1393
-1.767787, 0.1692639, 8.23015, 1.444488, 256.0044
-1.767787, 0.01926387, 8.23015, 1.444488, 267.8619
box_3_Hareli(Clone) stack 30 Shelf_0 Rack_0_0_2
-1.750121, 0.3192639, 8.245385, 3.31604, 243.9283
-1.761635, 0.3192638, 8.465083, 9.078369, 240.87
-1.761635, 0.1692639, 8.465083, 9.078369, 252.3715
-1.761635, 0.3192638, 8.465083, 9.078369, 240.87
-1.761635, 0.3192638, 8.465083, 9.078369, 240.87
-1.761635, 0.1692639, 8.465083, 9.078369, 252.3715
-1.750121, 0.1692639, 8.245385, 3.31604, 255.762
-1.750121, 0.3192639, 8.245385, 3.31604, 243.9283
-1.750121, 0.1692639, 8.245385, 3.31604, 255.762
-1.761635, 0.1692639, 8.465083, 9.078369, 252.3715
-1.750121, 0.3192639, 8.245385, 3.31604, 243.9283
-1.750121, 0.1692639, 8.245385, 3.31604, 255.762
box_3_Hareli(Clone) stack 30 Shelf_0 Rack_0_0_2
-1.759641, 0.4692639, 8.236577, 2.289705, 232.2072
-1.751963, 0.4692639, 8.456444, 9.565558, 229.4729
-1.751963, 0.3192639, 8.456444, 9.565558, 240.987
-1.751963, 0.4692639, 8.456444, 9.565558, 229.4729
-1.751963, 0.4692639, 8.456444, 9.565558, 229.4729
-1.751963, 0.3192639, 8.456444, 9.565558, 240.987
-1.759641, 0.3192638, 8.236577, 2.289705, 244.0546
-1.759641, 0.4692639, 8.236577, 2.289705, 232.2072
-1.759641, 0.3192638, 8.236577, 2.289705, 244.0546
-1.751963, 0.3192639, 8.456444, 9.565558, 240.987
-1.759641, 0.4692639, 8.236577, 2.289705, 232.2072
-1.759641, 0.3192638, 8.236577, 2.289705, 244.0546
box_3_Hareli(Clone) stack 30 Shelf_0 Rack_0_0_2
-1.748312, 0.6192639, 8.247244, 3.516598, 220.24
-1.763658, 0.6192639, 8.466708, 8.971224, 217.8499
-1.763658, 0.4692639, 8.466708, 8.971224, 229.349
-1.763658, 0.6192639, 8.466708, 8.971224, 217.8499
-1.763658, 0.6192639, 8.466708, 8.971224, 217.8499
-1.763658, 0.4692639, 8.466708, 8.971224, 229.349
-1.748312, 0.4692638, 8.247244, 3.516598, 232.0709
-1.748312, 0.6192639, 8.247244, 3.516598, 220.24
-1.748312, 0.4692638, 8.247244, 3.516598, 232.0709
-1.763658, 0.4692639, 8.466708, 8.971224, 229.349
-1.748312, 0.6192639, 8.247244, 3.516598, 220.24
-1.748312, 0.4692638, 8.247244, 3.516598, 232.0709
box_6_melody(Clone) stack 34 Shelf_1 Rack_0_0_2
-1.78114, 1.391943, 8.220205, 0.07457256, 159.3838
-1.756054, 1.391943, 8.45889, 9.323788, 158.6395
-1.756054, 1.204443, 8.45889, 9.323788, 173.0277
-1.756054, 1.391943, 8.45889, 9.323788, 158.6395
-1.756054, 1.391943, 8.45889, 9.323788, 158.6395
-1.756054, 1.204443, 8.45889, 9.323788, 173.0277
-1.78114, 1.204443, 8.220205, 0.07457256, 174.2251
-1.78114, 1.391943, 8.220205, 0.07457256, 159.3838
-1.78114, 1.204443, 8.220205, 0.07457256, 174.2251
-1.756054, 1.204443, 8.45889, 9.323788, 173.0277
-1.78114, 1.391943, 8.220205, 0.07457256, 159.3838
-1.78114, 1.204443, 8.220205, 0.07457256, 174.2251
box_6_melody(Clone) stack 34 Shelf_1 Rack_0_0_2
-1.757971, 1.579443, 8.239173, 2.502766, 144.5187
-1.778888, 1.579443, 8.478259, 8.145862, 144.2284
-1.778888, 1.391943, 8.478259, 8.145862, 158.581
-1.778888, 1.579443, 8.478259, 8.145862, 144.2284
-1.778888, 1.579443, 8.478259, 8.145862, 144.2284
-1.778888, 1.391943, 8.478259, 8.145862, 158.581
-1.757971, 1.391943, 8.239173, 2.502766, 159.3229
-1.757971, 1.579443, 8.239173, 2.502766, 144.5187
-1.757971, 1.391943, 8.239173, 2.502766, 159.3229
-1.778888, 1.391943, 8.478259, 8.145862, 158.581
-1.757971, 1.579443, 8.239173, 2.502766, 144.5187
-1.757971, 1.391943, 8.239173, 2.502766, 159.3229
box_6_melody(Clone) stack 34 Shelf_1 Rack_0_0_2
-1.75417, 1.766943, 8.243082, 2.924824, 129.7172
-1.783419, 1.766943, 8.481293, 7.888885, 129.8777
-1.783419, 1.579443, 8.481293, 7.888885, 144.2248
-1.783419, 1.766943, 8.481293, 7.888885, 129.8777
-1.783419, 1.766943, 8.481293, 7.888885, 129.8777
-1.783419, 1.579443, 8.481293, 7.888885, 144.2248
-1.75417, 1.579443, 8.243082, 2.924824, 144.5138
-1.75417, 1.766943, 8.243082, 2.924824, 129.7172
-1.75417, 1.579443, 8.243082, 2.924824, 144.5138
-1.783419, 1.579443, 8.481293, 7.888885, 144.2248
-1.75417, 1.766943, 8.243082, 2.924824, 129.7172
-1.75417, 1.579443, 8.243082, 2.924824, 144.5138
box_6_melody(Clone) stack 34 Shelf_1 Rack_0_0_2
-1.776664, 1.954443, 8.223317, 0.5272293, 114.8682
-1.759922, 1.954443, 8.462732, 9.140382, 115.4843
-1.759922, 1.766943, 8.462732, 9.140382, 129.8655
-1.759922, 1.954443, 8.462732, 9.140382, 115.4843
-1.759922, 1.954443, 8.462732, 9.140382, 115.4843
-1.759922, 1.766943, 8.462732, 9.140382, 129.8655
-1.776664, 1.766943, 8.223317, 0.5272293, 129.7034
-1.776664, 1.954443, 8.223317, 0.5272293, 114.8682
-1.776664, 1.766943, 8.223317, 0.5272293, 129.7034
-1.759922, 1.766943, 8.462732, 9.140382, 129.8655
-1.776664, 1.954443, 8.223317, 0.5272293, 114.8682
-1.776664, 1.766943, 8.223317, 0.5272293, 129.7034
box4_Fairever(Clone) stack 35 Shelf_2 Rack_0_0_2
-1.432216, 2.553905, 8.23538, 28.1173, 67.54544
-1.632095, 2.553905, 8.2284, 12.11843, 67.4834
-1.640344, 2.553905, 8.464621, 18.36549, 69.52168
-1.440465, 2.553905, 8.471601, 33.87623, 69.58003
-1.640344, 2.553905, 8.464621, 18.36549, 69.52168
-1.640344, 2.388905, 8.464621, 18.36549, 82.17406
-1.440465, 2.388905, 8.471601, 33.87623, 82.22115
-1.440465, 2.553905, 8.471601, 33.87623, 69.58003
-1.440465, 2.553905, 8.471601, 33.87623, 69.58003
-1.440465, 2.388905, 8.471601, 33.87623, 82.22115
-1.432216, 2.388905, 8.23538, 28.1173, 80.5797
-1.432216, 2.553905, 8.23538, 28.1173, 67.54544
-1.632095, 2.388905, 8.2284, 12.11843, 80.52963
-1.432216, 2.388905, 8.23538, 28.1173, 80.5797
-1.440465, 2.388905, 8.471601, 33.87623, 82.22115
-1.640344, 2.388905, 8.464621, 18.36549, 82.17406
-1.632095, 2.553905, 8.2284, 12.11843, 67.4834
-1.632095, 2.388905, 8.2284, 12.11843, 80.52963
-1.640344, 2.388905, 8.464621, 18.36549, 82.17406
-1.640344, 2.553905, 8.464621, 18.36549, 69.52168
-1.432216, 2.553905, 8.23538, 28.1173, 67.54544
-1.432216, 2.388905, 8.23538, 28.1173, 80.5797
-1.632095, 2.388905, 8.2284, 12.11843, 80.52963
-1.632095, 2.553905, 8.2284, 12.11843, 67.4834
box_7_litchi(Clone) stack 36 Shelf_2 Rack_0_0_2
-1.816223, 2.599012, 8.453429, 4.542089, 65.96407
-1.816223, 2.389012, 8.453429, 4.542089, 82.09015
-1.816223, 2.599012, 8.453429, 4.542089, 65.96407
-1.816223, 2.599012, 8.453429, 4.542089, 65.96407
-1.816223, 2.389012, 8.453429, 4.542089, 82.09015
-1.816223, 2.389012, 8.453429, 4.542089, 82.09015
box_7_litchi(Clone) stack 36 Shelf_2 Rack_0_0_2
-1.816223, 2.809012, 8.453429, 4.542089, 49.83798
-1.816223, 2.599012, 8.453429, 4.542089, 65.96407
-1.816223, 2.809012, 8.453429, 4.542089, 49.83798
-1.816223, 2.809012, 8.453429, 4.542089, 49.83798
-1.816223, 2.599012, 8.453429, 4.542089, 65.96407
-1.816223, 2.599012, 8.453429, 4.542089, 65.96407
box_7_litchi(Clone) stack 36 Shelf_2 Rack_0_0_2
-1.825605, 3.019012, 8.461442, 4.063625, 33.81566
-1.825605, 2.809012, 8.461442, 4.063625, 49.92523
-1.825605, 3.019012, 8.461442, 4.063625, 33.81566
-1.825605, 3.019012, 8.461442, 4.063625, 33.81566
-1.825605, 2.809012, 8.461442, 4.063625, 49.92523
-1.825605, 2.809012, 8.461442, 4.063625, 49.92523
box_7_litchi(Clone) stack 36 Shelf_2 Rack_0_0_2
-1.821768, 3.229012, 8.458336, 4.264283, 17.65948
-1.821768, 3.019012, 8.458336, 4.264283, 33.77547
-1.821768, 3.229012, 8.458336, 4.264283, 17.65948
-1.821768, 3.229012, 8.458336, 4.264283, 17.65948
-1.821768, 3.019012, 8.458336, 4.264283, 33.77547
-1.821768, 3.019012, 8.458336, 4.264283, 33.77547
