box_8_lizol(Clone) stack 0 Shelf_0 Rack_0_0_0
2.884809, 0.1961813, 8.231998, 373.1514, 253.8477
2.685083, 0.1961813, 8.221532, 357.529, 254.0117
2.672166, 0.1961813, 8.468002, 352.8385, 250.2646
2.871892, 0.1961813, 8.478469, 367.9759, 250.1107
2.672166, 0.1961813, 8.468002, 352.8385, 250.2646
2.672166, 0.0199313, 8.468002, 352.8385, 263.7738
2.871892, 0.0199313, 8.478469, 367.9759, 263.6018
2.871892, 0.1961813, 8.478469, 367.9759, 250.1107
2.871892, 0.1961813, 8.478469, 367.9759, 250.1107
2.871892, 0.0199313, 8.478469, 367.9759, 263.6018
2.884809, 0.0199313, 8.231998, 373.1514, 267.7768
2.884809, 0.1961813, 8.231998, 373.1514, 253.8477
2.685083, 0.0199313, 8.221532, 357.529, 267.9601
2.884809, 0.0199313, 8.231998, 373.1514, 267.7768
2.871892, 0.0199313, 8.478469, 367.9759, 263.6018
2.672166, 0.0199313, 8.468002, 352.8385, 263.7738
2.685083, 0.1961813, 8.221532, 357.529, 254.0117
2.685083, 0.0199313, 8.221532, 357.529, 267.9601
2.672166, 0.0199313, 8.468002, 352.8385, 263.7738
2.672166, 0.1961813, 8.468002, 352.8385, 250.2646
2.884809, 0.1961813, 8.231998, 373.1514, 253.8477
2.884809, 0.0199313, 8.231998, 373.1514, 267.7768
2.685083, 0.0199313, 8.221532, 357.529, 267.9601
2.685083, 0.1961813, 8.221532, 357.529, 254.0117
box_5_LMRR(Clone) stack 1 Shelf_0 Rack_0_0_0
2.491613, 0.162368, 8.202856, 342.4703, 256.9882
2.291887, 0.162368, 8.213324, 326.5053, 256.8196
2.306762, 0.162368, 8.497145, 324.5163, 252.4191
2.506487, 0.162368, 8.486677, 339.9012, 252.5758
2.306762, 0.162368, 8.497145, 324.5163, 252.4191
2.306762, 0.019868, 8.497145, 324.5163, 263.301
2.506487, 0.019868, 8.486677, 339.9012, 263.4721
2.506487, 0.162368, 8.486677, 339.9012, 252.5758
2.506487, 0.162368, 8.486677, 339.9012, 252.5758
2.506487, 0.019868, 8.486677, 339.9012, 263.4721
2.491613, 0.019868, 8.202856, 342.4703, 268.2935
2.491613, 0.162368, 8.202856, 342.4703, 256.9882
2.291887, 0.019868, 8.213324, 326.5053, 268.1092
2.491613, 0.019868, 8.202856, 342.4703, 268.2935
2.506487, 0.019868, 8.486677, 339.9012, 263.4721
2.306762, 0.019868, 8.497145, 324.5163, 263.301
2.291887, 0.162368, 8.213324, 326.5053, 256.8196
2.291887, 0.019868, 8.213324, 326.5053, 268.1092
2.306762, 0.019868, 8.497145, 324.5163, 263.301
2.306762, 0.162368, 8.497145, 324.5163, 252.4191
2.491613, 0.162368, 8.202856, 342.4703, 256.9882
2.491613, 0.019868, 8.202856, 342.4703, 268.2935
2.291887, 0.019868, 8.213324, 326.5053, 268.1092
2.291887, 0.162368, 8.213324, 326.5053, 256.8196
box_5_LMRR(Clone) stack 1 Shelf_0 Rack_0_0_0
2.506487, 0.304868, 8.213324, 343.507, 245.53
2.306762, 0.304868, 8.202856, 327.8051, 245.683
2.291887, 0.304868, 8.486677, 323.4917, 241.6795
2.491613, 0.304868, 8.497145, 338.6323, 241.5373
2.291887, 0.304868, 8.486677, 323.4917, 241.6795
2.291887, 0.162368, 8.486677, 323.4917, 252.5758
2.491613, 0.162368, 8.497145, 338.6323, 252.4192
2.491613, 0.304868, 8.497145, 338.6323, 241.5373
2.491613, 0.304868, 8.497145, 338.6323, 241.5373
2.491613, 0.162368, 8.497145, 338.6323, 252.4192
2.506487, 0.162368, 8.213324, 343.507, 256.8196
2.506487, 0.304868, 8.213324, 343.507, 245.53
2.306762, 0.162368, 8.202856, 327.8051, 256.9882
2.506487, 0.162368, 8.213324, 343.507, 256.8196
2.491613, 0.162368, 8.497145, 338.6323, 252.4192
2.291887, 0.162368, 8.486677, 323.4917, 252.5758
2.306762, 0.304868, 8.202856, 327.8051, 245.683
2.306762, 0.162368, 8.202856, 327.8051, 256.9882
2.291887, 0.162368, 8.486677, 323.4917, 252.5758
2.291887, 0.304868, 8.486677, 323.4917, 241.6795
2.506487, 0.304868, 8.213324, 343.507, 245.53
2.506487, 0.162368, 8.213324, 343.507, 256.8196
2.306762, 0.162368, 8.202856, 327.8051, 256.9882
2.306762, 0.304868, 8.202856, 327.8051, 245.683
box_5_LMRR(Clone) stack 1 Shelf_0 Rack_0_0_0
2.501652, 0.447368, 8.209662, 343.1739, 234.2884
2.301683, 0.447368, 8.206172, 327.3638, 234.3342
2.296722, 0.447368, 8.490338, 323.8223, 230.7384
2.496692, 0.447368, 8.493829, 339.0619, 230.6959
2.296722, 0.447368, 8.490338, 323.8223, 230.7384
2.296722, 0.304868, 8.490338, 323.8223, 241.6297
2.496692, 0.304868, 8.493829, 339.0619, 241.5823
2.496692, 0.447368, 8.493829, 339.0619, 230.6959
2.496692, 0.447368, 8.493829, 339.0619, 230.6959
2.496692, 0.304868, 8.493829, 339.0619, 241.5823
2.501652, 0.3048679, 8.209662, 343.1739, 245.5834
2.501652, 0.447368, 8.209662, 343.1739, 234.2884
2.301683, 0.3048679, 8.206172, 327.3638, 245.6345
2.501652, 0.3048679, 8.209662, 343.1739, 245.5834
2.496692, 0.304868, 8.493829, 339.0619, 241.5823
2.296722, 0.304868, 8.490338, 323.8223, 241.6297
2.301683, 0.447368, 8.206172, 327.3638, 234.3342
2.301683, 0.3048679, 8.206172, 327.3638, 245.6345
2.296722, 0.304868, 8.490338, 323.8223, 241.6297
2.296722, 0.447368, 8.490338, 323.8223, 230.7384
2.501652, 0.447368, 8.209662, 343.1739, 234.2884
2.501652, 0.3048679, 8.209662, 343.1739, 245.5834
2.301683, 0.3048679, 8.206172, 327.3638, 245.6345
2.301683, 0.447368, 8.206172, 327.3638, 234.3342
box_5_LMRR(Clone) stack 1 Shelf_0 Rack_0_0_0
2.494167, 0.5898679, 8.204492, 342.6507, 223.0534
2.294289, 0.5898679, 8.211472, 326.7167, 222.9722
2.304208, 0.589868, 8.495509, 324.3389, 219.7914
2.504086, 0.589868, 8.488529, 339.694, 219.8668
2.304208, 0.589868, 8.495509, 324.3389, 219.7914
2.304208, 0.447368, 8.495509, 324.3389, 230.6754
2.504086, 0.447368, 8.488529, 339.694, 230.7605
2.504086, 0.589868, 8.488529, 339.694, 219.8668
2.504086, 0.589868, 8.488529, 339.694, 219.8668
2.504086, 0.447368, 8.488529, 339.694, 230.7605
2.494167, 0.4473679, 8.204492, 342.6507, 234.3562
2.494167, 0.5898679, 8.204492, 342.6507, 223.0534
2.294289, 0.4473679, 8.211472, 326.7167, 234.2646
2.494167, 0.4473679, 8.204492, 342.6507, 234.3562
2.504086, 0.447368, 8.488529, 339.694, 230.7605
2.304208, 0.447368, 8.495509, 324.3389, 230.6754
2.294289, 0.5898679, 8.211472, 326.7167, 222.9722
2.294289, 0.4473679, 8.211472, 326.7167, 234.2646
2.304208, 0.447368, 8.495509, 324.3389, 230.6754
2.304208, 0.589868, 8.495509, 324.3389, 219.7914
2.494167, 0.5898679, 8.204492, 342.6507, 223.0534
2.494167, 0.4473679, 8.204492, 342.6507, 234.3562
2.294289, 0.4473679, 8.211472, 326.7167, 234.2646
2.294289, 0.5898679, 8.211472, 326.7167, 222.9722
box_5_LMRR(Clone) stack 1 Shelf_0 Rack_0_0_0
2.483785, 0.7323679, 8.198221, 341.9117, 211.8143
2.284881, 0.7323679, 8.219127, 325.8844, 211.6024
2.314589, 0.7323679, 8.50178, 325.0639, 208.8483
2.513494, 0.7323679, 8.480874, 340.5113, 209.0452
2.314589, 0.7323679, 8.50178, 325.0639, 208.8483
2.314589, 0.5898679, 8.50178, 325.0639, 219.7237
2.513494, 0.5898679, 8.480874, 340.5113, 219.9496
2.513494, 0.7323679, 8.480874, 340.5113, 209.0452
2.513494, 0.7323679, 8.480874, 340.5113, 209.0452
2.513494, 0.5898679, 8.480874, 340.5113, 219.9496
2.483785, 0.5898679, 8.198221, 341.9117, 223.1265
2.483785, 0.7323679, 8.198221, 341.9117, 211.8143
2.284881, 0.5898679, 8.219127, 325.8844, 222.8834
2.483785, 0.5898679, 8.198221, 341.9117, 223.1265
2.513494, 0.5898679, 8.480874, 340.5113, 219.9496
2.314589, 0.5898679, 8.50178, 325.0639, 219.7237
2.284881, 0.7323679, 8.219127, 325.8844, 211.6024
2.284881, 0.5898679, 8.219127, 325.8844, 222.8834
2.314589, 0.5898679, 8.50178, 325.0639, 219.7237
2.314589, 0.7323679, 8.50178, 325.0639, 208.8483
2.483785, 0.7323679, 8.198221, 341.9117, 211.8143
2.483785, 0.5898679, 8.198221, 341.9117, 223.1265
2.284881, 0.5898679, 8.219127, 325.8844, 222.8834
2.284881, 0.7323679, 8.219127, 325.8844, 211.6024
box_1_Parle-G-GOLD(Clone) stack 3 Shelf_0 Rack_0_0_0
1.7328, 0.1916559, 8.240561, 282.0601, 254.071
1.533074, 0.1916559, 8.251029, 266.2572, 253.9073
1.543996, 0.1916559, 8.459439, 266.3955, 250.738
1.743722, 0.1916559, 8.448972, 281.7767, 250.8932
1.543996, 0.1916559, 8.459439, 266.3955, 250.738
1.543996, 0.0191559, 8.459439, 266.3955, 263.9743
1.743722, 0.0191559, 8.448972, 281.7767, 264.1472
1.743722, 0.1916559, 8.448972, 281.7767, 250.8932
1.743722, 0.1916559, 8.448972, 281.7767, 250.8932
1.743722, 0.0191559, 8.448972, 281.7767, 264.1472
1.7328, 0.0191559, 8.240561, 282.0601, 267.6884
1.7328, 0.1916559, 8.240561, 282.0601, 254.071
1.533074, 0.0191559, 8.251029, 266.2572, 267.506
1.7328, 0.0191559, 8.240561, 282.0601, 267.6884
1.743722, 0.0191559, 8.448972, 281.7767, 264.1472
1.543996, 0.0191559, 8.459439, 266.3955, 263.9743
1.533074, 0.1916559, 8.251029, 266.2572, 253.9073
1.533074, 0.0191559, 8.251029, 266.2572, 267.506
1.543996, 0.0191559, 8.459439, 266.3955, 263.9743
1.543996, 0.1916559, 8.459439, 266.3955, 250.738
1.7328, 0.1916559, 8.240561, 282.0601, 254.071
1.7328, 0.0191559, 8.240561, 282.0601, 267.6884
1.533074, 0.0191559, 8.251029, 266.2572, 267.506
1.533074, 0.1916559, 8.251029, 266.2572, 253.9073
box_1_Parle-G-GOLD(Clone) stack 3 Shelf_0 Rack_0_0_0
1.743722, 0.3641558, 8.251029, 282.8633, 240.3086
1.543996, 0.3641558, 8.240561, 267.1556, 240.4536
1.533074, 0.3641559, 8.448972, 265.5916, 237.6392
1.7328, 0.3641559, 8.459439, 280.8827, 237.5018
1.533074, 0.3641559, 8.448972, 265.5916, 237.6392
1.533074, 0.1916559, 8.448972, 265.5916, 250.8932
1.7328, 0.1916559, 8.459439, 280.8827, 250.738
1.7328, 0.3641559, 8.459439, 280.8827, 237.5018
1.7328, 0.3641559, 8.459439, 280.8827, 237.5018
1.7328, 0.1916559, 8.459439, 280.8827, 250.738
1.743722, 0.1916559, 8.251029, 282.8633, 253.9073
1.743722, 0.3641558, 8.251029, 282.8633, 240.3086
1.543996, 0.1916559, 8.240561, 267.1556, 254.071
1.743722, 0.1916559, 8.251029, 282.8633, 253.9073
1.7328, 0.1916559, 8.459439, 280.8827, 250.738
1.533074, 0.1916559, 8.448972, 265.5916, 250.8932
1.543996, 0.3641558, 8.240561, 267.1556, 240.4536
1.543996, 0.1916559, 8.240561, 267.1556, 254.071
1.533074, 0.1916559, 8.448972, 265.5916, 250.8932
1.533074, 0.3641559, 8.448972, 265.5916, 237.6392
1.743722, 0.3641558, 8.251029, 282.8633, 240.3086
1.743722, 0.1916559, 8.251029, 282.8633, 253.9073
1.543996, 0.1916559, 8.240561, 267.1556, 254.071
1.543996, 0.3641558, 8.240561, 267.1556, 240.4536
box_1_Parle-G-GOLD(Clone) stack 3 Shelf_0 Rack_0_0_0
1.726943, 0.5366558, 8.235771, 281.6239, 226.8941
1.528039, 0.5366558, 8.256677, 265.8411, 226.6419
1.549853, 0.5366558, 8.46423, 266.8285, 224.2109
1.748758, 0.5366558, 8.443324, 282.1942, 224.4499
1.549853, 0.5366558, 8.46423, 266.8285, 224.2109
1.549853, 0.3641559, 8.46423, 266.8285, 237.439
1.748758, 0.3641559, 8.443324, 282.1942, 237.7135
1.748758, 0.5366558, 8.443324, 282.1942, 224.4499
1.748758, 0.5366558, 8.443324, 282.1942, 224.4499
1.748758, 0.3641559, 8.443324, 282.1942, 237.7135
1.726943, 0.3641559, 8.235771, 281.6239, 240.5201
1.726943, 0.5366558, 8.235771, 281.6239, 226.8941
1.528039, 0.3641559, 8.256677, 265.8411, 240.2305
1.726943, 0.3641559, 8.235771, 281.6239, 240.5201
1.748758, 0.3641559, 8.443324, 282.1942, 237.7135
1.549853, 0.3641559, 8.46423, 266.8285, 237.439
1.528039, 0.5366558, 8.256677, 265.8411, 226.6419
1.528039, 0.3641559, 8.256677, 265.8411, 240.2305
1.549853, 0.3641559, 8.46423, 266.8285, 237.439
1.549853, 0.5366558, 8.46423, 266.8285, 224.2109
1.726943, 0.5366558, 8.235771, 281.6239, 226.8941
1.726943, 0.3641559, 8.235771, 281.6239, 240.5201
1.528039, 0.3641559, 8.256677, 265.8411, 240.2305
1.528039, 0.5366558, 8.256677, 265.8411, 226.6419
box_1_Parle-G-GOLD(Clone) stack 3 Shelf_0 Rack_0_0_0
1.747112, 0.7091558, 8.254766, 283.1093, 213.0729
1.547873, 0.7091558, 8.237334, 267.4733, 213.252
1.529684, 0.7091558, 8.445235, 265.3433, 211.1677
1.728923, 0.7091558, 8.462667, 280.5685, 210.998
1.529684, 0.7091558, 8.445235, 265.3433, 211.1677
1.529684, 0.5366558, 8.445235, 265.3433, 224.428
1.728923, 0.5366558, 8.462667, 280.5685, 224.2287
1.728923, 0.7091558, 8.462667, 280.5685, 210.998
1.728923, 0.7091558, 8.462667, 280.5685, 210.998
1.728923, 0.5366558, 8.462667, 280.5685, 224.2287
1.747112, 0.5366558, 8.254766, 283.1093, 226.6649
1.747112, 0.7091558, 8.254766, 283.1093, 213.0729
1.547873, 0.5366558, 8.237334, 267.4733, 226.8752
1.747112, 0.5366558, 8.254766, 283.1093, 226.6649
1.728923, 0.5366558, 8.462667, 280.5685, 224.2287
1.529684, 0.5366558, 8.445235, 265.3433, 224.428
1.547873, 0.7091558, 8.237334, 267.4733, 213.252
1.547873, 0.5366558, 8.237334, 267.4733, 226.8752
1.529684, 0.5366558, 8.445235, 265.3433, 224.428
1.529684, 0.7091558, 8.445235, 265.3433, 211.1677
1.747112, 0.7091558, 8.254766, 283.1093, 213.0729
1.747112, 0.5366558, 8.254766, 283.1093, 226.6649
1.547873, 0.5366558, 8.237334, 267.4733, 226.8752
1.547873, 0.7091558, 8.237334, 267.4733, 213.252
box_1_Parle-G-GOLD(Clone) stack 3 Shelf_0 Rack_0_0_0
1.734695, 0.8816558, 8.242226, 282.2005, 199.5872
1.534817, 0.8816558, 8.249206, 266.401, 199.528
1.542101, 0.8816558, 8.457774, 266.2556, 197.8064
1.741979, 0.8816558, 8.450795, 281.6331, 197.8625
1.542101, 0.8816558, 8.457774, 266.2556, 197.8064
1.542101, 0.7091558, 8.457774, 266.2556, 211.0455
1.741979, 0.7091558, 8.450795, 281.6331, 211.1134
1.741979, 0.8816558, 8.450795, 281.6331, 197.8625
1.741979, 0.8816558, 8.450795, 281.6331, 197.8625
1.741979, 0.7091558, 8.450795, 281.6331, 211.1134
1.734695, 0.7091557, 8.242227, 282.2004, 213.2016
1.734695, 0.8816558, 8.242226, 282.2005, 199.5872
1.534817, 0.7091557, 8.249206, 266.401, 213.1299
1.734695, 0.7091557, 8.242227, 282.2004, 213.2016
1.741979, 0.7091558, 8.450795, 281.6331, 211.1134
1.542101, 0.7091558, 8.457774, 266.2556, 211.0455
1.534817, 0.8816558, 8.249206, 266.401, 199.528
1.534817, 0.7091557, 8.249206, 266.401, 213.1299
1.542101, 0.7091558, 8.457774, 266.2556, 211.0455
1.542101, 0.8816558, 8.457774, 266.2556, 197.8064
1.734695, 0.8816558, 8.242226, 282.2005, 199.5872
1.734695, 0.7091557, 8.242227, 282.2004, 213.2016
1.534817, 0.7091557, 8.249206, 266.401, 213.1299
1.534817, 0.8816558, 8.249206, 266.401, 199.528
box_6_melody(Clone) stack 4 Shelf_0 Rack_0_0_0
1.361732, 0.2073493, 8.228273, 252.7881, 253.023
1.161762, 0.2073493, 8.231764, 236.978, 252.9687
1.165951, 0.2073493, 8.471727, 237.3915, 249.3542
1.365921, 0.2073493, 8.468237, 252.7171, 249.4051
1.165951, 0.2073493, 8.471727, 237.3915, 249.3542
1.165951, 0.01984932, 8.471727, 237.3915, 263.7188
1.365921, 0.01984932, 8.468237, 252.7171, 263.7762
1.365921, 0.2073493, 8.468237, 252.7171, 249.4051
1.365921, 0.2073493, 8.468237, 252.7171, 249.4051
1.365921, 0.01984932, 8.468237, 252.7171, 263.7762
1.361732, 0.01984929, 8.228273, 252.7881, 267.8484
1.361732, 0.2073493, 8.228273, 252.7881, 253.023
1.161762, 0.01984929, 8.231764, 236.978, 267.7874
1.361732, 0.01984929, 8.228273, 252.7881, 267.8484
1.365921, 0.01984932, 8.468237, 252.7171, 263.7762
1.165951, 0.01984932, 8.471727, 237.3915, 263.7188
1.161762, 0.2073493, 8.231764, 236.978, 252.9687
1.161762, 0.01984929, 8.231764, 236.978, 267.7874
1.165951, 0.01984932, 8.471727, 237.3915, 263.7188
1.165951, 0.2073493, 8.471727, 237.3915, 249.3542
1.361732, 0.2073493, 8.228273, 252.7881, 253.023
1.361732, 0.01984929, 8.228273, 252.7881, 267.8484
1.161762, 0.01984929, 8.231764, 236.978, 267.7874
1.161762, 0.2073493, 8.231764, 236.978, 252.9687
box_6_melody(Clone) stack 4 Shelf_0 Rack_0_0_0
1.35075, 0.3948492, 8.220205, 251.9324, 238.3073
1.151846, 0.3948492, 8.241111, 236.1989, 238.0232
1.176933, 0.3948492, 8.479795, 238.2346, 234.8866
1.375837, 0.3948492, 8.45889, 253.4933, 235.1537
1.176933, 0.3948492, 8.479795, 238.2346, 234.8866
1.176933, 0.2073492, 8.479795, 238.2346, 249.2365
1.375837, 0.2073492, 8.45889, 253.4933, 249.5419
1.375837, 0.3948492, 8.45889, 253.4933, 235.1537
1.375837, 0.3948492, 8.45889, 253.4933, 235.1537
1.375837, 0.2073492, 8.45889, 253.4933, 249.5419
1.35075, 0.2073492, 8.220205, 251.9324, 253.1486
1.35075, 0.3948492, 8.220205, 251.9324, 238.3073
1.151846, 0.2073492, 8.241111, 236.1989, 252.8236
1.35075, 0.2073492, 8.220205, 251.9324, 253.1486
1.375837, 0.2073492, 8.45889, 253.4933, 249.5419
1.176933, 0.2073492, 8.479795, 238.2346, 249.2365
1.151846, 0.3948492, 8.241111, 236.1989, 238.0232
1.151846, 0.2073492, 8.241111, 236.1989, 252.8236
1.176933, 0.2073492, 8.479795, 238.2346, 249.2365
1.176933, 0.3948492, 8.479795, 238.2346, 234.8866
1.35075, 0.3948492, 8.220205, 251.9324, 238.3073
1.35075, 0.2073492, 8.220205, 251.9324, 253.1486
1.151846, 0.2073492, 8.241111, 236.1989, 252.8236
1.151846, 0.3948492, 8.241111, 236.1989, 238.0232
box4_Fairever(Clone) stack 5 Shelf_1 Rack_0_0_0
1.331499, 1.369311, 8.2284, 250.3974, 161.1469
1.13162, 1.369311, 8.23538, 234.5983, 161.1229
1.139869, 1.369311, 8.471601, 235.3932, 160.335
1.339748, 1.369311, 8.464621, 250.716, 160.3575
1.139869, 1.369311, 8.471601, 235.3932, 160.335
1.139869, 1.204311, 8.471601, 235.3932, 172.976
1.339748, 1.204311, 8.464621, 250.716, 173.0099
1.339748, 1.369311, 8.464621, 250.716, 160.3575
1.339748, 1.369311, 8.464621, 250.716, 160.3575
1.339748, 1.204311, 8.464621, 250.716, 173.0099
1.331499, 1.204311, 8.2284, 250.3974, 174.1931
1.331499, 1.369311, 8.2284, 250.3974, 161.1469
1.13162, 1.204311, 8.23538, 234.5983, 174.1571
1.331499, 1.204311, 8.2284, 250.3974, 174.1931
1.339748, 1.204311, 8.464621, 250.716, 173.0099
1.139869, 1.204311, 8.471601, 235.3932, 172.976
1.13162, 1.369311, 8.23538, 234.5983, 161.1229
1.13162, 1.204311, 8.23538, 234.5983, 174.1571
1.139869, 1.204311, 8.471601, 235.3932, 172.976
1.139869, 1.369311, 8.471601, 235.3932, 160.335
1.331499, 1.369311, 8.2284, 250.3974, 161.1469
1.331499, 1.204311, 8.2284, 250.3974, 174.1931
1.13162, 1.204311, 8.23538, 234.5983, 174.1571
1.13162, 1.369311, 8.23538, 234.5983, 161.1229
box4_Fairever(Clone) stack 5 Shelf_1 Rack_0_0_0
1.349341, 1.534311, 8.244886, 251.7825, 148.0723
1.150832, 1.534311, 8.220512, 236.1084, 148.1143
1.122027, 1.534311, 8.455114, 234.0137, 147.7206
1.320536, 1.534311, 8.479488, 249.2253, 147.6811
1.122027, 1.534311, 8.455114, 234.0137, 147.7206
1.122027, 1.369311, 8.455114, 234.0137, 160.3884
1.320536, 1.369311, 8.479488, 249.2253, 160.3094
1.320536, 1.534311, 8.479488, 249.2253, 147.6811
1.320536, 1.534311, 8.479488, 249.2253, 147.6811
1.320536, 1.369311, 8.479488, 249.2253, 160.3094
1.349341, 1.369311, 8.244886, 251.7825, 161.0902
1.349341, 1.534311, 8.244886, 251.7825, 148.0723
1.150832, 1.369311, 8.220512, 236.1084, 161.1741
1.349341, 1.369311, 8.244886, 251.7825, 161.0902
1.320536, 1.369311, 8.479488, 249.2253, 160.3094
1.122027, 1.369311, 8.455114, 234.0137, 160.3884
1.150832, 1.534311, 8.220512, 236.1084, 148.1143
1.150832, 1.369311, 8.220512, 236.1084, 161.1741
1.122027, 1.369311, 8.455114, 234.0137, 160.3884
1.122027, 1.534311, 8.455114, 234.0137, 147.7206
1.349341, 1.534311, 8.244886, 251.7825, 148.0723
1.349341, 1.369311, 8.244886, 251.7825, 161.0902
1.150832, 1.369311, 8.220512, 236.1084, 161.1741
1.150832, 1.534311, 8.220512, 236.1084, 148.1143
box4_Fairever(Clone) stack 5 Shelf_1 Rack_0_0_0
1.337731, 1.699311, 8.233582, 250.8827, 135.0544
1.137762, 1.699311, 8.230091, 235.0801, 135.0544
1.133637, 1.699311, 8.466419, 234.9124, 135.0528
1.333606, 1.699311, 8.46991, 250.2382, 135.0528
1.133637, 1.699311, 8.466419, 234.9124, 135.0528
1.133637, 1.534311, 8.466419, 234.9124, 147.7023
1.333606, 1.534311, 8.46991, 250.2382, 147.6966
1.333606, 1.699311, 8.46991, 250.2382, 135.0528
1.333606, 1.699311, 8.46991, 250.2382, 135.0528
1.333606, 1.534311, 8.46991, 250.2382, 147.6966
1.337731, 1.534311, 8.233582, 250.8827, 148.0918
1.337731, 1.699311, 8.233582, 250.8827, 135.0544
1.137762, 1.534311, 8.230091, 235.0801, 148.0978
1.337731, 1.534311, 8.233582, 250.8827, 148.0918
1.333606, 1.534311, 8.46991, 250.2382, 147.6966
1.133637, 1.534311, 8.466419, 234.9124, 147.7023
1.137762, 1.699311, 8.230091, 235.0801, 135.0544
1.137762, 1.534311, 8.230091, 235.0801, 148.0978
1.133637, 1.534311, 8.466419, 234.9124, 147.7023
1.133637, 1.699311, 8.466419, 234.9124, 135.0528
1.337731, 1.699311, 8.233582, 250.8827, 135.0544
1.337731, 1.534311, 8.233582, 250.8827, 148.0918
1.137762, 1.534311, 8.230091, 235.0801, 148.0978
1.137762, 1.699311, 8.230091, 235.0801, 135.0544
box4_Fairever(Clone) stack 5 Shelf_1 Rack_0_0_0
1.34749, 1.864311, 8.242919, 251.6394, 122.0331
1.148585, 1.864311, 8.222013, 235.9313, 121.9973
1.123878, 1.864311, 8.457082, 234.1573, 122.3883
1.322783, 1.864311, 8.477987, 249.3991, 122.422
1.123878, 1.864311, 8.457082, 234.1573, 122.3883
1.123878, 1.699311, 8.457082, 234.1573, 135.0529
1.322783, 1.699311, 8.477987, 249.3991, 135.0527
1.322783, 1.864311, 8.477987, 249.3991, 122.422
1.322783, 1.864311, 8.477987, 249.3991, 122.422
1.322783, 1.699311, 8.477987, 249.3991, 135.0527
1.34749, 1.699311, 8.242919, 251.6394, 135.0544
1.34749, 1.864311, 8.242919, 251.6394, 122.0331
1.148585, 1.699311, 8.222013, 235.9313, 135.0545
1.34749, 1.699311, 8.242919, 251.6394, 135.0544
1.322783, 1.699311, 8.477987, 249.3991, 135.0527
1.123878, 1.699311, 8.457082, 234.1573, 135.0529
1.148585, 1.864311, 8.222013, 235.9313, 121.9973
1.148585, 1.699311, 8.222013, 235.9313, 135.0545
1.123878, 1.699311, 8.457082, 234.1573, 135.0529
1.123878, 1.864311, 8.457082, 234.1573, 122.3883
1.34749, 1.864311, 8.242919, 251.6394, 122.0331
1.34749, 1.699311, 8.242919, 251.6394, 135.0544
1.148585, 1.699311, 8.222013, 235.9313, 135.0545
1.148585, 1.864311, 8.222013, 235.9313, 121.9973
box4_Fairever(Clone) stack 5 Shelf_1 Rack_0_0_0
1.34749, 2.029311, 8.242919, 251.6394, 109.0117
1.148585, 2.029311, 8.222013, 235.9313, 108.9401
1.123878, 2.029311, 8.457082, 234.1573, 109.7237
1.322783, 2.029311, 8.477987, 249.3991, 109.7911
1.123878, 2.029311, 8.457082, 234.1573, 109.7237
1.123878, 1.864311, 8.457082, 234.1573, 122.3883
1.322783, 1.864311, 8.477987, 249.3991, 122.4219
1.322783, 2.029311, 8.477987, 249.3991, 109.7911
1.322783, 2.029311, 8.477987, 249.3991, 109.7911
1.322783, 1.864311, 8.477987, 249.3991, 122.4219
1.34749, 1.864311, 8.242919, 251.6394, 122.033
1.34749, 2.029311, 8.242919, 251.6394, 109.0117
1.148585, 1.864311, 8.222013, 235.9313, 121.9973
1.34749, 1.864311, 8.242919, 251.6394, 122.033
1.322783, 1.864311, 8.477987, 249.3991, 122.4219
1.123878, 1.864311, 8.457082, 234.1573, 122.3883
1.148585, 2.029311, 8.222013, 235.9313, 108.9401
1.148585, 1.864311, 8.222013, 235.9313, 121.9973
1.123878, 1.864311, 8.457082, 234.1573, 122.3883
1.123878, 2.029311, 8.457082, 234.1573, 109.7237
1.34749, 2.029311, 8.242919, 251.6394, 109.0117
1.34749, 1.864311, 8.242919, 251.6394, 122.033
1.148585, 1.864311, 8.222013, 235.9313, 121.9973
1.148585, 2.029311, 8.222013, 235.9313, 108.9401
box_2_Parle-G(Clone) stack 7 Shelf_1 Rack_0_0_0
2.106623, 1.459015, 8.291327, 311.0954, 153.8975
1.907385, 1.459015, 8.273895, 295.5982, 153.9406
1.895593, 1.459015, 8.408674, 293.7229, 153.612
2.094832, 1.459015, 8.426105, 308.9561, 153.5703
1.895593, 1.459015, 8.408674, 293.7229, 153.612
1.895593, 1.204015, 8.408674, 293.7229, 173.3065
2.094832, 1.204015, 8.426105, 308.9561, 173.2208
2.094832, 1.459015, 8.426105, 308.9561, 153.5703
2.094832, 1.459015, 8.426105, 308.9561, 153.5703
2.094832, 1.204015, 8.426105, 308.9561, 173.2208
2.106623, 1.204015, 8.291327, 311.0954, 173.894
2.106623, 1.459015, 8.291327, 311.0954, 153.8975
1.907385, 1.204015, 8.273895, 295.5982, 173.9828
2.106623, 1.204015, 8.291327, 311.0954, 173.894
2.094832, 1.204015, 8.426105, 308.9561, 173.2208
1.895593, 1.204015, 8.408674, 293.7229, 173.3065
1.907385, 1.459015, 8.273895, 295.5982, 153.9406
1.907385, 1.204015, 8.273895, 295.5982, 173.9828
1.895593, 1.204015, 8.408674, 293.7229, 173.3065
1.895593, 1.459015, 8.408674, 293.7229, 153.612
2.106623, 1.459015, 8.291327, 311.0954, 153.8975
2.106623, 1.204015, 8.291327, 311.0954, 173.894
1.907385, 1.204015, 8.273895, 295.5982, 173.9828
1.907385, 1.459015, 8.273895, 295.5982, 153.9406
box_2_Parle-G(Clone) stack 7 Shelf_1 Rack_0_0_0
2.103408, 1.714015, 8.285885, 310.8937, 133.9002
1.90353, 1.714015, 8.278905, 295.259, 133.8992
1.898808, 1.714015, 8.414116, 293.9335, 133.9183
2.098686, 1.714015, 8.421096, 309.2977, 133.9193
1.898808, 1.714015, 8.414116, 293.9335, 133.9183
1.898808, 1.459015, 8.414116, 293.9335, 153.599
2.098686, 1.459015, 8.421096, 309.2977, 153.5823
2.098686, 1.714015, 8.421096, 309.2977, 133.9193
2.098686, 1.714015, 8.421096, 309.2977, 133.9193
2.098686, 1.459015, 8.421096, 309.2977, 153.5823
2.103408, 1.459015, 8.285885, 310.8937, 153.9109
2.103408, 1.714015, 8.285885, 310.8937, 133.9002
1.90353, 1.459015, 8.278905, 295.259, 153.9282
2.103408, 1.459015, 8.285885, 310.8937, 153.9109
2.098686, 1.459015, 8.421096, 309.2977, 153.5823
1.898808, 1.459015, 8.414116, 293.9335, 153.599
1.90353, 1.714015, 8.278905, 295.259, 133.8992
1.90353, 1.459015, 8.278905, 295.259, 153.9282
1.898808, 1.459015, 8.414116, 293.9335, 153.599
1.898808, 1.714015, 8.414116, 293.9335, 133.9183
2.103408, 1.714015, 8.285885, 310.8937, 133.9002
2.103408, 1.459015, 8.285885, 310.8937, 153.9109
1.90353, 1.459015, 8.278905, 295.259, 153.9282
1.90353, 1.714015, 8.278905, 295.259, 133.8992
box_2_Parle-G(Clone) stack 7 Shelf_1 Rack_0_0_0
2.105583, 1.969016, 8.289494, 311.0309, 113.8994
1.906071, 1.969016, 8.275542, 295.483, 113.8608
1.896633, 1.969016, 8.410507, 293.7906, 114.228
2.096146, 1.969016, 8.424459, 309.0719, 114.2652
1.896633, 1.969016, 8.410507, 293.7906, 114.228
1.896633, 1.714015, 8.410507, 293.7906, 133.9178
2.096146, 1.714015, 8.424459, 309.0719, 133.9197
2.096146, 1.969016, 8.424459, 309.0719, 114.2652
2.096146, 1.969016, 8.424459, 309.0719, 114.2652
2.096146, 1.714015, 8.424459, 309.0719, 133.9197
2.105583, 1.714015, 8.289494, 311.0309, 133.9007
2.105583, 1.969016, 8.289494, 311.0309, 113.8994
1.906071, 1.714015, 8.275542, 295.483, 133.8987
2.105583, 1.714015, 8.289494, 311.0309, 133.9007
2.096146, 1.714015, 8.424459, 309.0719, 133.9197
1.896633, 1.714015, 8.410507, 293.7906, 133.9178
1.906071, 1.969016, 8.275542, 295.483, 113.8608
1.906071, 1.714015, 8.275542, 295.483, 133.8987
1.896633, 1.714015, 8.410507, 293.7906, 133.9178
1.896633, 1.969016, 8.410507, 293.7906, 114.228
2.105583, 1.969016, 8.289494, 311.0309, 113.8994
2.105583, 1.714015, 8.289494, 311.0309, 133.9007
1.906071, 1.714015, 8.275542, 295.483, 133.8987
1.906071, 1.969016, 8.275542, 295.483, 113.8608
box_7_litchi(Clone) stack 9 Shelf_1 Rack_0_0_0
2.883061, 1.414419, 8.257219, 372.5729, 157.4949
2.683548, 1.414419, 8.243268, 357.0719, 157.5362
2.669597, 1.414419, 8.442781, 353.0056, 156.9599
2.86911, 1.414419, 8.456733, 368.1183, 156.9207
2.669597, 1.414419, 8.442781, 353.0056, 156.9599
2.669597, 1.204419, 8.442781, 353.0056, 173.108
2.86911, 1.204419, 8.456733, 368.1183, 173.04
2.86911, 1.414419, 8.456733, 368.1183, 156.9207
2.86911, 1.414419, 8.456733, 368.1183, 156.9207
2.86911, 1.204419, 8.456733, 368.1183, 173.04
2.883061, 1.204419, 8.257219, 372.5729, 174.0364
2.883061, 1.414419, 8.257219, 372.5729, 157.4949
2.683548, 1.204419, 8.243268, 357.0719, 174.108
2.883061, 1.204419, 8.257219, 372.5729, 174.0364
2.86911, 1.204419, 8.456733, 368.1183, 173.04
2.669597, 1.204419, 8.442781, 353.0056, 173.108
2.683548, 1.414419, 8.243268, 357.0719, 157.5362
2.683548, 1.204419, 8.243268, 357.0719, 174.108
2.669597, 1.204419, 8.442781, 353.0056, 173.108
2.669597, 1.414419, 8.442781, 353.0056, 156.9599
2.883061, 1.414419, 8.257219, 372.5729, 157.4949
2.883061, 1.204419, 8.257219, 372.5729, 174.0364
2.683548, 1.204419, 8.243268, 357.0719, 174.108
2.683548, 1.414419, 8.243268, 357.0719, 157.5362
box_7_litchi(Clone) stack 9 Shelf_1 Rack_0_0_0
2.886234, 1.624419, 8.261001, 372.7569, 140.9505
2.68733, 1.624419, 8.240095, 357.4193, 140.9669
2.666424, 1.624419, 8.439, 352.8163, 140.8147
2.865329, 1.624419, 8.459906, 367.7762, 140.7991
2.666424, 1.624419, 8.439, 352.8163, 140.8147
2.666424, 1.414419, 8.439, 352.8163, 156.9706
2.865329, 1.414419, 8.459906, 367.7762, 156.9119
2.865329, 1.624419, 8.459906, 367.7762, 140.7991
2.865329, 1.624419, 8.459906, 367.7762, 140.7991
2.865329, 1.414419, 8.459906, 367.7762, 156.9119
2.886234, 1.414419, 8.261001, 372.7569, 157.4837
2.886234, 1.624419, 8.261001, 372.7569, 140.9505
2.68733, 1.414419, 8.240095, 357.4193, 157.5456
2.886234, 1.414419, 8.261001, 372.7569, 157.4837
2.865329, 1.414419, 8.459906, 367.7762, 156.9119
2.666424, 1.414419, 8.439, 352.8163, 156.9706
2.68733, 1.624419, 8.240095, 357.4193, 140.9669
2.68733, 1.414419, 8.240095, 357.4193, 157.5456
2.666424, 1.414419, 8.439, 352.8163, 156.9706
2.666424, 1.624419, 8.439, 352.8163, 140.8147
2.886234, 1.624419, 8.261001, 372.7569, 140.9505
2.886234, 1.414419, 8.261001, 372.7569, 157.4837
2.68733, 1.414419, 8.240095, 357.4193, 157.5456
2.68733, 1.624419, 8.240095, 357.4193, 140.9669
box_7_litchi(Clone) stack 9 Shelf_1 Rack_0_0_0
2.878059, 1.834419, 8.25176, 372.2737, 124.4044
2.67809, 1.834419, 8.24827, 356.5645, 124.3995
2.674599, 1.834419, 8.44824, 353.311, 124.671
2.874569, 1.834419, 8.451731, 368.6195, 124.6756
2.674599, 1.834419, 8.44824, 353.311, 124.671
2.674599, 1.624419, 8.44824, 353.311, 140.8078
2.874569, 1.624419, 8.451731, 368.6195, 140.8052
2.874569, 1.834419, 8.451731, 368.6195, 124.6756
2.874569, 1.834419, 8.451731, 368.6195, 124.6756
2.874569, 1.624419, 8.451731, 368.6195, 140.8052
2.878059, 1.624419, 8.25176, 372.2737, 140.9577
2.878059, 1.834419, 8.25176, 372.2737, 124.4044
2.67809, 1.624419, 8.24827, 356.5645, 140.9604
2.878059, 1.624419, 8.25176, 372.2737, 140.9577
2.874569, 1.624419, 8.451731, 368.6195, 140.8052
2.674599, 1.624419, 8.44824, 353.311, 140.8078
2.67809, 1.834419, 8.24827, 356.5645, 124.3995
2.67809, 1.624419, 8.24827, 356.5645, 140.9604
2.674599, 1.624419, 8.44824, 353.311, 140.8078
2.674599, 1.834419, 8.44824, 353.311, 124.671
2.878059, 1.834419, 8.25176, 372.2737, 124.4044
2.878059, 1.624419, 8.25176, 372.2737, 140.9577
2.67809, 1.624419, 8.24827, 356.5645, 140.9604
2.67809, 1.834419, 8.24827, 356.5645, 124.3995
box_7_litchi(Clone) stack 9 Shelf_1 Rack_0_0_0
2.879758, 2.044419, 8.253551, 372.3765, 107.8574
2.67988, 2.044419, 8.246572, 356.7318, 107.8325
2.6729, 2.044419, 8.446449, 353.2064, 108.5281
2.872778, 2.044419, 8.453429, 368.4541, 108.5518
2.6729, 2.044419, 8.446449, 353.2064, 108.5281
2.6729, 1.834419, 8.446449, 353.2064, 124.6686
2.872778, 1.834419, 8.453429, 368.4541, 124.6779
2.872778, 2.044419, 8.453429, 368.4541, 108.5518
2.872778, 2.044419, 8.453429, 368.4541, 108.5518
2.872778, 1.834419, 8.453429, 368.4541, 124.6779
2.879758, 1.834419, 8.253551, 372.3765, 124.4069
2.879758, 2.044419, 8.253551, 372.3765, 107.8574
2.67988, 1.834419, 8.246572, 356.7318, 124.3971
2.879758, 1.834419, 8.253551, 372.3765, 124.4069
2.872778, 1.834419, 8.453429, 368.4541, 124.6779
2.6729, 1.834419, 8.446449, 353.2064, 124.6686
2.67988, 2.044419, 8.246572, 356.7318, 107.8325
2.67988, 1.834419, 8.246572, 356.7318, 124.3971
2.6729, 1.834419, 8.446449, 353.2064, 124.6686
2.6729, 2.044419, 8.446449, 353.2064, 108.5281
2.879758, 2.044419, 8.253551, 372.3765, 107.8574
2.879758, 1.834419, 8.253551, 372.3765, 124.4069
2.67988, 1.834419, 8.246572, 356.7318, 124.3971
2.67988, 2.044419, 8.246572, 356.7318, 107.8325
box_6_melody(Clone) stack 13 Shelf_2 Rack_0_0_0
1.703699, 2.576536, 8.220205, 279.8696, 65.61905
1.504795, 2.576536, 8.241111, 264.0592, 65.80988
1.529881, 2.576536, 8.479795, 265.2467, 67.91638
1.728786, 2.576536, 8.45889, 280.5776, 67.73701
1.529881, 2.576536, 8.479795, 265.2467, 67.91638
1.529881, 2.389036, 8.479795, 265.2467, 82.26625
1.728786, 2.389036, 8.45889, 280.5776, 82.12526
1.728786, 2.576536, 8.45889, 280.5776, 67.73701
1.728786, 2.576536, 8.45889, 280.5776, 67.73701
1.728786, 2.389036, 8.45889, 280.5776, 82.12526
1.703699, 2.389036, 8.220205, 279.8696, 80.46034
1.703699, 2.576536, 8.220205, 279.8696, 65.61905
1.504795, 2.389036, 8.241111, 264.0592, 80.61034
1.703699, 2.389036, 8.220205, 279.8696, 80.46034
1.728786, 2.389036, 8.45889, 280.5776, 82.12526
1.529881, 2.389036, 8.479795, 265.2467, 82.26625
1.504795, 2.576536, 8.241111, 264.0592, 65.80988
1.504795, 2.389036, 8.241111, 264.0592, 80.61034
1.529881, 2.389036, 8.479795, 265.2467, 82.26625
1.529881, 2.576536, 8.479795, 265.2467, 67.91638
1.703699, 2.576536, 8.220205, 279.8696, 65.61905
1.703699, 2.389036, 8.220205, 279.8696, 80.46034
1.504795, 2.389036, 8.241111, 264.0592, 80.61034
1.504795, 2.576536, 8.241111, 264.0592, 65.80988
box_8_lizol(Clone) stack 14 Shelf_2 Rack_0_0_0
1.35013, 2.565368, 8.237725, 251.8559, 66.661
1.151226, 2.565368, 8.21682, 236.1376, 66.47243
1.125427, 2.565368, 8.462276, 234.28, 68.62276
1.324332, 2.565368, 8.483181, 249.5113, 68.7997
1.125427, 2.565368, 8.462276, 234.28, 68.62276
1.125427, 2.389118, 8.462276, 234.28, 82.14185
1.324332, 2.389118, 8.483181, 249.5113, 82.28275
1.324332, 2.565368, 8.483181, 249.5113, 68.7997
1.324332, 2.565368, 8.483181, 249.5113, 68.7997
1.324332, 2.389118, 8.483181, 249.5113, 82.28275
1.35013, 2.389118, 8.237725, 251.8559, 80.57964
1.35013, 2.565368, 8.237725, 251.8559, 66.661
1.151226, 2.389118, 8.21682, 236.1376, 80.42947
1.35013, 2.389118, 8.237725, 251.8559, 80.57964
1.324332, 2.389118, 8.483181, 249.5113, 82.28275
1.125427, 2.389118, 8.462276, 234.28, 82.14185
1.151226, 2.565368, 8.21682, 236.1376, 66.47243
1.151226, 2.389118, 8.21682, 236.1376, 80.42947
1.125427, 2.389118, 8.462276, 234.28, 82.14185
1.125427, 2.565368, 8.462276, 234.28, 68.62276
1.35013, 2.565368, 8.237725, 251.8559, 66.661
1.35013, 2.389118, 8.237725, 251.8559, 80.57964
1.151226, 2.389118, 8.21682, 236.1376, 80.42947
1.151226, 2.565368, 8.21682, 236.1376, 66.47243
box_8_lizol(Clone) stack 14 Shelf_2 Rack_0_0_0
1.346143, 2.741618, 8.233872, 251.547, 52.70061
1.146631, 2.741618, 8.219921, 235.7755, 52.54915
1.129414, 2.741618, 8.466128, 234.5885, 55.14302
1.328927, 2.741618, 8.48008, 249.8668, 55.28513
1.129414, 2.741618, 8.466128, 234.5885, 55.14302
1.129414, 2.565368, 8.466128, 234.5885, 68.65544
1.328927, 2.565368, 8.48008, 249.8668, 68.7735
1.328927, 2.741618, 8.48008, 249.8668, 55.28513
1.328927, 2.741618, 8.48008, 249.8668, 55.28513
1.328927, 2.565368, 8.48008, 249.8668, 68.7735
1.346143, 2.565368, 8.233872, 251.547, 66.62631
1.346143, 2.741618, 8.233872, 251.547, 52.70061
1.146631, 2.565368, 8.219921, 235.7755, 66.50047
1.346143, 2.565368, 8.233872, 251.547, 66.62631
1.328927, 2.565368, 8.48008, 249.8668, 68.7735
1.129414, 2.565368, 8.466128, 234.5885, 68.65544
1.146631, 2.741618, 8.219921, 235.7755, 52.54915
1.146631, 2.565368, 8.219921, 235.7755, 66.50047
1.129414, 2.565368, 8.466128, 234.5885, 68.65544
1.129414, 2.741618, 8.466128, 234.5885, 55.14302
1.346143, 2.741618, 8.233872, 251.547, 52.70061
1.346143, 2.565368, 8.233872, 251.547, 66.62631
1.146631, 2.565368, 8.219921, 235.7755, 66.50047
1.146631, 2.741618, 8.219921, 235.7755, 52.54915
box_5_LMRR(Clone) stack 15 Shelf_0 Rack_0_0_1
0.63816, 0.162368, 8.198221, 195.399, 257.063
0.4392556, 0.162368, 8.219127, 179.7758, 256.7263
0.4689637, 0.162368, 8.50178, 184.2083, 252.3499
0.667868, 0.162368, 8.480874, 199.2802, 252.6628
0.4689637, 0.162368, 8.50178, 184.2083, 252.3499
0.4689637, 0.019868, 8.50178, 184.2083, 263.2253
0.667868, 0.019868, 8.480874, 199.2802, 263.5672
0.667868, 0.162368, 8.480874, 199.2802, 252.6628
0.667868, 0.162368, 8.480874, 199.2802, 252.6628
0.667868, 0.019868, 8.480874, 199.2802, 263.5672
0.63816, 0.019868, 8.198221, 195.399, 268.3752
0.63816, 0.162368, 8.198221, 195.399, 257.063
0.4392556, 0.019868, 8.219127, 179.7758, 268.0073
0.63816, 0.019868, 8.198221, 195.399, 268.3752
0.667868, 0.019868, 8.480874, 199.2802, 263.5672
0.4689637, 0.019868, 8.50178, 184.2083, 263.2253
0.4392556, 0.162368, 8.219127, 179.7758, 256.7263
0.4392556, 0.019868, 8.219127, 179.7758, 268.0073
0.4689637, 0.019868, 8.50178, 184.2083, 263.2253
0.4689637, 0.162368, 8.50178, 184.2083, 252.3499
0.63816, 0.162368, 8.198221, 195.399, 257.063
0.63816, 0.019868, 8.198221, 195.399, 268.3752
0.4392556, 0.019868, 8.219127, 179.7758, 268.0073
0.4392556, 0.162368, 8.219127, 179.7758, 256.7263
box_5_LMRR(Clone) stack 15 Shelf_0 Rack_0_0_1
0.640796, 0.304868, 8.19972, 195.6171, 245.7289
0.441557, 0.304868, 8.217152, 179.9424, 245.4741
0.4663276, 0.304868, 8.50028, 183.9965, 241.4948
0.6655666, 0.304868, 8.482849, 199.1143, 241.7315
0.4663276, 0.304868, 8.50028, 183.9965, 241.4948
0.4663276, 0.162368, 8.50028, 183.9965, 252.3723
0.6655666, 0.162368, 8.482849, 199.1143, 252.6332
0.6655666, 0.304868, 8.482849, 199.1143, 241.7315
0.6655666, 0.304868, 8.482849, 199.1143, 241.7315
0.6655666, 0.162368, 8.482849, 199.1143, 252.6332
0.640796, 0.162368, 8.19972, 195.6171, 257.0388
0.640796, 0.304868, 8.19972, 195.6171, 245.7289
0.441557, 0.162368, 8.217152, 179.9424, 256.7581
0.640796, 0.162368, 8.19972, 195.6171, 257.0388
0.6655666, 0.162368, 8.482849, 199.1143, 252.6332
0.4663276, 0.162368, 8.50028, 183.9965, 252.3723
0.441557, 0.304868, 8.217152, 179.9424, 245.4741
0.441557, 0.162368, 8.217152, 179.9424, 256.7581
0.4663276, 0.162368, 8.50028, 183.9965, 252.3723
0.4663276, 0.304868, 8.50028, 183.9965, 241.4948
0.640796, 0.304868, 8.19972, 195.6171, 245.7289
0.640796, 0.162368, 8.19972, 195.6171, 257.0388
0.441557, 0.162368, 8.217152, 179.9424, 256.7581
0.441557, 0.304868, 8.217152, 179.9424, 245.4741
box_5_LMRR(Clone) stack 15 Shelf_0 Rack_0_0_1
0.6560267, 0.447368, 8.209662, 196.8826, 234.2884
0.4560571, 0.447368, 8.206172, 181.0051, 234.3342
0.451097, 0.447368, 8.490338, 182.7615, 230.7384
0.6510665, 0.447368, 8.493829, 198.0638, 230.6959
0.451097, 0.447368, 8.490338, 182.7615, 230.7384
0.451097, 0.304868, 8.490338, 182.7615, 241.6297
0.6510665, 0.304868, 8.493829, 198.0638, 241.5823
0.6510665, 0.447368, 8.493829, 198.0638, 230.6959
0.6510665, 0.447368, 8.493829, 198.0638, 230.6959
0.6510665, 0.304868, 8.493829, 198.0638, 241.5823
0.6560267, 0.3048679, 8.209662, 196.8826, 245.5834
0.6560267, 0.447368, 8.209662, 196.8826, 234.2884
0.4560571, 0.3048679, 8.206172, 181.0051, 245.6345
0.6560267, 0.3048679, 8.209662, 196.8826, 245.5834
0.6510665, 0.304868, 8.493829, 198.0638, 241.5823
0.451097, 0.304868, 8.490338, 182.7615, 241.6297
0.4560571, 0.447368, 8.206172, 181.0051, 234.3342
0.4560571, 0.3048679, 8.206172, 181.0051, 245.6345
0.451097, 0.304868, 8.490338, 182.7615, 241.6297
0.451097, 0.447368, 8.490338, 182.7615, 230.7384
0.6560267, 0.447368, 8.209662, 196.8826, 234.2884
0.6560267, 0.3048679, 8.209662, 196.8826, 245.5834
0.4560571, 0.3048679, 8.206172, 181.0051, 245.6345
0.4560571, 0.447368, 8.206172, 181.0051, 234.3342
box_5_LMRR(Clone) stack 15 Shelf_0 Rack_0_0_1
0.667868, 0.5898679, 8.219127, 197.8739, 222.8834
0.4689637, 0.5898679, 8.198221, 181.9676, 223.1265
0.4392556, 0.5898679, 8.480874, 181.7863, 219.9496
0.63816, 0.5898679, 8.50178, 197.1212, 219.7237
0.4392556, 0.5898679, 8.480874, 181.7863, 219.9496
0.4392556, 0.4473679, 8.480874, 181.7863, 230.854
0.63816, 0.4473679, 8.50178, 197.1212, 230.5991
0.63816, 0.5898679, 8.50178, 197.1212, 219.7237
0.63816, 0.5898679, 8.50178, 197.1212, 219.7237
0.63816, 0.4473679, 8.50178, 197.1212, 230.5991
0.667868, 0.4473679, 8.219127, 197.8739, 234.1644
0.667868, 0.5898679, 8.219127, 197.8739, 222.8834
0.4689637, 0.4473679, 8.198221, 181.9676, 234.4386
0.667868, 0.4473679, 8.219127, 197.8739, 234.1644
0.63816, 0.4473679, 8.50178, 197.1212, 230.5991
0.4392556, 0.4473679, 8.480874, 181.7863, 230.854
0.4689637, 0.5898679, 8.198221, 181.9676, 223.1265
0.4689637, 0.4473679, 8.198221, 181.9676, 234.4386
0.4392556, 0.4473679, 8.480874, 181.7863, 230.854
0.4392556, 0.5898679, 8.480874, 181.7863, 219.9496
0.667868, 0.5898679, 8.219127, 197.8739, 222.8834
0.667868, 0.4473679, 8.219127, 197.8739, 234.1644
0.4689637, 0.4473679, 8.198221, 181.9676, 234.4386
0.4689637, 0.5898679, 8.198221, 181.9676, 223.1265
box_3_Hareli(Clone) stack 16 Shelf_0 Rack_0_0_1
0.2824399, 0.1692639, 8.253007, 167.6848, 255.6411
0.08393069, 0.1692639, 8.228633, 151.7573, 256.0286
0.05711944, 0.1692639, 8.446994, 152.1649, 252.6435
0.2556287, 0.1692639, 8.471368, 167.647, 252.2773
0.05711944, 0.1692639, 8.446994, 152.1649, 252.6435
0.05711944, 0.01926387, 8.446994, 152.1649, 264.1716
0.2556287, 0.01926387, 8.471368, 167.647, 263.7696
0.2556287, 0.1692639, 8.471368, 167.647, 252.2773
0.2556287, 0.1692639, 8.471368, 167.647, 252.2773
0.2556287, 0.01926387, 8.471368, 167.647, 263.7696
0.2824399, 0.01926387, 8.253007, 167.6848, 267.463
0.2824399, 0.1692639, 8.253007, 167.6848, 255.6411
0.08393069, 0.01926387, 8.228633, 151.7573, 267.8885
0.2824399, 0.01926387, 8.253007, 167.6848, 267.463
0.2556287, 0.01926387, 8.471368, 167.647, 263.7696
0.05711944, 0.01926387, 8.446994, 152.1649, 264.1716
0.08393069, 0.1692639, 8.228633, 151.7573, 256.0286
0.08393069, 0.01926387, 8.228633, 151.7573, 267.8885
0.05711944, 0.01926387, 8.446994, 152.1649, 264.1716
0.05711944, 0.1692639, 8.446994, 152.1649, 252.6435
0.2824399, 0.1692639, 8.253007, 167.6848, 255.6411
0.2824399, 0.01926387, 8.253007, 167.6848, 267.463
0.08393069, 0.01926387, 8.228633, 151.7573, 267.8885
0.08393069, 0.1692639, 8.228633, 151.7573, 256.0286
box_6_melody(Clone) stack 17 Shelf_0 Rack_0_0_1
-0.1172183, 0.2073492, 8.224931, 135.8025, 253.075
-0.3169442, 0.2073492, 8.235398, 120.1687, 252.9122
-0.3043836, 0.2073492, 8.47507, 124.7962, 249.3054
-0.1046577, 0.2073492, 8.464602, 139.9573, 249.4583
-0.3043836, 0.2073492, 8.47507, 124.7962, 249.3054
-0.3043836, 0.01984931, 8.47507, 124.7962, 263.6639
-0.1046577, 0.01984931, 8.464602, 139.9573, 263.836
-0.1046577, 0.2073492, 8.464602, 139.9573, 249.4583
-0.1046577, 0.2073492, 8.464602, 139.9573, 249.4583
-0.1046577, 0.01984931, 8.464602, 139.9573, 263.836
-0.1172183, 0.01984931, 8.224931, 135.8025, 267.907
-0.1172183, 0.2073492, 8.224931, 135.8025, 253.075
-0.3169442, 0.01984931, 8.235398, 120.1687, 267.7238
-0.1172183, 0.01984931, 8.224931, 135.8025, 267.907
-0.1046577, 0.01984931, 8.464602, 139.9573, 263.836
-0.3043836, 0.01984931, 8.47507, 124.7962, 263.6639
-0.3169442, 0.2073492, 8.235398, 120.1687, 252.9122
-0.3169442, 0.01984931, 8.235398, 120.1687, 267.7238
-0.3043836, 0.01984931, 8.47507, 124.7962, 263.6639
-0.3043836, 0.2073492, 8.47507, 124.7962, 249.3054
-0.1172183, 0.2073492, 8.224931, 135.8025, 253.075
-0.1172183, 0.01984931, 8.224931, 135.8025, 267.907
-0.3169442, 0.01984931, 8.235398, 120.1687, 267.7238
-0.3169442, 0.2073492, 8.235398, 120.1687, 252.9122
box_6_melody(Clone) stack 17 Shelf_0 Rack_0_0_1
-0.1238922, 0.3948492, 8.220205, 135.2093, 238.3073
-0.3227966, 0.3948492, 8.241111, 119.7968, 238.0232
-0.2977097, 0.3948492, 8.479795, 125.3764, 234.8866
-0.09880532, 0.3948492, 8.45889, 140.3333, 235.1537
-0.2977097, 0.3948492, 8.479795, 125.3764, 234.8866
-0.2977097, 0.2073492, 8.479795, 125.3764, 249.2365
-0.09880532, 0.2073492, 8.45889, 140.3333, 249.5419
-0.09880532, 0.3948492, 8.45889, 140.3333, 235.1537
-0.09880532, 0.3948492, 8.45889, 140.3333, 235.1537
-0.09880532, 0.2073492, 8.45889, 140.3333, 249.5419
-0.1238922, 0.2073492, 8.220205, 135.2093, 253.1486
-0.1238922, 0.3948492, 8.220205, 135.2093, 238.3073
-0.3227966, 0.2073492, 8.241111, 119.7968, 252.8236
-0.1238922, 0.2073492, 8.220205, 135.2093, 253.1486
-0.09880532, 0.2073492, 8.45889, 140.3333, 249.5419
-0.2977097, 0.2073492, 8.479795, 125.3764, 249.2365
-0.3227966, 0.3948492, 8.241111, 119.7968, 238.0232
-0.3227966, 0.2073492, 8.241111, 119.7968, 252.8236
-0.2977097, 0.2073492, 8.479795, 125.3764, 249.2365
-0.2977097, 0.3948492, 8.479795, 125.3764, 234.8866
-0.1238922, 0.3948492, 8.220205, 135.2093, 238.3073
-0.1238922, 0.2073492, 8.220205, 135.2093, 253.1486
-0.3227966, 0.2073492, 8.241111, 119.7968, 252.8236
-0.3227966, 0.3948492, 8.241111, 119.7968, 238.0232
box_6_melody(Clone) stack 17 Shelf_0 Rack_0_0_1
-0.1007228, 0.5823491, 8.239173, 137.3002, 223.2452
-0.2999617, 0.5823491, 8.221742, 121.2968, 223.4481
-0.3208791, 0.5823491, 8.460828, 123.3209, 220.7442
-0.1216402, 0.5823491, 8.478259, 138.8316, 220.5535
-0.3208791, 0.5823491, 8.460828, 123.3209, 220.7442
-0.3208791, 0.3948492, 8.460828, 123.3209, 235.1289
-0.1216402, 0.3948492, 8.478259, 138.8316, 234.9062
-0.1216402, 0.5823491, 8.478259, 138.8316, 220.5535
-0.1216402, 0.5823491, 8.478259, 138.8316, 220.5535
-0.1216402, 0.3948492, 8.478259, 138.8316, 234.9062
-0.1007228, 0.3948492, 8.239173, 137.3002, 238.0495
-0.1007228, 0.5823491, 8.239173, 137.3002, 223.2452
-0.2999617, 0.3948492, 8.221742, 121.2968, 238.2864
-0.1007228, 0.3948492, 8.239173, 137.3002, 238.0495
-0.1216402, 0.3948492, 8.478259, 138.8316, 234.9062
-0.3208791, 0.3948492, 8.460828, 123.3209, 235.1289
-0.2999617, 0.5823491, 8.221742, 121.2968, 223.4481
-0.2999617, 0.3948492, 8.221742, 121.2968, 238.2864
-0.3208791, 0.3948492, 8.460828, 123.3209, 235.1289
-0.3208791, 0.5823491, 8.460828, 123.3209, 220.7442
-0.1007228, 0.5823491, 8.239173, 137.3002, 223.2452
-0.1007228, 0.3948492, 8.239173, 137.3002, 238.0495
-0.2999617, 0.3948492, 8.221742, 121.2968, 238.2864
-0.2999617, 0.5823491, 8.221742, 121.2968, 223.4481
box_6_melody(Clone) stack 17 Shelf_0 Rack_0_0_1
-0.1194153, 0.7698491, 8.223317, 135.6065, 208.5945
-0.3189281, 0.7698491, 8.237268, 120.0415, 208.4594
-0.3021866, 0.7698491, 8.476684, 124.9881, 206.2151
-0.1026738, 0.7698491, 8.462732, 140.0855, 206.3422
-0.3021866, 0.7698491, 8.476684, 124.9881, 206.2151
-0.3021866, 0.5823491, 8.476684, 124.9881, 220.5707
-0.1026738, 0.5823491, 8.462732, 140.0855, 220.7233
-0.1026738, 0.7698491, 8.462732, 140.0855, 206.3422
-0.1026738, 0.7698491, 8.462732, 140.0855, 206.3422
-0.1026738, 0.5823491, 8.462732, 140.0855, 220.7233
-0.1194153, 0.5823491, 8.223317, 135.6065, 223.4297
-0.1194153, 0.7698491, 8.223317, 135.6065, 208.5945
-0.3189281, 0.5823491, 8.237268, 120.0415, 223.2673
-0.1194153, 0.5823491, 8.223317, 135.6065, 223.4297
-0.1026738, 0.5823491, 8.462732, 140.0855, 220.7233
-0.3021866, 0.5823491, 8.476684, 124.9881, 220.5707
-0.3189281, 0.7698491, 8.237268, 120.0415, 208.4594
-0.3189281, 0.5823491, 8.237268, 120.0415, 223.2673
-0.3021866, 0.5823491, 8.476684, 124.9881, 220.5707
-0.3021866, 0.7698491, 8.476684, 124.9881, 206.2151
-0.1194153, 0.7698491, 8.223317, 135.6065, 208.5945
-0.1194153, 0.5823491, 8.223317, 135.6065, 223.4297
-0.3189281, 0.5823491, 8.237268, 120.0415, 223.2673
-0.3189281, 0.7698491, 8.237268, 120.0415, 208.4594
box_3_Hareli(Clone) stack 18 Shelf_0 Rack_0_0_1
-0.5047066, 0.1692639, 8.23015, 105.2433, 256.0044
-0.703611, 0.1692639, 8.251056, 89.93324, 255.6721
-0.6806147, 0.1692639, 8.469851, 95.88885, 252.3
-0.4817103, 0.1692639, 8.448945, 110.7859, 252.6141
-0.6806147, 0.1692639, 8.469851, 95.88885, 252.3
-0.6806147, 0.01926387, 8.469851, 95.88885, 263.7945
-0.4817103, 0.01926387, 8.448945, 110.7859, 264.1393
-0.4817103, 0.1692639, 8.448945, 110.7859, 252.6141
-0.4817103, 0.1692639, 8.448945, 110.7859, 252.6141
-0.4817103, 0.01926387, 8.448945, 110.7859, 264.1393
-0.5047066, 0.01926387, 8.23015, 105.2433, 267.8619
-0.5047066, 0.1692639, 8.23015, 105.2433, 256.0044
-0.703611, 0.01926387, 8.251056, 89.93324, 267.497
-0.5047066, 0.01926387, 8.23015, 105.2433, 267.8619
-0.4817103, 0.01926387, 8.448945, 110.7859, 264.1393
-0.6806147, 0.01926387, 8.469851, 95.88885, 263.7945
-0.703611, 0.1692639, 8.251056, 89.93324, 255.6721
-0.703611, 0.01926387, 8.251056, 89.93324, 267.497
-0.6806147, 0.01926387, 8.469851, 95.88885, 263.7945
-0.6806147, 0.1692639, 8.469851, 95.88885, 252.3
-0.5047066, 0.1692639, 8.23015, 105.2433, 256.0044
-0.5047066, 0.01926387, 8.23015, 105.2433, 267.8619
-0.703611, 0.01926387, 8.251056, 89.93324, 267.497
-0.703611, 0.1692639, 8.251056, 89.93324, 255.6721
box_3_Hareli(Clone) stack 18 Shelf_0 Rack_0_0_1
-0.4870408, 0.3192639, 8.245385, 106.9069, 243.9283
-0.6867666, 0.3192639, 8.234918, 90.94508, 244.0784
-0.6982806, 0.3192638, 8.454616, 94.25154, 241.0118
-0.4985547, 0.3192638, 8.465083, 109.7608, 240.87
-0.6982806, 0.3192638, 8.454616, 94.25154, 241.0118
-0.6982806, 0.1692639, 8.454616, 94.25154, 252.5287
-0.4985547, 0.1692639, 8.465083, 109.7608, 252.3715
-0.4985547, 0.3192638, 8.465083, 109.7608, 240.87
-0.4985547, 0.3192638, 8.465083, 109.7608, 240.87
-0.4985547, 0.1692639, 8.465083, 109.7608, 252.3715
-0.4870408, 0.1692639, 8.245385, 106.9069, 255.762
-0.4870408, 0.3192639, 8.245385, 106.9069, 243.9283
-0.6867666, 0.1692639, 8.234918, 90.94508, 255.9285
-0.4870408, 0.1692639, 8.245385, 106.9069, 255.762
-0.4985547, 0.1692639, 8.465083, 109.7608, 252.3715
-0.6982806, 0.1692639, 8.454616, 94.25154, 252.5287
-0.6867666, 0.3192639, 8.234918, 90.94508, 244.0784
-0.6867666, 0.1692639, 8.234918, 90.94508, 255.9285
-0.6982806, 0.1692639, 8.454616, 94.25154, 252.5287
-0.6982806, 0.3192638, 8.454616, 94.25154, 241.0118
-0.4870408, 0.3192639, 8.245385, 106.9069, 243.9283
-0.4870408, 0.1692639, 8.245385, 106.9069, 255.762
-0.6867666, 0.1692639, 8.234918, 90.94508, 255.9285
-0.6867666, 0.3192639, 8.234918, 90.94508, 244.0784
box_3_Hareli(Clone) stack 18 Shelf_0 Rack_0_0_1
-0.4888826, 0.4692639, 8.243557, 106.7295, 232.118
-0.6887608, 0.4692639, 8.236577, 90.82014, 232.2072
-0.6964387, 0.4692639, 8.456444, 94.427, 229.4729
-0.4965605, 0.4692639, 8.463424, 109.8861, 229.3886
-0.6964387, 0.4692639, 8.456444, 94.427, 229.4729
-0.6964387, 0.3192639, 8.456444, 94.427, 240.987
-0.4965605, 0.3192639, 8.463424, 109.8861, 240.8925
-0.4965605, 0.4692639, 8.463424, 109.8861, 229.3886
-0.4965605, 0.4692639, 8.463424, 109.8861, 229.3886
-0.4965605, 0.3192639, 8.463424, 109.8861, 240.8925
-0.4888826, 0.3192638, 8.243557, 106.7295, 243.9545
-0.4888826, 0.4692639, 8.243557, 106.7295, 232.118
-0.6887608, 0.3192638, 8.236577, 90.82014, 244.0546
-0.4888826, 0.3192638, 8.243557, 106.7295, 243.9545
-0.4965605, 0.3192639, 8.463424, 109.8861, 240.8925
-0.6964387, 0.3192639, 8.456444, 94.427, 240.987
-0.6887608, 0.4692639, 8.236577, 90.82014, 232.2072
-0.6887608, 0.3192638, 8.236577, 90.82014, 244.0546
-0.6964387, 0.3192639, 8.456444, 94.427, 240.987
-0.6964387, 0.4692639, 8.456444, 94.427, 229.4729
-0.4888826, 0.4692639, 8.243557, 106.7295, 232.118
-0.4888826, 0.3192638, 8.243557, 106.7295, 243.9545
-0.6887608, 0.3192638, 8.236577, 90.82014, 244.0546
-0.6887608, 0.4692639, 8.236577, 90.82014, 232.2072
box_3_Hareli(Clone) stack 18 Shelf_0 Rack_0_0_1
-0.4852311, 0.6192639, 8.247244, 107.0822, 220.24
-0.6847438, 0.6192639, 8.233293, 91.07303, 220.3967
-0.7000903, 0.6192639, 8.452757, 94.07789, 217.9978
-0.5005775, 0.6192639, 8.466708, 109.6328, 217.8499
-0.7000903, 0.6192639, 8.452757, 94.07789, 217.9978
-0.7000903, 0.4692639, 8.452757, 94.07789, 229.5174
-0.5005775, 0.4692639, 8.466708, 109.6328, 229.349
-0.5005775, 0.6192639, 8.466708, 109.6328, 217.8499
-0.5005775, 0.6192639, 8.466708, 109.6328, 217.8499
-0.5005775, 0.4692639, 8.466708, 109.6328, 229.349
-0.4852311, 0.4692638, 8.247244, 107.0822, 232.0709
-0.4852311, 0.6192639, 8.247244, 107.0822, 220.24
-0.6847438, 0.4692638, 8.233293, 91.07303, 232.2492
-0.4852311, 0.4692638, 8.247244, 107.0822, 232.0709
-0.5005775, 0.4692639, 8.466708, 109.6328, 229.349
-0.7000903, 0.4692639, 8.452757, 94.07789, 229.5174
-0.6847438, 0.6192639, 8.233293, 91.07303, 220.3967
-0.6847438, 0.4692638, 8.233293, 91.07303, 232.2492
-0.7000903, 0.4692639, 8.452757, 94.07789, 229.5174
-0.7000903, 0.6192639, 8.452757, 94.07789, 217.9978
-0.4852311, 0.6192639, 8.247244, 107.0822, 220.24
-0.4852311, 0.4692638, 8.247244, 107.0822, 232.0709
-0.6847438, 0.4692638, 8.233293, 91.07303, 232.2492
-0.6847438, 0.6192639, 8.233293, 91.07303, 220.3967
box_3_Hareli(Clone) stack 18 Shelf_0 Rack_0_0_1
-0.4926607, 0.7692639, 8.240001, 106.3689, 208.4792
-0.6926607, 0.7692639, 8.240001, 90.57944, 208.4792
-0.6926607, 0.7692639, 8.46, 94.78309, 206.412
-0.4926607, 0.7692639, 8.46, 110.1284, 206.412
-0.6926607, 0.7692639, 8.46, 94.78309, 206.412
-0.6926607, 0.6192638, 8.46, 94.78309, 217.9209
-0.4926607, 0.6192638, 8.46, 110.1284, 217.9209
-0.4926607, 0.7692639, 8.46, 110.1284, 206.412
-0.4926607, 0.7692639, 8.46, 110.1284, 206.412
-0.4926607, 0.6192638, 8.46, 110.1284, 217.9209
-0.4926607, 0.6192638, 8.240001, 106.3689, 220.3213
-0.4926607, 0.7692639, 8.240001, 106.3689, 208.4792
-0.6926607, 0.6192638, 8.240001, 90.57944, 220.3213
-0.4926607, 0.6192638, 8.240001, 106.3689, 220.3213
-0.4926607, 0.6192638, 8.46, 110.1284, 217.9209
-0.6926607, 0.6192638, 8.46, 94.78309, 217.9209
-0.6926607, 0.7692639, 8.240001, 90.57944, 208.4792
-0.6926607, 0.6192638, 8.240001, 90.57944, 220.3213
-0.6926607, 0.6192638, 8.46, 94.78309, 217.9209
-0.6926607, 0.7692639, 8.46, 94.78309, 206.412
-0.4926607, 0.7692639, 8.240001, 106.3689, 208.4792
-0.4926607, 0.6192638, 8.240001, 106.3689, 220.3213
-0.6926607, 0.6192638, 8.240001, 90.57944, 220.3213
-0.6926607, 0.7692639, 8.240001, 90.57944, 208.4792
box_3_Hareli(Clone) stack 19 Shelf_1 Rack_0_0_1
0.6594669, 1.353857, 8.231704, 197.2797, 162.3569
0.4602279, 1.353857, 8.249134, 181.6671, 162.2943
0.4794022, 1.353857, 8.468297, 184.7698, 161.5301
0.6786411, 1.353857, 8.450867, 199.9513, 161.5893
0.4794022, 1.353857, 8.468297, 184.7698, 161.5301
0.4794022, 1.203857, 8.468297, 184.7698, 173.0269
0.6786411, 1.203857, 8.450867, 199.9513, 173.1117
0.6786411, 1.353857, 8.450867, 199.9513, 161.5893
0.6786411, 1.353857, 8.450867, 199.9513, 161.5893
0.6786411, 1.203857, 8.450867, 199.9513, 173.1117
0.6594669, 1.203857, 8.231704, 197.2797, 174.212
0.6594669, 1.353857, 8.231704, 197.2797, 162.3569
0.4602279, 1.203857, 8.249134, 181.6671, 174.1221
0.6594669, 1.203857, 8.231704, 197.2797, 174.212
0.6786411, 1.203857, 8.450867, 199.9513, 173.1117
0.4794022, 1.203857, 8.468297, 184.7698, 173.0269
0.4602279, 1.353857, 8.249134, 181.6671, 162.2943
0.4602279, 1.203857, 8.249134, 181.6671, 174.1221
0.4794022, 1.203857, 8.468297, 184.7698, 173.0269
0.4794022, 1.353857, 8.468297, 184.7698, 161.5301
0.6594669, 1.353857, 8.231704, 197.2797, 162.3569
0.6594669, 1.203857, 8.231704, 197.2797, 174.212
0.4602279, 1.203857, 8.249134, 181.6671, 174.1221
0.4602279, 1.353857, 8.249134, 181.6671, 162.2943
box_3_Hareli(Clone) stack 19 Shelf_1 Rack_0_0_1
0.6786411, 1.503857, 8.249134, 198.8895, 150.4664
0.4794022, 1.503857, 8.231704, 183.0486, 150.5019
0.4602279, 1.503857, 8.450867, 183.1736, 150.0669
0.6594669, 1.503857, 8.468297, 198.5708, 150.0334
0.4602279, 1.503857, 8.450867, 183.1736, 150.0669
0.4602279, 1.353857, 8.450867, 183.1736, 161.5893
0.6594669, 1.353857, 8.468297, 198.5708, 161.5301
0.6594669, 1.503857, 8.468297, 198.5708, 150.0334
0.6594669, 1.503857, 8.468297, 198.5708, 150.0334
0.6594669, 1.353857, 8.468297, 198.5708, 161.5301
0.6786411, 1.353857, 8.249134, 198.8895, 162.2943
0.6786411, 1.503857, 8.249134, 198.8895, 150.4664
0.4794022, 1.353857, 8.231704, 183.0486, 162.3569
0.6786411, 1.353857, 8.249134, 198.8895, 162.2943
0.6594669, 1.353857, 8.468297, 198.5708, 161.5301
0.4602279, 1.353857, 8.450867, 183.1736, 161.5893
0.4794022, 1.503857, 8.231704, 183.0486, 150.5019
0.4794022, 1.353857, 8.231704, 183.0486, 162.3569
0.4602279, 1.353857, 8.450867, 183.1736, 161.5893
0.4602279, 1.503857, 8.450867, 183.1736, 150.0669
0.6786411, 1.503857, 8.249134, 198.8895, 150.4664
0.6786411, 1.353857, 8.249134, 198.8895, 162.2943
0.4794022, 1.353857, 8.231704, 183.0486, 162.3569
0.4794022, 1.503857, 8.231704, 183.0486, 150.5019
box_3_Hareli(Clone) stack 19 Shelf_1 Rack_0_0_1
0.6786411, 1.653857, 8.249134, 198.8895, 138.6385
0.4794022, 1.653857, 8.231704, 183.0486, 138.6468
0.4602279, 1.653857, 8.450867, 183.1736, 138.5445
0.6594669, 1.653857, 8.468297, 198.5708, 138.5366
0.4602279, 1.653857, 8.450867, 183.1736, 138.5445
0.4602279, 1.503857, 8.450867, 183.1736, 150.0669
0.6594669, 1.503857, 8.468297, 198.5708, 150.0334
0.6594669, 1.653857, 8.468297, 198.5708, 138.5366
0.6594669, 1.653857, 8.468297, 198.5708, 138.5366
0.6594669, 1.503857, 8.468297, 198.5708, 150.0334
0.6786411, 1.503857, 8.249134, 198.8895, 150.4664
0.6786411, 1.653857, 8.249134, 198.8895, 138.6385
0.4794022, 1.503857, 8.231704, 183.0486, 150.5019
0.6786411, 1.503857, 8.249134, 198.8895, 150.4664
0.6594669, 1.503857, 8.468297, 198.5708, 150.0334
0.4602279, 1.503857, 8.450867, 183.1736, 150.0669
0.4794022, 1.653857, 8.231704, 183.0486, 138.6468
0.4794022, 1.503857, 8.231704, 183.0486, 150.5019
0.4602279, 1.503857, 8.450867, 183.1736, 150.0669
0.4602279, 1.653857, 8.450867, 183.1736, 138.5445
0.6786411, 1.653857, 8.249134, 198.8895, 138.6385
0.6786411, 1.503857, 8.249134, 198.8895, 150.4664
0.4794022, 1.503857, 8.231704, 183.0486, 150.5019
0.4794022, 1.653857, 8.231704, 183.0486, 138.6468
box_3_Hareli(Clone) stack 19 Shelf_1 Rack_0_0_1
0.6768641, 1.803857, 8.247244, 198.7391, 126.8085
0.4773513, 1.803857, 8.233293, 182.8984, 126.7935
0.4620049, 1.803857, 8.452757, 183.3239, 127.024
0.6615177, 1.803857, 8.466708, 198.7197, 127.0383
0.4620049, 1.803857, 8.452757, 183.3239, 127.024
0.4620049, 1.653857, 8.452757, 183.3239, 138.5436
0.6615177, 1.653857, 8.466708, 198.7197, 138.5373
0.6615177, 1.803857, 8.466708, 198.7197, 127.0383
0.6615177, 1.803857, 8.466708, 198.7197, 127.0383
0.6615177, 1.653857, 8.466708, 198.7197, 138.5373
0.6768641, 1.653857, 8.247244, 198.7391, 138.6394
0.6768641, 1.803857, 8.247244, 198.7391, 126.8085
0.4773513, 1.653857, 8.233293, 182.8984, 138.6461
0.6768641, 1.653857, 8.247244, 198.7391, 138.6394
0.6615177, 1.653857, 8.466708, 198.7197, 138.5373
0.4620049, 1.653857, 8.452757, 183.3239, 138.5436
0.4773513, 1.803857, 8.233293, 182.8984, 126.7935
0.4773513, 1.653857, 8.233293, 182.8984, 138.6461
0.4620049, 1.653857, 8.452757, 183.3239, 138.5436
0.4620049, 1.803857, 8.452757, 183.3239, 127.024
0.6768641, 1.803857, 8.247244, 198.7391, 126.8085
0.6768641, 1.653857, 8.247244, 198.7391, 138.6394
0.4773513, 1.653857, 8.233293, 182.8984, 138.6461
0.4773513, 1.803857, 8.233293, 182.8984, 126.7935
box_3_Hareli(Clone) stack 19 Shelf_1 Rack_0_0_1
0.671339, 1.953857, 8.241762, 198.2733, 114.9633
0.4713695, 1.953857, 8.238272, 182.4635, 114.9541
0.46753, 1.953857, 8.458239, 183.7876, 115.5181
0.6674995, 1.953857, 8.461729, 199.1522, 115.5268
0.46753, 1.953857, 8.458239, 183.7876, 115.5181
0.46753, 1.803857, 8.458239, 183.7876, 127.0296
0.6674995, 1.803857, 8.461729, 199.1522, 127.0332
0.6674995, 1.953857, 8.461729, 199.1522, 115.5268
0.6674995, 1.953857, 8.461729, 199.1522, 115.5268
0.6674995, 1.803857, 8.461729, 199.1522, 127.0332
0.671339, 1.803857, 8.241762, 198.2733, 126.8026
0.671339, 1.953857, 8.241762, 198.2733, 114.9633
0.4713695, 1.803857, 8.238272, 182.4635, 126.7989
0.671339, 1.803857, 8.241762, 198.2733, 126.8026
0.6674995, 1.803857, 8.461729, 199.1522, 127.0332
0.46753, 1.803857, 8.458239, 183.7876, 127.0296
0.4713695, 1.953857, 8.238272, 182.4635, 114.9541
0.4713695, 1.803857, 8.238272, 182.4635, 126.7989
0.46753, 1.803857, 8.458239, 183.7876, 127.0296
0.46753, 1.953857, 8.458239, 183.7876, 115.5181
0.671339, 1.953857, 8.241762, 198.2733, 114.9633
0.671339, 1.803857, 8.241762, 198.2733, 126.8026
0.4713695, 1.803857, 8.238272, 182.4635, 126.7989
0.4713695, 1.953857, 8.238272, 182.4635, 114.9541
box_3_Hareli(Clone) stack 21 Shelf_1 Rack_0_0_1
-0.07153017, 1.353857, 8.247244, 139.7116, 162.301
-0.2710429, 1.353857, 8.233293, 123.7625, 162.3512
-0.2863894, 1.353858, 8.452757, 125.8491, 161.5829
-0.08687659, 1.353858, 8.466708, 141.3473, 161.5355
-0.2863894, 1.353858, 8.452757, 125.8491, 161.5829
-0.2863894, 1.203857, 8.452757, 125.8491, 173.1025
-0.08687659, 1.203857, 8.466708, 141.3473, 173.0346
-0.08687659, 1.353858, 8.466708, 141.3473, 161.5355
-0.08687659, 1.353858, 8.466708, 141.3473, 161.5355
-0.08687659, 1.203857, 8.466708, 141.3473, 173.0346
-0.07153017, 1.203857, 8.247244, 139.7116, 174.1319
-0.07153017, 1.353857, 8.247244, 139.7116, 162.301
-0.2710429, 1.203857, 8.233293, 123.7625, 174.2038
-0.07153017, 1.203857, 8.247244, 139.7116, 174.1319
-0.08687659, 1.203857, 8.466708, 141.3473, 173.0346
-0.2863894, 1.203857, 8.452757, 125.8491, 173.1025
-0.2710429, 1.353857, 8.233293, 123.7625, 162.3512
-0.2710429, 1.203857, 8.233293, 123.7625, 174.2038
-0.2863894, 1.203857, 8.452757, 125.8491, 173.1025
-0.2863894, 1.353858, 8.452757, 125.8491, 161.5829
-0.07153017, 1.353857, 8.247244, 139.7116, 162.301
-0.07153017, 1.203857, 8.247244, 139.7116, 174.1319
-0.2710429, 1.203857, 8.233293, 123.7625, 174.2038
-0.2710429, 1.353857, 8.233293, 123.7625, 162.3512
box_3_Hareli(Clone) stack 21 Shelf_1 Rack_0_0_1
-0.09100571, 1.503857, 8.23015, 137.9463, 150.505
-0.2899101, 1.503857, 8.251056, 122.5464, 150.4625
-0.2669138, 1.503857, 8.469851, 127.5907, 150.0304
-0.06800944, 1.503857, 8.448945, 142.5726, 150.0706
-0.2669138, 1.503857, 8.469851, 127.5907, 150.0304
-0.2669138, 1.353857, 8.469851, 127.5907, 161.5249
-0.06800944, 1.353857, 8.448945, 142.5726, 161.5959
-0.06800944, 1.503857, 8.448945, 142.5726, 150.0706
-0.06800944, 1.503857, 8.448945, 142.5726, 150.0706
-0.06800944, 1.353857, 8.448945, 142.5726, 161.5959
-0.09100571, 1.353857, 8.23015, 137.9463, 162.3625
-0.09100571, 1.503857, 8.23015, 137.9463, 150.505
-0.2899101, 1.353857, 8.251056, 122.5464, 162.2874
-0.09100571, 1.353857, 8.23015, 137.9463, 162.3625
-0.06800944, 1.353857, 8.448945, 142.5726, 161.5959
-0.2669138, 1.353857, 8.469851, 127.5907, 161.5249
-0.2899101, 1.503857, 8.251056, 122.5464, 150.4625
-0.2899101, 1.353857, 8.251056, 122.5464, 162.2874
-0.2669138, 1.353857, 8.469851, 127.5907, 161.5249
-0.2669138, 1.503857, 8.469851, 127.5907, 150.0304
-0.09100571, 1.503857, 8.23015, 137.9463, 150.505
-0.09100571, 1.353857, 8.23015, 137.9463, 162.3625
-0.2899101, 1.353857, 8.251056, 122.5464, 162.2874
-0.2899101, 1.503857, 8.251056, 122.5464, 150.4625
box_3_Hareli(Clone) stack 21 Shelf_1 Rack_0_0_1
-0.08892744, 1.653857, 8.231704, 138.1314, 138.6468
-0.2881664, 1.653857, 8.249134, 122.6542, 138.6385
-0.2689921, 1.653857, 8.468297, 127.4091, 138.5366
-0.06975318, 1.653857, 8.450867, 142.4626, 138.5445
-0.2689921, 1.653857, 8.468297, 127.4091, 138.5366
-0.2689921, 1.503857, 8.468297, 127.4091, 150.0334
-0.06975318, 1.503857, 8.450867, 142.4626, 150.0669
-0.06975318, 1.653857, 8.450867, 142.4626, 138.5445
-0.06975318, 1.653857, 8.450867, 142.4626, 138.5445
-0.06975318, 1.503857, 8.450867, 142.4626, 150.0669
-0.08892744, 1.503857, 8.231704, 138.1314, 150.5019
-0.08892744, 1.653857, 8.231704, 138.1314, 138.6468
-0.2881664, 1.503857, 8.249134, 122.6542, 150.4664
-0.08892744, 1.503857, 8.231704, 138.1314, 150.5019
-0.06975318, 1.503857, 8.450867, 142.4626, 150.0669
-0.2689921, 1.503857, 8.468297, 127.4091, 150.0334
-0.2881664, 1.653857, 8.249134, 122.6542, 138.6385
-0.2881664, 1.503857, 8.249134, 122.6542, 150.4664
-0.2689921, 1.503857, 8.468297, 127.4091, 150.0334
-0.2689921, 1.653857, 8.468297, 127.4091, 138.5366
-0.08892744, 1.653857, 8.231704, 138.1314, 138.6468
-0.08892744, 1.503857, 8.231704, 138.1314, 150.5019
-0.2881664, 1.503857, 8.249134, 122.6542, 150.4664
-0.2881664, 1.653857, 8.249134, 122.6542, 138.6385
box_3_Hareli(Clone) stack 21 Shelf_1 Rack_0_0_1
-0.08892744, 1.803857, 8.231704, 138.1314, 126.7918
-0.2881664, 1.803857, 8.249134, 122.6542, 126.8106
-0.2689921, 1.803857, 8.468297, 127.4091, 127.0399
-0.06975318, 1.803857, 8.450867, 142.4626, 127.0221
-0.2689921, 1.803857, 8.468297, 127.4091, 127.0399
-0.2689921, 1.653857, 8.468297, 127.4091, 138.5366
-0.06975318, 1.653857, 8.450867, 142.4626, 138.5445
-0.06975318, 1.803857, 8.450867, 142.4626, 127.0221
-0.06975318, 1.803857, 8.450867, 142.4626, 127.0221
-0.06975318, 1.653857, 8.450867, 142.4626, 138.5445
-0.08892744, 1.653857, 8.231704, 138.1314, 138.6468
-0.08892744, 1.803857, 8.231704, 138.1314, 126.7918
-0.2881664, 1.653857, 8.249134, 122.6542, 138.6385
-0.08892744, 1.653857, 8.231704, 138.1314, 138.6468
-0.06975318, 1.653857, 8.450867, 142.4626, 138.5445
-0.2689921, 1.653857, 8.468297, 127.4091, 138.5366
-0.2881664, 1.803857, 8.249134, 122.6542, 126.8106
-0.2881664, 1.653857, 8.249134, 122.6542, 138.6385
-0.2689921, 1.653857, 8.468297, 127.4091, 138.5366
-0.2689921, 1.803857, 8.468297, 127.4091, 127.0399
-0.08892744, 1.803857, 8.231704, 138.1314, 126.7918
-0.08892744, 1.653857, 8.231704, 138.1314, 138.6468
-0.2881664, 1.653857, 8.249134, 122.6542, 138.6385
-0.2881664, 1.803857, 8.249134, 122.6542, 126.8106
box_3_Hareli(Clone) stack 21 Shelf_1 Rack_0_0_1
-0.07705524, 1.953857, 8.241762, 139.2032, 114.9633
-0.2770248, 1.953857, 8.238272, 123.3663, 114.9541
-0.2808643, 1.953857, 8.458239, 126.3531, 115.5181
-0.08089478, 1.953857, 8.461729, 141.7434, 115.5268
-0.2808643, 1.953857, 8.458239, 126.3531, 115.5181
-0.2808643, 1.803857, 8.458239, 126.3531, 127.0296
-0.08089478, 1.803857, 8.461729, 141.7434, 127.0332
-0.08089478, 1.953857, 8.461729, 141.7434, 115.5268
-0.08089478, 1.953857, 8.461729, 141.7434, 115.5268
-0.08089478, 1.803857, 8.461729, 141.7434, 127.0332
-0.07705524, 1.803857, 8.241762, 139.2032, 126.8026
-0.07705524, 1.953857, 8.241762, 139.2032, 114.9633
-0.2770248, 1.803857, 8.238272, 123.3663, 126.7989
-0.07705524, 1.803857, 8.241762, 139.2032, 126.8026
-0.08089478, 1.803857, 8.461729, 141.7434, 127.0332
-0.2808643, 1.803857, 8.458239, 126.3531, 127.0296
-0.2770248, 1.953857, 8.238272, 123.3663, 114.9541
-0.2770248, 1.803857, 8.238272, 123.3663, 126.7989
-0.2808643, 1.803857, 8.458239, 126.3531, 127.0296
-0.2808643, 1.953857, 8.458239, 126.3531, 115.5181
-0.07705524, 1.953857, 8.241762, 139.2032, 114.9633
-0.07705524, 1.803857, 8.241762, 139.2032, 126.8026
-0.2770248, 1.803857, 8.238272, 123.3663, 126.7989
-0.2770248, 1.953857, 8.238272, 123.3663, 114.9541
box_7_litchi(Clone) stack 22 Shelf_1 Rack_0_0_1
-0.4485653, 1.414419, 8.259096, 110.1763, 157.4894
-0.6478042, 1.414419, 8.241665, 94.15267, 157.541
-0.6652354, 1.414419, 8.440905, 96.53701, 156.9652
-0.4659964, 1.414419, 8.458336, 112.147, 156.9163
-0.6652354, 1.414419, 8.440905, 96.53701, 156.9652
-0.6652354, 1.204419, 8.440905, 96.53701, 173.1172
-0.4659964, 1.204419, 8.458336, 112.147, 173.0322
-0.4659964, 1.414419, 8.458336, 112.147, 156.9163
-0.4659964, 1.414419, 8.458336, 112.147, 156.9163
-0.4659964, 1.204419, 8.458336, 112.147, 173.0322
-0.4485653, 1.204419, 8.259096, 110.1763, 174.0268
-0.4485653, 1.414419, 8.259096, 110.1763, 157.4894
-0.6478042, 1.204419, 8.241665, 94.15267, 174.1163
-0.4485653, 1.204419, 8.259096, 110.1763, 174.0268
-0.4659964, 1.204419, 8.458336, 112.147, 173.0322
-0.6652354, 1.204419, 8.440905, 96.53701, 173.1172
-0.6478042, 1.414419, 8.241665, 94.15267, 157.541
-0.6478042, 1.204419, 8.241665, 94.15267, 174.1163
-0.6652354, 1.204419, 8.440905, 96.53701, 173.1172
-0.6652354, 1.414419, 8.440905, 96.53701, 156.9652
-0.4485653, 1.414419, 8.259096, 110.1763, 157.4894
-0.4485653, 1.204419, 8.259096, 110.1763, 174.0268
-0.6478042, 1.204419, 8.241665, 94.15267, 174.1163
-0.6478042, 1.414419, 8.241665, 94.15267, 157.541
box_7_litchi(Clone) stack 22 Shelf_1 Rack_0_0_1
-0.4551703, 1.624419, 8.25176, 109.5306, 140.9577
-0.6551399, 1.624419, 8.24827, 93.70081, 140.9604
-0.6586303, 1.624419, 8.44824, 97.17932, 140.8078
-0.4586608, 1.624419, 8.451731, 112.6023, 140.8052
-0.6586303, 1.624419, 8.44824, 97.17932, 140.8078
-0.6586303, 1.414419, 8.44824, 97.17932, 156.9446
-0.4586608, 1.414419, 8.451731, 112.6023, 156.9348
-0.4586608, 1.624419, 8.451731, 112.6023, 140.8052
-0.4586608, 1.624419, 8.451731, 112.6023, 140.8052
-0.4586608, 1.414419, 8.451731, 112.6023, 156.9348
-0.4551703, 1.414419, 8.25176, 109.5306, 157.511
-0.4551703, 1.624419, 8.25176, 109.5306, 140.9577
-0.6551399, 1.414419, 8.24827, 93.70081, 157.5214
-0.4551703, 1.414419, 8.25176, 109.5306, 157.511
-0.4586608, 1.414419, 8.451731, 112.6023, 156.9348
-0.6586303, 1.414419, 8.44824, 97.17932, 156.9446
-0.6551399, 1.624419, 8.24827, 93.70081, 140.9604
-0.6551399, 1.414419, 8.24827, 93.70081, 157.5214
-0.6586303, 1.414419, 8.44824, 97.17932, 156.9446
-0.6586303, 1.624419, 8.44824, 97.17932, 140.8078
-0.4551703, 1.624419, 8.25176, 109.5306, 140.9577
-0.4551703, 1.414419, 8.25176, 109.5306, 157.511
-0.6551399, 1.414419, 8.24827, 93.70081, 157.5214
-0.6551399, 1.624419, 8.24827, 93.70081, 140.9604
box_7_litchi(Clone) stack 22 Shelf_1 Rack_0_0_1
-0.4485653, 1.834419, 8.259096, 110.1763, 124.4146
-0.6478042, 1.834419, 8.241665, 94.15267, 124.3903
-0.6652354, 1.834419, 8.440905, 96.53701, 124.6613
-0.4659964, 1.834419, 8.458336, 112.147, 124.6843
-0.6652354, 1.834419, 8.440905, 96.53701, 124.6613
-0.6652354, 1.624419, 8.440905, 96.53701, 140.8132
-0.4659964, 1.624419, 8.458336, 112.147, 140.8003
-0.4659964, 1.834419, 8.458336, 112.147, 124.6843
-0.4659964, 1.834419, 8.458336, 112.147, 124.6843
-0.4659964, 1.624419, 8.458336, 112.147, 140.8003
-0.4485653, 1.624419, 8.259096, 110.1763, 140.952
-0.4485653, 1.834419, 8.259096, 110.1763, 124.4146
-0.6478042, 1.624419, 8.241665, 94.15267, 140.9656
-0.4485653, 1.624419, 8.259096, 110.1763, 140.952
-0.4659964, 1.624419, 8.458336, 112.147, 140.8003
-0.6652354, 1.624419, 8.440905, 96.53701, 140.8132
-0.6478042, 1.834419, 8.241665, 94.15267, 124.3903
-0.6478042, 1.624419, 8.241665, 94.15267, 140.9656
-0.6652354, 1.624419, 8.440905, 96.53701, 140.8132
-0.6652354, 1.834419, 8.440905, 96.53701, 124.6613
-0.4485653, 1.834419, 8.259096, 110.1763, 124.4146
-0.4485653, 1.624419, 8.259096, 110.1763, 140.952
-0.6478042, 1.624419, 8.241665, 94.15267, 140.9656
-0.6478042, 1.834419, 8.241665, 94.15267, 124.3903
box_7_litchi(Clone) stack 22 Shelf_1 Rack_0_0_1
-0.4569003, 2.044419, 8.25, 109.364, 107.8448
-0.6569003, 2.044419, 8.25, 93.59526, 107.8448
-0.6569003, 2.044419, 8.450001, 97.34443, 108.5401
-0.4569003, 2.044419, 8.450001, 112.7094, 108.5401
-0.6569003, 2.044419, 8.450001, 97.34443, 108.5401
-0.6569003, 1.834419, 8.450001, 97.34443, 124.6733
-0.4569003, 1.834419, 8.450001, 112.7094, 124.6733
-0.4569003, 2.044419, 8.450001, 112.7094, 108.5401
-0.4569003, 2.044419, 8.450001, 112.7094, 108.5401
-0.4569003, 1.834419, 8.450001, 112.7094, 124.6733
-0.4569003, 1.834419, 8.25, 109.364, 124.4019
-0.4569003, 2.044419, 8.25, 109.364, 107.8448
-0.6569003, 1.834419, 8.25, 93.59526, 124.4019
-0.4569003, 1.834419, 8.25, 109.364, 124.4019
-0.4569003, 1.834419, 8.450001, 112.7094, 124.6733
-0.6569003, 1.834419, 8.450001, 97.34443, 124.6733
-0.6569003, 2.044419, 8.25, 93.59526, 107.8448
-0.6569003, 1.834419, 8.25, 93.59526, 124.4019
-0.6569003, 1.834419, 8.450001, 97.34443, 124.6733
-0.6569003, 2.044419, 8.450001, 97.34443, 108.5401
-0.4569003, 2.044419, 8.25, 109.364, 107.8448
-0.4569003, 1.834419, 8.25, 109.364, 124.4019
-0.6569003, 1.834419, 8.25, 93.59526, 124.4019
-0.6569003, 2.044419, 8.25, 93.59526, 107.8448
box_8_lizol(Clone) stack 23 Shelf_2 Rack_0_0_1
0.6987044, 2.565368, 8.226596, 200.3541, 66.56073
0.4987043, 2.565368, 8.226596, 184.5368, 66.56073
0.4987043, 2.565368, 8.473405, 186.2842, 68.71707
0.6987044, 2.565368, 8.473405, 201.6032, 68.71707
0.4987043, 2.565368, 8.473405, 186.2842, 68.71707
0.4987043, 2.389118, 8.473405, 186.2842, 82.21696
0.6987044, 2.389118, 8.473405, 201.6032, 82.21696
0.6987044, 2.565368, 8.473405, 201.6032, 68.71707
0.6987044, 2.565368, 8.473405, 201.6032, 68.71707
0.6987044, 2.389118, 8.473405, 201.6032, 82.21696
0.6987044, 2.389118, 8.226596, 200.3541, 80.4998
0.6987044, 2.565368, 8.226596, 200.3541, 66.56073
0.4987043, 2.389118, 8.226596, 184.5368, 80.4998
0.6987044, 2.389118, 8.226596, 200.3541, 80.4998
0.6987044, 2.389118, 8.473405, 201.6032, 82.21696
0.4987043, 2.389118, 8.473405, 186.2842, 82.21696
0.4987043, 2.565368, 8.226596, 184.5368, 66.56073
0.4987043, 2.389118, 8.226596, 184.5368, 80.4998
0.4987043, 2.389118, 8.473405, 186.2842, 82.21696
0.4987043, 2.565368, 8.473405, 186.2842, 68.71707
0.6987044, 2.565368, 8.226596, 200.3541, 66.56073
0.6987044, 2.389118, 8.226596, 200.3541, 80.4998
0.4987043, 2.389118, 8.226596, 184.5368, 80.4998
0.4987043, 2.565368, 8.226596, 184.5368, 66.56073
box_8_lizol(Clone) stack 23 Shelf_2 Rack_0_0_1
0.7090792, 2.741618, 8.235782, 201.2216, 52.72131
0.5098403, 2.741618, 8.21835, 185.3581, 52.53204
0.4883295, 2.741618, 8.464219, 185.4256, 55.12355
0.6875684, 2.741618, 8.48165, 200.7916, 55.30109
0.4883295, 2.741618, 8.464219, 185.4256, 55.12355
0.4883295, 2.565368, 8.464219, 185.4256, 68.63925
0.6875684, 2.565368, 8.48165, 200.7916, 68.78677
0.6875684, 2.741618, 8.48165, 200.7916, 55.30109
0.6875684, 2.741618, 8.48165, 200.7916, 55.30109
0.6875684, 2.565368, 8.48165, 200.7916, 68.78677
0.7090792, 2.565368, 8.235782, 201.2216, 66.64352
0.7090792, 2.741618, 8.235782, 201.2216, 52.72131
0.5098403, 2.565368, 8.21835, 185.3581, 66.48628
0.7090792, 2.565368, 8.235782, 201.2216, 66.64352
0.6875684, 2.565368, 8.48165, 200.7916, 68.78677
0.4883295, 2.565368, 8.464219, 185.4256, 68.63925
0.5098403, 2.741618, 8.21835, 185.3581, 52.53204
0.5098403, 2.565368, 8.21835, 185.3581, 66.48628
0.4883295, 2.565368, 8.464219, 185.4256, 68.63925
0.4883295, 2.741618, 8.464219, 185.4256, 55.12355
0.7090792, 2.741618, 8.235782, 201.2216, 52.72131
0.7090792, 2.565368, 8.235782, 201.2216, 66.64352
0.5098403, 2.565368, 8.21835, 185.3581, 66.48628
0.5098403, 2.741618, 8.21835, 185.3581, 52.53204
box_5_LMRR(Clone) stack 24 Shelf_2 Rack_0_0_1
0.3172211, 2.531555, 8.204492, 169.9798, 69.04276
0.1173429, 2.531555, 8.211472, 154.205, 69.10355
0.1272617, 2.531555, 8.495509, 158.0648, 71.48622
0.3271399, 2.531555, 8.488529, 173.2721, 71.42973
0.1272617, 2.531555, 8.495509, 158.0648, 71.48622
0.1272617, 2.389055, 8.495509, 158.0648, 82.37032
0.3271399, 2.389055, 8.488529, 173.2721, 82.32352
0.3271399, 2.531555, 8.488529, 173.2721, 71.42973
0.3271399, 2.531555, 8.488529, 173.2721, 71.42973
0.3271399, 2.389055, 8.488529, 173.2721, 82.32352
0.3172211, 2.389055, 8.204492, 169.9798, 80.34557
0.3172211, 2.531555, 8.204492, 169.9798, 69.04276
0.1173429, 2.389055, 8.211472, 154.205, 80.39597
0.3172211, 2.389055, 8.204492, 169.9798, 80.34557
0.3271399, 2.389055, 8.488529, 173.2721, 82.32352
0.1272617, 2.389055, 8.495509, 158.0648, 82.37032
0.1173429, 2.531555, 8.211472, 154.205, 69.10355
0.1173429, 2.389055, 8.211472, 154.205, 80.39597
0.1272617, 2.389055, 8.495509, 158.0648, 82.37032
0.1272617, 2.531555, 8.495509, 158.0648, 71.48622
0.3172211, 2.531555, 8.204492, 169.9798, 69.04276
0.3172211, 2.389055, 8.204492, 169.9798, 80.34557
0.1173429, 2.389055, 8.211472, 154.205, 80.39597
0.1173429, 2.531555, 8.211472, 154.205, 69.10355
box_5_LMRR(Clone) stack 24 Shelf_2 Rack_0_0_1
0.3319106, 2.674055, 8.215217, 171.2424, 57.84932
0.1323978, 2.674055, 8.201265, 155.2838, 57.70697
0.1125723, 2.674055, 8.484784, 156.8293, 60.50043
0.3120851, 2.674055, 8.498735, 172.2094, 60.63269
0.1125723, 2.674055, 8.484784, 156.8293, 60.50043
0.1125723, 2.531555, 8.484784, 156.8293, 71.3994
0.3120851, 2.531555, 8.498735, 172.2094, 71.5123
0.3120851, 2.674055, 8.498735, 172.2094, 60.63269
0.3120851, 2.674055, 8.498735, 172.2094, 60.63269
0.3120851, 2.531555, 8.498735, 172.2094, 71.5123
0.3319106, 2.531555, 8.215217, 171.2424, 69.13615
0.3319106, 2.674055, 8.215217, 171.2424, 57.84932
0.1323978, 2.531555, 8.201265, 155.2838, 69.01462
0.3319106, 2.531555, 8.215217, 171.2424, 69.13615
0.3120851, 2.531555, 8.498735, 172.2094, 71.5123
0.1125723, 2.531555, 8.484784, 156.8293, 71.3994
0.1323978, 2.674055, 8.201265, 155.2838, 57.70697
0.1323978, 2.531555, 8.201265, 155.2838, 69.01462
0.1125723, 2.531555, 8.484784, 156.8293, 71.3994
0.1125723, 2.674055, 8.484784, 156.8293, 60.50043
0.3319106, 2.674055, 8.215217, 171.2424, 57.84932
0.3319106, 2.531555, 8.215217, 171.2424, 69.13615
0.1323978, 2.531555, 8.201265, 155.2838, 69.01462
0.1323978, 2.674055, 8.201265, 155.2838, 57.70697
box_7_litchi(Clone) stack 25 Shelf_2 Rack_0_0_1
-0.05376676, 2.599012, 8.262933, 141.3162, 64.23886
-0.252276, 2.599012, 8.238559, 125.3249, 64.01189
-0.2766499, 2.599012, 8.437068, 126.3689, 65.8192
-0.07814063, 2.599012, 8.461442, 141.951, 66.03479
-0.2766499, 2.599012, 8.437068, 126.3689, 65.8192
-0.2766499, 2.389012, 8.437068, 126.3689, 81.97913
-0.07814063, 2.389012, 8.461442, 141.951, 82.14435
-0.07814063, 2.599012, 8.461442, 141.951, 66.03479
-0.07814063, 2.599012, 8.461442, 141.951, 66.03479
-0.07814063, 2.389012, 8.461442, 141.951, 82.14435
-0.05376676, 2.389012, 8.262933, 141.3162, 80.76794
-0.05376676, 2.599012, 8.262933, 141.3162, 64.23886
-0.252276, 2.389012, 8.238559, 125.3249, 80.59399
-0.05376676, 2.389012, 8.262933, 141.3162, 80.76794
-0.07814063, 2.389012, 8.461442, 141.951, 82.14435
-0.2766499, 2.389012, 8.437068, 126.3689, 81.97913
-0.252276, 2.599012, 8.238559, 125.3249, 64.01189
-0.252276, 2.389012, 8.238559, 125.3249, 80.59399
-0.2766499, 2.389012, 8.437068, 126.3689, 81.97913
-0.2766499, 2.599012, 8.437068, 126.3689, 65.8192
-0.05376676, 2.599012, 8.262933, 141.3162, 64.23886
-0.05376676, 2.389012, 8.262933, 141.3162, 80.76794
-0.252276, 2.389012, 8.238559, 125.3249, 80.59399
-0.252276, 2.599012, 8.238559, 125.3249, 64.01189
box_7_litchi(Clone) stack 25 Shelf_2 Rack_0_0_1
-0.05687325, 2.809012, 8.259096, 141.0219, 47.66583
-0.2561122, 2.809012, 8.241665, 125.069, 47.46558
-0.2735434, 2.809012, 8.440905, 126.6637, 49.70125
-0.07430441, 2.809012, 8.458336, 142.2065, 49.89143
-0.2735434, 2.809012, 8.440905, 126.6637, 49.70125
-0.2735434, 2.599012, 8.440905, 126.6637, 65.85323
-0.07430441, 2.599012, 8.458336, 142.2065, 66.00739
-0.07430441, 2.809012, 8.458336, 142.2065, 49.89143
-0.07430441, 2.809012, 8.458336, 142.2065, 49.89143
-0.07430441, 2.599012, 8.458336, 142.2065, 66.00739
-0.05687325, 2.599012, 8.259096, 141.0219, 64.20323
-0.05687325, 2.809012, 8.259096, 141.0219, 47.66583
-0.2561122, 2.599012, 8.241665, 125.069, 64.04088
-0.05687325, 2.599012, 8.259096, 141.0219, 64.20323
-0.07430441, 2.599012, 8.458336, 142.2065, 66.00739
-0.2735434, 2.599012, 8.440905, 126.6637, 65.85323
-0.2561122, 2.809012, 8.241665, 125.069, 47.46558
-0.2561122, 2.599012, 8.241665, 125.069, 64.04088
-0.2735434, 2.599012, 8.440905, 126.6637, 65.85323
-0.2735434, 2.809012, 8.440905, 126.6637, 49.70125
-0.05687325, 2.809012, 8.259096, 141.0219, 47.66583
-0.05687325, 2.599012, 8.259096, 141.0219, 64.20323
-0.2561122, 2.599012, 8.241665, 125.069, 64.04088
-0.2561122, 2.809012, 8.241665, 125.069, 47.46558
box_7_litchi(Clone) stack 25 Shelf_2 Rack_0_0_1
-0.06011177, 3.019012, 8.255371, 140.7183, 31.07762
-0.2598377, 3.019012, 8.244904, 124.824, 30.93459
-0.2703049, 3.019012, 8.44463, 126.9667, 33.59769
-0.07057896, 3.019012, 8.455097, 142.452, 33.73352
-0.2703049, 3.019012, 8.44463, 126.9667, 33.59769
-0.2703049, 2.809012, 8.44463, 126.9667, 49.74196
-0.07057896, 2.809012, 8.455097, 142.452, 49.85616
-0.07057896, 3.019012, 8.455097, 142.452, 33.73352
-0.07057896, 3.019012, 8.455097, 142.452, 33.73352
-0.07057896, 2.809012, 8.455097, 142.452, 49.85616
-0.06011177, 2.809012, 8.255371, 140.7183, 47.62312
-0.06011177, 3.019012, 8.255371, 140.7183, 31.07762
-0.2598377, 2.809012, 8.244904, 124.824, 47.50284
-0.06011177, 2.809012, 8.255371, 140.7183, 47.62312
-0.07057896, 2.809012, 8.455097, 142.452, 49.85616
-0.2703049, 2.809012, 8.44463, 126.9667, 49.74196
-0.2598377, 3.019012, 8.244904, 124.824, 30.93459
-0.2598377, 2.809012, 8.244904, 124.824, 47.50284
-0.2703049, 2.809012, 8.44463, 126.9667, 49.74196
-0.2703049, 3.019012, 8.44463, 126.9667, 33.59769
-0.06011177, 3.019012, 8.255371, 140.7183, 31.07762
-0.06011177, 2.809012, 8.255371, 140.7183, 47.62312
-0.2598377, 2.809012, 8.244904, 124.824, 47.50284
-0.2598377, 3.019012, 8.244904, 124.824, 30.93459
box_5_LMRR(Clone) stack 26 Shelf_2 Rack_0_0_1
-0.4235744, 2.531555, 8.221142, 111.5042, 69.18761
-0.6220837, 2.531555, 8.196768, 95.32834, 68.97533
-0.6567202, 2.531555, 8.478859, 97.88341, 71.3513
-0.4582109, 2.531555, 8.503233, 113.4711, 71.54861
-0.6567202, 2.531555, 8.478859, 97.88341, 71.3513
-0.6567202, 2.389055, 8.478859, 97.88341, 82.25853
-0.4582109, 2.389055, 8.503233, 113.4711, 82.422
-0.4582109, 2.531555, 8.503233, 113.4711, 71.54861
-0.4582109, 2.531555, 8.503233, 113.4711, 71.54861
-0.4582109, 2.389055, 8.503233, 113.4711, 82.422
-0.4235744, 2.389055, 8.221142, 111.5042, 80.46559
-0.4235744, 2.531555, 8.221142, 111.5042, 69.18761
-0.6220837, 2.389055, 8.196768, 95.32834, 80.28969
-0.4235744, 2.389055, 8.221142, 111.5042, 80.46559
-0.4582109, 2.389055, 8.503233, 113.4711, 82.422
-0.6567202, 2.389055, 8.478859, 97.88341, 82.25853
-0.6220837, 2.531555, 8.196768, 95.32834, 68.97533
-0.6220837, 2.389055, 8.196768, 95.32834, 80.28969
-0.6567202, 2.389055, 8.478859, 97.88341, 82.25853
-0.6567202, 2.531555, 8.478859, 97.88341, 71.3513
-0.4235744, 2.531555, 8.221142, 111.5042, 69.18761
-0.4235744, 2.389055, 8.221142, 111.5042, 80.46559
-0.6220837, 2.389055, 8.196768, 95.32834, 80.28969
-0.6220837, 2.531555, 8.196768, 95.32834, 68.97533
box_5_LMRR(Clone) stack 26 Shelf_2 Rack_0_0_1
-0.4477216, 2.674055, 8.202856, 109.2778, 57.72324
-0.6474475, 2.674055, 8.213324, 93.63516, 57.83005
-0.632573, 2.674055, 8.497145, 100.0581, 60.61763
-0.4328471, 2.674055, 8.486677, 115.1436, 60.51839
-0.632573, 2.674055, 8.497145, 100.0581, 60.61763
-0.632573, 2.531555, 8.497145, 100.0581, 71.49947
-0.4328471, 2.531555, 8.486677, 115.1436, 71.41475
-0.4328471, 2.674055, 8.486677, 115.1436, 60.51839
-0.4328471, 2.674055, 8.486677, 115.1436, 60.51839
-0.4328471, 2.531555, 8.486677, 115.1436, 71.41475
-0.4477216, 2.531555, 8.202856, 109.2778, 69.0285
-0.4477216, 2.674055, 8.202856, 109.2778, 57.72324
-0.6474475, 2.531555, 8.213324, 93.63516, 69.11969
-0.4477216, 2.531555, 8.202856, 109.2778, 69.0285
-0.4328471, 2.531555, 8.486677, 115.1436, 71.41475
-0.632573, 2.531555, 8.497145, 100.0581, 71.49947
-0.6474475, 2.674055, 8.213324, 93.63516, 57.83005
-0.6474475, 2.531555, 8.213324, 93.63516, 69.11969
-0.632573, 2.531555, 8.497145, 100.0581, 71.49947
-0.632573, 2.674055, 8.497145, 100.0581, 60.61763
-0.4477216, 2.674055, 8.202856, 109.2778, 57.72324
-0.4477216, 2.531555, 8.202856, 109.2778, 69.0285
-0.6474475, 2.531555, 8.213324, 93.63516, 69.11969
-0.6474475, 2.674055, 8.213324, 93.63516, 57.83005
box_5_LMRR(Clone) stack 26 Shelf_2 Rack_0_0_1
-0.4304782, 2.816555, 8.215217, 110.8569, 46.56255
-0.6299909, 2.816555, 8.201265, 94.78695, 46.39937
-0.6498165, 2.816555, 8.484784, 98.51875, 49.60147
-0.4503037, 2.816555, 8.498735, 114.0024, 49.7531
-0.6498165, 2.816555, 8.484784, 98.51875, 49.60147
-0.6498165, 2.674055, 8.484784, 98.51875, 60.50046
-0.4503037, 2.674055, 8.498735, 114.0024, 60.63272
-0.4503037, 2.816555, 8.498735, 114.0024, 49.7531
-0.4503037, 2.816555, 8.498735, 114.0024, 49.7531
-0.4503037, 2.674055, 8.498735, 114.0024, 60.63272
-0.4304782, 2.674055, 8.215217, 110.8569, 57.84937
-0.4304782, 2.816555, 8.215217, 110.8569, 46.56255
-0.6299909, 2.674055, 8.201265, 94.78695, 57.70702
-0.4304782, 2.674055, 8.215217, 110.8569, 57.84937
-0.4503037, 2.674055, 8.498735, 114.0024, 60.63272
-0.6498165, 2.674055, 8.484784, 98.51875, 60.50046
-0.6299909, 2.816555, 8.201265, 94.78695, 46.39937
-0.6299909, 2.674055, 8.201265, 94.78695, 57.70702
-0.6498165, 2.674055, 8.484784, 98.51875, 60.50046
-0.6498165, 2.816555, 8.484784, 98.51875, 49.60147
-0.4304782, 2.816555, 8.215217, 110.8569, 46.56255
-0.4304782, 2.674055, 8.215217, 110.8569, 57.84937
-0.6299909, 2.674055, 8.201265, 94.78695, 57.70702
-0.6299909, 2.816555, 8.201265, 94.78695, 46.39937
box_3_Hareli(Clone) stack 30 Shelf_0 Rack_0_0_2
-1.767787, 0.1692639, 8.23015, 5.396976, 256.0044
-1.744791, 0.1692639, 8.448945, 13.7371, 252.6141
-1.744791, 0.01926387, 8.448945, 13.7371, 264.1393
-1.744791, 0.1692639, 8.448945, 13.7371, 252.6141
-1.744791, 0.1692639, 8.448945, 13.7371, 252.6141
-1.744791, 0.01926387, 8.448945, 13.7371, 264.1393
-1.767787, 0.01926387, 8.23015, 5.396976, 267.8619
-1.767787, 0.1692639, 8.23015, 5.396976, 256.0044
-1.767787, 0.01926387, 8.23015, 5.396976, 267.8619
-1.744791, 0.01926387, 8.448945, 13.7371, 264.1393
-1.767787, 0.1692639, 8.23015, 5.396976, 256.0044
-1.767787, 0.01926387, 8.23015, 5.396976, 267.8619
box_3_Hareli(Clone) stack 30 Shelf_0 Rack_0_0_2
-1.750121, 0.3192639, 8.245385, 7.260604, 243.9283
-1.761635, 0.3192638, 8.465083, 12.91218, 240.87
-1.761635, 0.1692639, 8.465083, 12.91218, 252.3715
-1.761635, 0.3192638, 8.465083, 12.91218, 240.87
-1.761635, 0.3192638, 8.465083, 12.91218, 240.87
-1.761635, 0.1692639, 8.465083, 12.91218, 252.3715
-1.750121, 0.1692639, 8.245385, 7.260604, 255.762
-1.750121, 0.3192639, 8.245385, 7.260604, 243.9283
-1.750121, 0.1692639, 8.245385, 7.260604, 255.762
-1.761635, 0.1692639, 8.465083, 12.91218, 252.3715
-1.750121, 0.3192639, 8.245385, 7.260604, 243.9283
-1.750121, 0.1692639, 8.245385, 7.260604, 255.762
box_3_Hareli(Clone) stack 30 Shelf_0 Rack_0_0_2
-1.759641, 0.4692639, 8.236577, 6.238861, 232.2072
-1.751963, 0.4692639, 8.456444, 13.40362, 229.4729
-1.751963, 0.3192639, 8.456444, 13.40362, 240.987
-1.751963, 0.4692639, 8.456444, 13.40362, 229.4729
-1.751963, 0.4692639, 8.456444, 13.40362, 229.4729
-1.751963, 0.3192639, 8.456444, 13.40362, 240.987
-1.759641, 0.3192638, 8.236577, 6.238861, 244.0546
-1.759641, 0.4692639, 8.236577, 6.238861, 232.2072
-1.759641, 0.3192638, 8.236577, 6.238861, 244.0546
-1.751963, 0.3192639, 8.456444, 13.40362, 240.987
-1.759641, 0.4692639, 8.236577, 6.238861, 232.2072
-1.759641, 0.3192638, 8.236577, 6.238861, 244.0546
box_3_Hareli(Clone) stack 30 Shelf_0 Rack_0_0_2
-1.748312, 0.6192639, 8.247244, 7.460203, 220.24
-1.763658, 0.6192639, 8.466708, 12.80425, 217.8499
-1.763658, 0.4692639, 8.466708, 12.80425, 229.349
-1.763658, 0.6192639, 8.466708, 12.80425, 217.8499
-1.763658, 0.6192639, 8.466708, 12.80425, 217.8499
-1.763658, 0.4692639, 8.466708, 12.80425, 229.349
-1.748312, 0.4692638, 8.247244, 7.460203, 232.0709
-1.748312, 0.6192639, 8.247244, 7.460203, 220.24
-1.748312, 0.4692638, 8.247244, 7.460203, 232.0709
-1.763658, 0.4692639, 8.466708, 12.80425, 229.349
-1.748312, 0.6192639, 8.247244, 7.460203, 220.24
-1.748312, 0.4692638, 8.247244, 7.460203, 232.0709
box_6_melody(Clone) stack 34 Shelf_1 Rack_0_0_2
-1.78114, 1.391943, 8.220205, 4.032254, 159.3838
-1.756054, 1.391943, 8.45889, 13.16065, 158.6395
-1.756054, 1.204443, 8.45889, 13.16065, 173.0277
-1.756054, 1.391943, 8.45889, 13.16065, 158.6395
-1.756054, 1.391943, 8.45889, 13.16065, 158.6395
-1.756054, 1.204443, 8.45889, 13.16065, 173.0277
-1.78114, 1.204443, 8.220205, 4.032254, 174.2251
-1.78114, 1.391943, 8.220205, 4.032254, 159.3838
-1.78114, 1.204443, 8.220205, 4.032254, 174.2251
-1.756054, 1.204443, 8.45889, 13.16065, 173.0277
-1.78114, 1.391943, 8.220205, 4.032254, 159.3838
-1.78114, 1.204443, 8.220205, 4.032254, 174.2251
box_6_melody(Clone) stack 34 Shelf_1 Rack_0_0_2
-1.757971, 1.579443, 8.239173, 6.450562, 144.5187
-1.778888, 1.579443, 8.478259, 11.97324, 144.2284
-1.778888, 1.391943, 8.478259, 11.97324, 158.581
-1.778888, 1.579443, 8.478259, 11.97324, 144.2284
-1.778888, 1.579443, 8.478259, 11.97324, 144.2284
-1.778888, 1.391943, 8.478259, 11.97324, 158.581
-1.757971, 1.391943, 8.239173, 6.450562, 159.3229
-1.757971, 1.579443, 8.239173, 6.450562, 144.5187
-1.757971, 1.391943, 8.239173, 6.450562, 159.3229
-1.778888, 1.391943, 8.478259, 11.97324, 158.581
-1.757971, 1.579443, 8.239173, 6.450562, 144.5187
-1.757971, 1.391943, 8.239173, 6.450562, 159.3229
box_6_melody(Clone) stack 34 Shelf_1 Rack_0_0_2
-1.75417, 1.766943, 8.243082, 6.870604, 129.7172
-1.783419, 1.766943, 8.481293, 11.71479, 129.8777
-1.783419, 1.579443, 8.481293, 11.71479, 144.2248
-1.783419, 1.766943, 8.481293, 11.71479, 129.8777
-1.783419, 1.766943, 8.481293, 11.71479, 129.8777
-1.783419, 1.579443, 8.481293, 11.71479, 144.2248
-1.75417, 1.579443, 8.243082, 6.870604, 144.5138
-1.75417, 1.766943, 8.243082, 6.870604, 129.7172
-1.75417, 1.579443, 8.243082, 6.870604, 144.5138
-1.783419, 1.579443, 8.481293, 11.71479, 144.2248
-1.75417, 1.766943, 8.243082, 6.870604, 129.7172
-1.75417, 1.579443, 8.243082, 6.870604, 144.5138
box_6_melody(Clone) stack 34 Shelf_1 Rack_0_0_2
-1.776664, 1.954443, 8.223317, 4.48328, 114.8682
-1.759922, 1.954443, 8.462732, 12.97535, 115.4843
-1.759922, 1.766943, 8.462732, 12.97535, 129.8655
-1.759922, 1.954443, 8.462732, 12.97535, 115.4843
-1.759922, 1.954443, 8.462732, 12.97535, 115.4843
-1.759922, 1.766943, 8.462732, 12.97535, 129.8655
-1.776664, 1.766943, 8.223317, 4.48328, 129.7034
-1.776664, 1.954443, 8.223317, 4.48328, 114.8682
-1.776664, 1.766943, 8.223317, 4.48328, 129.7034
-1.759922, 1.766943, 8.462732, 12.97535, 129.8655
-1.776664, 1.954443, 8.223317, 4.48328, 114.8682
-1.776664, 1.766943, 8.223317, 4.48328, 129.7034
box4_Fairever(Clone) stack 35 Shelf_2 Rack_0_0_2
-1.432216, 2.553905, 8.23538, 32.06707, 67.54544
-1.632095, 2.553905, 8.2284, 16.07184, 67.4834
-1.640344, 2.553905, 8.464621, 22.19954, 69.52168
-1.440465, 2.553905, 8.471601, 37.70687, 69.58003
-1.640344, 2.553905, 8.464621, 22.19954, 69.52168
-1.640344, 2.388905, 8.464621, 22.19954, 82.17406
-1.440465, 2.388905, 8.471601, 37.70687, 82.22115
-1.440465, 2.553905, 8.471601, 37.70687, 69.58003
-1.440465, 2.553905, 8.471601, 37.70687, 69.58003
-1.440465, 2.388905, 8.471601, 37.70687, 82.22115
-1.432216, 2.388905, 8.23538, 32.06707, 80.5797
-1.432216, 2.553905, 8.23538, 32.06707, 67.54544
-1.632095, 2.388905, 8.2284, 16.07184, 80.52963
-1.432216, 2.388905, 8.23538, 32.06707, 80.5797
-1.440465, 2.388905, 8.471601, 37.70687, 82.22115
-1.640344, 2.388905, 8.464621, 22.19954, 82.17406
-1.632095, 2.553905, 8.2284, 16.07184, 67.4834
-1.632095, 2.388905, 8.2284, 16.07184, 80.52963
-1.640344, 2.388905, 8.464621, 22.19954, 82.17406
-1.640344, 2.553905, 8.464621, 22.19954, 69.52168
-1.432216, 2.553905, 8.23538, 32.06707, 67.54544
-1.432216, 2.388905, 8.23538, 32.06707, 80.5797
-1.632095, 2.388905, 8.2284, 16.07184, 80.52963
-1.632095, 2.553905, 8.2284, 16.07184, 67.4834
box_7_litchi(Clone) stack 36 Shelf_2 Rack_0_0_2
-1.809243, 2.599012, 8.253551, 2.851038, 64.15167
-1.816223, 2.599012, 8.453429, 8.381624, 65.96407
-1.816223, 2.389012, 8.453429, 8.381624, 82.09015
-1.816223, 2.599012, 8.453429, 8.381624, 65.96407
-1.816223, 2.599012, 8.453429, 8.381624, 65.96407
-1.816223, 2.389012, 8.453429, 8.381624, 82.09015
-1.809243, 2.389012, 8.253551, 2.851038, 80.70111
-1.809243, 2.599012, 8.253551, 2.851038, 64.15167
-1.809243, 2.389012, 8.253551, 2.851038, 80.70111
-1.816223, 2.389012, 8.453429, 8.381624, 82.09015
-1.809243, 2.599012, 8.253551, 2.851038, 64.15167
-1.809243, 2.389012, 8.253551, 2.851038, 80.70111
box_7_litchi(Clone) stack 36 Shelf_2 Rack_0_0_2
-1.809243, 2.809012, 8.253551, 2.851038, 47.60223
-1.816223, 2.809012, 8.453429, 8.381624, 49.83798
-1.816223, 2.599012, 8.453429, 8.381624, 65.96407
-1.816223, 2.809012, 8.453429, 8.381624, 49.83798
-1.816223, 2.809012, 8.453429, 8.381624, 49.83798
-1.816223, 2.599012, 8.453429, 8.381624, 65.96407
-1.809243, 2.599012, 8.253551, 2.851038, 64.15167
-1.809243, 2.809012, 8.253551, 2.851038, 47.60223
-1.809243, 2.599012, 8.253551, 2.851038, 64.15167
-1.816223, 2.599012, 8.453429, 8.381624, 65.96407
-1.809243, 2.809012, 8.253551, 2.851038, 47.60223
-1.809243, 2.599012, 8.253551, 2.851038, 64.15167
box_7_litchi(Clone) stack 36 Shelf_2 Rack_0_0_2
-1.801231, 3.019012, 8.262933, 3.773575, 31.18071
-1.825605, 3.019012, 8.461442, 7.899241, 33.81566
-1.825605, 2.809012, 8.461442, 7.899241, 49.92523
-1.825605, 3.019012, 8.461442, 7.899241, 33.81566
-1.825605, 3.019012, 8.461442, 7.899241, 33.81566
-1.825605, 2.809012, 8.461442, 7.899241, 49.92523
-1.801231, 2.809012, 8.262933, 3.773575, 47.70981
-1.801231, 3.019012, 8.262933, 3.773575, 31.18071
-1.801231, 2.809012, 8.262933, 3.773575, 47.70981
-1.825605, 2.809012, 8.461442, 7.899241, 49.92523
-1.801231, 3.019012, 8.262933, 3.773575, 31.18071
-1.801231, 2.809012, 8.262933, 3.773575, 47.70981
box_7_litchi(Clone) stack 36 Shelf_2 Rack_0_0_2
-1.804337, 3.229012, 8.259096, 3.409967, 14.59103
-1.821768, 3.229012, 8.458336, 8.10143, 17.65948
-1.821768, 3.019012, 8.458336, 8.10143, 33.77547
-1.821768, 3.229012, 8.458336, 8.10143, 17.65948
-1.821768, 3.229012, 8.458336, 8.10143, 17.65948
-1.821768, 3.019012, 8.458336, 8.10143, 33.77547
-1.804337, 3.019012, 8.259096, 3.409967, 31.12845
-1.804337, 3.229012, 8.259096, 3.409967, 14.59103
-1.804337, 3.019012, 8.259096, 3.409967, 31.12845
-1.821768, 3.019012, 8.458336, 8.10143, 33.77547
-1.804337, 3.229012, 8.259096, 3.409967, 14.59103
-1.804337, 3.019012, 8.259096, 3.409967, 31.12845
