box_8_lizol(Clone) stack 0 Shelf_0 Rack_0_0_0
2.884809, 0.1961813, 8.231998, 388.9576, 253.8477
2.685083, 0.1961813, 8.221532, 373.357, 254.0117
2.672166, 0.1961813, 8.468002, 368.1681, 250.2646
2.871892, 0.1961813, 8.478469, 383.2851, 250.1107
2.672166, 0.1961813, 8.468002, 368.1681, 250.2646
2.672166, 0.0199313, 8.468002, 368.1681, 263.7738
2.871892, 0.0199313, 8.478469, 383.2851, 263.6018
2.871892, 0.1961813, 8.478469, 383.2851, 250.1107
2.871892, 0.1961813, 8.478469, 383.2851, 250.1107
2.871892, 0.0199313, 8.478469, 383.2851, 263.6018
2.884809, 0.0199313, 8.231998, 388.9576, 267.7768
2.884809, 0.1961813, 8.231998, 388.9576, 253.8477
2.685083, 0.0199313, 8.221532, 373.357, 267.9601
2.884809, 0.0199313, 8.231998, 388.9576, 267.7768
2.871892, 0.0199313, 8.478469, 383.2851, 263.6018
2.672166, 0.0199313, 8.468002, 368.1681, 263.7738
2.685083, 0.1961813, 8.221532, 373.357, 254.0117
2.685083, 0.0199313, 8.221532, 373.357, 267.9601
2.672166, 0.0199313, 8.468002, 368.1681, 263.7738
2.672166, 0.1961813, 8.468002, 368.1681, 250.2646
2.884809, 0.1961813, 8.231998, 388.9576, 253.8477
2.884809, 0.0199313, 8.231998, 388.9576, 267.7768
2.685083, 0.0199313, 8.221532, 373.357, 267.9601
2.685083, 0.1961813, 8.221532, 373.357, 254.0117
box_5_LMRR(Clone) stack 1 Shelf_0 Rack_0_0_0
2.491613, 0.162368, 8.202856, 358.3373, 256.9882
2.291887, 0.162368, 8.213324, 342.3504, 256.8196
2.306762, 0.162368, 8.497145, 339.7891, 252.4191
2.506487, 0.162368, 8.486677, 355.1943, 252.5758
2.306762, 0.162368, 8.497145, 339.7891, 252.4191
2.306762, 0.019868, 8.497145, 339.7891, 263.301
2.506487, 0.019868, 8.486677, 355.1943, 263.4721
2.506487, 0.162368, 8.486677, 355.1943, 252.5758
2.506487, 0.162368, 8.486677, 355.1943, 252.5758
2.506487, 0.019868, 8.486677, 355.1943, 263.4721
2.491613, 0.019868, 8.202856, 358.3373, 268.2935
2.491613, 0.162368, 8.202856, 358.3373, 256.9882
2.291887, 0.019868, 8.213324, 342.3504, 268.1092
2.491613, 0.019868, 8.202856, 358.3373, 268.2935
2.506487, 0.019868, 8.486677, 355.1943, 263.4721
2.306762, 0.019868, 8.497145, 339.7891, 263.301
2.291887, 0.162368, 8.213324, 342.3504, 256.8196
2.291887, 0.019868, 8.213324, 342.3504, 268.1092
2.306762, 0.019868, 8.497145, 339.7891, 263.301
2.306762, 0.162368, 8.497145, 339.7891, 252.4191
2.491613, 0.162368, 8.202856, 358.3373, 256.9882
2.491613, 0.019868, 8.202856, 358.3373, 268.2935
2.291887, 0.019868, 8.213324, 342.3504, 268.1092
2.291887, 0.162368, 8.213324, 342.3504, 256.8196
box_5_LMRR(Clone) stack 1 Shelf_0 Rack_0_0_0
2.506487, 0.304868, 8.213324, 359.3521, 245.53
2.306762, 0.304868, 8.202856, 343.6721, 245.683
2.291887, 0.304868, 8.486677, 338.7848, 241.6795
2.491613, 0.304868, 8.497145, 353.905, 241.5373
2.291887, 0.304868, 8.486677, 338.7848, 241.6795
2.291887, 0.162368, 8.486677, 338.7848, 252.5758
2.491613, 0.162368, 8.497145, 353.905, 252.4192
2.491613, 0.304868, 8.497145, 353.905, 241.5373
2.491613, 0.304868, 8.497145, 353.905, 241.5373
2.491613, 0.162368, 8.497145, 353.905, 252.4192
2.506487, 0.162368, 8.213324, 359.3521, 256.8196
2.506487, 0.304868, 8.213324, 359.3521, 245.53
2.306762, 0.162368, 8.202856, 343.6721, 256.9882
2.506487, 0.162368, 8.213324, 359.3521, 256.8196
2.491613, 0.162368, 8.497145, 353.905, 252.4192
2.291887, 0.162368, 8.486677, 338.7848, 252.5758
2.306762, 0.304868, 8.202856, 343.6721, 245.683
2.306762, 0.162368, 8.202856, 343.6721, 256.9882
2.291887, 0.162368, 8.486677, 338.7848, 252.5758
2.291887, 0.304868, 8.486677, 338.7848, 241.6795
2.506487, 0.304868, 8.213324, 359.3521, 245.53
2.506487, 0.162368, 8.213324, 359.3521, 256.8196
2.306762, 0.162368, 8.202856, 343.6721, 256.9882
2.306762, 0.304868, 8.202856, 343.6721, 245.683
box_5_LMRR(Clone) stack 1 Shelf_0 Rack_0_0_0
2.501652, 0.447368, 8.209662, 359.0266, 234.2884
2.301683, 0.447368, 8.206172, 343.2239, 234.3342
2.296722, 0.447368, 8.490338, 339.1083, 230.7384
2.496692, 0.447368, 8.493829, 354.3411, 230.6959
2.296722, 0.447368, 8.490338, 339.1083, 230.7384
2.296722, 0.304868, 8.490338, 339.1083, 241.6297
2.496692, 0.304868, 8.493829, 354.3411, 241.5823
2.496692, 0.447368, 8.493829, 354.3411, 230.6959
2.496692, 0.447368, 8.493829, 354.3411, 230.6959
2.496692, 0.304868, 8.493829, 354.3411, 241.5823
2.501652, 0.3048679, 8.209662, 359.0266, 245.5834
2.501652, 0.447368, 8.209662, 359.0266, 234.2884
2.301683, 0.3048679, 8.206172, 343.2239, 245.6345
2.501652, 0.3048679, 8.209662, 359.0266, 245.5834
2.496692, 0.304868, 8.493829, 354.3411, 241.5823
2.296722, 0.304868, 8.490338, 339.1083, 241.6297
2.301683, 0.447368, 8.206172, 343.2239, 234.3342
2.301683, 0.3048679, 8.206172, 343.2239, 245.6345
2.296722, 0.304868, 8.490338, 339.1083, 241.6297
2.296722, 0.447368, 8.490338, 339.1083, 230.7384
2.501652, 0.447368, 8.209662, 359.0266, 234.2884
2.501652, 0.3048679, 8.209662, 359.0266, 245.5834
2.301683, 0.3048679, 8.206172, 343.2239, 245.6345
2.301683, 0.447368, 8.206172, 343.2239, 234.3342
box_5_LMRR(Clone) stack 1 Shelf_0 Rack_0_0_0
2.494167, 0.5898679, 8.204492, 358.5143, 223.0534
2.294289, 0.5898679, 8.211472, 342.5657, 222.9722
2.304208, 0.589868, 8.495509, 339.6147, 219.7914
2.504086, 0.589868, 8.488529, 354.9836, 219.8668
2.304208, 0.589868, 8.495509, 339.6147, 219.7914
2.304208, 0.447368, 8.495509, 339.6147, 230.6754
2.504086, 0.447368, 8.488529, 354.9836, 230.7605
2.504086, 0.589868, 8.488529, 354.9836, 219.8668
2.504086, 0.589868, 8.488529, 354.9836, 219.8668
2.504086, 0.447368, 8.488529, 354.9836, 230.7605
2.494167, 0.4473679, 8.204492, 358.5143, 234.3562
2.494167, 0.5898679, 8.204492, 358.5143, 223.0534
2.294289, 0.4473679, 8.211472, 342.5657, 234.2646
2.494167, 0.4473679, 8.204492, 358.5143, 234.3562
2.504086, 0.447368, 8.488529, 354.9836, 230.7605
2.304208, 0.447368, 8.495509, 339.6147, 230.6754
2.294289, 0.5898679, 8.211472, 342.5657, 222.9722
2.294289, 0.4473679, 8.211472, 342.5657, 234.2646
2.304208, 0.447368, 8.495509, 339.6147, 230.6754
2.304208, 0.589868, 8.495509, 339.6147, 219.7914
2.494167, 0.5898679, 8.204492, 358.5143, 223.0534
2.494167, 0.4473679, 8.204492, 358.5143, 234.3562
2.294289, 0.4473679, 8.211472, 342.5657, 234.2646
2.294289, 0.5898679, 8.211472, 342.5657, 222.9722
box_5_LMRR(Clone) stack 1 Shelf_0 Rack_0_0_0
2.483785, 0.7323679, 8.198221, 357.7885, 211.8143
2.284881, 0.7323679, 8.219127, 341.7174, 211.6024
2.314589, 0.7323679, 8.50178, 340.3276, 208.8483
2.513494, 0.7323679, 8.480874, 355.8157, 209.0452
2.314589, 0.7323679, 8.50178, 340.3276, 208.8483
2.314589, 0.5898679, 8.50178, 340.3276, 219.7237
2.513494, 0.5898679, 8.480874, 355.8157, 219.9496
2.513494, 0.7323679, 8.480874, 355.8157, 209.0452
2.513494, 0.7323679, 8.480874, 355.8157, 209.0452
2.513494, 0.5898679, 8.480874, 355.8157, 219.9496
2.483785, 0.5898679, 8.198221, 357.7885, 223.1265
2.483785, 0.7323679, 8.198221, 357.7885, 211.8143
2.284881, 0.5898679, 8.219127, 341.7174, 222.8834
2.483785, 0.5898679, 8.198221, 357.7885, 223.1265
2.513494, 0.5898679, 8.480874, 355.8157, 219.9496
2.314589, 0.5898679, 8.50178, 340.3276, 219.7237
2.284881, 0.7323679, 8.219127, 341.7174, 211.6024
2.284881, 0.5898679, 8.219127, 341.7174, 222.8834
2.314589, 0.5898679, 8.50178, 340.3276, 219.7237
2.314589, 0.7323679, 8.50178, 340.3276, 208.8483
2.483785, 0.7323679, 8.198221, 357.7885, 211.8143
2.483785, 0.5898679, 8.198221, 357.7885, 223.1265
2.284881, 0.5898679, 8.219127, 341.7174, 222.8834
2.284881, 0.7323679, 8.219127, 341.7174, 211.6024
box_1_Parle-G-GOLD(Clone) stack 3 Shelf_0 Rack_0_0_0
1.7328, 0.1916559, 8.240561, 297.8484, 254.071
1.533074, 0.1916559, 8.251029, 282.0238, 253.9073
1.543996, 0.1916559, 8.459439, 281.7419, 250.738
1.743722, 0.1916559, 8.448972, 297.1437, 250.8932
1.543996, 0.1916559, 8.459439, 281.7419, 250.738
1.543996, 0.0191559, 8.459439, 281.7419, 263.9743
1.743722, 0.0191559, 8.448972, 297.1437, 264.1472
1.743722, 0.1916559, 8.448972, 297.1437, 250.8932
1.743722, 0.1916559, 8.448972, 297.1437, 250.8932
1.743722, 0.0191559, 8.448972, 297.1437, 264.1472
1.7328, 0.0191559, 8.240561, 297.8484, 267.6884
1.7328, 0.1916559, 8.240561, 297.8484, 254.071
1.533074, 0.0191559, 8.251029, 282.0238, 267.506
1.7328, 0.0191559, 8.240561, 297.8484, 267.6884
1.743722, 0.0191559, 8.448972, 297.1437, 264.1472
1.543996, 0.0191559, 8.459439, 281.7419, 263.9743
1.533074, 0.1916559, 8.251029, 282.0238, 253.9073
1.533074, 0.0191559, 8.251029, 282.0238, 267.506
1.543996, 0.0191559, 8.459439, 281.7419, 263.9743
1.543996, 0.1916559, 8.459439, 281.7419, 250.738
1.7328, 0.1916559, 8.240561, 297.8484, 254.071
1.7328, 0.0191559, 8.240561, 297.8484, 267.6884
1.533074, 0.0191559, 8.251029, 282.0238, 267.506
1.533074, 0.1916559, 8.251029, 282.0238, 253.9073
box_1_Parle-G-GOLD(Clone) stack 3 Shelf_0 Rack_0_0_0
1.743722, 0.3641558, 8.251029, 298.6298, 240.3086
1.543996, 0.3641558, 8.240561, 282.9439, 240.4536
1.533074, 0.3641559, 8.448972, 280.9586, 237.6392
1.7328, 0.3641559, 8.459439, 296.2291, 237.5018
1.533074, 0.3641559, 8.448972, 280.9586, 237.6392
1.533074, 0.1916559, 8.448972, 280.9586, 250.8932
1.7328, 0.1916559, 8.459439, 296.2291, 250.738
1.7328, 0.3641559, 8.459439, 296.2291, 237.5018
1.7328, 0.3641559, 8.459439, 296.2291, 237.5018
1.7328, 0.1916559, 8.459439, 296.2291, 250.738
1.743722, 0.1916559, 8.251029, 298.6298, 253.9073
1.743722, 0.3641558, 8.251029, 298.6298, 240.3086
1.543996, 0.1916559, 8.240561, 282.9439, 254.071
1.743722, 0.1916559, 8.251029, 298.6298, 253.9073
1.7328, 0.1916559, 8.459439, 296.2291, 250.738
1.533074, 0.1916559, 8.448972, 280.9586, 250.8932
1.543996, 0.3641558, 8.240561, 282.9439, 240.4536
1.543996, 0.1916559, 8.240561, 282.9439, 254.071
1.533074, 0.1916559, 8.448972, 280.9586, 250.8932
1.533074, 0.3641559, 8.448972, 280.9586, 237.6392
1.743722, 0.3641558, 8.251029, 298.6298, 240.3086
1.743722, 0.1916559, 8.251029, 298.6298, 253.9073
1.543996, 0.1916559, 8.240561, 282.9439, 254.071
1.543996, 0.3641558, 8.240561, 282.9439, 240.4536
box_1_Parle-G-GOLD(Clone) stack 3 Shelf_0 Rack_0_0_0
1.726943, 0.5366558, 8.235771, 297.4222, 226.8941
1.528039, 0.5366558, 8.256677, 281.596, 226.6419
1.549853, 0.5366558, 8.46423, 282.1654, 224.2109
1.748758, 0.5366558, 8.443324, 297.5722, 224.4499
1.549853, 0.5366558, 8.46423, 282.1654, 224.2109
1.549853, 0.3641559, 8.46423, 282.1654, 237.439
1.748758, 0.3641559, 8.443324, 297.5722, 237.7135
1.748758, 0.5366558, 8.443324, 297.5722, 224.4499
1.748758, 0.5366558, 8.443324, 297.5722, 224.4499
1.748758, 0.3641559, 8.443324, 297.5722, 237.7135
1.726943, 0.3641559, 8.235771, 297.4222, 240.5201
1.726943, 0.5366558, 8.235771, 297.4222, 226.8941
1.528039, 0.3641559, 8.256677, 281.596, 240.2305
1.726943, 0.3641559, 8.235771, 297.4222, 240.5201
1.748758, 0.3641559, 8.443324, 297.5722, 237.7135
1.549853, 0.3641559, 8.46423, 282.1654, 237.439
1.528039, 0.5366558, 8.256677, 281.596, 226.6419
1.528039, 0.3641559, 8.256677, 281.596, 240.2305
1.549853, 0.3641559, 8.46423, 282.1654, 237.439
1.549853, 0.5366558, 8.46423, 282.1654, 224.2109
1.726943, 0.5366558, 8.235771, 297.4222, 226.8941
1.726943, 0.3641559, 8.235771, 297.4222, 240.5201
1.528039, 0.3641559, 8.256677, 281.596, 240.2305
1.528039, 0.5366558, 8.256677, 281.596, 226.6419
box_1_Parle-G-GOLD(Clone) stack 3 Shelf_0 Rack_0_0_0
1.747112, 0.7091558, 8.254766, 298.8682, 213.0729
1.547873, 0.7091558, 8.237334, 283.2683, 213.252
1.529684, 0.7091558, 8.445235, 280.7176, 211.1677
1.728923, 0.7091558, 8.462667, 295.9086, 210.998
1.529684, 0.7091558, 8.445235, 280.7176, 211.1677
1.529684, 0.5366558, 8.445235, 280.7176, 224.428
1.728923, 0.5366558, 8.462667, 295.9086, 224.2287
1.728923, 0.7091558, 8.462667, 295.9086, 210.998
1.728923, 0.7091558, 8.462667, 295.9086, 210.998
1.728923, 0.5366558, 8.462667, 295.9086, 224.2287
1.747112, 0.5366558, 8.254766, 298.8682, 226.6649
1.747112, 0.7091558, 8.254766, 298.8682, 213.0729
1.547873, 0.5366558, 8.237334, 283.2683, 226.8752
1.747112, 0.5366558, 8.254766, 298.8682, 226.6649
1.728923, 0.5366558, 8.462667, 295.9086, 224.2287
1.529684, 0.5366558, 8.445235, 280.7176, 224.428
1.547873, 0.7091558, 8.237334, 283.2683, 213.252
1.547873, 0.5366558, 8.237334, 283.2683, 226.8752
1.529684, 0.5366558, 8.445235, 280.7176, 224.428
1.529684, 0.7091558, 8.445235, 280.7176, 211.1677
1.747112, 0.7091558, 8.254766, 298.8682, 213.0729
1.747112, 0.5366558, 8.254766, 298.8682, 226.6649
1.547873, 0.5366558, 8.237334, 283.2683, 226.8752
1.547873, 0.7091558, 8.237334, 283.2683, 213.252
box_1_Parle-G-GOLD(Clone) stack 3 Shelf_0 Rack_0_0_0
1.734695, 0.8816558, 8.242226, 297.9853, 199.5872
1.534817, 0.8816558, 8.249206, 282.1713, 199.528
1.542101, 0.8816558, 8.457774, 281.6053, 197.8064
1.741979, 0.8816558, 8.450795, 296.9964, 197.8625
1.542101, 0.8816558, 8.457774, 281.6053, 197.8064
1.542101, 0.7091558, 8.457774, 281.6053, 211.0455
1.741979, 0.7091558, 8.450795, 296.9964, 211.1134
1.741979, 0.8816558, 8.450795, 296.9964, 197.8625
1.741979, 0.8816558, 8.450795, 296.9964, 197.8625
1.741979, 0.7091558, 8.450795, 296.9964, 211.1134
1.734695, 0.7091557, 8.242227, 297.9853, 213.2016
1.734695, 0.8816558, 8.242226, 297.9853, 199.5872
1.534817, 0.7091557, 8.249206, 282.1713, 213.1299
1.734695, 0.7091557, 8.242227, 297.9853, 213.2016
1.741979, 0.7091558, 8.450795, 296.9964, 211.1134
1.542101, 0.7091558, 8.457774, 281.6053, 211.0455
1.534817, 0.8816558, 8.249206, 282.1713, 199.528
1.534817, 0.7091557, 8.249206, 282.1713, 213.1299
1.542101, 0.7091558, 8.457774, 281.6053, 211.0455
1.542101, 0.8816558, 8.457774, 281.6053, 197.8064
1.734695, 0.8816558, 8.242226, 297.9853, 199.5872
1.734695, 0.7091557, 8.242227, 297.9853, 213.2016
1.534817, 0.7091557, 8.249206, 282.1713, 213.1299
1.534817, 0.8816558, 8.249206, 282.1713, 199.528
box_6_melody(Clone) stack 4 Shelf_0 Rack_0_0_0
1.361732, 0.2073493, 8.228273, 268.6019, 253.023
1.161762, 0.2073493, 8.231764, 252.7846, 252.9687
1.165951, 0.2073493, 8.471727, 252.7138, 249.3542
1.365921, 0.2073493, 8.468237, 268.0462, 249.4051
1.165951, 0.2073493, 8.471727, 252.7138, 249.3542
1.165951, 0.01984932, 8.471727, 252.7138, 263.7188
1.365921, 0.01984932, 8.468237, 268.0462, 263.7762
1.365921, 0.2073493, 8.468237, 268.0462, 249.4051
1.365921, 0.2073493, 8.468237, 268.0462, 249.4051
1.365921, 0.01984932, 8.468237, 268.0462, 263.7762
1.361732, 0.01984929, 8.228273, 268.6019, 267.8484
1.361732, 0.2073493, 8.228273, 268.6019, 253.023
1.161762, 0.01984929, 8.231764, 252.7846, 267.7874
1.361732, 0.01984929, 8.228273, 268.6019, 267.8484
1.365921, 0.01984932, 8.468237, 268.0462, 263.7762
1.165951, 0.01984932, 8.471727, 252.7138, 263.7188
1.161762, 0.2073493, 8.231764, 252.7846, 252.9687
1.161762, 0.01984929, 8.231764, 252.7846, 267.7874
1.165951, 0.01984932, 8.471727, 252.7138, 263.7188
1.165951, 0.2073493, 8.471727, 252.7138, 249.3542
1.361732, 0.2073493, 8.228273, 268.6019, 253.023
1.361732, 0.01984929, 8.228273, 268.6019, 267.8484
1.161762, 0.01984929, 8.231764, 252.7846, 267.7874
1.161762, 0.2073493, 8.231764, 252.7846, 252.9687
box_6_melody(Clone) stack 4 Shelf_0 Rack_0_0_0
1.35075, 0.3948492, 8.220205, 267.7631, 238.3073
1.151846, 0.3948492, 8.241111, 251.9861, 238.0232
1.176933, 0.3948492, 8.479795, 253.5411, 234.8866
1.375837, 0.3948492, 8.45889, 268.8407, 235.1537
1.176933, 0.3948492, 8.479795, 253.5411, 234.8866
1.176933, 0.2073492, 8.479795, 253.5411, 249.2365
1.375837, 0.2073492, 8.45889, 268.8407, 249.5419
1.375837, 0.3948492, 8.45889, 268.8407, 235.1537
1.375837, 0.3948492, 8.45889, 268.8407, 235.1537
1.375837, 0.2073492, 8.45889, 268.8407, 249.5419
1.35075, 0.2073492, 8.220205, 267.7631, 253.1486
1.35075, 0.3948492, 8.220205, 267.7631, 238.3073
1.151846, 0.2073492, 8.241111, 251.9861, 252.8236
1.35075, 0.2073492, 8.220205, 267.7631, 253.1486
1.375837, 0.2073492, 8.45889, 268.8407, 249.5419
1.176933, 0.2073492, 8.479795, 253.5411, 249.2365
1.151846, 0.3948492, 8.241111, 251.9861, 238.0232
1.151846, 0.2073492, 8.241111, 251.9861, 252.8236
1.176933, 0.2073492, 8.479795, 253.5411, 249.2365
1.176933, 0.3948492, 8.479795, 253.5411, 234.8866
1.35075, 0.3948492, 8.220205, 267.7631, 238.3073
1.35075, 0.2073492, 8.220205, 267.7631, 253.1486
1.151846, 0.2073492, 8.241111, 251.9861, 252.8236
1.151846, 0.3948492, 8.241111, 251.9861, 238.0232
box4_Fairever(Clone) stack 5 Shelf_1 Rack_0_0_0
1.331499, 1.369311, 8.2284, 266.211, 161.1469
1.13162, 1.369311, 8.23538, 250.3974, 161.1229
1.139869, 1.369311, 8.471601, 250.7158, 160.335
1.339748, 1.369311, 8.464621, 266.0522, 160.3575
1.139869, 1.369311, 8.471601, 250.7158, 160.335
1.139869, 1.204311, 8.471601, 250.7158, 172.976
1.339748, 1.204311, 8.464621, 266.0522, 173.0099
1.339748, 1.369311, 8.464621, 266.0522, 160.3575
1.339748, 1.369311, 8.464621, 266.0522, 160.3575
1.339748, 1.204311, 8.464621, 266.0522, 173.0099
1.331499, 1.204311, 8.2284, 266.211, 174.1931
1.331499, 1.369311, 8.2284, 266.211, 161.1469
1.13162, 1.204311, 8.23538, 250.3974, 174.1571
1.331499, 1.204311, 8.2284, 266.211, 174.1931
1.339748, 1.204311, 8.464621, 266.0522, 173.0099
1.139869, 1.204311, 8.471601, 250.7158, 172.976
1.13162, 1.369311, 8.23538, 250.3974, 161.1229
1.13162, 1.204311, 8.23538, 250.3974, 174.1571
1.139869, 1.204311, 8.471601, 250.7158, 172.976
1.139869, 1.369311, 8.471601, 250.7158, 160.335
1.331499, 1.369311, 8.2284, 266.211, 161.1469
1.331499, 1.204311, 8.2284, 266.211, 174.1931
1.13162, 1.204311, 8.23538, 250.3974, 174.1571
1.13162, 1.369311, 8.23538, 250.3974, 161.1229
box4_Fairever(Clone) stack 5 Shelf_1 Rack_0_0_0
1.349341, 1.534311, 8.244886, 267.5619, 148.0723
1.150832, 1.534311, 8.220512, 251.9384, 148.1143
1.122027, 1.534311, 8.455114, 249.3685, 147.7206
1.320536, 1.534311, 8.479488, 264.5324, 147.6811
1.122027, 1.534311, 8.455114, 249.3685, 147.7206
1.122027, 1.369311, 8.455114, 249.3685, 160.3884
1.320536, 1.369311, 8.479488, 264.5324, 160.3094
1.320536, 1.534311, 8.479488, 264.5324, 147.6811
1.320536, 1.534311, 8.479488, 264.5324, 147.6811
1.320536, 1.369311, 8.479488, 264.5324, 160.3094
1.349341, 1.369311, 8.244886, 267.5619, 161.0902
1.349341, 1.534311, 8.244886, 267.5619, 148.0723
1.150832, 1.369311, 8.220512, 251.9384, 161.1741
1.349341, 1.369311, 8.244886, 267.5619, 161.0902
1.320536, 1.369311, 8.479488, 264.5324, 160.3094
1.122027, 1.369311, 8.455114, 249.3685, 160.3884
1.150832, 1.534311, 8.220512, 251.9384, 148.1143
1.150832, 1.369311, 8.220512, 251.9384, 161.1741
1.122027, 1.369311, 8.455114, 249.3685, 160.3884
1.122027, 1.534311, 8.455114, 249.3685, 147.7206
1.349341, 1.534311, 8.244886, 267.5619, 148.0723
1.349341, 1.369311, 8.244886, 267.5619, 161.0902
1.150832, 1.369311, 8.220512, 251.9384, 161.1741
1.150832, 1.534311, 8.220512, 251.9384, 148.1143
box4_Fairever(Clone) stack 5 Shelf_1 Rack_0_0_0
1.337731, 1.699311, 8.233582, 266.6855, 135.0544
1.137762, 1.699311, 8.230091, 250.8901, 135.0544
1.133637, 1.699311, 8.466419, 250.2451, 135.0528
1.333606, 1.699311, 8.46991, 265.564, 135.0528
1.133637, 1.699311, 8.466419, 250.2451, 135.0528
1.133637, 1.534311, 8.466419, 250.2451, 147.7023
1.333606, 1.534311, 8.46991, 265.564, 147.6966
1.333606, 1.699311, 8.46991, 265.564, 135.0528
1.333606, 1.699311, 8.46991, 265.564, 135.0528
1.333606, 1.534311, 8.46991, 265.564, 147.6966
1.337731, 1.534311, 8.233582, 266.6855, 148.0918
1.337731, 1.699311, 8.233582, 266.6855, 135.0544
1.137762, 1.534311, 8.230091, 250.8901, 148.0978
1.337731, 1.534311, 8.233582, 266.6855, 148.0918
1.333606, 1.534311, 8.46991, 265.564, 147.6966
1.133637, 1.534311, 8.466419, 250.2451, 147.7023
1.137762, 1.699311, 8.230091, 250.8901, 135.0544
1.137762, 1.534311, 8.230091, 250.8901, 148.0978
1.133637, 1.534311, 8.466419, 250.2451, 147.7023
1.133637, 1.699311, 8.466419, 250.2451, 135.0528
1.337731, 1.699311, 8.233582, 266.6855, 135.0544
1.337731, 1.534311, 8.233582, 266.6855, 148.0918
1.137762, 1.534311, 8.230091, 250.8901, 148.0978
1.137762, 1.699311, 8.230091, 250.8901, 135.0544
box4_Fairever(Clone) stack 5 Shelf_1 Rack_0_0_0
1.34749, 1.864311, 8.242919, 267.4229, 122.0331
1.148585, 1.864311, 8.222013, 251.7583, 121.9973
1.123878, 1.864311, 8.457082, 249.5083, 122.3883
1.322783, 1.864311, 8.477987, 264.7091, 122.422
1.123878, 1.864311, 8.457082, 249.5083, 122.3883
1.123878, 1.699311, 8.457082, 249.5083, 135.0529
1.322783, 1.699311, 8.477987, 264.7091, 135.0527
1.322783, 1.864311, 8.477987, 264.7091, 122.422
1.322783, 1.864311, 8.477987, 264.7091, 122.422
1.322783, 1.699311, 8.477987, 264.7091, 135.0527
1.34749, 1.699311, 8.242919, 267.4229, 135.0544
1.34749, 1.864311, 8.242919, 267.4229, 122.0331
1.148585, 1.699311, 8.222013, 251.7583, 135.0545
1.34749, 1.699311, 8.242919, 267.4229, 135.0544
1.322783, 1.699311, 8.477987, 264.7091, 135.0527
1.123878, 1.699311, 8.457082, 249.5083, 135.0529
1.148585, 1.864311, 8.222013, 251.7583, 121.9973
1.148585, 1.699311, 8.222013, 251.7583, 135.0545
1.123878, 1.699311, 8.457082, 249.5083, 135.0529
1.123878, 1.864311, 8.457082, 249.5083, 122.3883
1.34749, 1.864311, 8.242919, 267.4229, 122.0331
1.34749, 1.699311, 8.242919, 267.4229, 135.0544
1.148585, 1.699311, 8.222013, 251.7583, 135.0545
1.148585, 1.864311, 8.222013, 251.7583, 121.9973
box4_Fairever(Clone) stack 5 Shelf_1 Rack_0_0_0
1.34749, 2.029311, 8.242919, 267.4229, 109.0117
1.148585, 2.029311, 8.222013, 251.7583, 108.9401
1.123878, 2.029311, 8.457082, 249.5083, 109.7237
1.322783, 2.029311, 8.477987, 264.7091, 109.7911
1.123878, 2.029311, 8.457082, 249.5083, 109.7237
1.123878, 1.864311, 8.457082, 249.5083, 122.3883
1.322783, 1.864311, 8.477987, 264.7091, 122.4219
1.322783, 2.029311, 8.477987, 264.7091, 109.7911
1.322783, 2.029311, 8.477987, 264.7091, 109.7911
1.322783, 1.864311, 8.477987, 264.7091, 122.4219
1.34749, 1.864311, 8.242919, 267.4229, 122.033
1.34749, 2.029311, 8.242919, 267.4229, 109.0117
1.148585, 1.864311, 8.222013, 251.7583, 121.9973
1.34749, 1.864311, 8.242919, 267.4229, 122.033
1.322783, 1.864311, 8.477987, 264.7091, 122.4219
1.123878, 1.864311, 8.457082, 249.5083, 122.3883
1.148585, 2.029311, 8.222013, 251.7583, 108.9401
1.148585, 1.864311, 8.222013, 251.7583, 121.9973
1.123878, 1.864311, 8.457082, 249.5083, 122.3883
1.123878, 2.029311, 8.457082, 249.5083, 109.7237
1.34749, 2.029311, 8.242919, 267.4229, 109.0117
1.34749, 1.864311, 8.242919, 267.4229, 122.033
1.148585, 1.864311, 8.222013, 251.7583, 121.9973
1.148585, 2.029311, 8.222013, 251.7583, 108.9401
box_2_Parle-G(Clone) stack 7 Shelf_1 Rack_0_0_0
2.106623, 1.459015, 8.291327, 326.7789, 153.8975
1.907385, 1.459015, 8.273895, 311.3176, 153.9406
1.895593, 1.459015, 8.408674, 309.1696, 153.612
2.094832, 1.459015, 8.426105, 324.3681, 153.5703
1.895593, 1.459015, 8.408674, 309.1696, 153.612
1.895593, 1.204015, 8.408674, 309.1696, 173.3065
2.094832, 1.204015, 8.426105, 324.3681, 173.2208
2.094832, 1.459015, 8.426105, 324.3681, 153.5703
2.094832, 1.459015, 8.426105, 324.3681, 153.5703
2.094832, 1.204015, 8.426105, 324.3681, 173.2208
2.106623, 1.204015, 8.291327, 326.7789, 173.894
2.106623, 1.459015, 8.291327, 326.7789, 153.8975
1.907385, 1.204015, 8.273895, 311.3176, 173.9828
2.106623, 1.204015, 8.291327, 326.7789, 173.894
2.094832, 1.204015, 8.426105, 324.3681, 173.2208
1.895593, 1.204015, 8.408674, 309.1696, 173.3065
1.907385, 1.459015, 8.273895, 311.3176, 153.9406
1.907385, 1.204015, 8.273895, 311.3176, 173.9828
1.895593, 1.204015, 8.408674, 309.1696, 173.3065
1.895593, 1.459015, 8.408674, 309.1696, 153.612
2.106623, 1.459015, 8.291327, 326.7789, 153.8975
2.106623, 1.204015, 8.291327, 326.7789, 173.894
1.907385, 1.204015, 8.273895, 311.3176, 173.9828
1.907385, 1.459015, 8.273895, 311.3176, 153.9406
box_2_Parle-G(Clone) stack 7 Shelf_1 Rack_0_0_0
2.103408, 1.714015, 8.285885, 326.5884, 133.9002
1.90353, 1.714015, 8.278905, 310.968, 133.8992
1.898808, 1.714015, 8.414116, 309.3693, 133.9183
2.098686, 1.714015, 8.421096, 324.7197, 133.9193
1.898808, 1.714015, 8.414116, 309.3693, 133.9183
1.898808, 1.459015, 8.414116, 309.3693, 153.599
2.098686, 1.459015, 8.421096, 324.7197, 153.5823
2.098686, 1.714015, 8.421096, 324.7197, 133.9193
2.098686, 1.714015, 8.421096, 324.7197, 133.9193
2.098686, 1.459015, 8.421096, 324.7197, 153.5823
2.103408, 1.459015, 8.285885, 326.5884, 153.9109
2.103408, 1.714015, 8.285885, 326.5884, 133.9002
1.90353, 1.459015, 8.278905, 310.968, 153.9282
2.103408, 1.459015, 8.285885, 326.5884, 153.9109
2.098686, 1.459015, 8.421096, 324.7197, 153.5823
1.898808, 1.459015, 8.414116, 309.3693, 153.599
1.90353, 1.714015, 8.278905, 310.968, 133.8992
1.90353, 1.459015, 8.278905, 310.968, 153.9282
1.898808, 1.459015, 8.414116, 309.3693, 153.599
1.898808, 1.714015, 8.414116, 309.3693, 133.9183
2.103408, 1.714015, 8.285885, 326.5884, 133.9002
2.103408, 1.459015, 8.285885, 326.5884, 153.9109
1.90353, 1.459015, 8.278905, 310.968, 153.9282
1.90353, 1.714015, 8.278905, 310.968, 133.8992
box_2_Parle-G(Clone) stack 7 Shelf_1 Rack_0_0_0
2.105583, 1.969016, 8.289494, 326.7182, 113.8994
1.906071, 1.969016, 8.275542, 311.1989, 113.8608
1.896633, 1.969016, 8.410507, 309.2336, 114.228
2.096146, 1.969016, 8.424459, 324.4873, 114.2652
1.896633, 1.969016, 8.410507, 309.2336, 114.228
1.896633, 1.714015, 8.410507, 309.2336, 133.9178
2.096146, 1.714015, 8.424459, 324.4873, 133.9197
2.096146, 1.969016, 8.424459, 324.4873, 114.2652
2.096146, 1.969016, 8.424459, 324.4873, 114.2652
2.096146, 1.714015, 8.424459, 324.4873, 133.9197
2.105583, 1.714015, 8.289494, 326.7182, 133.9007
2.105583, 1.969016, 8.289494, 326.7182, 113.8994
1.906071, 1.714015, 8.275542, 311.1989, 133.8987
2.105583, 1.714015, 8.289494, 326.7182, 133.9007
2.096146, 1.714015, 8.424459, 324.4873, 133.9197
1.896633, 1.714015, 8.410507, 309.2336, 133.9178
1.906071, 1.969016, 8.275542, 311.1989, 113.8608
1.906071, 1.714015, 8.275542, 311.1989, 133.8987
1.896633, 1.714015, 8.410507, 309.2336, 133.9178
1.896633, 1.969016, 8.410507, 309.2336, 114.228
2.105583, 1.969016, 8.289494, 326.7182, 113.8994
2.105583, 1.714015, 8.289494, 326.7182, 133.9007
1.906071, 1.714015, 8.275542, 311.1989, 133.8987
1.906071, 1.969016, 8.275542, 311.1989, 113.8608
box_7_litchi(Clone) stack 9 Shelf_1 Rack_0_0_0
2.883061, 1.414419, 8.257219, 388.3267, 157.4949
2.683548, 1.414419, 8.243268, 372.8546, 157.5362
2.669597, 1.414419, 8.442781, 368.3848, 156.9599
2.86911, 1.414419, 8.456733, 383.4699, 156.9207
2.669597, 1.414419, 8.442781, 368.3848, 156.9599
2.669597, 1.204419, 8.442781, 368.3848, 173.108
2.86911, 1.204419, 8.456733, 383.4699, 173.04
2.86911, 1.414419, 8.456733, 383.4699, 156.9207
2.86911, 1.414419, 8.456733, 383.4699, 156.9207
2.86911, 1.204419, 8.456733, 383.4699, 173.04
2.883061, 1.204419, 8.257219, 388.3267, 174.0364
2.883061, 1.414419, 8.257219, 388.3267, 157.4949
2.683548, 1.204419, 8.243268, 372.8546, 174.108
2.883061, 1.204419, 8.257219, 388.3267, 174.0364
2.86911, 1.204419, 8.456733, 383.4699, 173.04
2.669597, 1.204419, 8.442781, 368.3848, 173.108
2.683548, 1.414419, 8.243268, 372.8546, 157.5362
2.683548, 1.204419, 8.243268, 372.8546, 174.108
2.669597, 1.204419, 8.442781, 368.3848, 173.108
2.669597, 1.414419, 8.442781, 368.3848, 156.9599
2.883061, 1.414419, 8.257219, 388.3267, 157.4949
2.883061, 1.204419, 8.257219, 388.3267, 174.0364
2.683548, 1.204419, 8.243268, 372.8546, 174.108
2.683548, 1.414419, 8.243268, 372.8546, 157.5362
box_7_litchi(Clone) stack 9 Shelf_1 Rack_0_0_0
2.886234, 1.624419, 8.261001, 388.5029, 140.9505
2.68733, 1.624419, 8.240095, 373.2086, 140.9669
2.666424, 1.624419, 8.439, 368.2029, 140.8147
2.865329, 1.624419, 8.459906, 383.1216, 140.7991
2.666424, 1.624419, 8.439, 368.2029, 140.8147
2.666424, 1.414419, 8.439, 368.2029, 156.9706
2.865329, 1.414419, 8.459906, 383.1216, 156.9119
2.865329, 1.624419, 8.459906, 383.1216, 140.7991
2.865329, 1.624419, 8.459906, 383.1216, 140.7991
2.865329, 1.414419, 8.459906, 383.1216, 156.9119
2.886234, 1.414419, 8.261001, 388.5029, 157.4837
2.886234, 1.624419, 8.261001, 388.5029, 140.9505
2.68733, 1.414419, 8.240095, 373.2086, 157.5456
2.886234, 1.414419, 8.261001, 388.5029, 157.4837
2.865329, 1.414419, 8.459906, 383.1216, 156.9119
2.666424, 1.414419, 8.439, 368.2029, 156.9706
2.68733, 1.624419, 8.240095, 373.2086, 140.9669
2.68733, 1.414419, 8.240095, 373.2086, 157.5456
2.666424, 1.414419, 8.439, 368.2029, 156.9706
2.666424, 1.624419, 8.439, 368.2029, 140.8147
2.886234, 1.624419, 8.261001, 388.5029, 140.9505
2.886234, 1.414419, 8.261001, 388.5029, 157.4837
2.68733, 1.414419, 8.240095, 373.2086, 157.5456
2.68733, 1.624419, 8.240095, 373.2086, 140.9669
box_7_litchi(Clone) stack 9 Shelf_1 Rack_0_0_0
2.878059, 1.834419, 8.25176, 388.0388, 124.4044
2.67809, 1.834419, 8.24827, 372.3368, 124.3995
2.674599, 1.834419, 8.44824, 368.6794, 124.671
2.874569, 1.834419, 8.451731, 383.9811, 124.6756
2.674599, 1.834419, 8.44824, 368.6794, 124.671
2.674599, 1.624419, 8.44824, 368.6794, 140.8078
2.874569, 1.624419, 8.451731, 383.9811, 140.8052
2.874569, 1.834419, 8.451731, 383.9811, 124.6756
2.874569, 1.834419, 8.451731, 383.9811, 124.6756
2.874569, 1.624419, 8.451731, 383.9811, 140.8052
2.878059, 1.624419, 8.25176, 388.0388, 140.9577
2.878059, 1.834419, 8.25176, 388.0388, 124.4044
2.67809, 1.624419, 8.24827, 372.3368, 140.9604
2.878059, 1.624419, 8.25176, 388.0388, 140.9577
2.874569, 1.624419, 8.451731, 383.9811, 140.8052
2.674599, 1.624419, 8.44824, 368.6794, 140.8078
2.67809, 1.834419, 8.24827, 372.3368, 124.3995
2.67809, 1.624419, 8.24827, 372.3368, 140.9604
2.674599, 1.624419, 8.44824, 368.6794, 140.8078
2.674599, 1.834419, 8.44824, 368.6794, 124.671
2.878059, 1.834419, 8.25176, 388.0388, 124.4044
2.878059, 1.624419, 8.25176, 388.0388, 140.9577
2.67809, 1.624419, 8.24827, 372.3368, 140.9604
2.67809, 1.834419, 8.24827, 372.3368, 124.3995
box_7_litchi(Clone) stack 9 Shelf_1 Rack_0_0_0
2.879758, 2.044419, 8.253551, 388.1379, 107.8574
2.67988, 2.044419, 8.246572, 372.5075, 107.8325
2.6729, 2.044419, 8.446449, 368.5783, 108.5281
2.872778, 2.044419, 8.453429, 383.8123, 108.5518
2.6729, 2.044419, 8.446449, 368.5783, 108.5281
2.6729, 1.834419, 8.446449, 368.5783, 124.6686
2.872778, 1.834419, 8.453429, 383.8123, 124.6779
2.872778, 2.044419, 8.453429, 383.8123, 108.5518
2.872778, 2.044419, 8.453429, 383.8123, 108.5518
2.872778, 1.834419, 8.453429, 383.8123, 124.6779
2.879758, 1.834419, 8.253551, 388.1379, 124.4069
2.879758, 2.044419, 8.253551, 388.1379, 107.8574
2.67988, 1.834419, 8.246572, 372.5075, 124.3971
2.879758, 1.834419, 8.253551, 388.1379, 124.4069
2.872778, 1.834419, 8.453429, 383.8123, 124.6779
2.6729, 1.834419, 8.446449, 368.5783, 124.6686
2.67988, 2.044419, 8.246572, 372.5075, 107.8325
2.67988, 1.834419, 8.246572, 372.5075, 124.3971
2.6729, 1.834419, 8.446449, 368.5783, 124.6686
2.6729, 2.044419, 8.446449, 368.5783, 108.5281
2.879758, 2.044419, 8.253551, 388.1379, 107.8574
2.879758, 1.834419, 8.253551, 388.1379, 124.4069
2.67988, 1.834419, 8.246572, 372.5075, 124.3971
2.67988, 2.044419, 8.246572, 372.5075, 107.8325
box_6_melody(Clone) stack 13 Shelf_2 Rack_0_0_0
1.703699, 2.576536, 8.220205, 295.7003, 65.61905
1.504795, 2.576536, 8.241111, 279.8464, 65.80988
1.529881, 2.576536, 8.479795, 280.5532, 67.91638
1.728786, 2.576536, 8.45889, 295.925, 67.73701
1.529881, 2.576536, 8.479795, 280.5532, 67.91638
1.529881, 2.389036, 8.479795, 280.5532, 82.26625
1.728786, 2.389036, 8.45889, 295.925, 82.12526
1.728786, 2.576536, 8.45889, 295.925, 67.73701
1.728786, 2.576536, 8.45889, 295.925, 67.73701
1.728786, 2.389036, 8.45889, 295.925, 82.12526
1.703699, 2.389036, 8.220205, 295.7003, 80.46034
1.703699, 2.576536, 8.220205, 295.7003, 65.61905
1.504795, 2.389036, 8.241111, 279.8464, 80.61034
1.703699, 2.389036, 8.220205, 295.7003, 80.46034
1.728786, 2.389036, 8.45889, 295.925, 82.12526
1.529881, 2.389036, 8.479795, 280.5532, 82.26625
1.504795, 2.576536, 8.241111, 279.8464, 65.80988
1.504795, 2.389036, 8.241111, 279.8464, 80.61034
1.529881, 2.389036, 8.479795, 280.5532, 82.26625
1.529881, 2.576536, 8.479795, 280.5532, 67.91638
1.703699, 2.576536, 8.220205, 295.7003, 65.61905
1.703699, 2.389036, 8.220205, 295.7003, 80.46034
1.504795, 2.389036, 8.241111, 279.8464, 80.61034
1.504795, 2.576536, 8.241111, 279.8464, 65.80988
box_8_lizol(Clone) stack 14 Shelf_2 Rack_0_0_0
1.35013, 2.565368, 8.237725, 267.6501, 66.661
1.151226, 2.565368, 8.21682, 251.9754, 66.47243
1.125427, 2.565368, 8.462276, 249.6208, 68.62276
1.324332, 2.565368, 8.483181, 264.8112, 68.7997
1.125427, 2.565368, 8.462276, 249.6208, 68.62276
1.125427, 2.389118, 8.462276, 249.6208, 82.14185
1.324332, 2.389118, 8.483181, 264.8112, 82.28275
1.324332, 2.565368, 8.483181, 264.8112, 68.7997
1.324332, 2.565368, 8.483181, 264.8112, 68.7997
1.324332, 2.389118, 8.483181, 264.8112, 82.28275
1.35013, 2.389118, 8.237725, 267.6501, 80.57964
1.35013, 2.565368, 8.237725, 267.6501, 66.661
1.151226, 2.389118, 8.21682, 251.9754, 80.42947
1.35013, 2.389118, 8.237725, 267.6501, 80.57964
1.324332, 2.389118, 8.483181, 264.8112, 82.28275
1.125427, 2.389118, 8.462276, 249.6208, 82.14185
1.151226, 2.565368, 8.21682, 251.9754, 66.47243
1.151226, 2.389118, 8.21682, 251.9754, 80.42947
1.125427, 2.389118, 8.462276, 249.6208, 82.14185
1.125427, 2.565368, 8.462276, 249.6208, 68.62276
1.35013, 2.565368, 8.237725, 267.6501, 66.661
1.35013, 2.389118, 8.237725, 267.6501, 80.57964
1.151226, 2.389118, 8.21682, 251.9754, 80.42947
1.151226, 2.565368, 8.21682, 251.9754, 66.47243
box_8_lizol(Clone) stack 14 Shelf_2 Rack_0_0_0
1.346143, 2.741618, 8.233872, 267.3492, 52.70061
1.146631, 2.741618, 8.219921, 251.6068, 52.54915
1.129414, 2.741618, 8.466128, 249.9217, 55.14302
1.328927, 2.741618, 8.48008, 265.1727, 55.28513
1.129414, 2.741618, 8.466128, 249.9217, 55.14302
1.129414, 2.565368, 8.466128, 249.9217, 68.65544
1.328927, 2.565368, 8.48008, 265.1727, 68.7735
1.328927, 2.741618, 8.48008, 265.1727, 55.28513
1.328927, 2.741618, 8.48008, 265.1727, 55.28513
1.328927, 2.565368, 8.48008, 265.1727, 68.7735
1.346143, 2.565368, 8.233872, 267.3492, 66.62631
1.346143, 2.741618, 8.233872, 267.3492, 52.70061
1.146631, 2.565368, 8.219921, 251.6068, 66.50047
1.346143, 2.565368, 8.233872, 267.3492, 66.62631
1.328927, 2.565368, 8.48008, 265.1727, 68.7735
1.129414, 2.565368, 8.466128, 249.9217, 68.65544
1.146631, 2.741618, 8.219921, 251.6068, 52.54915
1.146631, 2.565368, 8.219921, 251.6068, 66.50047
1.129414, 2.565368, 8.466128, 249.9217, 68.65544
1.129414, 2.741618, 8.466128, 249.9217, 55.14302
1.346143, 2.741618, 8.233872, 267.3492, 52.70061
1.346143, 2.565368, 8.233872, 267.3492, 66.62631
1.146631, 2.565368, 8.219921, 251.6068, 66.50047
1.146631, 2.741618, 8.219921, 251.6068, 52.54915
box_5_LMRR(Clone) stack 15 Shelf_0 Rack_0_0_1
0.63816, 0.162368, 8.198221, 211.2758, 257.063
0.4392556, 0.162368, 8.219127, 195.6088, 256.7263
0.4689637, 0.162368, 8.50178, 199.4721, 252.3499
0.667868, 0.162368, 8.480874, 214.5846, 252.6628
0.4689637, 0.162368, 8.50178, 199.4721, 252.3499
0.4689637, 0.019868, 8.50178, 199.4721, 263.2253
0.667868, 0.019868, 8.480874, 214.5846, 263.5672
0.667868, 0.162368, 8.480874, 214.5846, 252.6628
0.667868, 0.162368, 8.480874, 214.5846, 252.6628
0.667868, 0.019868, 8.480874, 214.5846, 263.5672
0.63816, 0.019868, 8.198221, 211.2758, 268.3752
0.63816, 0.162368, 8.198221, 211.2758, 257.063
0.4392556, 0.019868, 8.219127, 195.6088, 268.0073
0.63816, 0.019868, 8.198221, 211.2758, 268.3752
0.667868, 0.019868, 8.480874, 214.5846, 263.5672
0.4689637, 0.019868, 8.50178, 199.4721, 263.2253
0.4392556, 0.162368, 8.219127, 195.6088, 256.7263
0.4392556, 0.019868, 8.219127, 195.6088, 268.0073
0.4689637, 0.019868, 8.50178, 199.4721, 263.2253
0.4689637, 0.162368, 8.50178, 199.4721, 252.3499
0.63816, 0.162368, 8.198221, 211.2758, 257.063
0.63816, 0.019868, 8.198221, 211.2758, 268.3752
0.4392556, 0.019868, 8.219127, 195.6088, 268.0073
0.4392556, 0.162368, 8.219127, 195.6088, 256.7263
box_5_LMRR(Clone) stack 15 Shelf_0 Rack_0_0_1
0.640796, 0.304868, 8.19972, 211.4907, 245.7289
0.441557, 0.304868, 8.217152, 195.7795, 245.4741
0.4663276, 0.304868, 8.50028, 199.2631, 241.4948
0.6655666, 0.304868, 8.482849, 214.4149, 241.7315
0.4663276, 0.304868, 8.50028, 199.2631, 241.4948
0.4663276, 0.162368, 8.50028, 199.2631, 252.3723
0.6655666, 0.162368, 8.482849, 214.4149, 252.6332
0.6655666, 0.304868, 8.482849, 214.4149, 241.7315
0.6655666, 0.304868, 8.482849, 214.4149, 241.7315
0.6655666, 0.162368, 8.482849, 214.4149, 252.6332
0.640796, 0.162368, 8.19972, 211.4907, 257.0388
0.640796, 0.304868, 8.19972, 211.4907, 245.7289
0.441557, 0.162368, 8.217152, 195.7795, 256.7581
0.640796, 0.162368, 8.19972, 211.4907, 257.0388
0.6655666, 0.162368, 8.482849, 214.4149, 252.6332
0.4663276, 0.162368, 8.50028, 199.2631, 252.3723
0.441557, 0.304868, 8.217152, 195.7795, 245.4741
0.441557, 0.162368, 8.217152, 195.7795, 256.7581
0.4663276, 0.162368, 8.50028, 199.2631, 252.3723
0.4663276, 0.304868, 8.50028, 199.2631, 241.4948
0.640796, 0.304868, 8.19972, 211.4907, 245.7289
0.640796, 0.162368, 8.19972, 211.4907, 257.0388
0.441557, 0.162368, 8.217152, 195.7795, 256.7581
0.441557, 0.304868, 8.217152, 195.7795, 245.4741
box_5_LMRR(Clone) stack 15 Shelf_0 Rack_0_0_1
0.6560267, 0.447368, 8.209662, 212.7354, 234.2884
0.4560571, 0.447368, 8.206172, 196.8652, 234.3342
0.451097, 0.447368, 8.490338, 198.0475, 230.7384
0.6510665, 0.447368, 8.493829, 213.3429, 230.6959
0.451097, 0.447368, 8.490338, 198.0475, 230.7384
0.451097, 0.304868, 8.490338, 198.0475, 241.6297
0.6510665, 0.304868, 8.493829, 213.3429, 241.5823
0.6510665, 0.447368, 8.493829, 213.3429, 230.6959
0.6510665, 0.447368, 8.493829, 213.3429, 230.6959
0.6510665, 0.304868, 8.493829, 213.3429, 241.5823
0.6560267, 0.3048679, 8.209662, 212.7354, 245.5834
0.6560267, 0.447368, 8.209662, 212.7354, 234.2884
0.4560571, 0.3048679, 8.206172, 196.8652, 245.6345
0.6560267, 0.3048679, 8.209662, 212.7354, 245.5834
0.6510665, 0.304868, 8.493829, 213.3429, 241.5823
0.451097, 0.304868, 8.490338, 198.0475, 241.6297
0.4560571, 0.447368, 8.206172, 196.8652, 234.3342
0.4560571, 0.3048679, 8.206172, 196.8652, 245.6345
0.451097, 0.304868, 8.490338, 198.0475, 241.6297
0.451097, 0.447368, 8.490338, 198.0475, 230.7384
0.6560267, 0.447368, 8.209662, 212.7354, 234.2884
0.6560267, 0.3048679, 8.209662, 212.7354, 245.5834
0.4560571, 0.3048679, 8.206172, 196.8652, 245.6345
0.4560571, 0.447368, 8.206172, 196.8652, 234.3342
box_5_LMRR(Clone) stack 15 Shelf_0 Rack_0_0_1
0.667868, 0.5898679, 8.219127, 213.7068, 222.8834
0.4689637, 0.5898679, 8.198221, 197.8444, 223.1265
0.4392556, 0.5898679, 8.480874, 197.0907, 219.9496
0.63816, 0.5898679, 8.50178, 212.3849, 219.7237
0.4392556, 0.5898679, 8.480874, 197.0907, 219.9496
0.4392556, 0.4473679, 8.480874, 197.0907, 230.854
0.63816, 0.4473679, 8.50178, 212.3849, 230.5991
0.63816, 0.5898679, 8.50178, 212.3849, 219.7237
0.63816, 0.5898679, 8.50178, 212.3849, 219.7237
0.63816, 0.4473679, 8.50178, 212.3849, 230.5991
0.667868, 0.4473679, 8.219127, 213.7068, 234.1644
0.667868, 0.5898679, 8.219127, 213.7068, 222.8834
0.4689637, 0.4473679, 8.198221, 197.8444, 234.4386
0.667868, 0.4473679, 8.219127, 213.7068, 234.1644
0.63816, 0.4473679, 8.50178, 212.3849, 230.5991
0.4392556, 0.4473679, 8.480874, 197.0907, 230.854
0.4689637, 0.5898679, 8.198221, 197.8444, 223.1265
0.4689637, 0.4473679, 8.198221, 197.8444, 234.4386
0.4392556, 0.4473679, 8.480874, 197.0907, 230.854
0.4392556, 0.5898679, 8.480874, 197.0907, 219.9496
0.667868, 0.5898679, 8.219127, 213.7068, 222.8834
0.667868, 0.4473679, 8.219127, 213.7068, 234.1644
0.4689637, 0.4473679, 8.198221, 197.8444, 234.4386
0.4689637, 0.5898679, 8.198221, 197.8444, 223.1265
box_3_Hareli(Clone) stack 16 Shelf_0 Rack_0_0_1
0.2824399, 0.1692639, 8.253007, 183.4473, 255.6411
0.08393069, 0.1692639, 8.228633, 167.5704, 256.0286
0.05711944, 0.1692639, 8.446994, 167.5357, 252.6435
0.2556287, 0.1692639, 8.471368, 182.97, 252.2773
0.05711944, 0.1692639, 8.446994, 167.5357, 252.6435
0.05711944, 0.01926387, 8.446994, 167.5357, 264.1716
0.2556287, 0.01926387, 8.471368, 182.97, 263.7696
0.2556287, 0.1692639, 8.471368, 182.97, 252.2773
0.2556287, 0.1692639, 8.471368, 182.97, 252.2773
0.2556287, 0.01926387, 8.471368, 182.97, 263.7696
0.2824399, 0.01926387, 8.253007, 183.4473, 267.463
0.2824399, 0.1692639, 8.253007, 183.4473, 255.6411
0.08393069, 0.01926387, 8.228633, 167.5704, 267.8885
0.2824399, 0.01926387, 8.253007, 183.4473, 267.463
0.2556287, 0.01926387, 8.471368, 182.97, 263.7696
0.05711944, 0.01926387, 8.446994, 167.5357, 264.1716
0.08393069, 0.1692639, 8.228633, 167.5704, 256.0286
0.08393069, 0.01926387, 8.228633, 167.5704, 267.8885
0.05711944, 0.01926387, 8.446994, 167.5357, 264.1716
0.05711944, 0.1692639, 8.446994, 167.5357, 252.6435
0.2824399, 0.1692639, 8.253007, 183.4473, 255.6411
0.2824399, 0.01926387, 8.253007, 183.4473, 267.463
0.08393069, 0.01926387, 8.228633, 167.5704, 267.8885
0.08393069, 0.1692639, 8.228633, 167.5704, 256.0286
box_6_melody(Clone) stack 17 Shelf_0 Rack_0_0_1
-0.1172183, 0.2073492, 8.224931, 151.6234, 253.075
-0.3169442, 0.2073492, 8.235398, 135.9677, 252.9122
-0.3043836, 0.2073492, 8.47507, 140.1119, 249.3054
-0.1046577, 0.2073492, 8.464602, 155.2935, 249.4583
-0.3043836, 0.2073492, 8.47507, 140.1119, 249.3054
-0.3043836, 0.01984931, 8.47507, 140.1119, 263.6639
-0.1046577, 0.01984931, 8.464602, 155.2935, 263.836
-0.1046577, 0.2073492, 8.464602, 155.2935, 249.4583
-0.1046577, 0.2073492, 8.464602, 155.2935, 249.4583
-0.1046577, 0.01984931, 8.464602, 155.2935, 263.836
-0.1172183, 0.01984931, 8.224931, 151.6234, 267.907
-0.1172183, 0.2073492, 8.224931, 151.6234, 253.075
-0.3169442, 0.01984931, 8.235398, 135.9677, 267.7238
-0.1172183, 0.01984931, 8.224931, 151.6234, 267.907
-0.1046577, 0.01984931, 8.464602, 155.2935, 263.836
-0.3043836, 0.01984931, 8.47507, 140.1119, 263.6639
-0.3169442, 0.2073492, 8.235398, 135.9677, 252.9122
-0.3169442, 0.01984931, 8.235398, 135.9677, 267.7238
-0.3043836, 0.01984931, 8.47507, 140.1119, 263.6639
-0.3043836, 0.2073492, 8.47507, 140.1119, 249.3054
-0.1172183, 0.2073492, 8.224931, 151.6234, 253.075
-0.1172183, 0.01984931, 8.224931, 151.6234, 267.907
-0.3169442, 0.01984931, 8.235398, 135.9677, 267.7238
-0.3169442, 0.2073492, 8.235398, 135.9677, 252.9122
box_6_melody(Clone) stack 17 Shelf_0 Rack_0_0_1
-0.1238922, 0.3948492, 8.220205, 151.04, 238.3073
-0.3227966, 0.3948492, 8.241111, 135.584, 238.0232
-0.2977097, 0.3948492, 8.479795, 140.6829, 234.8866
-0.09880532, 0.3948492, 8.45889, 155.6807, 235.1537
-0.2977097, 0.3948492, 8.479795, 140.6829, 234.8866
-0.2977097, 0.2073492, 8.479795, 140.6829, 249.2365
-0.09880532, 0.2073492, 8.45889, 155.6807, 249.5419
-0.09880532, 0.3948492, 8.45889, 155.6807, 235.1537
-0.09880532, 0.3948492, 8.45889, 155.6807, 235.1537
-0.09880532, 0.2073492, 8.45889, 155.6807, 249.5419
-0.1238922, 0.2073492, 8.220205, 151.04, 253.1486
-0.1238922, 0.3948492, 8.220205, 151.04, 238.3073
-0.3227966, 0.2073492, 8.241111, 135.584, 252.8236
-0.1238922, 0.2073492, 8.220205, 151.04, 253.1486
-0.09880532, 0.2073492, 8.45889, 155.6807, 249.5419
-0.2977097, 0.2073492, 8.479795, 140.6829, 249.2365
-0.3227966, 0.3948492, 8.241111, 135.584, 238.0232
-0.3227966, 0.2073492, 8.241111, 135.584, 252.8236
-0.2977097, 0.2073492, 8.479795, 140.6829, 249.2365
-0.2977097, 0.3948492, 8.479795, 140.6829, 234.8866
-0.1238922, 0.3948492, 8.220205, 151.04, 238.3073
-0.1238922, 0.2073492, 8.220205, 151.04, 253.1486
-0.3227966, 0.2073492, 8.241111, 135.584, 252.8236
-0.3227966, 0.3948492, 8.241111, 135.584, 238.0232
box_6_melody(Clone) stack 17 Shelf_0 Rack_0_0_1
-0.1007228, 0.5823491, 8.239173, 153.0914, 223.2452
-0.2999617, 0.5823491, 8.221742, 137.1243, 223.4481
-0.3208791, 0.5823491, 8.460828, 138.6645, 220.7442
-0.1216402, 0.5823491, 8.478259, 154.1411, 220.5535
-0.3208791, 0.5823491, 8.460828, 138.6645, 220.7442
-0.3208791, 0.3948492, 8.460828, 138.6645, 235.1289
-0.1216402, 0.3948492, 8.478259, 154.1411, 234.9062
-0.1216402, 0.5823491, 8.478259, 154.1411, 220.5535
-0.1216402, 0.5823491, 8.478259, 154.1411, 220.5535
-0.1216402, 0.3948492, 8.478259, 154.1411, 234.9062
-0.1007228, 0.3948492, 8.239173, 153.0914, 238.0495
-0.1007228, 0.5823491, 8.239173, 153.0914, 223.2452
-0.2999617, 0.3948492, 8.221742, 137.1243, 238.2864
-0.1007228, 0.3948492, 8.239173, 153.0914, 238.0495
-0.1216402, 0.3948492, 8.478259, 154.1411, 234.9062
-0.3208791, 0.3948492, 8.460828, 138.6645, 235.1289
-0.2999617, 0.5823491, 8.221742, 137.1243, 223.4481
-0.2999617, 0.3948492, 8.221742, 137.1243, 238.2864
-0.3208791, 0.3948492, 8.460828, 138.6645, 235.1289
-0.3208791, 0.5823491, 8.460828, 138.6645, 220.7442
-0.1007228, 0.5823491, 8.239173, 153.0914, 223.2452
-0.1007228, 0.3948492, 8.239173, 153.0914, 238.0495
-0.2999617, 0.3948492, 8.221742, 137.1243, 238.2864
-0.2999617, 0.5823491, 8.221742, 137.1243, 223.4481
box_6_melody(Clone) stack 17 Shelf_0 Rack_0_0_1
-0.1194153, 0.7698491, 8.223317, 151.4307, 208.5945
-0.3189281, 0.7698491, 8.237268, 135.8367, 208.4594
-0.3021866, 0.7698491, 8.476684, 140.3007, 206.2151
-0.1026738, 0.7698491, 8.462732, 155.4254, 206.3422
-0.3021866, 0.7698491, 8.476684, 140.3007, 206.2151
-0.3021866, 0.5823491, 8.476684, 140.3007, 220.5707
-0.1026738, 0.5823491, 8.462732, 155.4254, 220.7233
-0.1026738, 0.7698491, 8.462732, 155.4254, 206.3422
-0.1026738, 0.7698491, 8.462732, 155.4254, 206.3422
-0.1026738, 0.5823491, 8.462732, 155.4254, 220.7233
-0.1194153, 0.5823491, 8.223317, 151.4307, 223.4297
-0.1194153, 0.7698491, 8.223317, 151.4307, 208.5945
-0.3189281, 0.5823491, 8.237268, 135.8367, 223.2673
-0.1194153, 0.5823491, 8.223317, 151.4307, 223.4297
-0.1026738, 0.5823491, 8.462732, 155.4254, 220.7233
-0.3021866, 0.5823491, 8.476684, 140.3007, 220.5707
-0.3189281, 0.7698491, 8.237268, 135.8367, 208.4594
-0.3189281, 0.5823491, 8.237268, 135.8367, 223.2673
-0.3021866, 0.5823491, 8.476684, 140.3007, 220.5707
-0.3021866, 0.7698491, 8.476684, 140.3007, 206.2151
-0.1194153, 0.7698491, 8.223317, 151.4307, 208.5945
-0.1194153, 0.5823491, 8.223317, 151.4307, 223.4297
-0.3189281, 0.5823491, 8.237268, 135.8367, 223.2673
-0.3189281, 0.7698491, 8.237268, 135.8367, 208.4594
box_3_Hareli(Clone) stack 18 Shelf_0 Rack_0_0_1
-0.5047066, 0.1692639, 8.23015, 121.0532, 256.0044
-0.703611, 0.1692639, 8.251056, 105.6998, 255.6721
-0.6806147, 0.1692639, 8.469851, 111.2148, 252.3
-0.4817103, 0.1692639, 8.448945, 126.1529, 252.6141
-0.6806147, 0.1692639, 8.469851, 111.2148, 252.3
-0.6806147, 0.01926387, 8.469851, 111.2148, 263.7945
-0.4817103, 0.01926387, 8.448945, 126.1529, 264.1393
-0.4817103, 0.1692639, 8.448945, 126.1529, 252.6141
-0.4817103, 0.1692639, 8.448945, 126.1529, 252.6141
-0.4817103, 0.01926387, 8.448945, 126.1529, 264.1393
-0.5047066, 0.01926387, 8.23015, 121.0532, 267.8619
-0.5047066, 0.1692639, 8.23015, 121.0532, 256.0044
-0.703611, 0.01926387, 8.251056, 105.6998, 267.497
-0.5047066, 0.01926387, 8.23015, 121.0532, 267.8619
-0.4817103, 0.01926387, 8.448945, 126.1529, 264.1393
-0.6806147, 0.01926387, 8.469851, 111.2148, 263.7945
-0.703611, 0.1692639, 8.251056, 105.6998, 255.6721
-0.703611, 0.01926387, 8.251056, 105.6998, 267.497
-0.6806147, 0.01926387, 8.469851, 111.2148, 263.7945
-0.6806147, 0.1692639, 8.469851, 111.2148, 252.3
-0.5047066, 0.1692639, 8.23015, 121.0532, 256.0044
-0.5047066, 0.01926387, 8.23015, 121.0532, 267.8619
-0.703611, 0.01926387, 8.251056, 105.6998, 267.497
-0.703611, 0.1692639, 8.251056, 105.6998, 255.6721
box_3_Hareli(Clone) stack 18 Shelf_0 Rack_0_0_1
-0.4870408, 0.3192639, 8.245385, 122.6852, 243.9283
-0.6867666, 0.3192639, 8.234918, 106.7451, 244.0784
-0.6982806, 0.3192638, 8.454616, 109.6074, 241.0118
-0.4985547, 0.3192638, 8.465083, 125.0961, 240.87
-0.6982806, 0.3192638, 8.454616, 109.6074, 241.0118
-0.6982806, 0.1692639, 8.454616, 109.6074, 252.5287
-0.4985547, 0.1692639, 8.465083, 125.0961, 252.3715
-0.4985547, 0.3192638, 8.465083, 125.0961, 240.87
-0.4985547, 0.3192638, 8.465083, 125.0961, 240.87
-0.4985547, 0.1692639, 8.465083, 125.0961, 252.3715
-0.4870408, 0.1692639, 8.245385, 122.6852, 255.762
-0.4870408, 0.3192639, 8.245385, 122.6852, 243.9283
-0.6867666, 0.1692639, 8.234918, 106.7451, 255.9285
-0.4870408, 0.1692639, 8.245385, 122.6852, 255.762
-0.4985547, 0.1692639, 8.465083, 125.0961, 252.3715
-0.6982806, 0.1692639, 8.454616, 109.6074, 252.5287
-0.6867666, 0.3192639, 8.234918, 106.7451, 244.0784
-0.6867666, 0.1692639, 8.234918, 106.7451, 255.9285
-0.6982806, 0.1692639, 8.454616, 109.6074, 252.5287
-0.6982806, 0.3192638, 8.454616, 109.6074, 241.0118
-0.4870408, 0.3192639, 8.245385, 122.6852, 243.9283
-0.4870408, 0.1692639, 8.245385, 122.6852, 255.762
-0.6867666, 0.1692639, 8.234918, 106.7451, 255.9285
-0.6867666, 0.3192639, 8.234918, 106.7451, 244.0784
box_3_Hareli(Clone) stack 18 Shelf_0 Rack_0_0_1
-0.4888826, 0.4692639, 8.243557, 122.5116, 232.118
-0.6887608, 0.4692639, 8.236577, 106.6167, 232.2072
-0.6964387, 0.4692639, 8.456444, 109.7793, 229.4729
-0.4965605, 0.4692639, 8.463424, 125.2247, 229.3886
-0.6964387, 0.4692639, 8.456444, 109.7793, 229.4729
-0.6964387, 0.3192639, 8.456444, 109.7793, 240.987
-0.4965605, 0.3192639, 8.463424, 125.2247, 240.8925
-0.4965605, 0.4692639, 8.463424, 125.2247, 229.3886
-0.4965605, 0.4692639, 8.463424, 125.2247, 229.3886
-0.4965605, 0.3192639, 8.463424, 125.2247, 240.8925
-0.4888826, 0.3192638, 8.243557, 122.5116, 243.9545
-0.4888826, 0.4692639, 8.243557, 122.5116, 232.118
-0.6887608, 0.3192638, 8.236577, 106.6167, 244.0546
-0.4888826, 0.3192638, 8.243557, 122.5116, 243.9545
-0.4965605, 0.3192639, 8.463424, 125.2247, 240.8925
-0.6964387, 0.3192639, 8.456444, 109.7793, 240.987
-0.6887608, 0.4692639, 8.236577, 106.6167, 232.2072
-0.6887608, 0.3192638, 8.236577, 106.6167, 244.0546
-0.6964387, 0.3192639, 8.456444, 109.7793, 240.987
-0.6964387, 0.4692639, 8.456444, 109.7793, 229.4729
-0.4888826, 0.4692639, 8.243557, 122.5116, 232.118
-0.4888826, 0.3192638, 8.243557, 122.5116, 243.9545
-0.6887608, 0.3192638, 8.236577, 106.6167, 244.0546
-0.6887608, 0.4692639, 8.236577, 106.6167, 232.2072
box_3_Hareli(Clone) stack 18 Shelf_0 Rack_0_0_1
-0.4852311, 0.6192639, 8.247244, 122.8566, 220.24
-0.6847438, 0.6192639, 8.233293, 106.8764, 220.3967
-0.7000903, 0.6192639, 8.452757, 109.4374, 217.9978
-0.5005775, 0.6192639, 8.466708, 124.9649, 217.8499
-0.7000903, 0.6192639, 8.452757, 109.4374, 217.9978
-0.7000903, 0.4692639, 8.452757, 109.4374, 229.5174
-0.5005775, 0.4692639, 8.466708, 124.9649, 229.349
-0.5005775, 0.6192639, 8.466708, 124.9649, 217.8499
-0.5005775, 0.6192639, 8.466708, 124.9649, 217.8499
-0.5005775, 0.4692639, 8.466708, 124.9649, 229.349
-0.4852311, 0.4692638, 8.247244, 122.8566, 232.0709
-0.4852311, 0.6192639, 8.247244, 122.8566, 220.24
-0.6847438, 0.4692638, 8.233293, 106.8764, 232.2492
-0.4852311, 0.4692638, 8.247244, 122.8566, 232.0709
-0.5005775, 0.4692639, 8.466708, 124.9649, 229.349
-0.7000903, 0.4692639, 8.452757, 109.4374, 229.5174
-0.6847438, 0.6192639, 8.233293, 106.8764, 220.3967
-0.6847438, 0.4692638, 8.233293, 106.8764, 232.2492
-0.7000903, 0.4692639, 8.452757, 109.4374, 229.5174
-0.7000903, 0.6192639, 8.452757, 109.4374, 217.9978
-0.4852311, 0.6192639, 8.247244, 122.8566, 220.24
-0.4852311, 0.4692638, 8.247244, 122.8566, 232.0709
-0.6847438, 0.4692638, 8.233293, 106.8764, 232.2492
-0.6847438, 0.6192639, 8.233293, 106.8764, 220.3967
box_3_Hareli(Clone) stack 18 Shelf_0 Rack_0_0_1
-0.4926607, 0.7692639, 8.240001, 122.1584, 208.4792
-0.6926607, 0.7692639, 8.240001, 106.3689, 208.4792
-0.6926607, 0.7692639, 8.46, 110.1284, 206.412
-0.4926607, 0.7692639, 8.46, 125.4736, 206.412
-0.6926607, 0.7692639, 8.46, 110.1284, 206.412
-0.6926607, 0.6192638, 8.46, 110.1284, 217.9209
-0.4926607, 0.6192638, 8.46, 125.4736, 217.9209
-0.4926607, 0.7692639, 8.46, 125.4736, 206.412
-0.4926607, 0.7692639, 8.46, 125.4736, 206.412
-0.4926607, 0.6192638, 8.46, 125.4736, 217.9209
-0.4926607, 0.6192638, 8.240001, 122.1584, 220.3213
-0.4926607, 0.7692639, 8.240001, 122.1584, 208.4792
-0.6926607, 0.6192638, 8.240001, 106.3689, 220.3213
-0.4926607, 0.6192638, 8.240001, 122.1584, 220.3213
-0.4926607, 0.6192638, 8.46, 125.4736, 217.9209
-0.6926607, 0.6192638, 8.46, 110.1284, 217.9209
-0.6926607, 0.7692639, 8.240001, 106.3689, 208.4792
-0.6926607, 0.6192638, 8.240001, 106.3689, 220.3213
-0.6926607, 0.6192638, 8.46, 110.1284, 217.9209
-0.6926607, 0.7692639, 8.46, 110.1284, 206.412
-0.4926607, 0.7692639, 8.240001, 122.1584, 208.4792
-0.4926607, 0.6192638, 8.240001, 122.1584, 220.3213
-0.6926607, 0.6192638, 8.240001, 106.3689, 220.3213
-0.6926607, 0.7692639, 8.240001, 106.3689, 208.4792
box_3_Hareli(Clone) stack 19 Shelf_1 Rack_0_0_1
0.6594669, 1.353857, 8.231704, 213.0864, 162.3569
0.4602279, 1.353857, 8.249134, 197.4376, 162.2943
0.4794022, 1.353857, 8.468297, 200.0988, 161.5301
0.6786411, 1.353857, 8.450867, 215.3145, 161.5893
0.4794022, 1.353857, 8.468297, 200.0988, 161.5301
0.4794022, 1.203857, 8.468297, 200.0988, 173.0269
0.6786411, 1.203857, 8.450867, 215.3145, 173.1117
0.6786411, 1.353857, 8.450867, 215.3145, 161.5893
0.6786411, 1.353857, 8.450867, 215.3145, 161.5893
0.6786411, 1.203857, 8.450867, 215.3145, 173.1117
0.6594669, 1.203857, 8.231704, 213.0864, 174.212
0.6594669, 1.353857, 8.231704, 213.0864, 162.3569
0.4602279, 1.203857, 8.249134, 197.4376, 174.1221
0.6594669, 1.203857, 8.231704, 213.0864, 174.212
0.6786411, 1.203857, 8.450867, 215.3145, 173.1117
0.4794022, 1.203857, 8.468297, 200.0988, 173.0269
0.4602279, 1.353857, 8.249134, 197.4376, 162.2943
0.4602279, 1.203857, 8.249134, 197.4376, 174.1221
0.4794022, 1.203857, 8.468297, 200.0988, 173.0269
0.4794022, 1.353857, 8.468297, 200.0988, 161.5301
0.6594669, 1.353857, 8.231704, 213.0864, 162.3569
0.6594669, 1.203857, 8.231704, 213.0864, 174.212
0.4602279, 1.203857, 8.249134, 197.4376, 174.1221
0.4602279, 1.353857, 8.249134, 197.4376, 162.2943
box_3_Hareli(Clone) stack 19 Shelf_1 Rack_0_0_1
0.6786411, 1.503857, 8.249134, 214.66, 150.4664
0.4794022, 1.503857, 8.231704, 198.8553, 150.5019
0.4602279, 1.503857, 8.450867, 198.5368, 150.0669
0.6594669, 1.503857, 8.468297, 213.8998, 150.0334
0.4602279, 1.503857, 8.450867, 198.5368, 150.0669
0.4602279, 1.353857, 8.450867, 198.5368, 161.5893
0.6594669, 1.353857, 8.468297, 213.8998, 161.5301
0.6594669, 1.503857, 8.468297, 213.8998, 150.0334
0.6594669, 1.503857, 8.468297, 213.8998, 150.0334
0.6594669, 1.353857, 8.468297, 213.8998, 161.5301
0.6786411, 1.353857, 8.249134, 214.66, 162.2943
0.6786411, 1.503857, 8.249134, 214.66, 150.4664
0.4794022, 1.353857, 8.231704, 198.8553, 162.3569
0.6786411, 1.353857, 8.249134, 214.66, 162.2943
0.6594669, 1.353857, 8.468297, 213.8998, 161.5301
0.4602279, 1.353857, 8.450867, 198.5368, 161.5893
0.4794022, 1.503857, 8.231704, 198.8553, 150.5019
0.4794022, 1.353857, 8.231704, 198.8553, 162.3569
0.4602279, 1.353857, 8.450867, 198.5368, 161.5893
0.4602279, 1.503857, 8.450867, 198.5368, 150.0669
0.6786411, 1.503857, 8.249134, 214.66, 150.4664
0.6786411, 1.353857, 8.249134, 214.66, 162.2943
0.4794022, 1.353857, 8.231704, 198.8553, 162.3569
0.4794022, 1.503857, 8.231704, 198.8553, 150.5019
box_3_Hareli(Clone) stack 19 Shelf_1 Rack_0_0_1
0.6786411, 1.653857, 8.249134, 214.66, 138.6385
0.4794022, 1.653857, 8.231704, 198.8553, 138.6468
0.4602279, 1.653857, 8.450867, 198.5368, 138.5445
0.6594669, 1.653857, 8.468297, 213.8998, 138.5366
0.4602279, 1.653857, 8.450867, 198.5368, 138.5445
0.4602279, 1.503857, 8.450867, 198.5368, 150.0669
0.6594669, 1.503857, 8.468297, 213.8998, 150.0334
0.6594669, 1.653857, 8.468297, 213.8998, 138.5366
0.6594669, 1.653857, 8.468297, 213.8998, 138.5366
0.6594669, 1.503857, 8.468297, 213.8998, 150.0334
0.6786411, 1.503857, 8.249134, 214.66, 150.4664
0.6786411, 1.653857, 8.249134, 214.66, 138.6385
0.4794022, 1.503857, 8.231704, 198.8553, 150.5019
0.6786411, 1.503857, 8.249134, 214.66, 150.4664
0.6594669, 1.503857, 8.468297, 213.8998, 150.0334
0.4602279, 1.503857, 8.450867, 198.5368, 150.0669
0.4794022, 1.653857, 8.231704, 198.8553, 138.6468
0.4794022, 1.503857, 8.231704, 198.8553, 150.5019
0.4602279, 1.503857, 8.450867, 198.5368, 150.0669
0.4602279, 1.653857, 8.450867, 198.5368, 138.5445
0.6786411, 1.653857, 8.249134, 214.66, 138.6385
0.6786411, 1.503857, 8.249134, 214.66, 150.4664
0.4794022, 1.503857, 8.231704, 198.8553, 150.5019
0.4794022, 1.653857, 8.231704, 198.8553, 138.6468
box_3_Hareli(Clone) stack 19 Shelf_1 Rack_0_0_1
0.6768641, 1.803857, 8.247244, 214.5136, 126.8085
0.4773513, 1.803857, 8.233293, 198.7018, 126.7935
0.4620049, 1.803857, 8.452757, 198.6833, 127.024
0.6615177, 1.803857, 8.466708, 214.0518, 127.0383
0.4620049, 1.803857, 8.452757, 198.6833, 127.024
0.4620049, 1.653857, 8.452757, 198.6833, 138.5436
0.6615177, 1.653857, 8.466708, 214.0518, 138.5373
0.6615177, 1.803857, 8.466708, 214.0518, 127.0383
0.6615177, 1.803857, 8.466708, 214.0518, 127.0383
0.6615177, 1.653857, 8.466708, 214.0518, 138.5373
0.6768641, 1.653857, 8.247244, 214.5136, 138.6394
0.6768641, 1.803857, 8.247244, 214.5136, 126.8085
0.4773513, 1.653857, 8.233293, 198.7018, 138.6461
0.6768641, 1.653857, 8.247244, 214.5136, 138.6394
0.6615177, 1.653857, 8.466708, 214.0518, 138.5373
0.4620049, 1.653857, 8.452757, 198.6833, 138.5436
0.4773513, 1.803857, 8.233293, 198.7018, 126.7935
0.4773513, 1.653857, 8.233293, 198.7018, 138.6461
0.4620049, 1.653857, 8.452757, 198.6833, 138.5436
0.4620049, 1.803857, 8.452757, 198.6833, 127.024
0.6768641, 1.803857, 8.247244, 214.5136, 126.8085
0.6768641, 1.653857, 8.247244, 214.5136, 138.6394
0.4773513, 1.653857, 8.233293, 198.7018, 138.6461
0.4773513, 1.803857, 8.233293, 198.7018, 126.7935
box_3_Hareli(Clone) stack 19 Shelf_1 Rack_0_0_1
0.671339, 1.953857, 8.241762, 214.0591, 114.9633
0.4713695, 1.953857, 8.238272, 198.2565, 114.9541
0.46753, 1.953857, 8.458239, 199.1363, 115.5181
0.6674995, 1.953857, 8.461729, 214.4941, 115.5268
0.46753, 1.953857, 8.458239, 199.1363, 115.5181
0.46753, 1.803857, 8.458239, 199.1363, 127.0296
0.6674995, 1.803857, 8.461729, 214.4941, 127.0332
0.6674995, 1.953857, 8.461729, 214.4941, 115.5268
0.6674995, 1.953857, 8.461729, 214.4941, 115.5268
0.6674995, 1.803857, 8.461729, 214.4941, 127.0332
0.671339, 1.803857, 8.241762, 214.0591, 126.8026
0.671339, 1.953857, 8.241762, 214.0591, 114.9633
0.4713695, 1.803857, 8.238272, 198.2565, 126.7989
0.671339, 1.803857, 8.241762, 214.0591, 126.8026
0.6674995, 1.803857, 8.461729, 214.4941, 127.0332
0.46753, 1.803857, 8.458239, 199.1363, 127.0296
0.4713695, 1.953857, 8.238272, 198.2565, 114.9541
0.4713695, 1.803857, 8.238272, 198.2565, 126.7989
0.46753, 1.803857, 8.458239, 199.1363, 127.0296
0.46753, 1.953857, 8.458239, 199.1363, 115.5181
0.671339, 1.953857, 8.241762, 214.0591, 114.9633
0.671339, 1.803857, 8.241762, 214.0591, 126.8026
0.4713695, 1.803857, 8.238272, 198.2565, 126.7989
0.4713695, 1.953857, 8.238272, 198.2565, 114.9541
box_3_Hareli(Clone) stack 21 Shelf_1 Rack_0_0_1
-0.07153017, 1.353857, 8.247244, 155.4861, 162.301
-0.2710429, 1.353857, 8.233293, 139.5659, 162.3512
-0.2863894, 1.353858, 8.452757, 141.2086, 161.5829
-0.08687659, 1.353858, 8.466708, 156.6794, 161.5355
-0.2863894, 1.353858, 8.452757, 141.2086, 161.5829
-0.2863894, 1.203857, 8.452757, 141.2086, 173.1025
-0.08687659, 1.203857, 8.466708, 156.6794, 173.0346
-0.08687659, 1.353858, 8.466708, 156.6794, 161.5355
-0.08687659, 1.353858, 8.466708, 156.6794, 161.5355
-0.08687659, 1.203857, 8.466708, 156.6794, 173.0346
-0.07153017, 1.203857, 8.247244, 155.4861, 174.1319
-0.07153017, 1.353857, 8.247244, 155.4861, 162.301
-0.2710429, 1.203857, 8.233293, 139.5659, 174.2038
-0.07153017, 1.203857, 8.247244, 155.4861, 174.1319
-0.08687659, 1.203857, 8.466708, 156.6794, 173.0346
-0.2863894, 1.203857, 8.452757, 141.2086, 173.1025
-0.2710429, 1.353857, 8.233293, 139.5659, 162.3512
-0.2710429, 1.203857, 8.233293, 139.5659, 174.2038
-0.2863894, 1.203857, 8.452757, 141.2086, 173.1025
-0.2863894, 1.353858, 8.452757, 141.2086, 161.5829
-0.07153017, 1.353857, 8.247244, 155.4861, 162.301
-0.07153017, 1.203857, 8.247244, 155.4861, 174.1319
-0.2710429, 1.203857, 8.233293, 139.5659, 174.2038
-0.2710429, 1.353857, 8.233293, 139.5659, 162.3512
box_3_Hareli(Clone) stack 21 Shelf_1 Rack_0_0_1
-0.09100571, 1.503857, 8.23015, 153.7562, 150.505
-0.2899101, 1.503857, 8.251056, 138.3129, 150.4625
-0.2669138, 1.503857, 8.469851, 142.9167, 150.0304
-0.06800944, 1.503857, 8.448945, 157.9395, 150.0706
-0.2669138, 1.503857, 8.469851, 142.9167, 150.0304
-0.2669138, 1.353857, 8.469851, 142.9167, 161.5249
-0.06800944, 1.353857, 8.448945, 157.9395, 161.5959
-0.06800944, 1.503857, 8.448945, 157.9395, 150.0706
-0.06800944, 1.503857, 8.448945, 157.9395, 150.0706
-0.06800944, 1.353857, 8.448945, 157.9395, 161.5959
-0.09100571, 1.353857, 8.23015, 153.7562, 162.3625
-0.09100571, 1.503857, 8.23015, 153.7562, 150.505
-0.2899101, 1.353857, 8.251056, 138.3129, 162.2874
-0.09100571, 1.353857, 8.23015, 153.7562, 162.3625
-0.06800944, 1.353857, 8.448945, 157.9395, 161.5959
-0.2669138, 1.353857, 8.469851, 142.9167, 161.5249
-0.2899101, 1.503857, 8.251056, 138.3129, 150.4625
-0.2899101, 1.353857, 8.251056, 138.3129, 162.2874
-0.2669138, 1.353857, 8.469851, 142.9167, 161.5249
-0.2669138, 1.503857, 8.469851, 142.9167, 150.0304
-0.09100571, 1.503857, 8.23015, 153.7562, 150.505
-0.09100571, 1.353857, 8.23015, 153.7562, 162.3625
-0.2899101, 1.353857, 8.251056, 138.3129, 162.2874
-0.2899101, 1.503857, 8.251056, 138.3129, 150.4625
box_3_Hareli(Clone) stack 21 Shelf_1 Rack_0_0_1
-0.08892744, 1.653857, 8.231704, 153.9381, 138.6468
-0.2881664, 1.653857, 8.249134, 138.4247, 138.6385
-0.2689921, 1.653857, 8.468297, 142.7381, 138.5366
-0.06975318, 1.653857, 8.450867, 157.8258, 138.5445
-0.2689921, 1.653857, 8.468297, 142.7381, 138.5366
-0.2689921, 1.503857, 8.468297, 142.7381, 150.0334
-0.06975318, 1.503857, 8.450867, 157.8258, 150.0669
-0.06975318, 1.653857, 8.450867, 157.8258, 138.5445
-0.06975318, 1.653857, 8.450867, 157.8258, 138.5445
-0.06975318, 1.503857, 8.450867, 157.8258, 150.0669
-0.08892744, 1.503857, 8.231704, 153.9381, 150.5019
-0.08892744, 1.653857, 8.231704, 153.9381, 138.6468
-0.2881664, 1.503857, 8.249134, 138.4247, 150.4664
-0.08892744, 1.503857, 8.231704, 153.9381, 150.5019
-0.06975318, 1.503857, 8.450867, 157.8258, 150.0669
-0.2689921, 1.503857, 8.468297, 142.7381, 150.0334
-0.2881664, 1.653857, 8.249134, 138.4247, 138.6385
-0.2881664, 1.503857, 8.249134, 138.4247, 150.4664
-0.2689921, 1.503857, 8.468297, 142.7381, 150.0334
-0.2689921, 1.653857, 8.468297, 142.7381, 138.5366
-0.08892744, 1.653857, 8.231704, 153.9381, 138.6468
-0.08892744, 1.503857, 8.231704, 153.9381, 150.5019
-0.2881664, 1.503857, 8.249134, 138.4247, 150.4664
-0.2881664, 1.653857, 8.249134, 138.4247, 138.6385
box_3_Hareli(Clone) stack 21 Shelf_1 Rack_0_0_1
-0.08892744, 1.803857, 8.231704, 153.9381, 126.7918
-0.2881664, 1.803857, 8.249134, 138.4247, 126.8106
-0.2689921, 1.803857, 8.468297, 142.7381, 127.0399
-0.06975318, 1.803857, 8.450867, 157.8258, 127.0221
-0.2689921, 1.803857, 8.468297, 142.7381, 127.0399
-0.2689921, 1.653857, 8.468297, 142.7381, 138.5366
-0.06975318, 1.653857, 8.450867, 157.8258, 138.5445
-0.06975318, 1.803857, 8.450867, 157.8258, 127.0221
-0.06975318, 1.803857, 8.450867, 157.8258, 127.0221
-0.06975318, 1.653857, 8.450867, 157.8258, 138.5445
-0.08892744, 1.653857, 8.231704, 153.9381, 138.6468
-0.08892744, 1.803857, 8.231704, 153.9381, 126.7918
-0.2881664, 1.653857, 8.249134, 138.4247, 138.6385
-0.08892744, 1.653857, 8.231704, 153.9381, 138.6468
-0.06975318, 1.653857, 8.450867, 157.8258, 138.5445
-0.2689921, 1.653857, 8.468297, 142.7381, 138.5366
-0.2881664, 1.803857, 8.249134, 138.4247, 126.8106
-0.2881664, 1.653857, 8.249134, 138.4247, 138.6385
-0.2689921, 1.653857, 8.468297, 142.7381, 138.5366
-0.2689921, 1.803857, 8.468297, 142.7381, 127.0399
-0.08892744, 1.803857, 8.231704, 153.9381, 126.7918
-0.08892744, 1.653857, 8.231704, 153.9381, 138.6468
-0.2881664, 1.653857, 8.249134, 138.4247, 138.6385
-0.2881664, 1.803857, 8.249134, 138.4247, 126.8106
box_3_Hareli(Clone) stack 21 Shelf_1 Rack_0_0_1
-0.07705524, 1.953857, 8.241762, 154.989, 114.9633
-0.2770248, 1.953857, 8.238272, 139.1593, 114.9541
-0.2808643, 1.953857, 8.458239, 141.7018, 115.5181
-0.08089478, 1.953857, 8.461729, 157.0852, 115.5268
-0.2808643, 1.953857, 8.458239, 141.7018, 115.5181
-0.2808643, 1.803857, 8.458239, 141.7018, 127.0296
-0.08089478, 1.803857, 8.461729, 157.0852, 127.0332
-0.08089478, 1.953857, 8.461729, 157.0852, 115.5268
-0.08089478, 1.953857, 8.461729, 157.0852, 115.5268
-0.08089478, 1.803857, 8.461729, 157.0852, 127.0332
-0.07705524, 1.803857, 8.241762, 154.989, 126.8026
-0.07705524, 1.953857, 8.241762, 154.989, 114.9633
-0.2770248, 1.803857, 8.238272, 139.1593, 126.7989
-0.07705524, 1.803857, 8.241762, 154.989, 126.8026
-0.08089478, 1.803857, 8.461729, 157.0852, 127.0332
-0.2808643, 1.803857, 8.458239, 141.7018, 127.0296
-0.2770248, 1.953857, 8.238272, 139.1593, 114.9541
-0.2770248, 1.803857, 8.238272, 139.1593, 126.7989
-0.2808643, 1.803857, 8.458239, 141.7018, 127.0296
-0.2808643, 1.953857, 8.458239, 141.7018, 115.5181
-0.07705524, 1.953857, 8.241762, 154.989, 114.9633
-0.07705524, 1.803857, 8.241762, 154.989, 126.8026
-0.2770248, 1.803857, 8.238272, 139.1593, 126.7989
-0.2770248, 1.953857, 8.238272, 139.1593, 114.9541
box_7_litchi(Clone) stack 22 Shelf_1 Rack_0_0_1
-0.4485653, 1.414419, 8.259096, 125.9262, 157.4894
-0.6478042, 1.414419, 8.241665, 109.9387, 157.541
-0.6652354, 1.414419, 8.440905, 111.9198, 156.9652
-0.4659964, 1.414419, 8.458336, 127.4955, 156.9163
-0.6652354, 1.414419, 8.440905, 111.9198, 156.9652
-0.6652354, 1.204419, 8.440905, 111.9198, 173.1172
-0.4659964, 1.204419, 8.458336, 127.4955, 173.0322
-0.4659964, 1.414419, 8.458336, 127.4955, 156.9163
-0.4659964, 1.414419, 8.458336, 127.4955, 156.9163
-0.4659964, 1.204419, 8.458336, 127.4955, 173.0322
-0.4485653, 1.204419, 8.259096, 125.9262, 174.0268
-0.4485653, 1.414419, 8.259096, 125.9262, 157.4894
-0.6478042, 1.204419, 8.241665, 109.9387, 174.1163
-0.4485653, 1.204419, 8.259096, 125.9262, 174.0268
-0.4659964, 1.204419, 8.458336, 127.4955, 173.0322
-0.6652354, 1.204419, 8.440905, 111.9198, 173.1172
-0.6478042, 1.414419, 8.241665, 109.9387, 157.541
-0.6478042, 1.204419, 8.241665, 109.9387, 174.1163
-0.6652354, 1.204419, 8.440905, 111.9198, 173.1172
-0.6652354, 1.414419, 8.440905, 111.9198, 156.9652
-0.4485653, 1.414419, 8.259096, 125.9262, 157.4894
-0.4485653, 1.204419, 8.259096, 125.9262, 174.0268
-0.6478042, 1.204419, 8.241665, 109.9387, 174.1163
-0.6478042, 1.414419, 8.241665, 109.9387, 157.541
box_7_litchi(Clone) stack 22 Shelf_1 Rack_0_0_1
-0.4551703, 1.624419, 8.25176, 125.2956, 140.9577
-0.6551399, 1.624419, 8.24827, 109.4731, 140.9604
-0.6586303, 1.624419, 8.44824, 112.5477, 140.8078
-0.4586608, 1.624419, 8.451731, 127.9638, 140.8052
-0.6586303, 1.624419, 8.44824, 112.5477, 140.8078
-0.6586303, 1.414419, 8.44824, 112.5477, 156.9446
-0.4586608, 1.414419, 8.451731, 127.9638, 156.9348
-0.4586608, 1.624419, 8.451731, 127.9638, 140.8052
-0.4586608, 1.624419, 8.451731, 127.9638, 140.8052
-0.4586608, 1.414419, 8.451731, 127.9638, 156.9348
-0.4551703, 1.414419, 8.25176, 125.2956, 157.511
-0.4551703, 1.624419, 8.25176, 125.2956, 140.9577
-0.6551399, 1.414419, 8.24827, 109.4731, 157.5214
-0.4551703, 1.414419, 8.25176, 125.2956, 157.511
-0.4586608, 1.414419, 8.451731, 127.9638, 156.9348
-0.6586303, 1.414419, 8.44824, 112.5477, 156.9446
-0.6551399, 1.624419, 8.24827, 109.4731, 140.9604
-0.6551399, 1.414419, 8.24827, 109.4731, 157.5214
-0.6586303, 1.414419, 8.44824, 112.5477, 156.9446
-0.6586303, 1.624419, 8.44824, 112.5477, 140.8078
-0.4551703, 1.624419, 8.25176, 125.2956, 140.9577
-0.4551703, 1.414419, 8.25176, 125.2956, 157.511
-0.6551399, 1.414419, 8.24827, 109.4731, 157.5214
-0.6551399, 1.624419, 8.24827, 109.4731, 140.9604
box_7_litchi(Clone) stack 22 Shelf_1 Rack_0_0_1
-0.4485653, 1.834419, 8.259096, 125.9262, 124.4146
-0.6478042, 1.834419, 8.241665, 109.9387, 124.3903
-0.6652354, 1.834419, 8.440905, 111.9198, 124.6613
-0.4659964, 1.834419, 8.458336, 127.4955, 124.6843
-0.6652354, 1.834419, 8.440905, 111.9198, 124.6613
-0.6652354, 1.624419, 8.440905, 111.9198, 140.8132
-0.4659964, 1.624419, 8.458336, 127.4955, 140.8003
-0.4659964, 1.834419, 8.458336, 127.4955, 124.6843
-0.4659964, 1.834419, 8.458336, 127.4955, 124.6843
-0.4659964, 1.624419, 8.458336, 127.4955, 140.8003
-0.4485653, 1.624419, 8.259096, 125.9262, 140.952
-0.4485653, 1.834419, 8.259096, 125.9262, 124.4146
-0.6478042, 1.624419, 8.241665, 109.9387, 140.9656
-0.4485653, 1.624419, 8.259096, 125.9262, 140.952
-0.4659964, 1.624419, 8.458336, 127.4955, 140.8003
-0.6652354, 1.624419, 8.440905, 111.9198, 140.8132
-0.6478042, 1.834419, 8.241665, 109.9387, 124.3903
-0.6478042, 1.624419, 8.241665, 109.9387, 140.9656
-0.6652354, 1.624419, 8.440905, 111.9198, 140.8132
-0.6652354, 1.834419, 8.440905, 111.9198, 124.6613
-0.4485653, 1.834419, 8.259096, 125.9262, 124.4146
-0.4485653, 1.624419, 8.259096, 125.9262, 140.952
-0.6478042, 1.624419, 8.241665, 109.9387, 140.9656
-0.6478042, 1.834419, 8.241665, 109.9387, 124.3903
box_7_litchi(Clone) stack 22 Shelf_1 Rack_0_0_1
-0.4569003, 2.044419, 8.25, 125.1327, 107.8448
-0.6569003, 2.044419, 8.25, 109.364, 107.8448
-0.6569003, 2.044419, 8.450001, 112.7094, 108.5401
-0.4569003, 2.044419, 8.450001, 128.0743, 108.5401
-0.6569003, 2.044419, 8.450001, 112.7094, 108.5401
-0.6569003, 1.834419, 8.450001, 112.7094, 124.6733
-0.4569003, 1.834419, 8.450001, 128.0743, 124.6733
-0.4569003, 2.044419, 8.450001, 128.0743, 108.5401
-0.4569003, 2.044419, 8.450001, 128.0743, 108.5401
-0.4569003, 1.834419, 8.450001, 128.0743, 124.6733
-0.4569003, 1.834419, 8.25, 125.1327, 124.4019
-0.4569003, 2.044419, 8.25, 125.1327, 107.8448
-0.6569003, 1.834419, 8.25, 109.364, 124.4019
-0.4569003, 1.834419, 8.25, 125.1327, 124.4019
-0.4569003, 1.834419, 8.450001, 128.0743, 124.6733
-0.6569003, 1.834419, 8.450001, 112.7094, 124.6733
-0.6569003, 2.044419, 8.25, 109.364, 107.8448
-0.6569003, 1.834419, 8.25, 109.364, 124.4019
-0.6569003, 1.834419, 8.450001, 112.7094, 124.6733
-0.6569003, 2.044419, 8.450001, 112.7094, 108.5401
-0.4569003, 2.044419, 8.25, 125.1327, 107.8448
-0.4569003, 1.834419, 8.25, 125.1327, 124.4019
-0.6569003, 1.834419, 8.25, 109.364, 124.4019
-0.6569003, 2.044419, 8.25, 109.364, 107.8448
box_8_lizol(Clone) stack 23 Shelf_2 Rack_0_0_1
0.6987044, 2.565368, 8.226596, 216.1715, 66.56073
0.4987043, 2.565368, 8.226596, 200.3541, 66.56073
0.4987043, 2.565368, 8.473405, 201.6032, 68.71707
0.6987044, 2.565368, 8.473405, 216.9223, 68.71707
0.4987043, 2.565368, 8.473405, 201.6032, 68.71707
0.4987043, 2.389118, 8.473405, 201.6032, 82.21696
0.6987044, 2.389118, 8.473405, 216.9223, 82.21696
0.6987044, 2.565368, 8.473405, 216.9223, 68.71707
0.6987044, 2.565368, 8.473405, 216.9223, 68.71707
0.6987044, 2.389118, 8.473405, 216.9223, 82.21696
0.6987044, 2.389118, 8.226596, 216.1715, 80.4998
0.6987044, 2.565368, 8.226596, 216.1715, 66.56073
0.4987043, 2.389118, 8.226596, 200.3541, 80.4998
0.6987044, 2.389118, 8.226596, 216.1715, 80.4998
0.6987044, 2.389118, 8.473405, 216.9223, 82.21696
0.4987043, 2.389118, 8.473405, 201.6032, 82.21696
0.4987043, 2.565368, 8.226596, 200.3541, 66.56073
0.4987043, 2.389118, 8.226596, 200.3541, 80.4998
0.4987043, 2.389118, 8.473405, 201.6032, 82.21696
0.4987043, 2.565368, 8.473405, 201.6032, 68.71707
0.6987044, 2.565368, 8.226596, 216.1715, 66.56073
0.6987044, 2.389118, 8.226596, 216.1715, 80.4998
0.4987043, 2.389118, 8.226596, 200.3541, 80.4998
0.4987043, 2.565368, 8.226596, 200.3541, 66.56073
box_8_lizol(Clone) stack 23 Shelf_2 Rack_0_0_1
0.7090792, 2.741618, 8.235782, 217.0198, 52.72131
0.5098403, 2.741618, 8.21835, 201.1926, 52.53204
0.4883295, 2.741618, 8.464219, 200.7626, 55.12355
0.6875684, 2.741618, 8.48165, 216.0945, 55.30109
0.4883295, 2.741618, 8.464219, 200.7626, 55.12355
0.4883295, 2.565368, 8.464219, 200.7626, 68.63925
0.6875684, 2.565368, 8.48165, 216.0945, 68.78677
0.6875684, 2.741618, 8.48165, 216.0945, 55.30109
0.6875684, 2.741618, 8.48165, 216.0945, 55.30109
0.6875684, 2.565368, 8.48165, 216.0945, 68.78677
0.7090792, 2.565368, 8.235782, 217.0198, 66.64352
0.7090792, 2.741618, 8.235782, 217.0198, 52.72131
0.5098403, 2.565368, 8.21835, 201.1926, 66.48628
0.7090792, 2.565368, 8.235782, 217.0198, 66.64352
0.6875684, 2.565368, 8.48165, 216.0945, 68.78677
0.4883295, 2.565368, 8.464219, 200.7626, 68.63925
0.5098403, 2.741618, 8.21835, 201.1926, 52.53204
0.5098403, 2.565368, 8.21835, 201.1926, 66.48628
0.4883295, 2.565368, 8.464219, 200.7626, 68.63925
0.4883295, 2.741618, 8.464219, 200.7626, 55.12355
0.7090792, 2.741618, 8.235782, 217.0198, 52.72131
0.7090792, 2.565368, 8.235782, 217.0198, 66.64352
0.5098403, 2.565368, 8.21835, 201.1926, 66.48628
0.5098403, 2.741618, 8.21835, 201.1926, 52.53204
box_5_LMRR(Clone) stack 24 Shelf_2 Rack_0_0_1
0.3172211, 2.531555, 8.204492, 185.8434, 69.04276
0.1173429, 2.531555, 8.211472, 170.054, 69.10355
0.1272617, 2.531555, 8.495509, 173.3407, 71.48622
0.3271399, 2.531555, 8.488529, 188.5616, 71.42973
0.1272617, 2.531555, 8.495509, 173.3407, 71.48622
0.1272617, 2.389055, 8.495509, 173.3407, 82.37032
0.3271399, 2.389055, 8.488529, 188.5616, 82.32352
0.3271399, 2.531555, 8.488529, 188.5616, 71.42973
0.3271399, 2.531555, 8.488529, 188.5616, 71.42973
0.3271399, 2.389055, 8.488529, 188.5616, 82.32352
0.3172211, 2.389055, 8.204492, 185.8434, 80.34557
0.3172211, 2.531555, 8.204492, 185.8434, 69.04276
0.1173429, 2.389055, 8.211472, 170.054, 80.39597
0.3172211, 2.389055, 8.204492, 185.8434, 80.34557
0.3271399, 2.389055, 8.488529, 188.5616, 82.32352
0.1272617, 2.389055, 8.495509, 173.3407, 82.37032
0.1173429, 2.531555, 8.211472, 170.054, 69.10355
0.1173429, 2.389055, 8.211472, 170.054, 80.39597
0.1272617, 2.389055, 8.495509, 173.3407, 82.37032
0.1272617, 2.531555, 8.495509, 173.3407, 71.48622
0.3172211, 2.531555, 8.204492, 185.8434, 69.04276
0.3172211, 2.389055, 8.204492, 185.8434, 80.34557
0.1173429, 2.389055, 8.211472, 170.054, 80.39597
0.1173429, 2.531555, 8.211472, 170.054, 69.10355
box_5_LMRR(Clone) stack 24 Shelf_2 Rack_0_0_1
0.3319106, 2.674055, 8.215217, 187.0836, 57.84932
0.1323978, 2.674055, 8.201265, 171.1542, 57.70697
0.1125723, 2.674055, 8.484784, 172.126, 60.50043
0.3120851, 2.674055, 8.498735, 187.479, 60.63269
0.1125723, 2.674055, 8.484784, 172.126, 60.50043
0.1125723, 2.531555, 8.484784, 172.126, 71.3994
0.3120851, 2.531555, 8.498735, 187.479, 71.5123
0.3120851, 2.674055, 8.498735, 187.479, 60.63269
0.3120851, 2.674055, 8.498735, 187.479, 60.63269
0.3120851, 2.531555, 8.498735, 187.479, 71.5123
0.3319106, 2.531555, 8.215217, 187.0836, 69.13615
0.3319106, 2.674055, 8.215217, 187.0836, 57.84932
0.1323978, 2.531555, 8.201265, 171.1542, 69.01462
0.3319106, 2.531555, 8.215217, 187.0836, 69.13615
0.3120851, 2.531555, 8.498735, 187.479, 71.5123
0.1125723, 2.531555, 8.484784, 172.126, 71.3994
0.1323978, 2.674055, 8.201265, 171.1542, 57.70697
0.1323978, 2.531555, 8.201265, 171.1542, 69.01462
0.1125723, 2.531555, 8.484784, 172.126, 71.3994
0.1125723, 2.674055, 8.484784, 172.126, 60.50043
0.3319106, 2.674055, 8.215217, 187.0836, 57.84932
0.3319106, 2.531555, 8.215217, 187.0836, 69.13615
0.1323978, 2.531555, 8.201265, 171.1542, 69.01462
0.1323978, 2.674055, 8.201265, 171.1542, 57.70697
box_7_litchi(Clone) stack 25 Shelf_2 Rack_0_0_1
-0.05376676, 2.599012, 8.262933, 157.0582, 64.23886
-0.252276, 2.599012, 8.238559, 141.1174, 64.01189
-0.2766499, 2.599012, 8.437068, 141.7592, 65.8192
-0.07814063, 2.599012, 8.461442, 157.2935, 66.03479
-0.2766499, 2.599012, 8.437068, 141.7592, 65.8192
-0.2766499, 2.389012, 8.437068, 141.7592, 81.97913
-0.07814063, 2.389012, 8.461442, 157.2935, 82.14435
-0.07814063, 2.599012, 8.461442, 157.2935, 66.03479
-0.07814063, 2.599012, 8.461442, 157.2935, 66.03479
-0.07814063, 2.389012, 8.461442, 157.2935, 82.14435
-0.05376676, 2.389012, 8.262933, 157.0582, 80.76794
-0.05376676, 2.599012, 8.262933, 157.0582, 64.23886
-0.252276, 2.389012, 8.238559, 141.1174, 80.59399
-0.05376676, 2.389012, 8.262933, 157.0582, 80.76794
-0.07814063, 2.389012, 8.461442, 157.2935, 82.14435
-0.2766499, 2.389012, 8.437068, 141.7592, 81.97913
-0.252276, 2.599012, 8.238559, 141.1174, 64.01189
-0.252276, 2.389012, 8.238559, 141.1174, 80.59399
-0.2766499, 2.389012, 8.437068, 141.7592, 81.97913
-0.2766499, 2.599012, 8.437068, 141.7592, 65.8192
-0.05376676, 2.599012, 8.262933, 157.0582, 64.23886
-0.05376676, 2.389012, 8.262933, 157.0582, 80.76794
-0.252276, 2.389012, 8.238559, 141.1174, 80.59399
-0.252276, 2.599012, 8.238559, 141.1174, 64.01189
box_7_litchi(Clone) stack 25 Shelf_2 Rack_0_0_1
-0.05687325, 2.809012, 8.259096, 156.7718, 47.66583
-0.2561122, 2.809012, 8.241665, 140.855, 47.46558
-0.2735434, 2.809012, 8.440905, 142.0465, 49.70125
-0.07430441, 2.809012, 8.458336, 157.555, 49.89143
-0.2735434, 2.809012, 8.440905, 142.0465, 49.70125
-0.2735434, 2.599012, 8.440905, 142.0465, 65.85323
-0.07430441, 2.599012, 8.458336, 157.555, 66.00739
-0.07430441, 2.809012, 8.458336, 157.555, 49.89143
-0.07430441, 2.809012, 8.458336, 157.555, 49.89143
-0.07430441, 2.599012, 8.458336, 157.555, 66.00739
-0.05687325, 2.599012, 8.259096, 156.7718, 64.20323
-0.05687325, 2.809012, 8.259096, 156.7718, 47.66583
-0.2561122, 2.599012, 8.241665, 140.855, 64.04088
-0.05687325, 2.599012, 8.259096, 156.7718, 64.20323
-0.07430441, 2.599012, 8.458336, 157.555, 66.00739
-0.2735434, 2.599012, 8.440905, 142.0465, 65.85323
-0.2561122, 2.809012, 8.241665, 140.855, 47.46558
-0.2561122, 2.599012, 8.241665, 140.855, 64.04088
-0.2735434, 2.599012, 8.440905, 142.0465, 65.85323
-0.2735434, 2.809012, 8.440905, 142.0465, 49.70125
-0.05687325, 2.809012, 8.259096, 156.7718, 47.66583
-0.05687325, 2.599012, 8.259096, 156.7718, 64.20323
-0.2561122, 2.599012, 8.241665, 140.855, 64.04088
-0.2561122, 2.809012, 8.241665, 140.855, 47.46558
box_7_litchi(Clone) stack 25 Shelf_2 Rack_0_0_1
-0.06011177, 3.019012, 8.255371, 156.4759, 31.07762
-0.2598377, 3.019012, 8.244904, 140.6033, 30.93459
-0.2703049, 3.019012, 8.44463, 142.3422, 33.59769
-0.07057896, 3.019012, 8.455097, 157.8069, 33.73352
-0.2703049, 3.019012, 8.44463, 142.3422, 33.59769
-0.2703049, 2.809012, 8.44463, 142.3422, 49.74196
-0.07057896, 2.809012, 8.455097, 157.8069, 49.85616
-0.07057896, 3.019012, 8.455097, 157.8069, 33.73352
-0.07057896, 3.019012, 8.455097, 157.8069, 33.73352
-0.07057896, 2.809012, 8.455097, 157.8069, 49.85616
-0.06011177, 2.809012, 8.255371, 156.4759, 47.62312
-0.06011177, 3.019012, 8.255371, 156.4759, 31.07762
-0.2598377, 2.809012, 8.244904, 140.6033, 47.50284
-0.06011177, 2.809012, 8.255371, 156.4759, 47.62312
-0.07057896, 2.809012, 8.455097, 157.8069, 49.85616
-0.2703049, 2.809012, 8.44463, 142.3422, 49.74196
-0.2598377, 3.019012, 8.244904, 140.6033, 30.93459
-0.2598377, 2.809012, 8.244904, 140.6033, 47.50284
-0.2703049, 2.809012, 8.44463, 142.3422, 49.74196
-0.2703049, 3.019012, 8.44463, 142.3422, 33.59769
-0.06011177, 3.019012, 8.255371, 156.4759, 31.07762
-0.06011177, 2.809012, 8.255371, 156.4759, 47.62312
-0.2598377, 2.809012, 8.244904, 140.6033, 47.50284
-0.2598377, 3.019012, 8.244904, 140.6033, 30.93459
box_5_LMRR(Clone) stack 26 Shelf_2 Rack_0_0_1
-0.4235744, 2.531555, 8.221142, 127.333, 69.18761
-0.6220837, 2.531555, 8.196768, 111.2081, 68.97533
-0.6567202, 2.531555, 8.478859, 113.1917, 71.3513
-0.4582109, 2.531555, 8.503233, 128.732, 71.54861
-0.6567202, 2.531555, 8.478859, 113.1917, 71.3513
-0.6567202, 2.389055, 8.478859, 113.1917, 82.25853
-0.4582109, 2.389055, 8.503233, 128.732, 82.422
-0.4582109, 2.531555, 8.503233, 128.732, 71.54861
-0.4582109, 2.531555, 8.503233, 128.732, 71.54861
-0.4582109, 2.389055, 8.503233, 128.732, 82.422
-0.4235744, 2.389055, 8.221142, 127.333, 80.46559
-0.4235744, 2.531555, 8.221142, 127.333, 69.18761
-0.6220837, 2.389055, 8.196768, 111.2081, 80.28969
-0.4235744, 2.389055, 8.221142, 127.333, 80.46559
-0.4582109, 2.389055, 8.503233, 128.732, 82.422
-0.6567202, 2.389055, 8.478859, 113.1917, 82.25853
-0.6220837, 2.531555, 8.196768, 111.2081, 68.97533
-0.6220837, 2.389055, 8.196768, 111.2081, 80.28969
-0.6567202, 2.389055, 8.478859, 113.1917, 82.25853
-0.6567202, 2.531555, 8.478859, 113.1917, 71.3513
-0.4235744, 2.531555, 8.221142, 127.333, 69.18761
-0.4235744, 2.389055, 8.221142, 127.333, 80.46559
-0.6220837, 2.389055, 8.196768, 111.2081, 80.28969
-0.6220837, 2.531555, 8.196768, 111.2081, 68.97533
box_5_LMRR(Clone) stack 26 Shelf_2 Rack_0_0_1
-0.4477216, 2.674055, 8.202856, 125.1449, 57.72324
-0.6474475, 2.674055, 8.213324, 109.4802, 57.83005
-0.632573, 2.674055, 8.497145, 115.3308, 60.61763
-0.4328471, 2.674055, 8.486677, 130.4367, 60.51839
-0.632573, 2.674055, 8.497145, 115.3308, 60.61763
-0.632573, 2.531555, 8.497145, 115.3308, 71.49947
-0.4328471, 2.531555, 8.486677, 130.4367, 71.41475
-0.4328471, 2.674055, 8.486677, 130.4367, 60.51839
-0.4328471, 2.674055, 8.486677, 130.4367, 60.51839
-0.4328471, 2.531555, 8.486677, 130.4367, 71.41475
-0.4477216, 2.531555, 8.202856, 125.1449, 69.0285
-0.4477216, 2.674055, 8.202856, 125.1449, 57.72324
-0.6474475, 2.531555, 8.213324, 109.4802, 69.11969
-0.4477216, 2.531555, 8.202856, 125.1449, 69.0285
-0.4328471, 2.531555, 8.486677, 130.4367, 71.41475
-0.632573, 2.531555, 8.497145, 115.3308, 71.49947
-0.6474475, 2.674055, 8.213324, 109.4802, 57.83005
-0.6474475, 2.531555, 8.213324, 109.4802, 69.11969
-0.632573, 2.531555, 8.497145, 115.3308, 71.49947
-0.632573, 2.674055, 8.497145, 115.3308, 60.61763
-0.4477216, 2.674055, 8.202856, 125.1449, 57.72324
-0.4477216, 2.531555, 8.202856, 125.1449, 69.0285
-0.6474475, 2.531555, 8.213324, 109.4802, 69.11969
-0.6474475, 2.674055, 8.213324, 109.4802, 57.83005
box_5_LMRR(Clone) stack 26 Shelf_2 Rack_0_0_1
-0.4304782, 2.816555, 8.215217, 126.6981, 46.56255
-0.6299909, 2.816555, 8.201265, 110.6573, 46.39937
-0.6498165, 2.816555, 8.484784, 113.8155, 49.60147
-0.4503037, 2.816555, 8.498735, 129.272, 49.7531
-0.6498165, 2.816555, 8.484784, 113.8155, 49.60147
-0.6498165, 2.674055, 8.484784, 113.8155, 60.50046
-0.4503037, 2.674055, 8.498735, 129.272, 60.63272
-0.4503037, 2.816555, 8.498735, 129.272, 49.7531
-0.4503037, 2.816555, 8.498735, 129.272, 49.7531
-0.4503037, 2.674055, 8.498735, 129.272, 60.63272
-0.4304782, 2.674055, 8.215217, 126.6981, 57.84937
-0.4304782, 2.816555, 8.215217, 126.6981, 46.56255
-0.6299909, 2.674055, 8.201265, 110.6573, 57.70702
-0.4304782, 2.674055, 8.215217, 126.6981, 57.84937
-0.4503037, 2.674055, 8.498735, 129.272, 60.63272
-0.6498165, 2.674055, 8.484784, 113.8155, 60.50046
-0.6299909, 2.816555, 8.201265, 110.6573, 46.39937
-0.6299909, 2.674055, 8.201265, 110.6573, 57.70702
-0.6498165, 2.674055, 8.484784, 113.8155, 60.50046
-0.6498165, 2.816555, 8.484784, 113.8155, 49.60147
-0.4304782, 2.816555, 8.215217, 126.6981, 46.56255
-0.4304782, 2.674055, 8.215217, 126.6981, 57.84937
-0.6299909, 2.674055, 8.201265, 110.6573, 57.70702
-0.6299909, 2.816555, 8.201265, 110.6573, 46.39937
box_3_Hareli(Clone) stack 30 Shelf_0 Rack_0_0_2
-1.767787, 0.1692639, 8.23015, 21.20695, 256.0044
-1.966692, 0.1692639, 8.251056, 6.127725, 255.6721
-1.943695, 0.1692639, 8.469851, 14.42516, 252.3
-1.744791, 0.1692639, 8.448945, 29.1041, 252.6141
-1.943695, 0.1692639, 8.469851, 14.42516, 252.3
-1.943695, 0.01926387, 8.469851, 14.42516, 263.7945
-1.744791, 0.01926387, 8.448945, 29.1041, 264.1393
-1.744791, 0.1692639, 8.448945, 29.1041, 252.6141
-1.744791, 0.1692639, 8.448945, 29.1041, 252.6141
-1.744791, 0.01926387, 8.448945, 29.1041, 264.1393
-1.767787, 0.01926387, 8.23015, 21.20695, 267.8619
-1.767787, 0.1692639, 8.23015, 21.20695, 256.0044
-1.966692, 0.01926387, 8.251056, 6.127725, 267.497
-1.767787, 0.01926387, 8.23015, 21.20695, 267.8619
-1.744791, 0.01926387, 8.448945, 29.1041, 264.1393
-1.943695, 0.01926387, 8.469851, 14.42516, 263.7945
-1.966692, 0.1692639, 8.251056, 6.127725, 255.6721
-1.966692, 0.01926387, 8.251056, 6.127725, 267.497
-1.943695, 0.01926387, 8.469851, 14.42516, 263.7945
-1.943695, 0.1692639, 8.469851, 14.42516, 252.3
-1.767787, 0.1692639, 8.23015, 21.20695, 256.0044
-1.767787, 0.01926387, 8.23015, 21.20695, 267.8619
-1.966692, 0.01926387, 8.251056, 6.127725, 267.497
-1.966692, 0.1692639, 8.251056, 6.127725, 255.6721
box_3_Hareli(Clone) stack 30 Shelf_0 Rack_0_0_2
-1.750121, 0.3192639, 8.245385, 23.0389, 243.9283
-1.949847, 0.3192639, 8.234918, 6.961498, 244.0784
-1.961361, 0.3192638, 8.454616, 12.62904, 241.0118
-1.761635, 0.3192638, 8.465083, 28.24748, 240.87
-1.961361, 0.3192638, 8.454616, 12.62904, 241.0118
-1.961361, 0.1692639, 8.454616, 12.62904, 252.5287
-1.761635, 0.1692639, 8.465083, 28.24748, 252.3715
-1.761635, 0.3192638, 8.465083, 28.24748, 240.87
-1.761635, 0.3192638, 8.465083, 28.24748, 240.87
-1.761635, 0.1692639, 8.465083, 28.24748, 252.3715
-1.750121, 0.1692639, 8.245385, 23.0389, 255.762
-1.750121, 0.3192639, 8.245385, 23.0389, 243.9283
-1.949847, 0.1692639, 8.234918, 6.961498, 255.9285
-1.750121, 0.1692639, 8.245385, 23.0389, 255.762
-1.761635, 0.1692639, 8.465083, 28.24748, 252.3715
-1.961361, 0.1692639, 8.454616, 12.62904, 252.5287
-1.949847, 0.3192639, 8.234918, 6.961498, 244.0784
-1.949847, 0.1692639, 8.234918, 6.961498, 255.9285
-1.961361, 0.1692639, 8.454616, 12.62904, 252.5287
-1.961361, 0.3192638, 8.454616, 12.62904, 241.0118
-1.750121, 0.3192639, 8.245385, 23.0389, 243.9283
-1.750121, 0.1692639, 8.245385, 23.0389, 255.762
-1.949847, 0.1692639, 8.234918, 6.961498, 255.9285
-1.949847, 0.3192639, 8.234918, 6.961498, 244.0784
box_3_Hareli(Clone) stack 30 Shelf_0 Rack_0_0_2
-1.759641, 0.4692639, 8.236577, 22.03544, 232.2072
-1.959519, 0.4692639, 8.243557, 6.463051, 232.118
-1.951841, 0.4692639, 8.463424, 13.61514, 229.3886
-1.751963, 0.4692639, 8.456444, 28.75587, 229.4729
-1.951841, 0.4692639, 8.463424, 13.61514, 229.3886
-1.951841, 0.3192639, 8.463424, 13.61514, 240.8925
-1.751963, 0.3192639, 8.456444, 28.75587, 240.987
-1.751963, 0.4692639, 8.456444, 28.75587, 229.4729
-1.751963, 0.4692639, 8.456444, 28.75587, 229.4729
-1.751963, 0.3192639, 8.456444, 28.75587, 240.987
-1.759641, 0.3192638, 8.236577, 22.03544, 244.0546
-1.759641, 0.4692639, 8.236577, 22.03544, 232.2072
-1.959519, 0.3192638, 8.243557, 6.463051, 243.9545
-1.759641, 0.3192638, 8.236577, 22.03544, 244.0546
-1.751963, 0.3192639, 8.456444, 28.75587, 240.987
-1.951841, 0.3192639, 8.463424, 13.61514, 240.8925
-1.959519, 0.4692639, 8.243557, 6.463051, 232.118
-1.959519, 0.3192638, 8.243557, 6.463051, 243.9545
-1.951841, 0.3192639, 8.463424, 13.61514, 240.8925
-1.951841, 0.4692639, 8.463424, 13.61514, 229.3886
-1.759641, 0.4692639, 8.236577, 22.03544, 232.2072
-1.759641, 0.3192638, 8.236577, 22.03544, 244.0546
-1.959519, 0.3192638, 8.243557, 6.463051, 243.9545
-1.959519, 0.4692639, 8.243557, 6.463051, 232.118
box_3_Hareli(Clone) stack 30 Shelf_0 Rack_0_0_2
-1.748312, 0.6192639, 8.247244, 23.23465, 220.24
-1.947825, 0.6192639, 8.233293, 7.071462, 220.3967
-1.963171, 0.6192639, 8.452757, 12.43597, 217.9978
-1.763658, 0.6192639, 8.466708, 28.13637, 217.8499
-1.963171, 0.6192639, 8.452757, 12.43597, 217.9978
-1.963171, 0.4692639, 8.452757, 12.43597, 229.5174
-1.763658, 0.4692639, 8.466708, 28.13637, 229.349
-1.763658, 0.6192639, 8.466708, 28.13637, 217.8499
-1.763658, 0.6192639, 8.466708, 28.13637, 217.8499
-1.763658, 0.4692639, 8.466708, 28.13637, 229.349
-1.748312, 0.4692638, 8.247244, 23.23465, 232.0709
-1.748312, 0.6192639, 8.247244, 23.23465, 220.24
-1.947825, 0.4692638, 8.233293, 7.071462, 232.2492
-1.748312, 0.4692638, 8.247244, 23.23465, 232.0709
-1.763658, 0.4692639, 8.466708, 28.13637, 229.349
-1.963171, 0.4692639, 8.452757, 12.43597, 229.5174
-1.947825, 0.6192639, 8.233293, 7.071462, 220.3967
-1.947825, 0.4692638, 8.233293, 7.071462, 232.2492
-1.963171, 0.4692639, 8.452757, 12.43597, 229.5174
-1.963171, 0.6192639, 8.452757, 12.43597, 217.9978
-1.748312, 0.6192639, 8.247244, 23.23465, 220.24
-1.748312, 0.4692638, 8.247244, 23.23465, 232.0709
-1.947825, 0.4692638, 8.233293, 7.071462, 232.2492
-1.947825, 0.6192639, 8.233293, 7.071462, 220.3967
box_6_melody(Clone) stack 34 Shelf_1 Rack_0_0_2
-1.78114, 1.391943, 8.220205, 19.86295, 159.3838
-1.980045, 1.391943, 8.241111, 4.767709, 159.3168
-1.954958, 1.391943, 8.479795, 13.84938, 158.5764
-1.756054, 1.391943, 8.45889, 28.50809, 158.6395
-1.954958, 1.391943, 8.479795, 13.84938, 158.5764
-1.954958, 1.204443, 8.479795, 13.84938, 172.9263
-1.756054, 1.204443, 8.45889, 28.50809, 173.0277
-1.756054, 1.391943, 8.45889, 28.50809, 158.6395
-1.756054, 1.391943, 8.45889, 28.50809, 158.6395
-1.756054, 1.204443, 8.45889, 28.50809, 173.0277
-1.78114, 1.204443, 8.220205, 19.86295, 174.2251
-1.78114, 1.391943, 8.220205, 19.86295, 159.3838
-1.980045, 1.204443, 8.241111, 4.767709, 174.1172
-1.78114, 1.204443, 8.220205, 19.86295, 174.2251
-1.756054, 1.204443, 8.45889, 28.50809, 173.0277
-1.954958, 1.204443, 8.479795, 13.84938, 172.9263
-1.980045, 1.391943, 8.241111, 4.767709, 159.3168
-1.980045, 1.204443, 8.241111, 4.767709, 174.1172
-1.954958, 1.204443, 8.479795, 13.84938, 172.9263
-1.954958, 1.391943, 8.479795, 13.84938, 158.5764
-1.78114, 1.391943, 8.220205, 19.86295, 159.3838
-1.78114, 1.204443, 8.220205, 19.86295, 174.2251
-1.980045, 1.204443, 8.241111, 4.767709, 174.1172
-1.980045, 1.391943, 8.241111, 4.767709, 159.3168
box_6_melody(Clone) stack 34 Shelf_1 Rack_0_0_2
-1.757971, 1.579443, 8.239173, 22.24176, 144.5187
-1.95721, 1.579443, 8.221742, 5.973859, 144.5406
-1.978127, 1.579443, 8.460828, 11.52339, 144.2489
-1.778888, 1.579443, 8.478259, 27.28276, 144.2284
-1.978127, 1.579443, 8.460828, 11.52339, 144.2489
-1.978127, 1.391943, 8.460828, 11.52339, 158.6336
-1.778888, 1.391943, 8.478259, 27.28276, 158.581
-1.778888, 1.579443, 8.478259, 27.28276, 144.2284
-1.778888, 1.579443, 8.478259, 27.28276, 144.2284
-1.778888, 1.391943, 8.478259, 27.28276, 158.581
-1.757971, 1.391943, 8.239173, 22.24176, 159.3229
-1.757971, 1.579443, 8.239173, 22.24176, 144.5187
-1.95721, 1.391943, 8.221742, 5.973859, 159.3789
-1.757971, 1.391943, 8.239173, 22.24176, 159.3229
-1.778888, 1.391943, 8.478259, 27.28276, 158.581
-1.978127, 1.391943, 8.460828, 11.52339, 158.6336
-1.95721, 1.579443, 8.221742, 5.973859, 144.5406
-1.95721, 1.391943, 8.221742, 5.973859, 159.3789
-1.978127, 1.391943, 8.460828, 11.52339, 158.6336
-1.978127, 1.579443, 8.460828, 11.52339, 144.2489
-1.757971, 1.579443, 8.239173, 22.24176, 144.5187
-1.757971, 1.391943, 8.239173, 22.24176, 159.3229
-1.95721, 1.391943, 8.221742, 5.973859, 159.3789
-1.95721, 1.579443, 8.221742, 5.973859, 144.5406
box_6_melody(Clone) stack 34 Shelf_1 Rack_0_0_2
-1.75417, 1.766943, 8.243082, 22.65367, 129.7172
-1.952679, 1.766943, 8.218708, 6.238861, 129.7002
-1.981928, 1.766943, 8.456919, 11.11739, 129.8617
-1.783419, 1.766943, 8.481293, 27.01838, 129.8777
-1.981928, 1.766943, 8.456919, 11.11739, 129.8617
-1.981928, 1.579443, 8.456919, 11.11739, 144.2536
-1.783419, 1.579443, 8.481293, 27.01838, 144.2248
-1.783419, 1.766943, 8.481293, 27.01838, 129.8777
-1.783419, 1.766943, 8.481293, 27.01838, 129.8777
-1.783419, 1.579443, 8.481293, 27.01838, 144.2248
-1.75417, 1.579443, 8.243082, 22.65367, 144.5138
-1.75417, 1.766943, 8.243082, 22.65367, 129.7172
-1.952679, 1.579443, 8.218708, 6.238861, 144.5444
-1.75417, 1.579443, 8.243082, 22.65367, 144.5138
-1.783419, 1.579443, 8.481293, 27.01838, 144.2248
-1.981928, 1.579443, 8.456919, 11.11739, 144.2536
-1.952679, 1.766943, 8.218708, 6.238861, 129.7002
-1.952679, 1.579443, 8.218708, 6.238861, 144.5444
-1.981928, 1.579443, 8.456919, 11.11739, 144.2536
-1.981928, 1.766943, 8.456919, 11.11739, 129.8617
-1.75417, 1.766943, 8.243082, 22.65367, 129.7172
-1.75417, 1.579443, 8.243082, 22.65367, 144.5138
-1.952679, 1.579443, 8.218708, 6.238861, 144.5444
-1.952679, 1.766943, 8.218708, 6.238861, 129.7002
box_6_melody(Clone) stack 34 Shelf_1 Rack_0_0_2
-1.776664, 1.954443, 8.223317, 20.3075, 114.8682
-1.976176, 1.954443, 8.237268, 4.954247, 114.9052
-1.959435, 1.954443, 8.476684, 13.41682, 115.5191
-1.759922, 1.954443, 8.462732, 28.31526, 115.4843
-1.959435, 1.954443, 8.476684, 13.41682, 115.5191
-1.959435, 1.766943, 8.476684, 13.41682, 129.8746
-1.759922, 1.766943, 8.462732, 28.31526, 129.8655
-1.759922, 1.954443, 8.462732, 28.31526, 115.4843
-1.759922, 1.954443, 8.462732, 28.31526, 115.4843
-1.759922, 1.766943, 8.462732, 28.31526, 129.8655
-1.776664, 1.766943, 8.223317, 20.3075, 129.7034
-1.776664, 1.954443, 8.223317, 20.3075, 114.8682
-1.976176, 1.766943, 8.237268, 4.954247, 129.7131
-1.776664, 1.766943, 8.223317, 20.3075, 129.7034
-1.759922, 1.766943, 8.462732, 28.31526, 129.8655
-1.959435, 1.766943, 8.476684, 13.41682, 129.8746
-1.976176, 1.954443, 8.237268, 4.954247, 114.9052
-1.976176, 1.766943, 8.237268, 4.954247, 129.7131
-1.959435, 1.766943, 8.476684, 13.41682, 129.8746
-1.959435, 1.954443, 8.476684, 13.41682, 115.5191
-1.776664, 1.954443, 8.223317, 20.3075, 114.8682
-1.776664, 1.766943, 8.223317, 20.3075, 129.7034
-1.976176, 1.766943, 8.237268, 4.954247, 129.7131
-1.976176, 1.954443, 8.237268, 4.954247, 114.9052
box4_Fairever(Clone) stack 35 Shelf_2 Rack_0_0_2
-1.432216, 2.553905, 8.23538, 47.86614, 67.54544
-1.632095, 2.553905, 8.2284, 31.88544, 67.4834
-1.640344, 2.553905, 8.464621, 37.53575, 69.52168
-1.440465, 2.553905, 8.471601, 53.0294, 69.58003
-1.640344, 2.553905, 8.464621, 37.53575, 69.52168
-1.640344, 2.388905, 8.464621, 37.53575, 82.17406
-1.440465, 2.388905, 8.471601, 53.0294, 82.22115
-1.440465, 2.553905, 8.471601, 53.0294, 69.58003
-1.440465, 2.553905, 8.471601, 53.0294, 69.58003
-1.440465, 2.388905, 8.471601, 53.0294, 82.22115
-1.432216, 2.388905, 8.23538, 47.86614, 80.5797
-1.432216, 2.553905, 8.23538, 47.86614, 67.54544
-1.632095, 2.388905, 8.2284, 31.88544, 80.52963
-1.432216, 2.388905, 8.23538, 47.86614, 80.5797
-1.440465, 2.388905, 8.471601, 53.0294, 82.22115
-1.640344, 2.388905, 8.464621, 37.53575, 82.17406
-1.632095, 2.553905, 8.2284, 31.88544, 67.4834
-1.632095, 2.388905, 8.2284, 31.88544, 80.52963
-1.640344, 2.388905, 8.464621, 37.53575, 82.17406
-1.640344, 2.553905, 8.464621, 37.53575, 69.52168
-1.432216, 2.553905, 8.23538, 47.86614, 67.54544
-1.432216, 2.388905, 8.23538, 47.86614, 80.5797
-1.632095, 2.388905, 8.2284, 31.88544, 80.52963
-1.632095, 2.553905, 8.2284, 31.88544, 67.4834
box_7_litchi(Clone) stack 36 Shelf_2 Rack_0_0_2
-1.809243, 2.599012, 8.253551, 18.61241, 64.15167
-2.009121, 2.599012, 8.246572, 2.643042, 64.08665
-2.016101, 2.599012, 8.446449, 8.183899, 65.90234
-1.816223, 2.599012, 8.453429, 23.7398, 65.96407
-2.016101, 2.599012, 8.446449, 8.183899, 65.90234
-2.016101, 2.389012, 8.446449, 8.183899, 82.04285
-1.816223, 2.389012, 8.453429, 23.7398, 82.09015
-1.816223, 2.599012, 8.453429, 23.7398, 65.96407
-1.816223, 2.599012, 8.453429, 23.7398, 65.96407
-1.816223, 2.389012, 8.453429, 23.7398, 82.09015
-1.809243, 2.389012, 8.253551, 18.61241, 80.70111
-1.809243, 2.599012, 8.253551, 18.61241, 64.15167
-2.009121, 2.389012, 8.246572, 2.643042, 80.65128
-1.809243, 2.389012, 8.253551, 18.61241, 80.70111
-1.816223, 2.389012, 8.453429, 23.7398, 82.09015
-2.016101, 2.389012, 8.446449, 8.183899, 82.04285
-2.009121, 2.599012, 8.246572, 2.643042, 64.08665
-2.009121, 2.389012, 8.246572, 2.643042, 80.65128
-2.016101, 2.389012, 8.446449, 8.183899, 82.04285
-2.016101, 2.599012, 8.446449, 8.183899, 65.90234
-1.809243, 2.599012, 8.253551, 18.61241, 64.15167
-1.809243, 2.389012, 8.253551, 18.61241, 80.70111
-2.009121, 2.389012, 8.246572, 2.643042, 80.65128
-2.009121, 2.599012, 8.246572, 2.643042, 64.08665
box_7_litchi(Clone) stack 36 Shelf_2 Rack_0_0_2
-1.809243, 2.809012, 8.253551, 18.61241, 47.60223
-2.009121, 2.809012, 8.246572, 2.643042, 47.52203
-2.016101, 2.809012, 8.446449, 8.183899, 49.76186
-1.816223, 2.809012, 8.453429, 23.7398, 49.83798
-2.016101, 2.809012, 8.446449, 8.183899, 49.76186
-2.016101, 2.599012, 8.446449, 8.183899, 65.90234
-1.816223, 2.599012, 8.453429, 23.7398, 65.96407
-1.816223, 2.809012, 8.453429, 23.7398, 49.83798
-1.816223, 2.809012, 8.453429, 23.7398, 49.83798
-1.816223, 2.599012, 8.453429, 23.7398, 65.96407
-1.809243, 2.599012, 8.253551, 18.61241, 64.15167
-1.809243, 2.809012, 8.253551, 18.61241, 47.60223
-2.009121, 2.599012, 8.246572, 2.643042, 64.08665
-1.809243, 2.599012, 8.253551, 18.61241, 64.15167
-1.816223, 2.599012, 8.453429, 23.7398, 65.96407
-2.016101, 2.599012, 8.446449, 8.183899, 65.90234
-2.009121, 2.809012, 8.246572, 2.643042, 47.52203
-2.009121, 2.599012, 8.246572, 2.643042, 64.08665
-2.016101, 2.599012, 8.446449, 8.183899, 65.90234
-2.016101, 2.809012, 8.446449, 8.183899, 49.76186
-1.809243, 2.809012, 8.253551, 18.61241, 47.60223
-1.809243, 2.599012, 8.253551, 18.61241, 64.15167
-2.009121, 2.599012, 8.246572, 2.643042, 64.08665
-2.009121, 2.809012, 8.246572, 2.643042, 47.52203
box_7_litchi(Clone) stack 36 Shelf_2 Rack_0_0_2
-1.801231, 3.019012, 8.262933, 19.51554, 31.18071
-1.99974, 3.019012, 8.238559, 3.133535, 30.84772
-2.024114, 3.019012, 8.437068, 7.288399, 33.49936
-1.825605, 3.019012, 8.461442, 23.24168, 33.81566
-2.024114, 3.019012, 8.437068, 7.288399, 33.49936
-2.024114, 2.809012, 8.437068, 7.288399, 49.65927
-1.825605, 2.809012, 8.461442, 23.24168, 49.92523
-1.825605, 3.019012, 8.461442, 23.24168, 33.81566
-1.825605, 3.019012, 8.461442, 23.24168, 33.81566
-1.825605, 2.809012, 8.461442, 23.24168, 49.92523
-1.801231, 2.809012, 8.262933, 19.51554, 47.70981
-1.801231, 3.019012, 8.262933, 19.51554, 31.18071
-1.99974, 2.809012, 8.238559, 3.133535, 47.42979
-1.801231, 2.809012, 8.262933, 19.51554, 47.70981
-1.825605, 2.809012, 8.461442, 23.24168, 49.92523
-2.024114, 2.809012, 8.437068, 7.288399, 49.65927
-1.99974, 3.019012, 8.238559, 3.133535, 30.84772
-1.99974, 2.809012, 8.238559, 3.133535, 47.42979
-2.024114, 2.809012, 8.437068, 7.288399, 49.65927
-2.024114, 3.019012, 8.437068, 7.288399, 33.49936
-1.801231, 3.019012, 8.262933, 19.51554, 31.18071
-1.801231, 2.809012, 8.262933, 19.51554, 47.70981
-1.99974, 2.809012, 8.238559, 3.133535, 47.42979
-1.99974, 3.019012, 8.238559, 3.133535, 30.84772
box_7_litchi(Clone) stack 36 Shelf_2 Rack_0_0_2
-1.804337, 3.229012, 8.259096, 19.15987, 14.59103
-2.003576, 3.229012, 8.241665, 2.927499, 14.31491
-2.021007, 3.229012, 8.440905, 7.641778, 17.39729
-1.821768, 3.229012, 8.458336, 23.44996, 17.65948
-2.021007, 3.229012, 8.440905, 7.641778, 17.39729
-2.021007, 3.019012, 8.440905, 7.641778, 33.54929
-1.821768, 3.019012, 8.458336, 23.44996, 33.77547
-1.821768, 3.229012, 8.458336, 23.44996, 17.65948
-1.821768, 3.229012, 8.458336, 23.44996, 17.65948
-1.821768, 3.019012, 8.458336, 23.44996, 33.77547
-1.804337, 3.019012, 8.259096, 19.15987, 31.12845
-1.804337, 3.229012, 8.259096, 19.15987, 14.59103
-2.003576, 3.019012, 8.241665, 2.927499, 30.89026
-1.804337, 3.019012, 8.259096, 19.15987, 31.12845
-1.821768, 3.019012, 8.458336, 23.44996, 33.77547
-2.021007, 3.019012, 8.440905, 7.641778, 33.54929
-2.003576, 3.229012, 8.241665, 2.927499, 14.31491
-2.003576, 3.019012, 8.241665, 2.927499, 30.89026
-2.021007, 3.019012, 8.440905, 7.641778, 33.54929
-2.021007, 3.229012, 8.440905, 7.641778, 17.39729
-1.804337, 3.229012, 8.259096, 19.15987, 14.59103
-1.804337, 3.019012, 8.259096, 19.15987, 31.12845
-2.003576, 3.019012, 8.241665, 2.927499, 30.89026
-2.003576, 3.229012, 8.241665, 2.927499, 14.31491
