box_1_Parle-G-GOLD(Clone) stack 40 Shelf_0 Rack_1_0_0
-6.555178, 0.1916559, 8.256677, 349.8765, 253.8191
-6.754082, 0.1916559, 8.235771, 334.4671, 254.1461
-6.775897, 0.1916559, 8.443324, 330.2771, 250.9771
-6.576993, 0.1916559, 8.46423, 345.2889, 250.6672
-6.775897, 0.1916559, 8.443324, 330.2771, 250.9771
-6.775897, 0.0191559, 8.443324, 330.2771, 264.2406
-6.576993, 0.0191559, 8.46423, 345.2889, 263.8953
-6.576993, 0.1916559, 8.46423, 345.2889, 250.6672
-6.576993, 0.1916559, 8.46423, 345.2889, 250.6672
-6.576993, 0.0191559, 8.46423, 345.2889, 263.8953
-6.555178, 0.0191559, 8.256677, 349.8765, 267.4077
-6.555178, 0.1916559, 8.256677, 349.8765, 253.8191
-6.754082, 0.0191559, 8.235771, 334.4671, 267.7721
-6.555178, 0.0191559, 8.256677, 349.8765, 267.4077
-6.576993, 0.0191559, 8.46423, 345.2889, 263.8953
-6.775897, 0.0191559, 8.443324, 330.2771, 264.2406
-6.754082, 0.1916559, 8.235771, 334.4671, 254.1461
-6.754082, 0.0191559, 8.235771, 334.4671, 267.7721
-6.775897, 0.0191559, 8.443324, 330.2771, 264.2406
-6.775897, 0.1916559, 8.443324, 330.2771, 250.9771
-6.555178, 0.1916559, 8.256677, 349.8765, 253.8191
-6.555178, 0.0191559, 8.256677, 349.8765, 267.4077
-6.754082, 0.0191559, 8.235771, 334.4671, 267.7721
-6.754082, 0.1916559, 8.235771, 334.4671, 254.1461
box_1_Parle-G-GOLD(Clone) stack 40 Shelf_0 Rack_1_0_0
-6.57306, 0.3641559, 8.238931, 348.7211, 240.4762
-6.772573, 0.3641559, 8.252882, 332.7975, 240.2829
-6.758015, 0.3641559, 8.46107, 331.4442, 237.4804
-6.558502, 0.3641559, 8.447119, 346.9407, 237.6635
-6.758015, 0.3641559, 8.46107, 331.4442, 237.4804
-6.758015, 0.1916559, 8.46107, 331.4442, 250.7139
-6.558502, 0.1916559, 8.447119, 346.9407, 250.9207
-6.558502, 0.3641559, 8.447119, 346.9407, 237.6635
-6.558502, 0.3641559, 8.447119, 346.9407, 237.6635
-6.558502, 0.1916559, 8.447119, 346.9407, 250.9207
-6.57306, 0.1916559, 8.238931, 348.7211, 254.0966
-6.57306, 0.3641559, 8.238931, 348.7211, 240.4762
-6.772573, 0.1916559, 8.252882, 332.7975, 253.8783
-6.57306, 0.1916559, 8.238931, 348.7211, 254.0966
-6.558502, 0.1916559, 8.447119, 346.9407, 250.9207
-6.758015, 0.1916559, 8.46107, 331.4442, 250.7139
-6.772573, 0.3641559, 8.252882, 332.7975, 240.2829
-6.772573, 0.1916559, 8.252882, 332.7975, 253.8783
-6.758015, 0.1916559, 8.46107, 331.4442, 250.7139
-6.758015, 0.3641559, 8.46107, 331.4442, 237.4804
-6.57306, 0.3641559, 8.238931, 348.7211, 240.4762
-6.57306, 0.1916559, 8.238931, 348.7211, 254.0966
-6.772573, 0.1916559, 8.252882, 332.7975, 253.8783
-6.772573, 0.3641559, 8.252882, 332.7975, 240.2829
box_1_Parle-G-GOLD(Clone) stack 40 Shelf_0 Rack_1_0_0
-6.565537, 0.5366558, 8.245652, 349.2185, 226.7747
-6.765537, 0.5366558, 8.245652, 333.4407, 226.7747
-6.765537, 0.5366559, 8.454349, 330.9452, 224.3237
-6.565537, 0.5366559, 8.454349, 346.3016, 224.3237
-6.765537, 0.5366559, 8.454349, 330.9452, 224.3237
-6.765537, 0.3641559, 8.454349, 330.9452, 237.5686
-6.565537, 0.3641559, 8.454349, 346.3016, 237.5686
-6.565537, 0.5366559, 8.454349, 346.3016, 224.3237
-6.565537, 0.5366559, 8.454349, 346.3016, 224.3237
-6.565537, 0.3641559, 8.454349, 346.3016, 237.5686
-6.565537, 0.3641558, 8.245652, 349.2185, 240.383
-6.565537, 0.5366558, 8.245652, 349.2185, 226.7747
-6.765537, 0.3641558, 8.245652, 333.4407, 240.383
-6.565537, 0.3641558, 8.245652, 349.2185, 240.383
-6.565537, 0.3641559, 8.454349, 346.3016, 237.5686
-6.765537, 0.3641559, 8.454349, 330.9452, 237.5686
-6.765537, 0.5366558, 8.245652, 333.4407, 226.7747
-6.765537, 0.3641558, 8.245652, 333.4407, 240.383
-6.765537, 0.3641559, 8.454349, 330.9452, 237.5686
-6.765537, 0.5366559, 8.454349, 330.9452, 224.3237
-6.565537, 0.5366558, 8.245652, 349.2185, 226.7747
-6.565537, 0.3641558, 8.245652, 349.2185, 240.383
-6.765537, 0.3641558, 8.245652, 333.4407, 240.383
-6.765537, 0.5366558, 8.245652, 333.4407, 226.7747
box_1_Parle-G-GOLD(Clone) stack 40 Shelf_0 Rack_1_0_0
-6.56924, 0.7091558, 8.242226, 348.9755, 213.2016
-6.769118, 0.7091558, 8.249206, 333.1147, 213.1299
-6.761835, 0.7091558, 8.457774, 331.1895, 211.0455
-6.561956, 0.7091558, 8.450795, 346.625, 211.1134
-6.761835, 0.7091558, 8.457774, 331.1895, 211.0455
-6.761835, 0.5366558, 8.457774, 331.1895, 224.2846
-6.561956, 0.5366558, 8.450795, 346.625, 224.3643
-6.561956, 0.7091558, 8.450795, 346.625, 211.1134
-6.561956, 0.7091558, 8.450795, 346.625, 211.1134
-6.561956, 0.5366558, 8.450795, 346.625, 224.3643
-6.56924, 0.5366558, 8.242227, 348.9755, 226.8161
-6.56924, 0.7091558, 8.242226, 348.9755, 213.2016
-6.769118, 0.5366558, 8.249206, 333.1147, 226.7319
-6.56924, 0.5366558, 8.242227, 348.9755, 226.8161
-6.561956, 0.5366558, 8.450795, 346.625, 224.3643
-6.761835, 0.5366558, 8.457774, 331.1895, 224.2846
-6.769118, 0.7091558, 8.249206, 333.1147, 213.1299
-6.769118, 0.5366558, 8.249206, 333.1147, 226.7319
-6.761835, 0.5366558, 8.457774, 331.1895, 224.2846
-6.761835, 0.7091558, 8.457774, 331.1895, 211.0455
-6.56924, 0.7091558, 8.242226, 348.9755, 213.2016
-6.56924, 0.5366558, 8.242227, 348.9755, 226.8161
-6.769118, 0.5366558, 8.249206, 333.1147, 226.7319
-6.769118, 0.7091558, 8.249206, 333.1147, 213.1299
box_5_LMRR(Clone) stack 41 Shelf_0 Rack_1_0_0
-6.945427, 0.162368, 8.206172, 319.6629, 256.9348
-7.145397, 0.162368, 8.209662, 303.7759, 256.8785
-7.140437, 0.162368, 8.493829, 301.8473, 252.4687
-6.940467, 0.162368, 8.490338, 317.1584, 252.521
-7.140437, 0.162368, 8.493829, 301.8473, 252.4687
-7.140437, 0.01986802, 8.493829, 301.8473, 263.3551
-6.940467, 0.01986802, 8.490338, 317.1584, 263.4122
-6.940467, 0.162368, 8.490338, 317.1584, 252.521
-6.940467, 0.162368, 8.490338, 317.1584, 252.521
-6.940467, 0.01986802, 8.490338, 317.1584, 263.4122
-6.945427, 0.01986799, 8.206172, 319.6629, 268.235
-6.945427, 0.162368, 8.206172, 319.6629, 256.9348
-7.145397, 0.01986799, 8.209662, 303.7759, 268.1736
-6.945427, 0.01986799, 8.206172, 319.6629, 268.235
-6.940467, 0.01986802, 8.490338, 317.1584, 263.4122
-7.140437, 0.01986802, 8.493829, 301.8473, 263.3551
-7.145397, 0.162368, 8.209662, 303.7759, 256.8785
-7.145397, 0.01986799, 8.209662, 303.7759, 268.1736
-7.140437, 0.01986802, 8.493829, 301.8473, 263.3551
-7.140437, 0.162368, 8.493829, 301.8473, 252.4687
-6.945427, 0.162368, 8.206172, 319.6629, 256.9348
-6.945427, 0.01986799, 8.206172, 319.6629, 268.235
-7.145397, 0.01986799, 8.209662, 303.7759, 268.1736
-7.145397, 0.162368, 8.209662, 303.7759, 256.8785
box_1_Parle-G-GOLD(Clone) stack 42 Shelf_0 Rack_1_0_0
-7.345678, 0.1916559, 8.235771, 287.7362, 254.1461
-7.544582, 0.1916559, 8.256677, 271.9366, 253.8191
-7.522768, 0.1916559, 8.46423, 272.7623, 250.6672
-7.323863, 0.1916559, 8.443324, 288.1439, 250.9771
-7.522768, 0.1916559, 8.46423, 272.7623, 250.6672
-7.522768, 0.0191559, 8.46423, 272.7623, 263.8953
-7.323863, 0.0191559, 8.443324, 288.1439, 264.2406
-7.323863, 0.1916559, 8.443324, 288.1439, 250.9771
-7.323863, 0.1916559, 8.443324, 288.1439, 250.9771
-7.323863, 0.0191559, 8.443324, 288.1439, 264.2406
-7.345678, 0.0191559, 8.235771, 287.7362, 267.7721
-7.345678, 0.1916559, 8.235771, 287.7362, 254.1461
-7.544582, 0.0191559, 8.256677, 271.9366, 267.4077
-7.345678, 0.0191559, 8.235771, 287.7362, 267.7721
-7.323863, 0.0191559, 8.443324, 288.1439, 264.2406
-7.522768, 0.0191559, 8.46423, 272.7623, 263.8953
-7.544582, 0.1916559, 8.256677, 271.9366, 253.8191
-7.544582, 0.0191559, 8.256677, 271.9366, 267.4077
-7.522768, 0.0191559, 8.46423, 272.7623, 263.8953
-7.522768, 0.1916559, 8.46423, 272.7623, 250.6672
-7.345678, 0.1916559, 8.235771, 287.7362, 254.1461
-7.345678, 0.0191559, 8.235771, 287.7362, 267.7721
-7.544582, 0.0191559, 8.256677, 271.9366, 267.4077
-7.544582, 0.1916559, 8.256677, 271.9366, 253.8191
box_8_lizol(Clone) stack 43 Shelf_0 Rack_1_0_0
-7.726587, 0.1961813, 8.21682, 257.6918, 254.0858
-7.925492, 0.1961813, 8.237725, 241.9354, 253.7581
-7.899693, 0.1961813, 8.483181, 243.8484, 250.0415
-7.700789, 0.1961813, 8.462276, 259.1155, 250.349
-7.899693, 0.1961813, 8.483181, 243.8484, 250.0415
-7.899693, 0.0199313, 8.483181, 243.8484, 263.5245
-7.700789, 0.0199313, 8.462276, 259.1155, 263.868
-7.700789, 0.1961813, 8.462276, 259.1155, 250.349
-7.700789, 0.1961813, 8.462276, 259.1155, 250.349
-7.700789, 0.0199313, 8.462276, 259.1155, 263.868
-7.726587, 0.0199313, 8.21682, 257.6918, 268.0428
-7.726587, 0.1961813, 8.21682, 257.6918, 254.0858
-7.925492, 0.0199313, 8.237725, 241.9354, 267.6767
-7.726587, 0.0199313, 8.21682, 257.6918, 268.0428
-7.700789, 0.0199313, 8.462276, 259.1155, 263.868
-7.899693, 0.0199313, 8.483181, 243.8484, 263.5245
-7.925492, 0.1961813, 8.237725, 241.9354, 253.7581
-7.925492, 0.0199313, 8.237725, 241.9354, 267.6767
-7.899693, 0.0199313, 8.483181, 243.8484, 263.5245
-7.899693, 0.1961813, 8.483181, 243.8484, 250.0415
-7.726587, 0.1961813, 8.21682, 257.6918, 254.0858
-7.726587, 0.0199313, 8.21682, 257.6918, 268.0428
-7.925492, 0.0199313, 8.237725, 241.9354, 267.6767
-7.925492, 0.1961813, 8.237725, 241.9354, 253.7581
box_8_lizol(Clone) stack 43 Shelf_0 Rack_1_0_0
-7.698847, 0.3724313, 8.239703, 259.8287, 239.8122
-7.897356, 0.3724313, 8.215329, 244.1696, 240.1494
-7.927434, 0.3724313, 8.460298, 241.7314, 236.8556
-7.728925, 0.3724313, 8.484672, 256.909, 236.5391
-7.927434, 0.3724313, 8.460298, 241.7314, 236.8556
-7.927434, 0.1961813, 8.460298, 241.7314, 250.3781
-7.728925, 0.1961813, 8.484672, 256.909, 250.0196
-7.728925, 0.3724313, 8.484672, 256.909, 236.5391
-7.728925, 0.3724313, 8.484672, 256.909, 236.5391
-7.728925, 0.1961813, 8.484672, 256.909, 250.0196
-7.698847, 0.1961813, 8.239703, 259.8287, 253.7272
-7.698847, 0.3724313, 8.239703, 259.8287, 239.8122
-7.897356, 0.1961813, 8.215329, 244.1696, 254.1092
-7.698847, 0.1961813, 8.239703, 259.8287, 253.7272
-7.728925, 0.1961813, 8.484672, 256.909, 250.0196
-7.927434, 0.1961813, 8.460298, 241.7314, 250.3781
-7.897356, 0.3724313, 8.215329, 244.1696, 240.1494
-7.897356, 0.1961813, 8.215329, 244.1696, 254.1092
-7.927434, 0.1961813, 8.460298, 241.7314, 250.3781
-7.927434, 0.3724313, 8.460298, 241.7314, 236.8556
-7.698847, 0.3724313, 8.239703, 259.8287, 239.8122
-7.698847, 0.1961813, 8.239703, 259.8287, 253.7272
-7.897356, 0.1961813, 8.215329, 244.1696, 254.1092
-7.897356, 0.3724313, 8.215329, 244.1696, 240.1494
box_8_lizol(Clone) stack 43 Shelf_0 Rack_1_0_0
-7.726587, 0.5486813, 8.21682, 257.6918, 226.1717
-7.925492, 0.5486813, 8.237725, 241.9354, 225.9208
-7.899693, 0.5486813, 8.483181, 243.8484, 223.0754
-7.700789, 0.5486813, 8.462276, 259.1155, 223.3108
-7.899693, 0.5486813, 8.483181, 243.8484, 223.0754
-7.899693, 0.3724313, 8.483181, 243.8484, 236.5584
-7.700789, 0.3724313, 8.462276, 259.1155, 236.8299
-7.700789, 0.5486813, 8.462276, 259.1155, 223.3108
-7.700789, 0.5486813, 8.462276, 259.1155, 223.3108
-7.700789, 0.3724313, 8.462276, 259.1155, 236.8299
-7.726587, 0.3724313, 8.21682, 257.6918, 240.1287
-7.726587, 0.5486813, 8.21682, 257.6918, 226.1717
-7.925492, 0.3724313, 8.237725, 241.9354, 239.8394
-7.726587, 0.3724313, 8.21682, 257.6918, 240.1287
-7.700789, 0.3724313, 8.462276, 259.1155, 236.8299
-7.899693, 0.3724313, 8.483181, 243.8484, 236.5584
-7.925492, 0.5486813, 8.237725, 241.9354, 225.9208
-7.925492, 0.3724313, 8.237725, 241.9354, 239.8394
-7.899693, 0.3724313, 8.483181, 243.8484, 236.5584
-7.899693, 0.5486813, 8.483181, 243.8484, 223.0754
-7.726587, 0.5486813, 8.21682, 257.6918, 226.1717
-7.726587, 0.3724313, 8.21682, 257.6918, 240.1287
-7.925492, 0.3724313, 8.237725, 241.9354, 239.8394
-7.925492, 0.5486813, 8.237725, 241.9354, 225.9208
box_8_lizol(Clone) stack 43 Shelf_0 Rack_1_0_0
-7.708895, 0.7249313, 8.230162, 259.0593, 212.0789
-7.908773, 0.7249313, 8.223182, 243.262, 212.1498
-7.917386, 0.7249314, 8.469839, 242.4992, 209.7195
-7.717508, 0.7249314, 8.476819, 257.8, 209.6529
-7.917386, 0.7249314, 8.469839, 242.4992, 209.7195
-7.917386, 0.5486813, 8.469839, 242.4992, 223.2255
-7.717508, 0.5486813, 8.476819, 257.8, 223.1469
-7.717508, 0.7249314, 8.476819, 257.8, 209.6529
-7.717508, 0.7249314, 8.476819, 257.8, 209.6529
-7.717508, 0.5486813, 8.476819, 257.8, 223.1469
-7.708895, 0.5486813, 8.230162, 259.0593, 226.0114
-7.708895, 0.7249313, 8.230162, 259.0593, 212.0789
-7.908773, 0.5486813, 8.223182, 243.262, 226.0952
-7.708895, 0.5486813, 8.230162, 259.0593, 226.0114
-7.717508, 0.5486813, 8.476819, 257.8, 223.1469
-7.917386, 0.5486813, 8.469839, 242.4992, 223.2255
-7.908773, 0.7249313, 8.223182, 243.262, 212.1498
-7.908773, 0.5486813, 8.223182, 243.262, 226.0952
-7.917386, 0.5486813, 8.469839, 242.4992, 223.2255
-7.917386, 0.7249314, 8.469839, 242.4992, 209.7195
-7.708895, 0.7249313, 8.230162, 259.0593, 212.0789
-7.708895, 0.5486813, 8.230162, 259.0593, 226.0114
-7.908773, 0.5486813, 8.223182, 243.262, 226.0952
-7.908773, 0.7249313, 8.223182, 243.262, 212.1498
box4_Fairever(Clone) stack 44 Shelf_1 Rack_1_0_0
-8.096589, 1.369311, 8.225131, 228.4045, 161.1582
-8.296103, 1.369311, 8.239082, 212.6728, 161.1102
-8.279614, 1.369311, 8.47487, 214.7579, 160.3244
-8.080101, 1.369311, 8.460918, 230.019, 160.3696
-8.279614, 1.369311, 8.47487, 214.7579, 160.3244
-8.279614, 1.204311, 8.47487, 214.7579, 172.9602
-8.080101, 1.204311, 8.460918, 230.019, 173.0279
-8.080101, 1.369311, 8.460918, 230.019, 160.3696
-8.080101, 1.369311, 8.460918, 230.019, 160.3696
-8.080101, 1.204311, 8.460918, 230.019, 173.0279
-8.096589, 1.204311, 8.225131, 228.4045, 174.21
-8.096589, 1.369311, 8.225131, 228.4045, 161.1582
-8.296103, 1.204311, 8.239082, 212.6728, 174.1381
-8.096589, 1.204311, 8.225131, 228.4045, 174.21
-8.080101, 1.204311, 8.460918, 230.019, 173.0279
-8.279614, 1.204311, 8.47487, 214.7579, 172.9602
-8.296103, 1.369311, 8.239082, 212.6728, 161.1102
-8.296103, 1.204311, 8.239082, 212.6728, 174.1381
-8.279614, 1.204311, 8.47487, 214.7579, 172.9602
-8.279614, 1.369311, 8.47487, 214.7579, 160.3244
-8.096589, 1.369311, 8.225131, 228.4045, 161.1582
-8.096589, 1.204311, 8.225131, 228.4045, 174.21
-8.296103, 1.204311, 8.239082, 212.6728, 174.1381
-8.296103, 1.369311, 8.239082, 212.6728, 161.1102
box4_Fairever(Clone) stack 44 Shelf_1 Rack_1_0_0
-8.084038, 1.534311, 8.23538, 229.4116, 148.0886
-8.283916, 1.534311, 8.2284, 213.5979, 148.1007
-8.292166, 1.534311, 8.464621, 213.7623, 147.7052
-8.092287, 1.534311, 8.471601, 229.099, 147.6938
-8.292166, 1.534311, 8.464621, 213.7623, 147.7052
-8.292166, 1.369311, 8.464621, 213.7623, 160.3575
-8.092287, 1.369311, 8.471601, 229.099, 160.335
-8.092287, 1.534311, 8.471601, 229.099, 147.6938
-8.092287, 1.534311, 8.471601, 229.099, 147.6938
-8.092287, 1.369311, 8.471601, 229.099, 160.335
-8.084038, 1.369311, 8.23538, 229.4116, 161.1229
-8.084038, 1.534311, 8.23538, 229.4116, 148.0886
-8.283916, 1.369311, 8.2284, 213.5979, 161.1469
-8.084038, 1.369311, 8.23538, 229.4116, 161.1229
-8.092287, 1.369311, 8.471601, 229.099, 160.335
-8.292166, 1.369311, 8.464621, 213.7623, 160.3575
-8.283916, 1.534311, 8.2284, 213.5979, 148.1007
-8.283916, 1.369311, 8.2284, 213.5979, 161.1469
-8.292166, 1.369311, 8.464621, 213.7623, 160.3575
-8.292166, 1.534311, 8.464621, 213.7623, 147.7052
-8.084038, 1.534311, 8.23538, 229.4116, 148.0886
-8.084038, 1.369311, 8.23538, 229.4116, 161.1229
-8.283916, 1.369311, 8.2284, 213.5979, 161.1469
-8.283916, 1.534311, 8.2284, 213.5979, 148.1007
box4_Fairever(Clone) stack 44 Shelf_1 Rack_1_0_0
-8.101003, 1.699311, 8.222013, 228.0505, 135.0545
-8.299908, 1.699311, 8.242919, 212.3863, 135.0544
-8.275201, 1.699311, 8.477987, 215.1058, 135.0527
-8.076296, 1.699311, 8.457082, 230.3062, 135.0529
-8.275201, 1.699311, 8.477987, 215.1058, 135.0527
-8.275201, 1.534311, 8.477987, 215.1058, 147.6835
-8.076296, 1.534311, 8.457082, 230.3062, 147.7174
-8.076296, 1.699311, 8.457082, 230.3062, 135.0529
-8.076296, 1.699311, 8.457082, 230.3062, 135.0529
-8.076296, 1.534311, 8.457082, 230.3062, 147.7174
-8.101003, 1.534311, 8.222013, 228.0505, 148.1117
-8.101003, 1.699311, 8.222013, 228.0505, 135.0545
-8.299908, 1.534311, 8.242919, 212.3863, 148.0757
-8.101003, 1.534311, 8.222013, 228.0505, 148.1117
-8.076296, 1.534311, 8.457082, 230.3062, 147.7174
-8.275201, 1.534311, 8.477987, 215.1058, 147.6835
-8.299908, 1.699311, 8.242919, 212.3863, 135.0544
-8.299908, 1.534311, 8.242919, 212.3863, 148.0757
-8.275201, 1.534311, 8.477987, 215.1058, 147.6835
-8.275201, 1.699311, 8.477987, 215.1058, 135.0527
-8.101003, 1.699311, 8.222013, 228.0505, 135.0545
-8.101003, 1.534311, 8.222013, 228.0505, 148.1117
-8.299908, 1.534311, 8.242919, 212.3863, 148.0757
-8.299908, 1.699311, 8.242919, 212.3863, 135.0544
box_8_lizol(Clone) stack 45 Shelf_1 Rack_1_0_0
-7.701157, 1.380775, 8.237725, 259.6513, 160.2095
-7.900062, 1.380775, 8.21682, 243.9546, 160.2791
-7.92586, 1.380775, 8.462276, 241.8517, 159.4859
-7.726955, 1.380775, 8.483181, 257.0628, 159.4206
-7.92586, 1.380775, 8.462276, 241.8517, 159.4859
-7.92586, 1.204525, 8.462276, 241.8517, 173.0049
-7.726955, 1.204525, 8.483181, 257.0628, 172.9037
-7.726955, 1.380775, 8.483181, 257.0628, 159.4206
-7.726955, 1.380775, 8.483181, 257.0628, 159.4206
-7.726955, 1.204525, 8.483181, 257.0628, 172.9037
-7.701157, 1.204525, 8.237725, 259.6513, 174.1282
-7.701157, 1.380775, 8.237725, 259.6513, 160.2095
-7.900062, 1.204525, 8.21682, 243.9546, 174.2361
-7.701157, 1.204525, 8.237725, 259.6513, 174.1282
-7.726955, 1.204525, 8.483181, 257.0628, 172.9037
-7.92586, 1.204525, 8.462276, 241.8517, 173.0049
-7.900062, 1.380775, 8.21682, 243.9546, 160.2791
-7.900062, 1.204525, 8.21682, 243.9546, 174.2361
-7.92586, 1.204525, 8.462276, 241.8517, 173.0049
-7.92586, 1.380775, 8.462276, 241.8517, 159.4859
-7.701157, 1.380775, 8.237725, 259.6513, 160.2095
-7.701157, 1.204525, 8.237725, 259.6513, 174.1282
-7.900062, 1.204525, 8.21682, 243.9546, 174.2361
-7.900062, 1.380775, 8.21682, 243.9546, 160.2791
box_8_lizol(Clone) stack 45 Shelf_1 Rack_1_0_0
-7.724645, 1.557025, 8.21835, 257.842, 146.3198
-7.923883, 1.557025, 8.235782, 242.063, 146.2938
-7.902372, 1.557025, 8.48165, 243.6442, 145.9397
-7.703134, 1.557025, 8.464219, 258.931, 145.9641
-7.902372, 1.557025, 8.48165, 243.6442, 145.9397
-7.902372, 1.380775, 8.48165, 243.6442, 159.4254
-7.703134, 1.380775, 8.464219, 258.931, 159.4798
-7.703134, 1.557025, 8.464219, 258.931, 145.9641
-7.703134, 1.557025, 8.464219, 258.931, 145.9641
-7.703134, 1.380775, 8.464219, 258.931, 159.4798
-7.724645, 1.380775, 8.21835, 257.842, 160.274
-7.724645, 1.557025, 8.21835, 257.842, 146.3198
-7.923883, 1.380775, 8.235782, 242.063, 160.216
-7.724645, 1.380775, 8.21835, 257.842, 160.274
-7.703134, 1.380775, 8.464219, 258.931, 159.4798
-7.902372, 1.380775, 8.48165, 243.6442, 159.4254
-7.923883, 1.557025, 8.235782, 242.063, 146.2938
-7.923883, 1.380775, 8.235782, 242.063, 160.216
-7.902372, 1.380775, 8.48165, 243.6442, 159.4254
-7.902372, 1.557025, 8.48165, 243.6442, 145.9397
-7.724645, 1.557025, 8.21835, 257.842, 146.3198
-7.724645, 1.380775, 8.21835, 257.842, 160.274
-7.923883, 1.380775, 8.235782, 242.063, 160.216
-7.923883, 1.557025, 8.235782, 242.063, 146.2938
box_8_lizol(Clone) stack 45 Shelf_1 Rack_1_0_0
-7.703134, 1.733275, 8.235782, 259.5003, 132.3716
-7.902372, 1.733275, 8.21835, 243.7708, 132.3656
-7.923883, 1.733275, 8.464219, 242.0028, 132.4483
-7.724645, 1.733275, 8.48165, 257.243, 132.454
-7.923883, 1.733275, 8.464219, 242.0028, 132.4483
-7.923883, 1.557025, 8.464219, 242.0028, 145.9641
-7.724645, 1.557025, 8.48165, 257.243, 145.9397
-7.724645, 1.733275, 8.48165, 257.243, 132.454
-7.724645, 1.733275, 8.48165, 257.243, 132.454
-7.724645, 1.557025, 8.48165, 257.243, 145.9397
-7.703134, 1.557025, 8.235782, 259.5003, 146.2938
-7.703134, 1.733275, 8.235782, 259.5003, 132.3716
-7.902372, 1.557025, 8.21835, 243.7708, 146.3198
-7.703134, 1.557025, 8.235782, 259.5003, 146.2938
-7.724645, 1.557025, 8.48165, 257.243, 145.9397
-7.923883, 1.557025, 8.464219, 242.0028, 145.9641
-7.902372, 1.733275, 8.21835, 243.7708, 132.3656
-7.902372, 1.557025, 8.21835, 243.7708, 146.3198
-7.923883, 1.557025, 8.464219, 242.0028, 145.9641
-7.923883, 1.733275, 8.464219, 242.0028, 132.4483
-7.703134, 1.733275, 8.235782, 259.5003, 132.3716
-7.703134, 1.557025, 8.235782, 259.5003, 146.2938
-7.902372, 1.557025, 8.21835, 243.7708, 146.3198
-7.902372, 1.733275, 8.21835, 243.7708, 132.3656
box4_Fairever(Clone) stack 46 Shelf_1 Rack_1_0_0
-7.323061, 1.369311, 8.240984, 289.4888, 161.1036
-7.522299, 1.369311, 8.223553, 273.8391, 161.1636
-7.5429, 1.369311, 8.459017, 271.2393, 160.3757
-7.343661, 1.369311, 8.476448, 286.4246, 160.3193
-7.5429, 1.369311, 8.459017, 271.2393, 160.3757
-7.5429, 1.204311, 8.459017, 271.2393, 173.0372
-7.343661, 1.204311, 8.476448, 286.4246, 172.9525
-7.343661, 1.369311, 8.476448, 286.4246, 160.3193
-7.343661, 1.369311, 8.476448, 286.4246, 160.3193
-7.343661, 1.204311, 8.476448, 286.4246, 172.9525
-7.323061, 1.204311, 8.240984, 289.4888, 174.1282
-7.323061, 1.369311, 8.240984, 289.4888, 161.1036
-7.522299, 1.204311, 8.223553, 273.8391, 174.2182
-7.323061, 1.204311, 8.240984, 289.4888, 174.1282
-7.343661, 1.204311, 8.476448, 286.4246, 172.9525
-7.5429, 1.204311, 8.459017, 271.2393, 173.0372
-7.522299, 1.369311, 8.223553, 273.8391, 161.1636
-7.522299, 1.204311, 8.223553, 273.8391, 174.2182
-7.5429, 1.204311, 8.459017, 271.2393, 173.0372
-7.5429, 1.369311, 8.459017, 271.2393, 160.3757
-7.323061, 1.369311, 8.240984, 289.4888, 161.1036
-7.323061, 1.204311, 8.240984, 289.4888, 174.1282
-7.522299, 1.204311, 8.223553, 273.8391, 174.2182
-7.522299, 1.369311, 8.223553, 273.8391, 161.1636
box4_Fairever(Clone) stack 46 Shelf_1 Rack_1_0_0
-7.321175, 1.534311, 8.242919, 289.625, 148.0757
-7.520079, 1.534311, 8.222013, 274.0217, 148.1117
-7.544785, 1.534311, 8.457082, 271.1022, 147.7174
-7.345881, 1.534311, 8.477987, 286.2454, 147.6835
-7.544785, 1.534311, 8.457082, 271.1022, 147.7174
-7.544785, 1.369311, 8.457082, 271.1022, 160.382
-7.345881, 1.369311, 8.477987, 286.2454, 160.3143
-7.345881, 1.534311, 8.477987, 286.2454, 147.6835
-7.345881, 1.534311, 8.477987, 286.2454, 147.6835
-7.345881, 1.369311, 8.477987, 286.2454, 160.3143
-7.321175, 1.369311, 8.242919, 289.625, 161.097
-7.321175, 1.534311, 8.242919, 289.625, 148.0757
-7.520079, 1.369311, 8.222013, 274.0217, 161.1689
-7.321175, 1.369311, 8.242919, 289.625, 161.097
-7.345881, 1.369311, 8.477987, 286.2454, 160.3143
-7.544785, 1.369311, 8.457082, 271.1022, 160.382
-7.520079, 1.534311, 8.222013, 274.0217, 148.1117
-7.520079, 1.369311, 8.222013, 274.0217, 161.1689
-7.544785, 1.369311, 8.457082, 271.1022, 160.382
-7.544785, 1.534311, 8.457082, 271.1022, 147.7174
-7.321175, 1.534311, 8.242919, 289.625, 148.0757
-7.321175, 1.369311, 8.242919, 289.625, 161.097
-7.520079, 1.369311, 8.222013, 274.0217, 161.1689
-7.520079, 1.534311, 8.222013, 274.0217, 148.1117
box4_Fairever(Clone) stack 46 Shelf_1 Rack_1_0_0
-7.321175, 1.699311, 8.242919, 289.625, 135.0544
-7.520079, 1.699311, 8.222013, 274.0217, 135.0545
-7.544785, 1.699311, 8.457082, 271.1022, 135.0529
-7.345881, 1.699311, 8.477987, 286.2454, 135.0527
-7.544785, 1.699311, 8.457082, 271.1022, 135.0529
-7.544785, 1.534311, 8.457082, 271.1022, 147.7174
-7.345881, 1.534311, 8.477987, 286.2454, 147.6835
-7.345881, 1.699311, 8.477987, 286.2454, 135.0527
-7.345881, 1.699311, 8.477987, 286.2454, 135.0527
-7.345881, 1.534311, 8.477987, 286.2454, 147.6835
-7.321175, 1.534311, 8.242919, 289.625, 148.0757
-7.321175, 1.699311, 8.242919, 289.625, 135.0544
-7.520079, 1.534311, 8.222013, 274.0217, 148.1117
-7.321175, 1.534311, 8.242919, 289.625, 148.0757
-7.345881, 1.534311, 8.477987, 286.2454, 147.6835
-7.544785, 1.534311, 8.457082, 271.1022, 147.7174
-7.520079, 1.699311, 8.222013, 274.0217, 135.0545
-7.520079, 1.534311, 8.222013, 274.0217, 148.1117
-7.544785, 1.534311, 8.457082, 271.1022, 147.7174
-7.544785, 1.699311, 8.457082, 271.1022, 135.0529
-7.321175, 1.699311, 8.242919, 289.625, 135.0544
-7.321175, 1.534311, 8.242919, 289.625, 148.0757
-7.520079, 1.534311, 8.222013, 274.0217, 148.1117
-7.520079, 1.699311, 8.222013, 274.0217, 135.0545
box4_Fairever(Clone) stack 46 Shelf_1 Rack_1_0_0
-7.323061, 1.864311, 8.240984, 289.4888, 122.0298
-7.522299, 1.864311, 8.223553, 273.8391, 121.9999
-7.5429, 1.864311, 8.459017, 271.2393, 122.3914
-7.343661, 1.864311, 8.476448, 286.4246, 122.4195
-7.5429, 1.864311, 8.459017, 271.2393, 122.3914
-7.5429, 1.699311, 8.459017, 271.2393, 135.0529
-7.343661, 1.699311, 8.476448, 286.4246, 135.0527
-7.343661, 1.864311, 8.476448, 286.4246, 122.4195
-7.343661, 1.864311, 8.476448, 286.4246, 122.4195
-7.343661, 1.699311, 8.476448, 286.4246, 135.0527
-7.323061, 1.699311, 8.240984, 289.4888, 135.0544
-7.323061, 1.864311, 8.240984, 289.4888, 122.0298
-7.522299, 1.699311, 8.223553, 273.8391, 135.0545
-7.323061, 1.699311, 8.240984, 289.4888, 135.0544
-7.343661, 1.699311, 8.476448, 286.4246, 135.0527
-7.5429, 1.699311, 8.459017, 271.2393, 135.0529
-7.522299, 1.864311, 8.223553, 273.8391, 121.9999
-7.522299, 1.699311, 8.223553, 273.8391, 135.0545
-7.5429, 1.699311, 8.459017, 271.2393, 135.0529
-7.5429, 1.864311, 8.459017, 271.2393, 122.3914
-7.323061, 1.864311, 8.240984, 289.4888, 122.0298
-7.323061, 1.699311, 8.240984, 289.4888, 135.0544
-7.522299, 1.699311, 8.223553, 273.8391, 135.0545
-7.522299, 1.864311, 8.223553, 273.8391, 121.9999
box4_Fairever(Clone) stack 46 Shelf_1 Rack_1_0_0
-7.335058, 2.029311, 8.230091, 288.6115, 108.9678
-7.535028, 2.029311, 8.233582, 272.7887, 108.9798
-7.530902, 2.029311, 8.46991, 272.1151, 109.7651
-7.330933, 2.029311, 8.466419, 287.4598, 109.7539
-7.530902, 2.029311, 8.46991, 272.1151, 109.7651
-7.530902, 1.864311, 8.46991, 272.1151, 122.409
-7.330933, 1.864311, 8.466419, 287.4598, 122.4034
-7.330933, 2.029311, 8.466419, 287.4598, 109.7539
-7.330933, 2.029311, 8.466419, 287.4598, 109.7539
-7.330933, 1.864311, 8.466419, 287.4598, 122.4034
-7.335058, 1.864311, 8.230091, 288.6115, 122.0111
-7.335058, 2.029311, 8.230091, 288.6115, 108.9678
-7.535028, 1.864311, 8.233582, 272.7887, 122.0171
-7.335058, 1.864311, 8.230091, 288.6115, 122.0111
-7.330933, 1.864311, 8.466419, 287.4598, 122.4034
-7.530902, 1.864311, 8.46991, 272.1151, 122.409
-7.535028, 2.029311, 8.233582, 272.7887, 108.9798
-7.535028, 1.864311, 8.233582, 272.7887, 122.0171
-7.530902, 1.864311, 8.46991, 272.1151, 122.409
-7.530902, 2.029311, 8.46991, 272.1151, 109.7651
-7.335058, 2.029311, 8.230091, 288.6115, 108.9678
-7.335058, 1.864311, 8.230091, 288.6115, 122.0111
-7.535028, 1.864311, 8.233582, 272.7887, 122.0171
-7.535028, 2.029311, 8.233582, 272.7887, 108.9798
box_6_melody(Clone) stack 47 Shelf_1 Rack_1_0_0
-6.9537, 1.391943, 8.224931, 318.8115, 159.3686
-7.153426, 1.391943, 8.235398, 302.9255, 159.3351
-7.140865, 1.391943, 8.47507, 301.9626, 158.5907
-6.941139, 1.391943, 8.464602, 317.3607, 158.6222
-7.140865, 1.391943, 8.47507, 301.9626, 158.5907
-7.140865, 1.204443, 8.47507, 301.9626, 172.9492
-6.941139, 1.204443, 8.464602, 317.3607, 172.9999
-6.941139, 1.391943, 8.464602, 317.3607, 158.6222
-6.941139, 1.391943, 8.464602, 317.3607, 158.6222
-6.941139, 1.204443, 8.464602, 317.3607, 172.9999
-6.9537, 1.204443, 8.224931, 318.8115, 174.2007
-6.9537, 1.391943, 8.224931, 318.8115, 159.3686
-7.153426, 1.204443, 8.235398, 302.9255, 174.1466
-6.9537, 1.204443, 8.224931, 318.8115, 174.2007
-6.941139, 1.204443, 8.464602, 317.3607, 172.9999
-7.140865, 1.204443, 8.47507, 301.9626, 172.9492
-7.153426, 1.391943, 8.235398, 302.9255, 159.3351
-7.153426, 1.204443, 8.235398, 302.9255, 174.1466
-7.140865, 1.204443, 8.47507, 301.9626, 172.9492
-7.140865, 1.391943, 8.47507, 301.9626, 158.5907
-6.9537, 1.391943, 8.224931, 318.8115, 159.3686
-6.9537, 1.204443, 8.224931, 318.8115, 174.2007
-7.153426, 1.204443, 8.235398, 302.9255, 174.1466
-7.153426, 1.391943, 8.235398, 302.9255, 159.3351
box_6_melody(Clone) stack 47 Shelf_1 Rack_1_0_0
-6.960374, 1.579443, 8.220205, 318.3324, 144.5425
-7.159278, 1.579443, 8.241111, 302.4163, 144.5163
-7.134192, 1.579443, 8.479795, 302.4359, 144.2266
-6.935287, 1.579443, 8.45889, 317.8663, 144.2512
-7.134192, 1.579443, 8.479795, 302.4359, 144.2266
-7.134192, 1.391943, 8.479795, 302.4359, 158.5764
-6.935287, 1.391943, 8.45889, 317.8663, 158.6394
-6.935287, 1.579443, 8.45889, 317.8663, 144.2512
-6.935287, 1.579443, 8.45889, 317.8663, 144.2512
-6.935287, 1.391943, 8.45889, 317.8663, 158.6394
-6.960374, 1.391943, 8.220205, 318.3324, 159.3838
-6.960374, 1.579443, 8.220205, 318.3324, 144.5425
-7.159278, 1.391943, 8.241111, 302.4163, 159.3167
-6.960374, 1.391943, 8.220205, 318.3324, 159.3838
-6.935287, 1.391943, 8.45889, 317.8663, 158.6394
-7.134192, 1.391943, 8.479795, 302.4359, 158.5764
-7.159278, 1.579443, 8.241111, 302.4163, 144.5163
-7.159278, 1.391943, 8.241111, 302.4163, 159.3167
-7.134192, 1.391943, 8.479795, 302.4359, 158.5764
-7.134192, 1.579443, 8.479795, 302.4359, 144.2266
-6.960374, 1.579443, 8.220205, 318.3324, 144.5425
-6.960374, 1.391943, 8.220205, 318.3324, 159.3838
-7.159278, 1.391943, 8.241111, 302.4163, 159.3167
-7.159278, 1.579443, 8.241111, 302.4163, 144.5163
box_1_Parle-G-GOLD(Clone) stack 48 Shelf_2 Rack_1_0_0
-8.074084, 2.560843, 8.245652, 230.2111, 67.08922
-8.274085, 2.560843, 8.245652, 214.4333, 67.08922
-8.274085, 2.560843, 8.454349, 215.1161, 68.90291
-8.074084, 2.560843, 8.454349, 230.4726, 68.90291
-8.274085, 2.560843, 8.454349, 215.1161, 68.90291
-8.274085, 2.388343, 8.454349, 215.1161, 82.14775
-8.074084, 2.388343, 8.454349, 230.4726, 82.14775
-8.074084, 2.560843, 8.454349, 230.4726, 68.90291
-8.074084, 2.560843, 8.454349, 230.4726, 68.90291
-8.074084, 2.388343, 8.454349, 230.4726, 82.14775
-8.074084, 2.388343, 8.245652, 230.2111, 80.69751
-8.074084, 2.560843, 8.245652, 230.2111, 67.08922
-8.274085, 2.388343, 8.245652, 214.4333, 80.69751
-8.074084, 2.388343, 8.245652, 230.2111, 80.69751
-8.074084, 2.388343, 8.454349, 230.4726, 82.14775
-8.274085, 2.388343, 8.454349, 215.1161, 82.14775
-8.274085, 2.560843, 8.245652, 214.4333, 67.08922
-8.274085, 2.388343, 8.245652, 214.4333, 80.69751
-8.274085, 2.388343, 8.454349, 215.1161, 82.14775
-8.274085, 2.560843, 8.454349, 215.1161, 68.90291
-8.074084, 2.560843, 8.245652, 230.2111, 67.08922
-8.074084, 2.388343, 8.245652, 230.2111, 80.69751
-8.274085, 2.388343, 8.245652, 214.4333, 80.69751
-8.274085, 2.560843, 8.245652, 214.4333, 67.08922
box_8_lizol(Clone) stack 49 Shelf_2 Rack_1_0_0
-7.7016, 2.565368, 8.21835, 259.6666, 66.48628
-7.900839, 2.565368, 8.235782, 243.8833, 66.64352
-7.879328, 2.565368, 8.48165, 245.4075, 68.78677
-7.680089, 2.565368, 8.464219, 260.6981, 68.63925
-7.879328, 2.565368, 8.48165, 245.4075, 68.78677
-7.879328, 2.389118, 8.48165, 245.4075, 82.27245
-7.680089, 2.389118, 8.464219, 260.6981, 82.15498
-7.680089, 2.565368, 8.464219, 260.6981, 68.63925
-7.680089, 2.565368, 8.464219, 260.6981, 68.63925
-7.680089, 2.389118, 8.464219, 260.6981, 82.15498
-7.7016, 2.389118, 8.21835, 259.6666, 80.44051
-7.7016, 2.565368, 8.21835, 259.6666, 66.48628
-7.900839, 2.389118, 8.235782, 243.8833, 80.5657
-7.7016, 2.389118, 8.21835, 259.6666, 80.44051
-7.680089, 2.389118, 8.464219, 260.6981, 82.15498
-7.879328, 2.389118, 8.48165, 245.4075, 82.27245
-7.900839, 2.565368, 8.235782, 243.8833, 66.64352
-7.900839, 2.389118, 8.235782, 243.8833, 80.5657
-7.879328, 2.389118, 8.48165, 245.4075, 82.27245
-7.879328, 2.565368, 8.48165, 245.4075, 68.78677
-7.7016, 2.565368, 8.21835, 259.6666, 66.48628
-7.7016, 2.389118, 8.21835, 259.6666, 80.44051
-7.900839, 2.389118, 8.235782, 243.8833, 80.5657
-7.900839, 2.565368, 8.235782, 243.8833, 66.64352
box_7_litchi(Clone) stack 50 Shelf_2 Rack_1_0_0
-7.303849, 2.599012, 8.246572, 290.9678, 64.08665
-7.503727, 2.599012, 8.253551, 275.1694, 64.15167
-7.496747, 2.599012, 8.453429, 274.8057, 65.96407
-7.296869, 2.599012, 8.446449, 290.1993, 65.90234
-7.496747, 2.599012, 8.453429, 274.8057, 65.96407
-7.496747, 2.389012, 8.453429, 274.8057, 82.09015
-7.296869, 2.389012, 8.446449, 290.1993, 82.04285
-7.296869, 2.599012, 8.446449, 290.1993, 65.90234
-7.296869, 2.599012, 8.446449, 290.1993, 65.90234
-7.296869, 2.389012, 8.446449, 290.1993, 82.04285
-7.303849, 2.389012, 8.246572, 290.9678, 80.65128
-7.303849, 2.599012, 8.246572, 290.9678, 64.08665
-7.503727, 2.389012, 8.253551, 275.1694, 80.70111
-7.303849, 2.389012, 8.246572, 290.9678, 80.65128
-7.296869, 2.389012, 8.446449, 290.1993, 82.04285
-7.496747, 2.389012, 8.453429, 274.8057, 82.09015
-7.503727, 2.599012, 8.253551, 275.1694, 64.15167
-7.503727, 2.389012, 8.253551, 275.1694, 80.70111
-7.496747, 2.389012, 8.453429, 274.8057, 82.09015
-7.496747, 2.599012, 8.453429, 274.8057, 65.96407
-7.303849, 2.599012, 8.246572, 290.9678, 64.08665
-7.303849, 2.389012, 8.246572, 290.9678, 80.65128
-7.503727, 2.389012, 8.253551, 275.1694, 80.70111
-7.503727, 2.599012, 8.253551, 275.1694, 64.15167
box_7_litchi(Clone) stack 50 Shelf_2 Rack_1_0_0
-7.302059, 2.809012, 8.24827, 291.0977, 47.54156
-7.502028, 2.809012, 8.25176, 275.3116, 47.58167
-7.498538, 2.809012, 8.451731, 274.6758, 49.81947
-7.298568, 2.809012, 8.44824, 290.0573, 49.78139
-7.498538, 2.809012, 8.451731, 274.6758, 49.81947
-7.498538, 2.599012, 8.451731, 274.6758, 65.94907
-7.298568, 2.599012, 8.44824, 290.0573, 65.9182
-7.298568, 2.809012, 8.44824, 290.0573, 49.78139
-7.298568, 2.809012, 8.44824, 290.0573, 49.78139
-7.298568, 2.599012, 8.44824, 290.0573, 65.9182
-7.302059, 2.599012, 8.24827, 291.0977, 64.10249
-7.302059, 2.809012, 8.24827, 291.0977, 47.54156
-7.502028, 2.599012, 8.25176, 275.3116, 64.13499
-7.302059, 2.599012, 8.24827, 291.0977, 64.10249
-7.298568, 2.599012, 8.44824, 290.0573, 65.9182
-7.498538, 2.599012, 8.451731, 274.6758, 65.94907
-7.502028, 2.809012, 8.25176, 275.3116, 47.58167
-7.502028, 2.599012, 8.25176, 275.3116, 64.13499
-7.498538, 2.599012, 8.451731, 274.6758, 65.94907
-7.498538, 2.809012, 8.451731, 274.6758, 49.81947
-7.302059, 2.809012, 8.24827, 291.0977, 47.54156
-7.302059, 2.599012, 8.24827, 291.0977, 64.10249
-7.502028, 2.599012, 8.25176, 275.3116, 64.13499
-7.502028, 2.809012, 8.25176, 275.3116, 47.58167
box_7_litchi(Clone) stack 50 Shelf_2 Rack_1_0_0
-7.305669, 3.019012, 8.244904, 290.8354, 30.93459
-7.505394, 3.019012, 8.255371, 275.0296, 31.07762
-7.494927, 3.019012, 8.455097, 274.938, 33.73352
-7.295202, 3.019012, 8.44463, 290.3392, 33.59769
-7.494927, 3.019012, 8.455097, 274.938, 33.73352
-7.494927, 2.809012, 8.455097, 274.938, 49.85616
-7.295202, 2.809012, 8.44463, 290.3392, 49.74196
-7.295202, 3.019012, 8.44463, 290.3392, 33.59769
-7.295202, 3.019012, 8.44463, 290.3392, 33.59769
-7.295202, 2.809012, 8.44463, 290.3392, 49.74196
-7.305669, 2.809012, 8.244904, 290.8354, 47.50284
-7.305669, 3.019012, 8.244904, 290.8354, 30.93459
-7.505394, 2.809012, 8.255371, 275.0296, 47.62312
-7.305669, 2.809012, 8.244904, 290.8354, 47.50284
-7.295202, 2.809012, 8.44463, 290.3392, 49.74196
-7.494927, 2.809012, 8.455097, 274.938, 49.85616
-7.505394, 3.019012, 8.255371, 275.0296, 31.07762
-7.505394, 2.809012, 8.255371, 275.0296, 47.62312
-7.494927, 2.809012, 8.455097, 274.938, 49.85616
-7.494927, 3.019012, 8.455097, 274.938, 33.73352
-7.305669, 3.019012, 8.244904, 290.8354, 30.93459
-7.305669, 2.809012, 8.244904, 290.8354, 47.50284
-7.505394, 2.809012, 8.255371, 275.0296, 47.62312
-7.505394, 3.019012, 8.255371, 275.0296, 31.07762
box_7_litchi(Clone) stack 50 Shelf_2 Rack_1_0_0
-7.303849, 3.229012, 8.246572, 290.9678, 14.39278
-7.503727, 3.229012, 8.253551, 275.1694, 14.50334
-7.496747, 3.229012, 8.453429, 274.8057, 17.5858
-7.296869, 3.229012, 8.446449, 290.1993, 17.48082
-7.496747, 3.229012, 8.453429, 274.8057, 17.5858
-7.496747, 3.019012, 8.453429, 274.8057, 33.71188
-7.296869, 3.019012, 8.446449, 290.1993, 33.62135
-7.296869, 3.229012, 8.446449, 290.1993, 17.48082
-7.296869, 3.229012, 8.446449, 290.1993, 17.48082
-7.296869, 3.019012, 8.446449, 290.1993, 33.62135
-7.303849, 3.019012, 8.246572, 290.9678, 30.9574
-7.303849, 3.229012, 8.246572, 290.9678, 14.39278
-7.503727, 3.019012, 8.253551, 275.1694, 31.0528
-7.303849, 3.019012, 8.246572, 290.9678, 30.9574
-7.296869, 3.019012, 8.446449, 290.1993, 33.62135
-7.496747, 3.019012, 8.453429, 274.8057, 33.71188
-7.503727, 3.229012, 8.253551, 275.1694, 14.50334
-7.503727, 3.019012, 8.253551, 275.1694, 31.0528
-7.496747, 3.019012, 8.453429, 274.8057, 33.71188
-7.496747, 3.229012, 8.453429, 274.8057, 17.5858
-7.303849, 3.229012, 8.246572, 290.9678, 14.39278
-7.303849, 3.019012, 8.246572, 290.9678, 30.9574
-7.503727, 3.019012, 8.253551, 275.1694, 31.0528
-7.503727, 3.229012, 8.253551, 275.1694, 14.50334
box_8_lizol(Clone) stack 51 Shelf_2 Rack_1_0_0
-6.895403, 2.565368, 8.239703, 323.261, 66.67877
-7.093912, 2.565368, 8.215329, 307.806, 66.45895
-7.12399, 2.565368, 8.460298, 303.3743, 68.60597
-6.925481, 2.565368, 8.484672, 318.3604, 68.81227
-7.12399, 2.565368, 8.460298, 303.3743, 68.60597
-7.12399, 2.389118, 8.460298, 303.3743, 82.12849
-6.925481, 2.389118, 8.484672, 318.3604, 82.29276
-6.925481, 2.565368, 8.484672, 318.3604, 68.81227
-6.925481, 2.565368, 8.484672, 318.3604, 68.81227
-6.925481, 2.389118, 8.484672, 318.3604, 82.29276
-6.895403, 2.389118, 8.239703, 323.261, 80.5938
-6.895403, 2.565368, 8.239703, 323.261, 66.67877
-7.093912, 2.389118, 8.215329, 307.806, 80.41875
-6.895403, 2.389118, 8.239703, 323.261, 80.5938
-6.925481, 2.389118, 8.484672, 318.3604, 82.29276
-7.12399, 2.389118, 8.460298, 303.3743, 82.12849
-7.093912, 2.565368, 8.215329, 307.806, 66.45895
-7.093912, 2.389118, 8.215329, 307.806, 80.41875
-7.12399, 2.389118, 8.460298, 303.3743, 82.12849
-7.12399, 2.565368, 8.460298, 303.3743, 68.60597
-6.895403, 2.565368, 8.239703, 323.261, 66.67877
-6.895403, 2.389118, 8.239703, 323.261, 80.5938
-7.093912, 2.389118, 8.215329, 307.806, 80.41875
-7.093912, 2.565368, 8.215329, 307.806, 66.45895
box_8_lizol(Clone) stack 51 Shelf_2 Rack_1_0_0
-6.911865, 2.741618, 8.22487, 322.1215, 52.60294
-7.111835, 2.741618, 8.22836, 306.2725, 52.64084
-7.107528, 2.741618, 8.475131, 304.515, 55.23479
-6.907558, 2.741618, 8.471641, 319.8639, 55.19922
-7.107528, 2.741618, 8.475131, 304.515, 55.23479
-7.107528, 2.565368, 8.475131, 304.515, 68.73167
-6.907558, 2.565368, 8.471641, 319.8639, 68.70213
-6.907558, 2.741618, 8.471641, 319.8639, 55.19922
-6.907558, 2.741618, 8.471641, 319.8639, 55.19922
-6.907558, 2.565368, 8.471641, 319.8639, 68.70213
-6.911865, 2.565368, 8.22487, 322.1215, 66.54515
-6.911865, 2.741618, 8.22487, 322.1215, 52.60294
-7.111835, 2.565368, 8.22836, 306.2725, 66.57664
-6.911865, 2.565368, 8.22487, 322.1215, 66.54515
-6.907558, 2.565368, 8.471641, 319.8639, 68.70213
-7.107528, 2.565368, 8.475131, 304.515, 68.73167
-7.111835, 2.741618, 8.22836, 306.2725, 52.64084
-7.111835, 2.565368, 8.22836, 306.2725, 66.57664
-7.107528, 2.565368, 8.475131, 304.515, 68.73167
-7.107528, 2.741618, 8.475131, 304.515, 55.23479
-6.911865, 2.741618, 8.22487, 322.1215, 52.60294
-6.911865, 2.565368, 8.22487, 322.1215, 66.54515
-7.111835, 2.565368, 8.22836, 306.2725, 66.57664
-7.111835, 2.741618, 8.22836, 306.2725, 52.64084
box_8_lizol(Clone) stack 51 Shelf_2 Rack_1_0_0
-6.918548, 2.917868, 8.219921, 321.6461, 38.59781
-7.118061, 2.917868, 8.233872, 305.7324, 38.7749
-7.100845, 2.917868, 8.48008, 304.9857, 41.79674
-6.901332, 2.917868, 8.466128, 320.3974, 41.63057
-7.100845, 2.917868, 8.48008, 304.9857, 41.79674
-7.100845, 2.741618, 8.48008, 304.9857, 55.28513
-6.901332, 2.741618, 8.466128, 320.3974, 55.14302
-6.901332, 2.917868, 8.466128, 320.3974, 41.63057
-6.901332, 2.917868, 8.466128, 320.3974, 41.63057
-6.901332, 2.741618, 8.466128, 320.3974, 55.14302
-6.918548, 2.741618, 8.219921, 321.6461, 52.54915
-6.918548, 2.917868, 8.219921, 321.6461, 38.59781
-7.118061, 2.741618, 8.233872, 305.7324, 52.70061
-6.918548, 2.741618, 8.219921, 321.6461, 52.54915
-6.901332, 2.741618, 8.466128, 320.3974, 55.14302
-7.100845, 2.741618, 8.48008, 304.9857, 55.28513
-7.118061, 2.917868, 8.233872, 305.7324, 38.7749
-7.118061, 2.741618, 8.233872, 305.7324, 52.70061
-7.100845, 2.741618, 8.48008, 304.9857, 55.28513
-7.100845, 2.917868, 8.48008, 304.9857, 41.79674
-6.918548, 2.917868, 8.219921, 321.6461, 38.59781
-6.918548, 2.741618, 8.219921, 321.6461, 52.54915
-7.118061, 2.741618, 8.233872, 305.7324, 52.70061
-7.118061, 2.917868, 8.233872, 305.7324, 38.7749
box_2_Parle-G(Clone) stack 52 Shelf_0 Rack_1_0_1
-10.27907, 0.2744219, 8.273895, 56.94227, 247.0459
-10.47831, 0.2744219, 8.291327, 41.73547, 246.7907
-10.46652, 0.2744219, 8.426105, 46.07616, 244.8556
-10.26728, 0.2744219, 8.408674, 61.02888, 245.102
-10.46652, 0.2744219, 8.426105, 46.07616, 244.8556
-10.46652, 0.01942196, 8.426105, 46.07616, 264.506
-10.26728, 0.01942196, 8.408674, 61.02888, 264.7965
-10.26728, 0.2744219, 8.408674, 61.02888, 245.102
-10.26728, 0.2744219, 8.408674, 61.02888, 245.102
-10.26728, 0.01942196, 8.408674, 61.02888, 264.7965
-10.27907, 0.01942196, 8.273895, 56.94227, 267.0881
-10.27907, 0.2744219, 8.273895, 56.94227, 247.0459
-10.47831, 0.01942196, 8.291327, 41.73547, 266.7872
-10.27907, 0.01942196, 8.273895, 56.94227, 267.0881
-10.26728, 0.01942196, 8.408674, 61.02888, 264.7965
-10.46652, 0.01942196, 8.426105, 46.07616, 264.506
-10.47831, 0.2744219, 8.291327, 41.73547, 246.7907
-10.47831, 0.01942196, 8.291327, 41.73547, 266.7872
-10.46652, 0.01942196, 8.426105, 46.07616, 264.506
-10.46652, 0.2744219, 8.426105, 46.07616, 244.8556
-10.27907, 0.2744219, 8.273895, 56.94227, 247.0459
-10.27907, 0.01942196, 8.273895, 56.94227, 267.0881
-10.47831, 0.01942196, 8.291327, 41.73547, 266.7872
-10.47831, 0.2744219, 8.291327, 41.73547, 246.7907
box_2_Parle-G(Clone) stack 52 Shelf_0 Rack_1_0_1
-10.27399, 0.529422, 8.280619, 57.50237, 226.9228
-10.47396, 0.529422, 8.284109, 41.88967, 226.8808
-10.4716, 0.529422, 8.419382, 45.51666, 225.2831
-10.27163, 0.529422, 8.415892, 60.85939, 225.3236
-10.4716, 0.529422, 8.419382, 45.51666, 225.2831
-10.4716, 0.274422, 8.419382, 45.51666, 244.9505
-10.27163, 0.274422, 8.415892, 60.85939, 244.9998
-10.27163, 0.529422, 8.415892, 60.85939, 225.3236
-10.27163, 0.529422, 8.415892, 60.85939, 225.3236
-10.27163, 0.274422, 8.415892, 60.85939, 244.9998
-10.27399, 0.2744219, 8.280619, 57.50237, 246.9473
-10.27399, 0.529422, 8.280619, 57.50237, 226.9228
-10.47396, 0.2744219, 8.284109, 41.88967, 246.8962
-10.27399, 0.2744219, 8.280619, 57.50237, 246.9473
-10.27163, 0.274422, 8.415892, 60.85939, 244.9998
-10.4716, 0.274422, 8.419382, 45.51666, 244.9505
-10.47396, 0.529422, 8.284109, 41.88967, 226.8808
-10.47396, 0.2744219, 8.284109, 41.88967, 246.8962
-10.4716, 0.274422, 8.419382, 45.51666, 244.9505
-10.4716, 0.529422, 8.419382, 45.51666, 225.2831
-10.27399, 0.529422, 8.280619, 57.50237, 226.9228
-10.27399, 0.2744219, 8.280619, 57.50237, 246.9473
-10.47396, 0.2744219, 8.284109, 41.88967, 246.8962
-10.47396, 0.529422, 8.284109, 41.88967, 226.8808
box_2_Parle-G(Clone) stack 52 Shelf_0 Rack_1_0_1
-10.27647, 0.7844219, 8.277212, 57.22598, 206.9303
-10.4762, 0.7844219, 8.28768, 41.80661, 206.8318
-10.46912, 0.7844219, 8.422789, 45.79306, 205.5848
-10.26939, 0.7844219, 8.412321, 60.94978, 205.6799
-10.46912, 0.7844219, 8.422789, 45.79306, 205.5848
-10.46912, 0.5294219, 8.422789, 45.79306, 225.2436
-10.26939, 0.5294219, 8.412321, 60.94978, 225.3651
-10.26939, 0.7844219, 8.412321, 60.94978, 205.6799
-10.26939, 0.7844219, 8.412321, 60.94978, 205.6799
-10.26939, 0.5294219, 8.412321, 60.94978, 225.3651
-10.27647, 0.5294219, 8.277212, 57.22598, 226.9638
-10.27647, 0.7844219, 8.277212, 57.22598, 206.9303
-10.4762, 0.5294219, 8.28768, 41.80661, 226.8379
-10.27647, 0.5294219, 8.277212, 57.22598, 226.9638
-10.26939, 0.5294219, 8.412321, 60.94978, 225.3651
-10.46912, 0.5294219, 8.422789, 45.79306, 225.2436
-10.4762, 0.7844219, 8.28768, 41.80661, 206.8318
-10.4762, 0.5294219, 8.28768, 41.80661, 226.8379
-10.46912, 0.5294219, 8.422789, 45.79306, 225.2436
-10.46912, 0.7844219, 8.422789, 45.79306, 205.5848
-10.27647, 0.7844219, 8.277212, 57.22598, 206.9303
-10.27647, 0.5294219, 8.277212, 57.22598, 226.9638
-10.4762, 0.5294219, 8.28768, 41.80661, 226.8379
-10.4762, 0.7844219, 8.28768, 41.80661, 206.8318
box_6_melody(Clone) stack 53 Shelf_0 Rack_1_0_1
-9.898013, 0.2073493, 8.233563, 86.07912, 252.9407
-10.09789, 0.2073493, 8.226583, 70.12977, 253.0493
-10.10627, 0.2073493, 8.466437, 74.69363, 249.4314
-9.906389, 0.2073493, 8.473417, 90.15054, 249.3295
-10.10627, 0.2073493, 8.466437, 74.69363, 249.4314
-10.10627, 0.01984932, 8.466437, 74.69363, 263.8058
-9.906389, 0.01984932, 8.473417, 90.15054, 263.691
-9.906389, 0.2073493, 8.473417, 90.15054, 249.3295
-9.906389, 0.2073493, 8.473417, 90.15054, 249.3295
-9.906389, 0.01984932, 8.473417, 90.15054, 263.691
-9.898013, 0.01984929, 8.233563, 86.07912, 267.7559
-9.898013, 0.2073493, 8.233563, 86.07912, 252.9407
-10.09789, 0.01984929, 8.226583, 70.12977, 267.8781
-9.898013, 0.01984929, 8.233563, 86.07912, 267.7559
-9.906389, 0.01984932, 8.473417, 90.15054, 263.691
-10.10627, 0.01984932, 8.466437, 74.69363, 263.8058
-10.09789, 0.2073493, 8.226583, 70.12977, 253.0493
-10.09789, 0.01984929, 8.226583, 70.12977, 267.8781
-10.10627, 0.01984932, 8.466437, 74.69363, 263.8058
-10.10627, 0.2073493, 8.466437, 74.69363, 249.4314
-9.898013, 0.2073493, 8.233563, 86.07912, 252.9407
-9.898013, 0.01984929, 8.233563, 86.07912, 267.7559
-10.09789, 0.01984929, 8.226583, 70.12977, 267.8781
-10.09789, 0.2073493, 8.226583, 70.12977, 253.0493
box_6_melody(Clone) stack 53 Shelf_0 Rack_1_0_1
-9.894012, 0.3948492, 8.237268, 86.47015, 238.0753
-10.09353, 0.3948492, 8.223317, 70.40201, 238.2649
-10.11027, 0.3948492, 8.462732, 74.30845, 235.1045
-9.910754, 0.3948492, 8.476684, 89.87878, 234.9263
-10.11027, 0.3948492, 8.462732, 74.30845, 235.1045
-10.11027, 0.2073493, 8.462732, 74.30845, 249.4856
-9.910754, 0.2073493, 8.476684, 89.87878, 249.2818
-9.910754, 0.3948492, 8.476684, 89.87878, 234.9263
-9.910754, 0.3948492, 8.476684, 89.87878, 234.9263
-9.910754, 0.2073493, 8.476684, 89.87878, 249.2818
-9.894012, 0.2073492, 8.237268, 86.47015, 252.8832
-9.894012, 0.3948492, 8.237268, 86.47015, 238.0753
-10.09353, 0.2073492, 8.223317, 70.40201, 253.1001
-9.894012, 0.2073492, 8.237268, 86.47015, 252.8832
-9.910754, 0.2073493, 8.476684, 89.87878, 249.2818
-10.11027, 0.2073493, 8.462732, 74.30845, 249.4856
-10.09353, 0.3948492, 8.223317, 70.40201, 238.2649
-10.09353, 0.2073492, 8.223317, 70.40201, 253.1001
-10.11027, 0.2073493, 8.462732, 74.30845, 249.4856
-10.11027, 0.3948492, 8.462732, 74.30845, 235.1045
-9.894012, 0.3948492, 8.237268, 86.47015, 238.0753
-9.894012, 0.2073492, 8.237268, 86.47015, 252.8832
-10.09353, 0.2073492, 8.223317, 70.40201, 253.1001
-10.09353, 0.3948492, 8.223317, 70.40201, 238.2649
box_6_melody(Clone) stack 53 Shelf_0 Rack_1_0_1
-9.900061, 0.5823491, 8.231764, 85.8808, 223.3313
-10.10003, 0.5823491, 8.228273, 69.99844, 223.3719
-10.10422, 0.5823492, 8.468237, 74.88858, 220.663
-9.904249, 0.5823492, 8.471727, 90.2821, 220.6249
-10.10422, 0.5823492, 8.468237, 74.88858, 220.663
-10.10422, 0.3948492, 8.468237, 74.88858, 235.0341
-9.904249, 0.3948492, 8.471727, 90.2821, 234.9895
-9.904249, 0.5823492, 8.471727, 90.2821, 220.6249
-9.904249, 0.5823492, 8.471727, 90.2821, 220.6249
-9.904249, 0.3948492, 8.471727, 90.2821, 234.9895
-9.900061, 0.3948492, 8.231764, 85.8808, 238.15
-9.900061, 0.5823491, 8.231764, 85.8808, 223.3313
-10.10003, 0.3948492, 8.228273, 69.99844, 238.1975
-9.900061, 0.3948492, 8.231764, 85.8808, 238.15
-9.904249, 0.3948492, 8.471727, 90.2821, 234.9895
-10.10422, 0.3948492, 8.468237, 74.88858, 235.0341
-10.10003, 0.5823491, 8.228273, 69.99844, 223.3719
-10.10003, 0.3948492, 8.228273, 69.99844, 238.1975
-10.10422, 0.3948492, 8.468237, 74.88858, 235.0341
-10.10422, 0.5823492, 8.468237, 74.88858, 220.663
-9.900061, 0.5823491, 8.231764, 85.8808, 223.3313
-9.900061, 0.3948492, 8.231764, 85.8808, 238.15
-10.10003, 0.3948492, 8.228273, 69.99844, 238.1975
-10.10003, 0.5823491, 8.228273, 69.99844, 223.3719
box_6_melody(Clone) stack 53 Shelf_0 Rack_1_0_1
-9.910754, 0.7698491, 8.223317, 84.86306, 208.5945
-10.11027, 0.7698491, 8.237268, 69.39125, 208.4594
-10.09353, 0.7698491, 8.476684, 75.88525, 206.2151
-9.894012, 0.7698491, 8.462732, 90.89513, 206.3422
-10.09353, 0.7698491, 8.476684, 75.88525, 206.2151
-10.09353, 0.5823491, 8.476684, 75.88525, 220.5707
-9.894012, 0.5823491, 8.462732, 90.89513, 220.7233
-9.894012, 0.7698491, 8.462732, 90.89513, 206.3422
-9.894012, 0.7698491, 8.462732, 90.89513, 206.3422
-9.894012, 0.5823491, 8.462732, 90.89513, 220.7233
-9.910754, 0.5823491, 8.223317, 84.86306, 223.4297
-9.910754, 0.7698491, 8.223317, 84.86306, 208.5945
-10.11027, 0.5823491, 8.237268, 69.39125, 223.2673
-9.910754, 0.5823491, 8.223317, 84.86306, 223.4297
-9.894012, 0.5823491, 8.462732, 90.89513, 220.7233
-10.09353, 0.5823491, 8.476684, 75.88525, 220.5707
-10.11027, 0.7698491, 8.237268, 69.39125, 208.4594
-10.11027, 0.5823491, 8.237268, 69.39125, 223.2673
-10.09353, 0.5823491, 8.476684, 75.88525, 220.5707
-10.09353, 0.7698491, 8.476684, 75.88525, 206.2151
-9.910754, 0.7698491, 8.223317, 84.86306, 208.5945
-9.910754, 0.5823491, 8.223317, 84.86306, 223.4297
-10.11027, 0.5823491, 8.237268, 69.39125, 223.2673
-10.11027, 0.7698491, 8.237268, 69.39125, 208.4594
box_3_Hareli(Clone) stack 54 Shelf_0 Rack_1_0_1
-9.521131, 0.1692639, 8.245385, 116.0512, 255.762
-9.720856, 0.1692639, 8.234918, 100.1021, 255.9285
-9.732369, 0.1692639, 8.454616, 103.1511, 252.5287
-9.532644, 0.1692639, 8.465083, 118.6484, 252.3715
-9.732369, 0.1692639, 8.454616, 103.1511, 252.5287
-9.732369, 0.01926387, 8.454616, 103.1511, 264.0456
-9.532644, 0.01926387, 8.465083, 118.6484, 263.873
-9.532644, 0.1692639, 8.465083, 118.6484, 252.3715
-9.532644, 0.1692639, 8.465083, 118.6484, 252.3715
-9.532644, 0.01926387, 8.465083, 118.6484, 263.873
-9.521131, 0.01926387, 8.245385, 116.0512, 267.5957
-9.521131, 0.1692639, 8.245385, 116.0512, 255.762
-9.720856, 0.01926387, 8.234918, 100.1021, 267.7785
-9.521131, 0.01926387, 8.245385, 116.0512, 267.5957
-9.532644, 0.01926387, 8.465083, 118.6484, 263.873
-9.732369, 0.01926387, 8.454616, 103.1511, 264.0456
-9.720856, 0.1692639, 8.234918, 100.1021, 255.9285
-9.720856, 0.01926387, 8.234918, 100.1021, 267.7785
-9.732369, 0.01926387, 8.454616, 103.1511, 264.0456
-9.732369, 0.1692639, 8.454616, 103.1511, 252.5287
-9.521131, 0.1692639, 8.245385, 116.0512, 255.762
-9.521131, 0.01926387, 8.245385, 116.0512, 267.5957
-9.720856, 0.01926387, 8.234918, 100.1021, 267.7785
-9.720856, 0.1692639, 8.234918, 100.1021, 255.9285
box_3_Hareli(Clone) stack 54 Shelf_0 Rack_1_0_1
-9.51932, 0.3192639, 8.247244, 116.2242, 243.9017
-9.718833, 0.3192639, 8.233293, 100.2319, 244.1018
-9.734179, 0.3192639, 8.452757, 102.9795, 241.037
-9.534667, 0.3192639, 8.466708, 118.5185, 240.848
-9.734179, 0.3192639, 8.452757, 102.9795, 241.037
-9.734179, 0.1692639, 8.452757, 102.9795, 252.5567
-9.534667, 0.1692639, 8.466708, 118.5185, 252.3471
-9.534667, 0.3192639, 8.466708, 118.5185, 240.848
-9.534667, 0.3192639, 8.466708, 118.5185, 240.848
-9.534667, 0.1692639, 8.466708, 118.5185, 252.3471
-9.51932, 0.1692638, 8.247244, 116.2242, 255.7325
-9.51932, 0.3192639, 8.247244, 116.2242, 243.9017
-9.718833, 0.1692638, 8.233293, 100.2319, 255.9543
-9.51932, 0.1692638, 8.247244, 116.2242, 255.7325
-9.534667, 0.1692639, 8.466708, 118.5185, 252.3471
-9.734179, 0.1692639, 8.452757, 102.9795, 252.5567
-9.718833, 0.3192639, 8.233293, 100.2319, 244.1018
-9.718833, 0.1692638, 8.233293, 100.2319, 255.9543
-9.734179, 0.1692639, 8.452757, 102.9795, 252.5567
-9.734179, 0.3192639, 8.452757, 102.9795, 241.037
-9.51932, 0.3192639, 8.247244, 116.2242, 243.9017
-9.51932, 0.1692638, 8.247244, 116.2242, 255.7325
-9.718833, 0.1692638, 8.233293, 100.2319, 255.9543
-9.718833, 0.3192639, 8.233293, 100.2319, 244.1018
box_3_Hareli(Clone) stack 54 Shelf_0 Rack_1_0_1
-9.51409, 0.4692639, 8.253007, 116.7302, 231.9974
-9.712599, 0.4692639, 8.228633, 100.639, 232.3089
-9.73941, 0.4692639, 8.446994, 102.4763, 229.5872
-9.540901, 0.4692639, 8.471368, 118.1132, 229.2928
-9.73941, 0.4692639, 8.446994, 102.4763, 229.5872
-9.73941, 0.3192639, 8.446994, 102.4763, 241.1153
-9.540901, 0.3192639, 8.471368, 118.1132, 240.7851
-9.540901, 0.4692639, 8.471368, 118.1132, 229.2928
-9.540901, 0.4692639, 8.471368, 118.1132, 229.2928
-9.540901, 0.3192639, 8.471368, 118.1132, 240.7851
-9.51409, 0.3192639, 8.253007, 116.7302, 243.8192
-9.51409, 0.4692639, 8.253007, 116.7302, 231.9974
-9.712599, 0.3192639, 8.228633, 100.639, 244.1688
-9.51409, 0.3192639, 8.253007, 116.7302, 243.8192
-9.540901, 0.3192639, 8.471368, 118.1132, 240.7851
-9.73941, 0.3192639, 8.446994, 102.4763, 241.1153
-9.712599, 0.4692639, 8.228633, 100.639, 232.3089
-9.712599, 0.3192639, 8.228633, 100.639, 244.1688
-9.73941, 0.3192639, 8.446994, 102.4763, 241.1153
-9.73941, 0.4692639, 8.446994, 102.4763, 229.5872
-9.51409, 0.4692639, 8.253007, 116.7302, 231.9974
-9.51409, 0.3192639, 8.253007, 116.7302, 243.8192
-9.712599, 0.3192639, 8.228633, 100.639, 244.1688
-9.712599, 0.4692639, 8.228633, 100.639, 232.3089
box_3_Hareli(Clone) stack 54 Shelf_0 Rack_1_0_1
-9.522972, 0.6192639, 8.243557, 115.8761, 220.2814
-9.72285, 0.6192639, 8.236577, 99.9751, 220.3597
-9.730528, 0.6192639, 8.456444, 103.3244, 217.9587
-9.53065, 0.6192639, 8.463424, 118.7756, 217.8846
-9.730528, 0.6192639, 8.456444, 103.3244, 217.9587
-9.730528, 0.4692639, 8.456444, 103.3244, 229.4729
-9.53065, 0.4692639, 8.463424, 118.7756, 229.3886
-9.53065, 0.6192639, 8.463424, 118.7756, 217.8846
-9.53065, 0.6192639, 8.463424, 118.7756, 217.8846
-9.53065, 0.4692639, 8.463424, 118.7756, 229.3886
-9.522972, 0.4692638, 8.243557, 115.8761, 232.118
-9.522972, 0.6192639, 8.243557, 115.8761, 220.2814
-9.72285, 0.4692638, 8.236577, 99.9751, 232.2072
-9.522972, 0.4692638, 8.243557, 115.8761, 232.118
-9.53065, 0.4692639, 8.463424, 118.7756, 229.3886
-9.730528, 0.4692639, 8.456444, 103.3244, 229.4729
-9.72285, 0.6192639, 8.236577, 99.9751, 220.3597
-9.72285, 0.4692638, 8.236577, 99.9751, 232.2072
-9.730528, 0.4692639, 8.456444, 103.3244, 229.4729
-9.730528, 0.6192639, 8.456444, 103.3244, 217.9587
-9.522972, 0.6192639, 8.243557, 115.8761, 220.2814
-9.522972, 0.4692638, 8.243557, 115.8761, 232.118
-9.72285, 0.4692638, 8.236577, 99.9751, 232.2072
-9.72285, 0.6192639, 8.236577, 99.9751, 220.3597
box_3_Hareli(Clone) stack 54 Shelf_0 Rack_1_0_1
-9.538795, 0.7692638, 8.23015, 114.406, 208.5745
-9.7377, 0.7692638, 8.251056, 99.07075, 208.3725
-9.714705, 0.7692638, 8.469851, 104.771, 206.3222
-9.5158, 0.7692638, 8.448945, 119.6918, 206.5131
-9.714705, 0.7692638, 8.469851, 104.771, 206.3222
-9.714705, 0.6192638, 8.469851, 104.771, 217.8166
-9.5158, 0.6192638, 8.448945, 119.6918, 218.0383
-9.5158, 0.7692638, 8.448945, 119.6918, 206.5131
-9.5158, 0.7692638, 8.448945, 119.6918, 206.5131
-9.5158, 0.6192638, 8.448945, 119.6918, 218.0383
-9.538795, 0.6192638, 8.23015, 114.406, 220.432
-9.538795, 0.7692638, 8.23015, 114.406, 208.5745
-9.7377, 0.6192638, 8.251056, 99.07075, 220.1973
-9.538795, 0.6192638, 8.23015, 114.406, 220.432
-9.5158, 0.6192638, 8.448945, 119.6918, 218.0383
-9.714705, 0.6192638, 8.469851, 104.771, 217.8166
-9.7377, 0.7692638, 8.251056, 99.07075, 208.3725
-9.7377, 0.6192638, 8.251056, 99.07075, 220.1973
-9.714705, 0.6192638, 8.469851, 104.771, 217.8166
-9.714705, 0.7692638, 8.469851, 104.771, 206.3222
-9.538795, 0.7692638, 8.23015, 114.406, 208.5745
-9.538795, 0.6192638, 8.23015, 114.406, 220.432
-9.7377, 0.6192638, 8.251056, 99.07075, 220.1973
-9.7377, 0.7692638, 8.251056, 99.07075, 208.3725
box_1_Parle-G-GOLD(Clone) stack 55 Shelf_0 Rack_1_0_1
-9.128753, 0.1916559, 8.247414, 147.0313, 253.9638
-9.328722, 0.1916559, 8.243923, 131.2097, 254.0184
-9.332364, 0.1916559, 8.452587, 133.8356, 250.8396
-9.132395, 0.1916559, 8.456078, 149.2337, 250.7878
-9.332364, 0.1916559, 8.452587, 133.8356, 250.8396
-9.332364, 0.01915592, 8.452587, 133.8356, 264.0874
-9.132395, 0.01915592, 8.456078, 149.2337, 264.0298
-9.132395, 0.1916559, 8.456078, 149.2337, 250.7878
-9.132395, 0.1916559, 8.456078, 149.2337, 250.7878
-9.132395, 0.01915592, 8.456078, 149.2337, 264.0298
-9.128753, 0.01915589, 8.247414, 147.0313, 267.5689
-9.128753, 0.1916559, 8.247414, 147.0313, 253.9638
-9.328722, 0.01915589, 8.243923, 131.2097, 267.6298
-9.128753, 0.01915589, 8.247414, 147.0313, 267.5689
-9.132395, 0.01915592, 8.456078, 149.2337, 264.0298
-9.332364, 0.01915592, 8.452587, 133.8356, 264.0874
-9.328722, 0.1916559, 8.243923, 131.2097, 254.0184
-9.328722, 0.01915589, 8.243923, 131.2097, 267.6298
-9.332364, 0.01915592, 8.452587, 133.8356, 264.0874
-9.332364, 0.1916559, 8.452587, 133.8356, 250.8396
-9.128753, 0.1916559, 8.247414, 147.0313, 253.9638
-9.128753, 0.01915589, 8.247414, 147.0313, 267.5689
-9.328722, 0.01915589, 8.243923, 131.2097, 267.6298
-9.328722, 0.1916559, 8.243923, 131.2097, 254.0184
box_1_Parle-G-GOLD(Clone) stack 55 Shelf_0 Rack_1_0_1
-9.128753, 0.3641559, 8.247414, 147.0313, 240.3586
-9.328722, 0.3641559, 8.243923, 131.2097, 240.407
-9.332364, 0.3641559, 8.452587, 133.8356, 237.5917
-9.132395, 0.3641559, 8.456078, 149.2337, 237.5459
-9.332364, 0.3641559, 8.452587, 133.8356, 237.5917
-9.332364, 0.1916559, 8.452587, 133.8356, 250.8396
-9.132395, 0.1916559, 8.456078, 149.2337, 250.7878
-9.132395, 0.3641559, 8.456078, 149.2337, 237.5459
-9.132395, 0.3641559, 8.456078, 149.2337, 237.5459
-9.132395, 0.1916559, 8.456078, 149.2337, 250.7878
-9.128753, 0.1916559, 8.247414, 147.0313, 253.9638
-9.128753, 0.3641559, 8.247414, 147.0313, 240.3586
-9.328722, 0.1916559, 8.243923, 131.2097, 254.0184
-9.128753, 0.1916559, 8.247414, 147.0313, 253.9638
-9.132395, 0.1916559, 8.456078, 149.2337, 250.7878
-9.332364, 0.1916559, 8.452587, 133.8356, 250.8396
-9.328722, 0.3641559, 8.243923, 131.2097, 240.407
-9.328722, 0.1916559, 8.243923, 131.2097, 254.0184
-9.332364, 0.1916559, 8.452587, 133.8356, 250.8396
-9.332364, 0.3641559, 8.452587, 133.8356, 237.5917
-9.128753, 0.3641559, 8.247414, 147.0313, 240.3586
-9.128753, 0.1916559, 8.247414, 147.0313, 253.9638
-9.328722, 0.1916559, 8.243923, 131.2097, 254.0184
-9.328722, 0.3641559, 8.243923, 131.2097, 240.407
box_1_Parle-G-GOLD(Clone) stack 55 Shelf_0 Rack_1_0_1
-9.120199, 0.5366558, 8.256677, 147.8181, 226.6419
-9.319103, 0.5366558, 8.235771, 131.8527, 226.8941
-9.340918, 0.5366558, 8.443324, 133.0519, 224.4499
-9.142014, 0.5366558, 8.46423, 148.5906, 224.2109
-9.340918, 0.5366558, 8.443324, 133.0519, 224.4499
-9.340918, 0.3641559, 8.443324, 133.0519, 237.7135
-9.142014, 0.3641559, 8.46423, 148.5906, 237.439
-9.142014, 0.5366558, 8.46423, 148.5906, 224.2109
-9.142014, 0.5366558, 8.46423, 148.5906, 224.2109
-9.142014, 0.3641559, 8.46423, 148.5906, 237.439
-9.120199, 0.3641559, 8.256677, 147.8181, 240.2305
-9.120199, 0.5366558, 8.256677, 147.8181, 226.6419
-9.319103, 0.3641559, 8.235771, 131.8527, 240.5201
-9.120199, 0.3641559, 8.256677, 147.8181, 240.2305
-9.142014, 0.3641559, 8.46423, 148.5906, 237.439
-9.340918, 0.3641559, 8.443324, 133.0519, 237.7135
-9.319103, 0.5366558, 8.235771, 131.8527, 226.8941
-9.319103, 0.3641559, 8.235771, 131.8527, 240.5201
-9.340918, 0.3641559, 8.443324, 133.0519, 237.7135
-9.340918, 0.5366558, 8.443324, 133.0519, 224.4499
-9.120199, 0.5366558, 8.256677, 147.8181, 226.6419
-9.120199, 0.3641559, 8.256677, 147.8181, 240.2305
-9.319103, 0.3641559, 8.235771, 131.8527, 240.5201
-9.319103, 0.5366558, 8.235771, 131.8527, 226.8941
box_1_Parle-G-GOLD(Clone) stack 55 Shelf_0 Rack_1_0_1
-9.136157, 0.7091558, 8.240561, 146.3629, 213.2188
-9.335882, 0.7091558, 8.251029, 130.7468, 213.1112
-9.32496, 0.7091558, 8.459439, 134.4968, 211.0293
-9.125235, 0.7091558, 8.448972, 149.7012, 211.1312
-9.32496, 0.7091558, 8.459439, 134.4968, 211.0293
-9.32496, 0.5366558, 8.459439, 134.4968, 224.2656
-9.125235, 0.5366558, 8.448972, 149.7012, 224.3852
-9.125235, 0.7091558, 8.448972, 149.7012, 211.1312
-9.125235, 0.7091558, 8.448972, 149.7012, 211.1312
-9.125235, 0.5366558, 8.448972, 149.7012, 224.3852
-9.136157, 0.5366558, 8.240561, 146.3629, 226.8362
-9.136157, 0.7091558, 8.240561, 146.3629, 213.2188
-9.335882, 0.5366558, 8.251029, 130.7468, 226.7099
-9.136157, 0.5366558, 8.240561, 146.3629, 226.8362
-9.125235, 0.5366558, 8.448972, 149.7012, 224.3852
-9.32496, 0.5366558, 8.459439, 134.4968, 224.2656
-9.335882, 0.7091558, 8.251029, 130.7468, 213.1112
-9.335882, 0.5366558, 8.251029, 130.7468, 226.7099
-9.32496, 0.5366558, 8.459439, 134.4968, 224.2656
-9.32496, 0.7091558, 8.459439, 134.4968, 211.0293
-9.136157, 0.7091558, 8.240561, 146.3629, 213.2188
-9.136157, 0.5366558, 8.240561, 146.3629, 226.8362
-9.335882, 0.5366558, 8.251029, 130.7468, 226.7099
-9.335882, 0.7091558, 8.251029, 130.7468, 213.1112
box_1_Parle-G-GOLD(Clone) stack 55 Shelf_0 Rack_1_0_1
-9.125235, 0.8816558, 8.251029, 147.3527, 199.5125
-9.32496, 0.8816558, 8.240561, 131.4586, 199.6014
-9.335882, 0.8816558, 8.448972, 133.5161, 197.8772
-9.136157, 0.8816558, 8.459439, 148.984, 197.7931
-9.335882, 0.8816558, 8.448972, 133.5161, 197.8772
-9.335882, 0.7091558, 8.448972, 133.5161, 211.1312
-9.136157, 0.7091558, 8.459439, 148.984, 211.0293
-9.136157, 0.8816558, 8.459439, 148.984, 197.7931
-9.136157, 0.8816558, 8.459439, 148.984, 197.7931
-9.136157, 0.7091558, 8.459439, 148.984, 211.0293
-9.125235, 0.7091558, 8.251029, 147.3527, 213.1112
-9.125235, 0.8816558, 8.251029, 147.3527, 199.5125
-9.32496, 0.7091558, 8.240561, 131.4586, 213.2188
-9.125235, 0.7091558, 8.251029, 147.3527, 213.1112
-9.136157, 0.7091558, 8.459439, 148.984, 211.0293
-9.335882, 0.7091558, 8.448972, 133.5161, 211.1312
-9.32496, 0.8816558, 8.240561, 131.4586, 199.6014
-9.32496, 0.7091558, 8.240561, 131.4586, 213.2188
-9.335882, 0.7091558, 8.448972, 133.5161, 211.1312
-9.335882, 0.8816558, 8.448972, 133.5161, 197.8772
-9.125235, 0.8816558, 8.251029, 147.3527, 199.5125
-9.125235, 0.7091558, 8.251029, 147.3527, 213.1112
-9.32496, 0.7091558, 8.240561, 131.4586, 213.2188
-9.32496, 0.8816558, 8.240561, 131.4586, 199.6014
box_3_Hareli(Clone) stack 56 Shelf_1 Rack_1_0_1
-10.28432, 1.353857, 8.249134, 55.93273, 162.2943
-10.48356, 1.353857, 8.231704, 39.76358, 162.3569
-10.50273, 1.353857, 8.450867, 43.90912, 161.5893
-10.30349, 1.353857, 8.468297, 59.61636, 161.5301
-10.50273, 1.353857, 8.450867, 43.90912, 161.5893
-10.50273, 1.203857, 8.450867, 43.90912, 173.1117
-10.30349, 1.203857, 8.468297, 59.61636, 173.0269
-10.30349, 1.353857, 8.468297, 59.61636, 161.5301
-10.30349, 1.353857, 8.468297, 59.61636, 161.5301
-10.30349, 1.203857, 8.468297, 59.61636, 173.0269
-10.28432, 1.203857, 8.249134, 55.93273, 174.1221
-10.28432, 1.353857, 8.249134, 55.93273, 162.2943
-10.48356, 1.203857, 8.231704, 39.76358, 174.212
-10.28432, 1.203857, 8.249134, 55.93273, 174.1221
-10.30349, 1.203857, 8.468297, 59.61636, 173.0269
-10.50273, 1.203857, 8.450867, 43.90912, 173.1117
-10.48356, 1.353857, 8.231704, 39.76358, 162.3569
-10.48356, 1.203857, 8.231704, 39.76358, 174.212
-10.50273, 1.203857, 8.450867, 43.90912, 173.1117
-10.50273, 1.353857, 8.450867, 43.90912, 161.5893
-10.28432, 1.353857, 8.249134, 55.93273, 162.2943
-10.28432, 1.203857, 8.249134, 55.93273, 174.1221
-10.48356, 1.203857, 8.231704, 39.76358, 174.212
-10.48356, 1.353857, 8.231704, 39.76358, 162.3569
box_3_Hareli(Clone) stack 56 Shelf_1 Rack_1_0_1
-10.30557, 1.503857, 8.23015, 53.79244, 150.505
-10.50448, 1.503857, 8.251056, 38.62365, 150.4625
-10.48148, 1.503857, 8.469851, 46.013, 150.0304
-10.28258, 1.503857, 8.448945, 60.77655, 150.0706
-10.48148, 1.503857, 8.469851, 46.013, 150.0304
-10.48148, 1.353857, 8.469851, 46.013, 161.5249
-10.28258, 1.353857, 8.448945, 60.77655, 161.5959
-10.28258, 1.503857, 8.448945, 60.77655, 150.0706
-10.28258, 1.503857, 8.448945, 60.77655, 150.0706
-10.28258, 1.353857, 8.448945, 60.77655, 161.5959
-10.30557, 1.353857, 8.23015, 53.79244, 162.3625
-10.30557, 1.503857, 8.23015, 53.79244, 150.505
-10.50448, 1.353857, 8.251056, 38.62365, 162.2874
-10.30557, 1.353857, 8.23015, 53.79244, 162.3625
-10.28258, 1.353857, 8.448945, 60.77655, 161.5959
-10.48148, 1.353857, 8.469851, 46.013, 161.5249
-10.50448, 1.503857, 8.251056, 38.62365, 150.4625
-10.50448, 1.353857, 8.251056, 38.62365, 162.2874
-10.48148, 1.353857, 8.469851, 46.013, 161.5249
-10.48148, 1.503857, 8.469851, 46.013, 150.0304
-10.30557, 1.503857, 8.23015, 53.79244, 150.505
-10.30557, 1.353857, 8.23015, 53.79244, 162.3625
-10.50448, 1.353857, 8.251056, 38.62365, 162.2874
-10.50448, 1.503857, 8.251056, 38.62365, 150.4625
box_3_Hareli(Clone) stack 56 Shelf_1 Rack_1_0_1
-10.30349, 1.653857, 8.231704, 53.99479, 138.6468
-10.50273, 1.653857, 8.249134, 38.71038, 138.6385
-10.48356, 1.653857, 8.468297, 45.81528, 138.5366
-10.28432, 1.653857, 8.450867, 60.68668, 138.5445
-10.48356, 1.653857, 8.468297, 45.81528, 138.5366
-10.48356, 1.503857, 8.468297, 45.81528, 150.0334
-10.28432, 1.503857, 8.450867, 60.68668, 150.0669
-10.28432, 1.653857, 8.450867, 60.68668, 138.5445
-10.28432, 1.653857, 8.450867, 60.68668, 138.5445
-10.28432, 1.503857, 8.450867, 60.68668, 150.0669
-10.30349, 1.503857, 8.231704, 53.99479, 150.5019
-10.30349, 1.653857, 8.231704, 53.99479, 138.6468
-10.50273, 1.503857, 8.249134, 38.71038, 150.4664
-10.30349, 1.503857, 8.231704, 53.99479, 150.5019
-10.28432, 1.503857, 8.450867, 60.68668, 150.0669
-10.48356, 1.503857, 8.468297, 45.81528, 150.0334
-10.50273, 1.653857, 8.249134, 38.71038, 138.6385
-10.50273, 1.503857, 8.249134, 38.71038, 150.4664
-10.48356, 1.503857, 8.468297, 45.81528, 150.0334
-10.48356, 1.653857, 8.468297, 45.81528, 138.5366
-10.30349, 1.653857, 8.231704, 53.99479, 138.6468
-10.30349, 1.503857, 8.231704, 53.99479, 150.5019
-10.50273, 1.503857, 8.249134, 38.71038, 150.4664
-10.50273, 1.653857, 8.249134, 38.71038, 138.6385
box_3_Hareli(Clone) stack 56 Shelf_1 Rack_1_0_1
-10.30557, 1.803857, 8.23015, 53.79244, 126.7901
-10.50448, 1.803857, 8.251056, 38.62365, 126.8127
-10.48148, 1.803857, 8.469851, 46.013, 127.0414
-10.28258, 1.803857, 8.448945, 60.77655, 127.0201
-10.48148, 1.803857, 8.469851, 46.013, 127.0414
-10.48148, 1.653857, 8.469851, 46.013, 138.5359
-10.28258, 1.653857, 8.448945, 60.77655, 138.5454
-10.28258, 1.803857, 8.448945, 60.77655, 127.0201
-10.28258, 1.803857, 8.448945, 60.77655, 127.0201
-10.28258, 1.653857, 8.448945, 60.77655, 138.5454
-10.30557, 1.653857, 8.23015, 53.79244, 138.6476
-10.30557, 1.803857, 8.23015, 53.79244, 126.7901
-10.50448, 1.653857, 8.251056, 38.62365, 138.6375
-10.30557, 1.653857, 8.23015, 53.79244, 138.6476
-10.28258, 1.653857, 8.448945, 60.77655, 138.5454
-10.48148, 1.653857, 8.469851, 46.013, 138.5359
-10.50448, 1.803857, 8.251056, 38.62365, 126.8127
-10.50448, 1.653857, 8.251056, 38.62365, 138.6375
-10.48148, 1.653857, 8.469851, 46.013, 138.5359
-10.48148, 1.803857, 8.469851, 46.013, 127.0414
-10.30557, 1.803857, 8.23015, 53.79244, 126.7901
-10.30557, 1.653857, 8.23015, 53.79244, 138.6476
-10.50448, 1.653857, 8.251056, 38.62365, 138.6375
-10.50448, 1.803857, 8.251056, 38.62365, 126.8127
box_3_Hareli(Clone) stack 56 Shelf_1 Rack_1_0_1
-10.30349, 1.953857, 8.231704, 53.99479, 114.9368
-10.50273, 1.953857, 8.249134, 38.71038, 114.9827
-10.48356, 1.953857, 8.468297, 45.81528, 115.5431
-10.28432, 1.953857, 8.450867, 60.68668, 115.4997
-10.48356, 1.953857, 8.468297, 45.81528, 115.5431
-10.48356, 1.803857, 8.468297, 45.81528, 127.0399
-10.28432, 1.803857, 8.450867, 60.68668, 127.0221
-10.28432, 1.953857, 8.450867, 60.68668, 115.4997
-10.28432, 1.953857, 8.450867, 60.68668, 115.4997
-10.28432, 1.803857, 8.450867, 60.68668, 127.0221
-10.30349, 1.803857, 8.231704, 53.99479, 126.7918
-10.30349, 1.953857, 8.231704, 53.99479, 114.9368
-10.50273, 1.803857, 8.249134, 38.71038, 126.8106
-10.30349, 1.803857, 8.231704, 53.99479, 126.7918
-10.28432, 1.803857, 8.450867, 60.68668, 127.0221
-10.48356, 1.803857, 8.468297, 45.81528, 127.0399
-10.50273, 1.953857, 8.249134, 38.71038, 114.9827
-10.50273, 1.803857, 8.249134, 38.71038, 126.8106
-10.48356, 1.803857, 8.468297, 45.81528, 127.0399
-10.48356, 1.953857, 8.468297, 45.81528, 115.5431
-10.30349, 1.953857, 8.231704, 53.99479, 114.9368
-10.30349, 1.803857, 8.231704, 53.99479, 126.7918
-10.50273, 1.803857, 8.249134, 38.71038, 126.8106
-10.50273, 1.953857, 8.249134, 38.71038, 114.9827
box_8_lizol(Clone) stack 57 Shelf_1 Rack_1_0_1
-9.910359, 1.380775, 8.221532, 84.85781, 160.2634
-10.11009, 1.380775, 8.231998, 69.28722, 160.2286
-10.09717, 1.380775, 8.478469, 75.64378, 159.4353
-9.897443, 1.380775, 8.468002, 90.7326, 159.4679
-10.09717, 1.380775, 8.478469, 75.64378, 159.4353
-10.09717, 1.204525, 8.478469, 75.64378, 172.9264
-9.897443, 1.204525, 8.468002, 90.7326, 172.9771
-9.897443, 1.380775, 8.468002, 90.7326, 159.4679
-9.897443, 1.380775, 8.468002, 90.7326, 159.4679
-9.897443, 1.204525, 8.468002, 90.7326, 172.9771
-9.910359, 1.204525, 8.221532, 84.85781, 174.2117
-9.910359, 1.380775, 8.221532, 84.85781, 160.2634
-10.11009, 1.204525, 8.231998, 69.28722, 174.1577
-9.910359, 1.204525, 8.221532, 84.85781, 174.2117
-9.897443, 1.204525, 8.468002, 90.7326, 172.9771
-10.09717, 1.204525, 8.478469, 75.64378, 172.9264
-10.11009, 1.380775, 8.231998, 69.28722, 160.2286
-10.11009, 1.204525, 8.231998, 69.28722, 174.1577
-10.09717, 1.204525, 8.478469, 75.64378, 172.9264
-10.09717, 1.380775, 8.478469, 75.64378, 159.4353
-9.910359, 1.380775, 8.221532, 84.85781, 160.2634
-9.910359, 1.204525, 8.221532, 84.85781, 174.2117
-10.11009, 1.204525, 8.231998, 69.28722, 174.1577
-10.11009, 1.380775, 8.231998, 69.28722, 160.2286
box_8_lizol(Clone) stack 57 Shelf_1 Rack_1_0_1
-9.897443, 1.557025, 8.231998, 86.09248, 146.2994
-10.09717, 1.557025, 8.221532, 70.07376, 146.315
-10.11009, 1.557025, 8.468002, 74.43399, 145.9587
-9.910359, 1.557025, 8.478469, 89.94321, 145.9441
-10.11009, 1.557025, 8.468002, 74.43399, 145.9587
-10.11009, 1.380775, 8.468002, 74.43399, 159.4679
-9.910359, 1.380775, 8.478469, 89.94321, 159.4353
-9.910359, 1.557025, 8.478469, 89.94321, 145.9441
-9.910359, 1.557025, 8.478469, 89.94321, 145.9441
-9.910359, 1.380775, 8.478469, 89.94321, 159.4353
-9.897443, 1.380775, 8.231998, 86.09248, 160.2286
-9.897443, 1.557025, 8.231998, 86.09248, 146.2994
-10.09717, 1.380775, 8.221532, 70.07376, 160.2634
-9.897443, 1.380775, 8.231998, 86.09248, 160.2286
-9.910359, 1.380775, 8.478469, 89.94321, 159.4353
-10.11009, 1.380775, 8.468002, 74.43399, 159.4679
-10.09717, 1.557025, 8.221532, 70.07376, 146.315
-10.09717, 1.380775, 8.221532, 70.07376, 160.2634
-10.11009, 1.380775, 8.468002, 74.43399, 159.4679
-10.11009, 1.557025, 8.468002, 74.43399, 145.9587
-9.897443, 1.557025, 8.231998, 86.09248, 146.2994
-9.897443, 1.380775, 8.231998, 86.09248, 160.2286
-10.09717, 1.380775, 8.221532, 70.07376, 160.2634
-10.09717, 1.557025, 8.221532, 70.07376, 146.315
box_1_Parle-G-GOLD(Clone) stack 58 Shelf_1 Rack_1_0_1
-9.514866, 1.376249, 8.247414, 116.5784, 160.5344
-9.714835, 1.376249, 8.243923, 100.7428, 160.5461
-9.718477, 1.376249, 8.452587, 104.1825, 159.8638
-9.518508, 1.376249, 8.456078, 119.5937, 159.8527
-9.718477, 1.376249, 8.452587, 104.1825, 159.8638
-9.718477, 1.203749, 8.452587, 104.1825, 173.1116
-9.518508, 1.203749, 8.456078, 119.5937, 173.0946
-9.518508, 1.376249, 8.456078, 119.5937, 159.8527
-9.518508, 1.376249, 8.456078, 119.5937, 159.8527
-9.518508, 1.203749, 8.456078, 119.5937, 173.0946
-9.514866, 1.203749, 8.247414, 116.5784, 174.1395
-9.514866, 1.376249, 8.247414, 116.5784, 160.5344
-9.714835, 1.203749, 8.243923, 100.7428, 174.1575
-9.514866, 1.203749, 8.247414, 116.5784, 174.1395
-9.518508, 1.203749, 8.456078, 119.5937, 173.0946
-9.718477, 1.203749, 8.452587, 104.1825, 173.1116
-9.714835, 1.376249, 8.243923, 100.7428, 160.5461
-9.714835, 1.203749, 8.243923, 100.7428, 174.1575
-9.718477, 1.203749, 8.452587, 104.1825, 173.1116
-9.718477, 1.376249, 8.452587, 104.1825, 159.8638
-9.514866, 1.376249, 8.247414, 116.5784, 160.5344
-9.514866, 1.203749, 8.247414, 116.5784, 174.1395
-9.714835, 1.203749, 8.243923, 100.7428, 174.1575
-9.714835, 1.376249, 8.243923, 100.7428, 160.5461
box_1_Parle-G-GOLD(Clone) stack 58 Shelf_1 Rack_1_0_1
-9.506312, 1.548749, 8.256677, 117.4022, 146.9147
-9.705216, 1.548749, 8.235771, 101.3532, 146.9475
-9.727031, 1.548749, 8.443324, 103.3636, 146.6297
-9.528127, 1.548749, 8.46423, 118.9816, 146.5986
-9.727031, 1.548749, 8.443324, 103.3636, 146.6297
-9.727031, 1.376249, 8.443324, 103.3636, 159.8933
-9.528127, 1.376249, 8.46423, 118.9816, 159.8268
-9.528127, 1.548749, 8.46423, 118.9816, 146.5986
-9.528127, 1.548749, 8.46423, 118.9816, 146.5986
-9.528127, 1.376249, 8.46423, 118.9816, 159.8268
-9.506312, 1.376249, 8.256677, 117.4022, 160.5033
-9.506312, 1.548749, 8.256677, 117.4022, 146.9147
-9.705216, 1.376249, 8.235771, 101.3532, 160.5735
-9.506312, 1.376249, 8.256677, 117.4022, 160.5033
-9.528127, 1.376249, 8.46423, 118.9816, 159.8268
-9.727031, 1.376249, 8.443324, 103.3636, 159.8933
-9.705216, 1.548749, 8.235771, 101.3532, 146.9475
-9.705216, 1.376249, 8.235771, 101.3532, 160.5735
-9.727031, 1.376249, 8.443324, 103.3636, 159.8933
-9.727031, 1.548749, 8.443324, 103.3636, 146.6297
-9.506312, 1.548749, 8.256677, 117.4022, 146.9147
-9.506312, 1.376249, 8.256677, 117.4022, 160.5033
-9.705216, 1.376249, 8.235771, 101.3532, 160.5735
-9.705216, 1.548749, 8.235771, 101.3532, 146.9475
box_1_Parle-G-GOLD(Clone) stack 58 Shelf_1 Rack_1_0_1
-9.528127, 1.721249, 8.235771, 115.3417, 133.3215
-9.727031, 1.721249, 8.256677, 100.0153, 133.3261
-9.705216, 1.721249, 8.46423, 105.4015, 133.3705
-9.506312, 1.721249, 8.443324, 120.3347, 133.3661
-9.705216, 1.721249, 8.46423, 105.4015, 133.3705
-9.705216, 1.548749, 8.46423, 105.4015, 146.5986
-9.506312, 1.548749, 8.443324, 120.3347, 146.6297
-9.506312, 1.721249, 8.443324, 120.3347, 133.3661
-9.506312, 1.721249, 8.443324, 120.3347, 133.3661
-9.506312, 1.548749, 8.443324, 120.3347, 146.6297
-9.528127, 1.548749, 8.235771, 115.3417, 146.9475
-9.528127, 1.721249, 8.235771, 115.3417, 133.3215
-9.727031, 1.548749, 8.256677, 100.0153, 146.9147
-9.528127, 1.548749, 8.235771, 115.3417, 146.9475
-9.506312, 1.548749, 8.443324, 120.3347, 146.6297
-9.705216, 1.548749, 8.46423, 105.4015, 146.5986
-9.727031, 1.721249, 8.256677, 100.0153, 133.3261
-9.727031, 1.548749, 8.256677, 100.0153, 146.9147
-9.705216, 1.548749, 8.46423, 105.4015, 146.5986
-9.705216, 1.721249, 8.46423, 105.4015, 133.3705
-9.528127, 1.721249, 8.235771, 115.3417, 133.3215
-9.528127, 1.548749, 8.235771, 115.3417, 146.9475
-9.727031, 1.548749, 8.256677, 100.0153, 146.9147
-9.727031, 1.721249, 8.256677, 100.0153, 133.3261
box_1_Parle-G-GOLD(Clone) stack 58 Shelf_1 Rack_1_0_1
-9.518508, 1.893749, 8.243923, 116.2343, 119.7119
-9.718477, 1.893749, 8.247414, 100.5195, 119.7189
-9.714835, 1.893749, 8.456078, 104.5227, 120.1269
-9.514866, 1.893749, 8.452587, 119.8196, 120.1202
-9.714835, 1.893749, 8.456078, 104.5227, 120.1269
-9.714835, 1.721249, 8.456078, 104.5227, 133.3688
-9.514866, 1.721249, 8.452587, 119.8196, 133.3681
-9.514866, 1.893749, 8.452587, 119.8196, 120.1202
-9.514866, 1.893749, 8.452587, 119.8196, 120.1202
-9.514866, 1.721249, 8.452587, 119.8196, 133.3681
-9.518508, 1.721249, 8.243923, 116.2343, 133.3233
-9.518508, 1.893749, 8.243923, 116.2343, 119.7119
-9.718477, 1.721249, 8.247414, 100.5195, 133.3241
-9.518508, 1.721249, 8.243923, 116.2343, 133.3233
-9.514866, 1.721249, 8.452587, 119.8196, 133.3681
-9.714835, 1.721249, 8.456078, 104.5227, 133.3688
-9.718477, 1.893749, 8.247414, 100.5195, 119.7189
-9.718477, 1.721249, 8.247414, 100.5195, 133.3241
-9.714835, 1.721249, 8.456078, 104.5227, 133.3688
-9.714835, 1.893749, 8.456078, 104.5227, 120.1269
-9.518508, 1.893749, 8.243923, 116.2343, 119.7119
-9.518508, 1.721249, 8.243923, 116.2343, 133.3233
-9.718477, 1.721249, 8.247414, 100.5195, 133.3241
-9.718477, 1.893749, 8.247414, 100.5195, 119.7189
box_1_Parle-G-GOLD(Clone) stack 58 Shelf_1 Rack_1_0_1
-9.514866, 2.066249, 8.247414, 116.5784, 106.1138
-9.714835, 2.066249, 8.243923, 100.7428, 106.1005
-9.718477, 2.06625, 8.452587, 104.1825, 106.8723
-9.518508, 2.06625, 8.456078, 119.5937, 106.8849
-9.718477, 2.06625, 8.452587, 104.1825, 106.8723
-9.718477, 1.893749, 8.452587, 104.1825, 120.1202
-9.518508, 1.893749, 8.456078, 119.5937, 120.1269
-9.518508, 2.06625, 8.456078, 119.5937, 106.8849
-9.518508, 2.06625, 8.456078, 119.5937, 106.8849
-9.518508, 1.893749, 8.456078, 119.5937, 120.1269
-9.514866, 1.893749, 8.247414, 116.5784, 119.7189
-9.514866, 2.066249, 8.247414, 116.5784, 106.1138
-9.714835, 1.893749, 8.243923, 100.7428, 119.7119
-9.514866, 1.893749, 8.247414, 116.5784, 119.7189
-9.518508, 1.893749, 8.456078, 119.5937, 120.1269
-9.718477, 1.893749, 8.452587, 104.1825, 120.1202
-9.714835, 2.066249, 8.243923, 100.7428, 106.1005
-9.714835, 1.893749, 8.243923, 100.7428, 119.7119
-9.718477, 1.893749, 8.452587, 104.1825, 120.1202
-9.718477, 2.06625, 8.452587, 104.1825, 106.8723
-9.514866, 2.066249, 8.247414, 116.5784, 106.1138
-9.514866, 1.893749, 8.247414, 116.5784, 119.7189
-9.714835, 1.893749, 8.243923, 100.7428, 119.7119
-9.714835, 2.066249, 8.243923, 100.7428, 106.1005
box_6_melody(Clone) stack 60 Shelf_2 Rack_1_0_1
-10.25452, 2.576536, 8.226583, 57.74262, 65.67737
-10.4544, 2.576536, 8.233563, 42.11695, 65.7411
-10.44602, 2.576536, 8.473417, 48.8175, 67.86176
-10.24614, 2.576536, 8.466437, 63.9703, 67.80188
-10.44602, 2.576536, 8.473417, 48.8175, 67.86176
-10.44602, 2.389036, 8.473417, 48.8175, 82.22331
-10.24614, 2.389036, 8.466437, 63.9703, 82.17624
-10.24614, 2.576536, 8.466437, 63.9703, 67.80188
-10.24614, 2.576536, 8.466437, 63.9703, 67.80188
-10.24614, 2.389036, 8.466437, 63.9703, 82.17624
-10.25452, 2.389036, 8.226583, 57.74262, 80.5062
-10.25452, 2.576536, 8.226583, 57.74262, 65.67737
-10.4544, 2.389036, 8.233563, 42.11695, 80.55629
-10.25452, 2.389036, 8.226583, 57.74262, 80.5062
-10.24614, 2.389036, 8.466437, 63.9703, 82.17624
-10.44602, 2.389036, 8.473417, 48.8175, 82.22331
-10.4544, 2.576536, 8.233563, 42.11695, 65.7411
-10.4544, 2.389036, 8.233563, 42.11695, 80.55629
-10.44602, 2.389036, 8.473417, 48.8175, 82.22331
-10.44602, 2.576536, 8.473417, 48.8175, 67.86176
-10.25452, 2.576536, 8.226583, 57.74262, 65.67737
-10.25452, 2.389036, 8.226583, 57.74262, 80.5062
-10.4544, 2.389036, 8.233563, 42.11695, 80.55629
-10.4544, 2.576536, 8.233563, 42.11695, 65.7411
box_6_melody(Clone) stack 60 Shelf_2 Rack_1_0_1
-10.26111, 2.764036, 8.221742, 57.10469, 50.79483
-10.46035, 2.764036, 8.239173, 41.79314, 50.98798
-10.43943, 2.764036, 8.478259, 49.44006, 53.55057
-10.24019, 2.764036, 8.460828, 64.30056, 53.36903
-10.43943, 2.764036, 8.478259, 49.44006, 53.55057
-10.43943, 2.576536, 8.478259, 49.44006, 67.90323
-10.24019, 2.576536, 8.460828, 64.30056, 67.75368
-10.24019, 2.764036, 8.460828, 64.30056, 53.36903
-10.24019, 2.764036, 8.460828, 64.30056, 53.36903
-10.24019, 2.576536, 8.460828, 64.30056, 67.75368
-10.26111, 2.576536, 8.221742, 57.10469, 65.63312
-10.26111, 2.764036, 8.221742, 57.10469, 50.79483
-10.46035, 2.576536, 8.239173, 41.79314, 65.79222
-10.26111, 2.576536, 8.221742, 57.10469, 65.63312
-10.24019, 2.576536, 8.460828, 64.30056, 67.75368
-10.43943, 2.576536, 8.478259, 49.44006, 67.90323
-10.46035, 2.764036, 8.239173, 41.79314, 50.98798
-10.46035, 2.576536, 8.239173, 41.79314, 65.79222
-10.43943, 2.576536, 8.478259, 49.44006, 67.90323
-10.43943, 2.764036, 8.478259, 49.44006, 53.55057
-10.26111, 2.764036, 8.221742, 57.10469, 50.79483
-10.26111, 2.576536, 8.221742, 57.10469, 65.63312
-10.46035, 2.576536, 8.239173, 41.79314, 65.79222
-10.46035, 2.764036, 8.239173, 41.79314, 50.98798
box_6_melody(Clone) stack 60 Shelf_2 Rack_1_0_1
-10.25238, 2.951536, 8.228273, 57.95237, 36.04181
-10.45235, 2.951536, 8.231764, 42.23187, 36.08733
-10.44816, 2.951536, 8.471727, 48.61234, 39.11798
-10.24819, 2.951536, 8.468237, 63.85381, 39.07524
-10.44816, 2.951536, 8.471727, 48.61234, 39.11798
-10.44816, 2.764036, 8.471727, 48.61234, 53.48262
-10.24819, 2.764036, 8.468237, 63.85381, 53.44627
-10.24819, 2.951536, 8.468237, 63.85381, 39.07524
-10.24819, 2.951536, 8.468237, 63.85381, 39.07524
-10.24819, 2.764036, 8.468237, 63.85381, 53.44627
-10.25238, 2.764036, 8.228273, 57.95237, 50.86731
-10.25238, 2.951536, 8.228273, 57.95237, 36.04181
-10.45235, 2.764036, 8.231764, 42.23187, 50.90599
-10.25238, 2.764036, 8.228273, 57.95237, 50.86731
-10.24819, 2.764036, 8.468237, 63.85381, 53.44627
-10.44816, 2.764036, 8.471727, 48.61234, 53.48262
-10.45235, 2.951536, 8.231764, 42.23187, 36.08733
-10.45235, 2.764036, 8.231764, 42.23187, 50.90599
-10.44816, 2.764036, 8.471727, 48.61234, 53.48262
-10.44816, 2.951536, 8.471727, 48.61234, 39.11798
-10.25238, 2.951536, 8.228273, 57.95237, 36.04181
-10.25238, 2.764036, 8.228273, 57.95237, 50.86731
-10.45235, 2.764036, 8.231764, 42.23187, 50.90599
-10.45235, 2.951536, 8.231764, 42.23187, 36.08733
box_6_melody(Clone) stack 60 Shelf_2 Rack_1_0_1
-10.25238, 3.139036, 8.228273, 57.95237, 21.21629
-10.45235, 3.139036, 8.231764, 42.23187, 21.26862
-10.44816, 3.139036, 8.471727, 48.61234, 24.75333
-10.24819, 3.139036, 8.468237, 63.85381, 24.70418
-10.44816, 3.139036, 8.471727, 48.61234, 24.75333
-10.44816, 2.951536, 8.471727, 48.61234, 39.11798
-10.24819, 2.951536, 8.468237, 63.85381, 39.07524
-10.24819, 3.139036, 8.468237, 63.85381, 24.70418
-10.24819, 3.139036, 8.468237, 63.85381, 24.70418
-10.24819, 2.951536, 8.468237, 63.85381, 39.07524
-10.25238, 2.951536, 8.228273, 57.95237, 36.04181
-10.25238, 3.139036, 8.228273, 57.95237, 21.21629
-10.45235, 2.951536, 8.231764, 42.23187, 36.08733
-10.25238, 2.951536, 8.228273, 57.95237, 36.04181
-10.24819, 2.951536, 8.468237, 63.85381, 39.07524
-10.44816, 2.951536, 8.471727, 48.61234, 39.11798
-10.45235, 3.139036, 8.231764, 42.23187, 21.26862
-10.45235, 2.951536, 8.231764, 42.23187, 36.08733
-10.44816, 2.951536, 8.471727, 48.61234, 39.11798
-10.44816, 3.139036, 8.471727, 48.61234, 24.75333
-10.25238, 3.139036, 8.228273, 57.95237, 21.21629
-10.25238, 2.951536, 8.228273, 57.95237, 36.04181
-10.45235, 2.951536, 8.231764, 42.23187, 36.08733
-10.45235, 3.139036, 8.231764, 42.23187, 21.26862
box4_Fairever(Clone) stack 62 Shelf_2 Rack_1_0_1
-9.455878, 2.553905, 8.240984, 121.1302, 67.59517
-9.655117, 2.553905, 8.223553, 105.0936, 67.44023
-9.675717, 2.553905, 8.459017, 107.5754, 69.47476
-9.476479, 2.553905, 8.476448, 123.1247, 69.62051
-9.675717, 2.553905, 8.459017, 107.5754, 69.47476
-9.675717, 2.388905, 8.459017, 107.5754, 82.1362
-9.476479, 2.388905, 8.476448, 123.1247, 82.25378
-9.476479, 2.553905, 8.476448, 123.1247, 69.62051
-9.476479, 2.553905, 8.476448, 123.1247, 69.62051
-9.476479, 2.388905, 8.476448, 123.1247, 82.25378
-9.455878, 2.388905, 8.240984, 121.1302, 80.6198
-9.455878, 2.553905, 8.240984, 121.1302, 67.59517
-9.655117, 2.388905, 8.223553, 105.0936, 80.49483
-9.455878, 2.388905, 8.240984, 121.1302, 80.6198
-9.476479, 2.388905, 8.476448, 123.1247, 82.25378
-9.675717, 2.388905, 8.459017, 107.5754, 82.1362
-9.655117, 2.553905, 8.223553, 105.0936, 67.44023
-9.655117, 2.388905, 8.223553, 105.0936, 80.49483
-9.675717, 2.388905, 8.459017, 107.5754, 82.1362
-9.675717, 2.553905, 8.459017, 107.5754, 69.47476
-9.455878, 2.553905, 8.240984, 121.1302, 67.59517
-9.455878, 2.388905, 8.240984, 121.1302, 80.6198
-9.655117, 2.388905, 8.223553, 105.0936, 80.49483
-9.655117, 2.553905, 8.223553, 105.0936, 67.44023
box4_Fairever(Clone) stack 62 Shelf_2 Rack_1_0_1
-9.467875, 2.718905, 8.230091, 120.0113, 54.45512
-9.667845, 2.718905, 8.233582, 104.266, 54.49214
-9.66372, 2.718905, 8.46991, 108.6789, 56.9221
-9.463751, 2.718905, 8.466419, 123.9507, 56.88727
-9.66372, 2.718905, 8.46991, 108.6789, 56.9221
-9.66372, 2.553905, 8.46991, 108.6789, 69.5659
-9.463751, 2.553905, 8.466419, 123.9507, 69.53673
-9.463751, 2.718905, 8.466419, 123.9507, 56.88727
-9.463751, 2.718905, 8.466419, 123.9507, 56.88727
-9.463751, 2.553905, 8.466419, 123.9507, 69.53673
-9.467875, 2.553905, 8.230091, 120.0113, 67.49844
-9.467875, 2.718905, 8.230091, 120.0113, 54.45512
-9.667845, 2.553905, 8.233582, 104.266, 67.52946
-9.467875, 2.553905, 8.230091, 120.0113, 67.49844
-9.463751, 2.553905, 8.466419, 123.9507, 69.53673
-9.66372, 2.553905, 8.46991, 108.6789, 69.5659
-9.667845, 2.718905, 8.233582, 104.266, 54.49214
-9.667845, 2.553905, 8.233582, 104.266, 67.52946
-9.66372, 2.553905, 8.46991, 108.6789, 69.5659
-9.66372, 2.718905, 8.46991, 108.6789, 56.9221
-9.467875, 2.718905, 8.230091, 120.0113, 54.45512
-9.467875, 2.553905, 8.230091, 120.0113, 67.49844
-9.667845, 2.553905, 8.233582, 104.266, 67.52946
-9.667845, 2.718905, 8.233582, 104.266, 54.49214
box_3_Hareli(Clone) stack 63 Shelf_2 Rack_1_0_1
-9.056808, 2.538451, 8.251056, 152.7473, 68.90268
-9.255713, 2.538451, 8.23015, 136.7836, 68.72063
-9.278709, 2.538451, 8.448945, 137.9087, 70.57765
-9.079804, 2.538451, 8.469851, 153.4233, 70.74966
-9.278709, 2.538451, 8.448945, 137.9087, 70.57765
-9.278709, 2.388451, 8.448945, 137.9087, 82.10292
-9.079804, 2.388451, 8.469851, 153.4233, 82.24414
-9.079804, 2.538451, 8.469851, 153.4233, 70.74966
-9.079804, 2.538451, 8.469851, 153.4233, 70.74966
-9.079804, 2.388451, 8.469851, 153.4233, 82.24414
-9.056808, 2.388451, 8.251056, 152.7473, 80.72757
-9.056808, 2.538451, 8.251056, 152.7473, 68.90268
-9.255713, 2.388451, 8.23015, 136.7836, 80.57811
-9.056808, 2.388451, 8.251056, 152.7473, 80.72757
-9.079804, 2.388451, 8.469851, 153.4233, 82.24414
-9.278709, 2.388451, 8.448945, 137.9087, 82.10292
-9.255713, 2.538451, 8.23015, 136.7836, 68.72063
-9.255713, 2.388451, 8.23015, 136.7836, 80.57811
-9.278709, 2.388451, 8.448945, 137.9087, 82.10292
-9.278709, 2.538451, 8.448945, 137.9087, 70.57765
-9.056808, 2.538451, 8.251056, 152.7473, 68.90268
-9.056808, 2.388451, 8.251056, 152.7473, 80.72757
-9.255713, 2.388451, 8.23015, 136.7836, 80.57811
-9.255713, 2.538451, 8.23015, 136.7836, 68.72063
box_3_Hareli(Clone) stack 63 Shelf_2 Rack_1_0_1
-9.073653, 2.688451, 8.234918, 151.2312, 56.91219
-9.273378, 2.688451, 8.245385, 135.5968, 57.01965
-9.261865, 2.688451, 8.465083, 139.4108, 59.20903
-9.06214, 2.688451, 8.454616, 154.6108, 59.1075
-9.261865, 2.688451, 8.465083, 139.4108, 59.20903
-9.261865, 2.538451, 8.465083, 139.4108, 70.71053
-9.06214, 2.538451, 8.454616, 154.6108, 70.6244
-9.06214, 2.688451, 8.454616, 154.6108, 59.1075
-9.06214, 2.688451, 8.454616, 154.6108, 59.1075
-9.06214, 2.538451, 8.454616, 154.6108, 70.6244
-9.073653, 2.538451, 8.234918, 151.2312, 68.76222
-9.073653, 2.688451, 8.234918, 151.2312, 56.91219
-9.273378, 2.538451, 8.245385, 135.5968, 68.85338
-9.073653, 2.538451, 8.234918, 151.2312, 68.76222
-9.06214, 2.538451, 8.454616, 154.6108, 70.6244
-9.261865, 2.538451, 8.465083, 139.4108, 70.71053
-9.273378, 2.688451, 8.245385, 135.5968, 57.01965
-9.273378, 2.538451, 8.245385, 135.5968, 68.85338
-9.261865, 2.538451, 8.465083, 139.4108, 70.71053
-9.261865, 2.688451, 8.465083, 139.4108, 59.20903
-9.073653, 2.688451, 8.234918, 151.2312, 56.91219
-9.073653, 2.538451, 8.234918, 151.2312, 68.76222
-9.273378, 2.538451, 8.245385, 135.5968, 68.85338
-9.273378, 2.688451, 8.245385, 135.5968, 57.01965
box_3_Hareli(Clone) stack 63 Shelf_2 Rack_1_0_1
-9.069694, 2.838451, 8.238272, 151.583, 45.10182
-9.269664, 2.838451, 8.241762, 135.8401, 45.14311
-9.265824, 2.838451, 8.461729, 139.0639, 47.67012
-9.065854, 2.838451, 8.458239, 154.3653, 47.63113
-9.265824, 2.838451, 8.461729, 139.0639, 47.67012
-9.265824, 2.688451, 8.461729, 139.0639, 59.1765
-9.065854, 2.688451, 8.458239, 154.3653, 59.14265
-9.065854, 2.838451, 8.458239, 154.3653, 47.63113
-9.065854, 2.838451, 8.458239, 154.3653, 47.63113
-9.065854, 2.688451, 8.458239, 154.3653, 59.14265
-9.069694, 2.688451, 8.238272, 151.583, 56.94664
-9.069694, 2.838451, 8.238272, 151.583, 45.10182
-9.269664, 2.688451, 8.241762, 135.8401, 56.98248
-9.069694, 2.688451, 8.238272, 151.583, 56.94664
-9.065854, 2.688451, 8.458239, 154.3653, 59.14265
-9.265824, 2.688451, 8.461729, 139.0639, 59.1765
-9.269664, 2.838451, 8.241762, 135.8401, 45.14311
-9.269664, 2.688451, 8.241762, 135.8401, 56.98248
-9.265824, 2.688451, 8.461729, 139.0639, 59.1765
-9.265824, 2.838451, 8.461729, 139.0639, 47.67012
-9.069694, 2.838451, 8.238272, 151.583, 45.10182
-9.069694, 2.688451, 8.238272, 151.583, 56.94664
-9.269664, 2.688451, 8.241762, 135.8401, 56.98248
-9.269664, 2.838451, 8.241762, 135.8401, 45.14311
box_3_Hareli(Clone) stack 63 Shelf_2 Rack_1_0_1
-9.055099, 2.988451, 8.253007, 152.9044, 33.45395
-9.253608, 2.988451, 8.228633, 136.9294, 33.12781
-9.280419, 2.988451, 8.446994, 137.7517, 35.97714
-9.08191, 2.988451, 8.471368, 153.2788, 36.28535
-9.280419, 2.988451, 8.446994, 137.7517, 35.97714
-9.280419, 2.838451, 8.446994, 137.7517, 47.50529
-9.08191, 2.838451, 8.471368, 153.2788, 47.7776
-9.08191, 2.988451, 8.471368, 153.2788, 36.28535
-9.08191, 2.988451, 8.471368, 153.2788, 36.28535
-9.08191, 2.838451, 8.471368, 153.2788, 47.7776
-9.055099, 2.838451, 8.253007, 152.9044, 45.27583
-9.055099, 2.988451, 8.253007, 152.9044, 33.45395
-9.253608, 2.838451, 8.228633, 136.9294, 44.98766
-9.055099, 2.838451, 8.253007, 152.9044, 45.27583
-9.08191, 2.838451, 8.471368, 153.2788, 47.7776
-9.280419, 2.838451, 8.446994, 137.7517, 47.50529
-9.253608, 2.988451, 8.228633, 136.9294, 33.12781
-9.253608, 2.838451, 8.228633, 136.9294, 44.98766
-9.280419, 2.838451, 8.446994, 137.7517, 47.50529
-9.280419, 2.988451, 8.446994, 137.7517, 35.97714
-9.055099, 2.988451, 8.253007, 152.9044, 33.45395
-9.055099, 2.838451, 8.253007, 152.9044, 45.27583
-9.253608, 2.838451, 8.228633, 136.9294, 44.98766
-9.253608, 2.988451, 8.228633, 136.9294, 33.12781
box_3_Hareli(Clone) stack 63 Shelf_2 Rack_1_0_1
-9.067759, 3.138451, 8.240001, 151.7559, 21.43806
-9.267759, 3.138451, 8.240001, 135.9663, 21.43806
-9.267759, 3.138451, 8.46, 138.8931, 24.63289
-9.067759, 3.138451, 8.46, 154.2385, 24.63289
-9.267759, 3.138451, 8.46, 138.8931, 24.63289
-9.267759, 2.988451, 8.46, 138.8931, 36.14185
-9.067759, 2.988451, 8.46, 154.2385, 36.14185
-9.067759, 3.138451, 8.46, 154.2385, 24.63289
-9.067759, 3.138451, 8.46, 154.2385, 24.63289
-9.067759, 2.988451, 8.46, 154.2385, 36.14185
-9.067759, 2.988451, 8.240001, 151.7559, 33.28017
-9.067759, 3.138451, 8.240001, 151.7559, 21.43806
-9.267759, 2.988451, 8.240001, 135.9663, 33.28017
-9.067759, 2.988451, 8.240001, 151.7559, 33.28017
-9.067759, 2.988451, 8.46, 154.2385, 36.14185
-9.267759, 2.988451, 8.46, 138.8931, 36.14185
-9.267759, 3.138451, 8.240001, 135.9663, 21.43806
-9.267759, 2.988451, 8.240001, 135.9663, 33.28017
-9.267759, 2.988451, 8.46, 138.8931, 36.14185
-9.267759, 3.138451, 8.46, 138.8931, 24.63289
-9.067759, 3.138451, 8.240001, 151.7559, 21.43806
-9.067759, 2.988451, 8.240001, 151.7559, 33.28017
-9.267759, 2.988451, 8.240001, 135.9663, 33.28017
-9.267759, 3.138451, 8.240001, 135.9663, 21.43806
box_1_Parle-G-GOLD(Clone) stack 64 Shelf_0 Rack_1_0_2
-10.85789, 0.1916559, 8.258617, 10.99058, 253.7888
-10.88333, 0.1916559, 8.465757, 15.10214, 250.6446
-10.88333, 0.0191559, 8.465757, 15.10214, 263.8701
-10.88333, 0.1916559, 8.465757, 15.10214, 250.6446
-10.88333, 0.1916559, 8.465757, 15.10214, 250.6446
-10.88333, 0.0191559, 8.465757, 15.10214, 263.8701
-10.85789, 0.0191559, 8.258617, 10.99058, 267.374
-10.85789, 0.1916559, 8.258617, 10.99058, 253.7888
-10.85789, 0.0191559, 8.258617, 10.99058, 267.374
-10.88333, 0.0191559, 8.465757, 15.10214, 263.8701
-10.85789, 0.1916559, 8.258617, 10.99058, 253.7888
-10.85789, 0.0191559, 8.258617, 10.99058, 267.374
box_1_Parle-G-GOLD(Clone) stack 64 Shelf_0 Rack_1_0_2
-10.86986, 0.3641559, 8.245652, 9.655752, 240.383
-11.06986, 0.3641559, 8.454349, 0.4511547, 237.5686
-10.86986, 0.3641559, 8.454349, 15.80751, 237.5686
-11.06986, 0.3641559, 8.454349, 0.4511547, 237.5686
-11.06986, 0.1916559, 8.454349, 0.4511547, 250.8134
-10.86986, 0.1916559, 8.454349, 15.80751, 250.8134
-10.86986, 0.3641559, 8.454349, 15.80751, 237.5686
-10.86986, 0.3641559, 8.454349, 15.80751, 237.5686
-10.86986, 0.1916559, 8.454349, 15.80751, 250.8134
-10.86986, 0.1916559, 8.245652, 9.655752, 253.9913
-10.86986, 0.3641559, 8.245652, 9.655752, 240.383
-10.86986, 0.1916559, 8.245652, 9.655752, 253.9913
-10.86986, 0.1916559, 8.454349, 15.80751, 250.8134
-11.06986, 0.1916559, 8.454349, 0.4511547, 250.8134
-11.06986, 0.1916559, 8.454349, 0.4511547, 250.8134
-11.06986, 0.3641559, 8.454349, 0.4511547, 237.5686
-10.86986, 0.3641559, 8.245652, 9.655752, 240.383
-10.86986, 0.1916559, 8.245652, 9.655752, 253.9913
box_1_Parle-G-GOLD(Clone) stack 64 Shelf_0 Rack_1_0_2
-10.87357, 0.5366558, 8.242226, 9.259715, 226.8161
-11.06616, 0.5366559, 8.457774, 0.8402824, 224.2845
-10.86628, 0.5366559, 8.450795, 15.98056, 224.3643
-11.06616, 0.5366559, 8.457774, 0.8402824, 224.2845
-11.06616, 0.3641559, 8.457774, 0.8402824, 237.5236
-10.86628, 0.3641559, 8.450795, 15.98056, 237.6152
-10.86628, 0.5366559, 8.450795, 15.98056, 224.3643
-10.86628, 0.5366559, 8.450795, 15.98056, 224.3643
-10.86628, 0.3641559, 8.450795, 15.98056, 237.6152
-10.87357, 0.3641558, 8.242227, 9.259729, 240.4305
-10.87357, 0.5366558, 8.242226, 9.259715, 226.8161
-10.87357, 0.3641558, 8.242227, 9.259729, 240.4305
-10.86628, 0.3641559, 8.450795, 15.98056, 237.6152
-11.06616, 0.3641559, 8.457774, 0.8402824, 237.5236
-11.06616, 0.3641559, 8.457774, 0.8402824, 237.5236
-11.06616, 0.5366559, 8.457774, 0.8402824, 224.2845
-10.87357, 0.5366558, 8.242226, 9.259715, 226.8161
-10.87357, 0.3641558, 8.242227, 9.259729, 240.4305
box_1_Parle-G-GOLD(Clone) stack 64 Shelf_0 Rack_1_0_2
-10.8717, 0.7091558, 8.243923, 9.458456, 213.1842
-11.06803, 0.7091559, 8.456078, 0.6450891, 211.062
-10.86806, 0.7091559, 8.452587, 15.89564, 211.096
-11.06803, 0.7091559, 8.456078, 0.6450891, 211.062
-11.06803, 0.5366558, 8.456078, 0.6450891, 224.304
-10.86806, 0.5366558, 8.452587, 15.89564, 224.3438
-10.86806, 0.7091559, 8.452587, 15.89564, 211.096
-10.86806, 0.7091559, 8.452587, 15.89564, 211.096
-10.86806, 0.5366558, 8.452587, 15.89564, 224.3438
-10.8717, 0.5366558, 8.243923, 9.458456, 226.7956
-10.8717, 0.7091558, 8.243923, 9.458456, 213.1842
-10.8717, 0.5366558, 8.243923, 9.458456, 226.7956
-10.86806, 0.5366558, 8.452587, 15.89564, 224.3438
-11.06803, 0.5366558, 8.456078, 0.6450891, 224.304
-11.06803, 0.5366558, 8.456078, 0.6450891, 224.304
-11.06803, 0.7091559, 8.456078, 0.6450891, 211.062
-10.8717, 0.7091558, 8.243923, 9.458456, 213.1842
-10.8717, 0.5366558, 8.243923, 9.458456, 226.7956
box_1_Parle-G-GOLD(Clone) stack 64 Shelf_0 Rack_1_0_2
-10.85789, 0.8816558, 8.258617, 10.99058, 199.4483
-10.88333, 0.8816558, 8.465757, 15.10214, 197.7424
-10.88333, 0.7091558, 8.465757, 15.10214, 210.9679
-10.88333, 0.8816558, 8.465757, 15.10214, 197.7424
-10.88333, 0.8816558, 8.465757, 15.10214, 197.7424
-10.88333, 0.7091558, 8.465757, 15.10214, 210.9679
-10.85789, 0.7091558, 8.258617, 10.99058, 213.0334
-10.85789, 0.8816558, 8.258617, 10.99058, 199.4483
-10.85789, 0.7091558, 8.258617, 10.99058, 213.0334
-10.88333, 0.7091558, 8.465757, 15.10214, 210.9679
-10.85789, 0.8816558, 8.258617, 10.99058, 199.4483
-10.85789, 0.7091558, 8.258617, 10.99058, 213.0334
box_2_Parle-G(Clone) stack 68 Shelf_1 Rack_1_0_2
-10.90076, 1.459016, 8.280619, 8.28382, 153.924
-10.8984, 1.459016, 8.415892, 12.49701, 153.5947
-10.8984, 1.204015, 8.415892, 12.49701, 173.271
-10.8984, 1.459016, 8.415892, 12.49701, 153.5947
-10.8984, 1.459016, 8.415892, 12.49701, 153.5947
-10.8984, 1.204015, 8.415892, 12.49701, 173.271
-10.90076, 1.204015, 8.280619, 8.28382, 173.9485
-10.90076, 1.459016, 8.280619, 8.28382, 153.924
-10.90076, 1.204015, 8.280619, 8.28382, 173.9485
-10.8984, 1.204015, 8.415892, 12.49701, 173.271
-10.90076, 1.459016, 8.280619, 8.28382, 153.924
-10.90076, 1.204015, 8.280619, 8.28382, 173.9485
box_2_Parle-G(Clone) stack 68 Shelf_1 Rack_1_0_2
-10.89509, 1.714015, 8.289494, 8.997402, 133.9007
-10.90453, 1.714015, 8.424459, 12.27506, 133.9197
-10.90453, 1.459015, 8.424459, 12.27506, 153.5743
-10.90453, 1.714015, 8.424459, 12.27506, 133.9197
-10.90453, 1.714015, 8.424459, 12.27506, 133.9197
-10.90453, 1.459015, 8.424459, 12.27506, 153.5743
-10.89509, 1.459015, 8.289494, 8.997402, 153.902
-10.89509, 1.714015, 8.289494, 8.997402, 133.9007
-10.89509, 1.459015, 8.289494, 8.997402, 153.902
-10.90453, 1.459015, 8.424459, 12.27506, 153.5743
-10.89509, 1.714015, 8.289494, 8.997402, 133.9007
-10.89509, 1.459015, 8.289494, 8.997402, 153.902
box_2_Parle-G(Clone) stack 68 Shelf_1 Rack_1_0_2
-10.90453, 1.969016, 8.275542, 7.83371, 113.8608
-10.89509, 1.969016, 8.410507, 12.5949, 114.228
-10.89509, 1.714015, 8.410507, 12.5949, 133.9178
-10.89509, 1.969016, 8.410507, 12.5949, 114.228
-10.89509, 1.969016, 8.410507, 12.5949, 114.228
-10.89509, 1.714015, 8.410507, 12.5949, 133.9178
-10.90453, 1.714015, 8.275542, 7.83371, 133.8987
-10.90453, 1.969016, 8.275542, 7.83371, 113.8608
-10.90453, 1.714015, 8.275542, 7.83371, 133.8987
-10.89509, 1.714015, 8.410507, 12.5949, 133.9178
-10.90453, 1.969016, 8.275542, 7.83371, 113.8608
-10.90453, 1.714015, 8.275542, 7.83371, 133.8987
box_2_Parle-G(Clone) stack 72 Shelf_2 Rack_1_0_2
-10.84962, 2.643609, 8.284109, 12.40319, 60.9344
-11.05196, 2.643609, 8.415892, 0.6482077, 62.18962
-10.85199, 2.643609, 8.419382, 16.17868, 62.22231
-11.05196, 2.643609, 8.415892, 0.6482077, 62.18962
-11.05196, 2.388609, 8.415892, 0.6482077, 81.86583
-10.85199, 2.388609, 8.419382, 16.17868, 81.88966
-10.85199, 2.643609, 8.419382, 16.17868, 62.22231
-10.85199, 2.643609, 8.419382, 16.17868, 62.22231
-10.85199, 2.388609, 8.419382, 16.17868, 81.88966
-10.84962, 2.388609, 8.284109, 12.40319, 80.94981
-10.84962, 2.643609, 8.284109, 12.40319, 60.9344
-10.84962, 2.388609, 8.284109, 12.40319, 80.94981
-10.85199, 2.388609, 8.419382, 16.17868, 81.88966
-11.05196, 2.388609, 8.415892, 0.6482077, 81.86583
-11.05196, 2.388609, 8.415892, 0.6482077, 81.86583
-11.05196, 2.643609, 8.415892, 0.6482077, 62.18962
-10.84962, 2.643609, 8.284109, 12.40319, 60.9344
-10.84962, 2.388609, 8.284109, 12.40319, 80.94981
