box4_Fairever(Clone) stack 85 Shelf_1 Rack_0_1_0
1.308248, 1.369311, 0.226747, 477.9082, 161.1526
1.108523, 1.369311, 0.2372142, 461.8068, 161.1166
1.120893, 1.369311, 0.4732538, 456.0706, 160.3296
1.320619, 1.369311, 0.4627866, 471.6785, 160.3635
1.120893, 1.369311, 0.4732538, 456.0706, 160.3296
1.120893, 1.204311, 0.4732538, 456.0706, 172.968
1.320619, 1.204311, 0.4627866, 471.6785, 173.0188
1.320619, 1.369311, 0.4627866, 471.6785, 160.3635
1.320619, 1.369311, 0.4627866, 471.6785, 160.3635
1.320619, 1.204311, 0.4627866, 471.6785, 173.0188
1.308248, 1.204311, 0.226747, 477.9082, 174.2017
1.308248, 1.369311, 0.226747, 477.9082, 161.1526
1.108523, 1.204311, 0.2372142, 461.8068, 174.1477
1.308248, 1.204311, 0.226747, 477.9082, 174.2017
1.320619, 1.204311, 0.4627866, 471.6785, 173.0188
1.120893, 1.204311, 0.4732538, 456.0706, 172.968
1.108523, 1.369311, 0.2372142, 461.8068, 161.1166
1.108523, 1.204311, 0.2372142, 461.8068, 174.1477
1.120893, 1.204311, 0.4732538, 456.0706, 172.968
1.120893, 1.369311, 0.4732538, 456.0706, 160.3296
1.308248, 1.369311, 0.226747, 477.9082, 161.1526
1.308248, 1.204311, 0.226747, 477.9082, 174.2017
1.108523, 1.204311, 0.2372142, 461.8068, 174.1477
1.108523, 1.369311, 0.2372142, 461.8068, 161.1166
box4_Fairever(Clone) stack 85 Shelf_1 Rack_0_1_0
1.320619, 1.534311, 0.2372142, 478.5574, 148.0855
1.120893, 1.534311, 0.226747, 463.0911, 148.1035
1.108523, 1.534311, 0.4627866, 455.4109, 147.7082
1.308248, 1.534311, 0.4732538, 470.4214, 147.6912
1.108523, 1.534311, 0.4627866, 455.4109, 147.7082
1.108523, 1.369311, 0.4627866, 455.4109, 160.3635
1.308248, 1.369311, 0.4732538, 470.4214, 160.3296
1.308248, 1.534311, 0.4732538, 470.4214, 147.6912
1.308248, 1.534311, 0.4732538, 470.4214, 147.6912
1.308248, 1.369311, 0.4732538, 470.4214, 160.3296
1.320619, 1.369311, 0.2372142, 478.5574, 161.1166
1.320619, 1.534311, 0.2372142, 478.5574, 148.0855
1.120893, 1.369311, 0.226747, 463.0911, 161.1526
1.320619, 1.369311, 0.2372142, 478.5574, 161.1166
1.308248, 1.369311, 0.4732538, 470.4214, 160.3296
1.108523, 1.369311, 0.4627866, 455.4109, 160.3635
1.120893, 1.534311, 0.226747, 463.0911, 148.1035
1.120893, 1.369311, 0.226747, 463.0911, 161.1526
1.108523, 1.369311, 0.4627866, 455.4109, 160.3635
1.108523, 1.534311, 0.4627866, 455.4109, 147.7082
1.320619, 1.534311, 0.2372142, 478.5574, 148.0855
1.320619, 1.369311, 0.2372142, 478.5574, 161.1166
1.120893, 1.369311, 0.226747, 463.0911, 161.1526
1.120893, 1.534311, 0.226747, 463.0911, 148.1035
box4_Fairever(Clone) stack 85 Shelf_1 Rack_0_1_0
1.32449, 1.699311, 0.2409839, 478.7446, 135.0544
1.125251, 1.699311, 0.2235528, 463.5299, 135.0545
1.104651, 1.699311, 0.4590169, 455.2177, 135.0529
1.30389, 1.699311, 0.476448, 469.9937, 135.0527
1.104651, 1.699311, 0.4590169, 455.2177, 135.0529
1.104651, 1.534311, 0.4590169, 455.2177, 147.7143
1.30389, 1.534311, 0.476448, 469.9937, 147.686
1.30389, 1.699311, 0.476448, 469.9937, 135.0527
1.30389, 1.699311, 0.476448, 469.9937, 135.0527
1.30389, 1.534311, 0.476448, 469.9937, 147.686
1.32449, 1.534311, 0.2409839, 478.7446, 148.079
1.32449, 1.699311, 0.2409839, 478.7446, 135.0544
1.125251, 1.534311, 0.2235527, 463.5299, 148.109
1.32449, 1.534311, 0.2409839, 478.7446, 148.079
1.30389, 1.534311, 0.476448, 469.9937, 147.686
1.104651, 1.534311, 0.4590169, 455.2177, 147.7143
1.125251, 1.699311, 0.2235528, 463.5299, 135.0545
1.125251, 1.534311, 0.2235527, 463.5299, 148.109
1.104651, 1.534311, 0.4590169, 455.2177, 147.7143
1.104651, 1.699311, 0.4590169, 455.2177, 135.0529
1.32449, 1.699311, 0.2409839, 478.7446, 135.0544
1.32449, 1.534311, 0.2409839, 478.7446, 148.079
1.125251, 1.534311, 0.2235527, 463.5299, 148.109
1.125251, 1.699311, 0.2235528, 463.5299, 135.0545
box4_Fairever(Clone) stack 85 Shelf_1 Rack_0_1_0
1.316618, 1.864311, 0.2335818, 478.3554, 122.0171
1.116648, 1.864311, 0.2300913, 462.6573, 122.0111
1.112523, 1.864311, 0.4664189, 455.6177, 122.4034
1.312493, 1.864311, 0.4699094, 470.845, 122.409
1.112523, 1.864311, 0.4664189, 455.6177, 122.4034
1.112523, 1.699311, 0.4664189, 455.6177, 135.0528
1.312493, 1.699311, 0.4699094, 470.845, 135.0528
1.312493, 1.864311, 0.4699094, 470.845, 122.409
1.312493, 1.864311, 0.4699094, 470.845, 122.409
1.312493, 1.699311, 0.4699094, 470.845, 135.0528
1.316618, 1.699311, 0.2335818, 478.3554, 135.0544
1.316618, 1.864311, 0.2335818, 478.3554, 122.0171
1.116648, 1.699311, 0.2300914, 462.6573, 135.0545
1.316618, 1.699311, 0.2335818, 478.3554, 135.0544
1.312493, 1.699311, 0.4699094, 470.845, 135.0528
1.112523, 1.699311, 0.4664189, 455.6177, 135.0528
1.116648, 1.864311, 0.2300913, 462.6573, 122.0111
1.116648, 1.699311, 0.2300914, 462.6573, 135.0545
1.112523, 1.699311, 0.4664189, 455.6177, 135.0528
1.112523, 1.864311, 0.4664189, 455.6177, 122.4034
1.316618, 1.864311, 0.2335818, 478.3554, 122.0171
1.316618, 1.699311, 0.2335818, 478.3554, 135.0544
1.116648, 1.699311, 0.2300914, 462.6573, 135.0545
1.116648, 1.864311, 0.2300913, 462.6573, 122.0111
box_7_litchi(Clone) stack 86 Shelf_2 Rack_0_1_0
1.154097, 2.599012, 0.2465713, 465.1288, 64.08665
1.147117, 2.599012, 0.4464495, 458.8281, 65.90234
1.346995, 2.599012, 0.4534294, 473.9814, 65.96407
1.147117, 2.599012, 0.4464495, 458.8281, 65.90234
1.147117, 2.389012, 0.4464495, 458.8281, 82.04285
1.346995, 2.389012, 0.4534294, 473.9814, 82.09015
1.346995, 2.599012, 0.4534294, 473.9814, 65.96407
1.346995, 2.599012, 0.4534294, 473.9814, 65.96407
1.346995, 2.389012, 0.4534294, 473.9814, 82.09015
1.154097, 2.389012, 0.2465713, 465.1288, 80.65128
1.346995, 2.389012, 0.4534294, 473.9814, 82.09015
1.147117, 2.389012, 0.4464495, 458.8281, 82.04285
1.154097, 2.599012, 0.2465713, 465.1288, 64.08665
1.154097, 2.389012, 0.2465713, 465.1288, 80.65128
1.147117, 2.389012, 0.4464495, 458.8281, 82.04285
1.147117, 2.599012, 0.4464495, 458.8281, 65.90234
1.154097, 2.389012, 0.2465713, 465.1288, 80.65128
1.154097, 2.599012, 0.2465713, 465.1288, 64.08665
box_7_litchi(Clone) stack 86 Shelf_2 Rack_0_1_0
1.155917, 2.809012, 0.2449038, 465.3217, 47.50285
1.14545, 2.809012, 0.4446297, 458.7509, 49.74196
1.345176, 2.809012, 0.4550969, 473.7918, 49.85616
1.14545, 2.809012, 0.4446297, 458.7509, 49.74196
1.14545, 2.599012, 0.4446297, 458.7509, 65.88623
1.345176, 2.599012, 0.4550969, 473.7918, 65.97881
1.345176, 2.809012, 0.4550969, 473.7918, 49.85616
1.345176, 2.809012, 0.4550969, 473.7918, 49.85616
1.345176, 2.599012, 0.4550969, 473.7918, 65.97881
1.155917, 2.599012, 0.2449038, 465.3217, 64.07111
1.345176, 2.599012, 0.4550969, 473.7918, 65.97881
1.14545, 2.599012, 0.4446297, 458.7509, 65.88623
1.155917, 2.809012, 0.2449038, 465.3217, 47.50285
1.155917, 2.599012, 0.2449038, 465.3217, 64.07111
1.14545, 2.599012, 0.4446297, 458.7509, 65.88623
1.14545, 2.809012, 0.4446297, 458.7509, 49.74196
1.155917, 2.599012, 0.2449038, 465.3217, 64.07111
1.155917, 2.809012, 0.2449038, 465.3217, 47.50285
box_7_litchi(Clone) stack 86 Shelf_2 Rack_0_1_0
1.339546, 3.019012, 0.2400953, 479.9612, 30.86876
1.140641, 3.019012, 0.2610011, 463.6432, 31.15442
1.161547, 3.019012, 0.4599054, 459.5587, 33.79579
1.360451, 3.019012, 0.4389997, 475.4496, 33.52451
1.161547, 3.019012, 0.4599054, 459.5587, 33.79579
1.161547, 2.809012, 0.4599054, 459.5587, 49.90851
1.360451, 2.809012, 0.4389997, 475.4496, 49.68042
1.360451, 3.019012, 0.4389997, 475.4496, 33.52451
1.360451, 3.019012, 0.4389997, 475.4496, 33.52451
1.360451, 2.809012, 0.4389997, 475.4496, 49.68042
1.339546, 2.809012, 0.2400953, 479.9612, 47.44748
1.339546, 3.019012, 0.2400953, 479.9612, 30.86876
1.140641, 2.809012, 0.2610011, 463.6432, 47.68767
1.339546, 2.809012, 0.2400953, 479.9612, 47.44748
1.360451, 2.809012, 0.4389997, 475.4496, 49.68042
1.161547, 2.809012, 0.4599054, 459.5587, 49.90851
1.140641, 3.019012, 0.2610011, 463.6432, 31.15442
1.140641, 2.809012, 0.2610011, 463.6432, 47.68767
1.161547, 2.809012, 0.4599054, 459.5587, 49.90851
1.161547, 3.019012, 0.4599054, 459.5587, 33.79579
1.339546, 3.019012, 0.2400953, 479.9612, 30.86876
1.339546, 2.809012, 0.2400953, 479.9612, 47.44748
1.140641, 2.809012, 0.2610011, 463.6432, 47.68767
1.140641, 3.019012, 0.2610011, 463.6432, 31.15442
box_7_litchi(Clone) stack 86 Shelf_2 Rack_0_1_0
1.339546, 3.229012, 0.2400953, 479.9612, 14.29001
1.140641, 3.229012, 0.2610011, 463.6432, 14.62114
1.161547, 3.229012, 0.4599054, 459.5587, 17.68304
1.360451, 3.229012, 0.4389997, 475.4496, 17.36856
1.161547, 3.229012, 0.4599054, 459.5587, 17.68304
1.161547, 3.019012, 0.4599054, 459.5587, 33.79579
1.360451, 3.019012, 0.4389997, 475.4496, 33.52451
1.360451, 3.229012, 0.4389997, 475.4496, 17.36856
1.360451, 3.229012, 0.4389997, 475.4496, 17.36856
1.360451, 3.019012, 0.4389997, 475.4496, 33.52451
1.339546, 3.019012, 0.2400953, 479.9612, 30.86876
1.339546, 3.229012, 0.2400953, 479.9612, 14.29001
1.140641, 3.019012, 0.2610011, 463.6432, 31.15442
1.339546, 3.019012, 0.2400953, 479.9612, 30.86876
1.360451, 3.019012, 0.4389997, 475.4496, 33.52451
1.161547, 3.019012, 0.4599054, 459.5587, 33.79579
1.140641, 3.229012, 0.2610011, 463.6432, 14.62114
1.140641, 3.019012, 0.2610011, 463.6432, 31.15442
1.161547, 3.019012, 0.4599054, 459.5587, 33.79579
1.161547, 3.229012, 0.4599054, 459.5587, 17.68304
1.339546, 3.229012, 0.2400953, 479.9612, 14.29001
1.339546, 3.019012, 0.2400953, 479.9612, 30.86876
1.140641, 3.019012, 0.2610011, 463.6432, 31.15442
1.140641, 3.229012, 0.2610011, 463.6432, 14.62114
box_2_Parle-G(Clone) stack 90 Shelf_0 Rack_0_1_1
-0.7993499, 0.2744219, 0.2931767, 310.6099, 246.7636
-0.9982544, 0.2744219, 0.272271, 295.1667, 247.0698
-1.012396, 0.2744219, 0.406824, 293.1186, 245.1283
-0.813492, 0.2744219, 0.4277297, 308.3004, 244.8326
-1.012396, 0.2744219, 0.406824, 293.1186, 245.1283
-1.012396, 0.01942196, 0.406824, 293.1186, 264.8275
-0.813492, 0.01942196, 0.4277297, 308.3004, 264.4789
-0.813492, 0.2744219, 0.4277297, 308.3004, 244.8326
-0.813492, 0.2744219, 0.4277297, 308.3004, 244.8326
-0.813492, 0.01942196, 0.4277297, 308.3004, 264.4789
-0.7993499, 0.01942196, 0.2931767, 310.6099, 266.7553
-0.7993499, 0.2744219, 0.2931767, 310.6099, 246.7636
-0.9982544, 0.01942196, 0.272271, 295.1667, 267.1162
-0.7993499, 0.01942196, 0.2931767, 310.6099, 266.7553
-0.813492, 0.01942196, 0.4277297, 308.3004, 264.4789
-1.012396, 0.01942196, 0.406824, 293.1186, 264.8275
-0.9982544, 0.2744219, 0.272271, 295.1667, 247.0698
-0.9982544, 0.01942196, 0.272271, 295.1667, 267.1162
-1.012396, 0.01942196, 0.406824, 293.1186, 264.8275
-1.012396, 0.2744219, 0.406824, 293.1186, 245.1283
-0.7993499, 0.2744219, 0.2931767, 310.6099, 246.7636
-0.7993499, 0.01942196, 0.2931767, 310.6099, 266.7553
-0.9982544, 0.01942196, 0.272271, 295.1667, 267.1162
-0.9982544, 0.2744219, 0.272271, 295.1667, 247.0698
box_2_Parle-G(Clone) stack 90 Shelf_0 Rack_0_1_1
-0.7993499, 0.5294219, 0.2931767, 310.6099, 226.7719
-0.9982544, 0.5294219, 0.272271, 295.1667, 227.0233
-1.012396, 0.5294219, 0.406824, 293.1186, 225.4291
-0.813492, 0.5294219, 0.4277297, 308.3004, 225.1863
-1.012396, 0.5294219, 0.406824, 293.1186, 225.4291
-1.012396, 0.2744219, 0.406824, 293.1186, 245.1283
-0.813492, 0.2744219, 0.4277297, 308.3004, 244.8326
-0.813492, 0.5294219, 0.4277297, 308.3004, 225.1863
-0.813492, 0.5294219, 0.4277297, 308.3004, 225.1863
-0.813492, 0.2744219, 0.4277297, 308.3004, 244.8326
-0.7993499, 0.2744219, 0.2931767, 310.6099, 246.7636
-0.7993499, 0.5294219, 0.2931767, 310.6099, 226.7719
-0.9982544, 0.2744219, 0.272271, 295.1667, 247.0698
-0.7993499, 0.2744219, 0.2931767, 310.6099, 246.7636
-0.813492, 0.2744219, 0.4277297, 308.3004, 244.8326
-1.012396, 0.2744219, 0.406824, 293.1186, 245.1283
-0.9982544, 0.5294219, 0.272271, 295.1667, 227.0233
-0.9982544, 0.2744219, 0.272271, 295.1667, 247.0698
-1.012396, 0.2744219, 0.406824, 293.1186, 245.1283
-1.012396, 0.5294219, 0.406824, 293.1186, 225.4291
-0.7993499, 0.5294219, 0.2931767, 310.6099, 226.7719
-0.7993499, 0.2744219, 0.2931767, 310.6099, 246.7636
-0.9982544, 0.2744219, 0.272271, 295.1667, 247.0698
-0.9982544, 0.5294219, 0.272271, 295.1667, 227.0233
box_2_Parle-G(Clone) stack 90 Shelf_0 Rack_0_1_1
-0.813492, 0.7844219, 0.272271, 309.6916, 206.9769
-1.012396, 0.7844219, 0.2931767, 293.9073, 206.7802
-0.9982544, 0.7844219, 0.4277297, 294.0655, 205.5401
-0.7993499, 0.7844219, 0.406824, 309.5767, 205.7299
-0.9982544, 0.7844219, 0.4277297, 294.0655, 205.5401
-0.9982544, 0.5294219, 0.4277297, 294.0655, 225.1863
-0.7993499, 0.5294219, 0.406824, 309.5767, 225.4291
-0.7993499, 0.7844219, 0.406824, 309.5767, 205.7299
-0.7993499, 0.7844219, 0.406824, 309.5767, 205.7299
-0.7993499, 0.5294219, 0.406824, 309.5767, 225.4291
-0.813492, 0.5294219, 0.272271, 309.6916, 227.0233
-0.813492, 0.7844219, 0.272271, 309.6916, 206.9769
-1.012396, 0.5294219, 0.2931767, 293.9073, 226.7719
-0.813492, 0.5294219, 0.272271, 309.6916, 227.0233
-0.7993499, 0.5294219, 0.406824, 309.5767, 225.4291
-0.9982544, 0.5294219, 0.4277297, 294.0655, 225.1863
-1.012396, 0.7844219, 0.2931767, 293.9073, 206.7802
-1.012396, 0.5294219, 0.2931767, 293.9073, 226.7719
-0.9982544, 0.5294219, 0.4277297, 294.0655, 225.1863
-0.9982544, 0.7844219, 0.4277297, 294.0655, 205.5401
-0.813492, 0.7844219, 0.272271, 309.6916, 206.9769
-0.813492, 0.5294219, 0.272271, 309.6916, 227.0233
-1.012396, 0.5294219, 0.2931767, 293.9073, 226.7719
-1.012396, 0.7844219, 0.2931767, 293.9073, 206.7802
box_8_lizol(Clone) stack 92 Shelf_0 Rack_0_1_1
-0.04045259, 0.1961813, 0.2199211, 371.364, 254.037
-0.2399654, 0.1961813, 0.2338724, 355.3589, 253.8183
-0.2227489, 0.1961813, 0.4800797, 353.0538, 250.087
-0.0232361, 0.1961813, 0.4661284, 368.5513, 250.2922
-0.2227489, 0.1961813, 0.4800797, 353.0538, 250.087
-0.2227489, 0.01993132, 0.4800797, 353.0538, 263.5754
-0.0232361, 0.01993132, 0.4661284, 368.5513, 263.8046
-0.0232361, 0.1961813, 0.4661284, 368.5513, 250.2922
-0.0232361, 0.1961813, 0.4661284, 368.5513, 250.2922
-0.0232361, 0.01993132, 0.4661284, 368.5513, 263.8046
-0.04045259, 0.01993129, 0.2199211, 371.364, 267.9884
-0.04045259, 0.1961813, 0.2199211, 371.364, 254.037
-0.2399654, 0.01993129, 0.2338724, 355.3589, 267.744
-0.04045259, 0.01993129, 0.2199211, 371.364, 267.9884
-0.0232361, 0.01993132, 0.4661284, 368.5513, 263.8046
-0.2227489, 0.01993132, 0.4800797, 353.0538, 263.5754
-0.2399654, 0.1961813, 0.2338724, 355.3589, 253.8183
-0.2399654, 0.01993129, 0.2338724, 355.3589, 267.744
-0.2227489, 0.01993132, 0.4800797, 353.0538, 263.5754
-0.2227489, 0.1961813, 0.4800797, 353.0538, 250.087
-0.04045259, 0.1961813, 0.2199211, 371.364, 254.037
-0.04045259, 0.01993129, 0.2199211, 371.364, 267.9884
-0.2399654, 0.01993129, 0.2338724, 355.3589, 267.744
-0.2399654, 0.1961813, 0.2338724, 355.3589, 253.8183
box_8_lizol(Clone) stack 92 Shelf_0 Rack_0_1_1
-0.02735492, 0.3724313, 0.2301612, 372.2221, 239.9439
-0.2272331, 0.3724313, 0.2231813, 356.529, 240.0405
-0.2358465, 0.3724313, 0.4698395, 352.198, 236.7315
-0.03596842, 0.3724313, 0.4768194, 367.4011, 236.6409
-0.2358465, 0.3724313, 0.4698395, 352.198, 236.7315
-0.2358465, 0.1961813, 0.4698395, 352.198, 250.2375
-0.03596842, 0.1961813, 0.4768195, 367.4011, 250.1349
-0.03596842, 0.3724313, 0.4768194, 367.4011, 236.6409
-0.03596842, 0.3724313, 0.4768194, 367.4011, 236.6409
-0.03596842, 0.1961813, 0.4768195, 367.4011, 250.1349
-0.02735492, 0.1961813, 0.2301612, 372.2221, 253.8764
-0.02735492, 0.3724313, 0.2301612, 372.2221, 239.9439
-0.2272331, 0.1961813, 0.2231813, 356.529, 253.9859
-0.02735492, 0.1961813, 0.2301612, 372.2221, 253.8764
-0.03596842, 0.1961813, 0.4768195, 367.4011, 250.1349
-0.2358465, 0.1961813, 0.4698395, 352.198, 250.2375
-0.2272331, 0.3724313, 0.2231813, 356.529, 240.0405
-0.2272331, 0.1961813, 0.2231813, 356.529, 253.9859
-0.2358465, 0.1961813, 0.4698395, 352.198, 250.2375
-0.2358465, 0.3724313, 0.4698395, 352.198, 236.7315
-0.02735492, 0.3724313, 0.2301612, 372.2221, 239.9439
-0.02735492, 0.1961813, 0.2301612, 372.2221, 253.8764
-0.2272331, 0.1961813, 0.2231813, 356.529, 253.9859
-0.2272331, 0.3724313, 0.2231813, 356.529, 240.0405
box_8_lizol(Clone) stack 92 Shelf_0 Rack_0_1_1
-0.02527931, 0.5486813, 0.2319989, 372.3542, 225.9894
-0.2250052, 0.5486813, 0.2215317, 356.7307, 226.115
-0.2379222, 0.5486813, 0.4680019, 352.0652, 223.2462
-0.03819626, 0.5486813, 0.4784691, 367.2037, 223.1283
-0.2379222, 0.5486813, 0.4680019, 352.0652, 223.2462
-0.2379222, 0.3724313, 0.4680019, 352.0652, 236.7554
-0.03819626, 0.3724313, 0.4784691, 367.2037, 236.6195
-0.03819626, 0.5486813, 0.4784691, 367.2037, 223.1283
-0.03819626, 0.5486813, 0.4784691, 367.2037, 223.1283
-0.03819626, 0.3724313, 0.4784691, 367.2037, 236.6195
-0.02527931, 0.3724313, 0.2319989, 372.3542, 239.9185
-0.02527931, 0.5486813, 0.2319989, 372.3542, 225.9894
-0.2250052, 0.3724313, 0.2215317, 356.7307, 240.0634
-0.02527931, 0.3724313, 0.2319989, 372.3542, 239.9185
-0.03819626, 0.3724313, 0.4784691, 367.2037, 236.6195
-0.2379222, 0.3724313, 0.4680019, 352.0652, 236.7554
-0.2250052, 0.5486813, 0.2215317, 356.7307, 226.115
-0.2250052, 0.3724313, 0.2215317, 356.7307, 240.0634
-0.2379222, 0.3724313, 0.4680019, 352.0652, 236.7554
-0.2379222, 0.5486813, 0.4680019, 352.0652, 223.2462
-0.02527931, 0.5486813, 0.2319989, 372.3542, 225.9894
-0.02527931, 0.3724313, 0.2319989, 372.3542, 239.9185
-0.2250052, 0.3724313, 0.2215317, 356.7307, 240.0634
-0.2250052, 0.5486813, 0.2215317, 356.7307, 226.115
box_7_litchi(Clone) stack 94 Shelf_1 Rack_0_1_1
-0.818454, 1.414419, 0.2432683, 309.5659, 157.5362
-1.017967, 1.414419, 0.2572196, 293.723, 157.4949
-1.004015, 1.414419, 0.4567324, 293.4227, 156.9208
-0.8045027, 1.414419, 0.4427811, 308.8599, 156.96
-1.004015, 1.414419, 0.4567324, 293.4227, 156.9208
-1.004015, 1.204419, 0.4567324, 293.4227, 173.04
-0.8045027, 1.204419, 0.4427811, 308.8599, 173.108
-0.8045027, 1.414419, 0.4427811, 308.8599, 156.96
-0.8045027, 1.414419, 0.4427811, 308.8599, 156.96
-0.8045027, 1.204419, 0.4427811, 308.8599, 173.108
-0.818454, 1.204419, 0.2432683, 309.5659, 174.108
-0.818454, 1.414419, 0.2432683, 309.5659, 157.5362
-1.017967, 1.204419, 0.2572196, 293.723, 174.0364
-0.818454, 1.204419, 0.2432683, 309.5659, 174.108
-0.8045027, 1.204419, 0.4427811, 308.8599, 173.108
-1.004015, 1.204419, 0.4567324, 293.4227, 173.04
-1.017967, 1.414419, 0.2572196, 293.723, 157.4949
-1.017967, 1.204419, 0.2572196, 293.723, 174.0364
-1.004015, 1.204419, 0.4567324, 293.4227, 173.04
-1.004015, 1.414419, 0.4567324, 293.4227, 156.9208
-0.818454, 1.414419, 0.2432683, 309.5659, 157.5362
-0.818454, 1.204419, 0.2432683, 309.5659, 174.108
-1.017967, 1.204419, 0.2572196, 293.723, 174.0364
-1.017967, 1.414419, 0.2572196, 293.723, 157.4949
box_7_litchi(Clone) stack 94 Shelf_1 Rack_0_1_1
-0.8095047, 1.624419, 0.2517608, 310.1937, 140.9577
-1.009474, 1.624419, 0.2482703, 294.456, 140.9604
-1.012965, 1.624419, 0.4482399, 292.7932, 140.8078
-0.8129952, 1.624419, 0.4517304, 308.1287, 140.8052
-1.012965, 1.624419, 0.4482399, 292.7932, 140.8078
-1.012965, 1.414419, 0.4482399, 292.7932, 156.9446
-0.8129952, 1.414419, 0.4517304, 308.1287, 156.9348
-0.8129952, 1.624419, 0.4517304, 308.1287, 140.8052
-0.8129952, 1.624419, 0.4517304, 308.1287, 140.8052
-0.8129952, 1.414419, 0.4517304, 308.1287, 156.9348
-0.8095047, 1.414419, 0.2517608, 310.1937, 157.511
-0.8095047, 1.624419, 0.2517608, 310.1937, 140.9577
-1.009474, 1.414419, 0.2482704, 294.456, 157.5214
-0.8095047, 1.414419, 0.2517608, 310.1937, 157.511
-0.8129952, 1.414419, 0.4517304, 308.1287, 156.9348
-1.012965, 1.414419, 0.4482399, 292.7932, 156.9446
-1.009474, 1.624419, 0.2482703, 294.456, 140.9604
-1.009474, 1.414419, 0.2482704, 294.456, 157.5214
-1.012965, 1.414419, 0.4482399, 292.7932, 156.9446
-1.012965, 1.624419, 0.4482399, 292.7932, 140.8078
-0.8095047, 1.624419, 0.2517608, 310.1937, 140.9577
-0.8095047, 1.414419, 0.2517608, 310.1937, 157.511
-1.009474, 1.414419, 0.2482704, 294.456, 157.5214
-1.009474, 1.624419, 0.2482703, 294.456, 140.9604
box_7_litchi(Clone) stack 95 Shelf_1 Rack_0_1_1
-0.4251851, 1.414419, 0.2482703, 340.5339, 157.5214
-0.6251546, 1.414419, 0.2517608, 324.7251, 157.511
-0.6216642, 1.414419, 0.4517304, 322.8244, 156.9348
-0.4216946, 1.414419, 0.4482399, 338.2274, 156.9446
-0.6216642, 1.414419, 0.4517304, 322.8244, 156.9348
-0.6216642, 1.204419, 0.4517304, 322.8244, 173.0644
-0.4216946, 1.204419, 0.4482399, 338.2274, 173.0814
-0.4216946, 1.414419, 0.4482399, 338.2274, 156.9446
-0.4216946, 1.414419, 0.4482399, 338.2274, 156.9446
-0.4216946, 1.204419, 0.4482399, 338.2274, 173.0814
-0.4251851, 1.204419, 0.2482704, 340.5339, 174.0823
-0.4251851, 1.414419, 0.2482703, 340.5339, 157.5214
-0.6251546, 1.204419, 0.2517608, 324.7251, 174.0644
-0.4251851, 1.204419, 0.2482704, 340.5339, 174.0823
-0.4216946, 1.204419, 0.4482399, 338.2274, 173.0814
-0.6216642, 1.204419, 0.4517304, 322.8244, 173.0644
-0.6251546, 1.414419, 0.2517608, 324.7251, 157.511
-0.6251546, 1.204419, 0.2517608, 324.7251, 174.0644
-0.6216642, 1.204419, 0.4517304, 322.8244, 173.0644
-0.6216642, 1.414419, 0.4517304, 322.8244, 156.9348
-0.4251851, 1.414419, 0.2482703, 340.5339, 157.5214
-0.4251851, 1.204419, 0.2482704, 340.5339, 174.0823
-0.6251546, 1.204419, 0.2517608, 324.7251, 174.0644
-0.6251546, 1.414419, 0.2517608, 324.7251, 157.511
box_7_litchi(Clone) stack 95 Shelf_1 Rack_0_1_1
-0.4135196, 1.624419, 0.2610011, 341.2844, 140.9505
-0.612424, 1.624419, 0.2400953, 325.8602, 140.9669
-0.6333297, 1.624419, 0.4389997, 322.0621, 140.8147
-0.4344253, 1.624419, 0.4599054, 337.1041, 140.7991
-0.6333297, 1.624419, 0.4389997, 322.0621, 140.8147
-0.6333297, 1.414419, 0.4389997, 322.0621, 156.9706
-0.4344253, 1.414419, 0.4599054, 337.1041, 156.9119
-0.4344253, 1.624419, 0.4599054, 337.1041, 140.7991
-0.4344253, 1.624419, 0.4599054, 337.1041, 140.7991
-0.4344253, 1.414419, 0.4599054, 337.1041, 156.9119
-0.4135196, 1.414419, 0.2610011, 341.2844, 157.4837
-0.4135196, 1.624419, 0.2610011, 341.2844, 140.9505
-0.612424, 1.414419, 0.2400953, 325.8602, 157.5456
-0.4135196, 1.414419, 0.2610011, 341.2844, 157.4837
-0.4344253, 1.414419, 0.4599054, 337.1041, 156.9119
-0.6333297, 1.414419, 0.4389997, 322.0621, 156.9706
-0.612424, 1.624419, 0.2400953, 325.8602, 140.9669
-0.612424, 1.414419, 0.2400953, 325.8602, 157.5456
-0.6333297, 1.414419, 0.4389997, 322.0621, 156.9706
-0.6333297, 1.624419, 0.4389997, 322.0621, 140.8147
-0.4135196, 1.624419, 0.2610011, 341.2844, 140.9505
-0.4135196, 1.414419, 0.2610011, 341.2844, 157.4837
-0.612424, 1.414419, 0.2400953, 325.8602, 157.5456
-0.612424, 1.624419, 0.2400953, 325.8602, 140.9669
box_7_litchi(Clone) stack 95 Shelf_1 Rack_0_1_1
-0.4119831, 1.834419, 0.2629327, 341.3797, 124.4199
-0.6104923, 1.834419, 0.2385588, 326.0301, 124.386
-0.6348662, 1.834419, 0.4370681, 321.9642, 124.6562
-0.436357, 1.834419, 0.4614419, 336.9369, 124.6884
-0.6348662, 1.834419, 0.4370681, 321.9642, 124.6562
-0.6348662, 1.624419, 0.4370681, 321.9642, 140.8161
-0.436357, 1.624419, 0.4614419, 336.9369, 140.798
-0.436357, 1.834419, 0.4614419, 336.9369, 124.6884
-0.436357, 1.834419, 0.4614419, 336.9369, 124.6884
-0.436357, 1.624419, 0.4614419, 336.9369, 140.798
-0.4119831, 1.624419, 0.2629327, 341.3797, 140.949
-0.4119831, 1.834419, 0.2629327, 341.3797, 124.4199
-0.6104923, 1.624419, 0.2385588, 326.0301, 140.9681
-0.4119831, 1.624419, 0.2629327, 341.3797, 140.949
-0.436357, 1.624419, 0.4614419, 336.9369, 140.798
-0.6348662, 1.624419, 0.4370681, 321.9642, 140.8161
-0.6104923, 1.834419, 0.2385588, 326.0301, 124.386
-0.6104923, 1.624419, 0.2385588, 326.0301, 140.9681
-0.6348662, 1.624419, 0.4370681, 321.9642, 140.8161
-0.6348662, 1.834419, 0.4370681, 321.9642, 124.6562
-0.4119831, 1.834419, 0.2629327, 341.3797, 124.4199
-0.4119831, 1.624419, 0.2629327, 341.3797, 140.949
-0.6104923, 1.624419, 0.2385588, 326.0301, 140.9681
-0.6104923, 1.834419, 0.2385588, 326.0301, 124.386
box_7_litchi(Clone) stack 95 Shelf_1 Rack_0_1_1
-0.4287953, 2.044419, 0.2449038, 340.2935, 107.8266
-0.6285211, 2.044419, 0.255371, 324.4197, 107.8639
-0.618054, 2.044419, 0.4550969, 323.0659, 108.5574
-0.4183281, 2.044419, 0.4446297, 338.5317, 108.5219
-0.618054, 2.044419, 0.4550969, 323.0659, 108.5574
-0.618054, 1.834419, 0.4550969, 323.0659, 124.6801
-0.4183281, 1.834419, 0.4446297, 338.5317, 124.6662
-0.4183281, 2.044419, 0.4446297, 338.5317, 108.5219
-0.4183281, 2.044419, 0.4446297, 338.5317, 108.5219
-0.4183281, 1.834419, 0.4446297, 338.5317, 124.6662
-0.4287953, 1.834419, 0.2449038, 340.2935, 124.3948
-0.4287953, 2.044419, 0.2449038, 340.2935, 107.8266
-0.6285211, 1.834419, 0.255371, 324.4197, 124.4094
-0.4287953, 1.834419, 0.2449038, 340.2935, 124.3948
-0.4183281, 1.834419, 0.4446297, 338.5317, 124.6662
-0.618054, 1.834419, 0.4550969, 323.0659, 124.6801
-0.6285211, 2.044419, 0.255371, 324.4197, 107.8639
-0.6285211, 1.834419, 0.255371, 324.4197, 124.4094
-0.618054, 1.834419, 0.4550969, 323.0659, 124.6801
-0.618054, 2.044419, 0.4550969, 323.0659, 108.5574
-0.4287953, 2.044419, 0.2449038, 340.2935, 107.8266
-0.4287953, 1.834419, 0.2449038, 340.2935, 124.3948
-0.6285211, 1.834419, 0.255371, 324.4197, 124.4094
-0.6285211, 2.044419, 0.255371, 324.4197, 107.8639
box_6_melody(Clone) stack 96 Shelf_1 Rack_0_1_1
-0.03353472, 1.391943, 0.2411106, 371.5439, 159.3168
-0.2324391, 1.391943, 0.2202049, 356.1627, 159.3838
-0.257526, 1.391943, 0.4588902, 350.6915, 158.6395
-0.05862157, 1.391943, 0.4797959, 365.619, 158.5764
-0.257526, 1.391943, 0.4588902, 350.6915, 158.6395
-0.257526, 1.204443, 0.4588902, 350.6915, 173.0277
-0.05862157, 1.204443, 0.4797959, 365.619, 172.9263
-0.05862157, 1.391943, 0.4797959, 365.619, 158.5764
-0.05862157, 1.391943, 0.4797959, 365.619, 158.5764
-0.05862157, 1.204443, 0.4797959, 365.619, 172.9263
-0.03353472, 1.204443, 0.2411106, 371.5439, 174.1172
-0.03353472, 1.391943, 0.2411106, 371.5439, 159.3168
-0.2324391, 1.204443, 0.2202049, 356.1627, 174.2251
-0.03353472, 1.204443, 0.2411106, 371.5439, 174.1172
-0.05862157, 1.204443, 0.4797959, 365.619, 172.9263
-0.257526, 1.204443, 0.4588902, 350.6915, 173.0277
-0.2324391, 1.391943, 0.2202049, 356.1627, 159.3838
-0.2324391, 1.204443, 0.2202049, 356.1627, 174.2251
-0.257526, 1.204443, 0.4588902, 350.6915, 173.0277
-0.257526, 1.391943, 0.4588902, 350.6915, 158.6395
-0.03353472, 1.391943, 0.2411106, 371.5439, 159.3168
-0.03353472, 1.204443, 0.2411106, 371.5439, 174.1172
-0.2324391, 1.204443, 0.2202049, 356.1627, 174.2251
-0.2324391, 1.391943, 0.2202049, 356.1627, 159.3838
box_6_melody(Clone) stack 96 Shelf_1 Rack_0_1_1
-0.03938707, 1.579443, 0.2353984, 371.1805, 144.5234
-0.239113, 1.579443, 0.2249312, 355.5623, 144.5366
-0.2516736, 1.579443, 0.4646024, 351.0594, 144.2445
-0.05194771, 1.579443, 0.4750696, 366.2058, 144.2321
-0.2516736, 1.579443, 0.4646024, 351.0594, 144.2445
-0.2516736, 1.391943, 0.4646024, 351.0594, 158.6222
-0.05194771, 1.391943, 0.4750696, 366.2058, 158.5906
-0.05194771, 1.579443, 0.4750696, 366.2058, 144.2321
-0.05194771, 1.579443, 0.4750696, 366.2058, 144.2321
-0.05194771, 1.391943, 0.4750696, 366.2058, 158.5906
-0.03938707, 1.391943, 0.2353984, 371.1805, 159.335
-0.03938707, 1.579443, 0.2353984, 371.1805, 144.5234
-0.239113, 1.391943, 0.2249312, 355.5623, 159.3686
-0.03938707, 1.391943, 0.2353984, 371.1805, 159.335
-0.05194771, 1.391943, 0.4750696, 366.2058, 158.5906
-0.2516736, 1.391943, 0.4646024, 351.0594, 158.6222
-0.239113, 1.579443, 0.2249312, 355.5623, 144.5366
-0.239113, 1.391943, 0.2249312, 355.5623, 159.3686
-0.2516736, 1.391943, 0.4646024, 351.0594, 158.6222
-0.2516736, 1.579443, 0.4646024, 351.0594, 144.2445
-0.03938707, 1.579443, 0.2353984, 371.1805, 144.5234
-0.03938707, 1.391943, 0.2353984, 371.1805, 159.335
-0.239113, 1.391943, 0.2249312, 355.5623, 159.3686
-0.239113, 1.579443, 0.2249312, 355.5623, 144.5366
box_6_melody(Clone) stack 96 Shelf_1 Rack_0_1_1
-0.03353472, 1.766943, 0.2411106, 371.5439, 129.7158
-0.2324391, 1.766943, 0.2202049, 356.1627, 129.7012
-0.257526, 1.766943, 0.4588902, 350.6915, 129.863
-0.05862157, 1.766943, 0.4797959, 365.619, 129.8767
-0.257526, 1.766943, 0.4588902, 350.6915, 129.863
-0.257526, 1.579443, 0.4588902, 350.6915, 144.2512
-0.05862157, 1.579443, 0.4797959, 365.619, 144.2266
-0.05862157, 1.766943, 0.4797959, 365.619, 129.8767
-0.05862157, 1.766943, 0.4797959, 365.619, 129.8767
-0.05862157, 1.579443, 0.4797959, 365.619, 144.2266
-0.03353472, 1.579443, 0.2411106, 371.5439, 144.5163
-0.03353472, 1.766943, 0.2411106, 371.5439, 129.7158
-0.2324391, 1.579443, 0.2202049, 356.1627, 144.5425
-0.03353472, 1.579443, 0.2411106, 371.5439, 144.5163
-0.05862157, 1.579443, 0.4797959, 365.619, 144.2266
-0.257526, 1.579443, 0.4588902, 350.6915, 144.2512
-0.2324391, 1.766943, 0.2202049, 356.1627, 129.7012
-0.2324391, 1.579443, 0.2202049, 356.1627, 144.5425
-0.257526, 1.579443, 0.4588902, 350.6915, 144.2512
-0.257526, 1.766943, 0.4588902, 350.6915, 129.863
-0.03353472, 1.766943, 0.2411106, 371.5439, 129.7158
-0.03353472, 1.579443, 0.2411106, 371.5439, 144.5163
-0.2324391, 1.579443, 0.2202049, 356.1627, 144.5425
-0.2324391, 1.766943, 0.2202049, 356.1627, 129.7012
box_6_melody(Clone) stack 96 Shelf_1 Rack_0_1_1
-0.05636956, 1.954443, 0.2217414, 370.0728, 114.864
-0.2556085, 1.954443, 0.2391725, 354.0433, 114.9102
-0.2346911, 1.954443, 0.4782594, 352.1659, 115.523
-0.03545217, 1.954443, 0.4608282, 367.7012, 115.4796
-0.2346911, 1.954443, 0.4782594, 352.1659, 115.523
-0.2346911, 1.766943, 0.4782594, 352.1659, 129.8757
-0.03545217, 1.766943, 0.4608282, 367.7012, 129.8643
-0.03545217, 1.954443, 0.4608282, 367.7012, 115.4796
-0.03545217, 1.954443, 0.4608282, 367.7012, 115.4796
-0.03545217, 1.766943, 0.4608282, 367.7012, 129.8643
-0.05636956, 1.766943, 0.2217414, 370.0728, 129.7023
-0.05636956, 1.954443, 0.2217414, 370.0728, 114.864
-0.2556085, 1.766943, 0.2391725, 354.0433, 129.7145
-0.05636956, 1.766943, 0.2217414, 370.0728, 129.7023
-0.03545217, 1.766943, 0.4608282, 367.7012, 129.8643
-0.2346911, 1.766943, 0.4782594, 352.1659, 129.8757
-0.2556085, 1.954443, 0.2391725, 354.0433, 114.9102
-0.2556085, 1.766943, 0.2391725, 354.0433, 129.7145
-0.2346911, 1.766943, 0.4782594, 352.1659, 129.8757
-0.2346911, 1.954443, 0.4782594, 352.1659, 115.523
-0.05636956, 1.954443, 0.2217414, 370.0728, 114.864
-0.05636956, 1.766943, 0.2217414, 370.0728, 129.7023
-0.2556085, 1.766943, 0.2391725, 354.0433, 129.7145
-0.2556085, 1.954443, 0.2391725, 354.0433, 114.9102
box_2_Parle-G(Clone) stack 98 Shelf_2 Rack_0_1_1
-0.8245748, 2.643609, 0.2841088, 308.7137, 60.9344
-1.024544, 2.643609, 0.2806183, 293.042, 60.90054
-1.026906, 2.643609, 0.4158919, 291.9371, 62.18962
-0.8269359, 2.643609, 0.4193824, 307.3368, 62.22232
-1.026906, 2.643609, 0.4158919, 291.9371, 62.18962
-1.026906, 2.388609, 0.4158919, 291.9371, 81.86583
-0.8269359, 2.388609, 0.4193824, 307.3368, 81.88966
-0.8269359, 2.643609, 0.4193824, 307.3368, 62.22232
-0.8269359, 2.643609, 0.4193824, 307.3368, 62.22232
-0.8269359, 2.388609, 0.4193824, 307.3368, 81.88966
-0.8245748, 2.388609, 0.2841088, 308.7137, 80.94981
-0.8245748, 2.643609, 0.2841088, 308.7137, 60.9344
-1.024544, 2.388609, 0.2806184, 293.042, 80.92511
-0.8245748, 2.388609, 0.2841088, 308.7137, 80.94981
-0.8269359, 2.388609, 0.4193824, 307.3368, 81.88966
-1.026906, 2.388609, 0.4158919, 291.9371, 81.86583
-1.024544, 2.643609, 0.2806183, 293.042, 60.90054
-1.024544, 2.388609, 0.2806184, 293.042, 80.92511
-1.026906, 2.388609, 0.4158919, 291.9371, 81.86583
-1.026906, 2.643609, 0.4158919, 291.9371, 62.18962
-0.8245748, 2.643609, 0.2841088, 308.7137, 60.9344
-0.8245748, 2.388609, 0.2841088, 308.7137, 80.94981
-1.024544, 2.388609, 0.2806184, 293.042, 80.92511
-1.024544, 2.643609, 0.2806183, 293.042, 60.90054
box_2_Parle-G(Clone) stack 98 Shelf_2 Rack_0_1_1
-0.8333589, 2.898609, 0.272271, 308.1298, 40.77303
-1.032263, 2.898609, 0.2931767, 292.3498, 41.03043
-1.018121, 2.898609, 0.4277297, 292.5349, 42.65401
-0.8192168, 2.898609, 0.406824, 308.042, 42.40544
-1.018121, 2.898609, 0.4277297, 292.5349, 42.65401
-1.018121, 2.64361, 0.4277297, 292.5349, 62.30031
-0.8192168, 2.64361, 0.406824, 308.042, 62.10461
-0.8192168, 2.898609, 0.406824, 308.042, 42.40544
-0.8192168, 2.898609, 0.406824, 308.042, 42.40544
-0.8192168, 2.64361, 0.406824, 308.042, 62.10461
-0.8333589, 2.64361, 0.272271, 308.1298, 60.8195
-0.8333589, 2.898609, 0.272271, 308.1298, 40.77303
-1.032263, 2.64361, 0.2931767, 292.3498, 61.02214
-0.8333589, 2.64361, 0.272271, 308.1298, 60.8195
-0.8192168, 2.64361, 0.406824, 308.042, 62.10461
-1.018121, 2.64361, 0.4277297, 292.5349, 62.30031
-1.032263, 2.898609, 0.2931767, 292.3498, 41.03043
-1.032263, 2.64361, 0.2931767, 292.3498, 61.02214
-1.018121, 2.64361, 0.4277297, 292.5349, 62.30031
-1.018121, 2.898609, 0.4277297, 292.5349, 42.65401
-0.8333589, 2.898609, 0.272271, 308.1298, 40.77303
-0.8333589, 2.64361, 0.272271, 308.1298, 60.8195
-1.032263, 2.64361, 0.2931767, 292.3498, 61.02214
-1.032263, 2.898609, 0.2931767, 292.3498, 41.03043
box_2_Parle-G(Clone) stack 98 Shelf_2 Rack_0_1_1
-0.8257401, 3.15361, 0.2823533, 308.6381, 20.87735
-1.02574, 3.15361, 0.2823533, 292.9361, 20.87735
-1.02574, 3.15361, 0.4176474, 292.0152, 22.86253
-0.8257401, 3.15361, 0.4176474, 307.4441, 22.86253
-1.02574, 3.15361, 0.4176474, 292.0152, 22.86253
-1.02574, 2.89861, 0.4176475, 292.0152, 42.53427
-0.8257401, 2.89861, 0.4176475, 307.4441, 42.53427
-0.8257401, 3.15361, 0.4176474, 307.4441, 22.86253
-0.8257401, 3.15361, 0.4176474, 307.4441, 22.86253
-0.8257401, 2.89861, 0.4176475, 307.4441, 42.53427
-0.8257401, 2.89861, 0.2823533, 308.6381, 40.89734
-0.8257401, 3.15361, 0.2823533, 308.6381, 20.87735
-1.02574, 2.89861, 0.2823533, 292.9361, 40.89734
-0.8257401, 2.89861, 0.2823533, 308.6381, 40.89734
-0.8257401, 2.89861, 0.4176475, 307.4441, 42.53427
-1.02574, 2.89861, 0.4176475, 292.0152, 42.53427
-1.02574, 3.15361, 0.2823533, 292.9361, 20.87735
-1.02574, 2.89861, 0.2823533, 292.9361, 40.89734
-1.02574, 2.89861, 0.4176475, 292.0152, 42.53427
-1.02574, 3.15361, 0.4176474, 292.0152, 22.86253
-0.8257401, 3.15361, 0.2823533, 308.6381, 20.87735
-0.8257401, 2.89861, 0.2823533, 308.6381, 40.89734
-1.02574, 2.89861, 0.2823533, 292.9361, 40.89734
-1.02574, 3.15361, 0.2823533, 292.9361, 20.87735
box_2_Parle-G(Clone) stack 99 Shelf_2 Rack_0_1_1
-0.4313183, 2.643609, 0.2950445, 339.4389, 61.04021
-0.6298276, 2.643609, 0.2706706, 324.1477, 60.80396
-0.6463158, 2.643609, 0.4049563, 321.4185, 62.0871
-0.4478065, 2.643609, 0.4293302, 336.4546, 62.31523
-0.6463158, 2.643609, 0.4049563, 321.4185, 62.0871
-0.6463158, 2.388609, 0.4049563, 321.4185, 81.791
-0.4478065, 2.388609, 0.4293302, 336.4546, 81.9575
-0.4478065, 2.643609, 0.4293302, 336.4546, 62.31523
-0.4478065, 2.643609, 0.4293302, 336.4546, 62.31523
-0.4478065, 2.388609, 0.4293302, 336.4546, 81.9575
-0.4313183, 2.388609, 0.2950445, 339.4389, 81.02702
-0.4313183, 2.643609, 0.2950445, 339.4389, 61.04021
-0.6298276, 2.388609, 0.2706706, 324.1477, 80.85461
-0.4313183, 2.388609, 0.2950445, 339.4389, 81.02702
-0.4478065, 2.388609, 0.4293302, 336.4546, 81.9575
-0.6463158, 2.388609, 0.4049563, 321.4185, 81.791
-0.6298276, 2.643609, 0.2706706, 324.1477, 60.80396
-0.6298276, 2.388609, 0.2706706, 324.1477, 80.85461
-0.6463158, 2.388609, 0.4049563, 321.4185, 81.791
-0.6463158, 2.643609, 0.4049563, 321.4185, 62.0871
-0.4313183, 2.643609, 0.2950445, 339.4389, 61.04021
-0.4313183, 2.388609, 0.2950445, 339.4389, 81.02702
-0.6298276, 2.388609, 0.2706706, 324.1477, 80.85461
-0.6298276, 2.643609, 0.2706706, 324.1477, 60.80396
box_2_Parle-G(Clone) stack 99 Shelf_2 Rack_0_1_1
-0.4354137, 2.898609, 0.2876796, 339.2133, 40.96291
-0.6351396, 2.898609, 0.2772124, 323.6583, 40.83403
-0.6422204, 2.898609, 0.4123212, 321.6575, 42.47093
-0.4424945, 2.898609, 0.4227883, 336.9451, 42.59537
-0.6422204, 2.898609, 0.4123212, 321.6575, 42.47093
-0.6422204, 2.64361, 0.4123212, 321.6575, 62.15617
-0.4424945, 2.64361, 0.4227883, 336.9451, 62.25414
-0.4424945, 2.898609, 0.4227883, 336.9451, 42.59537
-0.4424945, 2.898609, 0.4227883, 336.9451, 42.59537
-0.4424945, 2.64361, 0.4227883, 336.9451, 62.25414
-0.4354137, 2.64361, 0.2876796, 339.2133, 60.96895
-0.4354137, 2.898609, 0.2876796, 339.2133, 40.96291
-0.6351396, 2.64361, 0.2772124, 323.6583, 60.86751
-0.4354137, 2.64361, 0.2876796, 339.2133, 60.96895
-0.4424945, 2.64361, 0.4227883, 336.9451, 62.25414
-0.6422204, 2.64361, 0.4123212, 321.6575, 62.15617
-0.6351396, 2.898609, 0.2772124, 323.6583, 40.83403
-0.6351396, 2.64361, 0.2772124, 323.6583, 60.86751
-0.6422204, 2.64361, 0.4123212, 321.6575, 62.15617
-0.6422204, 2.898609, 0.4123212, 321.6575, 42.47093
-0.4354137, 2.898609, 0.2876796, 339.2133, 40.96291
-0.4354137, 2.64361, 0.2876796, 339.2133, 60.96895
-0.6351396, 2.64361, 0.2772124, 323.6583, 60.86751
-0.6351396, 2.898609, 0.2772124, 323.6583, 40.83403
box_2_Parle-G(Clone) stack 99 Shelf_2 Rack_0_1_1
-0.4388171, 3.15361, 0.2823533, 339.0153, 20.87735
-0.6388171, 3.15361, 0.2823533, 323.3133, 20.87735
-0.6388171, 3.15361, 0.4176474, 321.8641, 22.86253
-0.4388171, 3.15361, 0.4176474, 337.2929, 22.86253
-0.6388171, 3.15361, 0.4176474, 321.8641, 22.86253
-0.6388171, 2.89861, 0.4176475, 321.8641, 42.53427
-0.4388171, 2.89861, 0.4176475, 337.2929, 42.53427
-0.4388171, 3.15361, 0.4176474, 337.2929, 22.86253
-0.4388171, 3.15361, 0.4176474, 337.2929, 22.86253
-0.4388171, 2.89861, 0.4176475, 337.2929, 42.53427
-0.4388171, 2.89861, 0.2823533, 339.0153, 40.89734
-0.4388171, 3.15361, 0.2823533, 339.0153, 20.87735
-0.6388171, 2.89861, 0.2823533, 323.3133, 40.89734
-0.4388171, 2.89861, 0.2823533, 339.0153, 40.89734
-0.4388171, 2.89861, 0.4176475, 337.2929, 42.53427
-0.6388171, 2.89861, 0.4176475, 321.8641, 42.53427
-0.6388171, 3.15361, 0.2823533, 323.3133, 20.87735
-0.6388171, 2.89861, 0.2823533, 323.3133, 40.89734
-0.6388171, 2.89861, 0.4176475, 321.8641, 42.53427
-0.6388171, 3.15361, 0.4176474, 321.8641, 22.86253
-0.4388171, 3.15361, 0.2823533, 339.0153, 20.87735
-0.4388171, 2.89861, 0.2823533, 339.0153, 40.89734
-0.6388171, 2.89861, 0.2823533, 323.3133, 40.89734
-0.6388171, 3.15361, 0.2823533, 323.3133, 20.87735
box_5_LMRR(Clone) stack 100 Shelf_2 Rack_0_1_1
-0.03543629, 2.531555, 0.2133235, 371.8759, 69.11966
-0.2351622, 2.531555, 0.2028563, 356.2131, 69.02849
-0.2500366, 2.531555, 0.4866772, 350.8722, 71.41473
-0.0503107, 2.531555, 0.4971444, 365.9763, 71.49944
-0.2500366, 2.531555, 0.4866772, 350.8722, 71.41473
-0.2500366, 2.389055, 0.4866772, 350.8722, 82.31107
-0.0503107, 2.389055, 0.4971444, 365.9763, 82.38127
-0.0503107, 2.531555, 0.4971444, 365.9763, 71.49944
-0.0503107, 2.531555, 0.4971444, 365.9763, 71.49944
-0.0503107, 2.389055, 0.4971444, 365.9763, 82.38127
-0.03543629, 2.389055, 0.2133235, 371.8759, 80.4093
-0.03543629, 2.531555, 0.2133235, 371.8759, 69.11966
-0.2351622, 2.389055, 0.2028564, 356.2131, 80.33376
-0.03543629, 2.389055, 0.2133235, 371.8759, 80.4093
-0.0503107, 2.389055, 0.4971444, 365.9763, 82.38127
-0.2500366, 2.389055, 0.4866772, 350.8722, 82.31107
-0.2351622, 2.531555, 0.2028563, 356.2131, 69.02849
-0.2351622, 2.389055, 0.2028564, 356.2131, 80.33376
-0.2500366, 2.389055, 0.4866772, 350.8722, 82.31107
-0.2500366, 2.531555, 0.4866772, 350.8722, 71.41473
-0.03543629, 2.531555, 0.2133235, 371.8759, 69.11966
-0.03543629, 2.389055, 0.2133235, 371.8759, 80.4093
-0.2351622, 2.389055, 0.2028564, 356.2131, 80.33376
-0.2351622, 2.531555, 0.2028563, 356.2131, 69.02849
box_5_LMRR(Clone) stack 100 Shelf_2 Rack_0_1_1
-0.05550224, 2.674055, 0.1997204, 370.5206, 57.69118
-0.2547412, 2.674055, 0.2171515, 354.4435, 57.86902
-0.2299706, 2.674055, 0.5002804, 352.212, 60.64729
-0.03073168, 2.674055, 0.4828492, 367.7038, 60.48206
-0.2299706, 2.674055, 0.5002804, 352.212, 60.64729
-0.2299706, 2.531555, 0.5002804, 352.212, 71.5248
-0.03073168, 2.531555, 0.4828492, 367.7038, 71.38373
-0.03073168, 2.674055, 0.4828492, 367.7038, 60.48206
-0.03073168, 2.674055, 0.4828492, 367.7038, 60.48206
-0.03073168, 2.531555, 0.4828492, 367.7038, 71.38373
-0.05550224, 2.531555, 0.1997204, 370.5206, 69.00113
-0.05550224, 2.674055, 0.1997204, 370.5206, 57.69118
-0.2547412, 2.531555, 0.2171515, 354.4435, 69.15297
-0.05550224, 2.531555, 0.1997204, 370.5206, 69.00113
-0.03073168, 2.531555, 0.4828492, 367.7038, 71.38373
-0.2299706, 2.531555, 0.5002804, 352.212, 71.5248
-0.2547412, 2.674055, 0.2171515, 354.4435, 57.86902
-0.2547412, 2.531555, 0.2171515, 354.4435, 69.15297
-0.2299706, 2.531555, 0.5002804, 352.212, 71.5248
-0.2299706, 2.674055, 0.5002804, 352.212, 60.64729
-0.05550224, 2.674055, 0.1997204, 370.5206, 57.69118
-0.05550224, 2.531555, 0.1997204, 370.5206, 69.00113
-0.2547412, 2.531555, 0.2171515, 354.4435, 69.15297
-0.2547412, 2.674055, 0.2171515, 354.4435, 57.86902
box_6_melody(Clone) stack 101 Shelf_2 Rack_0_1_1
0.3460718, 2.576536, 0.2430817, 401.4666, 65.8278
0.1475626, 2.576536, 0.2187079, 386.27, 65.60535
0.1183139, 2.576536, 0.456919, 379.5676, 67.72006
0.3168232, 2.576536, 0.4812929, 394.3233, 67.92918
0.1183139, 2.576536, 0.456919, 379.5676, 67.72006
0.1183139, 2.389036, 0.456919, 379.5676, 82.11194
0.3168232, 2.389036, 0.4812929, 394.3233, 82.27632
0.3168232, 2.576536, 0.4812929, 394.3233, 67.92918
0.3168232, 2.576536, 0.4812929, 394.3233, 67.92918
0.3168232, 2.389036, 0.4812929, 394.3233, 82.27632
0.3460718, 2.389036, 0.2430817, 401.4666, 80.62444
0.3460718, 2.576536, 0.2430817, 401.4666, 65.8278
0.1475626, 2.389036, 0.2187079, 386.27, 80.44957
0.3460718, 2.389036, 0.2430817, 401.4666, 80.62444
0.3168232, 2.389036, 0.4812929, 394.3233, 82.27632
0.1183139, 2.389036, 0.456919, 379.5676, 82.11194
0.1475626, 2.576536, 0.2187079, 386.27, 65.60535
0.1475626, 2.389036, 0.2187079, 386.27, 80.44957
0.1183139, 2.389036, 0.456919, 379.5676, 82.11194
0.1183139, 2.576536, 0.456919, 379.5676, 67.72006
0.3460718, 2.576536, 0.2430817, 401.4666, 65.8278
0.3460718, 2.389036, 0.2430817, 401.4666, 80.62444
0.1475626, 2.389036, 0.2187079, 386.27, 80.44957
0.1475626, 2.576536, 0.2187079, 386.27, 65.60535
box_6_melody(Clone) stack 101 Shelf_2 Rack_0_1_1
0.3403201, 2.764036, 0.2372683, 401.1358, 50.96692
0.1408072, 2.764036, 0.223317, 385.6466, 50.81233
0.1240657, 2.764036, 0.4627324, 379.9051, 53.38889
0.3235785, 2.764036, 0.4766837, 394.9313, 53.53418
0.1240657, 2.764036, 0.4627324, 379.9051, 53.38889
0.1240657, 2.576536, 0.4627325, 379.9051, 67.77005
0.3235785, 2.576536, 0.4766838, 394.9313, 67.88974
0.3235785, 2.764036, 0.4766837, 394.9313, 53.53418
0.3235785, 2.764036, 0.4766837, 394.9313, 53.53418
0.3235785, 2.576536, 0.4766838, 394.9313, 67.88974
0.3403201, 2.576536, 0.2372683, 401.1358, 65.77487
0.3403201, 2.764036, 0.2372683, 401.1358, 50.96692
0.1408072, 2.576536, 0.223317, 385.6466, 65.64752
0.3403201, 2.576536, 0.2372683, 401.1358, 65.77487
0.3235785, 2.576536, 0.4766838, 394.9313, 67.88974
0.1240657, 2.576536, 0.4627325, 379.9051, 67.77005
0.1408072, 2.764036, 0.223317, 385.6466, 50.81233
0.1408072, 2.576536, 0.223317, 385.6466, 65.64752
0.1240657, 2.576536, 0.4627325, 379.9051, 67.77005
0.1240657, 2.764036, 0.4627324, 379.9051, 53.38889
0.3403201, 2.764036, 0.2372683, 401.1358, 50.96692
0.3403201, 2.576536, 0.2372683, 401.1358, 65.77487
0.1408072, 2.576536, 0.223317, 385.6466, 65.64752
0.1408072, 2.764036, 0.223317, 385.6466, 50.81233
box_6_melody(Clone) stack 101 Shelf_2 Rack_0_1_1
0.3403201, 2.951536, 0.2372683, 401.1358, 36.15898
0.1408072, 2.951536, 0.223317, 385.6466, 35.97714
0.1240657, 2.951536, 0.4627324, 379.9051, 39.00774
0.3235785, 2.951536, 0.4766837, 394.9313, 39.17863
0.1240657, 2.951536, 0.4627324, 379.9051, 39.00774
0.1240657, 2.764036, 0.4627325, 379.9051, 53.38889
0.3235785, 2.764036, 0.4766838, 394.9313, 53.53418
0.3235785, 2.951536, 0.4766837, 394.9313, 39.17863
0.3235785, 2.951536, 0.4766837, 394.9313, 39.17863
0.3235785, 2.764036, 0.4766838, 394.9313, 53.53418
0.3403201, 2.764036, 0.2372683, 401.1358, 50.96692
0.3403201, 2.951536, 0.2372683, 401.1358, 36.15898
0.1408072, 2.764036, 0.223317, 385.6466, 50.81233
0.3403201, 2.764036, 0.2372683, 401.1358, 50.96692
0.3235785, 2.764036, 0.4766838, 394.9313, 53.53418
0.1240657, 2.764036, 0.4627325, 379.9051, 53.38889
0.1408072, 2.951536, 0.223317, 385.6466, 35.97714
0.1408072, 2.764036, 0.223317, 385.6466, 50.81233
0.1240657, 2.764036, 0.4627325, 379.9051, 53.38889
0.1240657, 2.951536, 0.4627324, 379.9051, 39.00774
0.3403201, 2.951536, 0.2372683, 401.1358, 36.15898
0.3403201, 2.764036, 0.2372683, 401.1358, 50.96692
0.1408072, 2.764036, 0.223317, 385.6466, 50.81233
0.1408072, 2.951536, 0.223317, 385.6466, 35.97714
box_6_melody(Clone) stack 101 Shelf_2 Rack_0_1_1
0.3321929, 3.139036, 0.2300003, 400.6477, 21.24219
0.1321929, 3.139036, 0.2300003, 384.8374, 21.24219
0.1321929, 3.139036, 0.4700004, 380.3979, 24.729
0.3321929, 3.139036, 0.4700004, 395.7236, 24.729
0.1321929, 3.139036, 0.4700004, 380.3979, 24.729
0.1321929, 2.951536, 0.4700004, 380.3979, 39.09683
0.3321929, 2.951536, 0.4700004, 395.7236, 39.09683
0.3321929, 3.139036, 0.4700004, 395.7236, 24.729
0.3321929, 3.139036, 0.4700004, 395.7236, 24.729
0.3321929, 2.951536, 0.4700004, 395.7236, 39.09683
0.3321929, 2.951536, 0.2300003, 400.6477, 36.06433
0.3321929, 3.139036, 0.2300003, 400.6477, 21.24219
0.1321929, 2.951536, 0.2300003, 384.8374, 36.06433
0.3321929, 2.951536, 0.2300003, 400.6477, 36.06433
0.3321929, 2.951536, 0.4700004, 395.7236, 39.09683
0.1321929, 2.951536, 0.4700004, 380.3979, 39.09683
0.1321929, 3.139036, 0.2300003, 384.8374, 21.24219
0.1321929, 2.951536, 0.2300003, 384.8374, 36.06433
0.1321929, 2.951536, 0.4700004, 380.3979, 39.09683
0.1321929, 3.139036, 0.4700004, 380.3979, 24.729
0.3321929, 3.139036, 0.2300003, 400.6477, 21.24219
0.3321929, 2.951536, 0.2300003, 400.6477, 36.06433
0.1321929, 2.951536, 0.2300003, 384.8374, 36.06433
0.1321929, 3.139036, 0.2300003, 384.8374, 21.24219
box4_Fairever(Clone) stack 102 Shelf_0 Rack_0_1_2
-1.482923, 0.1847178, 0.2372142, 257.144, 254.6714
-1.682649, 0.1847178, 0.226747, 241.3723, 254.8365
-1.695019, 0.1847178, 0.4627866, 240.3821, 251.2207
-1.495293, 0.1847178, 0.4732538, 255.6799, 251.0654
-1.695019, 0.1847178, 0.4627866, 240.3821, 251.2207
-1.695019, 0.01971789, 0.4627866, 240.3821, 263.876
-1.495293, 0.01971789, 0.4732538, 255.6799, 263.7038
-1.495293, 0.1847178, 0.4732538, 255.6799, 251.0654
-1.495293, 0.1847178, 0.4732538, 255.6799, 251.0654
-1.495293, 0.01971789, 0.4732538, 255.6799, 263.7038
-1.482923, 0.01971789, 0.2372142, 257.144, 267.7025
-1.482923, 0.1847178, 0.2372142, 257.144, 254.6714
-1.682649, 0.01971789, 0.226747, 241.3723, 267.8856
-1.482923, 0.01971789, 0.2372142, 257.144, 267.7025
-1.495293, 0.01971789, 0.4732538, 255.6799, 263.7038
-1.695019, 0.01971789, 0.4627866, 240.3821, 263.876
-1.682649, 0.1847178, 0.226747, 241.3723, 254.8365
-1.682649, 0.01971789, 0.226747, 241.3723, 267.8856
-1.695019, 0.01971789, 0.4627866, 240.3821, 263.876
-1.695019, 0.1847178, 0.4627866, 240.3821, 251.2207
-1.482923, 0.1847178, 0.2372142, 257.144, 254.6714
-1.482923, 0.01971789, 0.2372142, 257.144, 267.7025
-1.682649, 0.01971789, 0.226747, 241.3723, 267.8856
-1.682649, 0.1847178, 0.226747, 241.3723, 254.8365
box4_Fairever(Clone) stack 102 Shelf_0 Rack_0_1_2
-1.495293, 0.3497178, 0.226747, 256.1893, 241.7874
-1.695019, 0.3497178, 0.2372142, 240.3934, 241.6403
-1.682649, 0.3497178, 0.4732538, 241.3291, 238.4269
-1.482923, 0.3497178, 0.4627866, 256.6496, 238.5653
-1.682649, 0.3497178, 0.4732538, 241.3291, 238.4269
-1.682649, 0.1847179, 0.4732538, 241.3291, 251.0654
-1.482923, 0.1847179, 0.4627866, 256.6496, 251.2207
-1.482923, 0.3497178, 0.4627866, 256.6496, 238.5653
-1.482923, 0.3497178, 0.4627866, 256.6496, 238.5653
-1.482923, 0.1847179, 0.4627866, 256.6496, 251.2207
-1.495293, 0.1847179, 0.226747, 256.1893, 254.8365
-1.495293, 0.3497178, 0.226747, 256.1893, 241.7874
-1.695019, 0.1847179, 0.2372142, 240.3934, 254.6714
-1.495293, 0.1847179, 0.226747, 256.1893, 254.8365
-1.482923, 0.1847179, 0.4627866, 256.6496, 251.2207
-1.682649, 0.1847179, 0.4732538, 241.3291, 251.0654
-1.695019, 0.3497178, 0.2372142, 240.3934, 241.6403
-1.695019, 0.1847179, 0.2372142, 240.3934, 254.6714
-1.682649, 0.1847179, 0.4732538, 241.3291, 251.0654
-1.682649, 0.3497178, 0.4732538, 241.3291, 238.4269
-1.495293, 0.3497178, 0.226747, 256.1893, 241.7874
-1.495293, 0.1847179, 0.226747, 256.1893, 254.8365
-1.695019, 0.1847179, 0.2372142, 240.3934, 254.6714
-1.695019, 0.3497178, 0.2372142, 240.3934, 241.6403
box_3_Hareli(Clone) stack 103 Shelf_0 Rack_0_1_2
-1.869127, 0.1692639, 0.2510558, 226.6673, 255.6721
-2.068031, 0.1692639, 0.2301501, 210.9072, 256.0044
-2.091027, 0.1692639, 0.448945, 209.9555, 252.6141
-1.892123, 0.1692639, 0.4698507, 225.2777, 252.3
-2.091027, 0.1692639, 0.448945, 209.9555, 252.6141
-2.091027, 0.01926387, 0.448945, 209.9555, 264.1393
-1.892123, 0.01926387, 0.4698507, 225.2777, 263.7945
-1.892123, 0.1692639, 0.4698507, 225.2777, 252.3
-1.892123, 0.1692639, 0.4698507, 225.2777, 252.3
-1.892123, 0.01926387, 0.4698507, 225.2777, 263.7945
-1.869127, 0.01926387, 0.2510558, 226.6673, 267.497
-1.869127, 0.1692639, 0.2510558, 226.6673, 255.6721
-2.068031, 0.01926387, 0.2301501, 210.9072, 267.8619
-1.869127, 0.01926387, 0.2510558, 226.6673, 267.497
-1.892123, 0.01926387, 0.4698507, 225.2777, 263.7945
-2.091027, 0.01926387, 0.448945, 209.9555, 264.1393
-2.068031, 0.1692639, 0.2301501, 210.9072, 256.0044
-2.068031, 0.01926387, 0.2301501, 210.9072, 267.8619
-2.091027, 0.01926387, 0.448945, 209.9555, 264.1393
-2.091027, 0.1692639, 0.448945, 209.9555, 252.6141
-1.869127, 0.1692639, 0.2510558, 226.6673, 255.6721
-1.869127, 0.01926387, 0.2510558, 226.6673, 267.497
-2.068031, 0.01926387, 0.2301501, 210.9072, 267.8619
-2.068031, 0.1692639, 0.2301501, 210.9072, 256.0044
box_3_Hareli(Clone) stack 103 Shelf_0 Rack_0_1_2
-1.883977, 0.3192639, 0.2365774, 225.469, 244.0546
-2.083855, 0.3192639, 0.2435573, 209.7098, 243.9545
-2.076177, 0.3192639, 0.4634233, 211.1499, 240.8925
-1.876299, 0.3192639, 0.4564434, 226.4671, 240.987
-2.076177, 0.3192639, 0.4634233, 211.1499, 240.8925
-2.076177, 0.1692639, 0.4634234, 211.1499, 252.3964
-1.876299, 0.1692639, 0.4564435, 226.4671, 252.5012
-1.876299, 0.3192639, 0.4564434, 226.4671, 240.987
-1.876299, 0.3192639, 0.4564434, 226.4671, 240.987
-1.876299, 0.1692639, 0.4564435, 226.4671, 252.5012
-1.883977, 0.1692638, 0.2365774, 225.469, 255.9021
-1.883977, 0.3192639, 0.2365774, 225.469, 244.0546
-2.083855, 0.1692638, 0.2435573, 209.7098, 255.7911
-1.883977, 0.1692638, 0.2365774, 225.469, 255.9021
-1.876299, 0.1692639, 0.4564435, 226.4671, 252.5012
-2.076177, 0.1692639, 0.4634234, 211.1499, 252.3964
-2.083855, 0.3192639, 0.2435573, 209.7098, 243.9545
-2.083855, 0.1692638, 0.2435573, 209.7098, 255.7911
-2.076177, 0.1692639, 0.4634234, 211.1499, 252.3964
-2.076177, 0.3192639, 0.4634233, 211.1499, 240.8925
-1.883977, 0.3192639, 0.2365774, 225.469, 244.0546
-1.883977, 0.1692638, 0.2365774, 225.469, 255.9021
-2.083855, 0.1692638, 0.2435573, 209.7098, 255.7911
-2.083855, 0.3192639, 0.2435573, 209.7098, 243.9545
box_3_Hareli(Clone) stack 103 Shelf_0 Rack_0_1_2
-1.882012, 0.4692639, 0.2382718, 225.6274, 232.1855
-2.081982, 0.4692639, 0.2417623, 209.8506, 232.1409
-2.078142, 0.4692639, 0.4617289, 210.993, 229.409
-1.878173, 0.4692639, 0.4582384, 226.3264, 229.4512
-2.078142, 0.4692639, 0.4617289, 210.993, 229.409
-2.078142, 0.3192639, 0.4617289, 210.993, 240.9154
-1.878173, 0.3192639, 0.4582384, 226.3264, 240.9627
-1.878173, 0.4692639, 0.4582384, 226.3264, 229.4512
-1.878173, 0.4692639, 0.4582384, 226.3264, 229.4512
-1.878173, 0.3192639, 0.4582384, 226.3264, 240.9627
-1.882012, 0.3192638, 0.2382719, 225.6274, 244.0303
-1.882012, 0.4692639, 0.2382718, 225.6274, 232.1855
-2.081982, 0.3192638, 0.2417624, 209.8506, 243.9802
-1.882012, 0.3192638, 0.2382719, 225.6274, 244.0303
-1.878173, 0.3192639, 0.4582384, 226.3264, 240.9627
-2.078142, 0.3192639, 0.4617289, 210.993, 240.9154
-2.081982, 0.4692639, 0.2417623, 209.8506, 232.1409
-2.081982, 0.3192638, 0.2417624, 209.8506, 243.9802
-2.078142, 0.3192639, 0.4617289, 210.993, 240.9154
-2.078142, 0.4692639, 0.4617289, 210.993, 229.409
-1.882012, 0.4692639, 0.2382718, 225.6274, 232.1855
-1.882012, 0.3192638, 0.2382719, 225.6274, 244.0303
-2.081982, 0.3192638, 0.2417624, 209.8506, 243.9802
-2.081982, 0.4692639, 0.2417623, 209.8506, 232.1409
box_3_Hareli(Clone) stack 103 Shelf_0 Rack_0_1_2
-1.880077, 0.6192639, 0.2400003, 225.7834, 220.3213
-2.080077, 0.6192639, 0.2400003, 209.9939, 220.3213
-2.080077, 0.6192639, 0.4600004, 210.8381, 217.9209
-1.880077, 0.6192639, 0.4600004, 226.1834, 217.9209
-2.080077, 0.6192639, 0.4600004, 210.8381, 217.9209
-2.080077, 0.4692639, 0.4600004, 210.8381, 229.4299
-1.880077, 0.4692639, 0.4600004, 226.1834, 229.4299
-1.880077, 0.6192639, 0.4600004, 226.1834, 217.9209
-1.880077, 0.6192639, 0.4600004, 226.1834, 217.9209
-1.880077, 0.4692639, 0.4600004, 226.1834, 229.4299
-1.880077, 0.4692638, 0.2400004, 225.7834, 232.1634
-1.880077, 0.6192639, 0.2400003, 225.7834, 220.3213
-2.080077, 0.4692638, 0.2400004, 209.9939, 232.1634
-1.880077, 0.4692638, 0.2400004, 225.7834, 232.1634
-1.880077, 0.4692639, 0.4600004, 226.1834, 229.4299
-2.080077, 0.4692639, 0.4600004, 210.8381, 229.4299
-2.080077, 0.6192639, 0.2400003, 209.9939, 220.3213
-2.080077, 0.4692638, 0.2400004, 209.9939, 232.1634
-2.080077, 0.4692639, 0.4600004, 210.8381, 229.4299
-2.080077, 0.6192639, 0.4600004, 210.8381, 217.9209
-1.880077, 0.6192639, 0.2400003, 225.7834, 220.3213
-1.880077, 0.4692638, 0.2400004, 225.7834, 232.1634
-2.080077, 0.4692638, 0.2400004, 209.9939, 232.1634
-2.080077, 0.6192639, 0.2400003, 209.9939, 220.3213
box_3_Hareli(Clone) stack 103 Shelf_0 Rack_0_1_2
-1.880077, 0.7692639, 0.2400003, 225.7834, 208.4792
-2.080077, 0.7692639, 0.2400003, 209.9939, 208.4792
-2.080077, 0.7692639, 0.4600004, 210.8381, 206.412
-1.880077, 0.7692639, 0.4600004, 226.1834, 206.412
-2.080077, 0.7692639, 0.4600004, 210.8381, 206.412
-2.080077, 0.6192638, 0.4600004, 210.8381, 217.9209
-1.880077, 0.6192638, 0.4600004, 226.1834, 217.9209
-1.880077, 0.7692639, 0.4600004, 226.1834, 206.412
-1.880077, 0.7692639, 0.4600004, 226.1834, 206.412
-1.880077, 0.6192638, 0.4600004, 226.1834, 217.9209
-1.880077, 0.6192638, 0.2400004, 225.7834, 220.3213
-1.880077, 0.7692639, 0.2400003, 225.7834, 208.4792
-2.080077, 0.6192638, 0.2400004, 209.9939, 220.3213
-1.880077, 0.6192638, 0.2400004, 225.7834, 220.3213
-1.880077, 0.6192638, 0.4600004, 226.1834, 217.9209
-2.080077, 0.6192638, 0.4600004, 210.8381, 217.9209
-2.080077, 0.7692639, 0.2400003, 209.9939, 208.4792
-2.080077, 0.6192638, 0.2400004, 209.9939, 220.3213
-2.080077, 0.6192638, 0.4600004, 210.8381, 217.9209
-2.080077, 0.7692639, 0.4600004, 210.8381, 206.412
-1.880077, 0.7692639, 0.2400003, 225.7834, 208.4792
-1.880077, 0.6192638, 0.2400004, 225.7834, 220.3213
-2.080077, 0.6192638, 0.2400004, 209.9939, 220.3213
-2.080077, 0.7692639, 0.2400003, 209.9939, 208.4792
box_2_Parle-G(Clone) stack 104 Shelf_0 Rack_0_1_2
-2.256221, 0.274422, 0.2841088, 196.3412, 246.8962
-2.45619, 0.274422, 0.2806183, 180.6182, 246.9473
-2.458551, 0.274422, 0.4158919, 181.469, 244.9998
-2.258582, 0.274422, 0.4193824, 196.9183, 244.9505
-2.458551, 0.274422, 0.4158919, 181.469, 244.9998
-2.458551, 0.01942197, 0.4158919, 181.469, 264.6761
-2.258582, 0.01942197, 0.4193824, 196.9183, 264.6179
-2.258582, 0.274422, 0.4193824, 196.9183, 244.9505
-2.258582, 0.274422, 0.4193824, 196.9183, 244.9505
-2.258582, 0.01942197, 0.4193824, 196.9183, 264.6179
-2.256221, 0.01942196, 0.2841088, 196.3412, 266.9116
-2.256221, 0.274422, 0.2841088, 196.3412, 246.8962
-2.45619, 0.01942196, 0.2806184, 180.6182, 266.9719
-2.256221, 0.01942196, 0.2841088, 196.3412, 266.9116
-2.258582, 0.01942197, 0.4193824, 196.9183, 264.6179
-2.458551, 0.01942197, 0.4158919, 181.469, 264.6761
-2.45619, 0.274422, 0.2806183, 180.6182, 246.9473
-2.45619, 0.01942196, 0.2806184, 180.6182, 266.9719
-2.458551, 0.01942197, 0.4158919, 181.469, 264.6761
-2.458551, 0.274422, 0.4158919, 181.469, 244.9998
-2.256221, 0.274422, 0.2841088, 196.3412, 246.8962
-2.256221, 0.01942196, 0.2841088, 196.3412, 266.9116
-2.45619, 0.01942196, 0.2806184, 180.6182, 266.9719
-2.45619, 0.274422, 0.2806183, 180.6182, 246.9473
box_2_Parle-G(Clone) stack 104 Shelf_0 Rack_0_1_2
-2.258582, 0.529422, 0.2806183, 196.1359, 226.9228
-2.458551, 0.529422, 0.2841088, 180.4599, 226.8808
-2.45619, 0.529422, 0.4193824, 181.6774, 225.2831
-2.256221, 0.529422, 0.4158919, 197.0812, 225.3236
-2.45619, 0.529422, 0.4193824, 181.6774, 225.2831
-2.45619, 0.274422, 0.4193824, 181.6774, 244.9505
-2.256221, 0.274422, 0.4158919, 197.0812, 244.9998
-2.256221, 0.529422, 0.4158919, 197.0812, 225.3236
-2.256221, 0.529422, 0.4158919, 197.0812, 225.3236
-2.256221, 0.274422, 0.4158919, 197.0812, 244.9998
-2.258582, 0.2744219, 0.2806184, 196.1359, 246.9473
-2.258582, 0.529422, 0.2806183, 196.1359, 226.9228
-2.458551, 0.2744219, 0.2841088, 180.4599, 246.8962
-2.258582, 0.2744219, 0.2806184, 196.1359, 246.9473
-2.256221, 0.274422, 0.4158919, 197.0812, 244.9998
-2.45619, 0.274422, 0.4193824, 181.6774, 244.9505
-2.458551, 0.529422, 0.2841088, 180.4599, 226.8808
-2.458551, 0.2744219, 0.2841088, 180.4599, 246.8962
-2.45619, 0.274422, 0.4193824, 181.6774, 244.9505
-2.45619, 0.529422, 0.4193824, 181.6774, 225.2831
-2.258582, 0.529422, 0.2806183, 196.1359, 226.9228
-2.258582, 0.2744219, 0.2806184, 196.1359, 246.9473
-2.458551, 0.2744219, 0.2841088, 180.4599, 246.8962
-2.458551, 0.529422, 0.2841088, 180.4599, 226.8808
box_2_Parle-G(Clone) stack 104 Shelf_0 Rack_0_1_2
-2.257386, 0.784422, 0.2823533, 196.2397, 206.8819
-2.457386, 0.784422, 0.2823533, 180.5378, 206.8819
-2.457386, 0.784422, 0.4176474, 181.5721, 205.6315
-2.257386, 0.784422, 0.4176474, 197.0009, 205.6315
-2.457386, 0.784422, 0.4176474, 181.5721, 205.6315
-2.457386, 0.5294219, 0.4176475, 181.5721, 225.3033
-2.257386, 0.5294219, 0.4176475, 197.0009, 225.3033
-2.257386, 0.784422, 0.4176474, 197.0009, 205.6315
-2.257386, 0.784422, 0.4176474, 197.0009, 205.6315
-2.257386, 0.5294219, 0.4176475, 197.0009, 225.3033
-2.257386, 0.5294219, 0.2823533, 196.2397, 226.9019
-2.257386, 0.784422, 0.2823533, 196.2397, 206.8819
-2.457386, 0.5294219, 0.2823533, 180.5378, 226.9019
-2.257386, 0.5294219, 0.2823533, 196.2397, 226.9019
-2.257386, 0.5294219, 0.4176475, 197.0009, 225.3033
-2.457386, 0.5294219, 0.4176475, 181.5721, 225.3033
-2.457386, 0.784422, 0.2823533, 180.5378, 206.8819
-2.457386, 0.5294219, 0.2823533, 180.5378, 226.9019
-2.457386, 0.5294219, 0.4176475, 181.5721, 225.3033
-2.457386, 0.784422, 0.4176474, 181.5721, 205.6315
-2.257386, 0.784422, 0.2823533, 196.2397, 206.8819
-2.257386, 0.5294219, 0.2823533, 196.2397, 226.9019
-2.457386, 0.5294219, 0.2823533, 180.5378, 226.9019
-2.457386, 0.784422, 0.2823533, 180.5378, 206.8819
box_5_LMRR(Clone) stack 105 Shelf_0 Rack_0_1_2
-2.641484, 0.162368, 0.2133235, 165.4105, 256.8196
-2.84121, 0.162368, 0.2028563, 149.462, 256.9882
-2.856084, 0.162368, 0.4866772, 151.5995, 252.5758
-2.656358, 0.162368, 0.4971444, 166.969, 252.4192
-2.856084, 0.162368, 0.4866772, 151.5995, 252.5758
-2.856084, 0.019868, 0.4866772, 151.5995, 263.4721
-2.656358, 0.019868, 0.4971444, 166.969, 263.301
-2.656358, 0.162368, 0.4971444, 166.969, 252.4192
-2.656358, 0.162368, 0.4971444, 166.969, 252.4192
-2.656358, 0.019868, 0.4971444, 166.969, 263.301
-2.641484, 0.019868, 0.2133235, 165.4105, 268.1092
-2.641484, 0.162368, 0.2133235, 165.4105, 256.8196
-2.84121, 0.019868, 0.2028564, 149.462, 268.2935
-2.641484, 0.019868, 0.2133235, 165.4105, 268.1092
-2.656358, 0.019868, 0.4971444, 166.969, 263.301
-2.856084, 0.019868, 0.4866772, 151.5995, 263.4721
-2.84121, 0.162368, 0.2028563, 149.462, 256.9882
-2.84121, 0.019868, 0.2028564, 149.462, 268.2935
-2.856084, 0.019868, 0.4866772, 151.5995, 263.4721
-2.856084, 0.162368, 0.4866772, 151.5995, 252.5758
-2.641484, 0.162368, 0.2133235, 165.4105, 256.8196
-2.641484, 0.019868, 0.2133235, 165.4105, 268.1092
-2.84121, 0.019868, 0.2028564, 149.462, 268.2935
-2.84121, 0.162368, 0.2028563, 149.462, 256.9882
box_5_LMRR(Clone) stack 105 Shelf_0 Rack_0_1_2
-2.641484, 0.304868, 0.2133235, 165.4105, 245.53
-2.84121, 0.304868, 0.2028563, 149.462, 245.683
-2.856084, 0.304868, 0.4866772, 151.5995, 241.6795
-2.656358, 0.304868, 0.4971444, 166.969, 241.5374
-2.856084, 0.304868, 0.4866772, 151.5995, 241.6795
-2.856084, 0.162368, 0.4866772, 151.5995, 252.5758
-2.656358, 0.162368, 0.4971444, 166.969, 252.4192
-2.656358, 0.304868, 0.4971444, 166.969, 241.5374
-2.656358, 0.304868, 0.4971444, 166.969, 241.5374
-2.656358, 0.162368, 0.4971444, 166.969, 252.4192
-2.641484, 0.162368, 0.2133235, 165.4105, 256.8196
-2.641484, 0.304868, 0.2133235, 165.4105, 245.53
-2.84121, 0.162368, 0.2028564, 149.462, 256.9882
-2.641484, 0.162368, 0.2133235, 165.4105, 256.8196
-2.656358, 0.162368, 0.4971444, 166.969, 252.4192
-2.856084, 0.162368, 0.4866772, 151.5995, 252.5758
-2.84121, 0.304868, 0.2028563, 149.462, 245.683
-2.84121, 0.162368, 0.2028564, 149.462, 256.9882
-2.856084, 0.162368, 0.4866772, 151.5995, 252.5758
-2.856084, 0.304868, 0.4866772, 151.5995, 241.6795
-2.641484, 0.304868, 0.2133235, 165.4105, 245.53
-2.641484, 0.162368, 0.2133235, 165.4105, 256.8196
-2.84121, 0.162368, 0.2028564, 149.462, 256.9882
-2.84121, 0.304868, 0.2028563, 149.462, 245.683
box_5_LMRR(Clone) stack 105 Shelf_0 Rack_0_1_2
-2.634478, 0.447368, 0.2191265, 166.0223, 234.1644
-2.833382, 0.447368, 0.1982208, 150.0279, 234.4386
-2.863091, 0.447368, 0.4808742, 150.9979, 230.854
-2.664186, 0.447368, 0.5017799, 166.4147, 230.5991
-2.863091, 0.447368, 0.4808742, 150.9979, 230.854
-2.863091, 0.304868, 0.4808742, 150.9979, 241.7584
-2.664186, 0.304868, 0.5017799, 166.4147, 241.4745
-2.664186, 0.447368, 0.5017799, 166.4147, 230.5991
-2.664186, 0.447368, 0.5017799, 166.4147, 230.5991
-2.664186, 0.304868, 0.5017799, 166.4147, 241.4745
-2.634478, 0.304868, 0.2191265, 166.0223, 245.4453
-2.634478, 0.447368, 0.2191265, 166.0223, 234.1644
-2.833382, 0.304868, 0.1982208, 150.0279, 245.7508
-2.634478, 0.304868, 0.2191265, 166.0223, 245.4453
-2.664186, 0.304868, 0.5017799, 166.4147, 241.4745
-2.863091, 0.304868, 0.4808742, 150.9979, 241.7584
-2.833382, 0.447368, 0.1982208, 150.0279, 234.4386
-2.833382, 0.304868, 0.1982208, 150.0279, 245.7508
-2.863091, 0.304868, 0.4808742, 150.9979, 241.7584
-2.863091, 0.447368, 0.4808742, 150.9979, 230.854
-2.634478, 0.447368, 0.2191265, 166.0223, 234.1644
-2.634478, 0.304868, 0.2191265, 166.0223, 245.4453
-2.833382, 0.304868, 0.1982208, 150.0279, 245.7508
-2.833382, 0.447368, 0.1982208, 150.0279, 234.4386
box_5_LMRR(Clone) stack 105 Shelf_0 Rack_0_1_2
-2.664186, 0.5898679, 0.1982208, 163.4593, 223.1265
-2.863091, 0.5898679, 0.2191265, 147.9242, 222.8834
-2.833382, 0.5898679, 0.5017799, 153.5019, 219.7237
-2.634478, 0.5898679, 0.4808742, 168.4918, 219.9496
-2.833382, 0.5898679, 0.5017799, 153.5019, 219.7237
-2.833382, 0.4473679, 0.5017799, 153.5019, 230.5991
-2.634478, 0.4473679, 0.4808742, 168.4918, 230.854
-2.634478, 0.5898679, 0.4808742, 168.4918, 219.9496
-2.634478, 0.5898679, 0.4808742, 168.4918, 219.9496
-2.634478, 0.4473679, 0.4808742, 168.4918, 230.854
-2.664186, 0.4473679, 0.1982208, 163.4593, 234.4386
-2.664186, 0.5898679, 0.1982208, 163.4593, 223.1265
-2.863091, 0.4473679, 0.2191265, 147.9242, 234.1644
-2.664186, 0.4473679, 0.1982208, 163.4593, 234.4386
-2.634478, 0.4473679, 0.4808742, 168.4918, 230.854
-2.833382, 0.4473679, 0.5017799, 153.5019, 230.5991
-2.863091, 0.5898679, 0.2191265, 147.9242, 222.8834
-2.863091, 0.4473679, 0.2191265, 147.9242, 234.1644
-2.833382, 0.4473679, 0.5017799, 153.5019, 230.5991
-2.833382, 0.5898679, 0.5017799, 153.5019, 219.7237
-2.664186, 0.5898679, 0.1982208, 163.4593, 223.1265
-2.664186, 0.4473679, 0.1982208, 163.4593, 234.4386
-2.863091, 0.4473679, 0.2191265, 147.9242, 234.1644
-2.863091, 0.5898679, 0.2191265, 147.9242, 222.8834
box_5_LMRR(Clone) stack 105 Shelf_0 Rack_0_1_2
-2.648784, 0.7323679, 0.2078952, 164.7782, 211.7161
-2.848784, 0.7323679, 0.2078952, 148.9218, 211.7161
-2.848784, 0.732368, 0.4921055, 152.2184, 208.9393
-2.648784, 0.732368, 0.4921055, 167.5009, 208.9393
-2.848784, 0.732368, 0.4921055, 152.2184, 208.9393
-2.848784, 0.5898679, 0.4921056, 152.2184, 219.8281
-2.648784, 0.5898679, 0.4921056, 167.5009, 219.8281
-2.648784, 0.732368, 0.4921055, 167.5009, 208.9393
-2.648784, 0.732368, 0.4921055, 167.5009, 208.9393
-2.648784, 0.5898679, 0.4921056, 167.5009, 219.8281
-2.648784, 0.5898679, 0.2078952, 164.7782, 223.0138
-2.648784, 0.7323679, 0.2078952, 164.7782, 211.7161
-2.848784, 0.5898679, 0.2078952, 148.9218, 223.0138
-2.648784, 0.5898679, 0.2078952, 164.7782, 223.0138
-2.648784, 0.5898679, 0.4921056, 167.5009, 219.8281
-2.848784, 0.5898679, 0.4921056, 152.2184, 219.8281
-2.848784, 0.7323679, 0.2078952, 148.9218, 211.7161
-2.848784, 0.5898679, 0.2078952, 148.9218, 223.0138
-2.848784, 0.5898679, 0.4921056, 152.2184, 219.8281
-2.848784, 0.732368, 0.4921055, 152.2184, 208.9393
-2.648784, 0.7323679, 0.2078952, 164.7782, 211.7161
-2.648784, 0.5898679, 0.2078952, 164.7782, 223.0138
-2.848784, 0.5898679, 0.2078952, 148.9218, 223.0138
-2.848784, 0.7323679, 0.2078952, 148.9218, 211.7161
box_7_litchi(Clone) stack 106 Shelf_1 Rack_0_1_2
-1.408676, 1.414419, 0.2535512, 262.9583, 157.5057
-1.608555, 1.414419, 0.2465713, 247.2132, 157.5264
-1.615535, 1.414419, 0.4464495, 246.492, 156.9496
-1.415656, 1.414419, 0.4534294, 261.8351, 156.93
-1.615535, 1.414419, 0.4464495, 246.492, 156.9496
-1.615535, 1.204419, 0.4464495, 246.492, 173.0901
-1.415656, 1.204419, 0.4534294, 261.8351, 173.0561
-1.415656, 1.414419, 0.4534294, 261.8351, 156.93
-1.415656, 1.414419, 0.4534294, 261.8351, 156.93
-1.415656, 1.204419, 0.4534294, 261.8351, 173.0561
-1.408676, 1.204419, 0.2535512, 262.9583, 174.0552
-1.408676, 1.414419, 0.2535512, 262.9583, 157.5057
-1.608555, 1.204419, 0.2465713, 247.2132, 174.091
-1.408676, 1.204419, 0.2535512, 262.9583, 174.0552
-1.415656, 1.204419, 0.4534294, 261.8351, 173.0561
-1.615535, 1.204419, 0.4464495, 246.492, 173.0901
-1.608555, 1.414419, 0.2465713, 247.2132, 157.5264
-1.608555, 1.204419, 0.2465713, 247.2132, 174.091
-1.615535, 1.204419, 0.4464495, 246.492, 173.0901
-1.615535, 1.414419, 0.4464495, 246.492, 156.9496
-1.408676, 1.414419, 0.2535512, 262.9583, 157.5057
-1.408676, 1.204419, 0.2535512, 262.9583, 174.0552
-1.608555, 1.204419, 0.2465713, 247.2132, 174.091
-1.608555, 1.414419, 0.2465713, 247.2132, 157.5264
box_7_litchi(Clone) stack 106 Shelf_1 Rack_0_1_2
-1.419325, 1.624419, 0.2432683, 262.1491, 140.9644
-1.618837, 1.624419, 0.2572196, 246.3931, 140.9534
-1.604886, 1.624419, 0.4567324, 247.3008, 140.8015
-1.405373, 1.624419, 0.4427811, 262.6555, 140.8119
-1.604886, 1.624419, 0.4567324, 247.3008, 140.8015
-1.604886, 1.414419, 0.4567324, 247.3008, 156.9208
-1.405373, 1.414419, 0.4427811, 262.6555, 156.96
-1.405373, 1.624419, 0.4427811, 262.6555, 140.8119
-1.405373, 1.624419, 0.4427811, 262.6555, 140.8119
-1.405373, 1.414419, 0.4427811, 262.6555, 156.96
-1.419325, 1.414419, 0.2432683, 262.1491, 157.5362
-1.419325, 1.624419, 0.2432683, 262.1491, 140.9644
-1.618837, 1.414419, 0.2572196, 246.3931, 157.4949
-1.419325, 1.414419, 0.2432683, 262.1491, 157.5362
-1.405373, 1.414419, 0.4427811, 262.6555, 156.96
-1.604886, 1.414419, 0.4567324, 247.3008, 156.9208
-1.618837, 1.624419, 0.2572196, 246.3931, 140.9534
-1.618837, 1.414419, 0.2572196, 246.3931, 157.4949
-1.604886, 1.414419, 0.4567324, 247.3008, 156.9208
-1.604886, 1.624419, 0.4567324, 247.3008, 140.8015
-1.419325, 1.624419, 0.2432683, 262.1491, 140.9644
-1.419325, 1.414419, 0.2432683, 262.1491, 157.5362
-1.618837, 1.414419, 0.2572196, 246.3931, 157.4949
-1.618837, 1.624419, 0.2572196, 246.3931, 140.9534
box_7_litchi(Clone) stack 106 Shelf_1 Rack_0_1_2
-1.410375, 1.834419, 0.2517608, 262.8298, 124.4044
-1.610345, 1.834419, 0.2482703, 247.0704, 124.3995
-1.613835, 1.834419, 0.4482399, 246.6211, 124.671
-1.413866, 1.834419, 0.4517304, 261.9773, 124.6756
-1.613835, 1.834419, 0.4482399, 246.6211, 124.671
-1.613835, 1.624419, 0.4482399, 246.6211, 140.8078
-1.413866, 1.624419, 0.4517304, 261.9773, 140.8052
-1.413866, 1.834419, 0.4517304, 261.9773, 124.6756
-1.413866, 1.834419, 0.4517304, 261.9773, 124.6756
-1.413866, 1.624419, 0.4517304, 261.9773, 140.8052
-1.410375, 1.624419, 0.2517608, 262.8298, 140.9577
-1.410375, 1.834419, 0.2517608, 262.8298, 124.4044
-1.610345, 1.624419, 0.2482704, 247.0704, 140.9604
-1.410375, 1.624419, 0.2517608, 262.8298, 140.9577
-1.413866, 1.624419, 0.4517304, 261.9773, 140.8052
-1.613835, 1.624419, 0.4482399, 246.6211, 140.8078
-1.610345, 1.834419, 0.2482703, 247.0704, 124.3995
-1.610345, 1.624419, 0.2482704, 247.0704, 140.9604
-1.613835, 1.624419, 0.4482399, 246.6211, 140.8078
-1.613835, 1.834419, 0.4482399, 246.6211, 124.671
-1.410375, 1.834419, 0.2517608, 262.8298, 124.4044
-1.410375, 1.624419, 0.2517608, 262.8298, 140.9577
-1.610345, 1.624419, 0.2482704, 247.0704, 140.9604
-1.610345, 1.834419, 0.2482703, 247.0704, 124.3995
box_7_litchi(Clone) stack 106 Shelf_1 Rack_0_1_2
-1.400664, 2.044419, 0.2629327, 263.5607, 107.8908
-1.599173, 2.044419, 0.2385588, 247.9615, 107.8039
-1.623547, 2.044419, 0.4370681, 245.8832, 108.4963
-1.425038, 2.044419, 0.4614419, 261.093, 108.5789
-1.623547, 2.044419, 0.4370681, 245.8832, 108.4963
-1.623547, 1.834419, 0.4370681, 245.8832, 124.6562
-1.425038, 1.834419, 0.4614419, 261.093, 124.6884
-1.425038, 2.044419, 0.4614419, 261.093, 108.5789
-1.425038, 2.044419, 0.4614419, 261.093, 108.5789
-1.425038, 1.834419, 0.4614419, 261.093, 124.6884
-1.400664, 1.834419, 0.2629327, 263.5607, 124.4199
-1.400664, 2.044419, 0.2629327, 263.5607, 107.8908
-1.599173, 1.834419, 0.2385588, 247.9615, 124.386
-1.400664, 1.834419, 0.2629327, 263.5607, 124.4199
-1.425038, 1.834419, 0.4614419, 261.093, 124.6884
-1.623547, 1.834419, 0.4370681, 245.8832, 124.6562
-1.599173, 2.044419, 0.2385588, 247.9615, 107.8039
-1.599173, 1.834419, 0.2385588, 247.9615, 124.386
-1.623547, 1.834419, 0.4370681, 245.8832, 124.6562
-1.623547, 2.044419, 0.4370681, 245.8832, 108.4963
-1.400664, 2.044419, 0.2629327, 263.5607, 107.8908
-1.400664, 1.834419, 0.2629327, 263.5607, 124.4199
-1.599173, 1.834419, 0.2385588, 247.9615, 124.386
-1.599173, 2.044419, 0.2385588, 247.9615, 107.8039
box_8_lizol(Clone) stack 107 Shelf_1 Rack_0_1_2
-1.784988, 1.380775, 0.2397029, 233.2902, 160.203
-1.983497, 1.380775, 0.2153291, 217.5458, 160.2841
-2.013576, 1.380775, 0.4602979, 215.9414, 159.4921
-1.815066, 1.380775, 0.4846717, 231.1992, 159.416
-2.013576, 1.380775, 0.4602979, 215.9414, 159.4921
-2.013576, 1.204525, 0.4602979, 215.9414, 173.0146
-1.815066, 1.204525, 0.4846717, 231.1992, 172.8965
-1.815066, 1.380775, 0.4846717, 231.1992, 159.416
-1.815066, 1.380775, 0.4846717, 231.1992, 159.416
-1.815066, 1.204525, 0.4846717, 231.1992, 172.8965
-1.784988, 1.204525, 0.2397029, 233.2902, 174.118
-1.784988, 1.380775, 0.2397029, 233.2902, 160.203
-1.983497, 1.204525, 0.215329, 217.5458, 174.2439
-1.784988, 1.204525, 0.2397029, 233.2902, 174.118
-1.815066, 1.204525, 0.4846717, 231.1992, 172.8965
-2.013576, 1.204525, 0.4602979, 215.9414, 173.0146
-1.983497, 1.380775, 0.2153291, 217.5458, 160.2841
-1.983497, 1.204525, 0.215329, 217.5458, 174.2439
-2.013576, 1.204525, 0.4602979, 215.9414, 173.0146
-2.013576, 1.380775, 0.4602979, 215.9414, 159.4921
-1.784988, 1.380775, 0.2397029, 233.2902, 160.203
-1.784988, 1.204525, 0.2397029, 233.2902, 174.118
-1.983497, 1.204525, 0.215329, 217.5458, 174.2439
-1.983497, 1.380775, 0.2153291, 217.5458, 160.2841
box_8_lizol(Clone) stack 107 Shelf_1 Rack_0_1_2
-1.80365, 1.557025, 0.2231813, 231.799, 146.3126
-2.003528, 1.557025, 0.2301612, 216.0063, 146.3022
-1.994914, 1.557025, 0.4768194, 217.4209, 145.9464
-1.795036, 1.557025, 0.4698395, 232.7174, 145.9562
-1.994914, 1.557025, 0.4768194, 217.4209, 145.9464
-1.994914, 1.380775, 0.4768195, 217.4209, 159.4404
-1.795036, 1.380775, 0.4698395, 232.7174, 159.4622
-1.795036, 1.557025, 0.4698395, 232.7174, 145.9562
-1.795036, 1.557025, 0.4698395, 232.7174, 145.9562
-1.795036, 1.380775, 0.4698395, 232.7174, 159.4622
-1.80365, 1.380775, 0.2231813, 231.799, 160.2579
-1.80365, 1.557025, 0.2231813, 231.799, 146.3126
-2.003528, 1.380775, 0.2301612, 216.0063, 160.2347
-1.80365, 1.380775, 0.2231813, 231.799, 160.2579
-1.795036, 1.380775, 0.4698395, 232.7174, 159.4622
-1.994914, 1.380775, 0.4768195, 217.4209, 159.4404
-2.003528, 1.557025, 0.2301612, 216.0063, 146.3022
-2.003528, 1.380775, 0.2301612, 216.0063, 160.2347
-1.994914, 1.380775, 0.4768195, 217.4209, 159.4404
-1.994914, 1.557025, 0.4768194, 217.4209, 145.9464
-1.80365, 1.557025, 0.2231813, 231.799, 146.3126
-1.80365, 1.380775, 0.2231813, 231.799, 160.2579
-2.003528, 1.380775, 0.2301612, 216.0063, 160.2347
-2.003528, 1.557025, 0.2301612, 216.0063, 146.3022
box_8_lizol(Clone) stack 107 Shelf_1 Rack_0_1_2
-1.784988, 1.733275, 0.2397029, 233.2902, 132.3729
-1.983497, 1.733275, 0.2153291, 217.5458, 132.3645
-2.013576, 1.733275, 0.4602979, 215.9414, 132.4471
-1.815066, 1.733275, 0.4846717, 231.1992, 132.455
-2.013576, 1.733275, 0.4602979, 215.9414, 132.4471
-2.013576, 1.557025, 0.4602979, 215.9414, 145.9695
-1.815066, 1.557025, 0.4846717, 231.1992, 145.9355
-1.815066, 1.733275, 0.4846717, 231.1992, 132.455
-1.815066, 1.733275, 0.4846717, 231.1992, 132.455
-1.815066, 1.557025, 0.4846717, 231.1992, 145.9355
-1.784988, 1.557025, 0.2397029, 233.2902, 146.288
-1.784988, 1.733275, 0.2397029, 233.2902, 132.3729
-1.983497, 1.557025, 0.215329, 217.5458, 146.3243
-1.784988, 1.557025, 0.2397029, 233.2902, 146.288
-1.815066, 1.557025, 0.4846717, 231.1992, 145.9355
-2.013576, 1.557025, 0.4602979, 215.9414, 145.9695
-1.983497, 1.733275, 0.2153291, 217.5458, 132.3645
-1.983497, 1.557025, 0.215329, 217.5458, 146.3243
-2.013576, 1.557025, 0.4602979, 215.9414, 145.9695
-2.013576, 1.733275, 0.4602979, 215.9414, 132.4471
-1.784988, 1.733275, 0.2397029, 233.2902, 132.3729
-1.784988, 1.557025, 0.2397029, 233.2902, 146.288
-1.983497, 1.557025, 0.215329, 217.5458, 146.3243
-1.983497, 1.733275, 0.2153291, 217.5458, 132.3645
box_8_lizol(Clone) stack 107 Shelf_1 Rack_0_1_2
-1.812729, 1.909525, 0.2168193, 231.0732, 118.408
-2.011633, 1.909525, 0.237725, 215.39, 118.4536
-1.985835, 1.909525, 0.4831815, 218.1338, 118.9714
-1.78693, 1.909525, 0.4622758, 233.3321, 118.9286
-1.985835, 1.909525, 0.4831815, 218.1338, 118.9714
-1.985835, 1.733275, 0.4831815, 218.1338, 132.4545
-1.78693, 1.733275, 0.4622758, 233.3321, 132.4477
-1.78693, 1.909525, 0.4622758, 233.3321, 118.9286
-1.78693, 1.909525, 0.4622758, 233.3321, 118.9286
-1.78693, 1.733275, 0.4622758, 233.3321, 132.4477
-1.812729, 1.733275, 0.2168193, 231.0732, 132.365
-1.812729, 1.909525, 0.2168193, 231.0732, 118.408
-2.011633, 1.733275, 0.237725, 215.39, 132.3723
-1.812729, 1.733275, 0.2168193, 231.0732, 132.365
-1.78693, 1.733275, 0.4622758, 233.3321, 132.4477
-1.985835, 1.733275, 0.4831815, 218.1338, 132.4545
-2.011633, 1.909525, 0.237725, 215.39, 118.4536
-2.011633, 1.733275, 0.237725, 215.39, 132.3723
-1.985835, 1.733275, 0.4831815, 218.1338, 132.4545
-1.985835, 1.909525, 0.4831815, 218.1338, 118.9714
-1.812729, 1.909525, 0.2168193, 231.0732, 118.408
-1.812729, 1.733275, 0.2168193, 231.0732, 132.365
-2.011633, 1.733275, 0.237725, 215.39, 132.3723
-2.011633, 1.909525, 0.237725, 215.39, 118.4536
box_5_LMRR(Clone) stack 108 Shelf_1 Rack_0_1_2
-2.168546, 1.346961, 0.2133235, 202.8793, 162.9697
-2.368272, 1.346961, 0.2028563, 186.9826, 163.0084
-2.383146, 1.346961, 0.4866772, 187.7629, 161.9953
-2.18342, 1.346961, 0.4971444, 203.0843, 161.9593
-2.383146, 1.346961, 0.4866772, 187.7629, 161.9953
-2.383146, 1.204461, 0.4866772, 187.7629, 172.8916
-2.18342, 1.204461, 0.4971444, 203.0843, 172.8411
-2.18342, 1.346961, 0.4971444, 203.0843, 161.9593
-2.18342, 1.346961, 0.4971444, 203.0843, 161.9593
-2.18342, 1.204461, 0.4971444, 203.0843, 172.8411
-2.168546, 1.204461, 0.2133235, 202.8793, 174.2593
-2.168546, 1.346961, 0.2133235, 202.8793, 162.9697
-2.368272, 1.204461, 0.2028564, 186.9826, 174.3136
-2.168546, 1.204461, 0.2133235, 202.8793, 174.2593
-2.18342, 1.204461, 0.4971444, 203.0843, 172.8411
-2.383146, 1.204461, 0.4866772, 187.7629, 172.8916
-2.368272, 1.346961, 0.2028563, 186.9826, 163.0084
-2.368272, 1.204461, 0.2028564, 186.9826, 174.3136
-2.383146, 1.204461, 0.4866772, 187.7629, 172.8916
-2.383146, 1.346961, 0.4866772, 187.7629, 161.9953
-2.168546, 1.346961, 0.2133235, 202.8793, 162.9697
-2.168546, 1.204461, 0.2133235, 202.8793, 174.2593
-2.368272, 1.204461, 0.2028564, 186.9826, 174.3136
-2.368272, 1.346961, 0.2028563, 186.9826, 163.0084
box_5_LMRR(Clone) stack 108 Shelf_1 Rack_0_1_2
-2.166177, 1.489461, 0.215217, 203.0762, 151.6759
-2.36569, 1.489461, 0.2012657, 187.1763, 151.7066
-2.385515, 1.489461, 0.4847837, 187.5691, 151.1028
-2.186002, 1.489461, 0.498735, 202.8946, 151.0742
-2.385515, 1.489461, 0.4847837, 187.5691, 151.1028
-2.385515, 1.346961, 0.4847838, 187.5691, 162.0018
-2.186002, 1.346961, 0.498735, 202.8946, 161.9539
-2.186002, 1.489461, 0.498735, 202.8946, 151.0742
-2.186002, 1.489461, 0.498735, 202.8946, 151.0742
-2.186002, 1.346961, 0.498735, 202.8946, 161.9539
-2.166177, 1.346961, 0.215217, 203.0762, 162.9626
-2.166177, 1.489461, 0.215217, 203.0762, 151.6759
-2.36569, 1.346961, 0.2012657, 187.1763, 163.0143
-2.166177, 1.346961, 0.215217, 203.0762, 162.9626
-2.186002, 1.346961, 0.498735, 202.8946, 161.9539
-2.385515, 1.346961, 0.4847838, 187.5691, 162.0018
-2.36569, 1.489461, 0.2012657, 187.1763, 151.7066
-2.36569, 1.346961, 0.2012657, 187.1763, 163.0143
-2.385515, 1.346961, 0.4847838, 187.5691, 162.0018
-2.385515, 1.489461, 0.4847837, 187.5691, 151.1028
-2.166177, 1.489461, 0.215217, 203.0762, 151.6759
-2.166177, 1.346961, 0.215217, 203.0762, 162.9626
-2.36569, 1.346961, 0.2012657, 187.1763, 163.0143
-2.36569, 1.489461, 0.2012657, 187.1763, 151.7066
box_5_LMRR(Clone) stack 108 Shelf_1 Rack_0_1_2
-2.18342, 1.631961, 0.2028563, 201.6478, 140.3979
-2.383146, 1.631961, 0.2133235, 185.8775, 140.3904
-2.368272, 1.631961, 0.4971444, 188.9684, 140.1957
-2.168546, 1.631961, 0.4866772, 204.1724, 140.2026
-2.368272, 1.631961, 0.4971444, 188.9684, 140.1957
-2.368272, 1.489461, 0.4971444, 188.9684, 151.0775
-2.168546, 1.489461, 0.4866772, 204.1724, 151.099
-2.168546, 1.631961, 0.4866772, 204.1724, 140.2026
-2.168546, 1.631961, 0.4866772, 204.1724, 140.2026
-2.168546, 1.489461, 0.4866772, 204.1724, 151.099
-2.18342, 1.489461, 0.2028564, 201.6478, 151.7031
-2.18342, 1.631961, 0.2028563, 201.6478, 140.3979
-2.383146, 1.489461, 0.2133235, 185.8775, 151.68
-2.18342, 1.489461, 0.2028564, 201.6478, 151.7031
-2.168546, 1.489461, 0.4866772, 204.1724, 151.099
-2.368272, 1.489461, 0.4971444, 188.9684, 151.0775
-2.383146, 1.631961, 0.2133235, 185.8775, 140.3904
-2.383146, 1.489461, 0.2133235, 185.8775, 151.68
-2.368272, 1.489461, 0.4971444, 188.9684, 151.0775
-2.368272, 1.631961, 0.4971444, 188.9684, 140.1957
-2.18342, 1.631961, 0.2028563, 201.6478, 140.3979
-2.18342, 1.489461, 0.2028564, 201.6478, 151.7031
-2.383146, 1.489461, 0.2133235, 185.8775, 151.68
-2.383146, 1.631961, 0.2133235, 185.8775, 140.3904
box_5_LMRR(Clone) stack 109 Shelf_1 Rack_0_1_2
-2.547098, 1.346961, 0.2191265, 172.9397, 162.9482
-2.746002, 1.346961, 0.1982208, 156.9645, 163.0255
-2.77571, 1.346961, 0.4808742, 157.6844, 162.0153
-2.576806, 1.346961, 0.5017799, 173.0835, 161.9434
-2.77571, 1.346961, 0.4808742, 157.6844, 162.0153
-2.77571, 1.204461, 0.4808742, 157.6844, 172.9196
-2.576806, 1.204461, 0.5017799, 173.0835, 172.8188
-2.576806, 1.346961, 0.5017799, 173.0835, 161.9434
-2.576806, 1.346961, 0.5017799, 173.0835, 161.9434
-2.576806, 1.204461, 0.5017799, 173.0835, 172.8188
-2.547098, 1.204461, 0.2191265, 172.9397, 174.2292
-2.547098, 1.346961, 0.2191265, 172.9397, 162.9482
-2.746002, 1.204461, 0.1982208, 156.9645, 174.3377
-2.547098, 1.204461, 0.2191265, 172.9397, 174.2292
-2.576806, 1.204461, 0.5017799, 173.0835, 172.8188
-2.77571, 1.204461, 0.4808742, 157.6844, 172.9196
-2.746002, 1.346961, 0.1982208, 156.9645, 163.0255
-2.746002, 1.204461, 0.1982208, 156.9645, 174.3377
-2.77571, 1.204461, 0.4808742, 157.6844, 172.9196
-2.77571, 1.346961, 0.4808742, 157.6844, 162.0153
-2.547098, 1.346961, 0.2191265, 172.9397, 162.9482
-2.547098, 1.204461, 0.2191265, 172.9397, 174.2292
-2.746002, 1.204461, 0.1982208, 156.9645, 174.3377
-2.746002, 1.346961, 0.1982208, 156.9645, 163.0255
box_5_LMRR(Clone) stack 109 Shelf_1 Rack_0_1_2
-2.549399, 1.489461, 0.2171515, 172.74, 151.6716
-2.748638, 1.489461, 0.1997204, 156.7717, 151.7101
-2.773409, 1.489461, 0.4828492, 157.8813, 151.1068
-2.57417, 1.489461, 0.5002804, 173.2719, 151.0711
-2.773409, 1.489461, 0.4828492, 157.8813, 151.1068
-2.773409, 1.346961, 0.4828492, 157.8813, 162.0085
-2.57417, 1.346961, 0.5002804, 173.2719, 161.9485
-2.57417, 1.489461, 0.5002804, 173.2719, 151.0711
-2.57417, 1.489461, 0.5002804, 173.2719, 151.0711
-2.57417, 1.346961, 0.5002804, 173.2719, 161.9485
-2.549399, 1.346961, 0.2171515, 172.74, 162.9555
-2.549399, 1.489461, 0.2171515, 172.74, 151.6716
-2.748638, 1.346961, 0.1997204, 156.7717, 163.02
-2.549399, 1.346961, 0.2171515, 172.74, 162.9555
-2.57417, 1.346961, 0.5002804, 173.2719, 161.9485
-2.773409, 1.346961, 0.4828492, 157.8813, 162.0085
-2.748638, 1.489461, 0.1997204, 156.7717, 151.7101
-2.748638, 1.346961, 0.1997204, 156.7717, 163.02
-2.773409, 1.346961, 0.4828492, 157.8813, 162.0085
-2.773409, 1.489461, 0.4828492, 157.8813, 151.1068
-2.549399, 1.489461, 0.2171515, 172.74, 151.6716
-2.549399, 1.346961, 0.2171515, 172.74, 162.9555
-2.748638, 1.346961, 0.1997204, 156.7717, 163.02
-2.748638, 1.489461, 0.1997204, 156.7717, 151.7101
box_5_LMRR(Clone) stack 109 Shelf_1 Rack_0_1_2
-2.576806, 1.631961, 0.1982208, 170.3959, 140.4012
-2.77571, 1.631961, 0.2191265, 154.8417, 140.3863
-2.746002, 1.631961, 0.5017799, 160.1706, 140.1926
-2.547098, 1.631961, 0.4808742, 175.1783, 140.2065
-2.746002, 1.631961, 0.5017799, 160.1706, 140.1926
-2.746002, 1.489461, 0.5017799, 160.1706, 151.068
-2.547098, 1.489461, 0.4808742, 175.1783, 151.1109
-2.547098, 1.631961, 0.4808742, 175.1783, 140.2065
-2.547098, 1.631961, 0.4808742, 175.1783, 140.2065
-2.547098, 1.489461, 0.4808742, 175.1783, 151.1109
-2.576806, 1.489461, 0.1982208, 170.3959, 151.7133
-2.576806, 1.631961, 0.1982208, 170.3959, 140.4012
-2.77571, 1.489461, 0.2191265, 154.8417, 151.6673
-2.576806, 1.489461, 0.1982208, 170.3959, 151.7133
-2.547098, 1.489461, 0.4808742, 175.1783, 151.1109
-2.746002, 1.489461, 0.5017799, 160.1706, 151.068
-2.77571, 1.631961, 0.2191265, 154.8417, 140.3863
-2.77571, 1.489461, 0.2191265, 154.8417, 151.6673
-2.746002, 1.489461, 0.5017799, 160.1706, 151.068
-2.746002, 1.631961, 0.5017799, 160.1706, 140.1926
-2.576806, 1.631961, 0.1982208, 170.3959, 140.4012
-2.576806, 1.489461, 0.1982208, 170.3959, 151.7133
-2.77571, 1.489461, 0.2191265, 154.8417, 151.6673
-2.77571, 1.631961, 0.2191265, 154.8417, 140.3863
box_5_LMRR(Clone) stack 109 Shelf_1 Rack_0_1_2
-2.563899, 1.774461, 0.2061716, 171.4925, 129.0952
-2.763869, 1.774461, 0.209662, 155.6738, 129.0979
-2.758909, 1.774461, 0.4938292, 159.1038, 129.3115
-2.558939, 1.774461, 0.4903387, 174.3515, 129.3089
-2.758909, 1.774461, 0.4938292, 159.1038, 129.3115
-2.758909, 1.631961, 0.4938292, 159.1038, 140.1979
-2.558939, 1.631961, 0.4903387, 174.3515, 140.2002
-2.558939, 1.774461, 0.4903387, 174.3515, 129.3089
-2.558939, 1.774461, 0.4903387, 174.3515, 129.3089
-2.558939, 1.631961, 0.4903387, 174.3515, 140.2002
-2.563899, 1.631961, 0.2061716, 171.4925, 140.3955
-2.563899, 1.774461, 0.2061716, 171.4925, 129.0952
-2.763869, 1.631961, 0.2096621, 155.6738, 140.393
-2.563899, 1.631961, 0.2061716, 171.4925, 140.3955
-2.558939, 1.631961, 0.4903387, 174.3515, 140.2002
-2.758909, 1.631961, 0.4938292, 159.1038, 140.1979
-2.763869, 1.774461, 0.209662, 155.6738, 129.0979
-2.763869, 1.631961, 0.2096621, 155.6738, 140.393
-2.758909, 1.631961, 0.4938292, 159.1038, 140.1979
-2.758909, 1.774461, 0.4938292, 159.1038, 129.3115
-2.563899, 1.774461, 0.2061716, 171.4925, 129.0952
-2.563899, 1.631961, 0.2061716, 171.4925, 140.3955
-2.763869, 1.631961, 0.2096621, 155.6738, 140.393
-2.763869, 1.774461, 0.209662, 155.6738, 129.0979
box_5_LMRR(Clone) stack 109 Shelf_1 Rack_0_1_2
-2.563899, 1.916961, 0.2061716, 171.4925, 117.7949
-2.763869, 1.916961, 0.209662, 155.6738, 117.8028
-2.758909, 1.916961, 0.4938292, 159.1038, 118.4251
-2.558939, 1.916961, 0.4903387, 174.3515, 118.4177
-2.758909, 1.916961, 0.4938292, 159.1038, 118.4251
-2.758909, 1.774461, 0.4938292, 159.1038, 129.3115
-2.558939, 1.774461, 0.4903387, 174.3515, 129.309
-2.558939, 1.916961, 0.4903387, 174.3515, 118.4177
-2.558939, 1.916961, 0.4903387, 174.3515, 118.4177
-2.558939, 1.774461, 0.4903387, 174.3515, 129.309
-2.563899, 1.774461, 0.2061716, 171.4925, 129.0952
-2.563899, 1.916961, 0.2061716, 171.4925, 117.7949
-2.763869, 1.774461, 0.2096621, 155.6738, 129.0979
-2.563899, 1.774461, 0.2061716, 171.4925, 129.0952
-2.558939, 1.774461, 0.4903387, 174.3515, 129.309
-2.758909, 1.774461, 0.4938292, 159.1038, 129.3115
-2.763869, 1.916961, 0.209662, 155.6738, 117.8028
-2.763869, 1.774461, 0.2096621, 155.6738, 129.0979
-2.758909, 1.774461, 0.4938292, 159.1038, 129.3115
-2.758909, 1.916961, 0.4938292, 159.1038, 118.4251
-2.563899, 1.916961, 0.2061716, 171.4925, 117.7949
-2.563899, 1.774461, 0.2061716, 171.4925, 129.0952
-2.763869, 1.774461, 0.2096621, 155.6738, 129.0979
-2.763869, 1.916961, 0.209662, 155.6738, 117.8028
box_6_melody(Clone) stack 111 Shelf_2 Rack_0_1_2
-1.829276, 2.576536, 0.2217414, 229.7694, 65.6331
-2.028515, 2.576536, 0.2391725, 214.0618, 65.79222
-2.007598, 2.576536, 0.4782594, 216.4541, 67.90323
-1.808359, 2.576536, 0.4608282, 231.6869, 67.75369
-2.007598, 2.576536, 0.4782594, 216.4541, 67.90323
-2.007598, 2.389036, 0.4782594, 216.4541, 82.25592
-1.808359, 2.389036, 0.4608282, 231.6869, 82.13837
-1.808359, 2.576536, 0.4608282, 231.6869, 67.75369
-1.808359, 2.576536, 0.4608282, 231.6869, 67.75369
-1.808359, 2.389036, 0.4608282, 231.6869, 82.13837
-1.829276, 2.389036, 0.2217414, 229.7694, 80.47139
-1.829276, 2.576536, 0.2217414, 229.7694, 65.6331
-2.028515, 2.389036, 0.2391725, 214.0618, 80.59647
-1.829276, 2.389036, 0.2217414, 229.7694, 80.47139
-1.808359, 2.389036, 0.4608282, 231.6869, 82.13837
-2.007598, 2.389036, 0.4782594, 216.4541, 82.25592
-2.028515, 2.576536, 0.2391725, 214.0618, 65.79222
-2.028515, 2.389036, 0.2391725, 214.0618, 80.59647
-2.007598, 2.389036, 0.4782594, 216.4541, 82.25592
-2.007598, 2.576536, 0.4782594, 216.4541, 67.90323
-1.829276, 2.576536, 0.2217414, 229.7694, 65.6331
-1.829276, 2.389036, 0.2217414, 229.7694, 80.47139
-2.028515, 2.389036, 0.2391725, 214.0618, 80.59647
-2.028515, 2.576536, 0.2391725, 214.0618, 65.79222
box_6_melody(Clone) stack 111 Shelf_2 Rack_0_1_2
-1.808359, 2.764036, 0.2391725, 231.4445, 50.98798
-2.007598, 2.764036, 0.2217414, 215.6575, 50.79482
-2.028515, 2.764036, 0.4608282, 214.7969, 53.36903
-1.829276, 2.764036, 0.4782594, 230.1042, 53.55057
-2.028515, 2.764036, 0.4608282, 214.7969, 53.36903
-2.028515, 2.576536, 0.4608282, 214.7969, 67.75369
-1.829276, 2.576536, 0.4782594, 230.1042, 67.90323
-1.829276, 2.764036, 0.4782594, 230.1042, 53.55057
-1.829276, 2.764036, 0.4782594, 230.1042, 53.55057
-1.829276, 2.576536, 0.4782594, 230.1042, 67.90323
-1.808359, 2.576536, 0.2391725, 231.4445, 65.79222
-1.808359, 2.764036, 0.2391725, 231.4445, 50.98798
-2.007598, 2.576536, 0.2217414, 215.6575, 65.6331
-1.808359, 2.576536, 0.2391725, 231.4445, 65.79222
-1.829276, 2.576536, 0.4782594, 230.1042, 67.90323
-2.028515, 2.576536, 0.4608282, 214.7969, 67.75369
-2.007598, 2.764036, 0.2217414, 215.6575, 50.79482
-2.007598, 2.576536, 0.2217414, 215.6575, 65.6331
-2.028515, 2.576536, 0.4608282, 214.7969, 67.75369
-2.028515, 2.764036, 0.4608282, 214.7969, 53.36903
-1.808359, 2.764036, 0.2391725, 231.4445, 50.98798
-1.808359, 2.576536, 0.2391725, 231.4445, 65.79222
-2.007598, 2.576536, 0.2217414, 215.6575, 65.6331
-2.007598, 2.764036, 0.2217414, 215.6575, 50.79482
box_6_melody(Clone) stack 111 Shelf_2 Rack_0_1_2
-1.822686, 2.951536, 0.2265834, 230.2972, 36.01976
-2.022564, 2.951536, 0.2335633, 214.5129, 36.11075
-2.014188, 2.951536, 0.4734173, 215.9348, 39.13867
-1.81431, 2.951536, 0.4664374, 231.2367, 39.05318
-2.014188, 2.951536, 0.4734173, 215.9348, 39.13867
-2.014188, 2.764036, 0.4734173, 215.9348, 53.50021
-1.81431, 2.764036, 0.4664374, 231.2367, 53.42755
-1.81431, 2.951536, 0.4664374, 231.2367, 39.05318
-1.81431, 2.951536, 0.4664374, 231.2367, 39.05318
-1.81431, 2.764036, 0.4664374, 231.2367, 53.42755
-1.822686, 2.764036, 0.2265835, 230.2972, 50.84857
-1.822686, 2.951536, 0.2265834, 230.2972, 36.01976
-2.022564, 2.764036, 0.2335634, 214.5129, 50.92593
-1.822686, 2.764036, 0.2265835, 230.2972, 50.84857
-1.81431, 2.764036, 0.4664374, 231.2367, 53.42755
-2.014188, 2.764036, 0.4734173, 215.9348, 53.50021
-2.022564, 2.951536, 0.2335633, 214.5129, 36.11075
-2.022564, 2.764036, 0.2335634, 214.5129, 50.92593
-2.014188, 2.764036, 0.4734173, 215.9348, 53.50021
-2.014188, 2.951536, 0.4734173, 215.9348, 39.13867
-1.822686, 2.951536, 0.2265834, 230.2972, 36.01976
-1.822686, 2.764036, 0.2265835, 230.2972, 50.84857
-2.022564, 2.764036, 0.2335634, 214.5129, 50.92593
-2.022564, 2.951536, 0.2335633, 214.5129, 36.11075
box_6_melody(Clone) stack 112 Shelf_2 Rack_0_1_2
-2.20363, 2.576536, 0.2202049, 200.1359, 65.61903
-2.402535, 2.576536, 0.2411106, 184.5448, 65.80986
-2.377448, 2.576536, 0.4797959, 188.1532, 67.91638
-2.178544, 2.576536, 0.4588902, 203.2779, 67.73701
-2.377448, 2.576536, 0.4797959, 188.1532, 67.91638
-2.377448, 2.389036, 0.4797959, 188.1532, 82.26625
-2.178544, 2.389036, 0.4588902, 203.2779, 82.12526
-2.178544, 2.576536, 0.4588902, 203.2779, 67.73701
-2.178544, 2.576536, 0.4588902, 203.2779, 67.73701
-2.178544, 2.389036, 0.4588902, 203.2779, 82.12526
-2.20363, 2.389036, 0.2202049, 200.1359, 80.46034
-2.20363, 2.576536, 0.2202049, 200.1359, 65.61903
-2.402535, 2.389036, 0.2411106, 184.5448, 80.61034
-2.20363, 2.389036, 0.2202049, 200.1359, 80.46034
-2.178544, 2.389036, 0.4588902, 203.2779, 82.12526
-2.377448, 2.389036, 0.4797959, 188.1532, 82.26625
-2.402535, 2.576536, 0.2411106, 184.5448, 65.80986
-2.402535, 2.389036, 0.2411106, 184.5448, 80.61034
-2.377448, 2.389036, 0.4797959, 188.1532, 82.26625
-2.377448, 2.576536, 0.4797959, 188.1532, 67.91638
-2.20363, 2.576536, 0.2202049, 200.1359, 65.61903
-2.20363, 2.389036, 0.2202049, 200.1359, 80.46034
-2.402535, 2.389036, 0.2411106, 184.5448, 80.61034
-2.402535, 2.576536, 0.2411106, 184.5448, 65.80986
box_6_melody(Clone) stack 112 Shelf_2 Rack_0_1_2
-2.184396, 2.764036, 0.2353984, 201.7351, 50.94624
-2.384122, 2.764036, 0.2249312, 185.8831, 50.83025
-2.396683, 2.764036, 0.4646024, 186.5776, 53.40839
-2.196957, 2.764036, 0.4750696, 201.9437, 53.51741
-2.396683, 2.764036, 0.4646024, 186.5776, 53.40839
-2.396683, 2.576536, 0.4646024, 186.5776, 67.78612
-2.196957, 2.576536, 0.4750696, 201.9437, 67.87592
-2.196957, 2.764036, 0.4750696, 201.9437, 53.51741
-2.196957, 2.764036, 0.4750696, 201.9437, 53.51741
-2.196957, 2.576536, 0.4750696, 201.9437, 67.87592
-2.184396, 2.576536, 0.2353984, 201.7351, 65.75784
-2.184396, 2.764036, 0.2353984, 201.7351, 50.94624
-2.384122, 2.576536, 0.2249312, 185.8831, 65.66228
-2.184396, 2.576536, 0.2353984, 201.7351, 65.75784
-2.196957, 2.576536, 0.4750696, 201.9437, 67.87592
-2.396683, 2.576536, 0.4646024, 186.5776, 67.78612
-2.384122, 2.764036, 0.2249312, 185.8831, 50.83025
-2.384122, 2.576536, 0.2249312, 185.8831, 65.66228
-2.396683, 2.576536, 0.4646024, 186.5776, 67.78612
-2.396683, 2.764036, 0.4646024, 186.5776, 53.40839
-2.184396, 2.764036, 0.2353984, 201.7351, 50.94624
-2.184396, 2.576536, 0.2353984, 201.7351, 65.75784
-2.384122, 2.576536, 0.2249312, 185.8831, 65.66228
-2.384122, 2.764036, 0.2249312, 185.8831, 50.83025
box_6_melody(Clone) stack 112 Shelf_2 Rack_0_1_2
-2.184396, 2.951536, 0.2353984, 201.7351, 36.13463
-2.384122, 2.951536, 0.2249312, 185.8831, 35.99821
-2.396683, 2.951536, 0.4646024, 186.5776, 39.03069
-2.196957, 2.951536, 0.4750696, 201.9437, 39.15889
-2.396683, 2.951536, 0.4646024, 186.5776, 39.03069
-2.396683, 2.764036, 0.4646024, 186.5776, 53.40839
-2.196957, 2.764036, 0.4750696, 201.9437, 53.51741
-2.196957, 2.951536, 0.4750696, 201.9437, 39.15889
-2.196957, 2.951536, 0.4750696, 201.9437, 39.15889
-2.196957, 2.764036, 0.4750696, 201.9437, 53.51741
-2.184396, 2.764036, 0.2353984, 201.7351, 50.94624
-2.184396, 2.951536, 0.2353984, 201.7351, 36.13463
-2.384122, 2.764036, 0.2249312, 185.8831, 50.83025
-2.184396, 2.764036, 0.2353984, 201.7351, 50.94624
-2.196957, 2.764036, 0.4750696, 201.9437, 53.51741
-2.396683, 2.764036, 0.4646024, 186.5776, 53.40839
-2.384122, 2.951536, 0.2249312, 185.8831, 35.99821
-2.384122, 2.764036, 0.2249312, 185.8831, 50.83025
-2.396683, 2.764036, 0.4646024, 186.5776, 53.40839
-2.396683, 2.951536, 0.4646024, 186.5776, 39.03069
-2.184396, 2.951536, 0.2353984, 201.7351, 36.13463
-2.184396, 2.764036, 0.2353984, 201.7351, 50.94624
-2.384122, 2.764036, 0.2249312, 185.8831, 50.83025
-2.384122, 2.951536, 0.2249312, 185.8831, 35.99821
box_6_melody(Clone) stack 112 Shelf_2 Rack_0_1_2
-2.180461, 3.139036, 0.2391725, 202.0648, 21.3795
-2.3797, 3.139036, 0.2217414, 186.2103, 21.11826
-2.400617, 3.139036, 0.4608282, 186.2499, 24.5997
-2.201379, 3.139036, 0.4782594, 201.6207, 24.8452
-2.400617, 3.139036, 0.4608282, 186.2499, 24.5997
-2.400617, 2.951536, 0.4608282, 186.2499, 38.98436
-2.201379, 2.951536, 0.4782594, 201.6207, 39.19789
-2.201379, 3.139036, 0.4782594, 201.6207, 24.8452
-2.201379, 3.139036, 0.4782594, 201.6207, 24.8452
-2.201379, 2.951536, 0.4782594, 201.6207, 39.19789
-2.180461, 2.951536, 0.2391725, 202.0648, 36.18375
-2.180461, 3.139036, 0.2391725, 202.0648, 21.3795
-2.3797, 2.951536, 0.2217414, 186.2103, 35.95654
-2.180461, 2.951536, 0.2391725, 202.0648, 36.18375
-2.201379, 2.951536, 0.4782594, 201.6207, 39.19789
-2.400617, 2.951536, 0.4608282, 186.2499, 38.98436
-2.3797, 3.139036, 0.2217414, 186.2103, 21.11826
-2.3797, 2.951536, 0.2217414, 186.2103, 35.95654
-2.400617, 2.951536, 0.4608282, 186.2499, 38.98436
-2.400617, 3.139036, 0.4608282, 186.2499, 24.5997
-2.180461, 3.139036, 0.2391725, 202.0648, 21.3795
-2.180461, 2.951536, 0.2391725, 202.0648, 36.18375
-2.3797, 2.951536, 0.2217414, 186.2103, 35.95654
-2.3797, 3.139036, 0.2217414, 186.2103, 21.11826
box_8_lizol(Clone) stack 113 Shelf_2 Rack_0_1_2
-2.557396, 2.565368, 0.2397029, 172.3082, 66.67876
-2.755906, 2.565368, 0.2153291, 156.3676, 66.45895
-2.785984, 2.565368, 0.4602979, 156.6796, 68.60597
-2.587475, 2.565368, 0.4846717, 172.1215, 68.81227
-2.785984, 2.565368, 0.4602979, 156.6796, 68.60597
-2.785984, 2.389118, 0.4602979, 156.6796, 82.12849
-2.587475, 2.389118, 0.4846717, 172.1215, 82.29276
-2.587475, 2.565368, 0.4846717, 172.1215, 68.81227
-2.587475, 2.565368, 0.4846717, 172.1215, 68.81227
-2.587475, 2.389118, 0.4846717, 172.1215, 82.29276
-2.557396, 2.389118, 0.2397029, 172.3082, 80.5938
-2.557396, 2.565368, 0.2397029, 172.3082, 66.67876
-2.755906, 2.389118, 0.215329, 156.3676, 80.41875
-2.557396, 2.389118, 0.2397029, 172.3082, 80.5938
-2.587475, 2.389118, 0.4846717, 172.1215, 82.29276
-2.785984, 2.389118, 0.4602979, 156.6796, 82.12849
-2.755906, 2.565368, 0.2153291, 156.3676, 66.45895
-2.755906, 2.389118, 0.215329, 156.3676, 80.41875
-2.785984, 2.389118, 0.4602979, 156.6796, 82.12849
-2.785984, 2.565368, 0.4602979, 156.6796, 68.60597
-2.557396, 2.565368, 0.2397029, 172.3082, 66.67876
-2.557396, 2.389118, 0.2397029, 172.3082, 80.5938
-2.755906, 2.389118, 0.215329, 156.3676, 80.41875
-2.755906, 2.565368, 0.2153291, 156.3676, 66.45895
box_8_lizol(Clone) stack 113 Shelf_2 Rack_0_1_2
-2.573859, 2.741618, 0.2248697, 170.8735, 52.60294
-2.773829, 2.741618, 0.2283601, 155.0941, 52.64084
-2.769521, 2.741618, 0.4751311, 158.098, 55.23479
-2.569552, 2.741618, 0.4716406, 173.3817, 55.19922
-2.769521, 2.741618, 0.4751311, 158.098, 55.23479
-2.769521, 2.565368, 0.4751311, 158.098, 68.73167
-2.569552, 2.565368, 0.4716406, 173.3817, 68.70213
-2.569552, 2.741618, 0.4716406, 173.3817, 55.19922
-2.569552, 2.741618, 0.4716406, 173.3817, 55.19922
-2.569552, 2.565368, 0.4716406, 173.3817, 68.70213
-2.573859, 2.565368, 0.2248697, 170.8735, 66.54515
-2.573859, 2.741618, 0.2248697, 170.8735, 52.60294
-2.773829, 2.565368, 0.2283601, 155.0941, 66.57664
-2.573859, 2.565368, 0.2248697, 170.8735, 66.54515
-2.569552, 2.565368, 0.4716406, 173.3817, 68.70213
-2.769521, 2.565368, 0.4751311, 158.098, 68.73167
-2.773829, 2.741618, 0.2283601, 155.0941, 52.64084
-2.773829, 2.565368, 0.2283601, 155.0941, 66.57664
-2.769521, 2.565368, 0.4751311, 158.098, 68.73167
-2.769521, 2.741618, 0.4751311, 158.098, 55.23479
-2.573859, 2.741618, 0.2248697, 170.8735, 52.60294
-2.573859, 2.565368, 0.2248697, 170.8735, 66.54515
-2.773829, 2.565368, 0.2283601, 155.0941, 66.57664
-2.773829, 2.741618, 0.2283601, 155.0941, 52.64084
box_8_lizol(Clone) stack 113 Shelf_2 Rack_0_1_2
-2.578286, 2.917868, 0.2215317, 170.4928, 38.61829
-2.778012, 2.917868, 0.2319989, 154.8042, 38.75117
-2.765095, 2.917868, 0.4784691, 158.4717, 41.77757
-2.565369, 2.917868, 0.4680019, 173.6713, 41.65292
-2.765095, 2.917868, 0.4784691, 158.4717, 41.77757
-2.765095, 2.741618, 0.4784691, 158.4717, 55.26874
-2.565369, 2.741618, 0.4680019, 173.6713, 55.16214
-2.565369, 2.917868, 0.4680019, 173.6713, 41.65292
-2.565369, 2.917868, 0.4680019, 173.6713, 41.65292
-2.565369, 2.741618, 0.4680019, 173.6713, 55.16214
-2.578286, 2.741618, 0.2215317, 170.4928, 52.56667
-2.578286, 2.917868, 0.2215317, 170.4928, 38.61829
-2.778012, 2.741618, 0.2319989, 154.8042, 52.68031
-2.578286, 2.741618, 0.2215317, 170.4928, 52.56667
-2.565369, 2.741618, 0.4680019, 173.6713, 55.16214
-2.765095, 2.741618, 0.4784691, 158.4717, 55.26874
-2.778012, 2.917868, 0.2319989, 154.8042, 38.75117
-2.778012, 2.741618, 0.2319989, 154.8042, 52.68031
-2.765095, 2.741618, 0.4784691, 158.4717, 55.26874
-2.765095, 2.917868, 0.4784691, 158.4717, 41.77757
-2.578286, 2.917868, 0.2215317, 170.4928, 38.61829
-2.578286, 2.741618, 0.2215317, 170.4928, 52.56667
-2.778012, 2.741618, 0.2319989, 154.8042, 52.68031
-2.778012, 2.917868, 0.2319989, 154.8042, 38.75117
box_8_lizol(Clone) stack 113 Shelf_2 Rack_0_1_2
-2.57169, 3.094118, 0.2265961, 171.0608, 24.74358
-2.77169, 3.094118, 0.2265961, 155.2434, 24.74358
-2.77169, 3.094118, 0.4734046, 157.9139, 28.21744
-2.57169, 3.094118, 0.4734046, 173.2329, 28.21744
-2.77169, 3.094118, 0.4734046, 157.9139, 28.21744
-2.77169, 2.917868, 0.4734046, 157.9139, 41.71732
-2.57169, 2.917868, 0.4734046, 173.2329, 41.71732
-2.57169, 3.094118, 0.4734046, 173.2329, 28.21744
-2.57169, 3.094118, 0.4734046, 173.2329, 28.21744
-2.57169, 2.917868, 0.4734046, 173.2329, 41.71732
-2.57169, 2.917868, 0.2265961, 171.0608, 38.68262
-2.57169, 3.094118, 0.2265961, 171.0608, 24.74358
-2.77169, 2.917868, 0.2265961, 155.2434, 38.68262
-2.57169, 2.917868, 0.2265961, 171.0608, 38.68262
-2.57169, 2.917868, 0.4734046, 173.2329, 41.71732
-2.77169, 2.917868, 0.4734046, 157.9139, 41.71732
-2.77169, 3.094118, 0.2265961, 155.2434, 24.74358
-2.77169, 2.917868, 0.2265961, 155.2434, 38.68262
-2.77169, 2.917868, 0.4734046, 157.9139, 41.71732
-2.77169, 3.094118, 0.4734046, 157.9139, 28.21744
-2.57169, 3.094118, 0.2265961, 171.0608, 24.74358
-2.57169, 2.917868, 0.2265961, 171.0608, 38.68262
-2.77169, 2.917868, 0.2265961, 155.2434, 38.68262
-2.77169, 3.094118, 0.2265961, 155.2434, 24.74358
box4_Fairever(Clone) stack 114 Shelf_2 Rack_0_1_2
-2.961053, 2.553905, 0.226747, 140.2693, 67.46869
-3.160779, 2.553905, 0.2372142, 124.6331, 67.56172
-3.148409, 2.553905, 0.4732538, 129.057, 69.59384
-2.948683, 2.553905, 0.4627866, 144.2273, 69.50633
-3.148409, 2.553905, 0.4732538, 129.057, 69.59384
-3.148409, 2.388905, 0.4732538, 129.057, 82.23228
-2.948683, 2.388905, 0.4627866, 144.2273, 82.16167
-2.948683, 2.553905, 0.4627866, 144.2273, 69.50633
-2.948683, 2.553905, 0.4627866, 144.2273, 69.50633
-2.948683, 2.388905, 0.4627866, 144.2273, 82.16167
-2.961053, 2.388905, 0.226747, 140.2693, 80.51776
-2.961053, 2.553905, 0.226747, 140.2693, 67.46869
-3.160779, 2.388905, 0.2372142, 124.6331, 80.59282
-2.961053, 2.388905, 0.226747, 140.2693, 80.51776
-2.948683, 2.388905, 0.4627866, 144.2273, 82.16167
-3.148409, 2.388905, 0.4732538, 129.057, 82.23228
-3.160779, 2.553905, 0.2372142, 124.6331, 67.56172
-3.160779, 2.388905, 0.2372142, 124.6331, 80.59282
-3.148409, 2.388905, 0.4732538, 129.057, 82.23228
-3.148409, 2.553905, 0.4732538, 129.057, 69.59384
-2.961053, 2.553905, 0.226747, 140.2693, 67.46869
-2.961053, 2.388905, 0.226747, 140.2693, 80.51776
-3.160779, 2.388905, 0.2372142, 124.6331, 80.59282
-3.160779, 2.553905, 0.2372142, 124.6331, 67.56172
