box4_Fairever(Clone) stack 85 Shelf_1 Rack_0_1_0
1.108523, 1.369311, 0.2372142, 473.6533, 161.1166
1.120893, 1.369311, 0.4732538, 467.5601, 160.3296
1.120893, 1.369311, 0.4732538, 467.5601, 160.3296
1.120893, 1.204311, 0.4732538, 467.5601, 172.968
1.108523, 1.204311, 0.2372142, 473.6533, 174.1477
1.120893, 1.204311, 0.4732538, 467.5601, 172.968
1.108523, 1.369311, 0.2372142, 473.6533, 161.1166
1.108523, 1.204311, 0.2372142, 473.6533, 174.1477
1.120893, 1.204311, 0.4732538, 467.5601, 172.968
1.120893, 1.369311, 0.4732538, 467.5601, 160.3296
1.108523, 1.204311, 0.2372142, 473.6533, 174.1477
1.108523, 1.369311, 0.2372142, 473.6533, 161.1166
box4_Fairever(Clone) stack 85 Shelf_1 Rack_0_1_0
1.120893, 1.534311, 0.226747, 474.9539, 148.1035
1.108523, 1.534311, 0.4627866, 466.9158, 147.7082
1.108523, 1.534311, 0.4627866, 466.9158, 147.7082
1.108523, 1.369311, 0.4627866, 466.9158, 160.3635
1.120893, 1.369311, 0.226747, 474.9539, 161.1526
1.108523, 1.369311, 0.4627866, 466.9158, 160.3635
1.120893, 1.534311, 0.226747, 474.9539, 148.1035
1.120893, 1.369311, 0.226747, 474.9539, 161.1526
1.108523, 1.369311, 0.4627866, 466.9158, 160.3635
1.108523, 1.534311, 0.4627866, 466.9158, 147.7082
1.120893, 1.369311, 0.226747, 474.9539, 161.1526
1.120893, 1.534311, 0.226747, 474.9539, 148.1035
box4_Fairever(Clone) stack 85 Shelf_1 Rack_0_1_0
1.125251, 1.699311, 0.2235528, 475.3977, 135.0545
1.104651, 1.699311, 0.4590169, 466.7281, 135.0529
1.104651, 1.699311, 0.4590169, 466.7281, 135.0529
1.104651, 1.534311, 0.4590169, 466.7281, 147.7143
1.125251, 1.534311, 0.2235527, 475.3977, 148.109
1.104651, 1.534311, 0.4590169, 466.7281, 147.7143
1.125251, 1.699311, 0.2235528, 475.3977, 135.0545
1.125251, 1.534311, 0.2235527, 475.3977, 148.109
1.104651, 1.534311, 0.4590169, 466.7281, 147.7143
1.104651, 1.699311, 0.4590169, 466.7281, 135.0529
1.125251, 1.534311, 0.2235527, 475.3977, 148.109
1.125251, 1.699311, 0.2235528, 475.3977, 135.0545
box4_Fairever(Clone) stack 85 Shelf_1 Rack_0_1_0
1.116648, 1.864311, 0.2300913, 474.5148, 122.0111
1.112523, 1.864311, 0.4664189, 467.1172, 122.4034
1.112523, 1.864311, 0.4664189, 467.1172, 122.4034
1.112523, 1.699311, 0.4664189, 467.1172, 135.0528
1.116648, 1.699311, 0.2300914, 474.5148, 135.0545
1.112523, 1.699311, 0.4664189, 467.1172, 135.0528
1.116648, 1.864311, 0.2300913, 474.5148, 122.0111
1.116648, 1.699311, 0.2300914, 474.5148, 135.0545
1.112523, 1.699311, 0.4664189, 467.1172, 135.0528
1.112523, 1.864311, 0.4664189, 467.1172, 122.4034
1.116648, 1.699311, 0.2300914, 474.5148, 135.0545
1.116648, 1.864311, 0.2300913, 474.5148, 122.0111
box_7_litchi(Clone) stack 86 Shelf_2 Rack_0_1_0
1.154097, 2.599012, 0.2465713, 476.9607, 64.08665
1.147117, 2.599012, 0.4464495, 470.357, 65.90234
1.147117, 2.599012, 0.4464495, 470.357, 65.90234
1.147117, 2.389012, 0.4464495, 470.357, 82.04285
1.154097, 2.389012, 0.2465713, 476.9607, 80.65128
1.147117, 2.389012, 0.4464495, 470.357, 82.04285
1.154097, 2.599012, 0.2465713, 476.9607, 64.08665
1.154097, 2.389012, 0.2465713, 476.9607, 80.65128
1.147117, 2.389012, 0.4464495, 470.357, 82.04285
1.147117, 2.599012, 0.4464495, 470.357, 65.90234
1.154097, 2.389012, 0.2465713, 476.9607, 80.65128
1.154097, 2.599012, 0.2465713, 476.9607, 64.08665
box_7_litchi(Clone) stack 86 Shelf_2 Rack_0_1_0
1.155917, 2.809012, 0.2449038, 477.1562, 47.50285
1.14545, 2.809012, 0.4446297, 470.2825, 49.74196
1.14545, 2.809012, 0.4446297, 470.2825, 49.74196
1.14545, 2.599012, 0.4446297, 470.2825, 65.88623
1.155917, 2.599012, 0.2449038, 477.1562, 64.07111
1.14545, 2.599012, 0.4446297, 470.2825, 65.88623
1.155917, 2.809012, 0.2449038, 477.1562, 47.50285
1.155917, 2.599012, 0.2449038, 477.1562, 64.07111
1.14545, 2.599012, 0.4446297, 470.2825, 65.88623
1.14545, 2.809012, 0.4446297, 470.2825, 49.74196
1.155917, 2.599012, 0.2449038, 477.1562, 64.07111
1.155917, 2.809012, 0.2449038, 477.1562, 47.50285
box_7_litchi(Clone) stack 86 Shelf_2 Rack_0_1_0
1.140641, 3.019012, 0.2610011, 475.4526, 31.15442
1.161547, 3.019012, 0.4599054, 471.0678, 33.79579
1.161547, 3.019012, 0.4599054, 471.0678, 33.79579
1.161547, 2.809012, 0.4599054, 471.0678, 49.90851
1.140641, 2.809012, 0.2610011, 475.4526, 47.68767
1.161547, 2.809012, 0.4599054, 471.0678, 49.90851
1.140641, 3.019012, 0.2610011, 475.4526, 31.15442
1.140641, 2.809012, 0.2610011, 475.4526, 47.68767
1.161547, 2.809012, 0.4599054, 471.0678, 49.90851
1.161547, 3.019012, 0.4599054, 471.0678, 33.79579
1.140641, 2.809012, 0.2610011, 475.4526, 47.68767
1.140641, 3.019012, 0.2610011, 475.4526, 31.15442
box_7_litchi(Clone) stack 86 Shelf_2 Rack_0_1_0
1.140641, 3.229012, 0.2610011, 475.4526, 14.62114
1.161547, 3.229012, 0.4599054, 471.0678, 17.68304
1.161547, 3.229012, 0.4599054, 471.0678, 17.68304
1.161547, 3.019012, 0.4599054, 471.0678, 33.79579
1.140641, 3.019012, 0.2610011, 475.4526, 31.15442
1.161547, 3.019012, 0.4599054, 471.0678, 33.79579
1.140641, 3.229012, 0.2610011, 475.4526, 14.62114
1.140641, 3.019012, 0.2610011, 475.4526, 31.15442
1.161547, 3.019012, 0.4599054, 471.0678, 33.79579
1.161547, 3.229012, 0.4599054, 471.0678, 17.68304
1.140641, 3.019012, 0.2610011, 475.4526, 31.15442
1.140641, 3.229012, 0.2610011, 475.4526, 14.62114
box_2_Parle-G(Clone) stack 90 Shelf_0 Rack_0_1_1
-0.7993499, 0.2744219, 0.2931767, 322.3698, 246.7636
-0.9982544, 0.2744219, 0.272271, 306.9588, 247.0698
-1.012396, 0.2744219, 0.406824, 304.7063, 245.1283
-0.813492, 0.2744219, 0.4277297, 319.857, 244.8326
-1.012396, 0.2744219, 0.406824, 304.7063, 245.1283
-1.012396, 0.01942196, 0.406824, 304.7063, 264.8275
-0.813492, 0.01942196, 0.4277297, 319.857, 264.4789
-0.813492, 0.2744219, 0.4277297, 319.857, 244.8326
-0.813492, 0.2744219, 0.4277297, 319.857, 244.8326
-0.813492, 0.01942196, 0.4277297, 319.857, 264.4789
-0.7993499, 0.01942196, 0.2931767, 322.3698, 266.7553
-0.7993499, 0.2744219, 0.2931767, 322.3698, 246.7636
-0.9982544, 0.01942196, 0.272271, 306.9588, 267.1162
-0.7993499, 0.01942196, 0.2931767, 322.3698, 266.7553
-0.813492, 0.01942196, 0.4277297, 319.857, 264.4789
-1.012396, 0.01942196, 0.406824, 304.7063, 264.8275
-0.9982544, 0.2744219, 0.272271, 306.9588, 247.0698
-0.9982544, 0.01942196, 0.272271, 306.9588, 267.1162
-1.012396, 0.01942196, 0.406824, 304.7063, 264.8275
-1.012396, 0.2744219, 0.406824, 304.7063, 245.1283
-0.7993499, 0.2744219, 0.2931767, 322.3698, 246.7636
-0.7993499, 0.01942196, 0.2931767, 322.3698, 266.7553
-0.9982544, 0.01942196, 0.272271, 306.9588, 267.1162
-0.9982544, 0.2744219, 0.272271, 306.9588, 247.0698
box_2_Parle-G(Clone) stack 90 Shelf_0 Rack_0_1_1
-0.7993499, 0.5294219, 0.2931767, 322.3698, 226.7719
-0.9982544, 0.5294219, 0.272271, 306.9588, 227.0233
-1.012396, 0.5294219, 0.406824, 304.7063, 225.4291
-0.813492, 0.5294219, 0.4277297, 319.857, 225.1863
-1.012396, 0.5294219, 0.406824, 304.7063, 225.4291
-1.012396, 0.2744219, 0.406824, 304.7063, 245.1283
-0.813492, 0.2744219, 0.4277297, 319.857, 244.8326
-0.813492, 0.5294219, 0.4277297, 319.857, 225.1863
-0.813492, 0.5294219, 0.4277297, 319.857, 225.1863
-0.813492, 0.2744219, 0.4277297, 319.857, 244.8326
-0.7993499, 0.2744219, 0.2931767, 322.3698, 246.7636
-0.7993499, 0.5294219, 0.2931767, 322.3698, 226.7719
-0.9982544, 0.2744219, 0.272271, 306.9588, 247.0698
-0.7993499, 0.2744219, 0.2931767, 322.3698, 246.7636
-0.813492, 0.2744219, 0.4277297, 319.857, 244.8326
-1.012396, 0.2744219, 0.406824, 304.7063, 245.1283
-0.9982544, 0.5294219, 0.272271, 306.9588, 227.0233
-0.9982544, 0.2744219, 0.272271, 306.9588, 247.0698
-1.012396, 0.2744219, 0.406824, 304.7063, 245.1283
-1.012396, 0.5294219, 0.406824, 304.7063, 225.4291
-0.7993499, 0.5294219, 0.2931767, 322.3698, 226.7719
-0.7993499, 0.2744219, 0.2931767, 322.3698, 246.7636
-0.9982544, 0.2744219, 0.272271, 306.9588, 247.0698
-0.9982544, 0.5294219, 0.272271, 306.9588, 227.0233
box_2_Parle-G(Clone) stack 90 Shelf_0 Rack_0_1_1
-0.813492, 0.7844219, 0.272271, 321.4836, 206.9769
-1.012396, 0.7844219, 0.2931767, 305.6671, 206.7802
-0.9982544, 0.7844219, 0.4277297, 305.6221, 205.5401
-0.7993499, 0.7844219, 0.406824, 321.1645, 205.7299
-0.9982544, 0.7844219, 0.4277297, 305.6221, 205.5401
-0.9982544, 0.5294219, 0.4277297, 305.6221, 225.1863
-0.7993499, 0.5294219, 0.406824, 321.1645, 225.4291
-0.7993499, 0.7844219, 0.406824, 321.1645, 205.7299
-0.7993499, 0.7844219, 0.406824, 321.1645, 205.7299
-0.7993499, 0.5294219, 0.406824, 321.1645, 225.4291
-0.813492, 0.5294219, 0.272271, 321.4836, 227.0233
-0.813492, 0.7844219, 0.272271, 321.4836, 206.9769
-1.012396, 0.5294219, 0.2931767, 305.6671, 226.7719
-0.813492, 0.5294219, 0.272271, 321.4836, 227.0233
-0.7993499, 0.5294219, 0.406824, 321.1645, 225.4291
-0.9982544, 0.5294219, 0.4277297, 305.6221, 225.1863
-1.012396, 0.7844219, 0.2931767, 305.6671, 206.7802
-1.012396, 0.5294219, 0.2931767, 305.6671, 226.7719
-0.9982544, 0.5294219, 0.4277297, 305.6221, 225.1863
-0.9982544, 0.7844219, 0.4277297, 305.6221, 205.5401
-0.813492, 0.7844219, 0.272271, 321.4836, 206.9769
-0.813492, 0.5294219, 0.272271, 321.4836, 227.0233
-1.012396, 0.5294219, 0.2931767, 305.6671, 226.7719
-1.012396, 0.7844219, 0.2931767, 305.6671, 206.7802
box_8_lizol(Clone) stack 92 Shelf_0 Rack_0_1_1
-0.04045259, 0.1961813, 0.2199211, 383.2375, 254.037
-0.2399654, 0.1961813, 0.2338724, 367.2106, 253.8183
-0.2227489, 0.1961813, 0.4800797, 364.5333, 250.087
-0.0232361, 0.1961813, 0.4661284, 380.0512, 250.2922
-0.2227489, 0.1961813, 0.4800797, 364.5333, 250.087
-0.2227489, 0.01993132, 0.4800797, 364.5333, 263.5754
-0.0232361, 0.01993132, 0.4661284, 380.0512, 263.8046
-0.0232361, 0.1961813, 0.4661284, 380.0512, 250.2922
-0.0232361, 0.1961813, 0.4661284, 380.0512, 250.2922
-0.0232361, 0.01993132, 0.4661284, 380.0512, 263.8046
-0.04045259, 0.01993129, 0.2199211, 383.2375, 267.9884
-0.04045259, 0.1961813, 0.2199211, 383.2375, 254.037
-0.2399654, 0.01993129, 0.2338724, 367.2106, 267.744
-0.04045259, 0.01993129, 0.2199211, 383.2375, 267.9884
-0.0232361, 0.01993132, 0.4661284, 380.0512, 263.8046
-0.2227489, 0.01993132, 0.4800797, 364.5333, 263.5754
-0.2399654, 0.1961813, 0.2338724, 367.2106, 253.8183
-0.2399654, 0.01993129, 0.2338724, 367.2106, 267.744
-0.2227489, 0.01993132, 0.4800797, 364.5333, 263.5754
-0.2227489, 0.1961813, 0.4800797, 364.5333, 250.087
-0.04045259, 0.1961813, 0.2199211, 383.2375, 254.037
-0.04045259, 0.01993129, 0.2199211, 383.2375, 267.9884
-0.2399654, 0.01993129, 0.2338724, 367.2106, 267.744
-0.2399654, 0.1961813, 0.2338724, 367.2106, 253.8183
box_8_lizol(Clone) stack 92 Shelf_0 Rack_0_1_1
-0.02735492, 0.3724313, 0.2301612, 384.0796, 239.9439
-0.2272331, 0.3724313, 0.2231813, 368.3973, 240.0405
-0.2358465, 0.3724313, 0.4698395, 363.6925, 236.7315
-0.03596842, 0.3724313, 0.4768194, 378.8853, 236.6409
-0.2358465, 0.3724313, 0.4698395, 363.6925, 236.7315
-0.2358465, 0.1961813, 0.4698395, 363.6925, 250.2375
-0.03596842, 0.1961813, 0.4768195, 378.8853, 250.1349
-0.03596842, 0.3724313, 0.4768194, 378.8853, 236.6409
-0.03596842, 0.3724313, 0.4768194, 378.8853, 236.6409
-0.03596842, 0.1961813, 0.4768195, 378.8853, 250.1349
-0.02735492, 0.1961813, 0.2301612, 384.0796, 253.8764
-0.02735492, 0.3724313, 0.2301612, 384.0796, 239.9439
-0.2272331, 0.1961813, 0.2231813, 368.3973, 253.9859
-0.02735492, 0.1961813, 0.2301612, 384.0796, 253.8764
-0.03596842, 0.1961813, 0.4768195, 378.8853, 250.1349
-0.2358465, 0.1961813, 0.4698395, 363.6925, 250.2375
-0.2272331, 0.3724313, 0.2231813, 368.3973, 240.0405
-0.2272331, 0.1961813, 0.2231813, 368.3973, 253.9859
-0.2358465, 0.1961813, 0.4698395, 363.6925, 250.2375
-0.2358465, 0.3724313, 0.4698395, 363.6925, 236.7315
-0.02735492, 0.3724313, 0.2301612, 384.0796, 239.9439
-0.02735492, 0.1961813, 0.2301612, 384.0796, 253.8764
-0.2272331, 0.1961813, 0.2231813, 368.3973, 253.9859
-0.2272331, 0.3724313, 0.2231813, 368.3973, 240.0405
box_8_lizol(Clone) stack 92 Shelf_0 Rack_0_1_1
-0.02527931, 0.5486813, 0.2319989, 384.2087, 225.9894
-0.2250052, 0.5486813, 0.2215317, 368.6016, 226.115
-0.2379222, 0.5486813, 0.4680019, 363.5624, 223.2462
-0.03819626, 0.5486813, 0.4784691, 378.6856, 223.1283
-0.2379222, 0.5486813, 0.4680019, 363.5624, 223.2462
-0.2379222, 0.3724313, 0.4680019, 363.5624, 236.7554
-0.03819626, 0.3724313, 0.4784691, 378.6856, 236.6195
-0.03819626, 0.5486813, 0.4784691, 378.6856, 223.1283
-0.03819626, 0.5486813, 0.4784691, 378.6856, 223.1283
-0.03819626, 0.3724313, 0.4784691, 378.6856, 236.6195
-0.02527931, 0.3724313, 0.2319989, 384.2087, 239.9185
-0.02527931, 0.5486813, 0.2319989, 384.2087, 225.9894
-0.2250052, 0.3724313, 0.2215317, 368.6016, 240.0634
-0.02527931, 0.3724313, 0.2319989, 384.2087, 239.9185
-0.03819626, 0.3724313, 0.4784691, 378.6856, 236.6195
-0.2379222, 0.3724313, 0.4680019, 363.5624, 236.7554
-0.2250052, 0.5486813, 0.2215317, 368.6016, 226.115
-0.2250052, 0.3724313, 0.2215317, 368.6016, 240.0634
-0.2379222, 0.3724313, 0.4680019, 363.5624, 236.7554
-0.2379222, 0.5486813, 0.4680019, 363.5624, 223.2462
-0.02527931, 0.5486813, 0.2319989, 384.2087, 225.9894
-0.02527931, 0.3724313, 0.2319989, 384.2087, 239.9185
-0.2250052, 0.3724313, 0.2215317, 368.6016, 240.0634
-0.2250052, 0.5486813, 0.2215317, 368.6016, 226.115
box_7_litchi(Clone) stack 94 Shelf_1 Rack_0_1_1
-0.818454, 1.414419, 0.2432683, 321.4029, 157.5362
-1.017967, 1.414419, 0.2572196, 305.5384, 157.4949
-1.004015, 1.414419, 0.4567324, 304.9365, 156.9208
-0.8045027, 1.414419, 0.4427811, 320.3942, 156.96
-1.004015, 1.414419, 0.4567324, 304.9365, 156.9208
-1.004015, 1.204419, 0.4567324, 304.9365, 173.04
-0.8045027, 1.204419, 0.4427811, 320.3942, 173.108
-0.8045027, 1.414419, 0.4427811, 320.3942, 156.96
-0.8045027, 1.414419, 0.4427811, 320.3942, 156.96
-0.8045027, 1.204419, 0.4427811, 320.3942, 173.108
-0.818454, 1.204419, 0.2432683, 321.4029, 174.108
-0.818454, 1.414419, 0.2432683, 321.4029, 157.5362
-1.017967, 1.204419, 0.2572196, 305.5384, 174.0364
-0.818454, 1.204419, 0.2432683, 321.4029, 174.108
-0.8045027, 1.204419, 0.4427811, 320.3942, 173.108
-1.004015, 1.204419, 0.4567324, 304.9365, 173.04
-1.017967, 1.414419, 0.2572196, 305.5384, 157.4949
-1.017967, 1.204419, 0.2572196, 305.5384, 174.0364
-1.004015, 1.204419, 0.4567324, 304.9365, 173.04
-1.004015, 1.414419, 0.4567324, 304.9365, 156.9208
-0.818454, 1.414419, 0.2432683, 321.4029, 157.5362
-0.818454, 1.204419, 0.2432683, 321.4029, 174.108
-1.017967, 1.204419, 0.2572196, 305.5384, 174.0364
-1.017967, 1.414419, 0.2572196, 305.5384, 157.4949
box_7_litchi(Clone) stack 94 Shelf_1 Rack_0_1_1
-0.8095047, 1.624419, 0.2517608, 322.0175, 140.9577
-1.009474, 1.624419, 0.2482703, 306.2852, 140.9604
-1.012965, 1.624419, 0.4482399, 304.3194, 140.8078
-0.8129952, 1.624419, 0.4517304, 319.6498, 140.8052
-1.012965, 1.624419, 0.4482399, 304.3194, 140.8078
-1.012965, 1.414419, 0.4482399, 304.3194, 156.9446
-0.8129952, 1.414419, 0.4517304, 319.6498, 156.9348
-0.8129952, 1.624419, 0.4517304, 319.6498, 140.8052
-0.8129952, 1.624419, 0.4517304, 319.6498, 140.8052
-0.8129952, 1.414419, 0.4517304, 319.6498, 156.9348
-0.8095047, 1.414419, 0.2517608, 322.0175, 157.511
-0.8095047, 1.624419, 0.2517608, 322.0175, 140.9577
-1.009474, 1.414419, 0.2482704, 306.2852, 157.5214
-0.8095047, 1.414419, 0.2517608, 322.0175, 157.511
-0.8129952, 1.414419, 0.4517304, 319.6498, 156.9348
-1.012965, 1.414419, 0.4482399, 304.3194, 156.9446
-1.009474, 1.624419, 0.2482703, 306.2852, 140.9604
-1.009474, 1.414419, 0.2482704, 306.2852, 157.5214
-1.012965, 1.414419, 0.4482399, 304.3194, 156.9446
-1.012965, 1.624419, 0.4482399, 304.3194, 140.8078
-0.8095047, 1.624419, 0.2517608, 322.0175, 140.9577
-0.8095047, 1.414419, 0.2517608, 322.0175, 157.511
-1.009474, 1.414419, 0.2482704, 306.2852, 157.5214
-1.009474, 1.624419, 0.2482703, 306.2852, 140.9604
box_7_litchi(Clone) stack 95 Shelf_1 Rack_0_1_1
-0.4251851, 1.414419, 0.2482703, 352.3631, 157.5214
-0.6251546, 1.414419, 0.2517608, 336.549, 157.511
-0.6216642, 1.414419, 0.4517304, 334.3455, 156.9348
-0.4216946, 1.414419, 0.4482399, 349.7537, 156.9446
-0.6216642, 1.414419, 0.4517304, 334.3455, 156.9348
-0.6216642, 1.204419, 0.4517304, 334.3455, 173.0644
-0.4216946, 1.204419, 0.4482399, 349.7537, 173.0814
-0.4216946, 1.414419, 0.4482399, 349.7537, 156.9446
-0.4216946, 1.414419, 0.4482399, 349.7537, 156.9446
-0.4216946, 1.204419, 0.4482399, 349.7537, 173.0814
-0.4251851, 1.204419, 0.2482704, 352.3631, 174.0823
-0.4251851, 1.414419, 0.2482703, 352.3631, 157.5214
-0.6251546, 1.204419, 0.2517608, 336.549, 174.0644
-0.4251851, 1.204419, 0.2482704, 352.3631, 174.0823
-0.4216946, 1.204419, 0.4482399, 349.7537, 173.0814
-0.6216642, 1.204419, 0.4517304, 334.3455, 173.0644
-0.6251546, 1.414419, 0.2517608, 336.549, 157.511
-0.6251546, 1.204419, 0.2517608, 336.549, 174.0644
-0.6216642, 1.204419, 0.4517304, 334.3455, 173.0644
-0.6216642, 1.414419, 0.4517304, 334.3455, 156.9348
-0.4251851, 1.414419, 0.2482703, 352.3631, 157.5214
-0.4251851, 1.204419, 0.2482704, 352.3631, 174.0823
-0.6251546, 1.204419, 0.2517608, 336.549, 174.0644
-0.6251546, 1.414419, 0.2517608, 336.549, 157.511
box_7_litchi(Clone) stack 95 Shelf_1 Rack_0_1_1
-0.4135196, 1.624419, 0.2610011, 353.0938, 140.9505
-0.612424, 1.624419, 0.2400953, 337.7021, 140.9669
-0.6333297, 1.624419, 0.4389997, 333.602, 140.8147
-0.4344253, 1.624419, 0.4599054, 348.6132, 140.7991
-0.6333297, 1.624419, 0.4389997, 333.602, 140.8147
-0.6333297, 1.414419, 0.4389997, 333.602, 156.9706
-0.4344253, 1.414419, 0.4599054, 348.6132, 156.9119
-0.4344253, 1.624419, 0.4599054, 348.6132, 140.7991
-0.4344253, 1.624419, 0.4599054, 348.6132, 140.7991
-0.4344253, 1.414419, 0.4599054, 348.6132, 156.9119
-0.4135196, 1.414419, 0.2610011, 353.0938, 157.4837
-0.4135196, 1.624419, 0.2610011, 353.0938, 140.9505
-0.612424, 1.414419, 0.2400953, 337.7021, 157.5456
-0.4135196, 1.414419, 0.2610011, 353.0938, 157.4837
-0.4344253, 1.414419, 0.4599054, 348.6132, 156.9119
-0.6333297, 1.414419, 0.4389997, 333.602, 156.9706
-0.612424, 1.624419, 0.2400953, 337.7021, 140.9669
-0.612424, 1.414419, 0.2400953, 337.7021, 157.5456
-0.6333297, 1.414419, 0.4389997, 333.602, 156.9706
-0.6333297, 1.624419, 0.4389997, 333.602, 140.8147
-0.4135196, 1.624419, 0.2610011, 353.0938, 140.9505
-0.4135196, 1.414419, 0.2610011, 353.0938, 157.4837
-0.612424, 1.414419, 0.2400953, 337.7021, 157.5456
-0.612424, 1.624419, 0.2400953, 337.7021, 140.9669
box_7_litchi(Clone) stack 95 Shelf_1 Rack_0_1_1
-0.4119831, 1.834419, 0.2629327, 353.1861, 124.4199
-0.6104923, 1.834419, 0.2385588, 337.8745, 124.386
-0.6348662, 1.834419, 0.4370681, 333.507, 124.6562
-0.436357, 1.834419, 0.4614419, 348.4437, 124.6884
-0.6348662, 1.834419, 0.4370681, 333.507, 124.6562
-0.6348662, 1.624419, 0.4370681, 333.507, 140.8161
-0.436357, 1.624419, 0.4614419, 348.4437, 140.798
-0.436357, 1.834419, 0.4614419, 348.4437, 124.6884
-0.436357, 1.834419, 0.4614419, 348.4437, 124.6884
-0.436357, 1.624419, 0.4614419, 348.4437, 140.798
-0.4119831, 1.624419, 0.2629327, 353.1861, 140.949
-0.4119831, 1.834419, 0.2629327, 353.1861, 124.4199
-0.6104923, 1.624419, 0.2385588, 337.8745, 140.9681
-0.4119831, 1.624419, 0.2629327, 353.1861, 140.949
-0.436357, 1.624419, 0.4614419, 348.4437, 140.798
-0.6348662, 1.624419, 0.4370681, 333.507, 140.8161
-0.6104923, 1.834419, 0.2385588, 337.8745, 124.386
-0.6104923, 1.624419, 0.2385588, 337.8745, 140.9681
-0.6348662, 1.624419, 0.4370681, 333.507, 140.8161
-0.6348662, 1.834419, 0.4370681, 333.507, 124.6562
-0.4119831, 1.834419, 0.2629327, 353.1861, 124.4199
-0.4119831, 1.624419, 0.2629327, 353.1861, 140.949
-0.6104923, 1.624419, 0.2385588, 337.8745, 140.9681
-0.6104923, 1.834419, 0.2385588, 337.8745, 124.386
box_7_litchi(Clone) stack 95 Shelf_1 Rack_0_1_1
-0.4287953, 2.044419, 0.2449038, 352.1281, 107.8266
-0.6285211, 2.044419, 0.255371, 336.2379, 107.8639
-0.618054, 2.044419, 0.4550969, 334.582, 108.5574
-0.4183281, 2.044419, 0.4446297, 350.0633, 108.5219
-0.618054, 2.044419, 0.4550969, 334.582, 108.5574
-0.618054, 1.834419, 0.4550969, 334.582, 124.6801
-0.4183281, 1.834419, 0.4446297, 350.0633, 124.6662
-0.4183281, 2.044419, 0.4446297, 350.0633, 108.5219
-0.4183281, 2.044419, 0.4446297, 350.0633, 108.5219
-0.4183281, 1.834419, 0.4446297, 350.0633, 124.6662
-0.4287953, 1.834419, 0.2449038, 352.1281, 124.3948
-0.4287953, 2.044419, 0.2449038, 352.1281, 107.8266
-0.6285211, 1.834419, 0.255371, 336.2379, 124.4094
-0.4287953, 1.834419, 0.2449038, 352.1281, 124.3948
-0.4183281, 1.834419, 0.4446297, 350.0633, 124.6662
-0.618054, 1.834419, 0.4550969, 334.582, 124.6801
-0.6285211, 2.044419, 0.255371, 336.2379, 107.8639
-0.6285211, 1.834419, 0.255371, 336.2379, 124.4094
-0.618054, 1.834419, 0.4550969, 334.582, 124.6801
-0.618054, 2.044419, 0.4550969, 334.582, 108.5574
-0.4287953, 2.044419, 0.2449038, 352.1281, 107.8266
-0.4287953, 1.834419, 0.2449038, 352.1281, 124.3948
-0.6285211, 1.834419, 0.255371, 336.2379, 124.4094
-0.6285211, 2.044419, 0.255371, 336.2379, 107.8639
box_6_melody(Clone) stack 96 Shelf_1 Rack_0_1_1
-0.03353472, 1.391943, 0.2411106, 383.3842, 159.3168
-0.2324391, 1.391943, 0.2202049, 368.0357, 159.3838
-0.257526, 1.391943, 0.4588902, 362.2021, 158.6395
-0.05862157, 1.391943, 0.4797959, 377.0989, 158.5764
-0.257526, 1.391943, 0.4588902, 362.2021, 158.6395
-0.257526, 1.204443, 0.4588902, 362.2021, 173.0277
-0.05862157, 1.204443, 0.4797959, 377.0989, 172.9263
-0.05862157, 1.391943, 0.4797959, 377.0989, 158.5764
-0.05862157, 1.391943, 0.4797959, 377.0989, 158.5764
-0.05862157, 1.204443, 0.4797959, 377.0989, 172.9263
-0.03353472, 1.204443, 0.2411106, 383.3842, 174.1172
-0.03353472, 1.391943, 0.2411106, 383.3842, 159.3168
-0.2324391, 1.204443, 0.2202049, 368.0357, 174.2251
-0.03353472, 1.204443, 0.2411106, 383.3842, 174.1172
-0.05862157, 1.204443, 0.4797959, 377.0989, 172.9263
-0.257526, 1.204443, 0.4588902, 362.2021, 173.0277
-0.2324391, 1.391943, 0.2202049, 368.0357, 159.3838
-0.2324391, 1.204443, 0.2202049, 368.0357, 174.2251
-0.257526, 1.204443, 0.4588902, 362.2021, 173.0277
-0.257526, 1.391943, 0.4588902, 362.2021, 158.6395
-0.03353472, 1.391943, 0.2411106, 383.3842, 159.3168
-0.03353472, 1.204443, 0.2411106, 383.3842, 174.1172
-0.2324391, 1.204443, 0.2202049, 368.0357, 174.2251
-0.2324391, 1.391943, 0.2202049, 368.0357, 159.3838
box_6_melody(Clone) stack 96 Shelf_1 Rack_0_1_1
-0.03938707, 1.579443, 0.2353984, 383.0298, 144.5234
-0.239113, 1.579443, 0.2249312, 367.4279, 144.5366
-0.2516736, 1.579443, 0.4646024, 362.5616, 144.2445
-0.05194771, 1.579443, 0.4750696, 377.6926, 144.2321
-0.2516736, 1.579443, 0.4646024, 362.5616, 144.2445
-0.2516736, 1.391943, 0.4646024, 362.5616, 158.6222
-0.05194771, 1.391943, 0.4750696, 377.6926, 158.5906
-0.05194771, 1.579443, 0.4750696, 377.6926, 144.2321
-0.05194771, 1.579443, 0.4750696, 377.6926, 144.2321
-0.05194771, 1.391943, 0.4750696, 377.6926, 158.5906
-0.03938707, 1.391943, 0.2353984, 383.0298, 159.335
-0.03938707, 1.579443, 0.2353984, 383.0298, 144.5234
-0.239113, 1.391943, 0.2249312, 367.4279, 159.3686
-0.03938707, 1.391943, 0.2353984, 383.0298, 159.335
-0.05194771, 1.391943, 0.4750696, 377.6926, 158.5906
-0.2516736, 1.391943, 0.4646024, 362.5616, 158.6222
-0.239113, 1.579443, 0.2249312, 367.4279, 144.5366
-0.239113, 1.391943, 0.2249312, 367.4279, 159.3686
-0.2516736, 1.391943, 0.4646024, 362.5616, 158.6222
-0.2516736, 1.579443, 0.4646024, 362.5616, 144.2445
-0.03938707, 1.579443, 0.2353984, 383.0298, 144.5234
-0.03938707, 1.391943, 0.2353984, 383.0298, 159.335
-0.239113, 1.391943, 0.2249312, 367.4279, 159.3686
-0.239113, 1.579443, 0.2249312, 367.4279, 144.5366
box_6_melody(Clone) stack 96 Shelf_1 Rack_0_1_1
-0.03353472, 1.766943, 0.2411106, 383.3842, 129.7158
-0.2324391, 1.766943, 0.2202049, 368.0357, 129.7012
-0.257526, 1.766943, 0.4588902, 362.2021, 129.863
-0.05862157, 1.766943, 0.4797959, 377.0989, 129.8767
-0.257526, 1.766943, 0.4588902, 362.2021, 129.863
-0.257526, 1.579443, 0.4588902, 362.2021, 144.2512
-0.05862157, 1.579443, 0.4797959, 377.0989, 144.2266
-0.05862157, 1.766943, 0.4797959, 377.0989, 129.8767
-0.05862157, 1.766943, 0.4797959, 377.0989, 129.8767
-0.05862157, 1.579443, 0.4797959, 377.0989, 144.2266
-0.03353472, 1.579443, 0.2411106, 383.3842, 144.5163
-0.03353472, 1.766943, 0.2411106, 383.3842, 129.7158
-0.2324391, 1.579443, 0.2202049, 368.0357, 144.5425
-0.03353472, 1.579443, 0.2411106, 383.3842, 144.5163
-0.05862157, 1.579443, 0.4797959, 377.0989, 144.2266
-0.257526, 1.579443, 0.4588902, 362.2021, 144.2512
-0.2324391, 1.766943, 0.2202049, 368.0357, 129.7012
-0.2324391, 1.579443, 0.2202049, 368.0357, 144.5425
-0.257526, 1.579443, 0.4588902, 362.2021, 144.2512
-0.257526, 1.766943, 0.4588902, 362.2021, 129.863
-0.03353472, 1.766943, 0.2411106, 383.3842, 129.7158
-0.03353472, 1.579443, 0.2411106, 383.3842, 144.5163
-0.2324391, 1.579443, 0.2202049, 368.0357, 144.5425
-0.2324391, 1.766943, 0.2202049, 368.0357, 129.7012
box_6_melody(Clone) stack 96 Shelf_1 Rack_0_1_1
-0.05636956, 1.954443, 0.2217414, 381.9434, 114.864
-0.2556085, 1.954443, 0.2391725, 365.8867, 114.9102
-0.2346911, 1.954443, 0.4782594, 363.648, 115.523
-0.03545217, 1.954443, 0.4608282, 379.2089, 115.4796
-0.2346911, 1.954443, 0.4782594, 363.648, 115.523
-0.2346911, 1.766943, 0.4782594, 363.648, 129.8757
-0.03545217, 1.766943, 0.4608282, 379.2089, 129.8643
-0.03545217, 1.954443, 0.4608282, 379.2089, 115.4796
-0.03545217, 1.954443, 0.4608282, 379.2089, 115.4796
-0.03545217, 1.766943, 0.4608282, 379.2089, 129.8643
-0.05636956, 1.766943, 0.2217414, 381.9434, 129.7023
-0.05636956, 1.954443, 0.2217414, 381.9434, 114.864
-0.2556085, 1.766943, 0.2391725, 365.8867, 129.7145
-0.05636956, 1.766943, 0.2217414, 381.9434, 129.7023
-0.03545217, 1.766943, 0.4608282, 379.2089, 129.8643
-0.2346911, 1.766943, 0.4782594, 363.648, 129.8757
-0.2556085, 1.954443, 0.2391725, 365.8867, 114.9102
-0.2556085, 1.766943, 0.2391725, 365.8867, 129.7145
-0.2346911, 1.766943, 0.4782594, 363.648, 129.8757
-0.2346911, 1.954443, 0.4782594, 363.648, 115.523
-0.05636956, 1.954443, 0.2217414, 381.9434, 114.864
-0.05636956, 1.766943, 0.2217414, 381.9434, 129.7023
-0.2556085, 1.766943, 0.2391725, 365.8867, 129.7145
-0.2556085, 1.954443, 0.2391725, 365.8867, 114.9102
box_2_Parle-G(Clone) stack 98 Shelf_2 Rack_0_1_1
-0.8245748, 2.643609, 0.2841088, 320.4875, 60.9344
-1.024544, 2.643609, 0.2806183, 304.8211, 60.90054
-1.026906, 2.643609, 0.4158919, 303.5113, 62.18962
-0.8269359, 2.643609, 0.4193824, 318.9058, 62.22232
-1.026906, 2.643609, 0.4158919, 303.5113, 62.18962
-1.026906, 2.388609, 0.4158919, 303.5113, 81.86583
-0.8269359, 2.388609, 0.4193824, 318.9058, 81.88966
-0.8269359, 2.643609, 0.4193824, 318.9058, 62.22232
-0.8269359, 2.643609, 0.4193824, 318.9058, 62.22232
-0.8269359, 2.388609, 0.4193824, 318.9058, 81.88966
-0.8245748, 2.388609, 0.2841088, 320.4875, 80.94981
-0.8245748, 2.643609, 0.2841088, 320.4875, 60.9344
-1.024544, 2.388609, 0.2806184, 304.8211, 80.92511
-0.8245748, 2.388609, 0.2841088, 320.4875, 80.94981
-0.8269359, 2.388609, 0.4193824, 318.9058, 81.88966
-1.026906, 2.388609, 0.4158919, 303.5113, 81.86583
-1.024544, 2.643609, 0.2806183, 304.8211, 60.90054
-1.024544, 2.388609, 0.2806184, 304.8211, 80.92511
-1.026906, 2.388609, 0.4158919, 303.5113, 81.86583
-1.026906, 2.643609, 0.4158919, 303.5113, 62.18962
-0.8245748, 2.643609, 0.2841088, 320.4875, 60.9344
-0.8245748, 2.388609, 0.2841088, 320.4875, 80.94981
-1.024544, 2.388609, 0.2806184, 304.8211, 80.92511
-1.024544, 2.643609, 0.2806183, 304.8211, 60.90054
box_2_Parle-G(Clone) stack 98 Shelf_2 Rack_0_1_1
-0.8333589, 2.898609, 0.272271, 319.9218, 40.77303
-1.032263, 2.898609, 0.2931767, 304.1096, 41.03043
-1.018121, 2.898609, 0.4277297, 304.0915, 42.65401
-0.8192168, 2.898609, 0.406824, 319.6297, 42.40544
-1.018121, 2.898609, 0.4277297, 304.0915, 42.65401
-1.018121, 2.64361, 0.4277297, 304.0915, 62.30031
-0.8192168, 2.64361, 0.406824, 319.6297, 62.10461
-0.8192168, 2.898609, 0.406824, 319.6297, 42.40544
-0.8192168, 2.898609, 0.406824, 319.6297, 42.40544
-0.8192168, 2.64361, 0.406824, 319.6297, 62.10461
-0.8333589, 2.64361, 0.272271, 319.9218, 60.8195
-0.8333589, 2.898609, 0.272271, 319.9218, 40.77303
-1.032263, 2.64361, 0.2931767, 304.1096, 61.02214
-0.8333589, 2.64361, 0.272271, 319.9218, 60.8195
-0.8192168, 2.64361, 0.406824, 319.6297, 62.10461
-1.018121, 2.64361, 0.4277297, 304.0915, 62.30031
-1.032263, 2.898609, 0.2931767, 304.1096, 41.03043
-1.032263, 2.64361, 0.2931767, 304.1096, 61.02214
-1.018121, 2.64361, 0.4277297, 304.0915, 62.30031
-1.018121, 2.898609, 0.4277297, 304.0915, 42.65401
-0.8333589, 2.898609, 0.272271, 319.9218, 40.77303
-0.8333589, 2.64361, 0.272271, 319.9218, 60.8195
-1.032263, 2.64361, 0.2931767, 304.1096, 61.02214
-1.032263, 2.898609, 0.2931767, 304.1096, 41.03043
box_2_Parle-G(Clone) stack 98 Shelf_2 Rack_0_1_1
-0.8257401, 3.15361, 0.2823533, 320.4145, 20.87735
-1.02574, 3.15361, 0.2823533, 304.7125, 20.87735
-1.02574, 3.15361, 0.4176474, 303.5868, 22.86253
-0.8257401, 3.15361, 0.4176474, 319.0157, 22.86253
-1.02574, 3.15361, 0.4176474, 303.5868, 22.86253
-1.02574, 2.89861, 0.4176475, 303.5868, 42.53427
-0.8257401, 2.89861, 0.4176475, 319.0157, 42.53427
-0.8257401, 3.15361, 0.4176474, 319.0157, 22.86253
-0.8257401, 3.15361, 0.4176474, 319.0157, 22.86253
-0.8257401, 2.89861, 0.4176475, 319.0157, 42.53427
-0.8257401, 2.89861, 0.2823533, 320.4145, 40.89734
-0.8257401, 3.15361, 0.2823533, 320.4145, 20.87735
-1.02574, 2.89861, 0.2823533, 304.7125, 40.89734
-0.8257401, 2.89861, 0.2823533, 320.4145, 40.89734
-0.8257401, 2.89861, 0.4176475, 319.0157, 42.53427
-1.02574, 2.89861, 0.4176475, 303.5868, 42.53427
-1.02574, 3.15361, 0.2823533, 304.7125, 20.87735
-1.02574, 2.89861, 0.2823533, 304.7125, 40.89734
-1.02574, 2.89861, 0.4176475, 303.5868, 42.53427
-1.02574, 3.15361, 0.4176474, 303.5868, 22.86253
-0.8257401, 3.15361, 0.2823533, 320.4145, 20.87735
-0.8257401, 2.89861, 0.2823533, 320.4145, 40.89734
-1.02574, 2.89861, 0.2823533, 304.7125, 40.89734
-1.02574, 3.15361, 0.2823533, 304.7125, 20.87735
box_2_Parle-G(Clone) stack 99 Shelf_2 Rack_0_1_1
-0.4313183, 2.643609, 0.2950445, 351.1958, 61.04021
-0.6298276, 2.643609, 0.2706706, 335.9422, 60.80396
-0.6463158, 2.643609, 0.4049563, 333.009, 62.0871
-0.4478065, 2.643609, 0.4293302, 348.0088, 62.31523
-0.6463158, 2.643609, 0.4049563, 333.009, 62.0871
-0.6463158, 2.388609, 0.4049563, 333.009, 81.791
-0.4478065, 2.388609, 0.4293302, 348.0088, 81.9575
-0.4478065, 2.643609, 0.4293302, 348.0088, 62.31523
-0.4478065, 2.643609, 0.4293302, 348.0088, 62.31523
-0.4478065, 2.388609, 0.4293302, 348.0088, 81.9575
-0.4313183, 2.388609, 0.2950445, 351.1958, 81.02702
-0.4313183, 2.643609, 0.2950445, 351.1958, 61.04021
-0.6298276, 2.388609, 0.2706706, 335.9422, 80.85461
-0.4313183, 2.388609, 0.2950445, 351.1958, 81.02702
-0.4478065, 2.388609, 0.4293302, 348.0088, 81.9575
-0.6463158, 2.388609, 0.4049563, 333.009, 81.791
-0.6298276, 2.643609, 0.2706706, 335.9422, 60.80396
-0.6298276, 2.388609, 0.2706706, 335.9422, 80.85461
-0.6463158, 2.388609, 0.4049563, 333.009, 81.791
-0.6463158, 2.643609, 0.4049563, 333.009, 62.0871
-0.4313183, 2.643609, 0.2950445, 351.1958, 61.04021
-0.4313183, 2.388609, 0.2950445, 351.1958, 81.02702
-0.6298276, 2.388609, 0.2706706, 335.9422, 80.85461
-0.6298276, 2.643609, 0.2706706, 335.9422, 60.80396
box_2_Parle-G(Clone) stack 99 Shelf_2 Rack_0_1_1
-0.4354137, 2.898609, 0.2876796, 350.9816, 40.96291
-0.6351396, 2.898609, 0.2772124, 335.4427, 40.83403
-0.6422204, 2.898609, 0.4123212, 333.237, 42.47093
-0.4424945, 2.898609, 0.4227883, 348.5091, 42.59537
-0.6422204, 2.898609, 0.4123212, 333.237, 42.47093
-0.6422204, 2.64361, 0.4123212, 333.237, 62.15617
-0.4424945, 2.64361, 0.4227883, 348.5091, 62.25414
-0.4424945, 2.898609, 0.4227883, 348.5091, 42.59537
-0.4424945, 2.898609, 0.4227883, 348.5091, 42.59537
-0.4424945, 2.64361, 0.4227883, 348.5091, 62.25414
-0.4354137, 2.64361, 0.2876796, 350.9816, 60.96895
-0.4354137, 2.898609, 0.2876796, 350.9816, 40.96291
-0.6351396, 2.64361, 0.2772124, 335.4427, 60.86751
-0.4354137, 2.64361, 0.2876796, 350.9816, 60.96895
-0.4424945, 2.64361, 0.4227883, 348.5091, 62.25414
-0.6422204, 2.64361, 0.4123212, 333.237, 62.15617
-0.6351396, 2.898609, 0.2772124, 335.4427, 40.83403
-0.6351396, 2.64361, 0.2772124, 335.4427, 60.86751
-0.6422204, 2.64361, 0.4123212, 333.237, 62.15617
-0.6422204, 2.898609, 0.4123212, 333.237, 42.47093
-0.4354137, 2.898609, 0.2876796, 350.9816, 40.96291
-0.4354137, 2.64361, 0.2876796, 350.9816, 60.96895
-0.6351396, 2.64361, 0.2772124, 335.4427, 60.86751
-0.6351396, 2.898609, 0.2772124, 335.4427, 40.83403
box_2_Parle-G(Clone) stack 99 Shelf_2 Rack_0_1_1
-0.4388171, 3.15361, 0.2823533, 350.7918, 20.87735
-0.6388171, 3.15361, 0.2823533, 335.0898, 20.87735
-0.6388171, 3.15361, 0.4176474, 333.4357, 22.86253
-0.4388171, 3.15361, 0.4176474, 348.8645, 22.86253
-0.6388171, 3.15361, 0.4176474, 333.4357, 22.86253
-0.6388171, 2.89861, 0.4176475, 333.4357, 42.53427
-0.4388171, 2.89861, 0.4176475, 348.8645, 42.53427
-0.4388171, 3.15361, 0.4176474, 348.8645, 22.86253
-0.4388171, 3.15361, 0.4176474, 348.8645, 22.86253
-0.4388171, 2.89861, 0.4176475, 348.8645, 42.53427
-0.4388171, 2.89861, 0.2823533, 350.7918, 40.89734
-0.4388171, 3.15361, 0.2823533, 350.7918, 20.87735
-0.6388171, 2.89861, 0.2823533, 335.0898, 40.89734
-0.4388171, 2.89861, 0.2823533, 350.7918, 40.89734
-0.4388171, 2.89861, 0.4176475, 348.8645, 42.53427
-0.6388171, 2.89861, 0.4176475, 333.4357, 42.53427
-0.6388171, 3.15361, 0.2823533, 335.0898, 20.87735
-0.6388171, 2.89861, 0.2823533, 335.0898, 40.89734
-0.6388171, 2.89861, 0.4176475, 333.4357, 42.53427
-0.6388171, 3.15361, 0.4176474, 333.4357, 22.86253
-0.4388171, 3.15361, 0.2823533, 350.7918, 20.87735
-0.4388171, 2.89861, 0.2823533, 350.7918, 40.89734
-0.6388171, 2.89861, 0.2823533, 335.0898, 40.89734
-0.6388171, 3.15361, 0.2823533, 335.0898, 20.87735
box_5_LMRR(Clone) stack 100 Shelf_2 Rack_0_1_1
-0.03543629, 2.531555, 0.2133235, 383.7596, 69.11966
-0.2351622, 2.531555, 0.2028563, 368.1133, 69.02849
-0.2500366, 2.531555, 0.4866772, 362.342, 71.41473
-0.0503107, 2.531555, 0.4971444, 377.4308, 71.49944
-0.2500366, 2.531555, 0.4866772, 362.342, 71.41473
-0.2500366, 2.389055, 0.4866772, 362.342, 82.31107
-0.0503107, 2.389055, 0.4971444, 377.4308, 82.38127
-0.0503107, 2.531555, 0.4971444, 377.4308, 71.49944
-0.0503107, 2.531555, 0.4971444, 377.4308, 71.49944
-0.0503107, 2.389055, 0.4971444, 377.4308, 82.38127
-0.03543629, 2.389055, 0.2133235, 383.7596, 80.4093
-0.03543629, 2.531555, 0.2133235, 383.7596, 69.11966
-0.2351622, 2.389055, 0.2028564, 368.1133, 80.33376
-0.03543629, 2.389055, 0.2133235, 383.7596, 80.4093
-0.0503107, 2.389055, 0.4971444, 377.4308, 82.38127
-0.2500366, 2.389055, 0.4866772, 362.342, 82.31107
-0.2351622, 2.531555, 0.2028563, 368.1133, 69.02849
-0.2351622, 2.389055, 0.2028564, 368.1133, 80.33376
-0.2500366, 2.389055, 0.4866772, 362.342, 82.31107
-0.2500366, 2.531555, 0.4866772, 362.342, 71.41473
-0.03543629, 2.531555, 0.2133235, 383.7596, 69.11966
-0.03543629, 2.389055, 0.2133235, 383.7596, 80.4093
-0.2351622, 2.389055, 0.2028564, 368.1133, 80.33376
-0.2351622, 2.531555, 0.2028563, 368.1133, 69.02849
box_5_LMRR(Clone) stack 100 Shelf_2 Rack_0_1_1
-0.05550224, 2.674055, 0.1997204, 382.4257, 57.69118
-0.2547412, 2.674055, 0.2171515, 366.3213, 57.86902
-0.2299706, 2.674055, 0.5002804, 363.662, 60.64729
-0.03073168, 2.674055, 0.4828492, 379.1791, 60.48206
-0.2299706, 2.674055, 0.5002804, 363.662, 60.64729
-0.2299706, 2.531555, 0.5002804, 363.662, 71.5248
-0.03073168, 2.531555, 0.4828492, 379.1791, 71.38373
-0.03073168, 2.674055, 0.4828492, 379.1791, 60.48206
-0.03073168, 2.674055, 0.4828492, 379.1791, 60.48206
-0.03073168, 2.531555, 0.4828492, 379.1791, 71.38373
-0.05550224, 2.531555, 0.1997204, 382.4257, 69.00113
-0.05550224, 2.674055, 0.1997204, 382.4257, 57.69118
-0.2547412, 2.531555, 0.2171515, 366.3213, 69.15297
-0.05550224, 2.531555, 0.1997204, 382.4257, 69.00113
-0.03073168, 2.531555, 0.4828492, 379.1791, 71.38373
-0.2299706, 2.531555, 0.5002804, 363.662, 71.5248
-0.2547412, 2.674055, 0.2171515, 366.3213, 57.86902
-0.2547412, 2.531555, 0.2171515, 366.3213, 69.15297
-0.2299706, 2.531555, 0.5002804, 363.662, 71.5248
-0.2299706, 2.674055, 0.5002804, 363.662, 60.64729
-0.05550224, 2.674055, 0.1997204, 382.4257, 57.69118
-0.05550224, 2.531555, 0.1997204, 382.4257, 69.00113
-0.2547412, 2.531555, 0.2171515, 366.3213, 69.15297
-0.2547412, 2.674055, 0.2171515, 366.3213, 57.86902
box_6_melody(Clone) stack 101 Shelf_2 Rack_0_1_1
0.3460718, 2.576536, 0.2430817, 413.3038, 65.8278
0.1475626, 2.576536, 0.2187079, 398.1454, 65.60535
0.1183139, 2.576536, 0.456919, 391.0811, 67.72006
0.3168232, 2.576536, 0.4812929, 405.801, 67.92918
0.1183139, 2.576536, 0.456919, 391.0811, 67.72006
0.1183139, 2.389036, 0.456919, 391.0811, 82.11194
0.3168232, 2.389036, 0.4812929, 405.801, 82.27632
0.3168232, 2.576536, 0.4812929, 405.801, 67.92918
0.3168232, 2.576536, 0.4812929, 405.801, 67.92918
0.3168232, 2.389036, 0.4812929, 405.801, 82.27632
0.3460718, 2.389036, 0.2430817, 413.3038, 80.62444
0.3460718, 2.576536, 0.2430817, 413.3038, 65.8278
0.1475626, 2.389036, 0.2187079, 398.1454, 80.44957
0.3460718, 2.389036, 0.2430817, 413.3038, 80.62444
0.3168232, 2.389036, 0.4812929, 405.801, 82.27632
0.1183139, 2.389036, 0.456919, 391.0811, 82.11194
0.1475626, 2.576536, 0.2187079, 398.1454, 65.60535
0.1475626, 2.389036, 0.2187079, 398.1454, 80.44957
0.1183139, 2.389036, 0.456919, 391.0811, 82.11194
0.1183139, 2.576536, 0.456919, 391.0811, 67.72006
0.3460718, 2.576536, 0.2430817, 413.3038, 65.8278
0.3460718, 2.389036, 0.2430817, 413.3038, 80.62444
0.1475626, 2.389036, 0.2187079, 398.1454, 80.44957
0.1475626, 2.576536, 0.2187079, 398.1454, 65.60535
box_6_melody(Clone) stack 101 Shelf_2 Rack_0_1_1
0.3403201, 2.764036, 0.2372683, 412.9822, 50.96692
0.1408072, 2.764036, 0.223317, 397.5148, 50.81233
0.1240657, 2.764036, 0.4627324, 391.41, 53.38889
0.3235785, 2.764036, 0.4766837, 406.4157, 53.53418
0.1240657, 2.764036, 0.4627324, 391.41, 53.38889
0.1240657, 2.576536, 0.4627325, 391.41, 67.77005
0.3235785, 2.576536, 0.4766838, 406.4157, 67.88974
0.3235785, 2.764036, 0.4766837, 406.4157, 53.53418
0.3235785, 2.764036, 0.4766837, 406.4157, 53.53418
0.3235785, 2.576536, 0.4766838, 406.4157, 67.88974
0.3403201, 2.576536, 0.2372683, 412.9822, 65.77487
0.3403201, 2.764036, 0.2372683, 412.9822, 50.96692
0.1408072, 2.576536, 0.223317, 397.5148, 65.64752
0.3403201, 2.576536, 0.2372683, 412.9822, 65.77487
0.3235785, 2.576536, 0.4766838, 406.4157, 67.88974
0.1240657, 2.576536, 0.4627325, 391.41, 67.77005
0.1408072, 2.764036, 0.223317, 397.5148, 50.81233
0.1408072, 2.576536, 0.223317, 397.5148, 65.64752
0.1240657, 2.576536, 0.4627325, 391.41, 67.77005
0.1240657, 2.764036, 0.4627324, 391.41, 53.38889
0.3403201, 2.764036, 0.2372683, 412.9822, 50.96692
0.3403201, 2.576536, 0.2372683, 412.9822, 65.77487
0.1408072, 2.576536, 0.223317, 397.5148, 65.64752
0.1408072, 2.764036, 0.223317, 397.5148, 50.81233
box_6_melody(Clone) stack 101 Shelf_2 Rack_0_1_1
0.3403201, 2.951536, 0.2372683, 412.9822, 36.15898
0.1408072, 2.951536, 0.223317, 397.5148, 35.97714
0.1240657, 2.951536, 0.4627324, 391.41, 39.00774
0.3235785, 2.951536, 0.4766837, 406.4157, 39.17863
0.1240657, 2.951536, 0.4627324, 391.41, 39.00774
0.1240657, 2.764036, 0.4627325, 391.41, 53.38889
0.3235785, 2.764036, 0.4766838, 406.4157, 53.53418
0.3235785, 2.951536, 0.4766837, 406.4157, 39.17863
0.3235785, 2.951536, 0.4766837, 406.4157, 39.17863
0.3235785, 2.764036, 0.4766838, 406.4157, 53.53418
0.3403201, 2.764036, 0.2372683, 412.9822, 50.96692
0.3403201, 2.951536, 0.2372683, 412.9822, 36.15898
0.1408072, 2.764036, 0.223317, 397.5148, 50.81233
0.3403201, 2.764036, 0.2372683, 412.9822, 50.96692
0.3235785, 2.764036, 0.4766838, 406.4157, 53.53418
0.1240657, 2.764036, 0.4627325, 391.41, 53.38889
0.1408072, 2.951536, 0.223317, 397.5148, 35.97714
0.1408072, 2.764036, 0.223317, 397.5148, 50.81233
0.1240657, 2.764036, 0.4627325, 391.41, 53.38889
0.1240657, 2.951536, 0.4627324, 391.41, 39.00774
0.3403201, 2.951536, 0.2372683, 412.9822, 36.15898
0.3403201, 2.764036, 0.2372683, 412.9822, 50.96692
0.1408072, 2.764036, 0.223317, 397.5148, 50.81233
0.1408072, 2.951536, 0.223317, 397.5148, 35.97714
box_6_melody(Clone) stack 101 Shelf_2 Rack_0_1_1
0.3321929, 3.139036, 0.2300003, 412.5054, 21.24219
0.1321929, 3.139036, 0.2300003, 396.6951, 21.24219
0.1321929, 3.139036, 0.4700004, 391.8922, 24.729
0.3321929, 3.139036, 0.4700004, 407.2179, 24.729
0.1321929, 3.139036, 0.4700004, 391.8922, 24.729
0.1321929, 2.951536, 0.4700004, 391.8922, 39.09683
0.3321929, 2.951536, 0.4700004, 407.2179, 39.09683
0.3321929, 3.139036, 0.4700004, 407.2179, 24.729
0.3321929, 3.139036, 0.4700004, 407.2179, 24.729
0.3321929, 2.951536, 0.4700004, 407.2179, 39.09683
0.3321929, 2.951536, 0.2300003, 412.5054, 36.06433
0.3321929, 3.139036, 0.2300003, 412.5054, 21.24219
0.1321929, 2.951536, 0.2300003, 396.6951, 36.06433
0.3321929, 2.951536, 0.2300003, 412.5054, 36.06433
0.3321929, 2.951536, 0.4700004, 407.2179, 39.09683
0.1321929, 2.951536, 0.4700004, 391.8922, 39.09683
0.1321929, 3.139036, 0.2300003, 396.6951, 21.24219
0.1321929, 2.951536, 0.2300003, 396.6951, 36.06433
0.1321929, 2.951536, 0.4700004, 391.8922, 39.09683
0.1321929, 3.139036, 0.4700004, 391.8922, 24.729
0.3321929, 3.139036, 0.2300003, 412.5054, 21.24219
0.3321929, 2.951536, 0.2300003, 412.5054, 36.06433
0.1321929, 2.951536, 0.2300003, 396.6951, 36.06433
0.1321929, 3.139036, 0.2300003, 396.6951, 21.24219
box4_Fairever(Clone) stack 102 Shelf_0 Rack_0_1_2
-1.482923, 0.1847178, 0.2372142, 268.9904, 254.6714
-1.682649, 0.1847178, 0.226747, 253.235, 254.8365
-1.695019, 0.1847178, 0.4627866, 251.8869, 251.2207
-1.495293, 0.1847178, 0.4732538, 267.1693, 251.0654
-1.695019, 0.1847178, 0.4627866, 251.8869, 251.2207
-1.695019, 0.01971789, 0.4627866, 251.8869, 263.876
-1.495293, 0.01971789, 0.4732538, 267.1693, 263.7038
-1.495293, 0.1847178, 0.4732538, 267.1693, 251.0654
-1.495293, 0.1847178, 0.4732538, 267.1693, 251.0654
-1.495293, 0.01971789, 0.4732538, 267.1693, 263.7038
-1.482923, 0.01971789, 0.2372142, 268.9904, 267.7025
-1.482923, 0.1847178, 0.2372142, 268.9904, 254.6714
-1.682649, 0.01971789, 0.226747, 253.235, 267.8856
-1.482923, 0.01971789, 0.2372142, 268.9904, 267.7025
-1.495293, 0.01971789, 0.4732538, 267.1693, 263.7038
-1.695019, 0.01971789, 0.4627866, 251.8869, 263.876
-1.682649, 0.1847178, 0.226747, 253.235, 254.8365
-1.682649, 0.01971789, 0.226747, 253.235, 267.8856
-1.695019, 0.01971789, 0.4627866, 251.8869, 263.876
-1.695019, 0.1847178, 0.4627866, 251.8869, 251.2207
-1.482923, 0.1847178, 0.2372142, 268.9904, 254.6714
-1.482923, 0.01971789, 0.2372142, 268.9904, 267.7025
-1.682649, 0.01971789, 0.226747, 253.235, 267.8856
-1.682649, 0.1847178, 0.226747, 253.235, 254.8365
box4_Fairever(Clone) stack 102 Shelf_0 Rack_0_1_2
-1.495293, 0.3497178, 0.226747, 268.0521, 241.7874
-1.695019, 0.3497178, 0.2372142, 252.2399, 241.6403
-1.682649, 0.3497178, 0.4732538, 252.8186, 238.4269
-1.482923, 0.3497178, 0.4627866, 268.1545, 238.5653
-1.682649, 0.3497178, 0.4732538, 252.8186, 238.4269
-1.682649, 0.1847179, 0.4732538, 252.8186, 251.0654
-1.482923, 0.1847179, 0.4627866, 268.1545, 251.2207
-1.482923, 0.3497178, 0.4627866, 268.1545, 238.5653
-1.482923, 0.3497178, 0.4627866, 268.1545, 238.5653
-1.482923, 0.1847179, 0.4627866, 268.1545, 251.2207
-1.495293, 0.1847179, 0.226747, 268.0521, 254.8365
-1.495293, 0.3497178, 0.226747, 268.0521, 241.7874
-1.695019, 0.1847179, 0.2372142, 252.2399, 254.6714
-1.495293, 0.1847179, 0.226747, 268.0521, 254.8365
-1.482923, 0.1847179, 0.4627866, 268.1545, 251.2207
-1.682649, 0.1847179, 0.4732538, 252.8186, 251.0654
-1.695019, 0.3497178, 0.2372142, 252.2399, 241.6403
-1.695019, 0.1847179, 0.2372142, 252.2399, 254.6714
-1.682649, 0.1847179, 0.4732538, 252.8186, 251.0654
-1.682649, 0.3497178, 0.4732538, 252.8186, 238.4269
-1.495293, 0.3497178, 0.226747, 268.0521, 241.7874
-1.495293, 0.1847179, 0.226747, 268.0521, 254.8365
-1.695019, 0.1847179, 0.2372142, 252.2399, 254.6714
-1.695019, 0.3497178, 0.2372142, 252.2399, 241.6403
box_3_Hareli(Clone) stack 103 Shelf_0 Rack_0_1_2
-1.869127, 0.1692639, 0.2510558, 238.4922, 255.6721
-2.068031, 0.1692639, 0.2301501, 222.7647, 256.0044
-2.091027, 0.1692639, 0.448945, 221.4807, 252.6141
-1.892123, 0.1692639, 0.4698507, 236.7721, 252.3
-2.091027, 0.1692639, 0.448945, 221.4807, 252.6141
-2.091027, 0.01926387, 0.448945, 221.4807, 264.1393
-1.892123, 0.01926387, 0.4698507, 236.7721, 263.7945
-1.892123, 0.1692639, 0.4698507, 236.7721, 252.3
-1.892123, 0.1692639, 0.4698507, 236.7721, 252.3
-1.892123, 0.01926387, 0.4698507, 236.7721, 263.7945
-1.869127, 0.01926387, 0.2510558, 238.4922, 267.497
-1.869127, 0.1692639, 0.2510558, 238.4922, 255.6721
-2.068031, 0.01926387, 0.2301501, 222.7647, 267.8619
-1.869127, 0.01926387, 0.2510558, 238.4922, 267.497
-1.892123, 0.01926387, 0.4698507, 236.7721, 263.7945
-2.091027, 0.01926387, 0.448945, 221.4807, 264.1393
-2.068031, 0.1692639, 0.2301501, 222.7647, 256.0044
-2.068031, 0.01926387, 0.2301501, 222.7647, 267.8619
-2.091027, 0.01926387, 0.448945, 221.4807, 264.1393
-2.091027, 0.1692639, 0.448945, 221.4807, 252.6141
-1.869127, 0.1692639, 0.2510558, 238.4922, 255.6721
-1.869127, 0.01926387, 0.2510558, 238.4922, 267.497
-2.068031, 0.01926387, 0.2301501, 222.7647, 267.8619
-2.068031, 0.1692639, 0.2301501, 222.7647, 256.0044
box_3_Hareli(Clone) stack 103 Shelf_0 Rack_0_1_2
-1.883977, 0.3192639, 0.2365774, 237.3164, 244.0546
-2.083855, 0.3192639, 0.2435573, 221.5464, 243.9545
-2.076177, 0.3192639, 0.4634233, 222.6538, 240.8925
-1.876299, 0.3192639, 0.4564434, 237.9812, 240.987
-2.076177, 0.3192639, 0.4634233, 222.6538, 240.8925
-2.076177, 0.1692639, 0.4634234, 222.6538, 252.3964
-1.876299, 0.1692639, 0.4564435, 237.9812, 252.5012
-1.876299, 0.3192639, 0.4564434, 237.9812, 240.987
-1.876299, 0.3192639, 0.4564434, 237.9812, 240.987
-1.876299, 0.1692639, 0.4564435, 237.9812, 252.5012
-1.883977, 0.1692638, 0.2365774, 237.3164, 255.9021
-1.883977, 0.3192639, 0.2365774, 237.3164, 244.0546
-2.083855, 0.1692638, 0.2435573, 221.5464, 255.7911
-1.883977, 0.1692638, 0.2365774, 237.3164, 255.9021
-1.876299, 0.1692639, 0.4564435, 237.9812, 252.5012
-2.076177, 0.1692639, 0.4634234, 222.6538, 252.3964
-2.083855, 0.3192639, 0.2435573, 221.5464, 243.9545
-2.083855, 0.1692638, 0.2435573, 221.5464, 255.7911
-2.076177, 0.1692639, 0.4634234, 222.6538, 252.3964
-2.076177, 0.3192639, 0.4634233, 222.6538, 240.8925
-1.883977, 0.3192639, 0.2365774, 237.3164, 244.0546
-1.883977, 0.1692638, 0.2365774, 237.3164, 255.9021
-2.083855, 0.1692638, 0.2435573, 221.5464, 255.7911
-2.083855, 0.3192639, 0.2435573, 221.5464, 243.9545
box_3_Hareli(Clone) stack 103 Shelf_0 Rack_0_1_2
-1.882012, 0.4692639, 0.2382718, 237.4722, 232.1855
-2.081982, 0.4692639, 0.2417623, 221.6899, 232.1409
-2.078142, 0.4692639, 0.4617289, 222.4994, 229.409
-1.878173, 0.4692639, 0.4582384, 237.8379, 229.4512
-2.078142, 0.4692639, 0.4617289, 222.4994, 229.409
-2.078142, 0.3192639, 0.4617289, 222.4994, 240.9154
-1.878173, 0.3192639, 0.4582384, 237.8379, 240.9627
-1.878173, 0.4692639, 0.4582384, 237.8379, 229.4512
-1.878173, 0.4692639, 0.4582384, 237.8379, 229.4512
-1.878173, 0.3192639, 0.4582384, 237.8379, 240.9627
-1.882012, 0.3192638, 0.2382719, 237.4722, 244.0303
-1.882012, 0.4692639, 0.2382718, 237.4722, 232.1855
-2.081982, 0.3192638, 0.2417624, 221.6899, 243.9802
-1.882012, 0.3192638, 0.2382719, 237.4722, 244.0303
-1.878173, 0.3192639, 0.4582384, 237.8379, 240.9627
-2.078142, 0.3192639, 0.4617289, 222.4994, 240.9154
-2.081982, 0.4692639, 0.2417623, 221.6899, 232.1409
-2.081982, 0.3192638, 0.2417624, 221.6899, 243.9802
-2.078142, 0.3192639, 0.4617289, 222.4994, 240.9154
-2.078142, 0.4692639, 0.4617289, 222.4994, 229.409
-1.882012, 0.4692639, 0.2382718, 237.4722, 232.1855
-1.882012, 0.3192638, 0.2382719, 237.4722, 244.0303
-2.081982, 0.3192638, 0.2417624, 221.6899, 243.9802
-2.081982, 0.4692639, 0.2417623, 221.6899, 232.1409
box_3_Hareli(Clone) stack 103 Shelf_0 Rack_0_1_2
-1.880077, 0.6192639, 0.2400003, 237.6255, 220.3213
-2.080077, 0.6192639, 0.2400003, 221.836, 220.3213
-2.080077, 0.6192639, 0.4600004, 222.347, 217.9209
-1.880077, 0.6192639, 0.4600004, 237.6923, 217.9209
-2.080077, 0.6192639, 0.4600004, 222.347, 217.9209
-2.080077, 0.4692639, 0.4600004, 222.347, 229.4299
-1.880077, 0.4692639, 0.4600004, 237.6923, 229.4299
-1.880077, 0.6192639, 0.4600004, 237.6923, 217.9209
-1.880077, 0.6192639, 0.4600004, 237.6923, 217.9209
-1.880077, 0.4692639, 0.4600004, 237.6923, 229.4299
-1.880077, 0.4692638, 0.2400004, 237.6255, 232.1634
-1.880077, 0.6192639, 0.2400003, 237.6255, 220.3213
-2.080077, 0.4692638, 0.2400004, 221.836, 232.1634
-1.880077, 0.4692638, 0.2400004, 237.6255, 232.1634
-1.880077, 0.4692639, 0.4600004, 237.6923, 229.4299
-2.080077, 0.4692639, 0.4600004, 222.347, 229.4299
-2.080077, 0.6192639, 0.2400003, 221.836, 220.3213
-2.080077, 0.4692638, 0.2400004, 221.836, 232.1634
-2.080077, 0.4692639, 0.4600004, 222.347, 229.4299
-2.080077, 0.6192639, 0.4600004, 222.347, 217.9209
-1.880077, 0.6192639, 0.2400003, 237.6255, 220.3213
-1.880077, 0.4692638, 0.2400004, 237.6255, 232.1634
-2.080077, 0.4692638, 0.2400004, 221.836, 232.1634
-2.080077, 0.6192639, 0.2400003, 221.836, 220.3213
box_3_Hareli(Clone) stack 103 Shelf_0 Rack_0_1_2
-1.880077, 0.7692639, 0.2400003, 237.6255, 208.4792
-2.080077, 0.7692639, 0.2400003, 221.836, 208.4792
-2.080077, 0.7692639, 0.4600004, 222.347, 206.412
-1.880077, 0.7692639, 0.4600004, 237.6923, 206.412
-2.080077, 0.7692639, 0.4600004, 222.347, 206.412
-2.080077, 0.6192638, 0.4600004, 222.347, 217.9209
-1.880077, 0.6192638, 0.4600004, 237.6923, 217.9209
-1.880077, 0.7692639, 0.4600004, 237.6923, 206.412
-1.880077, 0.7692639, 0.4600004, 237.6923, 206.412
-1.880077, 0.6192638, 0.4600004, 237.6923, 217.9209
-1.880077, 0.6192638, 0.2400004, 237.6255, 220.3213
-1.880077, 0.7692639, 0.2400003, 237.6255, 208.4792
-2.080077, 0.6192638, 0.2400004, 221.836, 220.3213
-1.880077, 0.6192638, 0.2400004, 237.6255, 220.3213
-1.880077, 0.6192638, 0.4600004, 237.6923, 217.9209
-2.080077, 0.6192638, 0.4600004, 222.347, 217.9209
-2.080077, 0.7692639, 0.2400003, 221.836, 208.4792
-2.080077, 0.6192638, 0.2400004, 221.836, 220.3213
-2.080077, 0.6192638, 0.4600004, 222.347, 217.9209
-2.080077, 0.7692639, 0.4600004, 222.347, 206.412
-1.880077, 0.7692639, 0.2400003, 237.6255, 208.4792
-1.880077, 0.6192638, 0.2400004, 237.6255, 220.3213
-2.080077, 0.6192638, 0.2400004, 221.836, 220.3213
-2.080077, 0.7692639, 0.2400003, 221.836, 208.4792
box_2_Parle-G(Clone) stack 104 Shelf_0 Rack_0_1_2
-2.256221, 0.274422, 0.2841088, 208.115, 246.8962
-2.45619, 0.274422, 0.2806183, 192.3973, 246.9473
-2.458551, 0.274422, 0.4158919, 193.0432, 244.9998
-2.258582, 0.274422, 0.4193824, 208.4874, 244.9505
-2.458551, 0.274422, 0.4158919, 193.0432, 244.9998
-2.458551, 0.01942197, 0.4158919, 193.0432, 264.6761
-2.258582, 0.01942197, 0.4193824, 208.4874, 264.6179
-2.258582, 0.274422, 0.4193824, 208.4874, 244.9505
-2.258582, 0.274422, 0.4193824, 208.4874, 244.9505
-2.258582, 0.01942197, 0.4193824, 208.4874, 264.6179
-2.256221, 0.01942196, 0.2841088, 208.115, 266.9116
-2.256221, 0.274422, 0.2841088, 208.115, 246.8962
-2.45619, 0.01942196, 0.2806184, 192.3973, 266.9719
-2.256221, 0.01942196, 0.2841088, 208.115, 266.9116
-2.258582, 0.01942197, 0.4193824, 208.4874, 264.6179
-2.458551, 0.01942197, 0.4158919, 193.0432, 264.6761
-2.45619, 0.274422, 0.2806183, 192.3973, 246.9473
-2.45619, 0.01942196, 0.2806184, 192.3973, 266.9719
-2.458551, 0.01942197, 0.4158919, 193.0432, 264.6761
-2.458551, 0.274422, 0.4158919, 193.0432, 244.9998
-2.256221, 0.274422, 0.2841088, 208.115, 246.8962
-2.256221, 0.01942196, 0.2841088, 208.115, 266.9116
-2.45619, 0.01942196, 0.2806184, 192.3973, 266.9719
-2.45619, 0.274422, 0.2806183, 192.3973, 246.9473
box_2_Parle-G(Clone) stack 104 Shelf_0 Rack_0_1_2
-2.258582, 0.529422, 0.2806183, 207.915, 226.9228
-2.458551, 0.529422, 0.2841088, 192.2337, 226.8808
-2.45619, 0.529422, 0.4193824, 193.2464, 225.2831
-2.256221, 0.529422, 0.4158919, 208.6554, 225.3236
-2.45619, 0.529422, 0.4193824, 193.2464, 225.2831
-2.45619, 0.274422, 0.4193824, 193.2464, 244.9505
-2.256221, 0.274422, 0.4158919, 208.6554, 244.9998
-2.256221, 0.529422, 0.4158919, 208.6554, 225.3236
-2.256221, 0.529422, 0.4158919, 208.6554, 225.3236
-2.256221, 0.274422, 0.4158919, 208.6554, 244.9998
-2.258582, 0.2744219, 0.2806184, 207.915, 246.9473
-2.258582, 0.529422, 0.2806183, 207.915, 226.9228
-2.458551, 0.2744219, 0.2841088, 192.2337, 246.8962
-2.258582, 0.2744219, 0.2806184, 207.915, 246.9473
-2.256221, 0.274422, 0.4158919, 208.6554, 244.9998
-2.45619, 0.274422, 0.4193824, 193.2464, 244.9505
-2.458551, 0.529422, 0.2841088, 192.2337, 226.8808
-2.458551, 0.2744219, 0.2841088, 192.2337, 246.8962
-2.45619, 0.274422, 0.4193824, 193.2464, 244.9505
-2.45619, 0.529422, 0.4193824, 193.2464, 225.2831
-2.258582, 0.529422, 0.2806183, 207.915, 226.9228
-2.258582, 0.2744219, 0.2806184, 207.915, 246.9473
-2.458551, 0.2744219, 0.2841088, 192.2337, 246.8962
-2.458551, 0.529422, 0.2841088, 192.2337, 226.8808
box_2_Parle-G(Clone) stack 104 Shelf_0 Rack_0_1_2
-2.257386, 0.784422, 0.2823533, 208.0162, 206.8819
-2.457386, 0.784422, 0.2823533, 192.3142, 206.8819
-2.457386, 0.784422, 0.4176474, 193.1437, 205.6315
-2.257386, 0.784422, 0.4176474, 208.5726, 205.6315
-2.457386, 0.784422, 0.4176474, 193.1437, 205.6315
-2.457386, 0.5294219, 0.4176475, 193.1437, 225.3033
-2.257386, 0.5294219, 0.4176475, 208.5726, 225.3033
-2.257386, 0.784422, 0.4176474, 208.5726, 205.6315
-2.257386, 0.784422, 0.4176474, 208.5726, 205.6315
-2.257386, 0.5294219, 0.4176475, 208.5726, 225.3033
-2.257386, 0.5294219, 0.2823533, 208.0162, 226.9019
-2.257386, 0.784422, 0.2823533, 208.0162, 206.8819
-2.457386, 0.5294219, 0.2823533, 192.3142, 226.9019
-2.257386, 0.5294219, 0.2823533, 208.0162, 226.9019
-2.257386, 0.5294219, 0.4176475, 208.5726, 225.3033
-2.457386, 0.5294219, 0.4176475, 193.1437, 225.3033
-2.457386, 0.784422, 0.2823533, 192.3142, 206.8819
-2.457386, 0.5294219, 0.2823533, 192.3142, 226.9019
-2.457386, 0.5294219, 0.4176475, 193.1437, 225.3033
-2.457386, 0.784422, 0.4176474, 193.1437, 205.6315
-2.257386, 0.784422, 0.2823533, 208.0162, 206.8819
-2.257386, 0.5294219, 0.2823533, 208.0162, 226.9019
-2.457386, 0.5294219, 0.2823533, 192.3142, 226.9019
-2.457386, 0.784422, 0.2823533, 192.3142, 206.8819
box_5_LMRR(Clone) stack 105 Shelf_0 Rack_0_1_2
-2.641484, 0.162368, 0.2133235, 177.2943, 256.8196
-2.84121, 0.162368, 0.2028563, 161.3623, 256.9882
-2.856084, 0.162368, 0.4866772, 163.0693, 252.5758
-2.656358, 0.162368, 0.4971444, 178.4236, 252.4192
-2.856084, 0.162368, 0.4866772, 163.0693, 252.5758
-2.856084, 0.019868, 0.4866772, 163.0693, 263.4721
-2.656358, 0.019868, 0.4971444, 178.4236, 263.301
-2.656358, 0.162368, 0.4971444, 178.4236, 252.4192
-2.656358, 0.162368, 0.4971444, 178.4236, 252.4192
-2.656358, 0.019868, 0.4971444, 178.4236, 263.301
-2.641484, 0.019868, 0.2133235, 177.2943, 268.1092
-2.641484, 0.162368, 0.2133235, 177.2943, 256.8196
-2.84121, 0.019868, 0.2028564, 161.3623, 268.2935
-2.641484, 0.019868, 0.2133235, 177.2943, 268.1092
-2.656358, 0.019868, 0.4971444, 178.4236, 263.301
-2.856084, 0.019868, 0.4866772, 163.0693, 263.4721
-2.84121, 0.162368, 0.2028563, 161.3623, 256.9882
-2.84121, 0.019868, 0.2028564, 161.3623, 268.2935
-2.856084, 0.019868, 0.4866772, 163.0693, 263.4721
-2.856084, 0.162368, 0.4866772, 163.0693, 252.5758
-2.641484, 0.162368, 0.2133235, 177.2943, 256.8196
-2.641484, 0.019868, 0.2133235, 177.2943, 268.1092
-2.84121, 0.019868, 0.2028564, 161.3623, 268.2935
-2.84121, 0.162368, 0.2028563, 161.3623, 256.9882
box_5_LMRR(Clone) stack 105 Shelf_0 Rack_0_1_2
-2.641484, 0.304868, 0.2133235, 177.2943, 245.53
-2.84121, 0.304868, 0.2028563, 161.3623, 245.683
-2.856084, 0.304868, 0.4866772, 163.0693, 241.6795
-2.656358, 0.304868, 0.4971444, 178.4236, 241.5374
-2.856084, 0.304868, 0.4866772, 163.0693, 241.6795
-2.856084, 0.162368, 0.4866772, 163.0693, 252.5758
-2.656358, 0.162368, 0.4971444, 178.4236, 252.4192
-2.656358, 0.304868, 0.4971444, 178.4236, 241.5374
-2.656358, 0.304868, 0.4971444, 178.4236, 241.5374
-2.656358, 0.162368, 0.4971444, 178.4236, 252.4192
-2.641484, 0.162368, 0.2133235, 177.2943, 256.8196
-2.641484, 0.304868, 0.2133235, 177.2943, 245.53
-2.84121, 0.162368, 0.2028564, 161.3623, 256.9882
-2.641484, 0.162368, 0.2133235, 177.2943, 256.8196
-2.656358, 0.162368, 0.4971444, 178.4236, 252.4192
-2.856084, 0.162368, 0.4866772, 163.0693, 252.5758
-2.84121, 0.304868, 0.2028563, 161.3623, 245.683
-2.84121, 0.162368, 0.2028564, 161.3623, 256.9882
-2.856084, 0.162368, 0.4866772, 163.0693, 252.5758
-2.856084, 0.304868, 0.4866772, 163.0693, 241.6795
-2.641484, 0.304868, 0.2133235, 177.2943, 245.53
-2.641484, 0.162368, 0.2133235, 177.2943, 256.8196
-2.84121, 0.162368, 0.2028564, 161.3623, 256.9882
-2.84121, 0.304868, 0.2028563, 161.3623, 245.683
box_5_LMRR(Clone) stack 105 Shelf_0 Rack_0_1_2
-2.634478, 0.447368, 0.2191265, 177.897, 234.1644
-2.833382, 0.447368, 0.1982208, 161.9354, 234.4386
-2.863091, 0.447368, 0.4808742, 162.4762, 230.854
-2.664186, 0.447368, 0.5017799, 177.8625, 230.5991
-2.863091, 0.447368, 0.4808742, 162.4762, 230.854
-2.863091, 0.304868, 0.4808742, 162.4762, 241.7584
-2.664186, 0.304868, 0.5017799, 177.8625, 241.4745
-2.664186, 0.447368, 0.5017799, 177.8625, 230.5991
-2.664186, 0.447368, 0.5017799, 177.8625, 230.5991
-2.664186, 0.304868, 0.5017799, 177.8625, 241.4745
-2.634478, 0.304868, 0.2191265, 177.897, 245.4453
-2.634478, 0.447368, 0.2191265, 177.897, 234.1644
-2.833382, 0.304868, 0.1982208, 161.9354, 245.7508
-2.634478, 0.304868, 0.2191265, 177.897, 245.4453
-2.664186, 0.304868, 0.5017799, 177.8625, 241.4745
-2.863091, 0.304868, 0.4808742, 162.4762, 241.7584
-2.833382, 0.447368, 0.1982208, 161.9354, 234.4386
-2.833382, 0.304868, 0.1982208, 161.9354, 245.7508
-2.863091, 0.304868, 0.4808742, 162.4762, 241.7584
-2.863091, 0.447368, 0.4808742, 162.4762, 230.854
-2.634478, 0.447368, 0.2191265, 177.897, 234.1644
-2.634478, 0.304868, 0.2191265, 177.897, 245.4453
-2.833382, 0.304868, 0.1982208, 161.9354, 245.7508
-2.833382, 0.447368, 0.1982208, 161.9354, 234.4386
box_5_LMRR(Clone) stack 105 Shelf_0 Rack_0_1_2
-2.664186, 0.5898679, 0.1982208, 175.3669, 223.1265
-2.863091, 0.5898679, 0.2191265, 159.7989, 222.8834
-2.833382, 0.5898679, 0.5017799, 164.9496, 219.7237
-2.634478, 0.5898679, 0.4808742, 179.9701, 219.9496
-2.833382, 0.5898679, 0.5017799, 164.9496, 219.7237
-2.833382, 0.4473679, 0.5017799, 164.9496, 230.5991
-2.634478, 0.4473679, 0.4808742, 179.9701, 230.854
-2.634478, 0.5898679, 0.4808742, 179.9701, 219.9496
-2.634478, 0.5898679, 0.4808742, 179.9701, 219.9496
-2.634478, 0.4473679, 0.4808742, 179.9701, 230.854
-2.664186, 0.4473679, 0.1982208, 175.3669, 234.4386
-2.664186, 0.5898679, 0.1982208, 175.3669, 223.1265
-2.863091, 0.4473679, 0.2191265, 159.7989, 234.1644
-2.664186, 0.4473679, 0.1982208, 175.3669, 234.4386
-2.634478, 0.4473679, 0.4808742, 179.9701, 230.854
-2.833382, 0.4473679, 0.5017799, 164.9496, 230.5991
-2.863091, 0.5898679, 0.2191265, 159.7989, 222.8834
-2.863091, 0.4473679, 0.2191265, 159.7989, 234.1644
-2.833382, 0.4473679, 0.5017799, 164.9496, 230.5991
-2.833382, 0.5898679, 0.5017799, 164.9496, 219.7237
-2.664186, 0.5898679, 0.1982208, 175.3669, 223.1265
-2.664186, 0.4473679, 0.1982208, 175.3669, 234.4386
-2.863091, 0.4473679, 0.2191265, 159.7989, 234.1644
-2.863091, 0.5898679, 0.2191265, 159.7989, 222.8834
box_5_LMRR(Clone) stack 105 Shelf_0 Rack_0_1_2
-2.648784, 0.7323679, 0.2078952, 176.6706, 211.7161
-2.848784, 0.7323679, 0.2078952, 160.8141, 211.7161
-2.848784, 0.732368, 0.4921055, 163.6803, 208.9393
-2.648784, 0.732368, 0.4921055, 178.9628, 208.9393
-2.848784, 0.732368, 0.4921055, 163.6803, 208.9393
-2.848784, 0.5898679, 0.4921056, 163.6803, 219.8281
-2.648784, 0.5898679, 0.4921056, 178.9628, 219.8281
-2.648784, 0.732368, 0.4921055, 178.9628, 208.9393
-2.648784, 0.732368, 0.4921055, 178.9628, 208.9393
-2.648784, 0.5898679, 0.4921056, 178.9628, 219.8281
-2.648784, 0.5898679, 0.2078952, 176.6706, 223.0138
-2.648784, 0.7323679, 0.2078952, 176.6706, 211.7161
-2.848784, 0.5898679, 0.2078952, 160.8141, 223.0138
-2.648784, 0.5898679, 0.2078952, 176.6706, 223.0138
-2.648784, 0.5898679, 0.4921056, 178.9628, 219.8281
-2.848784, 0.5898679, 0.4921056, 163.6803, 219.8281
-2.848784, 0.7323679, 0.2078952, 160.8141, 211.7161
-2.848784, 0.5898679, 0.2078952, 160.8141, 223.0138
-2.848784, 0.5898679, 0.4921056, 163.6803, 219.8281
-2.848784, 0.732368, 0.4921055, 163.6803, 208.9393
-2.648784, 0.7323679, 0.2078952, 176.6706, 211.7161
-2.648784, 0.5898679, 0.2078952, 176.6706, 223.0138
-2.848784, 0.5898679, 0.2078952, 160.8141, 223.0138
-2.848784, 0.7323679, 0.2078952, 160.8141, 211.7161
box_7_litchi(Clone) stack 106 Shelf_1 Rack_0_1_2
-1.408676, 1.414419, 0.2535512, 274.7793, 157.5057
-1.608555, 1.414419, 0.2465713, 259.045, 157.5264
-1.615535, 1.414419, 0.4464495, 258.0209, 156.9496
-1.415656, 1.414419, 0.4534294, 273.3536, 156.93
-1.615535, 1.414419, 0.4464495, 258.0209, 156.9496
-1.615535, 1.204419, 0.4464495, 258.0209, 173.0901
-1.415656, 1.204419, 0.4534294, 273.3536, 173.0561
-1.415656, 1.414419, 0.4534294, 273.3536, 156.93
-1.415656, 1.414419, 0.4534294, 273.3536, 156.93
-1.415656, 1.204419, 0.4534294, 273.3536, 173.0561
-1.408676, 1.204419, 0.2535512, 274.7793, 174.0552
-1.408676, 1.414419, 0.2535512, 274.7793, 157.5057
-1.608555, 1.204419, 0.2465713, 259.045, 174.091
-1.408676, 1.204419, 0.2535512, 274.7793, 174.0552
-1.415656, 1.204419, 0.4534294, 273.3536, 173.0561
-1.615535, 1.204419, 0.4464495, 258.0209, 173.0901
-1.608555, 1.414419, 0.2465713, 259.045, 157.5264
-1.608555, 1.204419, 0.2465713, 259.045, 174.091
-1.615535, 1.204419, 0.4464495, 258.0209, 173.0901
-1.615535, 1.414419, 0.4464495, 258.0209, 156.9496
-1.408676, 1.414419, 0.2535512, 274.7793, 157.5057
-1.408676, 1.204419, 0.2535512, 274.7793, 174.0552
-1.608555, 1.204419, 0.2465713, 259.045, 174.091
-1.608555, 1.414419, 0.2465713, 259.045, 157.5264
box_7_litchi(Clone) stack 106 Shelf_1 Rack_0_1_2
-1.419325, 1.624419, 0.2432683, 273.9861, 140.9644
-1.618837, 1.624419, 0.2572196, 258.2084, 140.9534
-1.604886, 1.624419, 0.4567324, 258.8145, 140.8015
-1.405373, 1.624419, 0.4427811, 274.1898, 140.8119
-1.604886, 1.624419, 0.4567324, 258.8145, 140.8015
-1.604886, 1.414419, 0.4567324, 258.8145, 156.9208
-1.405373, 1.414419, 0.4427811, 274.1898, 156.96
-1.405373, 1.624419, 0.4427811, 274.1898, 140.8119
-1.405373, 1.624419, 0.4427811, 274.1898, 140.8119
-1.405373, 1.414419, 0.4427811, 274.1898, 156.96
-1.419325, 1.414419, 0.2432683, 273.9861, 157.5362
-1.419325, 1.624419, 0.2432683, 273.9861, 140.9644
-1.618837, 1.414419, 0.2572196, 258.2084, 157.4949
-1.419325, 1.414419, 0.2432683, 273.9861, 157.5362
-1.405373, 1.414419, 0.4427811, 274.1898, 156.96
-1.604886, 1.414419, 0.4567324, 258.8145, 156.9208
-1.618837, 1.624419, 0.2572196, 258.2084, 140.9534
-1.618837, 1.414419, 0.2572196, 258.2084, 157.4949
-1.604886, 1.414419, 0.4567324, 258.8145, 156.9208
-1.604886, 1.624419, 0.4567324, 258.8145, 140.8015
-1.419325, 1.624419, 0.2432683, 273.9861, 140.9644
-1.419325, 1.414419, 0.2432683, 273.9861, 157.5362
-1.618837, 1.414419, 0.2572196, 258.2084, 157.4949
-1.618837, 1.624419, 0.2572196, 258.2084, 140.9534
box_7_litchi(Clone) stack 106 Shelf_1 Rack_0_1_2
-1.410375, 1.834419, 0.2517608, 274.6536, 124.4044
-1.610345, 1.834419, 0.2482703, 258.8996, 124.3995
-1.613835, 1.834419, 0.4482399, 258.1473, 124.671
-1.413866, 1.834419, 0.4517304, 273.4984, 124.6756
-1.613835, 1.834419, 0.4482399, 258.1473, 124.671
-1.613835, 1.624419, 0.4482399, 258.1473, 140.8078
-1.413866, 1.624419, 0.4517304, 273.4984, 140.8052
-1.413866, 1.834419, 0.4517304, 273.4984, 124.6756
-1.413866, 1.834419, 0.4517304, 273.4984, 124.6756
-1.413866, 1.624419, 0.4517304, 273.4984, 140.8052
-1.410375, 1.624419, 0.2517608, 274.6536, 140.9577
-1.410375, 1.834419, 0.2517608, 274.6536, 124.4044
-1.610345, 1.624419, 0.2482704, 258.8996, 140.9604
-1.410375, 1.624419, 0.2517608, 274.6536, 140.9577
-1.413866, 1.624419, 0.4517304, 273.4984, 140.8052
-1.613835, 1.624419, 0.4482399, 258.1473, 140.8078
-1.610345, 1.834419, 0.2482703, 258.8996, 124.3995
-1.610345, 1.624419, 0.2482704, 258.8996, 140.9604
-1.613835, 1.624419, 0.4482399, 258.1473, 140.8078
-1.613835, 1.834419, 0.4482399, 258.1473, 124.671
-1.410375, 1.834419, 0.2517608, 274.6536, 124.4044
-1.410375, 1.624419, 0.2517608, 274.6536, 140.9577
-1.610345, 1.624419, 0.2482704, 258.8996, 140.9604
-1.610345, 1.834419, 0.2482703, 258.8996, 124.3995
box_7_litchi(Clone) stack 106 Shelf_1 Rack_0_1_2
-1.400664, 2.044419, 0.2629327, 275.3672, 107.8908
-1.599173, 2.044419, 0.2385588, 259.8059, 107.8039
-1.623547, 2.044419, 0.4370681, 257.426, 108.4963
-1.425038, 2.044419, 0.4614419, 272.5998, 108.5789
-1.623547, 2.044419, 0.4370681, 257.426, 108.4963
-1.623547, 1.834419, 0.4370681, 257.426, 124.6562
-1.425038, 1.834419, 0.4614419, 272.5998, 124.6884
-1.425038, 2.044419, 0.4614419, 272.5998, 108.5789
-1.425038, 2.044419, 0.4614419, 272.5998, 108.5789
-1.425038, 1.834419, 0.4614419, 272.5998, 124.6884
-1.400664, 1.834419, 0.2629327, 275.3672, 124.4199
-1.400664, 2.044419, 0.2629327, 275.3672, 107.8908
-1.599173, 1.834419, 0.2385588, 259.8059, 124.386
-1.400664, 1.834419, 0.2629327, 275.3672, 124.4199
-1.425038, 1.834419, 0.4614419, 272.5998, 124.6884
-1.623547, 1.834419, 0.4370681, 257.426, 124.6562
-1.599173, 2.044419, 0.2385588, 259.8059, 107.8039
-1.599173, 1.834419, 0.2385588, 259.8059, 124.386
-1.623547, 1.834419, 0.4370681, 257.426, 124.6562
-1.623547, 2.044419, 0.4370681, 257.426, 108.4963
-1.400664, 2.044419, 0.2629327, 275.3672, 107.8908
-1.400664, 1.834419, 0.2629327, 275.3672, 124.4199
-1.599173, 1.834419, 0.2385588, 259.8059, 124.386
-1.599173, 2.044419, 0.2385588, 259.8059, 107.8039
box_8_lizol(Clone) stack 107 Shelf_1 Rack_0_1_2
-1.784988, 1.380775, 0.2397029, 245.1327, 160.203
-1.983497, 1.380775, 0.2153291, 229.4264, 160.2841
-2.013576, 1.380775, 0.4602979, 227.4499, 159.4921
-1.815066, 1.380775, 0.4846717, 242.6719, 159.416
-2.013576, 1.380775, 0.4602979, 227.4499, 159.4921
-2.013576, 1.204525, 0.4602979, 227.4499, 173.0146
-1.815066, 1.204525, 0.4846717, 242.6719, 172.8965
-1.815066, 1.380775, 0.4846717, 242.6719, 159.416
-1.815066, 1.380775, 0.4846717, 242.6719, 159.416
-1.815066, 1.204525, 0.4846717, 242.6719, 172.8965
-1.784988, 1.204525, 0.2397029, 245.1327, 174.118
-1.784988, 1.380775, 0.2397029, 245.1327, 160.203
-1.983497, 1.204525, 0.215329, 229.4264, 174.2439
-1.784988, 1.204525, 0.2397029, 245.1327, 174.118
-1.815066, 1.204525, 0.4846717, 242.6719, 172.8965
-2.013576, 1.204525, 0.4602979, 227.4499, 173.0146
-1.983497, 1.380775, 0.2153291, 229.4264, 160.2841
-1.983497, 1.204525, 0.215329, 229.4264, 174.2439
-2.013576, 1.204525, 0.4602979, 227.4499, 173.0146
-2.013576, 1.380775, 0.4602979, 227.4499, 159.4921
-1.784988, 1.380775, 0.2397029, 245.1327, 160.203
-1.784988, 1.204525, 0.2397029, 245.1327, 174.118
-1.983497, 1.204525, 0.215329, 229.4264, 174.2439
-1.983497, 1.380775, 0.2153291, 229.4264, 160.2841
box_8_lizol(Clone) stack 107 Shelf_1 Rack_0_1_2
-1.80365, 1.557025, 0.2231813, 243.6674, 146.3126
-2.003528, 1.557025, 0.2301612, 227.8637, 146.3022
-1.994914, 1.557025, 0.4768194, 228.9051, 145.9464
-1.795036, 1.557025, 0.4698395, 244.2119, 145.9562
-1.994914, 1.557025, 0.4768194, 228.9051, 145.9464
-1.994914, 1.380775, 0.4768195, 228.9051, 159.4404
-1.795036, 1.380775, 0.4698395, 244.2119, 159.4622
-1.795036, 1.557025, 0.4698395, 244.2119, 145.9562
-1.795036, 1.557025, 0.4698395, 244.2119, 145.9562
-1.795036, 1.380775, 0.4698395, 244.2119, 159.4622
-1.80365, 1.380775, 0.2231813, 243.6674, 160.2579
-1.80365, 1.557025, 0.2231813, 243.6674, 146.3126
-2.003528, 1.380775, 0.2301612, 227.8637, 160.2347
-1.80365, 1.380775, 0.2231813, 243.6674, 160.2579
-1.795036, 1.380775, 0.4698395, 244.2119, 159.4622
-1.994914, 1.380775, 0.4768195, 228.9051, 159.4404
-2.003528, 1.557025, 0.2301612, 227.8637, 146.3022
-2.003528, 1.380775, 0.2301612, 227.8637, 160.2347
-1.994914, 1.380775, 0.4768195, 228.9051, 159.4404
-1.994914, 1.557025, 0.4768194, 228.9051, 145.9464
-1.80365, 1.557025, 0.2231813, 243.6674, 146.3126
-1.80365, 1.380775, 0.2231813, 243.6674, 160.2579
-2.003528, 1.380775, 0.2301612, 227.8637, 160.2347
-2.003528, 1.557025, 0.2301612, 227.8637, 146.3022
box_8_lizol(Clone) stack 107 Shelf_1 Rack_0_1_2
-1.784988, 1.733275, 0.2397029, 245.1327, 132.3729
-1.983497, 1.733275, 0.2153291, 229.4264, 132.3645
-2.013576, 1.733275, 0.4602979, 227.4499, 132.4471
-1.815066, 1.733275, 0.4846717, 242.6719, 132.455
-2.013576, 1.733275, 0.4602979, 227.4499, 132.4471
-2.013576, 1.557025, 0.4602979, 227.4499, 145.9695
-1.815066, 1.557025, 0.4846717, 242.6719, 145.9355
-1.815066, 1.733275, 0.4846717, 242.6719, 132.455
-1.815066, 1.733275, 0.4846717, 242.6719, 132.455
-1.815066, 1.557025, 0.4846717, 242.6719, 145.9355
-1.784988, 1.557025, 0.2397029, 245.1327, 146.288
-1.784988, 1.733275, 0.2397029, 245.1327, 132.3729
-1.983497, 1.557025, 0.215329, 229.4264, 146.3243
-1.784988, 1.557025, 0.2397029, 245.1327, 146.288
-1.815066, 1.557025, 0.4846717, 242.6719, 145.9355
-2.013576, 1.557025, 0.4602979, 227.4499, 145.9695
-1.983497, 1.733275, 0.2153291, 229.4264, 132.3645
-1.983497, 1.557025, 0.215329, 229.4264, 146.3243
-2.013576, 1.557025, 0.4602979, 227.4499, 145.9695
-2.013576, 1.733275, 0.4602979, 227.4499, 132.4471
-1.784988, 1.733275, 0.2397029, 245.1327, 132.3729
-1.784988, 1.557025, 0.2397029, 245.1327, 146.288
-1.983497, 1.557025, 0.215329, 229.4264, 146.3243
-1.983497, 1.733275, 0.2153291, 229.4264, 132.3645
box_8_lizol(Clone) stack 107 Shelf_1 Rack_0_1_2
-1.812729, 1.909525, 0.2168193, 242.9515, 118.408
-2.011633, 1.909525, 0.237725, 227.2357, 118.4536
-1.985835, 1.909525, 0.4831815, 229.6087, 118.9714
-1.78693, 1.909525, 0.4622758, 244.8377, 118.9286
-1.985835, 1.909525, 0.4831815, 229.6087, 118.9714
-1.985835, 1.733275, 0.4831815, 229.6087, 132.4545
-1.78693, 1.733275, 0.4622758, 244.8377, 132.4477
-1.78693, 1.909525, 0.4622758, 244.8377, 118.9286
-1.78693, 1.909525, 0.4622758, 244.8377, 118.9286
-1.78693, 1.733275, 0.4622758, 244.8377, 132.4477
-1.812729, 1.733275, 0.2168193, 242.9515, 132.365
-1.812729, 1.909525, 0.2168193, 242.9515, 118.408
-2.011633, 1.733275, 0.237725, 227.2357, 132.3723
-1.812729, 1.733275, 0.2168193, 242.9515, 132.365
-1.78693, 1.733275, 0.4622758, 244.8377, 132.4477
-1.985835, 1.733275, 0.4831815, 229.6087, 132.4545
-2.011633, 1.909525, 0.237725, 227.2357, 118.4536
-2.011633, 1.733275, 0.237725, 227.2357, 132.3723
-1.985835, 1.733275, 0.4831815, 229.6087, 132.4545
-1.985835, 1.909525, 0.4831815, 229.6087, 118.9714
-1.812729, 1.909525, 0.2168193, 242.9515, 118.408
-1.812729, 1.733275, 0.2168193, 242.9515, 132.365
-2.011633, 1.733275, 0.237725, 227.2357, 132.3723
-2.011633, 1.909525, 0.237725, 227.2357, 118.4536
box_5_LMRR(Clone) stack 108 Shelf_1 Rack_0_1_2
-2.168546, 1.346961, 0.2133235, 214.7631, 162.9697
-2.368272, 1.346961, 0.2028563, 198.8829, 163.0084
-2.383146, 1.346961, 0.4866772, 199.2327, 161.9953
-2.18342, 1.346961, 0.4971444, 214.5388, 161.9593
-2.383146, 1.346961, 0.4866772, 199.2327, 161.9953
-2.383146, 1.204461, 0.4866772, 199.2327, 172.8916
-2.18342, 1.204461, 0.4971444, 214.5388, 172.8411
-2.18342, 1.346961, 0.4971444, 214.5388, 161.9593
-2.18342, 1.346961, 0.4971444, 214.5388, 161.9593
-2.18342, 1.204461, 0.4971444, 214.5388, 172.8411
-2.168546, 1.204461, 0.2133235, 214.7631, 174.2593
-2.168546, 1.346961, 0.2133235, 214.7631, 162.9697
-2.368272, 1.204461, 0.2028564, 198.8829, 174.3136
-2.168546, 1.204461, 0.2133235, 214.7631, 174.2593
-2.18342, 1.204461, 0.4971444, 214.5388, 172.8411
-2.383146, 1.204461, 0.4866772, 199.2327, 172.8916
-2.368272, 1.346961, 0.2028563, 198.8829, 163.0084
-2.368272, 1.204461, 0.2028564, 198.8829, 174.3136
-2.383146, 1.204461, 0.4866772, 199.2327, 172.8916
-2.383146, 1.346961, 0.4866772, 199.2327, 161.9953
-2.168546, 1.346961, 0.2133235, 214.7631, 162.9697
-2.168546, 1.204461, 0.2133235, 214.7631, 174.2593
-2.368272, 1.204461, 0.2028564, 198.8829, 174.3136
-2.368272, 1.346961, 0.2028563, 198.8829, 163.0084
box_5_LMRR(Clone) stack 108 Shelf_1 Rack_0_1_2
-2.166177, 1.489461, 0.215217, 214.957, 151.6759
-2.36569, 1.489461, 0.2012657, 199.0791, 151.7066
-2.385515, 1.489461, 0.4847837, 199.0417, 151.1028
-2.186002, 1.489461, 0.498735, 214.3468, 151.0742
-2.385515, 1.489461, 0.4847837, 199.0417, 151.1028
-2.385515, 1.346961, 0.4847838, 199.0417, 162.0018
-2.186002, 1.346961, 0.498735, 214.3468, 161.9539
-2.186002, 1.489461, 0.498735, 214.3468, 151.0742
-2.186002, 1.489461, 0.498735, 214.3468, 151.0742
-2.186002, 1.346961, 0.498735, 214.3468, 161.9539
-2.166177, 1.346961, 0.215217, 214.957, 162.9626
-2.166177, 1.489461, 0.215217, 214.957, 151.6759
-2.36569, 1.346961, 0.2012657, 199.0791, 163.0143
-2.166177, 1.346961, 0.215217, 214.957, 162.9626
-2.186002, 1.346961, 0.498735, 214.3468, 161.9539
-2.385515, 1.346961, 0.4847838, 199.0417, 162.0018
-2.36569, 1.489461, 0.2012657, 199.0791, 151.7066
-2.36569, 1.346961, 0.2012657, 199.0791, 163.0143
-2.385515, 1.346961, 0.4847838, 199.0417, 162.0018
-2.385515, 1.489461, 0.4847837, 199.0417, 151.1028
-2.166177, 1.489461, 0.215217, 214.957, 151.6759
-2.166177, 1.346961, 0.215217, 214.957, 162.9626
-2.36569, 1.346961, 0.2012657, 199.0791, 163.0143
-2.36569, 1.489461, 0.2012657, 199.0791, 151.7066
box_5_LMRR(Clone) stack 108 Shelf_1 Rack_0_1_2
-2.18342, 1.631961, 0.2028563, 213.5481, 140.3979
-2.383146, 1.631961, 0.2133235, 197.7613, 140.3904
-2.368272, 1.631961, 0.4971444, 200.4229, 140.1957
-2.168546, 1.631961, 0.4866772, 215.6423, 140.2026
-2.368272, 1.631961, 0.4971444, 200.4229, 140.1957
-2.368272, 1.489461, 0.4971444, 200.4229, 151.0775
-2.168546, 1.489461, 0.4866772, 215.6423, 151.099
-2.168546, 1.631961, 0.4866772, 215.6423, 140.2026
-2.168546, 1.631961, 0.4866772, 215.6423, 140.2026
-2.168546, 1.489461, 0.4866772, 215.6423, 151.099
-2.18342, 1.489461, 0.2028564, 213.5481, 151.7031
-2.18342, 1.631961, 0.2028563, 213.5481, 140.3979
-2.383146, 1.489461, 0.2133235, 197.7613, 151.68
-2.18342, 1.489461, 0.2028564, 213.5481, 151.7031
-2.168546, 1.489461, 0.4866772, 215.6423, 151.099
-2.368272, 1.489461, 0.4971444, 200.4229, 151.0775
-2.383146, 1.631961, 0.2133235, 197.7613, 140.3904
-2.383146, 1.489461, 0.2133235, 197.7613, 151.68
-2.368272, 1.489461, 0.4971444, 200.4229, 151.0775
-2.368272, 1.631961, 0.4971444, 200.4229, 140.1957
-2.18342, 1.631961, 0.2028563, 213.5481, 140.3979
-2.18342, 1.489461, 0.2028564, 213.5481, 151.7031
-2.383146, 1.489461, 0.2133235, 197.7613, 151.68
-2.383146, 1.631961, 0.2133235, 197.7613, 140.3904
box_5_LMRR(Clone) stack 109 Shelf_1 Rack_0_1_2
-2.547098, 1.346961, 0.2191265, 184.8144, 162.9482
-2.746002, 1.346961, 0.1982208, 168.872, 163.0255
-2.77571, 1.346961, 0.4808742, 169.1628, 162.0153
-2.576806, 1.346961, 0.5017799, 184.5312, 161.9434
-2.77571, 1.346961, 0.4808742, 169.1628, 162.0153
-2.77571, 1.204461, 0.4808742, 169.1628, 172.9196
-2.576806, 1.204461, 0.5017799, 184.5312, 172.8188
-2.576806, 1.346961, 0.5017799, 184.5312, 161.9434
-2.576806, 1.346961, 0.5017799, 184.5312, 161.9434
-2.576806, 1.204461, 0.5017799, 184.5312, 172.8188
-2.547098, 1.204461, 0.2191265, 184.8144, 174.2292
-2.547098, 1.346961, 0.2191265, 184.8144, 162.9482
-2.746002, 1.204461, 0.1982208, 168.872, 174.3377
-2.547098, 1.204461, 0.2191265, 184.8144, 174.2292
-2.576806, 1.204461, 0.5017799, 184.5312, 172.8188
-2.77571, 1.204461, 0.4808742, 169.1628, 172.9196
-2.746002, 1.346961, 0.1982208, 168.872, 163.0255
-2.746002, 1.204461, 0.1982208, 168.872, 174.3377
-2.77571, 1.204461, 0.4808742, 169.1628, 172.9196
-2.77571, 1.346961, 0.4808742, 169.1628, 162.0153
-2.547098, 1.346961, 0.2191265, 184.8144, 162.9482
-2.547098, 1.204461, 0.2191265, 184.8144, 174.2292
-2.746002, 1.204461, 0.1982208, 168.872, 174.3377
-2.746002, 1.346961, 0.1982208, 168.872, 163.0255
box_5_LMRR(Clone) stack 109 Shelf_1 Rack_0_1_2
-2.549399, 1.489461, 0.2171515, 184.6178, 151.6716
-2.748638, 1.489461, 0.1997204, 168.6769, 151.7101
-2.773409, 1.489461, 0.4828492, 169.3567, 151.1068
-2.57417, 1.489461, 0.5002804, 184.7219, 151.0711
-2.773409, 1.489461, 0.4828492, 169.3567, 151.1068
-2.773409, 1.346961, 0.4828492, 169.3567, 162.0085
-2.57417, 1.346961, 0.5002804, 184.7219, 161.9485
-2.57417, 1.489461, 0.5002804, 184.7219, 151.0711
-2.57417, 1.489461, 0.5002804, 184.7219, 151.0711
-2.57417, 1.346961, 0.5002804, 184.7219, 161.9485
-2.549399, 1.346961, 0.2171515, 184.6178, 162.9555
-2.549399, 1.489461, 0.2171515, 184.6178, 151.6716
-2.748638, 1.346961, 0.1997204, 168.6769, 163.02
-2.549399, 1.346961, 0.2171515, 184.6178, 162.9555
-2.57417, 1.346961, 0.5002804, 184.7219, 161.9485
-2.773409, 1.346961, 0.4828492, 169.3567, 162.0085
-2.748638, 1.489461, 0.1997204, 168.6769, 151.7101
-2.748638, 1.346961, 0.1997204, 168.6769, 163.02
-2.773409, 1.346961, 0.4828492, 169.3567, 162.0085
-2.773409, 1.489461, 0.4828492, 169.3567, 151.1068
-2.549399, 1.489461, 0.2171515, 184.6178, 151.6716
-2.549399, 1.346961, 0.2171515, 184.6178, 162.9555
-2.748638, 1.346961, 0.1997204, 168.6769, 163.02
-2.748638, 1.489461, 0.1997204, 168.6769, 151.7101
box_5_LMRR(Clone) stack 109 Shelf_1 Rack_0_1_2
-2.576806, 1.631961, 0.1982208, 182.3034, 140.4012
-2.77571, 1.631961, 0.2191265, 166.7164, 140.3863
-2.746002, 1.631961, 0.5017799, 171.6184, 140.1926
-2.547098, 1.631961, 0.4808742, 186.6566, 140.2065
-2.746002, 1.631961, 0.5017799, 171.6184, 140.1926
-2.746002, 1.489461, 0.5017799, 171.6184, 151.068
-2.547098, 1.489461, 0.4808742, 186.6566, 151.1109
-2.547098, 1.631961, 0.4808742, 186.6566, 140.2065
-2.547098, 1.631961, 0.4808742, 186.6566, 140.2065
-2.547098, 1.489461, 0.4808742, 186.6566, 151.1109
-2.576806, 1.489461, 0.1982208, 182.3034, 151.7133
-2.576806, 1.631961, 0.1982208, 182.3034, 140.4012
-2.77571, 1.489461, 0.2191265, 166.7164, 151.6673
-2.576806, 1.489461, 0.1982208, 182.3034, 151.7133
-2.547098, 1.489461, 0.4808742, 186.6566, 151.1109
-2.746002, 1.489461, 0.5017799, 171.6184, 151.068
-2.77571, 1.631961, 0.2191265, 166.7164, 140.3863
-2.77571, 1.489461, 0.2191265, 166.7164, 151.6673
-2.746002, 1.489461, 0.5017799, 171.6184, 151.068
-2.746002, 1.631961, 0.5017799, 171.6184, 140.1926
-2.576806, 1.631961, 0.1982208, 182.3034, 140.4012
-2.576806, 1.489461, 0.1982208, 182.3034, 151.7133
-2.77571, 1.489461, 0.2191265, 166.7164, 151.6673
-2.77571, 1.631961, 0.2191265, 166.7164, 140.3863
box_5_LMRR(Clone) stack 109 Shelf_1 Rack_0_1_2
-2.563899, 1.774461, 0.2061716, 183.3876, 129.0952
-2.763869, 1.774461, 0.209662, 167.5633, 129.0979
-2.758909, 1.774461, 0.4938292, 170.5632, 129.3115
-2.558939, 1.774461, 0.4903387, 185.8159, 129.3089
-2.758909, 1.774461, 0.4938292, 170.5632, 129.3115
-2.758909, 1.631961, 0.4938292, 170.5632, 140.1979
-2.558939, 1.631961, 0.4903387, 185.8159, 140.2002
-2.558939, 1.774461, 0.4903387, 185.8159, 129.3089
-2.558939, 1.774461, 0.4903387, 185.8159, 129.3089
-2.558939, 1.631961, 0.4903387, 185.8159, 140.2002
-2.563899, 1.631961, 0.2061716, 183.3876, 140.3955
-2.563899, 1.774461, 0.2061716, 183.3876, 129.0952
-2.763869, 1.631961, 0.2096621, 167.5633, 140.393
-2.563899, 1.631961, 0.2061716, 183.3876, 140.3955
-2.558939, 1.631961, 0.4903387, 185.8159, 140.2002
-2.758909, 1.631961, 0.4938292, 170.5632, 140.1979
-2.763869, 1.774461, 0.209662, 167.5633, 129.0979
-2.763869, 1.631961, 0.2096621, 167.5633, 140.393
-2.758909, 1.631961, 0.4938292, 170.5632, 140.1979
-2.758909, 1.774461, 0.4938292, 170.5632, 129.3115
-2.563899, 1.774461, 0.2061716, 183.3876, 129.0952
-2.563899, 1.631961, 0.2061716, 183.3876, 140.3955
-2.763869, 1.631961, 0.2096621, 167.5633, 140.393
-2.763869, 1.774461, 0.209662, 167.5633, 129.0979
box_5_LMRR(Clone) stack 109 Shelf_1 Rack_0_1_2
-2.563899, 1.916961, 0.2061716, 183.3876, 117.7949
-2.763869, 1.916961, 0.209662, 167.5633, 117.8028
-2.758909, 1.916961, 0.4938292, 170.5632, 118.4251
-2.558939, 1.916961, 0.4903387, 185.8159, 118.4177
-2.758909, 1.916961, 0.4938292, 170.5632, 118.4251
-2.758909, 1.774461, 0.4938292, 170.5632, 129.3115
-2.558939, 1.774461, 0.4903387, 185.8159, 129.309
-2.558939, 1.916961, 0.4903387, 185.8159, 118.4177
-2.558939, 1.916961, 0.4903387, 185.8159, 118.4177
-2.558939, 1.774461, 0.4903387, 185.8159, 129.309
-2.563899, 1.774461, 0.2061716, 183.3876, 129.0952
-2.563899, 1.916961, 0.2061716, 183.3876, 117.7949
-2.763869, 1.774461, 0.2096621, 167.5633, 129.0979
-2.563899, 1.774461, 0.2061716, 183.3876, 129.0952
-2.558939, 1.774461, 0.4903387, 185.8159, 129.309
-2.758909, 1.774461, 0.4938292, 170.5632, 129.3115
-2.763869, 1.916961, 0.209662, 167.5633, 117.8028
-2.763869, 1.774461, 0.2096621, 167.5633, 129.0979
-2.758909, 1.774461, 0.4938292, 170.5632, 129.3115
-2.758909, 1.916961, 0.4938292, 170.5632, 118.4251
-2.563899, 1.916961, 0.2061716, 183.3876, 117.7949
-2.563899, 1.774461, 0.2061716, 183.3876, 129.0952
-2.763869, 1.774461, 0.2096621, 167.5633, 129.0979
-2.763869, 1.916961, 0.209662, 167.5633, 117.8028
box_6_melody(Clone) stack 111 Shelf_2 Rack_0_1_2
-1.829276, 2.576536, 0.2217414, 241.64, 65.6331
-2.028515, 2.576536, 0.2391725, 225.9052, 65.79222
-2.007598, 2.576536, 0.4782594, 227.9363, 67.90323
-1.808359, 2.576536, 0.4608282, 243.1946, 67.75369
-2.007598, 2.576536, 0.4782594, 227.9363, 67.90323
-2.007598, 2.389036, 0.4782594, 227.9363, 82.25592
-1.808359, 2.389036, 0.4608282, 243.1946, 82.13837
-1.808359, 2.576536, 0.4608282, 243.1946, 67.75369
-1.808359, 2.576536, 0.4608282, 243.1946, 67.75369
-1.808359, 2.389036, 0.4608282, 243.1946, 82.13837
-1.829276, 2.389036, 0.2217414, 241.64, 80.47139
-1.829276, 2.576536, 0.2217414, 241.64, 65.6331
-2.028515, 2.389036, 0.2391725, 225.9052, 80.59647
-1.829276, 2.389036, 0.2217414, 241.64, 80.47139
-1.808359, 2.389036, 0.4608282, 243.1946, 82.13837
-2.007598, 2.389036, 0.4782594, 227.9363, 82.25592
-2.028515, 2.576536, 0.2391725, 225.9052, 65.79222
-2.028515, 2.389036, 0.2391725, 225.9052, 80.59647
-2.007598, 2.389036, 0.4782594, 227.9363, 82.25592
-2.007598, 2.576536, 0.4782594, 227.9363, 67.90323
-1.829276, 2.576536, 0.2217414, 241.64, 65.6331
-1.829276, 2.389036, 0.2217414, 241.64, 80.47139
-2.028515, 2.389036, 0.2391725, 225.9052, 80.59647
-2.028515, 2.576536, 0.2391725, 225.9052, 65.79222
box_6_melody(Clone) stack 111 Shelf_2 Rack_0_1_2
-1.808359, 2.764036, 0.2391725, 243.2878, 50.98798
-2.007598, 2.764036, 0.2217414, 227.5281, 50.79482
-2.028515, 2.764036, 0.4608282, 226.3047, 53.36903
-1.829276, 2.764036, 0.4782594, 241.5864, 53.55057
-2.028515, 2.764036, 0.4608282, 226.3047, 53.36903
-2.028515, 2.576536, 0.4608282, 226.3047, 67.75369
-1.829276, 2.576536, 0.4782594, 241.5864, 67.90323
-1.829276, 2.764036, 0.4782594, 241.5864, 53.55057
-1.829276, 2.764036, 0.4782594, 241.5864, 53.55057
-1.829276, 2.576536, 0.4782594, 241.5864, 67.90323
-1.808359, 2.576536, 0.2391725, 243.2878, 65.79222
-1.808359, 2.764036, 0.2391725, 243.2878, 50.98798
-2.007598, 2.576536, 0.2217414, 227.5281, 65.6331
-1.808359, 2.576536, 0.2391725, 243.2878, 65.79222
-1.829276, 2.576536, 0.4782594, 241.5864, 67.90323
-2.028515, 2.576536, 0.4608282, 226.3047, 67.75369
-2.007598, 2.764036, 0.2217414, 227.5281, 50.79482
-2.007598, 2.576536, 0.2217414, 227.5281, 65.6331
-2.028515, 2.576536, 0.4608282, 226.3047, 67.75369
-2.028515, 2.764036, 0.4608282, 226.3047, 53.36903
-1.808359, 2.764036, 0.2391725, 243.2878, 50.98798
-1.808359, 2.576536, 0.2391725, 243.2878, 65.79222
-2.007598, 2.576536, 0.2217414, 227.5281, 65.6331
-2.007598, 2.764036, 0.2217414, 227.5281, 50.79482
box_6_melody(Clone) stack 111 Shelf_2 Rack_0_1_2
-1.822686, 2.951536, 0.2265834, 242.1602, 36.01976
-2.022564, 2.951536, 0.2335633, 226.365, 36.11075
-2.014188, 2.951536, 0.4734173, 227.424, 39.13867
-1.81431, 2.951536, 0.4664374, 242.7361, 39.05318
-2.014188, 2.951536, 0.4734173, 227.424, 39.13867
-2.014188, 2.764036, 0.4734173, 227.424, 53.50021
-1.81431, 2.764036, 0.4664374, 242.7361, 53.42755
-1.81431, 2.951536, 0.4664374, 242.7361, 39.05318
-1.81431, 2.951536, 0.4664374, 242.7361, 39.05318
-1.81431, 2.764036, 0.4664374, 242.7361, 53.42755
-1.822686, 2.764036, 0.2265835, 242.1602, 50.84857
-1.822686, 2.951536, 0.2265834, 242.1602, 36.01976
-2.022564, 2.764036, 0.2335634, 226.365, 50.92593
-1.822686, 2.764036, 0.2265835, 242.1602, 50.84857
-1.81431, 2.764036, 0.4664374, 242.7361, 53.42755
-2.014188, 2.764036, 0.4734173, 227.424, 53.50021
-2.022564, 2.951536, 0.2335633, 226.365, 36.11075
-2.022564, 2.764036, 0.2335634, 226.365, 50.92593
-2.014188, 2.764036, 0.4734173, 227.424, 53.50021
-2.014188, 2.951536, 0.4734173, 227.424, 39.13867
-1.822686, 2.951536, 0.2265834, 242.1602, 36.01976
-1.822686, 2.764036, 0.2265835, 242.1602, 50.84857
-2.022564, 2.764036, 0.2335634, 226.365, 50.92593
-2.022564, 2.951536, 0.2335633, 226.365, 36.11075
box_6_melody(Clone) stack 112 Shelf_2 Rack_0_1_2
-2.20363, 2.576536, 0.2202049, 212.0089, 65.61903
-2.402535, 2.576536, 0.2411106, 196.3852, 65.80986
-2.377448, 2.576536, 0.4797959, 199.633, 67.91638
-2.178544, 2.576536, 0.4588902, 214.7885, 67.73701
-2.377448, 2.576536, 0.4797959, 199.633, 67.91638
-2.377448, 2.389036, 0.4797959, 199.633, 82.26625
-2.178544, 2.389036, 0.4588902, 214.7885, 82.12526
-2.178544, 2.576536, 0.4588902, 214.7885, 67.73701
-2.178544, 2.576536, 0.4588902, 214.7885, 67.73701
-2.178544, 2.389036, 0.4588902, 214.7885, 82.12526
-2.20363, 2.389036, 0.2202049, 212.0089, 80.46034
-2.20363, 2.576536, 0.2202049, 212.0089, 65.61903
-2.402535, 2.389036, 0.2411106, 196.3852, 80.61034
-2.20363, 2.389036, 0.2202049, 212.0089, 80.46034
-2.178544, 2.389036, 0.4588902, 214.7885, 82.12526
-2.377448, 2.389036, 0.4797959, 199.633, 82.26625
-2.402535, 2.576536, 0.2411106, 196.3852, 65.80986
-2.402535, 2.389036, 0.2411106, 196.3852, 80.61034
-2.377448, 2.389036, 0.4797959, 199.633, 82.26625
-2.377448, 2.576536, 0.4797959, 199.633, 67.91638
-2.20363, 2.576536, 0.2202049, 212.0089, 65.61903
-2.20363, 2.389036, 0.2202049, 212.0089, 80.46034
-2.402535, 2.389036, 0.2411106, 196.3852, 80.61034
-2.402535, 2.576536, 0.2411106, 196.3852, 65.80986
box_6_melody(Clone) stack 112 Shelf_2 Rack_0_1_2
-2.184396, 2.764036, 0.2353984, 213.5844, 50.94624
-2.384122, 2.764036, 0.2249312, 197.7487, 50.83025
-2.396683, 2.764036, 0.4646024, 198.0797, 53.40839
-2.196957, 2.764036, 0.4750696, 213.4305, 53.51741
-2.396683, 2.764036, 0.4646024, 198.0797, 53.40839
-2.396683, 2.576536, 0.4646024, 198.0797, 67.78612
-2.196957, 2.576536, 0.4750696, 213.4305, 67.87592
-2.196957, 2.764036, 0.4750696, 213.4305, 53.51741
-2.196957, 2.764036, 0.4750696, 213.4305, 53.51741
-2.196957, 2.576536, 0.4750696, 213.4305, 67.87592
-2.184396, 2.576536, 0.2353984, 213.5844, 65.75784
-2.184396, 2.764036, 0.2353984, 213.5844, 50.94624
-2.384122, 2.576536, 0.2249312, 197.7487, 65.66228
-2.184396, 2.576536, 0.2353984, 213.5844, 65.75784
-2.196957, 2.576536, 0.4750696, 213.4305, 67.87592
-2.396683, 2.576536, 0.4646024, 198.0797, 67.78612
-2.384122, 2.764036, 0.2249312, 197.7487, 50.83025
-2.384122, 2.576536, 0.2249312, 197.7487, 65.66228
-2.396683, 2.576536, 0.4646024, 198.0797, 67.78612
-2.396683, 2.764036, 0.4646024, 198.0797, 53.40839
-2.184396, 2.764036, 0.2353984, 213.5844, 50.94624
-2.184396, 2.576536, 0.2353984, 213.5844, 65.75784
-2.384122, 2.576536, 0.2249312, 197.7487, 65.66228
-2.384122, 2.764036, 0.2249312, 197.7487, 50.83025
box_6_melody(Clone) stack 112 Shelf_2 Rack_0_1_2
-2.184396, 2.951536, 0.2353984, 213.5844, 36.13463
-2.384122, 2.951536, 0.2249312, 197.7487, 35.99821
-2.396683, 2.951536, 0.4646024, 198.0797, 39.03069
-2.196957, 2.951536, 0.4750696, 213.4305, 39.15889
-2.396683, 2.951536, 0.4646024, 198.0797, 39.03069
-2.396683, 2.764036, 0.4646024, 198.0797, 53.40839
-2.196957, 2.764036, 0.4750696, 213.4305, 53.51741
-2.196957, 2.951536, 0.4750696, 213.4305, 39.15889
-2.196957, 2.951536, 0.4750696, 213.4305, 39.15889
-2.196957, 2.764036, 0.4750696, 213.4305, 53.51741
-2.184396, 2.764036, 0.2353984, 213.5844, 50.94624
-2.184396, 2.951536, 0.2353984, 213.5844, 36.13463
-2.384122, 2.764036, 0.2249312, 197.7487, 50.83025
-2.184396, 2.764036, 0.2353984, 213.5844, 50.94624
-2.196957, 2.764036, 0.4750696, 213.4305, 53.51741
-2.396683, 2.764036, 0.4646024, 198.0797, 53.40839
-2.384122, 2.951536, 0.2249312, 197.7487, 35.99821
-2.384122, 2.764036, 0.2249312, 197.7487, 50.83025
-2.396683, 2.764036, 0.4646024, 198.0797, 53.40839
-2.396683, 2.951536, 0.4646024, 198.0797, 39.03069
-2.184396, 2.951536, 0.2353984, 213.5844, 36.13463
-2.184396, 2.764036, 0.2353984, 213.5844, 50.94624
-2.384122, 2.764036, 0.2249312, 197.7487, 50.83025
-2.384122, 2.951536, 0.2249312, 197.7487, 35.99821
box_6_melody(Clone) stack 112 Shelf_2 Rack_0_1_2
-2.180461, 3.139036, 0.2391725, 213.9081, 21.3795
-2.3797, 3.139036, 0.2217414, 198.0809, 21.11826
-2.400617, 3.139036, 0.4608282, 197.7576, 24.5997
-2.201379, 3.139036, 0.4782594, 213.1028, 24.8452
-2.400617, 3.139036, 0.4608282, 197.7576, 24.5997
-2.400617, 2.951536, 0.4608282, 197.7576, 38.98436
-2.201379, 2.951536, 0.4782594, 213.1028, 39.19789
-2.201379, 3.139036, 0.4782594, 213.1028, 24.8452
-2.201379, 3.139036, 0.4782594, 213.1028, 24.8452
-2.201379, 2.951536, 0.4782594, 213.1028, 39.19789
-2.180461, 2.951536, 0.2391725, 213.9081, 36.18375
-2.180461, 3.139036, 0.2391725, 213.9081, 21.3795
-2.3797, 2.951536, 0.2217414, 198.0809, 35.95654
-2.180461, 2.951536, 0.2391725, 213.9081, 36.18375
-2.201379, 2.951536, 0.4782594, 213.1028, 39.19789
-2.400617, 2.951536, 0.4608282, 197.7576, 38.98436
-2.3797, 3.139036, 0.2217414, 198.0809, 21.11826
-2.3797, 2.951536, 0.2217414, 198.0809, 35.95654
-2.400617, 2.951536, 0.4608282, 197.7576, 38.98436
-2.400617, 3.139036, 0.4608282, 197.7576, 24.5997
-2.180461, 3.139036, 0.2391725, 213.9081, 21.3795
-2.180461, 2.951536, 0.2391725, 213.9081, 36.18375
-2.3797, 2.951536, 0.2217414, 198.0809, 35.95654
-2.3797, 3.139036, 0.2217414, 198.0809, 21.11826
box_8_lizol(Clone) stack 113 Shelf_2 Rack_0_1_2
-2.557396, 2.565368, 0.2397029, 184.1508, 66.67876
-2.755906, 2.565368, 0.2153291, 168.2482, 66.45895
-2.785984, 2.565368, 0.4602979, 168.1881, 68.60597
-2.587475, 2.565368, 0.4846717, 183.5942, 68.81227
-2.785984, 2.565368, 0.4602979, 168.1881, 68.60597
-2.785984, 2.389118, 0.4602979, 168.1881, 82.12849
-2.587475, 2.389118, 0.4846717, 183.5942, 82.29276
-2.587475, 2.565368, 0.4846717, 183.5942, 68.81227
-2.587475, 2.565368, 0.4846717, 183.5942, 68.81227
-2.587475, 2.389118, 0.4846717, 183.5942, 82.29276
-2.557396, 2.389118, 0.2397029, 184.1508, 80.5938
-2.557396, 2.565368, 0.2397029, 184.1508, 66.67876
-2.755906, 2.389118, 0.215329, 168.2482, 80.41875
-2.557396, 2.389118, 0.2397029, 184.1508, 80.5938
-2.587475, 2.389118, 0.4846717, 183.5942, 82.29276
-2.785984, 2.389118, 0.4602979, 168.1881, 82.12849
-2.755906, 2.565368, 0.2153291, 168.2482, 66.45895
-2.755906, 2.389118, 0.215329, 168.2482, 80.41875
-2.785984, 2.389118, 0.4602979, 168.1881, 82.12849
-2.785984, 2.565368, 0.4602979, 168.1881, 68.60597
-2.557396, 2.565368, 0.2397029, 184.1508, 66.67876
-2.557396, 2.389118, 0.2397029, 184.1508, 80.5938
-2.755906, 2.389118, 0.215329, 168.2482, 80.41875
-2.755906, 2.565368, 0.2153291, 168.2482, 66.45895
box_8_lizol(Clone) stack 113 Shelf_2 Rack_0_1_2
-2.573859, 2.741618, 0.2248697, 182.7392, 52.60294
-2.773829, 2.741618, 0.2283601, 166.9543, 52.64084
-2.769521, 2.741618, 0.4751311, 169.5848, 55.23479
-2.569552, 2.741618, 0.4716406, 184.8735, 55.19922
-2.769521, 2.741618, 0.4751311, 169.5848, 55.23479
-2.769521, 2.565368, 0.4751311, 169.5848, 68.73167
-2.569552, 2.565368, 0.4716406, 184.8735, 68.70213
-2.569552, 2.741618, 0.4716406, 184.8735, 55.19922
-2.569552, 2.741618, 0.4716406, 184.8735, 55.19922
-2.569552, 2.565368, 0.4716406, 184.8735, 68.70213
-2.573859, 2.565368, 0.2248697, 182.7392, 66.54515
-2.573859, 2.741618, 0.2248697, 182.7392, 52.60294
-2.773829, 2.565368, 0.2283601, 166.9543, 66.57664
-2.573859, 2.565368, 0.2248697, 182.7392, 66.54515
-2.569552, 2.565368, 0.4716406, 184.8735, 68.70213
-2.769521, 2.565368, 0.4751311, 169.5848, 68.73167
-2.773829, 2.741618, 0.2283601, 166.9543, 52.64084
-2.773829, 2.565368, 0.2283601, 166.9543, 66.57664
-2.769521, 2.565368, 0.4751311, 169.5848, 68.73167
-2.769521, 2.741618, 0.4751311, 169.5848, 55.23479
-2.573859, 2.741618, 0.2248697, 182.7392, 52.60294
-2.573859, 2.565368, 0.2248697, 182.7392, 66.54515
-2.773829, 2.565368, 0.2283601, 166.9543, 66.57664
-2.773829, 2.741618, 0.2283601, 166.9543, 52.64084
box_8_lizol(Clone) stack 113 Shelf_2 Rack_0_1_2
-2.578286, 2.917868, 0.2215317, 182.3637, 38.61829
-2.778012, 2.917868, 0.2319989, 166.6587, 38.75117
-2.765095, 2.917868, 0.4784691, 169.9536, 41.77757
-2.565369, 2.917868, 0.4680019, 185.1685, 41.65292
-2.765095, 2.917868, 0.4784691, 169.9536, 41.77757
-2.765095, 2.741618, 0.4784691, 169.9536, 55.26874
-2.565369, 2.741618, 0.4680019, 185.1685, 55.16214
-2.565369, 2.917868, 0.4680019, 185.1685, 41.65292
-2.565369, 2.917868, 0.4680019, 185.1685, 41.65292
-2.565369, 2.741618, 0.4680019, 185.1685, 55.16214
-2.578286, 2.741618, 0.2215317, 182.3637, 52.56667
-2.578286, 2.917868, 0.2215317, 182.3637, 38.61829
-2.778012, 2.741618, 0.2319989, 166.6587, 52.68031
-2.578286, 2.741618, 0.2215317, 182.3637, 52.56667
-2.565369, 2.741618, 0.4680019, 185.1685, 55.16214
-2.765095, 2.741618, 0.4784691, 169.9536, 55.26874
-2.778012, 2.917868, 0.2319989, 166.6587, 38.75117
-2.778012, 2.741618, 0.2319989, 166.6587, 52.68031
-2.765095, 2.741618, 0.4784691, 169.9536, 55.26874
-2.765095, 2.917868, 0.4784691, 169.9536, 41.77757
-2.578286, 2.917868, 0.2215317, 182.3637, 38.61829
-2.578286, 2.741618, 0.2215317, 182.3637, 52.56667
-2.778012, 2.741618, 0.2319989, 166.6587, 52.68031
-2.778012, 2.917868, 0.2319989, 166.6587, 38.75117
box_8_lizol(Clone) stack 113 Shelf_2 Rack_0_1_2
-2.57169, 3.094118, 0.2265961, 182.9238, 24.74358
-2.77169, 3.094118, 0.2265961, 167.1064, 24.74358
-2.77169, 3.094118, 0.4734046, 169.4031, 28.21744
-2.57169, 3.094118, 0.4734046, 184.7221, 28.21744
-2.77169, 3.094118, 0.4734046, 169.4031, 28.21744
-2.77169, 2.917868, 0.4734046, 169.4031, 41.71732
-2.57169, 2.917868, 0.4734046, 184.7221, 41.71732
-2.57169, 3.094118, 0.4734046, 184.7221, 28.21744
-2.57169, 3.094118, 0.4734046, 184.7221, 28.21744
-2.57169, 2.917868, 0.4734046, 184.7221, 41.71732
-2.57169, 2.917868, 0.2265961, 182.9238, 38.68262
-2.57169, 3.094118, 0.2265961, 182.9238, 24.74358
-2.77169, 2.917868, 0.2265961, 167.1064, 38.68262
-2.57169, 2.917868, 0.2265961, 182.9238, 38.68262
-2.57169, 2.917868, 0.4734046, 184.7221, 41.71732
-2.77169, 2.917868, 0.4734046, 169.4031, 41.71732
-2.77169, 3.094118, 0.2265961, 167.1064, 24.74358
-2.77169, 2.917868, 0.2265961, 167.1064, 38.68262
-2.77169, 2.917868, 0.4734046, 169.4031, 41.71732
-2.77169, 3.094118, 0.4734046, 169.4031, 28.21744
-2.57169, 3.094118, 0.2265961, 182.9238, 24.74358
-2.57169, 2.917868, 0.2265961, 182.9238, 38.68262
-2.77169, 2.917868, 0.2265961, 167.1064, 38.68262
-2.77169, 3.094118, 0.2265961, 167.1064, 24.74358
box4_Fairever(Clone) stack 114 Shelf_2 Rack_0_1_2
-2.961053, 2.553905, 0.226747, 152.1321, 67.46869
-3.160779, 2.553905, 0.2372142, 136.4795, 67.56172
-3.148409, 2.553905, 0.4732538, 140.5464, 69.59384
-2.948683, 2.553905, 0.4627866, 155.7321, 69.50633
-3.148409, 2.553905, 0.4732538, 140.5464, 69.59384
-3.148409, 2.388905, 0.4732538, 140.5464, 82.23228
-2.948683, 2.388905, 0.4627866, 155.7321, 82.16167
-2.948683, 2.553905, 0.4627866, 155.7321, 69.50633
-2.948683, 2.553905, 0.4627866, 155.7321, 69.50633
-2.948683, 2.388905, 0.4627866, 155.7321, 82.16167
-2.961053, 2.388905, 0.226747, 152.1321, 80.51776
-2.961053, 2.553905, 0.226747, 152.1321, 67.46869
-3.160779, 2.388905, 0.2372142, 136.4795, 80.59282
-2.961053, 2.388905, 0.226747, 152.1321, 80.51776
-2.948683, 2.388905, 0.4627866, 155.7321, 82.16167
-3.148409, 2.388905, 0.4732538, 140.5464, 82.23228
-3.160779, 2.553905, 0.2372142, 136.4795, 67.56172
-3.160779, 2.388905, 0.2372142, 136.4795, 80.59282
-3.148409, 2.388905, 0.4732538, 140.5464, 82.23228
-3.148409, 2.553905, 0.4732538, 140.5464, 69.59384
-2.961053, 2.553905, 0.226747, 152.1321, 67.46869
-2.961053, 2.388905, 0.226747, 152.1321, 80.51776
-3.160779, 2.388905, 0.2372142, 136.4795, 80.59282
-3.160779, 2.553905, 0.2372142, 136.4795, 67.56172
