box4_Fairever(Clone) stack 85 Shelf_1 Rack_0_1_0
1.108523, 1.369311, 0.2372142, 465.7556, 161.1166
1.120893, 1.369311, 0.4732538, 459.9004, 160.3296
1.320619, 1.369311, 0.4627866, 475.5134, 160.3635
1.120893, 1.369311, 0.4732538, 459.9004, 160.3296
1.120893, 1.204311, 0.4732538, 459.9004, 172.968
1.320619, 1.204311, 0.4627866, 475.5134, 173.0188
1.320619, 1.369311, 0.4627866, 475.5134, 160.3635
1.320619, 1.369311, 0.4627866, 475.5134, 160.3635
1.320619, 1.204311, 0.4627866, 475.5134, 173.0188
1.108523, 1.204311, 0.2372142, 465.7556, 174.1477
1.320619, 1.204311, 0.4627866, 475.5134, 173.0188
1.120893, 1.204311, 0.4732538, 459.9004, 172.968
1.108523, 1.369311, 0.2372142, 465.7556, 161.1166
1.108523, 1.204311, 0.2372142, 465.7556, 174.1477
1.120893, 1.204311, 0.4732538, 459.9004, 172.968
1.120893, 1.369311, 0.4732538, 459.9004, 160.3296
1.108523, 1.204311, 0.2372142, 465.7556, 174.1477
1.108523, 1.369311, 0.2372142, 465.7556, 161.1166
box4_Fairever(Clone) stack 85 Shelf_1 Rack_0_1_0
1.120893, 1.534311, 0.226747, 467.0453, 148.1035
1.108523, 1.534311, 0.4627866, 459.2458, 147.7082
1.308248, 1.534311, 0.4732538, 474.2512, 147.6912
1.108523, 1.534311, 0.4627866, 459.2458, 147.7082
1.108523, 1.369311, 0.4627866, 459.2458, 160.3635
1.308248, 1.369311, 0.4732538, 474.2512, 160.3296
1.308248, 1.534311, 0.4732538, 474.2512, 147.6912
1.308248, 1.534311, 0.4732538, 474.2512, 147.6912
1.308248, 1.369311, 0.4732538, 474.2512, 160.3296
1.120893, 1.369311, 0.226747, 467.0453, 161.1526
1.308248, 1.369311, 0.4732538, 474.2512, 160.3296
1.108523, 1.369311, 0.4627866, 459.2458, 160.3635
1.120893, 1.534311, 0.226747, 467.0453, 148.1035
1.120893, 1.369311, 0.226747, 467.0453, 161.1526
1.108523, 1.369311, 0.4627866, 459.2458, 160.3635
1.108523, 1.534311, 0.4627866, 459.2458, 147.7082
1.120893, 1.369311, 0.226747, 467.0453, 161.1526
1.120893, 1.534311, 0.226747, 467.0453, 148.1035
box4_Fairever(Clone) stack 85 Shelf_1 Rack_0_1_0
1.125251, 1.699311, 0.2235528, 467.4858, 135.0545
1.104651, 1.699311, 0.4590169, 459.0545, 135.0529
1.30389, 1.699311, 0.476448, 473.822, 135.0527
1.104651, 1.699311, 0.4590169, 459.0545, 135.0529
1.104651, 1.534311, 0.4590169, 459.0545, 147.7143
1.30389, 1.534311, 0.476448, 473.822, 147.686
1.30389, 1.699311, 0.476448, 473.822, 135.0527
1.30389, 1.699311, 0.476448, 473.822, 135.0527
1.30389, 1.534311, 0.476448, 473.822, 147.686
1.125251, 1.534311, 0.2235527, 467.4858, 148.109
1.30389, 1.534311, 0.476448, 473.822, 147.686
1.104651, 1.534311, 0.4590169, 459.0545, 147.7143
1.125251, 1.699311, 0.2235528, 467.4858, 135.0545
1.125251, 1.534311, 0.2235527, 467.4858, 148.109
1.104651, 1.534311, 0.4590169, 459.0545, 147.7143
1.104651, 1.699311, 0.4590169, 459.0545, 135.0529
1.125251, 1.534311, 0.2235527, 467.4858, 148.109
1.125251, 1.699311, 0.2235528, 467.4858, 135.0545
box4_Fairever(Clone) stack 85 Shelf_1 Rack_0_1_0
1.116648, 1.864311, 0.2300913, 466.6098, 122.0111
1.112523, 1.864311, 0.4664189, 459.4508, 122.4034
1.312493, 1.864311, 0.4699094, 474.6765, 122.409
1.112523, 1.864311, 0.4664189, 459.4508, 122.4034
1.112523, 1.699311, 0.4664189, 459.4508, 135.0528
1.312493, 1.699311, 0.4699094, 474.6765, 135.0528
1.312493, 1.864311, 0.4699094, 474.6765, 122.409
1.312493, 1.864311, 0.4699094, 474.6765, 122.409
1.312493, 1.699311, 0.4699094, 474.6765, 135.0528
1.116648, 1.699311, 0.2300914, 466.6098, 135.0545
1.312493, 1.699311, 0.4699094, 474.6765, 135.0528
1.112523, 1.699311, 0.4664189, 459.4508, 135.0528
1.116648, 1.864311, 0.2300913, 466.6098, 122.0111
1.116648, 1.699311, 0.2300914, 466.6098, 135.0545
1.112523, 1.699311, 0.4664189, 459.4508, 135.0528
1.112523, 1.864311, 0.4664189, 459.4508, 122.4034
1.116648, 1.699311, 0.2300914, 466.6098, 135.0545
1.116648, 1.864311, 0.2300913, 466.6098, 122.0111
box_7_litchi(Clone) stack 86 Shelf_2 Rack_0_1_0
1.154097, 2.599012, 0.2465713, 469.0728, 64.08665
1.147117, 2.599012, 0.4464495, 462.6711, 65.90234
1.346995, 2.599012, 0.4534294, 477.821, 65.96407
1.147117, 2.599012, 0.4464495, 462.6711, 65.90234
1.147117, 2.389012, 0.4464495, 462.6711, 82.04285
1.346995, 2.389012, 0.4534294, 477.821, 82.09015
1.346995, 2.599012, 0.4534294, 477.821, 65.96407
1.346995, 2.599012, 0.4534294, 477.821, 65.96407
1.346995, 2.389012, 0.4534294, 477.821, 82.09015
1.154097, 2.389012, 0.2465713, 469.0728, 80.65128
1.346995, 2.389012, 0.4534294, 477.821, 82.09015
1.147117, 2.389012, 0.4464495, 462.6711, 82.04285
1.154097, 2.599012, 0.2465713, 469.0728, 64.08665
1.154097, 2.389012, 0.2465713, 469.0728, 80.65128
1.147117, 2.389012, 0.4464495, 462.6711, 82.04285
1.147117, 2.599012, 0.4464495, 462.6711, 65.90234
1.154097, 2.389012, 0.2465713, 469.0728, 80.65128
1.154097, 2.599012, 0.2465713, 469.0728, 64.08665
box_7_litchi(Clone) stack 86 Shelf_2 Rack_0_1_0
1.155917, 2.809012, 0.2449038, 469.2666, 47.50285
1.14545, 2.809012, 0.4446297, 462.5948, 49.74196
1.345176, 2.809012, 0.4550969, 477.6305, 49.85616
1.14545, 2.809012, 0.4446297, 462.5948, 49.74196
1.14545, 2.599012, 0.4446297, 462.5948, 65.88623
1.345176, 2.599012, 0.4550969, 477.6305, 65.97881
1.345176, 2.809012, 0.4550969, 477.6305, 49.85616
1.345176, 2.809012, 0.4550969, 477.6305, 49.85616
1.345176, 2.599012, 0.4550969, 477.6305, 65.97881
1.155917, 2.599012, 0.2449038, 469.2666, 64.07111
1.345176, 2.599012, 0.4550969, 477.6305, 65.97881
1.14545, 2.599012, 0.4446297, 462.5948, 65.88623
1.155917, 2.809012, 0.2449038, 469.2666, 47.50285
1.155917, 2.599012, 0.2449038, 469.2666, 64.07111
1.14545, 2.599012, 0.4446297, 462.5948, 65.88623
1.14545, 2.809012, 0.4446297, 462.5948, 49.74196
1.155917, 2.599012, 0.2449038, 469.2666, 64.07111
1.155917, 2.809012, 0.2449038, 469.2666, 47.50285
box_7_litchi(Clone) stack 86 Shelf_2 Rack_0_1_0
1.140641, 3.019012, 0.2610011, 467.5797, 31.15442
1.161547, 3.019012, 0.4599054, 463.3951, 33.79579
1.360451, 3.019012, 0.4389997, 479.2962, 33.52451
1.161547, 3.019012, 0.4599054, 463.3951, 33.79579
1.161547, 2.809012, 0.4599054, 463.3951, 49.90851
1.360451, 2.809012, 0.4389997, 479.2962, 49.68042
1.360451, 3.019012, 0.4389997, 479.2962, 33.52451
1.360451, 3.019012, 0.4389997, 479.2962, 33.52451
1.360451, 2.809012, 0.4389997, 479.2962, 49.68042
1.140641, 2.809012, 0.2610011, 467.5797, 47.68767
1.360451, 2.809012, 0.4389997, 479.2962, 49.68042
1.161547, 2.809012, 0.4599054, 463.3951, 49.90851
1.140641, 3.019012, 0.2610011, 467.5797, 31.15442
1.140641, 2.809012, 0.2610011, 467.5797, 47.68767
1.161547, 2.809012, 0.4599054, 463.3951, 49.90851
1.161547, 3.019012, 0.4599054, 463.3951, 33.79579
1.140641, 2.809012, 0.2610011, 467.5797, 47.68767
1.140641, 3.019012, 0.2610011, 467.5797, 31.15442
box_7_litchi(Clone) stack 86 Shelf_2 Rack_0_1_0
1.140641, 3.229012, 0.2610011, 467.5797, 14.62114
1.161547, 3.229012, 0.4599054, 463.3951, 17.68304
1.360451, 3.229012, 0.4389997, 479.2962, 17.36856
1.161547, 3.229012, 0.4599054, 463.3951, 17.68304
1.161547, 3.019012, 0.4599054, 463.3951, 33.79579
1.360451, 3.019012, 0.4389997, 479.2962, 33.52451
1.360451, 3.229012, 0.4389997, 479.2962, 17.36856
1.360451, 3.229012, 0.4389997, 479.2962, 17.36856
1.360451, 3.019012, 0.4389997, 479.2962, 33.52451
1.140641, 3.019012, 0.2610011, 467.5797, 31.15442
1.360451, 3.019012, 0.4389997, 479.2962, 33.52451
1.161547, 3.019012, 0.4599054, 463.3951, 33.79579
1.140641, 3.229012, 0.2610011, 467.5797, 14.62114
1.140641, 3.019012, 0.2610011, 467.5797, 31.15442
1.161547, 3.019012, 0.4599054, 463.3951, 33.79579
1.161547, 3.229012, 0.4599054, 463.3951, 17.68304
1.140641, 3.019012, 0.2610011, 467.5797, 31.15442
1.140641, 3.229012, 0.2610011, 467.5797, 14.62114
box_2_Parle-G(Clone) stack 90 Shelf_0 Rack_0_1_1
-0.7993499, 0.2744219, 0.2931767, 314.5298, 246.7636
-0.9982544, 0.2744219, 0.272271, 299.0974, 247.0698
-1.012396, 0.2744219, 0.406824, 296.9811, 245.1283
-0.813492, 0.2744219, 0.4277297, 312.1526, 244.8326
-1.012396, 0.2744219, 0.406824, 296.9811, 245.1283
-1.012396, 0.01942196, 0.406824, 296.9811, 264.8275
-0.813492, 0.01942196, 0.4277297, 312.1526, 264.4789
-0.813492, 0.2744219, 0.4277297, 312.1526, 244.8326
-0.813492, 0.2744219, 0.4277297, 312.1526, 244.8326
-0.813492, 0.01942196, 0.4277297, 312.1526, 264.4789
-0.7993499, 0.01942196, 0.2931767, 314.5298, 266.7553
-0.7993499, 0.2744219, 0.2931767, 314.5298, 246.7636
-0.9982544, 0.01942196, 0.272271, 299.0974, 267.1162
-0.7993499, 0.01942196, 0.2931767, 314.5298, 266.7553
-0.813492, 0.01942196, 0.4277297, 312.1526, 264.4789
-1.012396, 0.01942196, 0.406824, 296.9811, 264.8275
-0.9982544, 0.2744219, 0.272271, 299.0974, 247.0698
-0.9982544, 0.01942196, 0.272271, 299.0974, 267.1162
-1.012396, 0.01942196, 0.406824, 296.9811, 264.8275
-1.012396, 0.2744219, 0.406824, 296.9811, 245.1283
-0.7993499, 0.2744219, 0.2931767, 314.5298, 246.7636
-0.7993499, 0.01942196, 0.2931767, 314.5298, 266.7553
-0.9982544, 0.01942196, 0.272271, 299.0974, 267.1162
-0.9982544, 0.2744219, 0.272271, 299.0974, 247.0698
box_2_Parle-G(Clone) stack 90 Shelf_0 Rack_0_1_1
-0.7993499, 0.5294219, 0.2931767, 314.5298, 226.7719
-0.9982544, 0.5294219, 0.272271, 299.0974, 227.0233
-1.012396, 0.5294219, 0.406824, 296.9811, 225.4291
-0.813492, 0.5294219, 0.4277297, 312.1526, 225.1863
-1.012396, 0.5294219, 0.406824, 296.9811, 225.4291
-1.012396, 0.2744219, 0.406824, 296.9811, 245.1283
-0.813492, 0.2744219, 0.4277297, 312.1526, 244.8326
-0.813492, 0.5294219, 0.4277297, 312.1526, 225.1863
-0.813492, 0.5294219, 0.4277297, 312.1526, 225.1863
-0.813492, 0.2744219, 0.4277297, 312.1526, 244.8326
-0.7993499, 0.2744219, 0.2931767, 314.5298, 246.7636
-0.7993499, 0.5294219, 0.2931767, 314.5298, 226.7719
-0.9982544, 0.2744219, 0.272271, 299.0974, 247.0698
-0.7993499, 0.2744219, 0.2931767, 314.5298, 246.7636
-0.813492, 0.2744219, 0.4277297, 312.1526, 244.8326
-1.012396, 0.2744219, 0.406824, 296.9811, 245.1283
-0.9982544, 0.5294219, 0.272271, 299.0974, 227.0233
-0.9982544, 0.2744219, 0.272271, 299.0974, 247.0698
-1.012396, 0.2744219, 0.406824, 296.9811, 245.1283
-1.012396, 0.5294219, 0.406824, 296.9811, 225.4291
-0.7993499, 0.5294219, 0.2931767, 314.5298, 226.7719
-0.7993499, 0.2744219, 0.2931767, 314.5298, 246.7636
-0.9982544, 0.2744219, 0.272271, 299.0974, 247.0698
-0.9982544, 0.5294219, 0.272271, 299.0974, 227.0233
box_2_Parle-G(Clone) stack 90 Shelf_0 Rack_0_1_1
-0.813492, 0.7844219, 0.272271, 313.6223, 206.9769
-1.012396, 0.7844219, 0.2931767, 297.8272, 206.7802
-0.9982544, 0.7844219, 0.4277297, 297.9177, 205.5401
-0.7993499, 0.7844219, 0.406824, 313.4393, 205.7299
-0.9982544, 0.7844219, 0.4277297, 297.9177, 205.5401
-0.9982544, 0.5294219, 0.4277297, 297.9177, 225.1863
-0.7993499, 0.5294219, 0.406824, 313.4393, 225.4291
-0.7993499, 0.7844219, 0.406824, 313.4393, 205.7299
-0.7993499, 0.7844219, 0.406824, 313.4393, 205.7299
-0.7993499, 0.5294219, 0.406824, 313.4393, 225.4291
-0.813492, 0.5294219, 0.272271, 313.6223, 227.0233
-0.813492, 0.7844219, 0.272271, 313.6223, 206.9769
-1.012396, 0.5294219, 0.2931767, 297.8272, 226.7719
-0.813492, 0.5294219, 0.272271, 313.6223, 227.0233
-0.7993499, 0.5294219, 0.406824, 313.4393, 225.4291
-0.9982544, 0.5294219, 0.4277297, 297.9177, 225.1863
-1.012396, 0.7844219, 0.2931767, 297.8272, 206.7802
-1.012396, 0.5294219, 0.2931767, 297.8272, 226.7719
-0.9982544, 0.5294219, 0.4277297, 297.9177, 225.1863
-0.9982544, 0.7844219, 0.4277297, 297.9177, 205.5401
-0.813492, 0.7844219, 0.272271, 313.6223, 206.9769
-0.813492, 0.5294219, 0.272271, 313.6223, 227.0233
-1.012396, 0.5294219, 0.2931767, 297.8272, 226.7719
-1.012396, 0.7844219, 0.2931767, 297.8272, 206.7802
box_8_lizol(Clone) stack 92 Shelf_0 Rack_0_1_1
-0.04045259, 0.1961813, 0.2199211, 375.3218, 254.037
-0.2399654, 0.1961813, 0.2338724, 359.3094, 253.8183
-0.2227489, 0.1961813, 0.4800797, 356.8803, 250.087
-0.0232361, 0.1961813, 0.4661284, 372.3846, 250.2922
-0.2227489, 0.1961813, 0.4800797, 356.8803, 250.087
-0.2227489, 0.01993132, 0.4800797, 356.8803, 263.5754
-0.0232361, 0.01993132, 0.4661284, 372.3846, 263.8046
-0.0232361, 0.1961813, 0.4661284, 372.3846, 250.2922
-0.0232361, 0.1961813, 0.4661284, 372.3846, 250.2922
-0.0232361, 0.01993132, 0.4661284, 372.3846, 263.8046
-0.04045259, 0.01993129, 0.2199211, 375.3218, 267.9884
-0.04045259, 0.1961813, 0.2199211, 375.3218, 254.037
-0.2399654, 0.01993129, 0.2338724, 359.3094, 267.744
-0.04045259, 0.01993129, 0.2199211, 375.3218, 267.9884
-0.0232361, 0.01993132, 0.4661284, 372.3846, 263.8046
-0.2227489, 0.01993132, 0.4800797, 356.8803, 263.5754
-0.2399654, 0.1961813, 0.2338724, 359.3094, 253.8183
-0.2399654, 0.01993129, 0.2338724, 359.3094, 267.744
-0.2227489, 0.01993132, 0.4800797, 356.8803, 263.5754
-0.2227489, 0.1961813, 0.4800797, 356.8803, 250.087
-0.04045259, 0.1961813, 0.2199211, 375.3218, 254.037
-0.04045259, 0.01993129, 0.2199211, 375.3218, 267.9884
-0.2399654, 0.01993129, 0.2338724, 359.3094, 267.744
-0.2399654, 0.1961813, 0.2338724, 359.3094, 253.8183
box_8_lizol(Clone) stack 92 Shelf_0 Rack_0_1_1
-0.02735492, 0.3724313, 0.2301612, 376.1746, 239.9439
-0.2272331, 0.3724313, 0.2231813, 360.4851, 240.0405
-0.2358465, 0.3724313, 0.4698395, 356.0295, 236.7315
-0.03596842, 0.3724313, 0.4768194, 371.2292, 236.6409
-0.2358465, 0.3724313, 0.4698395, 356.0295, 236.7315
-0.2358465, 0.1961813, 0.4698395, 356.0295, 250.2375
-0.03596842, 0.1961813, 0.4768195, 371.2292, 250.1349
-0.03596842, 0.3724313, 0.4768194, 371.2292, 236.6409
-0.03596842, 0.3724313, 0.4768194, 371.2292, 236.6409
-0.03596842, 0.1961813, 0.4768195, 371.2292, 250.1349
-0.02735492, 0.1961813, 0.2301612, 376.1746, 253.8764
-0.02735492, 0.3724313, 0.2301612, 376.1746, 239.9439
-0.2272331, 0.1961813, 0.2231813, 360.4851, 253.9859
-0.02735492, 0.1961813, 0.2301612, 376.1746, 253.8764
-0.03596842, 0.1961813, 0.4768195, 371.2292, 250.1349
-0.2358465, 0.1961813, 0.4698395, 356.0295, 250.2375
-0.2272331, 0.3724313, 0.2231813, 360.4851, 240.0405
-0.2272331, 0.1961813, 0.2231813, 360.4851, 253.9859
-0.2358465, 0.1961813, 0.4698395, 356.0295, 250.2375
-0.2358465, 0.3724313, 0.4698395, 356.0295, 236.7315
-0.02735492, 0.3724313, 0.2301612, 376.1746, 239.9439
-0.02735492, 0.1961813, 0.2301612, 376.1746, 253.8764
-0.2272331, 0.1961813, 0.2231813, 360.4851, 253.9859
-0.2272331, 0.3724313, 0.2231813, 360.4851, 240.0405
box_8_lizol(Clone) stack 92 Shelf_0 Rack_0_1_1
-0.02527931, 0.5486813, 0.2319989, 376.3057, 225.9894
-0.2250052, 0.5486813, 0.2215317, 360.6876, 226.115
-0.2379222, 0.5486813, 0.4680019, 355.8976, 223.2462
-0.03819626, 0.5486813, 0.4784691, 371.031, 223.1283
-0.2379222, 0.5486813, 0.4680019, 355.8976, 223.2462
-0.2379222, 0.3724313, 0.4680019, 355.8976, 236.7554
-0.03819626, 0.3724313, 0.4784691, 371.031, 236.6195
-0.03819626, 0.5486813, 0.4784691, 371.031, 223.1283
-0.03819626, 0.5486813, 0.4784691, 371.031, 223.1283
-0.03819626, 0.3724313, 0.4784691, 371.031, 236.6195
-0.02527931, 0.3724313, 0.2319989, 376.3057, 239.9185
-0.02527931, 0.5486813, 0.2319989, 376.3057, 225.9894
-0.2250052, 0.3724313, 0.2215317, 360.6876, 240.0634
-0.02527931, 0.3724313, 0.2319989, 376.3057, 239.9185
-0.03819626, 0.3724313, 0.4784691, 371.031, 236.6195
-0.2379222, 0.3724313, 0.4680019, 355.8976, 236.7554
-0.2250052, 0.5486813, 0.2215317, 360.6876, 226.115
-0.2250052, 0.3724313, 0.2215317, 360.6876, 240.0634
-0.2379222, 0.3724313, 0.4680019, 355.8976, 236.7554
-0.2379222, 0.5486813, 0.4680019, 355.8976, 223.2462
-0.02527931, 0.5486813, 0.2319989, 376.3057, 225.9894
-0.02527931, 0.3724313, 0.2319989, 376.3057, 239.9185
-0.2250052, 0.3724313, 0.2215317, 360.6876, 240.0634
-0.2250052, 0.5486813, 0.2215317, 360.6876, 226.115
box_7_litchi(Clone) stack 94 Shelf_1 Rack_0_1_1
-0.818454, 1.414419, 0.2432683, 313.5115, 157.5362
-1.017967, 1.414419, 0.2572196, 297.6615, 157.4949
-1.004015, 1.414419, 0.4567324, 297.2606, 156.9208
-0.8045027, 1.414419, 0.4427811, 312.7047, 156.96
-1.004015, 1.414419, 0.4567324, 297.2606, 156.9208
-1.004015, 1.204419, 0.4567324, 297.2606, 173.04
-0.8045027, 1.204419, 0.4427811, 312.7047, 173.108
-0.8045027, 1.414419, 0.4427811, 312.7047, 156.96
-0.8045027, 1.414419, 0.4427811, 312.7047, 156.96
-0.8045027, 1.204419, 0.4427811, 312.7047, 173.108
-0.818454, 1.204419, 0.2432683, 313.5115, 174.108
-0.818454, 1.414419, 0.2432683, 313.5115, 157.5362
-1.017967, 1.204419, 0.2572196, 297.6615, 174.0364
-0.818454, 1.204419, 0.2432683, 313.5115, 174.108
-0.8045027, 1.204419, 0.4427811, 312.7047, 173.108
-1.004015, 1.204419, 0.4567324, 297.2606, 173.04
-1.017967, 1.414419, 0.2572196, 297.6615, 157.4949
-1.017967, 1.204419, 0.2572196, 297.6615, 174.0364
-1.004015, 1.204419, 0.4567324, 297.2606, 173.04
-1.004015, 1.414419, 0.4567324, 297.2606, 156.9208
-0.818454, 1.414419, 0.2432683, 313.5115, 157.5362
-0.818454, 1.204419, 0.2432683, 313.5115, 174.108
-1.017967, 1.204419, 0.2572196, 297.6615, 174.0364
-1.017967, 1.414419, 0.2572196, 297.6615, 157.4949
box_7_litchi(Clone) stack 94 Shelf_1 Rack_0_1_1
-0.8095047, 1.624419, 0.2517608, 314.1349, 140.9577
-1.009474, 1.624419, 0.2482703, 298.399, 140.9604
-1.012965, 1.624419, 0.4482399, 296.6352, 140.8078
-0.8129952, 1.624419, 0.4517304, 311.9691, 140.8052
-1.012965, 1.624419, 0.4482399, 296.6352, 140.8078
-1.012965, 1.414419, 0.4482399, 296.6352, 156.9446
-0.8129952, 1.414419, 0.4517304, 311.9691, 156.9348
-0.8129952, 1.624419, 0.4517304, 311.9691, 140.8052
-0.8129952, 1.624419, 0.4517304, 311.9691, 140.8052
-0.8129952, 1.414419, 0.4517304, 311.9691, 156.9348
-0.8095047, 1.414419, 0.2517608, 314.1349, 157.511
-0.8095047, 1.624419, 0.2517608, 314.1349, 140.9577
-1.009474, 1.414419, 0.2482704, 298.399, 157.5214
-0.8095047, 1.414419, 0.2517608, 314.1349, 157.511
-0.8129952, 1.414419, 0.4517304, 311.9691, 156.9348
-1.012965, 1.414419, 0.4482399, 296.6352, 156.9446
-1.009474, 1.624419, 0.2482703, 298.399, 140.9604
-1.009474, 1.414419, 0.2482704, 298.399, 157.5214
-1.012965, 1.414419, 0.4482399, 296.6352, 156.9446
-1.012965, 1.624419, 0.4482399, 296.6352, 140.8078
-0.8095047, 1.624419, 0.2517608, 314.1349, 140.9577
-0.8095047, 1.414419, 0.2517608, 314.1349, 157.511
-1.009474, 1.414419, 0.2482704, 298.399, 157.5214
-1.009474, 1.624419, 0.2482703, 298.399, 140.9604
box_7_litchi(Clone) stack 95 Shelf_1 Rack_0_1_1
-0.4251851, 1.414419, 0.2482703, 344.477, 157.5214
-0.6251546, 1.414419, 0.2517608, 328.6664, 157.511
-0.6216642, 1.414419, 0.4517304, 326.6647, 156.9348
-0.4216946, 1.414419, 0.4482399, 342.0695, 156.9446
-0.6216642, 1.414419, 0.4517304, 326.6647, 156.9348
-0.6216642, 1.204419, 0.4517304, 326.6647, 173.0644
-0.4216946, 1.204419, 0.4482399, 342.0695, 173.0814
-0.4216946, 1.414419, 0.4482399, 342.0695, 156.9446
-0.4216946, 1.414419, 0.4482399, 342.0695, 156.9446
-0.4216946, 1.204419, 0.4482399, 342.0695, 173.0814
-0.4251851, 1.204419, 0.2482704, 344.477, 174.0823
-0.4251851, 1.414419, 0.2482703, 344.477, 157.5214
-0.6251546, 1.204419, 0.2517608, 328.6664, 174.0644
-0.4251851, 1.204419, 0.2482704, 344.477, 174.0823
-0.4216946, 1.204419, 0.4482399, 342.0695, 173.0814
-0.6216642, 1.204419, 0.4517304, 326.6647, 173.0644
-0.6251546, 1.414419, 0.2517608, 328.6664, 157.511
-0.6251546, 1.204419, 0.2517608, 328.6664, 174.0644
-0.6216642, 1.204419, 0.4517304, 326.6647, 173.0644
-0.6216642, 1.414419, 0.4517304, 326.6647, 156.9348
-0.4251851, 1.414419, 0.2482703, 344.477, 157.5214
-0.4251851, 1.204419, 0.2482704, 344.477, 174.0823
-0.6251546, 1.204419, 0.2517608, 328.6664, 174.0644
-0.6251546, 1.414419, 0.2517608, 328.6664, 157.511
box_7_litchi(Clone) stack 95 Shelf_1 Rack_0_1_1
-0.4135196, 1.624419, 0.2610011, 345.2209, 140.9505
-0.612424, 1.624419, 0.2400953, 329.8075, 140.9669
-0.6333297, 1.624419, 0.4389997, 325.9088, 140.8147
-0.4344253, 1.624419, 0.4599054, 340.9405, 140.7991
-0.6333297, 1.624419, 0.4389997, 325.9088, 140.8147
-0.6333297, 1.414419, 0.4389997, 325.9088, 156.9706
-0.4344253, 1.414419, 0.4599054, 340.9405, 156.9119
-0.4344253, 1.624419, 0.4599054, 340.9405, 140.7991
-0.4344253, 1.624419, 0.4599054, 340.9405, 140.7991
-0.4344253, 1.414419, 0.4599054, 340.9405, 156.9119
-0.4135196, 1.414419, 0.2610011, 345.2209, 157.4837
-0.4135196, 1.624419, 0.2610011, 345.2209, 140.9505
-0.612424, 1.414419, 0.2400953, 329.8075, 157.5456
-0.4135196, 1.414419, 0.2610011, 345.2209, 157.4837
-0.4344253, 1.414419, 0.4599054, 340.9405, 156.9119
-0.6333297, 1.414419, 0.4389997, 325.9088, 156.9706
-0.612424, 1.624419, 0.2400953, 329.8075, 140.9669
-0.612424, 1.414419, 0.2400953, 329.8075, 157.5456
-0.6333297, 1.414419, 0.4389997, 325.9088, 156.9706
-0.6333297, 1.624419, 0.4389997, 325.9088, 140.8147
-0.4135196, 1.624419, 0.2610011, 345.2209, 140.9505
-0.4135196, 1.414419, 0.2610011, 345.2209, 157.4837
-0.612424, 1.414419, 0.2400953, 329.8075, 157.5456
-0.612424, 1.624419, 0.2400953, 329.8075, 140.9669
box_7_litchi(Clone) stack 95 Shelf_1 Rack_0_1_1
-0.4119831, 1.834419, 0.2629327, 345.3152, 124.4199
-0.6104923, 1.834419, 0.2385588, 329.9782, 124.386
-0.6348662, 1.834419, 0.4370681, 325.8118, 124.6562
-0.436357, 1.834419, 0.4614419, 340.7725, 124.6884
-0.6348662, 1.834419, 0.4370681, 325.8118, 124.6562
-0.6348662, 1.624419, 0.4370681, 325.8118, 140.8161
-0.436357, 1.624419, 0.4614419, 340.7725, 140.798
-0.436357, 1.834419, 0.4614419, 340.7725, 124.6884
-0.436357, 1.834419, 0.4614419, 340.7725, 124.6884
-0.436357, 1.624419, 0.4614419, 340.7725, 140.798
-0.4119831, 1.624419, 0.2629327, 345.3152, 140.949
-0.4119831, 1.834419, 0.2629327, 345.3152, 124.4199
-0.6104923, 1.624419, 0.2385588, 329.9782, 140.9681
-0.4119831, 1.624419, 0.2629327, 345.3152, 140.949
-0.436357, 1.624419, 0.4614419, 340.7725, 140.798
-0.6348662, 1.624419, 0.4370681, 325.8118, 140.8161
-0.6104923, 1.834419, 0.2385588, 329.9782, 124.386
-0.6104923, 1.624419, 0.2385588, 329.9782, 140.9681
-0.6348662, 1.624419, 0.4370681, 325.8118, 140.8161
-0.6348662, 1.834419, 0.4370681, 325.8118, 124.6562
-0.4119831, 1.834419, 0.2629327, 345.3152, 124.4199
-0.4119831, 1.624419, 0.2629327, 345.3152, 140.949
-0.6104923, 1.624419, 0.2385588, 329.9782, 140.9681
-0.6104923, 1.834419, 0.2385588, 329.9782, 124.386
box_7_litchi(Clone) stack 95 Shelf_1 Rack_0_1_1
-0.4287953, 2.044419, 0.2449038, 344.2384, 107.8266
-0.6285211, 2.044419, 0.255371, 328.3591, 107.8639
-0.618054, 2.044419, 0.4550969, 326.9046, 108.5574
-0.4183281, 2.044419, 0.4446297, 342.3755, 108.5219
-0.618054, 2.044419, 0.4550969, 326.9046, 108.5574
-0.618054, 1.834419, 0.4550969, 326.9046, 124.6801
-0.4183281, 1.834419, 0.4446297, 342.3755, 124.6662
-0.4183281, 2.044419, 0.4446297, 342.3755, 108.5219
-0.4183281, 2.044419, 0.4446297, 342.3755, 108.5219
-0.4183281, 1.834419, 0.4446297, 342.3755, 124.6662
-0.4287953, 1.834419, 0.2449038, 344.2384, 124.3948
-0.4287953, 2.044419, 0.2449038, 344.2384, 107.8266
-0.6285211, 1.834419, 0.255371, 328.3591, 124.4094
-0.4287953, 1.834419, 0.2449038, 344.2384, 124.3948
-0.4183281, 1.834419, 0.4446297, 342.3755, 124.6662
-0.618054, 1.834419, 0.4550969, 326.9046, 124.6801
-0.6285211, 2.044419, 0.255371, 328.3591, 107.8639
-0.6285211, 1.834419, 0.255371, 328.3591, 124.4094
-0.618054, 1.834419, 0.4550969, 326.9046, 124.6801
-0.618054, 2.044419, 0.4550969, 326.9046, 108.5574
-0.4287953, 2.044419, 0.2449038, 344.2384, 107.8266
-0.4287953, 1.834419, 0.2449038, 344.2384, 124.3948
-0.6285211, 1.834419, 0.255371, 328.3591, 124.4094
-0.6285211, 2.044419, 0.255371, 328.3591, 107.8639
box_6_melody(Clone) stack 96 Shelf_1 Rack_0_1_1
-0.03353472, 1.391943, 0.2411106, 375.4906, 159.3168
-0.2324391, 1.391943, 0.2202049, 360.1203, 159.3838
-0.257526, 1.391943, 0.4588902, 354.5284, 158.6395
-0.05862157, 1.391943, 0.4797959, 369.4456, 158.5764
-0.257526, 1.391943, 0.4588902, 354.5284, 158.6395
-0.257526, 1.204443, 0.4588902, 354.5284, 173.0277
-0.05862157, 1.204443, 0.4797959, 369.4456, 172.9263
-0.05862157, 1.391943, 0.4797959, 369.4456, 158.5764
-0.05862157, 1.391943, 0.4797959, 369.4456, 158.5764
-0.05862157, 1.204443, 0.4797959, 369.4456, 172.9263
-0.03353472, 1.204443, 0.2411106, 375.4906, 174.1172
-0.03353472, 1.391943, 0.2411106, 375.4906, 159.3168
-0.2324391, 1.204443, 0.2202049, 360.1203, 174.2251
-0.03353472, 1.204443, 0.2411106, 375.4906, 174.1172
-0.05862157, 1.204443, 0.4797959, 369.4456, 172.9263
-0.257526, 1.204443, 0.4588902, 354.5284, 173.0277
-0.2324391, 1.391943, 0.2202049, 360.1203, 159.3838
-0.2324391, 1.204443, 0.2202049, 360.1203, 174.2251
-0.257526, 1.204443, 0.4588902, 354.5284, 173.0277
-0.257526, 1.391943, 0.4588902, 354.5284, 158.6395
-0.03353472, 1.391943, 0.2411106, 375.4906, 159.3168
-0.03353472, 1.204443, 0.2411106, 375.4906, 174.1172
-0.2324391, 1.204443, 0.2202049, 360.1203, 174.2251
-0.2324391, 1.391943, 0.2202049, 360.1203, 159.3838
box_6_melody(Clone) stack 96 Shelf_1 Rack_0_1_1
-0.03938707, 1.579443, 0.2353984, 375.1302, 144.5234
-0.239113, 1.579443, 0.2249312, 359.5175, 144.5366
-0.2516736, 1.579443, 0.4646024, 354.8935, 144.2445
-0.05194771, 1.579443, 0.4750696, 370.0348, 144.2321
-0.2516736, 1.579443, 0.4646024, 354.8935, 144.2445
-0.2516736, 1.391943, 0.4646024, 354.8935, 158.6222
-0.05194771, 1.391943, 0.4750696, 370.0348, 158.5906
-0.05194771, 1.579443, 0.4750696, 370.0348, 144.2321
-0.05194771, 1.579443, 0.4750696, 370.0348, 144.2321
-0.05194771, 1.391943, 0.4750696, 370.0348, 158.5906
-0.03938707, 1.391943, 0.2353984, 375.1302, 159.335
-0.03938707, 1.579443, 0.2353984, 375.1302, 144.5234
-0.239113, 1.391943, 0.2249312, 359.5175, 159.3686
-0.03938707, 1.391943, 0.2353984, 375.1302, 159.335
-0.05194771, 1.391943, 0.4750696, 370.0348, 158.5906
-0.2516736, 1.391943, 0.4646024, 354.8935, 158.6222
-0.239113, 1.579443, 0.2249312, 359.5175, 144.5366
-0.239113, 1.391943, 0.2249312, 359.5175, 159.3686
-0.2516736, 1.391943, 0.4646024, 354.8935, 158.6222
-0.2516736, 1.579443, 0.4646024, 354.8935, 144.2445
-0.03938707, 1.579443, 0.2353984, 375.1302, 144.5234
-0.03938707, 1.391943, 0.2353984, 375.1302, 159.335
-0.239113, 1.391943, 0.2249312, 359.5175, 159.3686
-0.239113, 1.579443, 0.2249312, 359.5175, 144.5366
box_6_melody(Clone) stack 96 Shelf_1 Rack_0_1_1
-0.03353472, 1.766943, 0.2411106, 375.4906, 129.7158
-0.2324391, 1.766943, 0.2202049, 360.1203, 129.7012
-0.257526, 1.766943, 0.4588902, 354.5284, 129.863
-0.05862157, 1.766943, 0.4797959, 369.4456, 129.8767
-0.257526, 1.766943, 0.4588902, 354.5284, 129.863
-0.257526, 1.579443, 0.4588902, 354.5284, 144.2512
-0.05862157, 1.579443, 0.4797959, 369.4456, 144.2266
-0.05862157, 1.766943, 0.4797959, 369.4456, 129.8767
-0.05862157, 1.766943, 0.4797959, 369.4456, 129.8767
-0.05862157, 1.579443, 0.4797959, 369.4456, 144.2266
-0.03353472, 1.579443, 0.2411106, 375.4906, 144.5163
-0.03353472, 1.766943, 0.2411106, 375.4906, 129.7158
-0.2324391, 1.579443, 0.2202049, 360.1203, 144.5425
-0.03353472, 1.579443, 0.2411106, 375.4906, 144.5163
-0.05862157, 1.579443, 0.4797959, 369.4456, 144.2266
-0.257526, 1.579443, 0.4588902, 354.5284, 144.2512
-0.2324391, 1.766943, 0.2202049, 360.1203, 129.7012
-0.2324391, 1.579443, 0.2202049, 360.1203, 144.5425
-0.257526, 1.579443, 0.4588902, 354.5284, 144.2512
-0.257526, 1.766943, 0.4588902, 354.5284, 129.863
-0.03353472, 1.766943, 0.2411106, 375.4906, 129.7158
-0.03353472, 1.579443, 0.2411106, 375.4906, 144.5163
-0.2324391, 1.579443, 0.2202049, 360.1203, 144.5425
-0.2324391, 1.766943, 0.2202049, 360.1203, 129.7012
box_6_melody(Clone) stack 96 Shelf_1 Rack_0_1_1
-0.05636956, 1.954443, 0.2217414, 374.0297, 114.864
-0.2556085, 1.954443, 0.2391725, 357.9911, 114.9102
-0.2346911, 1.954443, 0.4782594, 355.9933, 115.523
-0.03545217, 1.954443, 0.4608282, 371.5371, 115.4796
-0.2346911, 1.954443, 0.4782594, 355.9933, 115.523
-0.2346911, 1.766943, 0.4782594, 355.9933, 129.8757
-0.03545217, 1.766943, 0.4608282, 371.5371, 129.8643
-0.03545217, 1.954443, 0.4608282, 371.5371, 115.4796
-0.03545217, 1.954443, 0.4608282, 371.5371, 115.4796
-0.03545217, 1.766943, 0.4608282, 371.5371, 129.8643
-0.05636956, 1.766943, 0.2217414, 374.0297, 129.7023
-0.05636956, 1.954443, 0.2217414, 374.0297, 114.864
-0.2556085, 1.766943, 0.2391725, 357.9911, 129.7145
-0.05636956, 1.766943, 0.2217414, 374.0297, 129.7023
-0.03545217, 1.766943, 0.4608282, 371.5371, 129.8643
-0.2346911, 1.766943, 0.4782594, 355.9933, 129.8757
-0.2556085, 1.954443, 0.2391725, 357.9911, 114.9102
-0.2556085, 1.766943, 0.2391725, 357.9911, 129.7145
-0.2346911, 1.766943, 0.4782594, 355.9933, 129.8757
-0.2346911, 1.954443, 0.4782594, 355.9933, 115.523
-0.05636956, 1.954443, 0.2217414, 374.0297, 114.864
-0.05636956, 1.766943, 0.2217414, 374.0297, 129.7023
-0.2556085, 1.766943, 0.2391725, 357.9911, 129.7145
-0.2556085, 1.954443, 0.2391725, 357.9911, 114.9102
box_2_Parle-G(Clone) stack 98 Shelf_2 Rack_0_1_1
-0.8245748, 2.643609, 0.2841088, 312.6383, 60.9344
-1.024544, 2.643609, 0.2806183, 296.9684, 60.90054
-1.026906, 2.643609, 0.4158919, 295.7951, 62.18962
-0.8269359, 2.643609, 0.4193824, 311.1931, 62.22232
-1.026906, 2.643609, 0.4158919, 295.7951, 62.18962
-1.026906, 2.388609, 0.4158919, 295.7951, 81.86583
-0.8269359, 2.388609, 0.4193824, 311.1931, 81.88966
-0.8269359, 2.643609, 0.4193824, 311.1931, 62.22232
-0.8269359, 2.643609, 0.4193824, 311.1931, 62.22232
-0.8269359, 2.388609, 0.4193824, 311.1931, 81.88966
-0.8245748, 2.388609, 0.2841088, 312.6383, 80.94981
-0.8245748, 2.643609, 0.2841088, 312.6383, 60.9344
-1.024544, 2.388609, 0.2806184, 296.9684, 80.92511
-0.8245748, 2.388609, 0.2841088, 312.6383, 80.94981
-0.8269359, 2.388609, 0.4193824, 311.1931, 81.88966
-1.026906, 2.388609, 0.4158919, 295.7951, 81.86583
-1.024544, 2.643609, 0.2806183, 296.9684, 60.90054
-1.024544, 2.388609, 0.2806184, 296.9684, 80.92511
-1.026906, 2.388609, 0.4158919, 295.7951, 81.86583
-1.026906, 2.643609, 0.4158919, 295.7951, 62.18962
-0.8245748, 2.643609, 0.2841088, 312.6383, 60.9344
-0.8245748, 2.388609, 0.2841088, 312.6383, 80.94981
-1.024544, 2.388609, 0.2806184, 296.9684, 80.92511
-1.024544, 2.643609, 0.2806183, 296.9684, 60.90054
box_2_Parle-G(Clone) stack 98 Shelf_2 Rack_0_1_1
-0.8333589, 2.898609, 0.272271, 312.0605, 40.77303
-1.032263, 2.898609, 0.2931767, 296.2697, 41.03043
-1.018121, 2.898609, 0.4277297, 296.3871, 42.65401
-0.8192168, 2.898609, 0.406824, 311.9045, 42.40544
-1.018121, 2.898609, 0.4277297, 296.3871, 42.65401
-1.018121, 2.64361, 0.4277297, 296.3871, 62.30031
-0.8192168, 2.64361, 0.406824, 311.9045, 62.10461
-0.8192168, 2.898609, 0.406824, 311.9045, 42.40544
-0.8192168, 2.898609, 0.406824, 311.9045, 42.40544
-0.8192168, 2.64361, 0.406824, 311.9045, 62.10461
-0.8333589, 2.64361, 0.272271, 312.0605, 60.8195
-0.8333589, 2.898609, 0.272271, 312.0605, 40.77303
-1.032263, 2.64361, 0.2931767, 296.2697, 61.02214
-0.8333589, 2.64361, 0.272271, 312.0605, 60.8195
-0.8192168, 2.64361, 0.406824, 311.9045, 62.10461
-1.018121, 2.64361, 0.4277297, 296.3871, 62.30031
-1.032263, 2.898609, 0.2931767, 296.2697, 41.03043
-1.032263, 2.64361, 0.2931767, 296.2697, 61.02214
-1.018121, 2.64361, 0.4277297, 296.3871, 62.30031
-1.018121, 2.898609, 0.4277297, 296.3871, 42.65401
-0.8333589, 2.898609, 0.272271, 312.0605, 40.77303
-0.8333589, 2.64361, 0.272271, 312.0605, 60.8195
-1.032263, 2.64361, 0.2931767, 296.2697, 61.02214
-1.032263, 2.898609, 0.2931767, 296.2697, 41.03043
box_2_Parle-G(Clone) stack 98 Shelf_2 Rack_0_1_1
-0.8257401, 3.15361, 0.2823533, 312.5635, 20.87735
-1.02574, 3.15361, 0.2823533, 296.8615, 20.87735
-1.02574, 3.15361, 0.4176474, 295.8724, 22.86253
-0.8257401, 3.15361, 0.4176474, 311.3013, 22.86253
-1.02574, 3.15361, 0.4176474, 295.8724, 22.86253
-1.02574, 2.89861, 0.4176475, 295.8724, 42.53427
-0.8257401, 2.89861, 0.4176475, 311.3013, 42.53427
-0.8257401, 3.15361, 0.4176474, 311.3013, 22.86253
-0.8257401, 3.15361, 0.4176474, 311.3013, 22.86253
-0.8257401, 2.89861, 0.4176475, 311.3013, 42.53427
-0.8257401, 2.89861, 0.2823533, 312.5635, 40.89734
-0.8257401, 3.15361, 0.2823533, 312.5635, 20.87735
-1.02574, 2.89861, 0.2823533, 296.8615, 40.89734
-0.8257401, 2.89861, 0.2823533, 312.5635, 40.89734
-0.8257401, 2.89861, 0.4176475, 311.3013, 42.53427
-1.02574, 2.89861, 0.4176475, 295.8724, 42.53427
-1.02574, 3.15361, 0.2823533, 296.8615, 20.87735
-1.02574, 2.89861, 0.2823533, 296.8615, 40.89734
-1.02574, 2.89861, 0.4176475, 295.8724, 42.53427
-1.02574, 3.15361, 0.4176474, 295.8724, 22.86253
-0.8257401, 3.15361, 0.2823533, 312.5635, 20.87735
-0.8257401, 2.89861, 0.2823533, 312.5635, 40.89734
-1.02574, 2.89861, 0.2823533, 296.8615, 40.89734
-1.02574, 3.15361, 0.2823533, 296.8615, 20.87735
box_2_Parle-G(Clone) stack 99 Shelf_2 Rack_0_1_1
-0.4313183, 2.643609, 0.2950445, 343.3579, 61.04021
-0.6298276, 2.643609, 0.2706706, 328.0792, 60.80396
-0.6463158, 2.643609, 0.4049563, 325.282, 62.0871
-0.4478065, 2.643609, 0.4293302, 340.3059, 62.31523
-0.6463158, 2.643609, 0.4049563, 325.282, 62.0871
-0.6463158, 2.388609, 0.4049563, 325.282, 81.791
-0.4478065, 2.388609, 0.4293302, 340.3059, 81.9575
-0.4478065, 2.643609, 0.4293302, 340.3059, 62.31523
-0.4478065, 2.643609, 0.4293302, 340.3059, 62.31523
-0.4478065, 2.388609, 0.4293302, 340.3059, 81.9575
-0.4313183, 2.388609, 0.2950445, 343.3579, 81.02702
-0.4313183, 2.643609, 0.2950445, 343.3579, 61.04021
-0.6298276, 2.388609, 0.2706706, 328.0792, 80.85461
-0.4313183, 2.388609, 0.2950445, 343.3579, 81.02702
-0.4478065, 2.388609, 0.4293302, 340.3059, 81.9575
-0.6463158, 2.388609, 0.4049563, 325.282, 81.791
-0.6298276, 2.643609, 0.2706706, 328.0792, 60.80396
-0.6298276, 2.388609, 0.2706706, 328.0792, 80.85461
-0.6463158, 2.388609, 0.4049563, 325.282, 81.791
-0.6463158, 2.643609, 0.4049563, 325.282, 62.0871
-0.4313183, 2.643609, 0.2950445, 343.3579, 61.04021
-0.4313183, 2.388609, 0.2950445, 343.3579, 81.02702
-0.6298276, 2.388609, 0.2706706, 328.0792, 80.85461
-0.6298276, 2.643609, 0.2706706, 328.0792, 60.80396
box_2_Parle-G(Clone) stack 99 Shelf_2 Rack_0_1_1
-0.4354137, 2.898609, 0.2876796, 343.1361, 40.96291
-0.6351396, 2.898609, 0.2772124, 327.5864, 40.83403
-0.6422204, 2.898609, 0.4123212, 325.5173, 42.47093
-0.4424945, 2.898609, 0.4227883, 340.7998, 42.59537
-0.6422204, 2.898609, 0.4123212, 325.5173, 42.47093
-0.6422204, 2.64361, 0.4123212, 325.5173, 62.15617
-0.4424945, 2.64361, 0.4227883, 340.7998, 62.25414
-0.4424945, 2.898609, 0.4227883, 340.7998, 42.59537
-0.4424945, 2.898609, 0.4227883, 340.7998, 42.59537
-0.4424945, 2.64361, 0.4227883, 340.7998, 62.25414
-0.4354137, 2.64361, 0.2876796, 343.1361, 60.96895
-0.4354137, 2.898609, 0.2876796, 343.1361, 40.96291
-0.6351396, 2.64361, 0.2772124, 327.5864, 60.86751
-0.4354137, 2.64361, 0.2876796, 343.1361, 60.96895
-0.4424945, 2.64361, 0.4227883, 340.7998, 62.25414
-0.6422204, 2.64361, 0.4123212, 325.5173, 62.15617
-0.6351396, 2.898609, 0.2772124, 327.5864, 40.83403
-0.6351396, 2.64361, 0.2772124, 327.5864, 60.86751
-0.6422204, 2.64361, 0.4123212, 325.5173, 62.15617
-0.6422204, 2.898609, 0.4123212, 325.5173, 42.47093
-0.4354137, 2.898609, 0.2876796, 343.1361, 40.96291
-0.4354137, 2.64361, 0.2876796, 343.1361, 60.96895
-0.6351396, 2.64361, 0.2772124, 327.5864, 60.86751
-0.6351396, 2.898609, 0.2772124, 327.5864, 40.83403
box_2_Parle-G(Clone) stack 99 Shelf_2 Rack_0_1_1
-0.4388171, 3.15361, 0.2823533, 342.9408, 20.87735
-0.6388171, 3.15361, 0.2823533, 327.2388, 20.87735
-0.6388171, 3.15361, 0.4176474, 325.7213, 22.86253
-0.4388171, 3.15361, 0.4176474, 341.1501, 22.86253
-0.6388171, 3.15361, 0.4176474, 325.7213, 22.86253
-0.6388171, 2.89861, 0.4176475, 325.7213, 42.53427
-0.4388171, 2.89861, 0.4176475, 341.1501, 42.53427
-0.4388171, 3.15361, 0.4176474, 341.1501, 22.86253
-0.4388171, 3.15361, 0.4176474, 341.1501, 22.86253
-0.4388171, 2.89861, 0.4176475, 341.1501, 42.53427
-0.4388171, 2.89861, 0.2823533, 342.9408, 40.89734
-0.4388171, 3.15361, 0.2823533, 342.9408, 20.87735
-0.6388171, 2.89861, 0.2823533, 327.2388, 40.89734
-0.4388171, 2.89861, 0.2823533, 342.9408, 40.89734
-0.4388171, 2.89861, 0.4176475, 341.1501, 42.53427
-0.6388171, 2.89861, 0.4176475, 325.7213, 42.53427
-0.6388171, 3.15361, 0.2823533, 327.2388, 20.87735
-0.6388171, 2.89861, 0.2823533, 327.2388, 40.89734
-0.6388171, 2.89861, 0.4176475, 325.7213, 42.53427
-0.6388171, 3.15361, 0.4176474, 325.7213, 22.86253
-0.4388171, 3.15361, 0.2823533, 342.9408, 20.87735
-0.4388171, 2.89861, 0.2823533, 342.9408, 40.89734
-0.6388171, 2.89861, 0.2823533, 327.2388, 40.89734
-0.6388171, 3.15361, 0.2823533, 327.2388, 20.87735
box_5_LMRR(Clone) stack 100 Shelf_2 Rack_0_1_1
-0.03543629, 2.531555, 0.2133235, 375.8371, 69.11966
-0.2351622, 2.531555, 0.2028563, 360.1798, 69.02849
-0.2500366, 2.531555, 0.4866772, 354.6954, 71.41473
-0.0503107, 2.531555, 0.4971444, 369.7945, 71.49944
-0.2500366, 2.531555, 0.4866772, 354.6954, 71.41473
-0.2500366, 2.389055, 0.4866772, 354.6954, 82.31107
-0.0503107, 2.389055, 0.4971444, 369.7945, 82.38127
-0.0503107, 2.531555, 0.4971444, 369.7945, 71.49944
-0.0503107, 2.531555, 0.4971444, 369.7945, 71.49944
-0.0503107, 2.389055, 0.4971444, 369.7945, 82.38127
-0.03543629, 2.389055, 0.2133235, 375.8371, 80.4093
-0.03543629, 2.531555, 0.2133235, 375.8371, 69.11966
-0.2351622, 2.389055, 0.2028564, 360.1798, 80.33376
-0.03543629, 2.389055, 0.2133235, 375.8371, 80.4093
-0.0503107, 2.389055, 0.4971444, 369.7945, 82.38127
-0.2500366, 2.389055, 0.4866772, 354.6954, 82.31107
-0.2351622, 2.531555, 0.2028563, 360.1798, 69.02849
-0.2351622, 2.389055, 0.2028564, 360.1798, 80.33376
-0.2500366, 2.389055, 0.4866772, 354.6954, 82.31107
-0.2500366, 2.531555, 0.4866772, 354.6954, 71.41473
-0.03543629, 2.531555, 0.2133235, 375.8371, 69.11966
-0.03543629, 2.389055, 0.2133235, 375.8371, 80.4093
-0.2351622, 2.389055, 0.2028564, 360.1798, 80.33376
-0.2351622, 2.531555, 0.2028563, 360.1798, 69.02849
box_5_LMRR(Clone) stack 100 Shelf_2 Rack_0_1_1
-0.05550224, 2.674055, 0.1997204, 374.4889, 57.69118
-0.2547412, 2.674055, 0.2171515, 358.4027, 57.86902
-0.2299706, 2.674055, 0.5002804, 356.0287, 60.64729
-0.03073168, 2.674055, 0.4828492, 371.5289, 60.48206
-0.2299706, 2.674055, 0.5002804, 356.0287, 60.64729
-0.2299706, 2.531555, 0.5002804, 356.0287, 71.5248
-0.03073168, 2.531555, 0.4828492, 371.5289, 71.38373
-0.03073168, 2.674055, 0.4828492, 371.5289, 60.48206
-0.03073168, 2.674055, 0.4828492, 371.5289, 60.48206
-0.03073168, 2.531555, 0.4828492, 371.5289, 71.38373
-0.05550224, 2.531555, 0.1997204, 374.4889, 69.00113
-0.05550224, 2.674055, 0.1997204, 374.4889, 57.69118
-0.2547412, 2.531555, 0.2171515, 358.4027, 69.15297
-0.05550224, 2.531555, 0.1997204, 374.4889, 69.00113
-0.03073168, 2.531555, 0.4828492, 371.5289, 71.38373
-0.2299706, 2.531555, 0.5002804, 356.0287, 71.5248
-0.2547412, 2.674055, 0.2171515, 358.4027, 57.86902
-0.2547412, 2.531555, 0.2171515, 358.4027, 69.15297
-0.2299706, 2.531555, 0.5002804, 356.0287, 71.5248
-0.2299706, 2.674055, 0.5002804, 356.0287, 60.64729
-0.05550224, 2.674055, 0.1997204, 374.4889, 57.69118
-0.05550224, 2.531555, 0.1997204, 374.4889, 69.00113
-0.2547412, 2.531555, 0.2171515, 358.4027, 69.15297
-0.2547412, 2.674055, 0.2171515, 358.4027, 57.86902
box_6_melody(Clone) stack 101 Shelf_2 Rack_0_1_1
0.3460718, 2.576536, 0.2430817, 405.4123, 65.8278
0.1475626, 2.576536, 0.2187079, 390.2285, 65.60535
0.1183139, 2.576536, 0.456919, 383.4054, 67.72006
0.3168232, 2.576536, 0.4812929, 398.1492, 67.92918
0.1183139, 2.576536, 0.456919, 383.4054, 67.72006
0.1183139, 2.389036, 0.456919, 383.4054, 82.11194
0.3168232, 2.389036, 0.4812929, 398.1492, 82.27632
0.3168232, 2.576536, 0.4812929, 398.1492, 67.92918
0.3168232, 2.576536, 0.4812929, 398.1492, 67.92918
0.3168232, 2.389036, 0.4812929, 398.1492, 82.27632
0.3460718, 2.389036, 0.2430817, 405.4123, 80.62444
0.3460718, 2.576536, 0.2430817, 405.4123, 65.8278
0.1475626, 2.389036, 0.2187079, 390.2285, 80.44957
0.3460718, 2.389036, 0.2430817, 405.4123, 80.62444
0.3168232, 2.389036, 0.4812929, 398.1492, 82.27632
0.1183139, 2.389036, 0.456919, 383.4054, 82.11194
0.1475626, 2.576536, 0.2187079, 390.2285, 65.60535
0.1475626, 2.389036, 0.2187079, 390.2285, 80.44957
0.1183139, 2.389036, 0.456919, 383.4054, 82.11194
0.1183139, 2.576536, 0.456919, 383.4054, 67.72006
0.3460718, 2.576536, 0.2430817, 405.4123, 65.8278
0.3460718, 2.389036, 0.2430817, 405.4123, 80.62444
0.1475626, 2.389036, 0.2187079, 390.2285, 80.44957
0.1475626, 2.576536, 0.2187079, 390.2285, 65.60535
box_6_melody(Clone) stack 101 Shelf_2 Rack_0_1_1
0.3403201, 2.764036, 0.2372683, 405.0846, 50.96692
0.1408072, 2.764036, 0.223317, 389.6027, 50.81233
0.1240657, 2.764036, 0.4627324, 383.74, 53.38889
0.3235785, 2.764036, 0.4766837, 398.7594, 53.53418
0.1240657, 2.764036, 0.4627324, 383.74, 53.38889
0.1240657, 2.576536, 0.4627325, 383.74, 67.77005
0.3235785, 2.576536, 0.4766838, 398.7594, 67.88974
0.3235785, 2.764036, 0.4766837, 398.7594, 53.53418
0.3235785, 2.764036, 0.4766837, 398.7594, 53.53418
0.3235785, 2.576536, 0.4766838, 398.7594, 67.88974
0.3403201, 2.576536, 0.2372683, 405.0846, 65.77487
0.3403201, 2.764036, 0.2372683, 405.0846, 50.96692
0.1408072, 2.576536, 0.223317, 389.6027, 65.64752
0.3403201, 2.576536, 0.2372683, 405.0846, 65.77487
0.3235785, 2.576536, 0.4766838, 398.7594, 67.88974
0.1240657, 2.576536, 0.4627325, 383.74, 67.77005
0.1408072, 2.764036, 0.223317, 389.6027, 50.81233
0.1408072, 2.576536, 0.223317, 389.6027, 65.64752
0.1240657, 2.576536, 0.4627325, 383.74, 67.77005
0.1240657, 2.764036, 0.4627324, 383.74, 53.38889
0.3403201, 2.764036, 0.2372683, 405.0846, 50.96692
0.3403201, 2.576536, 0.2372683, 405.0846, 65.77487
0.1408072, 2.576536, 0.223317, 389.6027, 65.64752
0.1408072, 2.764036, 0.223317, 389.6027, 50.81233
box_6_melody(Clone) stack 101 Shelf_2 Rack_0_1_1
0.3403201, 2.951536, 0.2372683, 405.0846, 36.15898
0.1408072, 2.951536, 0.223317, 389.6027, 35.97714
0.1240657, 2.951536, 0.4627324, 383.74, 39.00774
0.3235785, 2.951536, 0.4766837, 398.7594, 39.17863
0.1240657, 2.951536, 0.4627324, 383.74, 39.00774
0.1240657, 2.764036, 0.4627325, 383.74, 53.38889
0.3235785, 2.764036, 0.4766838, 398.7594, 53.53418
0.3235785, 2.951536, 0.4766837, 398.7594, 39.17863
0.3235785, 2.951536, 0.4766837, 398.7594, 39.17863
0.3235785, 2.764036, 0.4766838, 398.7594, 53.53418
0.3403201, 2.764036, 0.2372683, 405.0846, 50.96692
0.3403201, 2.951536, 0.2372683, 405.0846, 36.15898
0.1408072, 2.764036, 0.223317, 389.6027, 50.81233
0.3403201, 2.764036, 0.2372683, 405.0846, 50.96692
0.3235785, 2.764036, 0.4766838, 398.7594, 53.53418
0.1240657, 2.764036, 0.4627325, 383.74, 53.38889
0.1408072, 2.951536, 0.223317, 389.6027, 35.97714
0.1408072, 2.764036, 0.223317, 389.6027, 50.81233
0.1240657, 2.764036, 0.4627325, 383.74, 53.38889
0.1240657, 2.951536, 0.4627324, 383.74, 39.00774
0.3403201, 2.951536, 0.2372683, 405.0846, 36.15898
0.3403201, 2.764036, 0.2372683, 405.0846, 50.96692
0.1408072, 2.764036, 0.223317, 389.6027, 50.81233
0.1408072, 2.951536, 0.223317, 389.6027, 35.97714
box_6_melody(Clone) stack 101 Shelf_2 Rack_0_1_1
0.3321929, 3.139036, 0.2300003, 404.6002, 21.24219
0.1321929, 3.139036, 0.2300003, 388.7899, 21.24219
0.1321929, 3.139036, 0.4700004, 384.2293, 24.729
0.3321929, 3.139036, 0.4700004, 399.555, 24.729
0.1321929, 3.139036, 0.4700004, 384.2293, 24.729
0.1321929, 2.951536, 0.4700004, 384.2293, 39.09683
0.3321929, 2.951536, 0.4700004, 399.555, 39.09683
0.3321929, 3.139036, 0.4700004, 399.555, 24.729
0.3321929, 3.139036, 0.4700004, 399.555, 24.729
0.3321929, 2.951536, 0.4700004, 399.555, 39.09683
0.3321929, 2.951536, 0.2300003, 404.6002, 36.06433
0.3321929, 3.139036, 0.2300003, 404.6002, 21.24219
0.1321929, 2.951536, 0.2300003, 388.7899, 36.06433
0.3321929, 2.951536, 0.2300003, 404.6002, 36.06433
0.3321929, 2.951536, 0.4700004, 399.555, 39.09683
0.1321929, 2.951536, 0.4700004, 384.2293, 39.09683
0.1321929, 3.139036, 0.2300003, 388.7899, 21.24219
0.1321929, 2.951536, 0.2300003, 388.7899, 36.06433
0.1321929, 2.951536, 0.4700004, 384.2293, 39.09683
0.1321929, 3.139036, 0.4700004, 384.2293, 24.729
0.3321929, 3.139036, 0.2300003, 404.6002, 21.24219
0.3321929, 2.951536, 0.2300003, 404.6002, 36.06433
0.1321929, 2.951536, 0.2300003, 388.7899, 36.06433
0.1321929, 3.139036, 0.2300003, 388.7899, 21.24219
box4_Fairever(Clone) stack 102 Shelf_0 Rack_0_1_2
-1.482923, 0.1847178, 0.2372142, 261.0928, 254.6714
-1.682649, 0.1847178, 0.226747, 245.3265, 254.8365
-1.695019, 0.1847178, 0.4627866, 244.217, 251.2207
-1.495293, 0.1847178, 0.4732538, 259.5097, 251.0654
-1.695019, 0.1847178, 0.4627866, 244.217, 251.2207
-1.695019, 0.01971789, 0.4627866, 244.217, 263.876
-1.495293, 0.01971789, 0.4732538, 259.5097, 263.7038
-1.495293, 0.1847178, 0.4732538, 259.5097, 251.0654
-1.495293, 0.1847178, 0.4732538, 259.5097, 251.0654
-1.495293, 0.01971789, 0.4732538, 259.5097, 263.7038
-1.482923, 0.01971789, 0.2372142, 261.0928, 267.7025
-1.482923, 0.1847178, 0.2372142, 261.0928, 254.6714
-1.682649, 0.01971789, 0.226747, 245.3265, 267.8856
-1.482923, 0.01971789, 0.2372142, 261.0928, 267.7025
-1.495293, 0.01971789, 0.4732538, 259.5097, 263.7038
-1.695019, 0.01971789, 0.4627866, 244.217, 263.876
-1.682649, 0.1847178, 0.226747, 245.3265, 254.8365
-1.682649, 0.01971789, 0.226747, 245.3265, 267.8856
-1.695019, 0.01971789, 0.4627866, 244.217, 263.876
-1.695019, 0.1847178, 0.4627866, 244.217, 251.2207
-1.482923, 0.1847178, 0.2372142, 261.0928, 254.6714
-1.482923, 0.01971789, 0.2372142, 261.0928, 267.7025
-1.682649, 0.01971789, 0.226747, 245.3265, 267.8856
-1.682649, 0.1847178, 0.226747, 245.3265, 254.8365
box4_Fairever(Clone) stack 102 Shelf_0 Rack_0_1_2
-1.495293, 0.3497178, 0.226747, 260.1436, 241.7874
-1.695019, 0.3497178, 0.2372142, 244.3422, 241.6403
-1.682649, 0.3497178, 0.4732538, 245.1589, 238.4269
-1.482923, 0.3497178, 0.4627866, 260.4846, 238.5653
-1.682649, 0.3497178, 0.4732538, 245.1589, 238.4269
-1.682649, 0.1847179, 0.4732538, 245.1589, 251.0654
-1.482923, 0.1847179, 0.4627866, 260.4846, 251.2207
-1.482923, 0.3497178, 0.4627866, 260.4846, 238.5653
-1.482923, 0.3497178, 0.4627866, 260.4846, 238.5653
-1.482923, 0.1847179, 0.4627866, 260.4846, 251.2207
-1.495293, 0.1847179, 0.226747, 260.1436, 254.8365
-1.495293, 0.3497178, 0.226747, 260.1436, 241.7874
-1.695019, 0.1847179, 0.2372142, 244.3422, 254.6714
-1.495293, 0.1847179, 0.226747, 260.1436, 254.8365
-1.482923, 0.1847179, 0.4627866, 260.4846, 251.2207
-1.682649, 0.1847179, 0.4732538, 245.1589, 251.0654
-1.695019, 0.3497178, 0.2372142, 244.3422, 241.6403
-1.695019, 0.1847179, 0.2372142, 244.3422, 254.6714
-1.682649, 0.1847179, 0.4732538, 245.1589, 251.0654
-1.682649, 0.3497178, 0.4732538, 245.1589, 238.4269
-1.495293, 0.3497178, 0.226747, 260.1436, 241.7874
-1.495293, 0.1847179, 0.226747, 260.1436, 254.8365
-1.695019, 0.1847179, 0.2372142, 244.3422, 254.6714
-1.695019, 0.3497178, 0.2372142, 244.3422, 241.6403
box_3_Hareli(Clone) stack 103 Shelf_0 Rack_0_1_2
-1.869127, 0.1692639, 0.2510558, 230.6089, 255.6721
-2.068031, 0.1692639, 0.2301501, 214.8597, 256.0044
-2.091027, 0.1692639, 0.448945, 213.7972, 252.6141
-1.892123, 0.1692639, 0.4698507, 229.1091, 252.3
-2.091027, 0.1692639, 0.448945, 213.7972, 252.6141
-2.091027, 0.01926387, 0.448945, 213.7972, 264.1393
-1.892123, 0.01926387, 0.4698507, 229.1091, 263.7945
-1.892123, 0.1692639, 0.4698507, 229.1091, 252.3
-1.892123, 0.1692639, 0.4698507, 229.1091, 252.3
-1.892123, 0.01926387, 0.4698507, 229.1091, 263.7945
-1.869127, 0.01926387, 0.2510558, 230.6089, 267.497
-1.869127, 0.1692639, 0.2510558, 230.6089, 255.6721
-2.068031, 0.01926387, 0.2301501, 214.8597, 267.8619
-1.869127, 0.01926387, 0.2510558, 230.6089, 267.497
-1.892123, 0.01926387, 0.4698507, 229.1091, 263.7945
-2.091027, 0.01926387, 0.448945, 213.7972, 264.1393
-2.068031, 0.1692639, 0.2301501, 214.8597, 256.0044
-2.068031, 0.01926387, 0.2301501, 214.8597, 267.8619
-2.091027, 0.01926387, 0.448945, 213.7972, 264.1393
-2.091027, 0.1692639, 0.448945, 213.7972, 252.6141
-1.869127, 0.1692639, 0.2510558, 230.6089, 255.6721
-1.869127, 0.01926387, 0.2510558, 230.6089, 267.497
-2.068031, 0.01926387, 0.2301501, 214.8597, 267.8619
-2.068031, 0.1692639, 0.2301501, 214.8597, 256.0044
box_3_Hareli(Clone) stack 103 Shelf_0 Rack_0_1_2
-1.883977, 0.3192639, 0.2365774, 229.4181, 244.0546
-2.083855, 0.3192639, 0.2435573, 213.6553, 243.9545
-2.076177, 0.3192639, 0.4634233, 214.9846, 240.8925
-1.876299, 0.3192639, 0.4564434, 230.3051, 240.987
-2.076177, 0.3192639, 0.4634233, 214.9846, 240.8925
-2.076177, 0.1692639, 0.4634234, 214.9846, 252.3964
-1.876299, 0.1692639, 0.4564435, 230.3051, 252.5012
-1.876299, 0.3192639, 0.4564434, 230.3051, 240.987
-1.876299, 0.3192639, 0.4564434, 230.3051, 240.987
-1.876299, 0.1692639, 0.4564435, 230.3051, 252.5012
-1.883977, 0.1692638, 0.2365774, 229.4181, 255.9021
-1.883977, 0.3192639, 0.2365774, 229.4181, 244.0546
-2.083855, 0.1692638, 0.2435573, 213.6553, 255.7911
-1.883977, 0.1692638, 0.2365774, 229.4181, 255.9021
-1.876299, 0.1692639, 0.4564435, 230.3051, 252.5012
-2.076177, 0.1692639, 0.4634234, 214.9846, 252.3964
-2.083855, 0.3192639, 0.2435573, 213.6553, 243.9545
-2.083855, 0.1692638, 0.2435573, 213.6553, 255.7911
-2.076177, 0.1692639, 0.4634234, 214.9846, 252.3964
-2.076177, 0.3192639, 0.4634233, 214.9846, 240.8925
-1.883977, 0.3192639, 0.2365774, 229.4181, 244.0546
-1.883977, 0.1692638, 0.2365774, 229.4181, 255.9021
-2.083855, 0.1692638, 0.2435573, 213.6553, 255.7911
-2.083855, 0.3192639, 0.2435573, 213.6553, 243.9545
box_3_Hareli(Clone) stack 103 Shelf_0 Rack_0_1_2
-1.882012, 0.4692639, 0.2382718, 229.5756, 232.1855
-2.081982, 0.4692639, 0.2417623, 213.797, 232.1409
-2.078142, 0.4692639, 0.4617289, 214.8284, 229.409
-1.878173, 0.4692639, 0.4582384, 230.1636, 229.4512
-2.078142, 0.4692639, 0.4617289, 214.8284, 229.409
-2.078142, 0.3192639, 0.4617289, 214.8284, 240.9154
-1.878173, 0.3192639, 0.4582384, 230.1636, 240.9627
-1.878173, 0.4692639, 0.4582384, 230.1636, 229.4512
-1.878173, 0.4692639, 0.4582384, 230.1636, 229.4512
-1.878173, 0.3192639, 0.4582384, 230.1636, 240.9627
-1.882012, 0.3192638, 0.2382719, 229.5756, 244.0303
-1.882012, 0.4692639, 0.2382718, 229.5756, 232.1855
-2.081982, 0.3192638, 0.2417624, 213.797, 243.9802
-1.882012, 0.3192638, 0.2382719, 229.5756, 244.0303
-1.878173, 0.3192639, 0.4582384, 230.1636, 240.9627
-2.078142, 0.3192639, 0.4617289, 214.8284, 240.9154
-2.081982, 0.4692639, 0.2417623, 213.797, 232.1409
-2.081982, 0.3192638, 0.2417624, 213.797, 243.9802
-2.078142, 0.3192639, 0.4617289, 214.8284, 240.9154
-2.078142, 0.4692639, 0.4617289, 214.8284, 229.409
-1.882012, 0.4692639, 0.2382718, 229.5756, 232.1855
-1.882012, 0.3192638, 0.2382719, 229.5756, 244.0303
-2.081982, 0.3192638, 0.2417624, 213.797, 243.9802
-2.081982, 0.4692639, 0.2417623, 213.797, 232.1409
box_3_Hareli(Clone) stack 103 Shelf_0 Rack_0_1_2
-1.880077, 0.6192639, 0.2400003, 229.7308, 220.3213
-2.080077, 0.6192639, 0.2400003, 213.9413, 220.3213
-2.080077, 0.6192639, 0.4600004, 214.6744, 217.9209
-1.880077, 0.6192639, 0.4600004, 230.0197, 217.9209
-2.080077, 0.6192639, 0.4600004, 214.6744, 217.9209
-2.080077, 0.4692639, 0.4600004, 214.6744, 229.4299
-1.880077, 0.4692639, 0.4600004, 230.0197, 229.4299
-1.880077, 0.6192639, 0.4600004, 230.0197, 217.9209
-1.880077, 0.6192639, 0.4600004, 230.0197, 217.9209
-1.880077, 0.4692639, 0.4600004, 230.0197, 229.4299
-1.880077, 0.4692638, 0.2400004, 229.7308, 232.1634
-1.880077, 0.6192639, 0.2400003, 229.7308, 220.3213
-2.080077, 0.4692638, 0.2400004, 213.9413, 232.1634
-1.880077, 0.4692638, 0.2400004, 229.7308, 232.1634
-1.880077, 0.4692639, 0.4600004, 230.0197, 229.4299
-2.080077, 0.4692639, 0.4600004, 214.6744, 229.4299
-2.080077, 0.6192639, 0.2400003, 213.9413, 220.3213
-2.080077, 0.4692638, 0.2400004, 213.9413, 232.1634
-2.080077, 0.4692639, 0.4600004, 214.6744, 229.4299
-2.080077, 0.6192639, 0.4600004, 214.6744, 217.9209
-1.880077, 0.6192639, 0.2400003, 229.7308, 220.3213
-1.880077, 0.4692638, 0.2400004, 229.7308, 232.1634
-2.080077, 0.4692638, 0.2400004, 213.9413, 232.1634
-2.080077, 0.6192639, 0.2400003, 213.9413, 220.3213
box_3_Hareli(Clone) stack 103 Shelf_0 Rack_0_1_2
-1.880077, 0.7692639, 0.2400003, 229.7308, 208.4792
-2.080077, 0.7692639, 0.2400003, 213.9413, 208.4792
-2.080077, 0.7692639, 0.4600004, 214.6744, 206.412
-1.880077, 0.7692639, 0.4600004, 230.0197, 206.412
-2.080077, 0.7692639, 0.4600004, 214.6744, 206.412
-2.080077, 0.6192638, 0.4600004, 214.6744, 217.9209
-1.880077, 0.6192638, 0.4600004, 230.0197, 217.9209
-1.880077, 0.7692639, 0.4600004, 230.0197, 206.412
-1.880077, 0.7692639, 0.4600004, 230.0197, 206.412
-1.880077, 0.6192638, 0.4600004, 230.0197, 217.9209
-1.880077, 0.6192638, 0.2400004, 229.7308, 220.3213
-1.880077, 0.7692639, 0.2400003, 229.7308, 208.4792
-2.080077, 0.6192638, 0.2400004, 213.9413, 220.3213
-1.880077, 0.6192638, 0.2400004, 229.7308, 220.3213
-1.880077, 0.6192638, 0.4600004, 230.0197, 217.9209
-2.080077, 0.6192638, 0.4600004, 214.6744, 217.9209
-2.080077, 0.7692639, 0.2400003, 213.9413, 208.4792
-2.080077, 0.6192638, 0.2400004, 213.9413, 220.3213
-2.080077, 0.6192638, 0.4600004, 214.6744, 217.9209
-2.080077, 0.7692639, 0.4600004, 214.6744, 206.412
-1.880077, 0.7692639, 0.2400003, 229.7308, 208.4792
-1.880077, 0.6192638, 0.2400004, 229.7308, 220.3213
-2.080077, 0.6192638, 0.2400004, 213.9413, 220.3213
-2.080077, 0.7692639, 0.2400003, 213.9413, 208.4792
box_2_Parle-G(Clone) stack 104 Shelf_0 Rack_0_1_2
-2.256221, 0.274422, 0.2841088, 200.2658, 246.8962
-2.45619, 0.274422, 0.2806183, 184.5445, 246.9473
-2.458551, 0.274422, 0.4158919, 185.3271, 244.9998
-2.258582, 0.274422, 0.4193824, 200.7746, 244.9505
-2.458551, 0.274422, 0.4158919, 185.3271, 244.9998
-2.458551, 0.01942197, 0.4158919, 185.3271, 264.6761
-2.258582, 0.01942197, 0.4193824, 200.7746, 264.6179
-2.258582, 0.274422, 0.4193824, 200.7746, 244.9505
-2.258582, 0.274422, 0.4193824, 200.7746, 244.9505
-2.258582, 0.01942197, 0.4193824, 200.7746, 264.6179
-2.256221, 0.01942196, 0.2841088, 200.2658, 266.9116
-2.256221, 0.274422, 0.2841088, 200.2658, 246.8962
-2.45619, 0.01942196, 0.2806184, 184.5445, 266.9719
-2.256221, 0.01942196, 0.2841088, 200.2658, 266.9116
-2.258582, 0.01942197, 0.4193824, 200.7746, 264.6179
-2.458551, 0.01942197, 0.4158919, 185.3271, 264.6761
-2.45619, 0.274422, 0.2806183, 184.5445, 246.9473
-2.45619, 0.01942196, 0.2806184, 184.5445, 266.9719
-2.458551, 0.01942197, 0.4158919, 185.3271, 264.6761
-2.458551, 0.274422, 0.4158919, 185.3271, 244.9998
-2.256221, 0.274422, 0.2841088, 200.2658, 246.8962
-2.256221, 0.01942196, 0.2841088, 200.2658, 266.9116
-2.45619, 0.01942196, 0.2806184, 184.5445, 266.9719
-2.45619, 0.274422, 0.2806183, 184.5445, 246.9473
box_2_Parle-G(Clone) stack 104 Shelf_0 Rack_0_1_2
-2.258582, 0.529422, 0.2806183, 200.0623, 226.9228
-2.458551, 0.529422, 0.2841088, 184.3845, 226.8808
-2.45619, 0.529422, 0.4193824, 185.5337, 225.2831
-2.256221, 0.529422, 0.4158919, 200.9392, 225.3236
-2.45619, 0.529422, 0.4193824, 185.5337, 225.2831
-2.45619, 0.274422, 0.4193824, 185.5337, 244.9505
-2.256221, 0.274422, 0.4158919, 200.9392, 244.9998
-2.256221, 0.529422, 0.4158919, 200.9392, 225.3236
-2.256221, 0.529422, 0.4158919, 200.9392, 225.3236
-2.256221, 0.274422, 0.4158919, 200.9392, 244.9998
-2.258582, 0.2744219, 0.2806184, 200.0623, 246.9473
-2.258582, 0.529422, 0.2806183, 200.0623, 226.9228
-2.458551, 0.2744219, 0.2841088, 184.3845, 246.8962
-2.258582, 0.2744219, 0.2806184, 200.0623, 246.9473
-2.256221, 0.274422, 0.4158919, 200.9392, 244.9998
-2.45619, 0.274422, 0.4193824, 185.5337, 244.9505
-2.458551, 0.529422, 0.2841088, 184.3845, 226.8808
-2.458551, 0.2744219, 0.2841088, 184.3845, 246.8962
-2.45619, 0.274422, 0.4193824, 185.5337, 244.9505
-2.45619, 0.529422, 0.4193824, 185.5337, 225.2831
-2.258582, 0.529422, 0.2806183, 200.0623, 226.9228
-2.258582, 0.2744219, 0.2806184, 200.0623, 246.9473
-2.458551, 0.2744219, 0.2841088, 184.3845, 246.8962
-2.458551, 0.529422, 0.2841088, 184.3845, 226.8808
box_2_Parle-G(Clone) stack 104 Shelf_0 Rack_0_1_2
-2.257386, 0.784422, 0.2823533, 200.1652, 206.8819
-2.457386, 0.784422, 0.2823533, 184.4633, 206.8819
-2.457386, 0.784422, 0.4176474, 185.4293, 205.6315
-2.257386, 0.784422, 0.4176474, 200.8581, 205.6315
-2.457386, 0.784422, 0.4176474, 185.4293, 205.6315
-2.457386, 0.5294219, 0.4176475, 185.4293, 225.3033
-2.257386, 0.5294219, 0.4176475, 200.8581, 225.3033
-2.257386, 0.784422, 0.4176474, 200.8581, 205.6315
-2.257386, 0.784422, 0.4176474, 200.8581, 205.6315
-2.257386, 0.5294219, 0.4176475, 200.8581, 225.3033
-2.257386, 0.5294219, 0.2823533, 200.1652, 226.9019
-2.257386, 0.784422, 0.2823533, 200.1652, 206.8819
-2.457386, 0.5294219, 0.2823533, 184.4633, 226.9019
-2.257386, 0.5294219, 0.2823533, 200.1652, 226.9019
-2.257386, 0.5294219, 0.4176475, 200.8581, 225.3033
-2.457386, 0.5294219, 0.4176475, 185.4293, 225.3033
-2.457386, 0.784422, 0.2823533, 184.4633, 206.8819
-2.457386, 0.5294219, 0.2823533, 184.4633, 226.9019
-2.457386, 0.5294219, 0.4176475, 185.4293, 225.3033
-2.457386, 0.784422, 0.4176474, 185.4293, 205.6315
-2.257386, 0.784422, 0.2823533, 200.1652, 206.8819
-2.257386, 0.5294219, 0.2823533, 200.1652, 226.9019
-2.457386, 0.5294219, 0.2823533, 184.4633, 226.9019
-2.457386, 0.784422, 0.2823533, 184.4633, 206.8819
box_5_LMRR(Clone) stack 105 Shelf_0 Rack_0_1_2
-2.641484, 0.162368, 0.2133235, 169.3718, 256.8196
-2.84121, 0.162368, 0.2028563, 153.4287, 256.9882
-2.856084, 0.162368, 0.4866772, 155.4227, 252.5758
-2.656358, 0.162368, 0.4971444, 170.7872, 252.4192
-2.856084, 0.162368, 0.4866772, 155.4227, 252.5758
-2.856084, 0.019868, 0.4866772, 155.4227, 263.4721
-2.656358, 0.019868, 0.4971444, 170.7872, 263.301
-2.656358, 0.162368, 0.4971444, 170.7872, 252.4192
-2.656358, 0.162368, 0.4971444, 170.7872, 252.4192
-2.656358, 0.019868, 0.4971444, 170.7872, 263.301
-2.641484, 0.019868, 0.2133235, 169.3718, 268.1092
-2.641484, 0.162368, 0.2133235, 169.3718, 256.8196
-2.84121, 0.019868, 0.2028564, 153.4287, 268.2935
-2.641484, 0.019868, 0.2133235, 169.3718, 268.1092
-2.656358, 0.019868, 0.4971444, 170.7872, 263.301
-2.856084, 0.019868, 0.4866772, 155.4227, 263.4721
-2.84121, 0.162368, 0.2028563, 153.4287, 256.9882
-2.84121, 0.019868, 0.2028564, 153.4287, 268.2935
-2.856084, 0.019868, 0.4866772, 155.4227, 263.4721
-2.856084, 0.162368, 0.4866772, 155.4227, 252.5758
-2.641484, 0.162368, 0.2133235, 169.3718, 256.8196
-2.641484, 0.019868, 0.2133235, 169.3718, 268.1092
-2.84121, 0.019868, 0.2028564, 153.4287, 268.2935
-2.84121, 0.162368, 0.2028563, 153.4287, 256.9882
box_5_LMRR(Clone) stack 105 Shelf_0 Rack_0_1_2
-2.641484, 0.304868, 0.2133235, 169.3718, 245.53
-2.84121, 0.304868, 0.2028563, 153.4287, 245.683
-2.856084, 0.304868, 0.4866772, 155.4227, 241.6795
-2.656358, 0.304868, 0.4971444, 170.7872, 241.5374
-2.856084, 0.304868, 0.4866772, 155.4227, 241.6795
-2.856084, 0.162368, 0.4866772, 155.4227, 252.5758
-2.656358, 0.162368, 0.4971444, 170.7872, 252.4192
-2.656358, 0.304868, 0.4971444, 170.7872, 241.5374
-2.656358, 0.304868, 0.4971444, 170.7872, 241.5374
-2.656358, 0.162368, 0.4971444, 170.7872, 252.4192
-2.641484, 0.162368, 0.2133235, 169.3718, 256.8196
-2.641484, 0.304868, 0.2133235, 169.3718, 245.53
-2.84121, 0.162368, 0.2028564, 153.4287, 256.9882
-2.641484, 0.162368, 0.2133235, 169.3718, 256.8196
-2.656358, 0.162368, 0.4971444, 170.7872, 252.4192
-2.856084, 0.162368, 0.4866772, 155.4227, 252.5758
-2.84121, 0.304868, 0.2028563, 153.4287, 245.683
-2.84121, 0.162368, 0.2028564, 153.4287, 256.9882
-2.856084, 0.162368, 0.4866772, 155.4227, 252.5758
-2.856084, 0.304868, 0.4866772, 155.4227, 241.6795
-2.641484, 0.304868, 0.2133235, 169.3718, 245.53
-2.641484, 0.162368, 0.2133235, 169.3718, 256.8196
-2.84121, 0.162368, 0.2028564, 153.4287, 256.9882
-2.84121, 0.304868, 0.2028563, 153.4287, 245.683
box_5_LMRR(Clone) stack 105 Shelf_0 Rack_0_1_2
-2.634478, 0.447368, 0.2191265, 169.9805, 234.1644
-2.833382, 0.447368, 0.1982208, 153.9971, 234.4386
-2.863091, 0.447368, 0.4808742, 154.824, 230.854
-2.664186, 0.447368, 0.5017799, 170.2306, 230.5991
-2.863091, 0.447368, 0.4808742, 154.824, 230.854
-2.863091, 0.304868, 0.4808742, 154.824, 241.7584
-2.664186, 0.304868, 0.5017799, 170.2306, 241.4745
-2.664186, 0.447368, 0.5017799, 170.2306, 230.5991
-2.664186, 0.447368, 0.5017799, 170.2306, 230.5991
-2.664186, 0.304868, 0.5017799, 170.2306, 241.4745
-2.634478, 0.304868, 0.2191265, 169.9805, 245.4453
-2.634478, 0.447368, 0.2191265, 169.9805, 234.1644
-2.833382, 0.304868, 0.1982208, 153.9971, 245.7508
-2.634478, 0.304868, 0.2191265, 169.9805, 245.4453
-2.664186, 0.304868, 0.5017799, 170.2306, 241.4745
-2.863091, 0.304868, 0.4808742, 154.824, 241.7584
-2.833382, 0.447368, 0.1982208, 153.9971, 234.4386
-2.833382, 0.304868, 0.1982208, 153.9971, 245.7508
-2.863091, 0.304868, 0.4808742, 154.824, 241.7584
-2.863091, 0.447368, 0.4808742, 154.824, 230.854
-2.634478, 0.447368, 0.2191265, 169.9805, 234.1644
-2.634478, 0.304868, 0.2191265, 169.9805, 245.4453
-2.833382, 0.304868, 0.1982208, 153.9971, 245.7508
-2.833382, 0.447368, 0.1982208, 153.9971, 234.4386
box_5_LMRR(Clone) stack 105 Shelf_0 Rack_0_1_2
-2.664186, 0.5898679, 0.1982208, 167.4285, 223.1265
-2.863091, 0.5898679, 0.2191265, 151.8824, 222.8834
-2.833382, 0.5898679, 0.5017799, 157.3178, 219.7237
-2.634478, 0.5898679, 0.4808742, 172.3179, 219.9496
-2.833382, 0.5898679, 0.5017799, 157.3178, 219.7237
-2.833382, 0.4473679, 0.5017799, 157.3178, 230.5991
-2.634478, 0.4473679, 0.4808742, 172.3179, 230.854
-2.634478, 0.5898679, 0.4808742, 172.3179, 219.9496
-2.634478, 0.5898679, 0.4808742, 172.3179, 219.9496
-2.634478, 0.4473679, 0.4808742, 172.3179, 230.854
-2.664186, 0.4473679, 0.1982208, 167.4285, 234.4386
-2.664186, 0.5898679, 0.1982208, 167.4285, 223.1265
-2.863091, 0.4473679, 0.2191265, 151.8824, 234.1644
-2.664186, 0.4473679, 0.1982208, 167.4285, 234.4386
-2.634478, 0.4473679, 0.4808742, 172.3179, 230.854
-2.833382, 0.4473679, 0.5017799, 157.3178, 230.5991
-2.863091, 0.5898679, 0.2191265, 151.8824, 222.8834
-2.863091, 0.4473679, 0.2191265, 151.8824, 234.1644
-2.833382, 0.4473679, 0.5017799, 157.3178, 230.5991
-2.833382, 0.5898679, 0.5017799, 157.3178, 219.7237
-2.664186, 0.5898679, 0.1982208, 167.4285, 223.1265
-2.664186, 0.4473679, 0.1982208, 167.4285, 234.4386
-2.863091, 0.4473679, 0.2191265, 151.8824, 234.1644
-2.863091, 0.5898679, 0.2191265, 151.8824, 222.8834
box_5_LMRR(Clone) stack 105 Shelf_0 Rack_0_1_2
-2.648784, 0.7323679, 0.2078952, 168.7423, 211.7161
-2.848784, 0.7323679, 0.2078952, 152.8859, 211.7161
-2.848784, 0.732368, 0.4921055, 156.039, 208.9393
-2.648784, 0.732368, 0.4921055, 171.3215, 208.9393
-2.848784, 0.732368, 0.4921055, 156.039, 208.9393
-2.848784, 0.5898679, 0.4921056, 156.039, 219.8281
-2.648784, 0.5898679, 0.4921056, 171.3215, 219.8281
-2.648784, 0.732368, 0.4921055, 171.3215, 208.9393
-2.648784, 0.732368, 0.4921055, 171.3215, 208.9393
-2.648784, 0.5898679, 0.4921056, 171.3215, 219.8281
-2.648784, 0.5898679, 0.2078952, 168.7423, 223.0138
-2.648784, 0.7323679, 0.2078952, 168.7423, 211.7161
-2.848784, 0.5898679, 0.2078952, 152.8859, 223.0138
-2.648784, 0.5898679, 0.2078952, 168.7423, 223.0138
-2.648784, 0.5898679, 0.4921056, 171.3215, 219.8281
-2.848784, 0.5898679, 0.4921056, 156.039, 219.8281
-2.848784, 0.7323679, 0.2078952, 152.8859, 211.7161
-2.848784, 0.5898679, 0.2078952, 152.8859, 223.0138
-2.848784, 0.5898679, 0.4921056, 156.039, 219.8281
-2.848784, 0.732368, 0.4921055, 156.039, 208.9393
-2.648784, 0.7323679, 0.2078952, 168.7423, 211.7161
-2.648784, 0.5898679, 0.2078952, 168.7423, 223.0138
-2.848784, 0.5898679, 0.2078952, 152.8859, 223.0138
-2.848784, 0.7323679, 0.2078952, 152.8859, 211.7161
box_7_litchi(Clone) stack 106 Shelf_1 Rack_0_1_2
-1.408676, 1.414419, 0.2535512, 266.8987, 157.5057
-1.608555, 1.414419, 0.2465713, 251.1571, 157.5264
-1.615535, 1.414419, 0.4464495, 250.335, 156.9496
-1.415656, 1.414419, 0.4534294, 265.6746, 156.93
-1.615535, 1.414419, 0.4464495, 250.335, 156.9496
-1.615535, 1.204419, 0.4464495, 250.335, 173.0901
-1.415656, 1.204419, 0.4534294, 265.6746, 173.0561
-1.415656, 1.414419, 0.4534294, 265.6746, 156.93
-1.415656, 1.414419, 0.4534294, 265.6746, 156.93
-1.415656, 1.204419, 0.4534294, 265.6746, 173.0561
-1.408676, 1.204419, 0.2535512, 266.8987, 174.0552
-1.408676, 1.414419, 0.2535512, 266.8987, 157.5057
-1.608555, 1.204419, 0.2465713, 251.1571, 174.091
-1.408676, 1.204419, 0.2535512, 266.8987, 174.0552
-1.415656, 1.204419, 0.4534294, 265.6746, 173.0561
-1.615535, 1.204419, 0.4464495, 250.335, 173.0901
-1.608555, 1.414419, 0.2465713, 251.1571, 157.5264
-1.608555, 1.204419, 0.2465713, 251.1571, 174.091
-1.615535, 1.204419, 0.4464495, 250.335, 173.0901
-1.615535, 1.414419, 0.4464495, 250.335, 156.9496
-1.408676, 1.414419, 0.2535512, 266.8987, 157.5057
-1.408676, 1.204419, 0.2535512, 266.8987, 174.0552
-1.608555, 1.204419, 0.2465713, 251.1571, 174.091
-1.608555, 1.414419, 0.2465713, 251.1571, 157.5264
box_7_litchi(Clone) stack 106 Shelf_1 Rack_0_1_2
-1.419325, 1.624419, 0.2432683, 266.0947, 140.9644
-1.618837, 1.624419, 0.2572196, 250.3315, 140.9534
-1.604886, 1.624419, 0.4567324, 251.1387, 140.8015
-1.405373, 1.624419, 0.4427811, 266.5003, 140.8119
-1.604886, 1.624419, 0.4567324, 251.1387, 140.8015
-1.604886, 1.414419, 0.4567324, 251.1387, 156.9208
-1.405373, 1.414419, 0.4427811, 266.5003, 156.96
-1.405373, 1.624419, 0.4427811, 266.5003, 140.8119
-1.405373, 1.624419, 0.4427811, 266.5003, 140.8119
-1.405373, 1.414419, 0.4427811, 266.5003, 156.96
-1.419325, 1.414419, 0.2432683, 266.0947, 157.5362
-1.419325, 1.624419, 0.2432683, 266.0947, 140.9644
-1.618837, 1.414419, 0.2572196, 250.3315, 157.4949
-1.419325, 1.414419, 0.2432683, 266.0947, 157.5362
-1.405373, 1.414419, 0.4427811, 266.5003, 156.96
-1.604886, 1.414419, 0.4567324, 251.1387, 156.9208
-1.618837, 1.624419, 0.2572196, 250.3315, 140.9534
-1.618837, 1.414419, 0.2572196, 250.3315, 157.4949
-1.604886, 1.414419, 0.4567324, 251.1387, 156.9208
-1.604886, 1.624419, 0.4567324, 251.1387, 140.8015
-1.419325, 1.624419, 0.2432683, 266.0947, 140.9644
-1.419325, 1.414419, 0.2432683, 266.0947, 157.5362
-1.618837, 1.414419, 0.2572196, 250.3315, 157.4949
-1.618837, 1.624419, 0.2572196, 250.3315, 140.9534
box_7_litchi(Clone) stack 106 Shelf_1 Rack_0_1_2
-1.410375, 1.834419, 0.2517608, 266.7711, 124.4044
-1.610345, 1.834419, 0.2482703, 251.0134, 124.3995
-1.613835, 1.834419, 0.4482399, 250.4632, 124.671
-1.413866, 1.834419, 0.4517304, 265.8176, 124.6756
-1.613835, 1.834419, 0.4482399, 250.4632, 124.671
-1.613835, 1.624419, 0.4482399, 250.4632, 140.8078
-1.413866, 1.624419, 0.4517304, 265.8176, 140.8052
-1.413866, 1.834419, 0.4517304, 265.8176, 124.6756
-1.413866, 1.834419, 0.4517304, 265.8176, 124.6756
-1.413866, 1.624419, 0.4517304, 265.8176, 140.8052
-1.410375, 1.624419, 0.2517608, 266.7711, 140.9577
-1.410375, 1.834419, 0.2517608, 266.7711, 124.4044
-1.610345, 1.624419, 0.2482704, 251.0134, 140.9604
-1.410375, 1.624419, 0.2517608, 266.7711, 140.9577
-1.413866, 1.624419, 0.4517304, 265.8176, 140.8052
-1.613835, 1.624419, 0.4482399, 250.4632, 140.8078
-1.610345, 1.834419, 0.2482703, 251.0134, 124.3995
-1.610345, 1.624419, 0.2482704, 251.0134, 140.9604
-1.613835, 1.624419, 0.4482399, 250.4632, 140.8078
-1.613835, 1.834419, 0.4482399, 250.4632, 124.671
-1.410375, 1.834419, 0.2517608, 266.7711, 124.4044
-1.410375, 1.624419, 0.2517608, 266.7711, 140.9577
-1.610345, 1.624419, 0.2482704, 251.0134, 140.9604
-1.610345, 1.834419, 0.2482703, 251.0134, 124.3995
box_7_litchi(Clone) stack 106 Shelf_1 Rack_0_1_2
-1.400664, 2.044419, 0.2629327, 267.4962, 107.8908
-1.599173, 2.044419, 0.2385588, 251.9097, 107.8039
-1.623547, 2.044419, 0.4370681, 249.7308, 108.4963
-1.425038, 2.044419, 0.4614419, 264.9286, 108.5789
-1.623547, 2.044419, 0.4370681, 249.7308, 108.4963
-1.623547, 1.834419, 0.4370681, 249.7308, 124.6562
-1.425038, 1.834419, 0.4614419, 264.9286, 124.6884
-1.425038, 2.044419, 0.4614419, 264.9286, 108.5789
-1.425038, 2.044419, 0.4614419, 264.9286, 108.5789
-1.425038, 1.834419, 0.4614419, 264.9286, 124.6884
-1.400664, 1.834419, 0.2629327, 267.4962, 124.4199
-1.400664, 2.044419, 0.2629327, 267.4962, 107.8908
-1.599173, 1.834419, 0.2385588, 251.9097, 124.386
-1.400664, 1.834419, 0.2629327, 267.4962, 124.4199
-1.425038, 1.834419, 0.4614419, 264.9286, 124.6884
-1.623547, 1.834419, 0.4370681, 249.7308, 124.6562
-1.599173, 2.044419, 0.2385588, 251.9097, 107.8039
-1.599173, 1.834419, 0.2385588, 251.9097, 124.386
-1.623547, 1.834419, 0.4370681, 249.7308, 124.6562
-1.623547, 2.044419, 0.4370681, 249.7308, 108.4963
-1.400664, 2.044419, 0.2629327, 267.4962, 107.8908
-1.400664, 1.834419, 0.2629327, 267.4962, 124.4199
-1.599173, 1.834419, 0.2385588, 251.9097, 124.386
-1.599173, 2.044419, 0.2385588, 251.9097, 107.8039
box_8_lizol(Clone) stack 107 Shelf_1 Rack_0_1_2
-1.784988, 1.380775, 0.2397029, 237.2377, 160.203
-1.983497, 1.380775, 0.2153291, 221.506, 160.2841
-2.013576, 1.380775, 0.4602979, 219.7776, 159.4921
-1.815066, 1.380775, 0.4846717, 235.0234, 159.416
-2.013576, 1.380775, 0.4602979, 219.7776, 159.4921
-2.013576, 1.204525, 0.4602979, 219.7776, 173.0146
-1.815066, 1.204525, 0.4846717, 235.0234, 172.8965
-1.815066, 1.380775, 0.4846717, 235.0234, 159.416
-1.815066, 1.380775, 0.4846717, 235.0234, 159.416
-1.815066, 1.204525, 0.4846717, 235.0234, 172.8965
-1.784988, 1.204525, 0.2397029, 237.2377, 174.118
-1.784988, 1.380775, 0.2397029, 237.2377, 160.203
-1.983497, 1.204525, 0.215329, 221.506, 174.2439
-1.784988, 1.204525, 0.2397029, 237.2377, 174.118
-1.815066, 1.204525, 0.4846717, 235.0234, 172.8965
-2.013576, 1.204525, 0.4602979, 219.7776, 173.0146
-1.983497, 1.380775, 0.2153291, 221.506, 160.2841
-1.983497, 1.204525, 0.215329, 221.506, 174.2439
-2.013576, 1.204525, 0.4602979, 219.7776, 173.0146
-2.013576, 1.380775, 0.4602979, 219.7776, 159.4921
-1.784988, 1.380775, 0.2397029, 237.2377, 160.203
-1.784988, 1.204525, 0.2397029, 237.2377, 174.118
-1.983497, 1.204525, 0.215329, 221.506, 174.2439
-1.983497, 1.380775, 0.2153291, 221.506, 160.2841
box_8_lizol(Clone) stack 107 Shelf_1 Rack_0_1_2
-1.80365, 1.557025, 0.2231813, 235.7551, 146.3126
-2.003528, 1.557025, 0.2301612, 219.9587, 146.3022
-1.994914, 1.557025, 0.4768194, 221.249, 145.9464
-1.795036, 1.557025, 0.4698395, 236.5489, 145.9562
-1.994914, 1.557025, 0.4768194, 221.249, 145.9464
-1.994914, 1.380775, 0.4768195, 221.249, 159.4404
-1.795036, 1.380775, 0.4698395, 236.5489, 159.4622
-1.795036, 1.557025, 0.4698395, 236.5489, 145.9562
-1.795036, 1.557025, 0.4698395, 236.5489, 145.9562
-1.795036, 1.380775, 0.4698395, 236.5489, 159.4622
-1.80365, 1.380775, 0.2231813, 235.7551, 160.2579
-1.80365, 1.557025, 0.2231813, 235.7551, 146.3126
-2.003528, 1.380775, 0.2301612, 219.9587, 160.2347
-1.80365, 1.380775, 0.2231813, 235.7551, 160.2579
-1.795036, 1.380775, 0.4698395, 236.5489, 159.4622
-1.994914, 1.380775, 0.4768195, 221.249, 159.4404
-2.003528, 1.557025, 0.2301612, 219.9587, 146.3022
-2.003528, 1.380775, 0.2301612, 219.9587, 160.2347
-1.994914, 1.380775, 0.4768195, 221.249, 159.4404
-1.994914, 1.557025, 0.4768194, 221.249, 145.9464
-1.80365, 1.557025, 0.2231813, 235.7551, 146.3126
-1.80365, 1.380775, 0.2231813, 235.7551, 160.2579
-2.003528, 1.380775, 0.2301612, 219.9587, 160.2347
-2.003528, 1.557025, 0.2301612, 219.9587, 146.3022
box_8_lizol(Clone) stack 107 Shelf_1 Rack_0_1_2
-1.784988, 1.733275, 0.2397029, 237.2377, 132.3729
-1.983497, 1.733275, 0.2153291, 221.506, 132.3645
-2.013576, 1.733275, 0.4602979, 219.7776, 132.4471
-1.815066, 1.733275, 0.4846717, 235.0234, 132.455
-2.013576, 1.733275, 0.4602979, 219.7776, 132.4471
-2.013576, 1.557025, 0.4602979, 219.7776, 145.9695
-1.815066, 1.557025, 0.4846717, 235.0234, 145.9355
-1.815066, 1.733275, 0.4846717, 235.0234, 132.455
-1.815066, 1.733275, 0.4846717, 235.0234, 132.455
-1.815066, 1.557025, 0.4846717, 235.0234, 145.9355
-1.784988, 1.557025, 0.2397029, 237.2377, 146.288
-1.784988, 1.733275, 0.2397029, 237.2377, 132.3729
-1.983497, 1.557025, 0.215329, 221.506, 146.3243
-1.784988, 1.557025, 0.2397029, 237.2377, 146.288
-1.815066, 1.557025, 0.4846717, 235.0234, 145.9355
-2.013576, 1.557025, 0.4602979, 219.7776, 145.9695
-1.983497, 1.733275, 0.2153291, 221.506, 132.3645
-1.983497, 1.557025, 0.215329, 221.506, 146.3243
-2.013576, 1.557025, 0.4602979, 219.7776, 145.9695
-2.013576, 1.733275, 0.4602979, 219.7776, 132.4471
-1.784988, 1.733275, 0.2397029, 237.2377, 132.3729
-1.784988, 1.557025, 0.2397029, 237.2377, 146.288
-1.983497, 1.557025, 0.215329, 221.506, 146.3243
-1.983497, 1.733275, 0.2153291, 221.506, 132.3645
box_8_lizol(Clone) stack 107 Shelf_1 Rack_0_1_2
-1.812729, 1.909525, 0.2168193, 235.0326, 118.408
-2.011633, 1.909525, 0.237725, 219.3386, 118.4536
-1.985835, 1.909525, 0.4831815, 221.9587, 118.9714
-1.78693, 1.909525, 0.4622758, 237.1673, 118.9286
-1.985835, 1.909525, 0.4831815, 221.9587, 118.9714
-1.985835, 1.733275, 0.4831815, 221.9587, 132.4545
-1.78693, 1.733275, 0.4622758, 237.1673, 132.4477
-1.78693, 1.909525, 0.4622758, 237.1673, 118.9286
-1.78693, 1.909525, 0.4622758, 237.1673, 118.9286
-1.78693, 1.733275, 0.4622758, 237.1673, 132.4477
-1.812729, 1.733275, 0.2168193, 235.0326, 132.365
-1.812729, 1.909525, 0.2168193, 235.0326, 118.408
-2.011633, 1.733275, 0.237725, 219.3386, 132.3723
-1.812729, 1.733275, 0.2168193, 235.0326, 132.365
-1.78693, 1.733275, 0.4622758, 237.1673, 132.4477
-1.985835, 1.733275, 0.4831815, 221.9587, 132.4545
-2.011633, 1.909525, 0.237725, 219.3386, 118.4536
-2.011633, 1.733275, 0.237725, 219.3386, 132.3723
-1.985835, 1.733275, 0.4831815, 221.9587, 132.4545
-1.985835, 1.909525, 0.4831815, 221.9587, 118.9714
-1.812729, 1.909525, 0.2168193, 235.0326, 118.408
-1.812729, 1.733275, 0.2168193, 235.0326, 132.365
-2.011633, 1.733275, 0.237725, 219.3386, 132.3723
-2.011633, 1.909525, 0.237725, 219.3386, 118.4536
box_5_LMRR(Clone) stack 108 Shelf_1 Rack_0_1_2
-2.168546, 1.346961, 0.2133235, 206.8405, 162.9697
-2.368272, 1.346961, 0.2028563, 190.9494, 163.0084
-2.383146, 1.346961, 0.4866772, 191.5862, 161.9953
-2.18342, 1.346961, 0.4971444, 206.9025, 161.9593
-2.383146, 1.346961, 0.4866772, 191.5862, 161.9953
-2.383146, 1.204461, 0.4866772, 191.5862, 172.8916
-2.18342, 1.204461, 0.4971444, 206.9025, 172.8411
-2.18342, 1.346961, 0.4971444, 206.9025, 161.9593
-2.18342, 1.346961, 0.4971444, 206.9025, 161.9593
-2.18342, 1.204461, 0.4971444, 206.9025, 172.8411
-2.168546, 1.204461, 0.2133235, 206.8405, 174.2593
-2.168546, 1.346961, 0.2133235, 206.8405, 162.9697
-2.368272, 1.204461, 0.2028564, 190.9494, 174.3136
-2.168546, 1.204461, 0.2133235, 206.8405, 174.2593
-2.18342, 1.204461, 0.4971444, 206.9025, 172.8411
-2.383146, 1.204461, 0.4866772, 191.5862, 172.8916
-2.368272, 1.346961, 0.2028563, 190.9494, 163.0084
-2.368272, 1.204461, 0.2028564, 190.9494, 174.3136
-2.383146, 1.204461, 0.4866772, 191.5862, 172.8916
-2.383146, 1.346961, 0.4866772, 191.5862, 161.9953
-2.168546, 1.346961, 0.2133235, 206.8405, 162.9697
-2.168546, 1.204461, 0.2133235, 206.8405, 174.2593
-2.368272, 1.204461, 0.2028564, 190.9494, 174.3136
-2.368272, 1.346961, 0.2028563, 190.9494, 163.0084
box_5_LMRR(Clone) stack 108 Shelf_1 Rack_0_1_2
-2.166177, 1.489461, 0.215217, 207.0365, 151.6759
-2.36569, 1.489461, 0.2012657, 191.1439, 151.7066
-2.385515, 1.489461, 0.4847837, 191.3933, 151.1028
-2.186002, 1.489461, 0.498735, 206.712, 151.0742
-2.385515, 1.489461, 0.4847837, 191.3933, 151.1028
-2.385515, 1.346961, 0.4847838, 191.3933, 162.0018
-2.186002, 1.346961, 0.498735, 206.712, 161.9539
-2.186002, 1.489461, 0.498735, 206.712, 151.0742
-2.186002, 1.489461, 0.498735, 206.712, 151.0742
-2.186002, 1.346961, 0.498735, 206.712, 161.9539
-2.166177, 1.346961, 0.215217, 207.0365, 162.9626
-2.166177, 1.489461, 0.215217, 207.0365, 151.6759
-2.36569, 1.346961, 0.2012657, 191.1439, 163.0143
-2.166177, 1.346961, 0.215217, 207.0365, 162.9626
-2.186002, 1.346961, 0.498735, 206.712, 161.9539
-2.385515, 1.346961, 0.4847838, 191.3933, 162.0018
-2.36569, 1.489461, 0.2012657, 191.1439, 151.7066
-2.36569, 1.346961, 0.2012657, 191.1439, 163.0143
-2.385515, 1.346961, 0.4847838, 191.3933, 162.0018
-2.385515, 1.489461, 0.4847837, 191.3933, 151.1028
-2.166177, 1.489461, 0.215217, 207.0365, 151.6759
-2.166177, 1.346961, 0.215217, 207.0365, 162.9626
-2.36569, 1.346961, 0.2012657, 191.1439, 163.0143
-2.36569, 1.489461, 0.2012657, 191.1439, 151.7066
box_5_LMRR(Clone) stack 108 Shelf_1 Rack_0_1_2
-2.18342, 1.631961, 0.2028563, 205.6146, 140.3979
-2.383146, 1.631961, 0.2133235, 189.8387, 140.3904
-2.368272, 1.631961, 0.4971444, 192.7865, 140.1957
-2.168546, 1.631961, 0.4866772, 207.9957, 140.2026
-2.368272, 1.631961, 0.4971444, 192.7865, 140.1957
-2.368272, 1.489461, 0.4971444, 192.7865, 151.0775
-2.168546, 1.489461, 0.4866772, 207.9957, 151.099
-2.168546, 1.631961, 0.4866772, 207.9957, 140.2026
-2.168546, 1.631961, 0.4866772, 207.9957, 140.2026
-2.168546, 1.489461, 0.4866772, 207.9957, 151.099
-2.18342, 1.489461, 0.2028564, 205.6146, 151.7031
-2.18342, 1.631961, 0.2028563, 205.6146, 140.3979
-2.383146, 1.489461, 0.2133235, 189.8387, 151.68
-2.18342, 1.489461, 0.2028564, 205.6146, 151.7031
-2.168546, 1.489461, 0.4866772, 207.9957, 151.099
-2.368272, 1.489461, 0.4971444, 192.7865, 151.0775
-2.383146, 1.631961, 0.2133235, 189.8387, 140.3904
-2.383146, 1.489461, 0.2133235, 189.8387, 151.68
-2.368272, 1.489461, 0.4971444, 192.7865, 151.0775
-2.368272, 1.631961, 0.4971444, 192.7865, 140.1957
-2.18342, 1.631961, 0.2028563, 205.6146, 140.3979
-2.18342, 1.489461, 0.2028564, 205.6146, 151.7031
-2.383146, 1.489461, 0.2133235, 189.8387, 151.68
-2.383146, 1.631961, 0.2133235, 189.8387, 140.3904
box_5_LMRR(Clone) stack 109 Shelf_1 Rack_0_1_2
-2.547098, 1.346961, 0.2191265, 176.8979, 162.9482
-2.746002, 1.346961, 0.1982208, 160.9336, 163.0255
-2.77571, 1.346961, 0.4808742, 161.5105, 162.0153
-2.576806, 1.346961, 0.5017799, 176.8994, 161.9434
-2.77571, 1.346961, 0.4808742, 161.5105, 162.0153
-2.77571, 1.204461, 0.4808742, 161.5105, 172.9196
-2.576806, 1.204461, 0.5017799, 176.8994, 172.8188
-2.576806, 1.346961, 0.5017799, 176.8994, 161.9434
-2.576806, 1.346961, 0.5017799, 176.8994, 161.9434
-2.576806, 1.204461, 0.5017799, 176.8994, 172.8188
-2.547098, 1.204461, 0.2191265, 176.8979, 174.2292
-2.547098, 1.346961, 0.2191265, 176.8979, 162.9482
-2.746002, 1.204461, 0.1982208, 160.9336, 174.3377
-2.547098, 1.204461, 0.2191265, 176.8979, 174.2292
-2.576806, 1.204461, 0.5017799, 176.8994, 172.8188
-2.77571, 1.204461, 0.4808742, 161.5105, 172.9196
-2.746002, 1.346961, 0.1982208, 160.9336, 163.0255
-2.746002, 1.204461, 0.1982208, 160.9336, 174.3377
-2.77571, 1.204461, 0.4808742, 161.5105, 172.9196
-2.77571, 1.346961, 0.4808742, 161.5105, 162.0153
-2.547098, 1.346961, 0.2191265, 176.8979, 162.9482
-2.547098, 1.204461, 0.2191265, 176.8979, 174.2292
-2.746002, 1.204461, 0.1982208, 160.9336, 174.3377
-2.746002, 1.346961, 0.1982208, 160.9336, 163.0255
box_5_LMRR(Clone) stack 109 Shelf_1 Rack_0_1_2
-2.549399, 1.489461, 0.2171515, 176.6992, 151.6716
-2.748638, 1.489461, 0.1997204, 160.7401, 151.7101
-2.773409, 1.489461, 0.4828492, 161.7064, 151.1068
-2.57417, 1.489461, 0.5002804, 177.0885, 151.0711
-2.773409, 1.489461, 0.4828492, 161.7064, 151.1068
-2.773409, 1.346961, 0.4828492, 161.7064, 162.0085
-2.57417, 1.346961, 0.5002804, 177.0885, 161.9485
-2.57417, 1.489461, 0.5002804, 177.0885, 151.0711
-2.57417, 1.489461, 0.5002804, 177.0885, 151.0711
-2.57417, 1.346961, 0.5002804, 177.0885, 161.9485
-2.549399, 1.346961, 0.2171515, 176.6992, 162.9555
-2.549399, 1.489461, 0.2171515, 176.6992, 151.6716
-2.748638, 1.346961, 0.1997204, 160.7401, 163.02
-2.549399, 1.346961, 0.2171515, 176.6992, 162.9555
-2.57417, 1.346961, 0.5002804, 177.0885, 161.9485
-2.773409, 1.346961, 0.4828492, 161.7064, 162.0085
-2.748638, 1.489461, 0.1997204, 160.7401, 151.7101
-2.748638, 1.346961, 0.1997204, 160.7401, 163.02
-2.773409, 1.346961, 0.4828492, 161.7064, 162.0085
-2.773409, 1.489461, 0.4828492, 161.7064, 151.1068
-2.549399, 1.489461, 0.2171515, 176.6992, 151.6716
-2.549399, 1.346961, 0.2171515, 176.6992, 162.9555
-2.748638, 1.346961, 0.1997204, 160.7401, 163.02
-2.748638, 1.489461, 0.1997204, 160.7401, 151.7101
box_5_LMRR(Clone) stack 109 Shelf_1 Rack_0_1_2
-2.576806, 1.631961, 0.1982208, 174.3651, 140.4012
-2.77571, 1.631961, 0.2191265, 158.7999, 140.3863
-2.746002, 1.631961, 0.5017799, 163.9865, 140.1926
-2.547098, 1.631961, 0.4808742, 179.0044, 140.2065
-2.746002, 1.631961, 0.5017799, 163.9865, 140.1926
-2.746002, 1.489461, 0.5017799, 163.9865, 151.068
-2.547098, 1.489461, 0.4808742, 179.0044, 151.1109
-2.547098, 1.631961, 0.4808742, 179.0044, 140.2065
-2.547098, 1.631961, 0.4808742, 179.0044, 140.2065
-2.547098, 1.489461, 0.4808742, 179.0044, 151.1109
-2.576806, 1.489461, 0.1982208, 174.3651, 151.7133
-2.576806, 1.631961, 0.1982208, 174.3651, 140.4012
-2.77571, 1.489461, 0.2191265, 158.7999, 151.6673
-2.576806, 1.489461, 0.1982208, 174.3651, 151.7133
-2.547098, 1.489461, 0.4808742, 179.0044, 151.1109
-2.746002, 1.489461, 0.5017799, 163.9865, 151.068
-2.77571, 1.631961, 0.2191265, 158.7999, 140.3863
-2.77571, 1.489461, 0.2191265, 158.7999, 151.6673
-2.746002, 1.489461, 0.5017799, 163.9865, 151.068
-2.746002, 1.631961, 0.5017799, 163.9865, 140.1926
-2.576806, 1.631961, 0.1982208, 174.3651, 140.4012
-2.576806, 1.489461, 0.1982208, 174.3651, 151.7133
-2.77571, 1.489461, 0.2191265, 158.7999, 151.6673
-2.77571, 1.631961, 0.2191265, 158.7999, 140.3863
box_5_LMRR(Clone) stack 109 Shelf_1 Rack_0_1_2
-2.563899, 1.774461, 0.2061716, 175.4575, 129.0952
-2.763869, 1.774461, 0.209662, 159.637, 129.0979
-2.758909, 1.774461, 0.4938292, 162.9236, 129.3115
-2.558939, 1.774461, 0.4903387, 178.1729, 129.3089
-2.758909, 1.774461, 0.4938292, 162.9236, 129.3115
-2.758909, 1.631961, 0.4938292, 162.9236, 140.1979
-2.558939, 1.631961, 0.4903387, 178.1729, 140.2002
-2.558939, 1.774461, 0.4903387, 178.1729, 129.3089
-2.558939, 1.774461, 0.4903387, 178.1729, 129.3089
-2.558939, 1.631961, 0.4903387, 178.1729, 140.2002
-2.563899, 1.631961, 0.2061716, 175.4575, 140.3955
-2.563899, 1.774461, 0.2061716, 175.4575, 129.0952
-2.763869, 1.631961, 0.2096621, 159.637, 140.393
-2.563899, 1.631961, 0.2061716, 175.4575, 140.3955
-2.558939, 1.631961, 0.4903387, 178.1729, 140.2002
-2.758909, 1.631961, 0.4938292, 162.9236, 140.1979
-2.763869, 1.774461, 0.209662, 159.637, 129.0979
-2.763869, 1.631961, 0.2096621, 159.637, 140.393
-2.758909, 1.631961, 0.4938292, 162.9236, 140.1979
-2.758909, 1.774461, 0.4938292, 162.9236, 129.3115
-2.563899, 1.774461, 0.2061716, 175.4575, 129.0952
-2.563899, 1.631961, 0.2061716, 175.4575, 140.3955
-2.763869, 1.631961, 0.2096621, 159.637, 140.393
-2.763869, 1.774461, 0.209662, 159.637, 129.0979
box_5_LMRR(Clone) stack 109 Shelf_1 Rack_0_1_2
-2.563899, 1.916961, 0.2061716, 175.4575, 117.7949
-2.763869, 1.916961, 0.209662, 159.637, 117.8028
-2.758909, 1.916961, 0.4938292, 162.9236, 118.4251
-2.558939, 1.916961, 0.4903387, 178.1729, 118.4177
-2.758909, 1.916961, 0.4938292, 162.9236, 118.4251
-2.758909, 1.774461, 0.4938292, 162.9236, 129.3115
-2.558939, 1.774461, 0.4903387, 178.1729, 129.309
-2.558939, 1.916961, 0.4903387, 178.1729, 118.4177
-2.558939, 1.916961, 0.4903387, 178.1729, 118.4177
-2.558939, 1.774461, 0.4903387, 178.1729, 129.309
-2.563899, 1.774461, 0.2061716, 175.4575, 129.0952
-2.563899, 1.916961, 0.2061716, 175.4575, 117.7949
-2.763869, 1.774461, 0.2096621, 159.637, 129.0979
-2.563899, 1.774461, 0.2061716, 175.4575, 129.0952
-2.558939, 1.774461, 0.4903387, 178.1729, 129.309
-2.758909, 1.774461, 0.4938292, 162.9236, 129.3115
-2.763869, 1.916961, 0.209662, 159.637, 117.8028
-2.763869, 1.774461, 0.2096621, 159.637, 129.0979
-2.758909, 1.774461, 0.4938292, 162.9236, 129.3115
-2.758909, 1.916961, 0.4938292, 162.9236, 118.4251
-2.563899, 1.916961, 0.2061716, 175.4575, 117.7949
-2.563899, 1.774461, 0.2061716, 175.4575, 129.0952
-2.763869, 1.774461, 0.2096621, 159.637, 129.0979
-2.763869, 1.916961, 0.209662, 159.637, 117.8028
box_6_melody(Clone) stack 111 Shelf_2 Rack_0_1_2
-1.829276, 2.576536, 0.2217414, 233.7263, 65.6331
-2.028515, 2.576536, 0.2391725, 218.0096, 65.79222
-2.007598, 2.576536, 0.4782594, 220.2815, 67.90323
-1.808359, 2.576536, 0.4608282, 235.5228, 67.75369
-2.007598, 2.576536, 0.4782594, 220.2815, 67.90323
-2.007598, 2.389036, 0.4782594, 220.2815, 82.25592
-1.808359, 2.389036, 0.4608282, 235.5228, 82.13837
-1.808359, 2.576536, 0.4608282, 235.5228, 67.75369
-1.808359, 2.576536, 0.4608282, 235.5228, 67.75369
-1.808359, 2.389036, 0.4608282, 235.5228, 82.13837
-1.829276, 2.389036, 0.2217414, 233.7263, 80.47139
-1.829276, 2.576536, 0.2217414, 233.7263, 65.6331
-2.028515, 2.389036, 0.2391725, 218.0096, 80.59647
-1.829276, 2.389036, 0.2217414, 233.7263, 80.47139
-1.808359, 2.389036, 0.4608282, 235.5228, 82.13837
-2.007598, 2.389036, 0.4782594, 220.2815, 82.25592
-2.028515, 2.576536, 0.2391725, 218.0096, 65.79222
-2.028515, 2.389036, 0.2391725, 218.0096, 80.59647
-2.007598, 2.389036, 0.4782594, 220.2815, 82.25592
-2.007598, 2.576536, 0.4782594, 220.2815, 67.90323
-1.829276, 2.576536, 0.2217414, 233.7263, 65.6331
-1.829276, 2.389036, 0.2217414, 233.7263, 80.47139
-2.028515, 2.389036, 0.2391725, 218.0096, 80.59647
-2.028515, 2.576536, 0.2391725, 218.0096, 65.79222
box_6_melody(Clone) stack 111 Shelf_2 Rack_0_1_2
-1.808359, 2.764036, 0.2391725, 235.3922, 50.98798
-2.007598, 2.764036, 0.2217414, 219.6144, 50.79482
-2.028515, 2.764036, 0.4608282, 218.6328, 53.36903
-1.829276, 2.764036, 0.4782594, 233.9316, 53.55057
-2.028515, 2.764036, 0.4608282, 218.6328, 53.36903
-2.028515, 2.576536, 0.4608282, 218.6328, 67.75369
-1.829276, 2.576536, 0.4782594, 233.9316, 67.90323
-1.829276, 2.764036, 0.4782594, 233.9316, 53.55057
-1.829276, 2.764036, 0.4782594, 233.9316, 53.55057
-1.829276, 2.576536, 0.4782594, 233.9316, 67.90323
-1.808359, 2.576536, 0.2391725, 235.3922, 65.79222
-1.808359, 2.764036, 0.2391725, 235.3922, 50.98798
-2.007598, 2.576536, 0.2217414, 219.6144, 65.6331
-1.808359, 2.576536, 0.2391725, 235.3922, 65.79222
-1.829276, 2.576536, 0.4782594, 233.9316, 67.90323
-2.028515, 2.576536, 0.4608282, 218.6328, 67.75369
-2.007598, 2.764036, 0.2217414, 219.6144, 50.79482
-2.007598, 2.576536, 0.2217414, 219.6144, 65.6331
-2.028515, 2.576536, 0.4608282, 218.6328, 67.75369
-2.028515, 2.764036, 0.4608282, 218.6328, 53.36903
-1.808359, 2.764036, 0.2391725, 235.3922, 50.98798
-1.808359, 2.576536, 0.2391725, 235.3922, 65.79222
-2.007598, 2.576536, 0.2217414, 219.6144, 65.6331
-2.007598, 2.764036, 0.2217414, 219.6144, 50.79482
box_6_melody(Clone) stack 111 Shelf_2 Rack_0_1_2
-1.822686, 2.951536, 0.2265834, 234.2515, 36.01976
-2.022564, 2.951536, 0.2335633, 218.4636, 36.11075
-2.014188, 2.951536, 0.4734173, 219.7646, 39.13867
-1.81431, 2.951536, 0.4664374, 235.0698, 39.05318
-2.014188, 2.951536, 0.4734173, 219.7646, 39.13867
-2.014188, 2.764036, 0.4734173, 219.7646, 53.50021
-1.81431, 2.764036, 0.4664374, 235.0698, 53.42755
-1.81431, 2.951536, 0.4664374, 235.0698, 39.05318
-1.81431, 2.951536, 0.4664374, 235.0698, 39.05318
-1.81431, 2.764036, 0.4664374, 235.0698, 53.42755
-1.822686, 2.764036, 0.2265835, 234.2515, 50.84857
-1.822686, 2.951536, 0.2265834, 234.2515, 36.01976
-2.022564, 2.764036, 0.2335634, 218.4636, 50.92593
-1.822686, 2.764036, 0.2265835, 234.2515, 50.84857
-1.81431, 2.764036, 0.4664374, 235.0698, 53.42755
-2.014188, 2.764036, 0.4734173, 219.7646, 53.50021
-2.022564, 2.951536, 0.2335633, 218.4636, 36.11075
-2.022564, 2.764036, 0.2335634, 218.4636, 50.92593
-2.014188, 2.764036, 0.4734173, 219.7646, 53.50021
-2.014188, 2.951536, 0.4734173, 219.7646, 39.13867
-1.822686, 2.951536, 0.2265834, 234.2515, 36.01976
-1.822686, 2.764036, 0.2265835, 234.2515, 50.84857
-2.022564, 2.764036, 0.2335634, 218.4636, 50.92593
-2.022564, 2.951536, 0.2335633, 218.4636, 36.11075
box_6_melody(Clone) stack 112 Shelf_2 Rack_0_1_2
-2.20363, 2.576536, 0.2202049, 204.0936, 65.61903
-2.402535, 2.576536, 0.2411106, 188.4916, 65.80986
-2.377448, 2.576536, 0.4797959, 191.9798, 67.91638
-2.178544, 2.576536, 0.4588902, 207.1148, 67.73701
-2.377448, 2.576536, 0.4797959, 191.9798, 67.91638
-2.377448, 2.389036, 0.4797959, 191.9798, 82.26625
-2.178544, 2.389036, 0.4588902, 207.1148, 82.12526
-2.178544, 2.576536, 0.4588902, 207.1148, 67.73701
-2.178544, 2.576536, 0.4588902, 207.1148, 67.73701
-2.178544, 2.389036, 0.4588902, 207.1148, 82.12526
-2.20363, 2.389036, 0.2202049, 204.0936, 80.46034
-2.20363, 2.576536, 0.2202049, 204.0936, 65.61903
-2.402535, 2.389036, 0.2411106, 188.4916, 80.61034
-2.20363, 2.389036, 0.2202049, 204.0936, 80.46034
-2.178544, 2.389036, 0.4588902, 207.1148, 82.12526
-2.377448, 2.389036, 0.4797959, 191.9798, 82.26625
-2.402535, 2.576536, 0.2411106, 188.4916, 65.80986
-2.402535, 2.389036, 0.2411106, 188.4916, 80.61034
-2.377448, 2.389036, 0.4797959, 191.9798, 82.26625
-2.377448, 2.576536, 0.4797959, 191.9798, 67.91638
-2.20363, 2.576536, 0.2202049, 204.0936, 65.61903
-2.20363, 2.389036, 0.2202049, 204.0936, 80.46034
-2.402535, 2.389036, 0.2411106, 188.4916, 80.61034
-2.402535, 2.576536, 0.2411106, 188.4916, 65.80986
box_6_melody(Clone) stack 112 Shelf_2 Rack_0_1_2
-2.184396, 2.764036, 0.2353984, 205.6848, 50.94624
-2.384122, 2.764036, 0.2249312, 189.8383, 50.83025
-2.396683, 2.764036, 0.4646024, 190.4116, 53.40839
-2.196957, 2.764036, 0.4750696, 205.7726, 53.51741
-2.396683, 2.764036, 0.4646024, 190.4116, 53.40839
-2.396683, 2.576536, 0.4646024, 190.4116, 67.78612
-2.196957, 2.576536, 0.4750696, 205.7726, 67.87592
-2.196957, 2.764036, 0.4750696, 205.7726, 53.51741
-2.196957, 2.764036, 0.4750696, 205.7726, 53.51741
-2.196957, 2.576536, 0.4750696, 205.7726, 67.87592
-2.184396, 2.576536, 0.2353984, 205.6848, 65.75784
-2.184396, 2.764036, 0.2353984, 205.6848, 50.94624
-2.384122, 2.576536, 0.2249312, 189.8383, 65.66228
-2.184396, 2.576536, 0.2353984, 205.6848, 65.75784
-2.196957, 2.576536, 0.4750696, 205.7726, 67.87592
-2.396683, 2.576536, 0.4646024, 190.4116, 67.78612
-2.384122, 2.764036, 0.2249312, 189.8383, 50.83025
-2.384122, 2.576536, 0.2249312, 189.8383, 65.66228
-2.396683, 2.576536, 0.4646024, 190.4116, 67.78612
-2.396683, 2.764036, 0.4646024, 190.4116, 53.40839
-2.184396, 2.764036, 0.2353984, 205.6848, 50.94624
-2.184396, 2.576536, 0.2353984, 205.6848, 65.75784
-2.384122, 2.576536, 0.2249312, 189.8383, 65.66228
-2.384122, 2.764036, 0.2249312, 189.8383, 50.83025
box_6_melody(Clone) stack 112 Shelf_2 Rack_0_1_2
-2.184396, 2.951536, 0.2353984, 205.6848, 36.13463
-2.384122, 2.951536, 0.2249312, 189.8383, 35.99821
-2.396683, 2.951536, 0.4646024, 190.4116, 39.03069
-2.196957, 2.951536, 0.4750696, 205.7726, 39.15889
-2.396683, 2.951536, 0.4646024, 190.4116, 39.03069
-2.396683, 2.764036, 0.4646024, 190.4116, 53.40839
-2.196957, 2.764036, 0.4750696, 205.7726, 53.51741
-2.196957, 2.951536, 0.4750696, 205.7726, 39.15889
-2.196957, 2.951536, 0.4750696, 205.7726, 39.15889
-2.196957, 2.764036, 0.4750696, 205.7726, 53.51741
-2.184396, 2.764036, 0.2353984, 205.6848, 50.94624
-2.184396, 2.951536, 0.2353984, 205.6848, 36.13463
-2.384122, 2.764036, 0.2249312, 189.8383, 50.83025
-2.184396, 2.764036, 0.2353984, 205.6848, 50.94624
-2.196957, 2.764036, 0.4750696, 205.7726, 53.51741
-2.396683, 2.764036, 0.4646024, 190.4116, 53.40839
-2.384122, 2.951536, 0.2249312, 189.8383, 35.99821
-2.384122, 2.764036, 0.2249312, 189.8383, 50.83025
-2.396683, 2.764036, 0.4646024, 190.4116, 53.40839
-2.396683, 2.951536, 0.4646024, 190.4116, 39.03069
-2.184396, 2.951536, 0.2353984, 205.6848, 36.13463
-2.184396, 2.764036, 0.2353984, 205.6848, 50.94624
-2.384122, 2.764036, 0.2249312, 189.8383, 50.83025
-2.384122, 2.951536, 0.2249312, 189.8383, 35.99821
box_6_melody(Clone) stack 112 Shelf_2 Rack_0_1_2
-2.180461, 3.139036, 0.2391725, 206.0125, 21.3795
-2.3797, 3.139036, 0.2217414, 190.1671, 21.11826
-2.400617, 3.139036, 0.4608282, 190.0858, 24.5997
-2.201379, 3.139036, 0.4782594, 205.4481, 24.8452
-2.400617, 3.139036, 0.4608282, 190.0858, 24.5997
-2.400617, 2.951536, 0.4608282, 190.0858, 38.98436
-2.201379, 2.951536, 0.4782594, 205.4481, 39.19789
-2.201379, 3.139036, 0.4782594, 205.4481, 24.8452
-2.201379, 3.139036, 0.4782594, 205.4481, 24.8452
-2.201379, 2.951536, 0.4782594, 205.4481, 39.19789
-2.180461, 2.951536, 0.2391725, 206.0125, 36.18375
-2.180461, 3.139036, 0.2391725, 206.0125, 21.3795
-2.3797, 2.951536, 0.2217414, 190.1671, 35.95654
-2.180461, 2.951536, 0.2391725, 206.0125, 36.18375
-2.201379, 2.951536, 0.4782594, 205.4481, 39.19789
-2.400617, 2.951536, 0.4608282, 190.0858, 38.98436
-2.3797, 3.139036, 0.2217414, 190.1671, 21.11826
-2.3797, 2.951536, 0.2217414, 190.1671, 35.95654
-2.400617, 2.951536, 0.4608282, 190.0858, 38.98436
-2.400617, 3.139036, 0.4608282, 190.0858, 24.5997
-2.180461, 3.139036, 0.2391725, 206.0125, 21.3795
-2.180461, 2.951536, 0.2391725, 206.0125, 36.18375
-2.3797, 2.951536, 0.2217414, 190.1671, 35.95654
-2.3797, 3.139036, 0.2217414, 190.1671, 21.11826
box_8_lizol(Clone) stack 113 Shelf_2 Rack_0_1_2
-2.557396, 2.565368, 0.2397029, 176.2557, 66.67876
-2.755906, 2.565368, 0.2153291, 160.3278, 66.45895
-2.785984, 2.565368, 0.4602979, 160.5158, 68.60597
-2.587475, 2.565368, 0.4846717, 175.9457, 68.81227
-2.785984, 2.565368, 0.4602979, 160.5158, 68.60597
-2.785984, 2.389118, 0.4602979, 160.5158, 82.12849
-2.587475, 2.389118, 0.4846717, 175.9457, 82.29276
-2.587475, 2.565368, 0.4846717, 175.9457, 68.81227
-2.587475, 2.565368, 0.4846717, 175.9457, 68.81227
-2.587475, 2.389118, 0.4846717, 175.9457, 82.29276
-2.557396, 2.389118, 0.2397029, 176.2557, 80.5938
-2.557396, 2.565368, 0.2397029, 176.2557, 66.67876
-2.755906, 2.389118, 0.215329, 160.3278, 80.41875
-2.557396, 2.389118, 0.2397029, 176.2557, 80.5938
-2.587475, 2.389118, 0.4846717, 175.9457, 82.29276
-2.785984, 2.389118, 0.4602979, 160.5158, 82.12849
-2.755906, 2.565368, 0.2153291, 160.3278, 66.45895
-2.755906, 2.389118, 0.215329, 160.3278, 80.41875
-2.785984, 2.389118, 0.4602979, 160.5158, 82.12849
-2.785984, 2.565368, 0.4602979, 160.5158, 68.60597
-2.557396, 2.565368, 0.2397029, 176.2557, 66.67876
-2.557396, 2.389118, 0.2397029, 176.2557, 80.5938
-2.755906, 2.389118, 0.215329, 160.3278, 80.41875
-2.755906, 2.565368, 0.2153291, 160.3278, 66.45895
box_8_lizol(Clone) stack 113 Shelf_2 Rack_0_1_2
-2.573859, 2.741618, 0.2248697, 174.8288, 52.60294
-2.773829, 2.741618, 0.2283601, 159.0475, 52.64084
-2.769521, 2.741618, 0.4751311, 161.9269, 55.23479
-2.569552, 2.741618, 0.4716406, 177.2123, 55.19922
-2.769521, 2.741618, 0.4751311, 161.9269, 55.23479
-2.769521, 2.565368, 0.4751311, 161.9269, 68.73167
-2.569552, 2.565368, 0.4716406, 177.2123, 68.70213
-2.569552, 2.741618, 0.4716406, 177.2123, 55.19922
-2.569552, 2.741618, 0.4716406, 177.2123, 55.19922
-2.569552, 2.565368, 0.4716406, 177.2123, 68.70213
-2.573859, 2.565368, 0.2248697, 174.8288, 66.54515
-2.573859, 2.741618, 0.2248697, 174.8288, 52.60294
-2.773829, 2.565368, 0.2283601, 159.0475, 66.57664
-2.573859, 2.565368, 0.2248697, 174.8288, 66.54515
-2.569552, 2.565368, 0.4716406, 177.2123, 68.70213
-2.769521, 2.565368, 0.4751311, 161.9269, 68.73167
-2.773829, 2.741618, 0.2283601, 159.0475, 52.64084
-2.773829, 2.565368, 0.2283601, 159.0475, 66.57664
-2.769521, 2.565368, 0.4751311, 161.9269, 68.73167
-2.769521, 2.741618, 0.4751311, 161.9269, 55.23479
-2.573859, 2.741618, 0.2248697, 174.8288, 52.60294
-2.573859, 2.565368, 0.2248697, 174.8288, 66.54515
-2.773829, 2.565368, 0.2283601, 159.0475, 66.57664
-2.773829, 2.741618, 0.2283601, 159.0475, 52.64084
box_8_lizol(Clone) stack 113 Shelf_2 Rack_0_1_2
-2.578286, 2.917868, 0.2215317, 174.4498, 38.61829
-2.778012, 2.917868, 0.2319989, 158.7557, 38.75117
-2.765095, 2.917868, 0.4784691, 162.299, 41.77757
-2.565369, 2.917868, 0.4680019, 177.5037, 41.65292
-2.765095, 2.917868, 0.4784691, 162.299, 41.77757
-2.765095, 2.741618, 0.4784691, 162.299, 55.26874
-2.565369, 2.741618, 0.4680019, 177.5037, 55.16214
-2.565369, 2.917868, 0.4680019, 177.5037, 41.65292
-2.565369, 2.917868, 0.4680019, 177.5037, 41.65292
-2.565369, 2.741618, 0.4680019, 177.5037, 55.16214
-2.578286, 2.741618, 0.2215317, 174.4498, 52.56667
-2.578286, 2.917868, 0.2215317, 174.4498, 38.61829
-2.778012, 2.741618, 0.2319989, 158.7557, 52.68031
-2.578286, 2.741618, 0.2215317, 174.4498, 52.56667
-2.565369, 2.741618, 0.4680019, 177.5037, 55.16214
-2.765095, 2.741618, 0.4784691, 162.299, 55.26874
-2.778012, 2.917868, 0.2319989, 158.7557, 38.75117
-2.778012, 2.741618, 0.2319989, 158.7557, 52.68031
-2.765095, 2.741618, 0.4784691, 162.299, 55.26874
-2.765095, 2.917868, 0.4784691, 162.299, 41.77757
-2.578286, 2.917868, 0.2215317, 174.4498, 38.61829
-2.578286, 2.741618, 0.2215317, 174.4498, 52.56667
-2.778012, 2.741618, 0.2319989, 158.7557, 52.68031
-2.778012, 2.917868, 0.2319989, 158.7557, 38.75117
box_8_lizol(Clone) stack 113 Shelf_2 Rack_0_1_2
-2.57169, 3.094118, 0.2265961, 175.0151, 24.74358
-2.77169, 3.094118, 0.2265961, 159.1978, 24.74358
-2.77169, 3.094118, 0.4734046, 161.7436, 28.21744
-2.57169, 3.094118, 0.4734046, 177.0626, 28.21744
-2.77169, 3.094118, 0.4734046, 161.7436, 28.21744
-2.77169, 2.917868, 0.4734046, 161.7436, 41.71732
-2.57169, 2.917868, 0.4734046, 177.0626, 41.71732
-2.57169, 3.094118, 0.4734046, 177.0626, 28.21744
-2.57169, 3.094118, 0.4734046, 177.0626, 28.21744
-2.57169, 2.917868, 0.4734046, 177.0626, 41.71732
-2.57169, 2.917868, 0.2265961, 175.0151, 38.68262
-2.57169, 3.094118, 0.2265961, 175.0151, 24.74358
-2.77169, 2.917868, 0.2265961, 159.1978, 38.68262
-2.57169, 2.917868, 0.2265961, 175.0151, 38.68262
-2.57169, 2.917868, 0.4734046, 177.0626, 41.71732
-2.77169, 2.917868, 0.4734046, 161.7436, 41.71732
-2.77169, 3.094118, 0.2265961, 159.1978, 24.74358
-2.77169, 2.917868, 0.2265961, 159.1978, 38.68262
-2.77169, 2.917868, 0.4734046, 161.7436, 41.71732
-2.77169, 3.094118, 0.4734046, 161.7436, 28.21744
-2.57169, 3.094118, 0.2265961, 175.0151, 24.74358
-2.57169, 2.917868, 0.2265961, 175.0151, 38.68262
-2.77169, 2.917868, 0.2265961, 159.1978, 38.68262
-2.77169, 3.094118, 0.2265961, 159.1978, 24.74358
box4_Fairever(Clone) stack 114 Shelf_2 Rack_0_1_2
-2.961053, 2.553905, 0.226747, 144.2236, 67.46869
-3.160779, 2.553905, 0.2372142, 128.5819, 67.56172
-3.148409, 2.553905, 0.4732538, 132.8868, 69.59384
-2.948683, 2.553905, 0.4627866, 148.0622, 69.50633
-3.148409, 2.553905, 0.4732538, 132.8868, 69.59384
-3.148409, 2.388905, 0.4732538, 132.8868, 82.23228
-2.948683, 2.388905, 0.4627866, 148.0622, 82.16167
-2.948683, 2.553905, 0.4627866, 148.0622, 69.50633
-2.948683, 2.553905, 0.4627866, 148.0622, 69.50633
-2.948683, 2.388905, 0.4627866, 148.0622, 82.16167
-2.961053, 2.388905, 0.226747, 144.2236, 80.51776
-2.961053, 2.553905, 0.226747, 144.2236, 67.46869
-3.160779, 2.388905, 0.2372142, 128.5819, 80.59282
-2.961053, 2.388905, 0.226747, 144.2236, 80.51776
-2.948683, 2.388905, 0.4627866, 148.0622, 82.16167
-3.148409, 2.388905, 0.4732538, 132.8868, 82.23228
-3.160779, 2.553905, 0.2372142, 128.5819, 67.56172
-3.160779, 2.388905, 0.2372142, 128.5819, 80.59282
-3.148409, 2.388905, 0.4732538, 132.8868, 82.23228
-3.148409, 2.553905, 0.4732538, 132.8868, 69.59384
-2.961053, 2.553905, 0.226747, 144.2236, 67.46869
-2.961053, 2.388905, 0.226747, 144.2236, 80.51776
-3.160779, 2.388905, 0.2372142, 128.5819, 80.59282
-3.160779, 2.553905, 0.2372142, 128.5819, 67.56172
