box_5_LMRR(Clone) stack 78 Shelf_0 Rack_0_1_0
2.472138, 0.162368, 0.2078952, 348.7862, 256.907
2.272138, 0.162368, 0.2078952, 332.9298, 256.907
2.272138, 0.1623681, 0.4921055, 329.5662, 252.4945
2.472138, 0.1623681, 0.4921055, 344.8487, 252.4945
2.272138, 0.1623681, 0.4921055, 329.5662, 252.4945
2.272138, 0.01986802, 0.4921056, 329.5662, 263.3833
2.472138, 0.01986802, 0.4921056, 344.8487, 263.3833
2.472138, 0.1623681, 0.4921055, 344.8487, 252.4945
2.472138, 0.1623681, 0.4921055, 344.8487, 252.4945
2.472138, 0.01986802, 0.4921056, 344.8487, 263.3833
2.472138, 0.01986799, 0.2078952, 348.7862, 268.2047
2.472138, 0.162368, 0.2078952, 348.7862, 256.907
2.272138, 0.01986799, 0.2078952, 332.9298, 268.2047
2.472138, 0.01986799, 0.2078952, 348.7862, 268.2047
2.472138, 0.01986802, 0.4921056, 344.8487, 263.3833
2.272138, 0.01986802, 0.4921056, 329.5662, 263.3833
2.272138, 0.162368, 0.2078952, 332.9298, 256.907
2.272138, 0.01986799, 0.2078952, 332.9298, 268.2047
2.272138, 0.01986802, 0.4921056, 329.5662, 263.3833
2.272138, 0.1623681, 0.4921055, 329.5662, 252.4945
2.472138, 0.162368, 0.2078952, 348.7862, 256.907
2.472138, 0.01986799, 0.2078952, 348.7862, 268.2047
2.272138, 0.01986799, 0.2078952, 332.9298, 268.2047
2.272138, 0.162368, 0.2078952, 332.9298, 256.907
box_5_LMRR(Clone) stack 78 Shelf_0 Rack_0_1_0
2.461982, 0.304868, 0.2012657, 348.0757, 245.7062
2.262469, 0.304868, 0.215217, 332.0741, 245.5023
2.282294, 0.304868, 0.498735, 330.266, 241.5158
2.481807, 0.304868, 0.4847837, 345.6861, 241.7052
2.282294, 0.304868, 0.498735, 330.266, 241.5158
2.282294, 0.162368, 0.498735, 330.266, 252.3954
2.481807, 0.162368, 0.4847838, 345.6861, 252.6042
2.481807, 0.304868, 0.4847837, 345.6861, 241.7052
2.481807, 0.304868, 0.4847837, 345.6861, 241.7052
2.481807, 0.162368, 0.4847838, 345.6861, 252.6042
2.461982, 0.162368, 0.2012657, 348.0757, 257.0139
2.461982, 0.304868, 0.2012657, 348.0757, 245.7062
2.262469, 0.162368, 0.215217, 332.0741, 256.7892
2.461982, 0.162368, 0.2012657, 348.0757, 257.0139
2.481807, 0.162368, 0.4847838, 345.6861, 252.6042
2.282294, 0.162368, 0.498735, 330.266, 252.3954
2.262469, 0.304868, 0.215217, 332.0741, 245.5023
2.262469, 0.162368, 0.215217, 332.0741, 256.7892
2.282294, 0.162368, 0.498735, 330.266, 252.3954
2.282294, 0.304868, 0.498735, 330.266, 241.5158
2.461982, 0.304868, 0.2012657, 348.0757, 245.7062
2.461982, 0.162368, 0.2012657, 348.0757, 257.0139
2.262469, 0.162368, 0.215217, 332.0741, 256.7892
2.262469, 0.304868, 0.215217, 332.0741, 245.5023
box_5_LMRR(Clone) stack 78 Shelf_0 Rack_0_1_0
2.456736, 0.447368, 0.1982208, 347.7028, 234.4386
2.257832, 0.447368, 0.2191265, 331.6595, 234.1644
2.28754, 0.447368, 0.5017799, 330.6314, 230.5991
2.486444, 0.447368, 0.4808742, 346.0936, 230.854
2.28754, 0.447368, 0.5017799, 330.6314, 230.5991
2.28754, 0.304868, 0.5017799, 330.6314, 241.4745
2.486444, 0.304868, 0.4808742, 346.0936, 241.7584
2.486444, 0.447368, 0.4808742, 346.0936, 230.854
2.486444, 0.447368, 0.4808742, 346.0936, 230.854
2.486444, 0.304868, 0.4808742, 346.0936, 241.7584
2.456736, 0.304868, 0.1982208, 347.7028, 245.7508
2.456736, 0.447368, 0.1982208, 347.7028, 234.4386
2.257832, 0.304868, 0.2191265, 331.6595, 245.4453
2.456736, 0.304868, 0.1982208, 347.7028, 245.7508
2.486444, 0.304868, 0.4808742, 346.0936, 241.7584
2.28754, 0.304868, 0.5017799, 330.6314, 241.4745
2.257832, 0.447368, 0.2191265, 331.6595, 234.1644
2.257832, 0.304868, 0.2191265, 331.6595, 245.4453
2.28754, 0.304868, 0.5017799, 330.6314, 241.4745
2.28754, 0.447368, 0.5017799, 330.6314, 230.5991
2.456736, 0.447368, 0.1982208, 347.7028, 234.4386
2.456736, 0.304868, 0.1982208, 347.7028, 245.7508
2.257832, 0.304868, 0.2191265, 331.6595, 245.4453
2.257832, 0.447368, 0.2191265, 331.6595, 234.1644
box_5_LMRR(Clone) stack 78 Shelf_0 Rack_0_1_0
2.461982, 0.5898679, 0.2012657, 348.0757, 223.091
2.262469, 0.5898679, 0.215217, 332.0741, 222.9287
2.282294, 0.5898679, 0.498735, 330.266, 219.7566
2.481807, 0.5898679, 0.4847837, 345.6861, 219.9073
2.282294, 0.5898679, 0.498735, 330.266, 219.7566
2.282294, 0.447368, 0.498735, 330.266, 230.6362
2.481807, 0.447368, 0.4847838, 345.6861, 230.8062
2.481807, 0.5898679, 0.4847837, 345.6861, 219.9073
2.481807, 0.5898679, 0.4847837, 345.6861, 219.9073
2.481807, 0.447368, 0.4847838, 345.6861, 230.8062
2.461982, 0.4473679, 0.2012657, 348.0757, 234.3986
2.461982, 0.5898679, 0.2012657, 348.0757, 223.091
2.262469, 0.4473679, 0.215217, 332.0741, 234.2155
2.461982, 0.4473679, 0.2012657, 348.0757, 234.3986
2.481807, 0.447368, 0.4847838, 345.6861, 230.8062
2.282294, 0.447368, 0.498735, 330.266, 230.6362
2.262469, 0.5898679, 0.215217, 332.0741, 222.9287
2.262469, 0.4473679, 0.215217, 332.0741, 234.2155
2.282294, 0.447368, 0.498735, 330.266, 230.6362
2.282294, 0.5898679, 0.498735, 330.266, 219.7566
2.461982, 0.5898679, 0.2012657, 348.0757, 223.091
2.461982, 0.4473679, 0.2012657, 348.0757, 234.3986
2.262469, 0.4473679, 0.215217, 332.0741, 234.2155
2.262469, 0.5898679, 0.215217, 332.0741, 222.9287
box_5_LMRR(Clone) stack 78 Shelf_0 Rack_0_1_0
2.459372, 0.7323679, 0.1997204, 347.8907, 211.799
2.260133, 0.7323679, 0.2171515, 331.8656, 211.6224
2.284904, 0.7323679, 0.5002804, 330.4474, 208.8624
2.484143, 0.7323679, 0.4828492, 345.8908, 209.0266
2.284904, 0.7323679, 0.5002804, 330.4474, 208.8624
2.284904, 0.5898679, 0.5002804, 330.4474, 219.7399
2.484143, 0.5898679, 0.4828492, 345.8908, 219.9282
2.484143, 0.7323679, 0.4828492, 345.8908, 209.0266
2.484143, 0.7323679, 0.4828492, 345.8908, 209.0266
2.484143, 0.5898679, 0.4828492, 345.8908, 219.9282
2.459372, 0.5898679, 0.1997204, 347.8907, 223.109
2.459372, 0.7323679, 0.1997204, 347.8907, 211.799
2.260133, 0.5898679, 0.2171515, 331.8656, 222.9063
2.459372, 0.5898679, 0.1997204, 347.8907, 223.109
2.484143, 0.5898679, 0.4828492, 345.8908, 219.9282
2.284904, 0.5898679, 0.5002804, 330.4474, 219.7399
2.260133, 0.7323679, 0.2171515, 331.8656, 211.6224
2.260133, 0.5898679, 0.2171515, 331.8656, 222.9063
2.284904, 0.5898679, 0.5002804, 330.4474, 219.7399
2.284904, 0.7323679, 0.5002804, 330.4474, 208.8624
2.459372, 0.7323679, 0.1997204, 347.8907, 211.799
2.459372, 0.5898679, 0.1997204, 347.8907, 223.109
2.260133, 0.5898679, 0.2171515, 331.8656, 222.9063
2.260133, 0.7323679, 0.2171515, 331.8656, 211.6224
box_5_LMRR(Clone) stack 79 Shelf_0 Rack_0_1_0
2.083604, 0.162368, 0.209662, 317.9642, 256.8785
1.883635, 0.162368, 0.2061716, 302.1425, 256.9348
1.878675, 0.162368, 0.4903387, 299.514, 252.521
2.078644, 0.162368, 0.4938292, 314.7644, 252.4687
1.878675, 0.162368, 0.4903387, 299.514, 252.521
1.878675, 0.01986802, 0.4903387, 299.514, 263.4122
2.078644, 0.01986802, 0.4938292, 314.7644, 263.3551
2.078644, 0.162368, 0.4938292, 314.7644, 252.4687
2.078644, 0.162368, 0.4938292, 314.7644, 252.4687
2.078644, 0.01986802, 0.4938292, 314.7644, 263.3551
2.083604, 0.01986799, 0.2096621, 317.9642, 268.1736
2.083604, 0.162368, 0.209662, 317.9642, 256.8785
1.883635, 0.01986799, 0.2061716, 302.1425, 268.235
2.083604, 0.01986799, 0.2096621, 317.9642, 268.1736
2.078644, 0.01986802, 0.4938292, 314.7644, 263.3551
1.878675, 0.01986802, 0.4903387, 299.514, 263.4122
1.883635, 0.162368, 0.2061716, 302.1425, 256.9348
1.883635, 0.01986799, 0.2061716, 302.1425, 268.235
1.878675, 0.01986802, 0.4903387, 299.514, 263.4122
1.878675, 0.162368, 0.4903387, 299.514, 252.521
2.083604, 0.162368, 0.209662, 317.9642, 256.8785
2.083604, 0.01986799, 0.2096621, 317.9642, 268.1736
1.883635, 0.01986799, 0.2061716, 302.1425, 268.235
1.883635, 0.162368, 0.2061716, 302.1425, 256.9348
box_5_LMRR(Clone) stack 79 Shelf_0 Rack_0_1_0
2.095446, 0.304868, 0.2191265, 318.8043, 245.4453
1.896541, 0.304868, 0.1982208, 303.2325, 245.7508
1.866833, 0.304868, 0.4808742, 298.6797, 241.7584
2.065737, 0.304868, 0.5017799, 313.7037, 241.4745
1.866833, 0.304868, 0.4808742, 298.6797, 241.7584
1.866833, 0.162368, 0.4808742, 298.6797, 252.6628
2.065737, 0.162368, 0.5017799, 313.7037, 252.3499
2.065737, 0.304868, 0.5017799, 313.7037, 241.4745
2.065737, 0.304868, 0.5017799, 313.7037, 241.4745
2.065737, 0.162368, 0.5017799, 313.7037, 252.3499
2.095446, 0.162368, 0.2191265, 318.8043, 256.7263
2.095446, 0.304868, 0.2191265, 318.8043, 245.4453
1.896541, 0.162368, 0.1982208, 303.2325, 257.063
2.095446, 0.162368, 0.2191265, 318.8043, 256.7263
2.065737, 0.162368, 0.5017799, 313.7037, 252.3499
1.866833, 0.162368, 0.4808742, 298.6797, 252.6628
1.896541, 0.304868, 0.1982208, 303.2325, 245.7508
1.896541, 0.162368, 0.1982208, 303.2325, 257.063
1.866833, 0.162368, 0.4808742, 298.6797, 252.6628
1.866833, 0.304868, 0.4808742, 298.6797, 241.7584
2.095446, 0.304868, 0.2191265, 318.8043, 245.4453
2.095446, 0.162368, 0.2191265, 318.8043, 256.7263
1.896541, 0.162368, 0.1982208, 303.2325, 257.063
1.896541, 0.304868, 0.1982208, 303.2325, 245.7508
box_3_Hareli(Clone) stack 80 Shelf_0 Rack_0_1_0
1.712119, 0.1692639, 0.2435573, 288.3026, 255.7911
1.512241, 0.1692639, 0.2365774, 272.56, 255.902
1.504563, 0.1692639, 0.4564434, 271.0547, 252.5012
1.704441, 0.1692639, 0.4634233, 286.3563, 252.3964
1.504563, 0.1692639, 0.4564434, 271.0547, 252.5012
1.504563, 0.01926389, 0.4564435, 271.0547, 264.0154
1.704441, 0.01926389, 0.4634234, 286.3563, 263.9003
1.704441, 0.1692639, 0.4634233, 286.3563, 252.3964
1.704441, 0.1692639, 0.4634233, 286.3563, 252.3964
1.704441, 0.01926389, 0.4634234, 286.3563, 263.9003
1.712119, 0.01926386, 0.2435573, 288.3026, 267.6276
1.712119, 0.1692639, 0.2435573, 288.3026, 255.7911
1.512241, 0.01926386, 0.2365774, 272.56, 267.7495
1.712119, 0.01926386, 0.2435573, 288.3026, 267.6276
1.704441, 0.01926389, 0.4634234, 286.3563, 263.9003
1.504563, 0.01926389, 0.4564435, 271.0547, 264.0154
1.512241, 0.1692639, 0.2365774, 272.56, 255.902
1.512241, 0.01926386, 0.2365774, 272.56, 267.7495
1.504563, 0.01926389, 0.4564435, 271.0547, 264.0154
1.504563, 0.1692639, 0.4564434, 271.0547, 252.5012
1.712119, 0.1692639, 0.2435573, 288.3026, 255.7911
1.712119, 0.01926386, 0.2435573, 288.3026, 267.6276
1.512241, 0.01926386, 0.2365774, 272.56, 267.7495
1.512241, 0.1692639, 0.2365774, 272.56, 255.902
box_3_Hareli(Clone) stack 81 Shelf_1 Rack_0_1_0
2.880088, 1.353857, 0.2491345, 380.3646, 162.2943
2.680849, 1.353857, 0.2317034, 364.9403, 162.3569
2.661675, 1.353857, 0.4508663, 359.9617, 161.5893
2.860914, 1.353857, 0.4682974, 374.9653, 161.5301
2.661675, 1.353857, 0.4508663, 359.9617, 161.5893
2.661675, 1.203857, 0.4508663, 359.9617, 173.1117
2.860914, 1.203857, 0.4682974, 374.9653, 173.0269
2.860914, 1.353857, 0.4682974, 374.9653, 161.5301
2.860914, 1.353857, 0.4682974, 374.9653, 161.5301
2.860914, 1.203857, 0.4682974, 374.9653, 173.0269
2.880088, 1.203857, 0.2491345, 380.3646, 174.1221
2.880088, 1.353857, 0.2491345, 380.3646, 162.2943
2.680849, 1.203857, 0.2317034, 364.9403, 174.212
2.880088, 1.203857, 0.2491345, 380.3646, 174.1221
2.860914, 1.203857, 0.4682974, 374.9653, 173.0269
2.661675, 1.203857, 0.4508663, 359.9617, 173.1117
2.680849, 1.353857, 0.2317034, 364.9403, 162.3569
2.680849, 1.203857, 0.2317034, 364.9403, 174.212
2.661675, 1.203857, 0.4508663, 359.9617, 173.1117
2.661675, 1.353857, 0.4508663, 359.9617, 161.5893
2.880088, 1.353857, 0.2491345, 380.3646, 162.2943
2.880088, 1.203857, 0.2491345, 380.3646, 174.1221
2.680849, 1.203857, 0.2317034, 364.9403, 174.212
2.680849, 1.353857, 0.2317034, 364.9403, 162.3569
box_3_Hareli(Clone) stack 81 Shelf_1 Rack_0_1_0
2.881832, 1.503857, 0.2510558, 380.4666, 150.4625
2.682928, 1.503857, 0.2301501, 365.1302, 150.505
2.659931, 1.503857, 0.448945, 359.8573, 150.0706
2.858836, 1.503857, 0.4698507, 374.7793, 150.0304
2.659931, 1.503857, 0.448945, 359.8573, 150.0706
2.659931, 1.353857, 0.448945, 359.8573, 161.5959
2.858836, 1.353857, 0.4698507, 374.7793, 161.5249
2.858836, 1.503857, 0.4698507, 374.7793, 150.0304
2.858836, 1.503857, 0.4698507, 374.7793, 150.0304
2.858836, 1.353857, 0.4698507, 374.7793, 161.5249
2.881832, 1.353857, 0.2510558, 380.4666, 162.2874
2.881832, 1.503857, 0.2510558, 380.4666, 150.4625
2.682928, 1.353857, 0.2301501, 365.1302, 162.3625
2.881832, 1.353857, 0.2510558, 380.4666, 162.2874
2.858836, 1.353857, 0.4698507, 374.7793, 161.5249
2.659931, 1.353857, 0.448945, 359.8573, 161.5959
2.682928, 1.503857, 0.2301501, 365.1302, 150.505
2.682928, 1.353857, 0.2301501, 365.1302, 162.3625
2.659931, 1.353857, 0.448945, 359.8573, 161.5959
2.659931, 1.503857, 0.448945, 359.8573, 150.0706
2.881832, 1.503857, 0.2510558, 380.4666, 150.4625
2.881832, 1.353857, 0.2510558, 380.4666, 162.2874
2.682928, 1.353857, 0.2301501, 365.1302, 162.3625
2.682928, 1.503857, 0.2301501, 365.1302, 150.505
box_3_Hareli(Clone) stack 81 Shelf_1 Rack_0_1_0
2.864988, 1.653857, 0.2349175, 379.4344, 138.6453
2.665262, 1.653857, 0.2453847, 363.4858, 138.6403
2.676776, 1.653857, 0.4650832, 360.9016, 138.5381
2.876502, 1.653857, 0.454616, 376.3983, 138.5428
2.676776, 1.653857, 0.4650832, 360.9016, 138.5381
2.676776, 1.503857, 0.4650832, 360.9016, 150.0396
2.876502, 1.503857, 0.4546161, 376.3983, 150.0597
2.876502, 1.653857, 0.454616, 376.3983, 138.5428
2.876502, 1.653857, 0.454616, 376.3983, 138.5428
2.876502, 1.503857, 0.4546161, 376.3983, 150.0597
2.864988, 1.503857, 0.2349175, 379.4344, 150.4953
2.864988, 1.653857, 0.2349175, 379.4344, 138.6453
2.665262, 1.503857, 0.2453847, 363.4858, 150.474
2.864988, 1.503857, 0.2349175, 379.4344, 150.4953
2.876502, 1.503857, 0.4546161, 376.3983, 150.0597
2.676776, 1.503857, 0.4650832, 360.9016, 150.0396
2.665262, 1.653857, 0.2453847, 363.4858, 138.6403
2.665262, 1.503857, 0.2453847, 363.4858, 150.474
2.676776, 1.503857, 0.4650832, 360.9016, 150.0396
2.676776, 1.653857, 0.4650832, 360.9016, 138.5381
2.864988, 1.653857, 0.2349175, 379.4344, 138.6453
2.864988, 1.503857, 0.2349175, 379.4344, 150.4953
2.665262, 1.503857, 0.2453847, 363.4858, 150.474
2.665262, 1.653857, 0.2453847, 363.4858, 138.6403
box_3_Hareli(Clone) stack 81 Shelf_1 Rack_0_1_0
2.883542, 1.803857, 0.2530072, 380.5654, 126.8147
2.685033, 1.803857, 0.2286334, 365.3216, 126.7885
2.658221, 1.803857, 0.4469935, 359.7558, 127.0181
2.856731, 1.803857, 0.4713674, 374.5919, 127.043
2.658221, 1.803857, 0.4469935, 359.7558, 127.0181
2.658221, 1.653857, 0.4469935, 359.7558, 138.5463
2.856731, 1.653857, 0.4713674, 374.5919, 138.5352
2.856731, 1.803857, 0.4713674, 374.5919, 127.043
2.856731, 1.803857, 0.4713674, 374.5919, 127.043
2.856731, 1.653857, 0.4713674, 374.5919, 138.5352
2.883542, 1.653857, 0.2530072, 380.5654, 138.6366
2.883542, 1.803857, 0.2530072, 380.5654, 126.8147
2.685033, 1.653857, 0.2286334, 365.3216, 138.6483
2.883542, 1.653857, 0.2530072, 380.5654, 138.6366
2.856731, 1.653857, 0.4713674, 374.5919, 138.5352
2.658221, 1.653857, 0.4469935, 359.7558, 138.5463
2.685033, 1.803857, 0.2286334, 365.3216, 126.7885
2.685033, 1.653857, 0.2286334, 365.3216, 138.6483
2.658221, 1.653857, 0.4469935, 359.7558, 138.5463
2.658221, 1.803857, 0.4469935, 359.7558, 127.0181
2.883542, 1.803857, 0.2530072, 380.5654, 126.8147
2.883542, 1.653857, 0.2530072, 380.5654, 138.6366
2.685033, 1.653857, 0.2286334, 365.3216, 138.6483
2.685033, 1.803857, 0.2286334, 365.3216, 126.7885
box_3_Hareli(Clone) stack 81 Shelf_1 Rack_0_1_0
2.87466, 1.953857, 0.2435573, 380.0392, 114.968
2.674782, 1.953857, 0.2365774, 364.3809, 114.9496
2.667104, 1.953857, 0.4564434, 360.2928, 115.5136
2.866982, 1.953857, 0.4634233, 375.5147, 115.531
2.667104, 1.953857, 0.4564434, 360.2928, 115.5136
2.667104, 1.803857, 0.4564435, 360.2928, 127.0278
2.866982, 1.803857, 0.4634234, 375.5147, 127.0349
2.866982, 1.953857, 0.4634233, 375.5147, 115.531
2.866982, 1.953857, 0.4634233, 375.5147, 115.531
2.866982, 1.803857, 0.4634234, 375.5147, 127.0349
2.87466, 1.803857, 0.2435573, 380.0392, 126.8046
2.87466, 1.953857, 0.2435573, 380.0392, 114.968
2.674782, 1.803857, 0.2365774, 364.3809, 126.797
2.87466, 1.803857, 0.2435573, 380.0392, 126.8046
2.866982, 1.803857, 0.4634234, 375.5147, 127.0349
2.667104, 1.803857, 0.4564435, 360.2928, 127.0278
2.674782, 1.953857, 0.2365774, 364.3809, 114.9496
2.674782, 1.803857, 0.2365774, 364.3809, 126.797
2.667104, 1.803857, 0.4564435, 360.2928, 127.0278
2.667104, 1.953857, 0.4564434, 360.2928, 115.5136
2.87466, 1.953857, 0.2435573, 380.0392, 114.968
2.87466, 1.803857, 0.2435573, 380.0392, 126.8046
2.674782, 1.803857, 0.2365774, 364.3809, 126.797
2.674782, 1.953857, 0.2365774, 364.3809, 114.9496
box_1_Parle-G-GOLD(Clone) stack 83 Shelf_1 Rack_0_1_0
2.104232, 1.376249, 0.249206, 319.1856, 160.5284
1.904354, 1.376249, 0.2422261, 303.4831, 160.5518
1.897071, 1.376249, 0.4507947, 301.2284, 159.8695
2.096949, 1.376249, 0.4577746, 316.514, 159.8473
1.897071, 1.376249, 0.4507947, 301.2284, 159.8695
1.897071, 1.203749, 0.4507947, 301.2284, 173.1204
2.096949, 1.203749, 0.4577746, 316.514, 173.0863
2.096949, 1.376249, 0.4577746, 316.514, 159.8473
2.096949, 1.376249, 0.4577746, 316.514, 159.8473
2.096949, 1.203749, 0.4577746, 316.514, 173.0863
2.104232, 1.203749, 0.249206, 319.1856, 174.1303
2.104232, 1.376249, 0.249206, 319.1856, 160.5284
1.904354, 1.203749, 0.2422261, 303.4831, 174.1662
2.104232, 1.203749, 0.249206, 319.1856, 174.1303
2.096949, 1.203749, 0.4577746, 316.514, 173.0863
1.897071, 1.203749, 0.4507947, 301.2284, 173.1204
1.904354, 1.376249, 0.2422261, 303.4831, 160.5518
1.904354, 1.203749, 0.2422261, 303.4831, 174.1662
1.897071, 1.203749, 0.4507947, 301.2284, 173.1204
1.897071, 1.376249, 0.4507947, 301.2284, 159.8695
2.104232, 1.376249, 0.249206, 319.1856, 160.5284
2.104232, 1.203749, 0.249206, 319.1856, 174.1303
1.904354, 1.203749, 0.2422261, 303.4831, 174.1662
1.904354, 1.376249, 0.2422261, 303.4831, 160.5518
box_1_Parle-G-GOLD(Clone) stack 83 Shelf_1 Rack_0_1_0
2.112623, 1.548749, 0.2586173, 319.7486, 146.9117
1.914114, 1.548749, 0.2342434, 304.3209, 146.9499
1.88868, 1.548749, 0.4413835, 300.657, 146.6326
2.087189, 1.548749, 0.4657574, 315.6877, 146.5964
1.88868, 1.548749, 0.4413835, 300.657, 146.6326
1.88868, 1.376249, 0.4413835, 300.657, 159.8995
2.087189, 1.376249, 0.4657574, 315.6877, 159.8219
2.087189, 1.548749, 0.4657574, 315.6877, 146.5964
2.087189, 1.548749, 0.4657574, 315.6877, 146.5964
2.087189, 1.376249, 0.4657574, 315.6877, 159.8219
2.112623, 1.376249, 0.2586173, 319.7486, 160.4968
2.112623, 1.548749, 0.2586173, 319.7486, 146.9117
1.914114, 1.376249, 0.2342434, 304.3209, 160.5786
2.112623, 1.376249, 0.2586173, 319.7486, 160.4968
2.087189, 1.376249, 0.4657574, 315.6877, 159.8219
1.88868, 1.376249, 0.4413835, 300.657, 159.8995
1.914114, 1.548749, 0.2342434, 304.3209, 146.9499
1.914114, 1.376249, 0.2342434, 304.3209, 160.5786
1.88868, 1.376249, 0.4413835, 300.657, 159.8995
1.88868, 1.548749, 0.4413835, 300.657, 146.6326
2.112623, 1.548749, 0.2586173, 319.7486, 146.9117
2.112623, 1.376249, 0.2586173, 319.7486, 160.4968
1.914114, 1.376249, 0.2342434, 304.3209, 160.5786
1.914114, 1.548749, 0.2342434, 304.3209, 146.9499
box_1_Parle-G-GOLD(Clone) stack 83 Shelf_1 Rack_0_1_0
2.100652, 1.721249, 0.2456525, 318.9401, 133.3237
1.900652, 1.721249, 0.2456525, 303.1624, 133.3237
1.900652, 1.721249, 0.4543482, 301.4755, 133.3684
2.100652, 1.721249, 0.4543482, 316.8319, 133.3684
1.900652, 1.721249, 0.4543482, 301.4755, 133.3684
1.900652, 1.548749, 0.4543482, 301.4755, 146.6133
2.100652, 1.548749, 0.4543482, 316.8319, 146.6133
2.100652, 1.721249, 0.4543482, 316.8319, 133.3684
2.100652, 1.721249, 0.4543482, 316.8319, 133.3684
2.100652, 1.548749, 0.4543482, 316.8319, 146.6133
2.100652, 1.548749, 0.2456525, 318.9401, 146.932
2.100652, 1.721249, 0.2456525, 318.9401, 133.3237
1.900652, 1.548749, 0.2456525, 303.1624, 146.932
2.100652, 1.548749, 0.2456525, 318.9401, 146.932
2.100652, 1.548749, 0.4543482, 316.8319, 146.6133
1.900652, 1.548749, 0.4543482, 301.4755, 146.6133
1.900652, 1.721249, 0.2456525, 303.1624, 133.3237
1.900652, 1.548749, 0.2456525, 303.1624, 146.932
1.900652, 1.548749, 0.4543482, 301.4755, 146.6133
1.900652, 1.721249, 0.4543482, 301.4755, 133.3684
2.100652, 1.721249, 0.2456525, 318.9401, 133.3237
2.100652, 1.548749, 0.2456525, 318.9401, 146.932
1.900652, 1.548749, 0.2456525, 303.1624, 146.932
1.900652, 1.721249, 0.2456525, 303.1624, 133.3237
box_1_Parle-G-GOLD(Clone) stack 83 Shelf_1 Rack_0_1_0
2.096949, 1.893749, 0.2422261, 318.6834, 119.7085
1.897071, 1.893749, 0.249206, 302.8505, 119.7225
1.904354, 1.893749, 0.4577746, 301.7328, 120.1301
2.104232, 1.893749, 0.4507947, 317.1419, 120.1168
1.904354, 1.893749, 0.4577746, 301.7328, 120.1301
1.904354, 1.721249, 0.4577746, 301.7328, 133.3691
2.104232, 1.721249, 0.4507947, 317.1419, 133.3677
2.104232, 1.893749, 0.4507947, 317.1419, 120.1168
2.104232, 1.893749, 0.4507947, 317.1419, 120.1168
2.104232, 1.721249, 0.4507947, 317.1419, 133.3677
2.096949, 1.721249, 0.2422261, 318.6834, 133.3229
2.096949, 1.893749, 0.2422261, 318.6834, 119.7085
1.897071, 1.721249, 0.249206, 302.8505, 133.3244
2.096949, 1.721249, 0.2422261, 318.6834, 133.3229
2.104232, 1.721249, 0.4507947, 317.1419, 133.3677
1.904354, 1.721249, 0.4577746, 301.7328, 133.3691
1.897071, 1.893749, 0.249206, 302.8505, 119.7225
1.897071, 1.721249, 0.249206, 302.8505, 133.3244
1.904354, 1.721249, 0.4577746, 301.7328, 133.3691
1.904354, 1.893749, 0.4577746, 301.7328, 120.1301
2.096949, 1.893749, 0.2422261, 318.6834, 119.7085
2.096949, 1.721249, 0.2422261, 318.6834, 133.3229
1.897071, 1.721249, 0.249206, 302.8505, 133.3244
1.897071, 1.893749, 0.249206, 302.8505, 119.7225
box_1_Parle-G-GOLD(Clone) stack 83 Shelf_1 Rack_0_1_0
2.112623, 2.066249, 0.2586173, 319.7486, 106.1563
1.914114, 2.066249, 0.2342434, 304.3209, 106.0637
1.88868, 2.066249, 0.4413835, 300.657, 106.832
2.087189, 2.066249, 0.4657574, 315.6877, 106.9197
1.88868, 2.066249, 0.4413835, 300.657, 106.832
1.88868, 1.893749, 0.4413835, 300.657, 120.0988
2.087189, 1.893749, 0.4657574, 315.6877, 120.1452
2.087189, 2.066249, 0.4657574, 315.6877, 106.9197
2.087189, 2.066249, 0.4657574, 315.6877, 106.9197
2.087189, 1.893749, 0.4657574, 315.6877, 120.1452
2.112623, 1.893749, 0.2586173, 319.7486, 119.7414
2.112623, 2.066249, 0.2586173, 319.7486, 106.1563
1.914114, 1.893749, 0.2342434, 304.3209, 119.6924
2.112623, 1.893749, 0.2586173, 319.7486, 119.7414
2.087189, 1.893749, 0.4657574, 315.6877, 120.1452
1.88868, 1.893749, 0.4413835, 300.657, 120.0988
1.914114, 2.066249, 0.2342434, 304.3209, 106.0637
1.914114, 1.893749, 0.2342434, 304.3209, 119.6924
1.88868, 1.893749, 0.4413835, 300.657, 120.0988
1.88868, 2.066249, 0.4413835, 300.657, 106.832
2.112623, 2.066249, 0.2586173, 319.7486, 106.1563
2.112623, 1.893749, 0.2586173, 319.7486, 119.7414
1.914114, 1.893749, 0.2342434, 304.3209, 119.6924
1.914114, 2.066249, 0.2342434, 304.3209, 106.0637
box_6_melody(Clone) stack 84 Shelf_1 Rack_0_1_0
1.720952, 1.391943, 0.2430817, 289.0027, 159.3105
1.522443, 1.391943, 0.2187079, 273.4445, 159.3886
1.493194, 1.391943, 0.456919, 270.1802, 158.6454
1.691703, 1.391943, 0.4812929, 285.276, 158.5719
1.493194, 1.391943, 0.456919, 270.1802, 158.6454
1.493194, 1.204443, 0.456919, 270.1802, 173.0373
1.691703, 1.204443, 0.4812929, 285.276, 172.919
1.691703, 1.391943, 0.4812929, 285.276, 158.5719
1.691703, 1.391943, 0.4812929, 285.276, 158.5719
1.691703, 1.204443, 0.4812929, 285.276, 172.919
1.720952, 1.204443, 0.2430817, 289.0027, 174.1071
1.720952, 1.391943, 0.2430817, 289.0027, 159.3105
1.522443, 1.204443, 0.2187079, 273.4445, 174.2328
1.720952, 1.204443, 0.2430817, 289.0027, 174.1071
1.691703, 1.204443, 0.4812929, 285.276, 172.919
1.493194, 1.204443, 0.456919, 270.1802, 173.0373
1.522443, 1.391943, 0.2187079, 273.4445, 159.3886
1.522443, 1.204443, 0.2187079, 273.4445, 174.2328
1.493194, 1.204443, 0.456919, 270.1802, 173.0373
1.493194, 1.391943, 0.456919, 270.1802, 158.6454
1.720952, 1.391943, 0.2430817, 289.0027, 159.3105
1.720952, 1.204443, 0.2430817, 289.0027, 174.1071
1.522443, 1.204443, 0.2187079, 273.4445, 174.2328
1.522443, 1.391943, 0.2187079, 273.4445, 159.3886
box_6_melody(Clone) stack 84 Shelf_1 Rack_0_1_0
1.702824, 1.579443, 0.2265834, 287.6755, 144.5345
1.502946, 1.579443, 0.2335633, 271.8385, 144.5257
1.511322, 1.579443, 0.4734173, 271.5052, 144.2341
1.7112, 1.579443, 0.4664374, 286.8566, 144.2423
1.511322, 1.579443, 0.4734173, 271.5052, 144.2341
1.511322, 1.391943, 0.4734173, 271.5052, 158.5956
1.7112, 1.391943, 0.4664374, 286.8566, 158.6166
1.7112, 1.579443, 0.4664374, 286.8566, 144.2423
1.7112, 1.579443, 0.4664374, 286.8566, 144.2423
1.7112, 1.391943, 0.4664374, 286.8566, 158.6166
1.702824, 1.391943, 0.2265835, 287.6755, 159.3633
1.702824, 1.579443, 0.2265834, 287.6755, 144.5345
1.502946, 1.391943, 0.2335634, 271.8385, 159.3409
1.702824, 1.391943, 0.2265835, 287.6755, 159.3633
1.7112, 1.391943, 0.4664374, 286.8566, 158.6166
1.511322, 1.391943, 0.4734173, 271.5052, 158.5956
1.502946, 1.579443, 0.2335633, 271.8385, 144.5257
1.502946, 1.391943, 0.2335634, 271.8385, 159.3409
1.511322, 1.391943, 0.4734173, 271.5052, 158.5956
1.511322, 1.579443, 0.4734173, 271.5052, 144.2341
1.702824, 1.579443, 0.2265834, 287.6755, 144.5345
1.702824, 1.391943, 0.2265835, 287.6755, 159.3633
1.502946, 1.391943, 0.2335634, 271.8385, 159.3409
1.502946, 1.579443, 0.2335633, 271.8385, 144.5257
box_6_melody(Clone) stack 84 Shelf_1 Rack_0_1_0
1.698459, 1.766943, 0.223317, 287.3507, 129.7034
1.498946, 1.766943, 0.2372683, 271.507, 129.7131
1.515687, 1.766943, 0.4766837, 271.8263, 129.8746
1.7152, 1.766943, 0.4627324, 287.1856, 129.8655
1.515687, 1.766943, 0.4766837, 271.8263, 129.8746
1.515687, 1.579443, 0.4766838, 271.8263, 144.2302
1.7152, 1.579443, 0.4627325, 287.1856, 144.2467
1.7152, 1.766943, 0.4627324, 287.1856, 129.8655
1.7152, 1.766943, 0.4627324, 287.1856, 129.8655
1.7152, 1.579443, 0.4627325, 287.1856, 144.2467
1.698459, 1.579443, 0.223317, 287.3507, 144.5386
1.698459, 1.766943, 0.223317, 287.3507, 129.7034
1.498946, 1.579443, 0.2372683, 271.507, 144.5211
1.698459, 1.579443, 0.223317, 287.3507, 144.5386
1.7152, 1.579443, 0.4627325, 287.1856, 144.2467
1.515687, 1.579443, 0.4766838, 271.8263, 144.2302
1.498946, 1.766943, 0.2372683, 271.507, 129.7131
1.498946, 1.579443, 0.2372683, 271.507, 144.5211
1.515687, 1.579443, 0.4766838, 271.8263, 144.2302
1.515687, 1.766943, 0.4766837, 271.8263, 129.8746
1.698459, 1.766943, 0.223317, 287.3507, 129.7034
1.698459, 1.579443, 0.223317, 287.3507, 144.5386
1.498946, 1.579443, 0.2372683, 271.507, 144.5211
1.498946, 1.766943, 0.2372683, 271.507, 129.7131
box_6_melody(Clone) stack 84 Shelf_1 Rack_0_1_0
1.7152, 1.954443, 0.2372683, 288.5859, 114.9052
1.515687, 1.954443, 0.223317, 272.8896, 114.8682
1.498946, 1.954443, 0.4627324, 270.599, 115.4843
1.698459, 1.954443, 0.4766837, 285.8198, 115.5191
1.498946, 1.954443, 0.4627324, 270.599, 115.4843
1.498946, 1.766943, 0.4627325, 270.599, 129.8655
1.698459, 1.766943, 0.4766838, 285.8198, 129.8746
1.698459, 1.954443, 0.4766837, 285.8198, 115.5191
1.698459, 1.954443, 0.4766837, 285.8198, 115.5191
1.698459, 1.766943, 0.4766838, 285.8198, 129.8746
1.7152, 1.766943, 0.2372683, 288.5859, 129.7131
1.7152, 1.954443, 0.2372683, 288.5859, 114.9052
1.515687, 1.766943, 0.223317, 272.8896, 129.7034
1.7152, 1.766943, 0.2372683, 288.5859, 129.7131
1.698459, 1.766943, 0.4766838, 285.8198, 129.8746
1.498946, 1.766943, 0.4627325, 270.599, 129.8655
1.515687, 1.954443, 0.223317, 272.8896, 114.8682
1.515687, 1.766943, 0.223317, 272.8896, 129.7034
1.498946, 1.766943, 0.4627325, 270.599, 129.8655
1.498946, 1.954443, 0.4627324, 270.599, 115.4843
1.7152, 1.954443, 0.2372683, 288.5859, 114.9052
1.7152, 1.766943, 0.2372683, 288.5859, 129.7131
1.515687, 1.766943, 0.223317, 272.8896, 129.7034
1.515687, 1.954443, 0.223317, 272.8896, 114.8682
box4_Fairever(Clone) stack 85 Shelf_1 Rack_0_1_0
1.308248, 1.369311, 0.226747, 256.4694, 161.1526
1.108523, 1.369311, 0.2372142, 240.6731, 161.1166
1.120893, 1.369311, 0.4732538, 241.6003, 160.3296
1.320619, 1.369311, 0.4627866, 256.9213, 160.3635
1.120893, 1.369311, 0.4732538, 241.6003, 160.3296
1.120893, 1.204311, 0.4732538, 241.6003, 172.968
1.320619, 1.204311, 0.4627866, 256.9213, 173.0188
1.320619, 1.369311, 0.4627866, 256.9213, 160.3635
1.320619, 1.369311, 0.4627866, 256.9213, 160.3635
1.320619, 1.204311, 0.4627866, 256.9213, 173.0188
1.308248, 1.204311, 0.226747, 256.4694, 174.2017
1.308248, 1.369311, 0.226747, 256.4694, 161.1526
1.108523, 1.204311, 0.2372142, 240.6731, 174.1477
1.308248, 1.204311, 0.226747, 256.4694, 174.2017
1.320619, 1.204311, 0.4627866, 256.9213, 173.0188
1.120893, 1.204311, 0.4732538, 241.6003, 172.968
1.108523, 1.369311, 0.2372142, 240.6731, 161.1166
1.108523, 1.204311, 0.2372142, 240.6731, 174.1477
1.120893, 1.204311, 0.4732538, 241.6003, 172.968
1.120893, 1.369311, 0.4732538, 241.6003, 160.3296
1.308248, 1.369311, 0.226747, 256.4694, 161.1526
1.308248, 1.204311, 0.226747, 256.4694, 174.2017
1.108523, 1.204311, 0.2372142, 240.6731, 174.1477
1.108523, 1.369311, 0.2372142, 240.6731, 161.1166
box4_Fairever(Clone) stack 85 Shelf_1 Rack_0_1_0
1.320619, 1.534311, 0.2372142, 257.4236, 148.0855
1.120893, 1.534311, 0.226747, 241.6523, 148.1035
1.108523, 1.534311, 0.4627866, 240.6537, 147.7082
1.308248, 1.534311, 0.4732538, 255.9511, 147.6912
1.108523, 1.534311, 0.4627866, 240.6537, 147.7082
1.108523, 1.369311, 0.4627866, 240.6537, 160.3635
1.308248, 1.369311, 0.4732538, 255.9511, 160.3296
1.308248, 1.534311, 0.4732538, 255.9511, 147.6912
1.308248, 1.534311, 0.4732538, 255.9511, 147.6912
1.308248, 1.369311, 0.4732538, 255.9511, 160.3296
1.320619, 1.369311, 0.2372142, 257.4236, 161.1166
1.320619, 1.534311, 0.2372142, 257.4236, 148.0855
1.120893, 1.369311, 0.226747, 241.6523, 161.1526
1.320619, 1.369311, 0.2372142, 257.4236, 161.1166
1.308248, 1.369311, 0.4732538, 255.9511, 160.3296
1.108523, 1.369311, 0.4627866, 240.6537, 160.3635
1.120893, 1.534311, 0.226747, 241.6523, 148.1035
1.120893, 1.369311, 0.226747, 241.6523, 161.1526
1.108523, 1.369311, 0.4627866, 240.6537, 160.3635
1.108523, 1.534311, 0.4627866, 240.6537, 147.7082
1.320619, 1.534311, 0.2372142, 257.4236, 148.0855
1.320619, 1.369311, 0.2372142, 257.4236, 161.1166
1.120893, 1.369311, 0.226747, 241.6523, 161.1526
1.120893, 1.534311, 0.226747, 241.6523, 148.1035
box4_Fairever(Clone) stack 85 Shelf_1 Rack_0_1_0
1.32449, 1.699311, 0.2409839, 257.7206, 135.0544
1.125251, 1.699311, 0.2235528, 241.9979, 135.0545
1.104651, 1.699311, 0.4590169, 240.3569, 135.0529
1.30389, 1.699311, 0.476448, 255.6109, 135.0527
1.104651, 1.699311, 0.4590169, 240.3569, 135.0529
1.104651, 1.534311, 0.4590169, 240.3569, 147.7143
1.30389, 1.534311, 0.476448, 255.6109, 147.686
1.30389, 1.699311, 0.476448, 255.6109, 135.0527
1.30389, 1.699311, 0.476448, 255.6109, 135.0527
1.30389, 1.534311, 0.476448, 255.6109, 147.686
1.32449, 1.534311, 0.2409839, 257.7206, 148.079
1.32449, 1.699311, 0.2409839, 257.7206, 135.0544
1.125251, 1.534311, 0.2235527, 241.9979, 148.109
1.32449, 1.534311, 0.2409839, 257.7206, 148.079
1.30389, 1.534311, 0.476448, 255.6109, 147.686
1.104651, 1.534311, 0.4590169, 240.3569, 147.7143
1.125251, 1.699311, 0.2235528, 241.9979, 135.0545
1.125251, 1.534311, 0.2235527, 241.9979, 148.109
1.104651, 1.534311, 0.4590169, 240.3569, 147.7143
1.104651, 1.699311, 0.4590169, 240.3569, 135.0529
1.32449, 1.699311, 0.2409839, 257.7206, 135.0544
1.32449, 1.534311, 0.2409839, 257.7206, 148.079
1.125251, 1.534311, 0.2235527, 241.9979, 148.109
1.125251, 1.699311, 0.2235528, 241.9979, 135.0545
box4_Fairever(Clone) stack 85 Shelf_1 Rack_0_1_0
1.316618, 1.864311, 0.2335818, 257.1159, 122.0171
1.116648, 1.864311, 0.2300913, 241.3161, 122.0111
1.112523, 1.864311, 0.4664189, 240.9601, 122.4034
1.312493, 1.864311, 0.4699094, 256.2832, 122.409
1.112523, 1.864311, 0.4664189, 240.9601, 122.4034
1.112523, 1.699311, 0.4664189, 240.9601, 135.0528
1.312493, 1.699311, 0.4699094, 256.2832, 135.0528
1.312493, 1.864311, 0.4699094, 256.2832, 122.409
1.312493, 1.864311, 0.4699094, 256.2832, 122.409
1.312493, 1.699311, 0.4699094, 256.2832, 135.0528
1.316618, 1.699311, 0.2335818, 257.1159, 135.0544
1.316618, 1.864311, 0.2335818, 257.1159, 122.0171
1.116648, 1.699311, 0.2300914, 241.3161, 135.0545
1.316618, 1.699311, 0.2335818, 257.1159, 135.0544
1.312493, 1.699311, 0.4699094, 256.2832, 135.0528
1.112523, 1.699311, 0.4664189, 240.9601, 135.0528
1.116648, 1.864311, 0.2300913, 241.3161, 122.0111
1.116648, 1.699311, 0.2300914, 241.3161, 135.0545
1.112523, 1.699311, 0.4664189, 240.9601, 135.0528
1.112523, 1.864311, 0.4664189, 240.9601, 122.4034
1.316618, 1.864311, 0.2335818, 257.1159, 122.0171
1.316618, 1.699311, 0.2335818, 257.1159, 135.0544
1.116648, 1.699311, 0.2300914, 241.3161, 135.0545
1.116648, 1.864311, 0.2300913, 241.3161, 122.0111
box_7_litchi(Clone) stack 86 Shelf_2 Rack_0_1_0
1.353975, 2.599012, 0.2535512, 260.015, 64.15167
1.154097, 2.599012, 0.2465713, 244.2672, 64.08665
1.147117, 2.599012, 0.4464495, 243.6214, 65.90234
1.346995, 2.599012, 0.4534294, 258.967, 65.96407
1.147117, 2.599012, 0.4464495, 243.6214, 65.90234
1.147117, 2.389012, 0.4464495, 243.6214, 82.04285
1.346995, 2.389012, 0.4534294, 258.967, 82.09015
1.346995, 2.599012, 0.4534294, 258.967, 65.96407
1.346995, 2.599012, 0.4534294, 258.967, 65.96407
1.346995, 2.389012, 0.4534294, 258.967, 82.09015
1.353975, 2.389012, 0.2535512, 260.015, 80.70111
1.353975, 2.599012, 0.2535512, 260.015, 64.15167
1.154097, 2.389012, 0.2465713, 244.2672, 80.65128
1.353975, 2.389012, 0.2535512, 260.015, 80.70111
1.346995, 2.389012, 0.4534294, 258.967, 82.09015
1.147117, 2.389012, 0.4464495, 243.6214, 82.04285
1.154097, 2.599012, 0.2465713, 244.2672, 64.08665
1.154097, 2.389012, 0.2465713, 244.2672, 80.65128
1.147117, 2.389012, 0.4464495, 243.6214, 82.04285
1.147117, 2.599012, 0.4464495, 243.6214, 65.90234
1.353975, 2.599012, 0.2535512, 260.015, 64.15167
1.353975, 2.389012, 0.2535512, 260.015, 80.70111
1.154097, 2.389012, 0.2465713, 244.2672, 80.65128
1.154097, 2.599012, 0.2465713, 244.2672, 64.08665
box_7_litchi(Clone) stack 86 Shelf_2 Rack_0_1_0
1.355643, 2.809012, 0.255371, 260.1416, 47.62312
1.155917, 2.809012, 0.2449038, 244.4117, 47.50285
1.14545, 2.809012, 0.4446297, 243.4941, 49.74196
1.345176, 2.809012, 0.4550969, 258.8232, 49.85616
1.14545, 2.809012, 0.4446297, 243.4941, 49.74196
1.14545, 2.599012, 0.4446297, 243.4941, 65.88623
1.345176, 2.599012, 0.4550969, 258.8232, 65.97881
1.345176, 2.809012, 0.4550969, 258.8232, 49.85616
1.345176, 2.809012, 0.4550969, 258.8232, 49.85616
1.345176, 2.599012, 0.4550969, 258.8232, 65.97881
1.355643, 2.599012, 0.255371, 260.1416, 64.16859
1.355643, 2.809012, 0.255371, 260.1416, 47.62312
1.155917, 2.599012, 0.2449038, 244.4117, 64.07111
1.355643, 2.599012, 0.255371, 260.1416, 64.16859
1.345176, 2.599012, 0.4550969, 258.8232, 65.97881
1.14545, 2.599012, 0.4446297, 243.4941, 65.88623
1.155917, 2.809012, 0.2449038, 244.4117, 47.50285
1.155917, 2.599012, 0.2449038, 244.4117, 64.07111
1.14545, 2.599012, 0.4446297, 243.4941, 65.88623
1.14545, 2.809012, 0.4446297, 243.4941, 49.74196
1.355643, 2.809012, 0.255371, 260.1416, 47.62312
1.355643, 2.599012, 0.255371, 260.1416, 64.16859
1.155917, 2.599012, 0.2449038, 244.4117, 64.07111
1.155917, 2.809012, 0.2449038, 244.4117, 47.50285
box_7_litchi(Clone) stack 86 Shelf_2 Rack_0_1_0
1.339546, 3.019012, 0.2400953, 258.9113, 30.86876
1.140641, 3.019012, 0.2610011, 243.1997, 31.15442
1.161547, 3.019012, 0.4599054, 244.7224, 33.79579
1.360451, 3.019012, 0.4389997, 260.0373, 33.52451
1.161547, 3.019012, 0.4599054, 244.7224, 33.79579
1.161547, 2.809012, 0.4599054, 244.7224, 49.90851
1.360451, 2.809012, 0.4389997, 260.0373, 49.68042
1.360451, 3.019012, 0.4389997, 260.0373, 33.52451
1.360451, 3.019012, 0.4389997, 260.0373, 33.52451
1.360451, 2.809012, 0.4389997, 260.0373, 49.68042
1.339546, 2.809012, 0.2400953, 258.9113, 47.44748
1.339546, 3.019012, 0.2400953, 258.9113, 30.86876
1.140641, 2.809012, 0.2610011, 243.1997, 47.68767
1.339546, 2.809012, 0.2400953, 258.9113, 47.44748
1.360451, 2.809012, 0.4389997, 260.0373, 49.68042
1.161547, 2.809012, 0.4599054, 244.7224, 49.90851
1.140641, 3.019012, 0.2610011, 243.1997, 31.15442
1.140641, 2.809012, 0.2610011, 243.1997, 47.68767
1.161547, 2.809012, 0.4599054, 244.7224, 49.90851
1.161547, 3.019012, 0.4599054, 244.7224, 33.79579
1.339546, 3.019012, 0.2400953, 258.9113, 30.86876
1.339546, 2.809012, 0.2400953, 258.9113, 47.44748
1.140641, 2.809012, 0.2610011, 243.1997, 47.68767
1.140641, 3.019012, 0.2610011, 243.1997, 31.15442
box_7_litchi(Clone) stack 86 Shelf_2 Rack_0_1_0
1.339546, 3.229012, 0.2400953, 258.9113, 14.29001
1.140641, 3.229012, 0.2610011, 243.1997, 14.62114
1.161547, 3.229012, 0.4599054, 244.7224, 17.68304
1.360451, 3.229012, 0.4389997, 260.0373, 17.36856
1.161547, 3.229012, 0.4599054, 244.7224, 17.68304
1.161547, 3.019012, 0.4599054, 244.7224, 33.79579
1.360451, 3.019012, 0.4389997, 260.0373, 33.52451
1.360451, 3.229012, 0.4389997, 260.0373, 17.36856
1.360451, 3.229012, 0.4389997, 260.0373, 17.36856
1.360451, 3.019012, 0.4389997, 260.0373, 33.52451
1.339546, 3.019012, 0.2400953, 258.9113, 30.86876
1.339546, 3.229012, 0.2400953, 258.9113, 14.29001
1.140641, 3.019012, 0.2610011, 243.1997, 31.15442
1.339546, 3.019012, 0.2400953, 258.9113, 30.86876
1.360451, 3.019012, 0.4389997, 260.0373, 33.52451
1.161547, 3.019012, 0.4599054, 244.7224, 33.79579
1.140641, 3.229012, 0.2610011, 243.1997, 14.62114
1.140641, 3.019012, 0.2610011, 243.1997, 31.15442
1.161547, 3.019012, 0.4599054, 244.7224, 33.79579
1.161547, 3.229012, 0.4599054, 244.7224, 17.68304
1.339546, 3.229012, 0.2400953, 258.9113, 14.29001
1.339546, 3.019012, 0.2400953, 258.9113, 30.86876
1.140641, 3.019012, 0.2610011, 243.1997, 31.15442
1.140641, 3.229012, 0.2610011, 243.1997, 14.62114
box_1_Parle-G-GOLD(Clone) stack 87 Shelf_2 Rack_0_1_0
1.74073, 2.560843, 0.2528824, 290.4984, 67.15372
1.541217, 2.560843, 0.2389311, 274.8379, 67.02914
1.526659, 2.560843, 0.4471184, 272.79, 68.84169
1.726172, 2.560843, 0.4610697, 288.0374, 68.9597
1.526659, 2.560843, 0.4471184, 272.79, 68.84169
1.526659, 2.388343, 0.4471184, 272.79, 82.09882
1.726172, 2.388343, 0.4610697, 288.0374, 82.19319
1.726172, 2.560843, 0.4610697, 288.0374, 68.9597
1.726172, 2.560843, 0.4610697, 288.0374, 68.9597
1.726172, 2.388343, 0.4610697, 288.0374, 82.19319
1.74073, 2.388343, 0.2528824, 290.4984, 80.7491
1.74073, 2.560843, 0.2528824, 290.4984, 67.15372
1.541217, 2.388343, 0.2389311, 274.8379, 80.64948
1.74073, 2.388343, 0.2528824, 290.4984, 80.7491
1.726172, 2.388343, 0.4610697, 288.0374, 82.19319
1.526659, 2.388343, 0.4471184, 272.79, 82.09882
1.541217, 2.560843, 0.2389311, 274.8379, 67.02914
1.541217, 2.388343, 0.2389311, 274.8379, 80.64948
1.526659, 2.388343, 0.4471184, 272.79, 82.09882
1.526659, 2.560843, 0.4471184, 272.79, 68.84169
1.74073, 2.560843, 0.2528824, 290.4984, 67.15372
1.74073, 2.388343, 0.2528824, 290.4984, 80.7491
1.541217, 2.388343, 0.2389311, 274.8379, 80.64948
1.541217, 2.560843, 0.2389311, 274.8379, 67.02914
box_1_Parle-G-GOLD(Clone) stack 87 Shelf_2 Rack_0_1_0
1.742409, 2.733343, 0.2547652, 290.6182, 53.57848
1.54317, 2.733343, 0.2373341, 274.9994, 53.39168
1.524981, 2.733343, 0.4452356, 272.6689, 55.5654
1.72422, 2.733343, 0.4626667, 287.8778, 55.7424
1.524981, 2.733343, 0.4452356, 272.6689, 55.5654
1.524981, 2.560843, 0.4452356, 272.6689, 68.82573
1.72422, 2.560843, 0.4626667, 287.8778, 68.97318
1.72422, 2.733343, 0.4626667, 287.8778, 55.7424
1.72422, 2.733343, 0.4626667, 287.8778, 55.7424
1.72422, 2.560843, 0.4626667, 287.8778, 68.97318
1.742409, 2.560843, 0.2547652, 290.6182, 67.17049
1.742409, 2.733343, 0.2547652, 290.6182, 53.57848
1.54317, 2.560843, 0.237334, 274.9994, 67.01486
1.742409, 2.560843, 0.2547652, 290.6182, 67.17049
1.72422, 2.560843, 0.4626667, 287.8778, 68.97318
1.524981, 2.560843, 0.4452356, 272.6689, 68.82573
1.54317, 2.733343, 0.2373341, 274.9994, 53.39168
1.54317, 2.560843, 0.237334, 274.9994, 67.01486
1.524981, 2.560843, 0.4452356, 272.6689, 68.82573
1.524981, 2.733343, 0.4452356, 272.6689, 55.5654
1.742409, 2.733343, 0.2547652, 290.6182, 53.57848
1.742409, 2.560843, 0.2547652, 290.6182, 67.17049
1.54317, 2.560843, 0.237334, 274.9994, 67.01486
1.54317, 2.733343, 0.2373341, 274.9994, 53.39168
box_3_Hareli(Clone) stack 88 Shelf_2 Rack_0_1_0
2.109324, 2.538451, 0.2332926, 319.7539, 68.74805
1.909811, 2.538451, 0.2472439, 303.8716, 68.86955
1.925158, 2.538451, 0.4667081, 303.2571, 70.72386
2.12467, 2.538451, 0.4527568, 318.6921, 70.60909
1.925158, 2.538451, 0.4667081, 303.2571, 70.72386
1.925158, 2.388451, 0.4667081, 303.2571, 82.22295
2.12467, 2.388451, 0.4527568, 318.6921, 82.12871
2.12467, 2.538451, 0.4527568, 318.6921, 70.60909
2.12467, 2.538451, 0.4527568, 318.6921, 70.60909
2.12467, 2.388451, 0.4527568, 318.6921, 82.12871
2.109324, 2.388451, 0.2332927, 319.7539, 80.60062
2.109324, 2.538451, 0.2332926, 319.7539, 68.74805
1.909811, 2.388451, 0.247244, 303.8716, 80.70038
2.109324, 2.388451, 0.2332927, 319.7539, 80.60062
2.12467, 2.388451, 0.4527568, 318.6921, 82.12871
1.925158, 2.388451, 0.4667081, 303.2571, 82.22295
1.909811, 2.538451, 0.2472439, 303.8716, 68.86955
1.909811, 2.388451, 0.247244, 303.8716, 80.70038
1.925158, 2.388451, 0.4667081, 303.2571, 82.22295
1.925158, 2.538451, 0.4667081, 303.2571, 70.72386
2.109324, 2.538451, 0.2332926, 319.7539, 68.74805
2.109324, 2.388451, 0.2332927, 319.7539, 80.60062
1.909811, 2.388451, 0.247244, 303.8716, 80.70038
1.909811, 2.538451, 0.2472439, 303.8716, 68.86955
box_3_Hareli(Clone) stack 88 Shelf_2 Rack_0_1_0
2.115306, 2.688451, 0.2382718, 320.174, 56.94664
1.915336, 2.688451, 0.2417623, 304.3537, 56.98248
1.919176, 2.688451, 0.4617289, 302.8385, 59.17654
2.119145, 2.688451, 0.4582384, 318.2129, 59.14267
1.919176, 2.688451, 0.4617289, 302.8385, 59.17654
1.919176, 2.538451, 0.4617289, 302.8385, 70.68292
2.119145, 2.538451, 0.4582384, 318.2129, 70.65422
2.119145, 2.688451, 0.4582384, 318.2129, 59.14267
2.119145, 2.688451, 0.4582384, 318.2129, 59.14267
2.119145, 2.538451, 0.4582384, 318.2129, 70.65422
2.115306, 2.538451, 0.2382719, 320.174, 68.79146
2.115306, 2.688451, 0.2382718, 320.174, 56.94664
1.915336, 2.538451, 0.2417624, 304.3537, 68.82185
2.115306, 2.538451, 0.2382719, 320.174, 68.79146
2.119145, 2.538451, 0.4582384, 318.2129, 70.65422
1.919176, 2.538451, 0.4617289, 302.8385, 70.68292
1.915336, 2.688451, 0.2417623, 304.3537, 56.98248
1.915336, 2.538451, 0.2417624, 304.3537, 68.82185
1.919176, 2.538451, 0.4617289, 302.8385, 70.68292
1.919176, 2.688451, 0.4617289, 302.8385, 59.17654
2.115306, 2.688451, 0.2382718, 320.174, 56.94664
2.115306, 2.538451, 0.2382719, 320.174, 68.79146
1.915336, 2.538451, 0.2417624, 304.3537, 68.82185
1.915336, 2.688451, 0.2417623, 304.3537, 56.98248
box_3_Hareli(Clone) stack 88 Shelf_2 Rack_0_1_0
2.107273, 2.838451, 0.2317034, 319.6085, 45.02405
1.908034, 2.838451, 0.2491345, 303.7156, 45.23019
1.927208, 2.838451, 0.4682974, 303.4014, 47.74339
2.126447, 2.838451, 0.4508663, 318.8477, 47.54866
1.927208, 2.838451, 0.4682974, 303.4014, 47.74339
1.927208, 2.688451, 0.4682974, 303.4014, 59.24014
2.126447, 2.688451, 0.4508663, 318.8477, 59.07108
2.126447, 2.838451, 0.4508663, 318.8477, 47.54866
2.126447, 2.838451, 0.4508663, 318.8477, 47.54866
2.126447, 2.688451, 0.4508663, 318.8477, 59.07108
2.107273, 2.688451, 0.2317034, 319.6085, 56.87909
2.107273, 2.838451, 0.2317034, 319.6085, 45.02405
1.908034, 2.688451, 0.2491345, 303.7156, 57.05807
2.107273, 2.688451, 0.2317034, 319.6085, 56.87909
2.126447, 2.688451, 0.4508663, 318.8477, 59.07108
1.927208, 2.688451, 0.4682974, 303.4014, 59.24014
1.908034, 2.838451, 0.2491345, 303.7156, 45.23019
1.908034, 2.688451, 0.2491345, 303.7156, 57.05807
1.927208, 2.688451, 0.4682974, 303.4014, 59.24014
1.927208, 2.838451, 0.4682974, 303.4014, 47.74339
2.107273, 2.838451, 0.2317034, 319.6085, 45.02405
2.107273, 2.688451, 0.2317034, 319.6085, 56.87909
1.908034, 2.688451, 0.2491345, 303.7156, 57.05807
1.908034, 2.838451, 0.2491345, 303.7156, 45.23019
box_3_Hareli(Clone) stack 88 Shelf_2 Rack_0_1_0
2.121019, 2.988451, 0.2435573, 320.5691, 33.32776
1.921141, 2.988451, 0.2365774, 304.8561, 33.23434
1.913463, 2.988451, 0.4564434, 302.4424, 36.09686
2.113341, 2.988451, 0.4634233, 317.7159, 36.1851
1.913463, 2.988451, 0.4564434, 302.4424, 36.09686
1.913463, 2.838451, 0.4564435, 302.4424, 47.61104
2.113341, 2.838451, 0.4634234, 317.7159, 47.68901
2.113341, 2.988451, 0.4634233, 317.7159, 36.1851
2.113341, 2.988451, 0.4634233, 317.7159, 36.1851
2.113341, 2.838451, 0.4634234, 317.7159, 47.68901
2.121019, 2.838451, 0.2435573, 320.5691, 45.16434
2.121019, 2.988451, 0.2435573, 320.5691, 33.32776
1.921141, 2.838451, 0.2365774, 304.8561, 45.08177
2.121019, 2.838451, 0.2435573, 320.5691, 45.16434
2.113341, 2.838451, 0.4634234, 317.7159, 47.68901
1.913463, 2.838451, 0.4564435, 302.4424, 47.61104
1.921141, 2.988451, 0.2365774, 304.8561, 33.23434
1.921141, 2.838451, 0.2365774, 304.8561, 45.08177
1.913463, 2.838451, 0.4564435, 302.4424, 47.61104
1.913463, 2.988451, 0.4564434, 302.4424, 36.09686
2.121019, 2.988451, 0.2435573, 320.5691, 33.32776
2.121019, 2.838451, 0.2435573, 320.5691, 45.16434
1.921141, 2.838451, 0.2365774, 304.8561, 45.08177
1.921141, 2.988451, 0.2365774, 304.8561, 33.23434
box_8_lizol(Clone) stack 89 Shelf_2 Rack_0_1_0
2.487803, 2.565368, 0.2215317, 349.8303, 66.51503
2.288077, 2.565368, 0.2319989, 333.8944, 66.60945
2.300994, 2.565368, 0.4784691, 331.9308, 68.75989
2.50072, 2.565368, 0.4680019, 347.3623, 68.67131
2.300994, 2.565368, 0.4784691, 331.9308, 68.75989
2.300994, 2.389118, 0.4784691, 331.9308, 82.25104
2.50072, 2.389118, 0.4680019, 347.3623, 82.18053
2.50072, 2.565368, 0.4680019, 347.3623, 68.67131
2.50072, 2.565368, 0.4680019, 347.3623, 68.67131
2.50072, 2.389118, 0.4680019, 347.3623, 82.18053
2.487803, 2.389118, 0.2215317, 349.8303, 80.46341
2.487803, 2.565368, 0.2215317, 349.8303, 66.51503
2.288077, 2.389118, 0.2319989, 333.8944, 80.53859
2.487803, 2.389118, 0.2215317, 349.8303, 80.46341
2.50072, 2.389118, 0.4680019, 347.3623, 82.18053
2.300994, 2.389118, 0.4784691, 331.9308, 82.25104
2.288077, 2.565368, 0.2319989, 333.8944, 66.60945
2.288077, 2.389118, 0.2319989, 333.8944, 80.53859
2.300994, 2.389118, 0.4784691, 331.9308, 82.25104
2.300994, 2.565368, 0.4784691, 331.9308, 68.75989
2.487803, 2.565368, 0.2215317, 349.8303, 66.51503
2.487803, 2.389118, 0.2215317, 349.8303, 80.46341
2.288077, 2.389118, 0.2319989, 333.8944, 80.53859
2.288077, 2.565368, 0.2319989, 333.8944, 66.60945
box_2_Parle-G(Clone) stack 90 Shelf_0 Rack_0_1_1
-0.7993499, 0.2744219, 0.2931767, 91.09324, 246.7636
-0.9982544, 0.2744219, 0.272271, 75.04877, 247.0698
-1.012396, 0.2744219, 0.406824, 76.8139, 245.1283
-0.813492, 0.2744219, 0.4277297, 92.57641, 244.8326
-1.012396, 0.2744219, 0.406824, 76.8139, 245.1283
-1.012396, 0.01942196, 0.406824, 76.8139, 264.8275
-0.813492, 0.01942196, 0.4277297, 92.57641, 264.4789
-0.813492, 0.2744219, 0.4277297, 92.57641, 244.8326
-0.813492, 0.2744219, 0.4277297, 92.57641, 244.8326
-0.813492, 0.01942196, 0.4277297, 92.57641, 264.4789
-0.7993499, 0.01942196, 0.2931767, 91.09324, 266.7553
-0.7993499, 0.2744219, 0.2931767, 91.09324, 246.7636
-0.9982544, 0.01942196, 0.272271, 75.04877, 267.1162
-0.7993499, 0.01942196, 0.2931767, 91.09324, 266.7553
-0.813492, 0.01942196, 0.4277297, 92.57641, 264.4789
-1.012396, 0.01942196, 0.406824, 76.8139, 264.8275
-0.9982544, 0.2744219, 0.272271, 75.04877, 247.0698
-0.9982544, 0.01942196, 0.272271, 75.04877, 267.1162
-1.012396, 0.01942196, 0.406824, 76.8139, 264.8275
-1.012396, 0.2744219, 0.406824, 76.8139, 245.1283
-0.7993499, 0.2744219, 0.2931767, 91.09324, 246.7636
-0.7993499, 0.01942196, 0.2931767, 91.09324, 266.7553
-0.9982544, 0.01942196, 0.272271, 75.04877, 267.1162
-0.9982544, 0.2744219, 0.272271, 75.04877, 247.0698
box_2_Parle-G(Clone) stack 90 Shelf_0 Rack_0_1_1
-0.7993499, 0.5294219, 0.2931767, 91.09324, 226.7719
-0.9982544, 0.5294219, 0.272271, 75.04877, 227.0233
-1.012396, 0.5294219, 0.406824, 76.8139, 225.4291
-0.813492, 0.5294219, 0.4277297, 92.57641, 225.1863
-1.012396, 0.5294219, 0.406824, 76.8139, 225.4291
-1.012396, 0.2744219, 0.406824, 76.8139, 245.1283
-0.813492, 0.2744219, 0.4277297, 92.57641, 244.8326
-0.813492, 0.5294219, 0.4277297, 92.57641, 225.1863
-0.813492, 0.5294219, 0.4277297, 92.57641, 225.1863
-0.813492, 0.2744219, 0.4277297, 92.57641, 244.8326
-0.7993499, 0.2744219, 0.2931767, 91.09324, 246.7636
-0.7993499, 0.5294219, 0.2931767, 91.09324, 226.7719
-0.9982544, 0.2744219, 0.272271, 75.04877, 247.0698
-0.7993499, 0.2744219, 0.2931767, 91.09324, 246.7636
-0.813492, 0.2744219, 0.4277297, 92.57641, 244.8326
-1.012396, 0.2744219, 0.406824, 76.8139, 245.1283
-0.9982544, 0.5294219, 0.272271, 75.04877, 227.0233
-0.9982544, 0.2744219, 0.272271, 75.04877, 247.0698
-1.012396, 0.2744219, 0.406824, 76.8139, 245.1283
-1.012396, 0.5294219, 0.406824, 76.8139, 225.4291
-0.7993499, 0.5294219, 0.2931767, 91.09324, 226.7719
-0.7993499, 0.2744219, 0.2931767, 91.09324, 246.7636
-0.9982544, 0.2744219, 0.272271, 75.04877, 247.0698
-0.9982544, 0.5294219, 0.272271, 75.04877, 227.0233
box_2_Parle-G(Clone) stack 90 Shelf_0 Rack_0_1_1
-0.813492, 0.7844219, 0.272271, 89.57359, 206.9769
-1.012396, 0.7844219, 0.2931767, 74.39065, 206.7802
-0.9982544, 0.7844219, 0.4277297, 78.34153, 205.5401
-0.7993499, 0.7844219, 0.406824, 93.27211, 205.7299
-0.9982544, 0.7844219, 0.4277297, 78.34153, 205.5401
-0.9982544, 0.5294219, 0.4277297, 78.34153, 225.1863
-0.7993499, 0.5294219, 0.406824, 93.27211, 225.4291
-0.7993499, 0.7844219, 0.406824, 93.27211, 205.7299
-0.7993499, 0.7844219, 0.406824, 93.27211, 205.7299
-0.7993499, 0.5294219, 0.406824, 93.27211, 225.4291
-0.813492, 0.5294219, 0.272271, 89.57359, 227.0233
-0.813492, 0.7844219, 0.272271, 89.57359, 206.9769
-1.012396, 0.5294219, 0.2931767, 74.39065, 226.7719
-0.813492, 0.5294219, 0.272271, 89.57359, 227.0233
-0.7993499, 0.5294219, 0.406824, 93.27211, 225.4291
-0.9982544, 0.5294219, 0.4277297, 78.34153, 225.1863
-1.012396, 0.7844219, 0.2931767, 74.39065, 206.7802
-1.012396, 0.5294219, 0.2931767, 74.39065, 226.7719
-0.9982544, 0.5294219, 0.4277297, 78.34153, 225.1863
-0.9982544, 0.7844219, 0.4277297, 78.34153, 205.5401
-0.813492, 0.7844219, 0.272271, 89.57359, 206.9769
-0.813492, 0.5294219, 0.272271, 89.57359, 227.0233
-1.012396, 0.5294219, 0.2931767, 74.39065, 226.7719
-1.012396, 0.7844219, 0.2931767, 74.39065, 206.7802
box_8_lizol(Clone) stack 92 Shelf_0 Rack_0_1_1
-0.04045259, 0.1961813, 0.2199211, 149.7258, 254.037
-0.2399654, 0.1961813, 0.2338724, 134.1279, 253.8183
-0.2227489, 0.1961813, 0.4800797, 138.7703, 250.087
-0.0232361, 0.1961813, 0.4661284, 153.8857, 250.2922
-0.2227489, 0.1961813, 0.4800797, 138.7703, 250.087
-0.2227489, 0.01993132, 0.4800797, 138.7703, 263.5754
-0.0232361, 0.01993132, 0.4661284, 153.8857, 263.8046
-0.0232361, 0.1961813, 0.4661284, 153.8857, 250.2922
-0.0232361, 0.1961813, 0.4661284, 153.8857, 250.2922
-0.0232361, 0.01993132, 0.4661284, 153.8857, 263.8046
-0.04045259, 0.01993129, 0.2199211, 149.7258, 267.9884
-0.04045259, 0.1961813, 0.2199211, 149.7258, 254.037
-0.2399654, 0.01993129, 0.2338724, 134.1279, 267.744
-0.04045259, 0.01993129, 0.2199211, 149.7258, 267.9884
-0.0232361, 0.01993132, 0.4661284, 153.8857, 263.8046
-0.2227489, 0.01993132, 0.4800797, 138.7703, 263.5754
-0.2399654, 0.1961813, 0.2338724, 134.1279, 253.8183
-0.2399654, 0.01993129, 0.2338724, 134.1279, 267.744
-0.2227489, 0.01993132, 0.4800797, 138.7703, 263.5754
-0.2227489, 0.1961813, 0.4800797, 138.7703, 250.087
-0.04045259, 0.1961813, 0.2199211, 149.7258, 254.037
-0.04045259, 0.01993129, 0.2199211, 149.7258, 267.9884
-0.2399654, 0.01993129, 0.2338724, 134.1279, 267.744
-0.2399654, 0.1961813, 0.2338724, 134.1279, 253.8183
box_8_lizol(Clone) stack 92 Shelf_0 Rack_0_1_1
-0.02735492, 0.3724313, 0.2301612, 150.8829, 239.9439
-0.2272331, 0.3724313, 0.2231813, 134.9861, 240.0405
-0.2358465, 0.3724313, 0.4698395, 137.6342, 236.7315
-0.03596842, 0.3724313, 0.4768194, 153.0284, 236.6409
-0.2358465, 0.3724313, 0.4698395, 137.6342, 236.7315
-0.2358465, 0.1961813, 0.4698395, 137.6342, 250.2375
-0.03596842, 0.1961813, 0.4768195, 153.0284, 250.1349
-0.03596842, 0.3724313, 0.4768194, 153.0284, 236.6409
-0.03596842, 0.3724313, 0.4768194, 153.0284, 236.6409
-0.03596842, 0.1961813, 0.4768195, 153.0284, 250.1349
-0.02735492, 0.1961813, 0.2301612, 150.8829, 253.8764
-0.02735492, 0.3724313, 0.2301612, 150.8829, 239.9439
-0.2272331, 0.1961813, 0.2231813, 134.9861, 253.9859
-0.02735492, 0.1961813, 0.2301612, 150.8829, 253.8764
-0.03596842, 0.1961813, 0.4768195, 153.0284, 250.1349
-0.2358465, 0.1961813, 0.4698395, 137.6342, 250.2375
-0.2272331, 0.3724313, 0.2231813, 134.9861, 240.0405
-0.2272331, 0.1961813, 0.2231813, 134.9861, 253.9859
-0.2358465, 0.1961813, 0.4698395, 137.6342, 250.2375
-0.2358465, 0.3724313, 0.4698395, 137.6342, 236.7315
-0.02735492, 0.3724313, 0.2301612, 150.8829, 239.9439
-0.02735492, 0.1961813, 0.2301612, 150.8829, 253.8764
-0.2272331, 0.1961813, 0.2231813, 134.9861, 253.9859
-0.2272331, 0.3724313, 0.2231813, 134.9861, 240.0405
box_8_lizol(Clone) stack 92 Shelf_0 Rack_0_1_1
-0.02527931, 0.5486813, 0.2319989, 151.0686, 225.9894
-0.2250052, 0.5486813, 0.2215317, 135.1395, 226.115
-0.2379222, 0.5486813, 0.4680019, 137.4511, 223.2462
-0.03819626, 0.5486813, 0.4784691, 152.8761, 223.1283
-0.2379222, 0.5486813, 0.4680019, 137.4511, 223.2462
-0.2379222, 0.3724313, 0.4680019, 137.4511, 236.7554
-0.03819626, 0.3724313, 0.4784691, 152.8761, 236.6195
-0.03819626, 0.5486813, 0.4784691, 152.8761, 223.1283
-0.03819626, 0.5486813, 0.4784691, 152.8761, 223.1283
-0.03819626, 0.3724313, 0.4784691, 152.8761, 236.6195
-0.02527931, 0.3724313, 0.2319989, 151.0686, 239.9185
-0.02527931, 0.5486813, 0.2319989, 151.0686, 225.9894
-0.2250052, 0.3724313, 0.2215317, 135.1395, 240.0634
-0.02527931, 0.3724313, 0.2319989, 151.0686, 239.9185
-0.03819626, 0.3724313, 0.4784691, 152.8761, 236.6195
-0.2379222, 0.3724313, 0.4680019, 137.4511, 236.7554
-0.2250052, 0.5486813, 0.2215317, 135.1395, 226.115
-0.2250052, 0.3724313, 0.2215317, 135.1395, 240.0634
-0.2379222, 0.3724313, 0.4680019, 137.4511, 236.7554
-0.2379222, 0.5486813, 0.4680019, 137.4511, 223.2462
-0.02527931, 0.5486813, 0.2319989, 151.0686, 225.9894
-0.02527931, 0.3724313, 0.2319989, 151.0686, 239.9185
-0.2250052, 0.3724313, 0.2215317, 135.1395, 240.0634
-0.2250052, 0.5486813, 0.2215317, 135.1395, 226.115
box_7_litchi(Clone) stack 94 Shelf_1 Rack_0_1_1
-0.818454, 1.414419, 0.2432683, 88.60823, 157.5362
-1.017967, 1.414419, 0.2572196, 73.17012, 157.4949
-1.004015, 1.414419, 0.4567324, 78.4991, 156.9208
-0.8045027, 1.414419, 0.4427811, 93.55202, 156.96
-1.004015, 1.414419, 0.4567324, 78.4991, 156.9208
-1.004015, 1.204419, 0.4567324, 78.4991, 173.04
-0.8045027, 1.204419, 0.4427811, 93.55202, 173.108
-0.8045027, 1.414419, 0.4427811, 93.55202, 156.96
-0.8045027, 1.414419, 0.4427811, 93.55202, 156.96
-0.8045027, 1.204419, 0.4427811, 93.55202, 173.108
-0.818454, 1.204419, 0.2432683, 88.60823, 174.108
-0.818454, 1.414419, 0.2432683, 88.60823, 157.5362
-1.017967, 1.204419, 0.2572196, 73.17012, 174.0364
-0.818454, 1.204419, 0.2432683, 88.60823, 174.108
-0.8045027, 1.204419, 0.4427811, 93.55202, 173.108
-1.004015, 1.204419, 0.4567324, 78.4991, 173.04
-1.017967, 1.414419, 0.2572196, 73.17012, 157.4949
-1.017967, 1.204419, 0.2572196, 73.17012, 174.0364
-1.004015, 1.204419, 0.4567324, 78.4991, 173.04
-1.004015, 1.414419, 0.4567324, 78.4991, 156.9208
-0.818454, 1.414419, 0.2432683, 88.60823, 157.5362
-0.818454, 1.204419, 0.2432683, 88.60823, 174.108
-1.017967, 1.204419, 0.2572196, 73.17012, 174.0364
-1.017967, 1.414419, 0.2572196, 73.17012, 157.4949
box_7_litchi(Clone) stack 94 Shelf_1 Rack_0_1_1
-0.8095047, 1.624419, 0.2517608, 89.48257, 140.9577
-1.009474, 1.624419, 0.2482703, 73.6436, 140.9604
-1.012965, 1.624419, 0.4482399, 77.63579, 140.8078
-0.8129952, 1.624419, 0.4517304, 93.06752, 140.8052
-1.012965, 1.624419, 0.4482399, 77.63579, 140.8078
-1.012965, 1.414419, 0.4482399, 77.63579, 156.9446
-0.8129952, 1.414419, 0.4517304, 93.06752, 156.9348
-0.8129952, 1.624419, 0.4517304, 93.06752, 140.8052
-0.8129952, 1.624419, 0.4517304, 93.06752, 140.8052
-0.8129952, 1.414419, 0.4517304, 93.06752, 156.9348
-0.8095047, 1.414419, 0.2517608, 89.48257, 157.511
-0.8095047, 1.624419, 0.2517608, 89.48257, 140.9577
-1.009474, 1.414419, 0.2482704, 73.6436, 157.5214
-0.8095047, 1.414419, 0.2517608, 89.48257, 157.511
-0.8129952, 1.414419, 0.4517304, 93.06752, 156.9348
-1.012965, 1.414419, 0.4482399, 77.63579, 156.9446
-1.009474, 1.624419, 0.2482703, 73.6436, 140.9604
-1.009474, 1.414419, 0.2482704, 73.6436, 157.5214
-1.012965, 1.414419, 0.4482399, 77.63579, 156.9446
-1.012965, 1.624419, 0.4482399, 77.63579, 140.8078
-0.8095047, 1.624419, 0.2517608, 89.48257, 140.9577
-0.8095047, 1.414419, 0.2517608, 89.48257, 157.511
-1.009474, 1.414419, 0.2482704, 73.6436, 157.5214
-1.009474, 1.624419, 0.2482703, 73.6436, 140.9604
box_7_litchi(Clone) stack 95 Shelf_1 Rack_0_1_1
-0.4251851, 1.414419, 0.2482703, 119.7215, 157.5214
-0.6251546, 1.414419, 0.2517608, 104.014, 157.511
-0.6216642, 1.414419, 0.4517304, 107.7632, 156.9348
-0.4216946, 1.414419, 0.4482399, 123.0701, 156.9446
-0.6216642, 1.414419, 0.4517304, 107.7632, 156.9348
-0.6216642, 1.204419, 0.4517304, 107.7632, 173.0644
-0.4216946, 1.204419, 0.4482399, 123.0701, 173.0814
-0.4216946, 1.414419, 0.4482399, 123.0701, 156.9446
-0.4216946, 1.414419, 0.4482399, 123.0701, 156.9446
-0.4216946, 1.204419, 0.4482399, 123.0701, 173.0814
-0.4251851, 1.204419, 0.2482704, 119.7215, 174.0823
-0.4251851, 1.414419, 0.2482703, 119.7215, 157.5214
-0.6251546, 1.204419, 0.2517608, 104.014, 174.0644
-0.4251851, 1.204419, 0.2482704, 119.7215, 174.0823
-0.4216946, 1.204419, 0.4482399, 123.0701, 173.0814
-0.6216642, 1.204419, 0.4517304, 107.7632, 173.0644
-0.6251546, 1.414419, 0.2517608, 104.014, 157.511
-0.6251546, 1.204419, 0.2517608, 104.014, 174.0644
-0.6216642, 1.204419, 0.4517304, 107.7632, 173.0644
-0.6216642, 1.414419, 0.4517304, 107.7632, 156.9348
-0.4251851, 1.414419, 0.2482703, 119.7215, 157.5214
-0.4251851, 1.204419, 0.2482704, 119.7215, 174.0823
-0.6251546, 1.204419, 0.2517608, 104.014, 174.0644
-0.6251546, 1.414419, 0.2517608, 104.014, 157.511
box_7_litchi(Clone) stack 95 Shelf_1 Rack_0_1_1
-0.4135196, 1.624419, 0.2610011, 120.8409, 140.9505
-0.612424, 1.624419, 0.2400953, 104.8103, 140.9669
-0.6333297, 1.624419, 0.4389997, 106.6499, 140.8147
-0.4344253, 1.624419, 0.4599054, 122.2677, 140.7991
-0.6333297, 1.624419, 0.4389997, 106.6499, 140.8147
-0.6333297, 1.414419, 0.4389997, 106.6499, 156.9706
-0.4344253, 1.414419, 0.4599054, 122.2677, 156.9119
-0.4344253, 1.624419, 0.4599054, 122.2677, 140.7991
-0.4344253, 1.624419, 0.4599054, 122.2677, 140.7991
-0.4344253, 1.414419, 0.4599054, 122.2677, 156.9119
-0.4135196, 1.414419, 0.2610011, 120.8409, 157.4837
-0.4135196, 1.624419, 0.2610011, 120.8409, 140.9505
-0.612424, 1.414419, 0.2400953, 104.8103, 157.5456
-0.4135196, 1.414419, 0.2610011, 120.8409, 157.4837
-0.4344253, 1.414419, 0.4599054, 122.2677, 156.9119
-0.6333297, 1.414419, 0.4389997, 106.6499, 156.9706
-0.612424, 1.624419, 0.2400953, 104.8103, 140.9669
-0.612424, 1.414419, 0.2400953, 104.8103, 157.5456
-0.6333297, 1.414419, 0.4389997, 106.6499, 156.9706
-0.6333297, 1.624419, 0.4389997, 106.6499, 140.8147
-0.4135196, 1.624419, 0.2610011, 120.8409, 140.9505
-0.4135196, 1.414419, 0.2610011, 120.8409, 157.4837
-0.612424, 1.414419, 0.2400953, 104.8103, 157.5456
-0.612424, 1.624419, 0.2400953, 104.8103, 140.9669
box_7_litchi(Clone) stack 95 Shelf_1 Rack_0_1_1
-0.4119831, 1.834419, 0.2629327, 120.992, 124.4199
-0.6104923, 1.834419, 0.2385588, 104.9355, 124.386
-0.6348662, 1.834419, 0.4370681, 106.4986, 124.6562
-0.436357, 1.834419, 0.4614419, 122.1427, 124.6884
-0.6348662, 1.834419, 0.4370681, 106.4986, 124.6562
-0.6348662, 1.624419, 0.4370681, 106.4986, 140.8161
-0.436357, 1.624419, 0.4614419, 122.1427, 140.798
-0.436357, 1.834419, 0.4614419, 122.1427, 124.6884
-0.436357, 1.834419, 0.4614419, 122.1427, 124.6884
-0.436357, 1.624419, 0.4614419, 122.1427, 140.798
-0.4119831, 1.624419, 0.2629327, 120.992, 140.949
-0.4119831, 1.834419, 0.2629327, 120.992, 124.4199
-0.6104923, 1.624419, 0.2385588, 104.9355, 140.9681
-0.4119831, 1.624419, 0.2629327, 120.992, 140.949
-0.436357, 1.624419, 0.4614419, 122.1427, 140.798
-0.6348662, 1.624419, 0.4370681, 106.4986, 140.8161
-0.6104923, 1.834419, 0.2385588, 104.9355, 124.386
-0.6104923, 1.624419, 0.2385588, 104.9355, 140.9681
-0.6348662, 1.624419, 0.4370681, 106.4986, 140.8161
-0.6348662, 1.834419, 0.4370681, 106.4986, 124.6562
-0.4119831, 1.834419, 0.2629327, 120.992, 124.4199
-0.4119831, 1.624419, 0.2629327, 120.992, 140.949
-0.6104923, 1.624419, 0.2385588, 104.9355, 140.9681
-0.6104923, 1.834419, 0.2385588, 104.9355, 124.386
box_7_litchi(Clone) stack 95 Shelf_1 Rack_0_1_1
-0.4287953, 2.044419, 0.2449038, 119.3835, 107.8266
-0.6285211, 2.044419, 0.255371, 103.8132, 107.8639
-0.618054, 2.044419, 0.4550969, 108.0973, 108.5574
-0.4183281, 2.044419, 0.4446297, 123.2748, 108.5219
-0.618054, 2.044419, 0.4550969, 108.0973, 108.5574
-0.618054, 1.834419, 0.4550969, 108.0973, 124.6801
-0.4183281, 1.834419, 0.4446297, 123.2748, 124.6662
-0.4183281, 2.044419, 0.4446297, 123.2748, 108.5219
-0.4183281, 2.044419, 0.4446297, 123.2748, 108.5219
-0.4183281, 1.834419, 0.4446297, 123.2748, 124.6662
-0.4287953, 1.834419, 0.2449038, 119.3835, 124.3948
-0.4287953, 2.044419, 0.2449038, 119.3835, 107.8266
-0.6285211, 1.834419, 0.255371, 103.8132, 124.4094
-0.4287953, 1.834419, 0.2449038, 119.3835, 124.3948
-0.4183281, 1.834419, 0.4446297, 123.2748, 124.6662
-0.618054, 1.834419, 0.4550969, 108.0973, 124.6801
-0.6285211, 2.044419, 0.255371, 103.8132, 107.8639
-0.6285211, 1.834419, 0.255371, 103.8132, 124.4094
-0.618054, 1.834419, 0.4550969, 108.0973, 124.6801
-0.618054, 2.044419, 0.4550969, 108.0973, 108.5574
-0.4287953, 2.044419, 0.2449038, 119.3835, 107.8266
-0.4287953, 1.834419, 0.2449038, 119.3835, 124.3948
-0.6285211, 1.834419, 0.255371, 103.8132, 124.4094
-0.6285211, 2.044419, 0.255371, 103.8132, 107.8639
box_6_melody(Clone) stack 96 Shelf_1 Rack_0_1_1
-0.03353472, 1.391943, 0.2411106, 150.5235, 159.3168
-0.2324391, 1.391943, 0.2202049, 134.5327, 159.3838
-0.257526, 1.391943, 0.4588902, 135.8272, 158.6395
-0.05862157, 1.391943, 0.4797959, 151.3277, 158.5764
-0.257526, 1.391943, 0.4588902, 135.8272, 158.6395
-0.257526, 1.204443, 0.4588902, 135.8272, 173.0277
-0.05862157, 1.204443, 0.4797959, 151.3277, 172.9263
-0.05862157, 1.391943, 0.4797959, 151.3277, 158.5764
-0.05862157, 1.391943, 0.4797959, 151.3277, 158.5764
-0.05862157, 1.204443, 0.4797959, 151.3277, 172.9263
-0.03353472, 1.204443, 0.2411106, 150.5235, 174.1172
-0.03353472, 1.391943, 0.2411106, 150.5235, 159.3168
-0.2324391, 1.204443, 0.2202049, 134.5327, 174.2251
-0.03353472, 1.204443, 0.2411106, 150.5235, 174.1172
-0.05862157, 1.204443, 0.4797959, 151.3277, 172.9263
-0.257526, 1.204443, 0.4588902, 135.8272, 173.0277
-0.2324391, 1.391943, 0.2202049, 134.5327, 159.3838
-0.2324391, 1.204443, 0.2202049, 134.5327, 174.2251
-0.257526, 1.204443, 0.4588902, 135.8272, 173.0277
-0.257526, 1.391943, 0.4588902, 135.8272, 158.6395
-0.03353472, 1.391943, 0.2411106, 150.5235, 159.3168
-0.03353472, 1.204443, 0.2411106, 150.5235, 174.1172
-0.2324391, 1.204443, 0.2202049, 134.5327, 174.2251
-0.2324391, 1.391943, 0.2202049, 134.5327, 159.3838
box_6_melody(Clone) stack 96 Shelf_1 Rack_0_1_1
-0.03938707, 1.579443, 0.2353984, 149.9939, 144.5234
-0.239113, 1.579443, 0.2249312, 134.0705, 144.5366
-0.2516736, 1.579443, 0.4646024, 136.3521, 144.2445
-0.05194771, 1.579443, 0.4750696, 151.7853, 144.2321
-0.2516736, 1.579443, 0.4646024, 136.3521, 144.2445
-0.2516736, 1.391943, 0.4646024, 136.3521, 158.6222
-0.05194771, 1.391943, 0.4750696, 151.7853, 158.5906
-0.05194771, 1.579443, 0.4750696, 151.7853, 144.2321
-0.05194771, 1.579443, 0.4750696, 151.7853, 144.2321
-0.05194771, 1.391943, 0.4750696, 151.7853, 158.5906
-0.03938707, 1.391943, 0.2353984, 149.9939, 159.335
-0.03938707, 1.579443, 0.2353984, 149.9939, 144.5234
-0.239113, 1.391943, 0.2249312, 134.0705, 159.3686
-0.03938707, 1.391943, 0.2353984, 149.9939, 159.335
-0.05194771, 1.391943, 0.4750696, 151.7853, 158.5906
-0.2516736, 1.391943, 0.4646024, 136.3521, 158.6222
-0.239113, 1.579443, 0.2249312, 134.0705, 144.5366
-0.239113, 1.391943, 0.2249312, 134.0705, 159.3686
-0.2516736, 1.391943, 0.4646024, 136.3521, 158.6222
-0.2516736, 1.579443, 0.4646024, 136.3521, 144.2445
-0.03938707, 1.579443, 0.2353984, 149.9939, 144.5234
-0.03938707, 1.391943, 0.2353984, 149.9939, 159.335
-0.239113, 1.391943, 0.2249312, 134.0705, 159.3686
-0.239113, 1.579443, 0.2249312, 134.0705, 144.5366
box_6_melody(Clone) stack 96 Shelf_1 Rack_0_1_1
-0.03353472, 1.766943, 0.2411106, 150.5235, 129.7158
-0.2324391, 1.766943, 0.2202049, 134.5327, 129.7012
-0.257526, 1.766943, 0.4588902, 135.8272, 129.863
-0.05862157, 1.766943, 0.4797959, 151.3277, 129.8767
-0.257526, 1.766943, 0.4588902, 135.8272, 129.863
-0.257526, 1.579443, 0.4588902, 135.8272, 144.2512
-0.05862157, 1.579443, 0.4797959, 151.3277, 144.2266
-0.05862157, 1.766943, 0.4797959, 151.3277, 129.8767
-0.05862157, 1.766943, 0.4797959, 151.3277, 129.8767
-0.05862157, 1.579443, 0.4797959, 151.3277, 144.2266
-0.03353472, 1.579443, 0.2411106, 150.5235, 144.5163
-0.03353472, 1.766943, 0.2411106, 150.5235, 129.7158
-0.2324391, 1.579443, 0.2202049, 134.5327, 144.5425
-0.03353472, 1.579443, 0.2411106, 150.5235, 144.5163
-0.05862157, 1.579443, 0.4797959, 151.3277, 144.2266
-0.257526, 1.579443, 0.4588902, 135.8272, 144.2512
-0.2324391, 1.766943, 0.2202049, 134.5327, 129.7012
-0.2324391, 1.579443, 0.2202049, 134.5327, 144.5425
-0.257526, 1.579443, 0.4588902, 135.8272, 144.2512
-0.257526, 1.766943, 0.4588902, 135.8272, 129.863
-0.03353472, 1.766943, 0.2411106, 150.5235, 129.7158
-0.03353472, 1.579443, 0.2411106, 150.5235, 144.5163
-0.2324391, 1.579443, 0.2202049, 134.5327, 144.5425
-0.2324391, 1.766943, 0.2202049, 134.5327, 129.7012
box_6_melody(Clone) stack 96 Shelf_1 Rack_0_1_1
-0.05636956, 1.954443, 0.2217414, 148.4878, 114.864
-0.2556085, 1.954443, 0.2391725, 132.9666, 114.9102
-0.2346911, 1.954443, 0.4782594, 137.8326, 115.523
-0.03545217, 1.954443, 0.4608282, 152.8902, 115.4796
-0.2346911, 1.954443, 0.4782594, 137.8326, 115.523
-0.2346911, 1.766943, 0.4782594, 137.8326, 129.8757
-0.03545217, 1.766943, 0.4608282, 152.8902, 129.8643
-0.03545217, 1.954443, 0.4608282, 152.8902, 115.4796
-0.03545217, 1.954443, 0.4608282, 152.8902, 115.4796
-0.03545217, 1.766943, 0.4608282, 152.8902, 129.8643
-0.05636956, 1.766943, 0.2217414, 148.4878, 129.7023
-0.05636956, 1.954443, 0.2217414, 148.4878, 114.864
-0.2556085, 1.766943, 0.2391725, 132.9666, 129.7145
-0.05636956, 1.766943, 0.2217414, 148.4878, 129.7023
-0.03545217, 1.766943, 0.4608282, 152.8902, 129.8643
-0.2346911, 1.766943, 0.4782594, 137.8326, 129.8757
-0.2556085, 1.954443, 0.2391725, 132.9666, 114.9102
-0.2556085, 1.766943, 0.2391725, 132.9666, 129.7145
-0.2346911, 1.766943, 0.4782594, 137.8326, 129.8757
-0.2346911, 1.954443, 0.4782594, 137.8326, 115.523
-0.05636956, 1.954443, 0.2217414, 148.4878, 114.864
-0.05636956, 1.766943, 0.2217414, 148.4878, 129.7023
-0.2556085, 1.766943, 0.2391725, 132.9666, 129.7145
-0.2556085, 1.954443, 0.2391725, 132.9666, 114.9102
box_2_Parle-G(Clone) stack 98 Shelf_2 Rack_0_1_1
-0.8245748, 2.643609, 0.2841088, 88.93665, 60.9344
-1.024544, 2.643609, 0.2806183, 73.16448, 60.90054
-1.026906, 2.643609, 0.4158919, 75.88464, 62.18962
-0.8269359, 2.643609, 0.4193824, 91.38135, 62.22232
-1.026906, 2.643609, 0.4158919, 75.88464, 62.18962
-1.026906, 2.388609, 0.4158919, 75.88464, 81.86583
-0.8269359, 2.388609, 0.4193824, 91.38135, 81.88966
-0.8269359, 2.643609, 0.4193824, 91.38135, 62.22232
-0.8269359, 2.643609, 0.4193824, 91.38135, 62.22232
-0.8269359, 2.388609, 0.4193824, 91.38135, 81.88966
-0.8245748, 2.388609, 0.2841088, 88.93665, 80.94981
-0.8245748, 2.643609, 0.2841088, 88.93665, 60.9344
-1.024544, 2.388609, 0.2806184, 73.16448, 80.92511
-0.8245748, 2.388609, 0.2841088, 88.93665, 80.94981
-0.8269359, 2.388609, 0.4193824, 91.38135, 81.88966
-1.026906, 2.388609, 0.4158919, 75.88464, 81.86583
-1.024544, 2.643609, 0.2806183, 73.16448, 60.90054
-1.024544, 2.388609, 0.2806184, 73.16448, 80.92511
-1.026906, 2.388609, 0.4158919, 75.88464, 81.86583
-1.026906, 2.643609, 0.4158919, 75.88464, 62.18962
-0.8245748, 2.643609, 0.2841088, 88.93665, 60.9344
-0.8245748, 2.388609, 0.2841088, 88.93665, 80.94981
-1.024544, 2.388609, 0.2806184, 73.16448, 80.92511
-1.024544, 2.643609, 0.2806183, 73.16448, 60.90054
box_2_Parle-G(Clone) stack 98 Shelf_2 Rack_0_1_1
-0.8333589, 2.898609, 0.272271, 88.01177, 40.77303
-1.032263, 2.898609, 0.2931767, 72.83309, 41.03043
-1.018121, 2.898609, 0.4277297, 76.81091, 42.65401
-0.8192168, 2.898609, 0.406824, 91.73736, 42.40544
-1.018121, 2.898609, 0.4277297, 76.81091, 42.65401
-1.018121, 2.64361, 0.4277297, 76.81091, 62.30031
-0.8192168, 2.64361, 0.406824, 91.73736, 62.10461
-0.8192168, 2.898609, 0.406824, 91.73736, 42.40544
-0.8192168, 2.898609, 0.406824, 91.73736, 42.40544
-0.8192168, 2.64361, 0.406824, 91.73736, 62.10461
-0.8333589, 2.64361, 0.272271, 88.01177, 60.8195
-0.8333589, 2.898609, 0.272271, 88.01177, 40.77303
-1.032263, 2.64361, 0.2931767, 72.83309, 61.02214
-0.8333589, 2.64361, 0.272271, 88.01177, 60.8195
-0.8192168, 2.64361, 0.406824, 91.73736, 62.10461
-1.018121, 2.64361, 0.4277297, 76.81091, 62.30031
-1.032263, 2.898609, 0.2931767, 72.83309, 41.03043
-1.032263, 2.64361, 0.2931767, 72.83309, 61.02214
-1.018121, 2.64361, 0.4277297, 76.81091, 62.30031
-1.018121, 2.898609, 0.4277297, 76.81091, 42.65401
-0.8333589, 2.898609, 0.272271, 88.01177, 40.77303
-0.8333589, 2.64361, 0.272271, 88.01177, 60.8195
-1.032263, 2.64361, 0.2931767, 72.83309, 61.02214
-1.032263, 2.898609, 0.2931767, 72.83309, 41.03043
box_2_Parle-G(Clone) stack 98 Shelf_2 Rack_0_1_1
-0.8257401, 3.15361, 0.2823533, 88.81046, 20.87735
-1.02574, 3.15361, 0.2823533, 73.10846, 20.87735
-1.02574, 3.15361, 0.4176474, 76.01159, 22.86253
-0.8257401, 3.15361, 0.4176474, 91.44044, 22.86253
-1.02574, 3.15361, 0.4176474, 76.01159, 22.86253
-1.02574, 2.89861, 0.4176475, 76.01159, 42.53427
-0.8257401, 2.89861, 0.4176475, 91.44044, 42.53427
-0.8257401, 3.15361, 0.4176474, 91.44044, 22.86253
-0.8257401, 3.15361, 0.4176474, 91.44044, 22.86253
-0.8257401, 2.89861, 0.4176475, 91.44044, 42.53427
-0.8257401, 2.89861, 0.2823533, 88.81046, 40.89734
-0.8257401, 3.15361, 0.2823533, 88.81046, 20.87735
-1.02574, 2.89861, 0.2823533, 73.10846, 40.89734
-0.8257401, 2.89861, 0.2823533, 88.81046, 40.89734
-0.8257401, 2.89861, 0.4176475, 91.44044, 42.53427
-1.02574, 2.89861, 0.4176475, 76.01159, 42.53427
-1.02574, 3.15361, 0.2823533, 73.10846, 20.87735
-1.02574, 2.89861, 0.2823533, 73.10846, 40.89734
-1.02574, 2.89861, 0.4176475, 76.01159, 42.53427
-1.02574, 3.15361, 0.4176474, 76.01159, 22.86253
-0.8257401, 3.15361, 0.2823533, 88.81046, 20.87735
-0.8257401, 2.89861, 0.2823533, 88.81046, 40.89734
-1.02574, 2.89861, 0.2823533, 73.10846, 40.89734
-1.02574, 3.15361, 0.2823533, 73.10846, 20.87735
box_2_Parle-G(Clone) stack 99 Shelf_2 Rack_0_1_1
-0.4313183, 2.643609, 0.2950445, 119.9758, 61.04021
-0.6298276, 2.643609, 0.2706706, 103.9836, 60.80396
-0.6463158, 2.643609, 0.4049563, 105.0618, 62.0871
-0.4478065, 2.643609, 0.4293302, 120.7749, 62.31523
-0.6463158, 2.643609, 0.4049563, 105.0618, 62.0871
-0.6463158, 2.388609, 0.4049563, 105.0618, 81.791
-0.4478065, 2.388609, 0.4293302, 120.7749, 81.9575
-0.4478065, 2.643609, 0.4293302, 120.7749, 62.31523
-0.4478065, 2.643609, 0.4293302, 120.7749, 62.31523
-0.4478065, 2.388609, 0.4293302, 120.7749, 81.9575
-0.4313183, 2.388609, 0.2950445, 119.9758, 81.02702
-0.4313183, 2.643609, 0.2950445, 119.9758, 61.04021
-0.6298276, 2.388609, 0.2706706, 103.9836, 80.85461
-0.4313183, 2.388609, 0.2950445, 119.9758, 81.02702
-0.4478065, 2.388609, 0.4293302, 120.7749, 81.9575
-0.6463158, 2.388609, 0.4049563, 105.0618, 81.791
-0.6298276, 2.643609, 0.2706706, 103.9836, 60.80396
-0.6298276, 2.388609, 0.2706706, 103.9836, 80.85461
-0.6463158, 2.388609, 0.4049563, 105.0618, 81.791
-0.6463158, 2.643609, 0.4049563, 105.0618, 62.0871
-0.4313183, 2.643609, 0.2950445, 119.9758, 61.04021
-0.4313183, 2.388609, 0.2950445, 119.9758, 81.02702
-0.6298276, 2.388609, 0.2706706, 103.9836, 80.85461
-0.6298276, 2.643609, 0.2706706, 103.9836, 60.80396
box_2_Parle-G(Clone) stack 99 Shelf_2 Rack_0_1_1
-0.4354137, 2.898609, 0.2876796, 119.5389, 40.96291
-0.6351396, 2.898609, 0.2772124, 103.6828, 40.83403
-0.6422204, 2.898609, 0.4123212, 105.5058, 42.47093
-0.4424945, 2.898609, 0.4227883, 121.0842, 42.59537
-0.6422204, 2.898609, 0.4123212, 105.5058, 42.47093
-0.6422204, 2.64361, 0.4123212, 105.5058, 62.15617
-0.4424945, 2.64361, 0.4227883, 121.0842, 62.25414
-0.4424945, 2.898609, 0.4227883, 121.0842, 42.59537
-0.4424945, 2.898609, 0.4227883, 121.0842, 42.59537
-0.4424945, 2.64361, 0.4227883, 121.0842, 62.25414
-0.4354137, 2.64361, 0.2876796, 119.5389, 60.96895
-0.4354137, 2.898609, 0.2876796, 119.5389, 40.96291
-0.6351396, 2.64361, 0.2772124, 103.6828, 60.86751
-0.4354137, 2.64361, 0.2876796, 119.5389, 60.96895
-0.4424945, 2.64361, 0.4227883, 121.0842, 62.25414
-0.6422204, 2.64361, 0.4123212, 105.5058, 62.15617
-0.6351396, 2.898609, 0.2772124, 103.6828, 40.83403
-0.6351396, 2.64361, 0.2772124, 103.6828, 60.86751
-0.6422204, 2.64361, 0.4123212, 105.5058, 62.15617
-0.6422204, 2.898609, 0.4123212, 105.5058, 42.47093
-0.4354137, 2.898609, 0.2876796, 119.5389, 40.96291
-0.4354137, 2.64361, 0.2876796, 119.5389, 60.96895
-0.6351396, 2.64361, 0.2772124, 103.6828, 60.86751
-0.6351396, 2.898609, 0.2772124, 103.6828, 40.83403
box_2_Parle-G(Clone) stack 99 Shelf_2 Rack_0_1_1
-0.4388171, 3.15361, 0.2823533, 119.1877, 20.87735
-0.6388171, 3.15361, 0.2823533, 103.4857, 20.87735
-0.6388171, 3.15361, 0.4176474, 105.8605, 22.86253
-0.4388171, 3.15361, 0.4176474, 121.2893, 22.86253
-0.6388171, 3.15361, 0.4176474, 105.8605, 22.86253
-0.6388171, 2.89861, 0.4176475, 105.8605, 42.53427
-0.4388171, 2.89861, 0.4176475, 121.2893, 42.53427
-0.4388171, 3.15361, 0.4176474, 121.2893, 22.86253
-0.4388171, 3.15361, 0.4176474, 121.2893, 22.86253
-0.4388171, 2.89861, 0.4176475, 121.2893, 42.53427
-0.4388171, 2.89861, 0.2823533, 119.1877, 40.89734
-0.4388171, 3.15361, 0.2823533, 119.1877, 20.87735
-0.6388171, 2.89861, 0.2823533, 103.4857, 40.89734
-0.4388171, 2.89861, 0.2823533, 119.1877, 40.89734
-0.4388171, 2.89861, 0.4176475, 121.2893, 42.53427
-0.6388171, 2.89861, 0.4176475, 105.8605, 42.53427
-0.6388171, 3.15361, 0.2823533, 103.4857, 20.87735
-0.6388171, 2.89861, 0.2823533, 103.4857, 40.89734
-0.6388171, 2.89861, 0.4176475, 105.8605, 42.53427
-0.6388171, 3.15361, 0.4176474, 105.8605, 22.86253
-0.4388171, 3.15361, 0.2823533, 119.1877, 20.87735
-0.4388171, 2.89861, 0.2823533, 119.1877, 40.89734
-0.6388171, 2.89861, 0.2823533, 103.4857, 40.89734
-0.6388171, 3.15361, 0.2823533, 103.4857, 20.87735
box_5_LMRR(Clone) stack 100 Shelf_2 Rack_0_1_1
-0.03543629, 2.531555, 0.2133235, 150.0446, 69.11966
-0.2351622, 2.531555, 0.2028563, 134.0748, 69.02849
-0.2500366, 2.531555, 0.4866772, 136.7688, 71.41473
-0.0503107, 2.531555, 0.4971444, 152.1581, 71.49944
-0.2500366, 2.531555, 0.4866772, 136.7688, 71.41473
-0.2500366, 2.389055, 0.4866772, 136.7688, 82.31107
-0.0503107, 2.389055, 0.4971444, 152.1581, 82.38127
-0.0503107, 2.531555, 0.4971444, 152.1581, 71.49944
-0.0503107, 2.531555, 0.4971444, 152.1581, 71.49944
-0.0503107, 2.389055, 0.4971444, 152.1581, 82.38127
-0.03543629, 2.389055, 0.2133235, 150.0446, 80.4093
-0.03543629, 2.531555, 0.2133235, 150.0446, 69.11966
-0.2351622, 2.389055, 0.2028564, 134.0748, 80.33376
-0.03543629, 2.389055, 0.2133235, 150.0446, 80.4093
-0.0503107, 2.389055, 0.4971444, 152.1581, 82.38127
-0.2500366, 2.389055, 0.4866772, 136.7688, 82.31107
-0.2351622, 2.531555, 0.2028563, 134.0748, 69.02849
-0.2351622, 2.389055, 0.2028564, 134.0748, 80.33376
-0.2500366, 2.389055, 0.4866772, 136.7688, 82.31107
-0.2500366, 2.531555, 0.4866772, 136.7688, 71.41473
-0.03543629, 2.531555, 0.2133235, 150.0446, 69.11966
-0.03543629, 2.389055, 0.2133235, 150.0446, 80.4093
-0.2351622, 2.389055, 0.2028564, 134.0748, 80.33376
-0.2351622, 2.531555, 0.2028563, 134.0748, 69.02849
box_5_LMRR(Clone) stack 100 Shelf_2 Rack_0_1_1
-0.05550224, 2.674055, 0.1997204, 148.2901, 57.69118
-0.2547412, 2.674055, 0.2171515, 132.7243, 57.86902
-0.2299706, 2.674055, 0.5002804, 138.4791, 60.64729
-0.03073168, 2.674055, 0.4828492, 153.4959, 60.48206
-0.2299706, 2.674055, 0.5002804, 138.4791, 60.64729
-0.2299706, 2.531555, 0.5002804, 138.4791, 71.5248
-0.03073168, 2.531555, 0.4828492, 153.4959, 71.38373
-0.03073168, 2.674055, 0.4828492, 153.4959, 60.48206
-0.03073168, 2.674055, 0.4828492, 153.4959, 60.48206
-0.03073168, 2.531555, 0.4828492, 153.4959, 71.38373
-0.05550224, 2.531555, 0.1997204, 148.2901, 69.00113
-0.05550224, 2.674055, 0.1997204, 148.2901, 57.69118
-0.2547412, 2.531555, 0.2171515, 132.7243, 69.15297
-0.05550224, 2.531555, 0.1997204, 148.2901, 69.00113
-0.03073168, 2.531555, 0.4828492, 153.4959, 71.38373
-0.2299706, 2.531555, 0.5002804, 138.4791, 71.5248
-0.2547412, 2.674055, 0.2171515, 132.7243, 57.86902
-0.2547412, 2.531555, 0.2171515, 132.7243, 69.15297
-0.2299706, 2.531555, 0.5002804, 138.4791, 71.5248
-0.2299706, 2.674055, 0.5002804, 138.4791, 60.64729
-0.05550224, 2.674055, 0.1997204, 148.2901, 57.69118
-0.05550224, 2.531555, 0.1997204, 148.2901, 69.00113
-0.2547412, 2.531555, 0.2171515, 132.7243, 69.15297
-0.2547412, 2.674055, 0.2171515, 132.7243, 57.86902
box_6_melody(Clone) stack 101 Shelf_2 Rack_0_1_1
0.3460718, 2.576536, 0.2430817, 180.5035, 65.8278
0.1475626, 2.576536, 0.2187079, 164.5963, 65.60535
0.1183139, 2.576536, 0.456919, 164.6492, 67.72006
0.3168232, 2.576536, 0.4812929, 180.0729, 67.92918
0.1183139, 2.576536, 0.456919, 164.6492, 67.72006
0.1183139, 2.389036, 0.456919, 164.6492, 82.11194
0.3168232, 2.389036, 0.4812929, 180.0729, 82.27632
0.3168232, 2.576536, 0.4812929, 180.0729, 67.92918
0.3168232, 2.576536, 0.4812929, 180.0729, 67.92918
0.3168232, 2.389036, 0.4812929, 180.0729, 82.27632
0.3460718, 2.389036, 0.2430817, 180.5035, 80.62444
0.3460718, 2.576536, 0.2430817, 180.5035, 65.8278
0.1475626, 2.389036, 0.2187079, 164.5963, 80.44957
0.3460718, 2.389036, 0.2430817, 180.5035, 80.62444
0.3168232, 2.389036, 0.4812929, 180.0729, 82.27632
0.1183139, 2.389036, 0.456919, 164.6492, 82.11194
0.1475626, 2.576536, 0.2187079, 164.5963, 65.60535
0.1475626, 2.389036, 0.2187079, 164.5963, 80.44957
0.1183139, 2.389036, 0.456919, 164.6492, 82.11194
0.1183139, 2.576536, 0.456919, 164.6492, 67.72006
0.3460718, 2.576536, 0.2430817, 180.5035, 65.8278
0.3460718, 2.389036, 0.2430817, 180.5035, 80.62444
0.1475626, 2.389036, 0.2187079, 164.5963, 80.44957
0.1475626, 2.576536, 0.2187079, 164.5963, 65.60535
box_6_melody(Clone) stack 101 Shelf_2 Rack_0_1_1
0.3403201, 2.764036, 0.2372683, 180.0037, 50.96692
0.1408072, 2.764036, 0.223317, 164.1077, 50.81233
0.1240657, 2.764036, 0.4627324, 165.1463, 53.38889
0.3235785, 2.764036, 0.4766837, 180.5549, 53.53418
0.1240657, 2.764036, 0.4627324, 165.1463, 53.38889
0.1240657, 2.576536, 0.4627325, 165.1463, 67.77005
0.3235785, 2.576536, 0.4766838, 180.5549, 67.88974
0.3235785, 2.764036, 0.4766837, 180.5549, 53.53418
0.3235785, 2.764036, 0.4766837, 180.5549, 53.53418
0.3235785, 2.576536, 0.4766838, 180.5549, 67.88974
0.3403201, 2.576536, 0.2372683, 180.0037, 65.77487
0.3403201, 2.764036, 0.2372683, 180.0037, 50.96692
0.1408072, 2.576536, 0.223317, 164.1077, 65.64752
0.3403201, 2.576536, 0.2372683, 180.0037, 65.77487
0.3235785, 2.576536, 0.4766838, 180.5549, 67.88974
0.1240657, 2.576536, 0.4627325, 165.1463, 67.77005
0.1408072, 2.764036, 0.223317, 164.1077, 50.81233
0.1408072, 2.576536, 0.223317, 164.1077, 65.64752
0.1240657, 2.576536, 0.4627325, 165.1463, 67.77005
0.1240657, 2.764036, 0.4627324, 165.1463, 53.38889
0.3403201, 2.764036, 0.2372683, 180.0037, 50.96692
0.3403201, 2.576536, 0.2372683, 180.0037, 65.77487
0.1408072, 2.576536, 0.223317, 164.1077, 65.64752
0.1408072, 2.764036, 0.223317, 164.1077, 50.81233
box_6_melody(Clone) stack 101 Shelf_2 Rack_0_1_1
0.3403201, 2.951536, 0.2372683, 180.0037, 36.15898
0.1408072, 2.951536, 0.223317, 164.1077, 35.97714
0.1240657, 2.951536, 0.4627324, 165.1463, 39.00774
0.3235785, 2.951536, 0.4766837, 180.5549, 39.17863
0.1240657, 2.951536, 0.4627324, 165.1463, 39.00774
0.1240657, 2.764036, 0.4627325, 165.1463, 53.38889
0.3235785, 2.764036, 0.4766838, 180.5549, 53.53418
0.3235785, 2.951536, 0.4766837, 180.5549, 39.17863
0.3235785, 2.951536, 0.4766837, 180.5549, 39.17863
0.3235785, 2.764036, 0.4766838, 180.5549, 53.53418
0.3403201, 2.764036, 0.2372683, 180.0037, 50.96692
0.3403201, 2.951536, 0.2372683, 180.0037, 36.15898
0.1408072, 2.764036, 0.223317, 164.1077, 50.81233
0.3403201, 2.764036, 0.2372683, 180.0037, 50.96692
0.3235785, 2.764036, 0.4766838, 180.5549, 53.53418
0.1240657, 2.764036, 0.4627325, 165.1463, 53.38889
0.1408072, 2.951536, 0.223317, 164.1077, 35.97714
0.1408072, 2.764036, 0.223317, 164.1077, 50.81233
0.1240657, 2.764036, 0.4627325, 165.1463, 53.38889
0.1240657, 2.951536, 0.4627324, 165.1463, 39.00774
0.3403201, 2.951536, 0.2372683, 180.0037, 36.15898
0.3403201, 2.764036, 0.2372683, 180.0037, 50.96692
0.1408072, 2.764036, 0.223317, 164.1077, 50.81233
0.1408072, 2.951536, 0.223317, 164.1077, 35.97714
box_6_melody(Clone) stack 101 Shelf_2 Rack_0_1_1
0.3321929, 3.139036, 0.2300003, 179.3038, 21.24219
0.1321929, 3.139036, 0.2300003, 163.4935, 21.24219
0.1321929, 3.139036, 0.4700004, 165.8385, 24.729
0.3321929, 3.139036, 0.4700004, 181.1642, 24.729
0.1321929, 3.139036, 0.4700004, 165.8385, 24.729
0.1321929, 2.951536, 0.4700004, 165.8385, 39.09683
0.3321929, 2.951536, 0.4700004, 181.1642, 39.09683
0.3321929, 3.139036, 0.4700004, 181.1642, 24.729
0.3321929, 3.139036, 0.4700004, 181.1642, 24.729
0.3321929, 2.951536, 0.4700004, 181.1642, 39.09683
0.3321929, 2.951536, 0.2300003, 179.3038, 36.06433
0.3321929, 3.139036, 0.2300003, 179.3038, 21.24219
0.1321929, 2.951536, 0.2300003, 163.4935, 36.06433
0.3321929, 2.951536, 0.2300003, 179.3038, 36.06433
0.3321929, 2.951536, 0.4700004, 181.1642, 39.09683
0.1321929, 2.951536, 0.4700004, 165.8385, 39.09683
0.1321929, 3.139036, 0.2300003, 163.4935, 21.24219
0.1321929, 2.951536, 0.2300003, 163.4935, 36.06433
0.1321929, 2.951536, 0.4700004, 165.8385, 39.09683
0.1321929, 3.139036, 0.4700004, 165.8385, 24.729
0.3321929, 3.139036, 0.2300003, 179.3038, 21.24219
0.3321929, 2.951536, 0.2300003, 179.3038, 36.06433
0.1321929, 2.951536, 0.2300003, 163.4935, 36.06433
0.1321929, 3.139036, 0.2300003, 163.4935, 21.24219
box4_Fairever(Clone) stack 102 Shelf_0 Rack_0_1_2
-1.482923, 0.1847178, 0.2372142, 36.01028, 254.6714
-1.682649, 0.1847178, 0.226747, 19.93349, 254.8365
-1.695019, 0.1847178, 0.4627866, 25.62482, 251.2207
-1.495293, 0.1847178, 0.4732538, 41.20957, 251.0654
-1.695019, 0.1847178, 0.4627866, 25.62482, 251.2207
-1.695019, 0.01971789, 0.4627866, 25.62482, 263.876
-1.495293, 0.01971789, 0.4732538, 41.20957, 263.7038
-1.495293, 0.1847178, 0.4732538, 41.20957, 251.0654
-1.495293, 0.1847178, 0.4732538, 41.20957, 251.0654
-1.495293, 0.01971789, 0.4732538, 41.20957, 263.7038
-1.482923, 0.01971789, 0.2372142, 36.01028, 267.7025
-1.482923, 0.1847178, 0.2372142, 36.01028, 254.6714
-1.682649, 0.01971789, 0.226747, 19.93349, 267.8856
-1.482923, 0.01971789, 0.2372142, 36.01028, 267.7025
-1.495293, 0.01971789, 0.4732538, 41.20957, 263.7038
-1.695019, 0.01971789, 0.4627866, 25.62482, 263.876
-1.682649, 0.1847178, 0.226747, 19.93349, 254.8365
-1.682649, 0.01971789, 0.226747, 19.93349, 267.8856
-1.695019, 0.01971789, 0.4627866, 25.62482, 263.876
-1.695019, 0.1847178, 0.4627866, 25.62482, 251.2207
-1.482923, 0.1847178, 0.2372142, 36.01028, 254.6714
-1.482923, 0.01971789, 0.2372142, 36.01028, 267.7025
-1.682649, 0.01971789, 0.226747, 19.93349, 267.8856
-1.682649, 0.1847178, 0.226747, 19.93349, 254.8365
box4_Fairever(Clone) stack 102 Shelf_0 Rack_0_1_2
-1.495293, 0.3497178, 0.226747, 34.75054, 241.7874
-1.695019, 0.3497178, 0.2372142, 19.2597, 241.6403
-1.682649, 0.3497178, 0.4732538, 26.85881, 238.4269
-1.482923, 0.3497178, 0.4627866, 41.8924, 238.5653
-1.682649, 0.3497178, 0.4732538, 26.85881, 238.4269
-1.682649, 0.1847179, 0.4732538, 26.85881, 251.0654
-1.482923, 0.1847179, 0.4627866, 41.8924, 251.2207
-1.482923, 0.3497178, 0.4627866, 41.8924, 238.5653
-1.482923, 0.3497178, 0.4627866, 41.8924, 238.5653
-1.482923, 0.1847179, 0.4627866, 41.8924, 251.2207
-1.495293, 0.1847179, 0.226747, 34.75054, 254.8365
-1.495293, 0.3497178, 0.226747, 34.75054, 241.7874
-1.695019, 0.1847179, 0.2372142, 19.2597, 254.6714
-1.495293, 0.1847179, 0.226747, 34.75054, 254.8365
-1.482923, 0.1847179, 0.4627866, 41.8924, 251.2207
-1.682649, 0.1847179, 0.4732538, 26.85881, 251.0654
-1.695019, 0.3497178, 0.2372142, 19.2597, 241.6403
-1.695019, 0.1847179, 0.2372142, 19.2597, 254.6714
-1.682649, 0.1847179, 0.4732538, 26.85881, 251.0654
-1.682649, 0.3497178, 0.4732538, 26.85881, 238.4269
-1.495293, 0.3497178, 0.226747, 34.75054, 241.7874
-1.495293, 0.1847179, 0.226747, 34.75054, 254.8365
-1.695019, 0.1847179, 0.2372142, 19.2597, 254.6714
-1.695019, 0.3497178, 0.2372142, 19.2597, 241.6403
box_3_Hareli(Clone) stack 103 Shelf_0 Rack_0_1_2
-1.869127, 0.1692639, 0.2510558, 5.935764, 255.6721
-1.892123, 0.1692639, 0.4698507, 10.71416, 252.3
-1.892123, 0.01926387, 0.4698507, 10.71416, 263.7945
-1.892123, 0.1692639, 0.4698507, 10.71416, 252.3
-1.892123, 0.1692639, 0.4698507, 10.71416, 252.3
-1.892123, 0.01926387, 0.4698507, 10.71416, 263.7945
-1.869127, 0.01926387, 0.2510558, 5.935764, 267.497
-1.869127, 0.1692639, 0.2510558, 5.935764, 255.6721
-1.869127, 0.01926387, 0.2510558, 5.935764, 267.497
-1.892123, 0.01926387, 0.4698507, 10.71416, 263.7945
-1.869127, 0.1692639, 0.2510558, 5.935764, 255.6721
-1.869127, 0.01926387, 0.2510558, 5.935764, 267.497
box_3_Hareli(Clone) stack 103 Shelf_0 Rack_0_1_2
-1.883977, 0.3192639, 0.2365774, 4.31674, 244.0546
-1.876299, 0.3192639, 0.4564434, 11.53554, 240.987
-1.876299, 0.1692639, 0.4564435, 11.53554, 252.5012
-1.876299, 0.3192639, 0.4564434, 11.53554, 240.987
-1.876299, 0.3192639, 0.4564434, 11.53554, 240.987
-1.876299, 0.1692639, 0.4564435, 11.53554, 252.5012
-1.883977, 0.1692638, 0.2365774, 4.31674, 255.9021
-1.883977, 0.3192639, 0.2365774, 4.31674, 244.0546
-1.883977, 0.1692638, 0.2365774, 4.31674, 255.9021
-1.876299, 0.1692639, 0.4564435, 11.53554, 252.5012
-1.883977, 0.3192639, 0.2365774, 4.31674, 244.0546
-1.883977, 0.1692638, 0.2365774, 4.31674, 255.9021
box_3_Hareli(Clone) stack 103 Shelf_0 Rack_0_1_2
-1.882012, 0.4692639, 0.2382718, 4.52445, 232.1855
-1.878173, 0.4692639, 0.4582384, 11.44425, 229.4512
-1.878173, 0.3192639, 0.4582384, 11.44425, 240.9627
-1.878173, 0.4692639, 0.4582384, 11.44425, 229.4512
-1.878173, 0.4692639, 0.4582384, 11.44425, 229.4512
-1.878173, 0.3192639, 0.4582384, 11.44425, 240.9627
-1.882012, 0.3192638, 0.2382719, 4.52445, 244.0303
-1.882012, 0.4692639, 0.2382718, 4.52445, 232.1855
-1.882012, 0.3192638, 0.2382719, 4.52445, 244.0303
-1.878173, 0.3192639, 0.4582384, 11.44425, 240.9627
-1.882012, 0.4692639, 0.2382718, 4.52445, 232.1855
-1.882012, 0.3192638, 0.2382719, 4.52445, 244.0303
box_3_Hareli(Clone) stack 103 Shelf_0 Rack_0_1_2
-1.880077, 0.6192639, 0.2400003, 4.730787, 220.3213
-1.880077, 0.6192639, 0.4600004, 11.34962, 217.9209
-1.880077, 0.4692639, 0.4600004, 11.34962, 229.4299
-1.880077, 0.6192639, 0.4600004, 11.34962, 217.9209
-1.880077, 0.6192639, 0.4600004, 11.34962, 217.9209
-1.880077, 0.4692639, 0.4600004, 11.34962, 229.4299
-1.880077, 0.4692638, 0.2400004, 4.730787, 232.1634
-1.880077, 0.6192639, 0.2400003, 4.730787, 220.3213
-1.880077, 0.4692638, 0.2400004, 4.730787, 232.1634
-1.880077, 0.4692639, 0.4600004, 11.34962, 229.4299
-1.880077, 0.6192639, 0.2400003, 4.730787, 220.3213
-1.880077, 0.4692638, 0.2400004, 4.730787, 232.1634
box_3_Hareli(Clone) stack 103 Shelf_0 Rack_0_1_2
-1.880077, 0.7692639, 0.2400003, 4.730787, 208.4792
-1.880077, 0.7692639, 0.4600004, 11.34962, 206.412
-1.880077, 0.6192638, 0.4600004, 11.34962, 217.9209
-1.880077, 0.7692639, 0.4600004, 11.34962, 206.412
-1.880077, 0.7692639, 0.4600004, 11.34962, 206.412
-1.880077, 0.6192638, 0.4600004, 11.34962, 217.9209
-1.880077, 0.6192638, 0.2400004, 4.730787, 220.3213
-1.880077, 0.7692639, 0.2400003, 4.730787, 208.4792
-1.880077, 0.6192638, 0.2400004, 4.730787, 220.3213
-1.880077, 0.6192638, 0.4600004, 11.34962, 217.9209
-1.880077, 0.7692639, 0.2400003, 4.730787, 208.4792
-1.880077, 0.6192638, 0.2400004, 4.730787, 220.3213
box_7_litchi(Clone) stack 106 Shelf_1 Rack_0_1_2
-1.408676, 1.414419, 0.2535512, 42.29914, 157.5057
-1.608555, 1.414419, 0.2465713, 26.35149, 157.5264
-1.615535, 1.414419, 0.4464495, 31.28533, 156.9496
-1.415656, 1.414419, 0.4534294, 46.82058, 156.93
-1.615535, 1.414419, 0.4464495, 31.28533, 156.9496
-1.615535, 1.204419, 0.4464495, 31.28533, 173.0901
-1.415656, 1.204419, 0.4534294, 46.82058, 173.0561
-1.415656, 1.414419, 0.4534294, 46.82058, 156.93
-1.415656, 1.414419, 0.4534294, 46.82058, 156.93
-1.415656, 1.204419, 0.4534294, 46.82058, 173.0561
-1.408676, 1.204419, 0.2535512, 42.29914, 174.0552
-1.408676, 1.414419, 0.2535512, 42.29914, 157.5057
-1.608555, 1.204419, 0.2465713, 26.35149, 174.091
-1.408676, 1.204419, 0.2535512, 42.29914, 174.0552
-1.415656, 1.204419, 0.4534294, 46.82058, 173.0561
-1.615535, 1.204419, 0.4464495, 31.28533, 173.0901
-1.608555, 1.414419, 0.2465713, 26.35149, 157.5264
-1.608555, 1.204419, 0.2465713, 26.35149, 174.091
-1.615535, 1.204419, 0.4464495, 31.28533, 173.0901
-1.615535, 1.414419, 0.4464495, 31.28533, 156.9496
-1.408676, 1.414419, 0.2535512, 42.29914, 157.5057
-1.408676, 1.204419, 0.2535512, 42.29914, 174.0552
-1.608555, 1.204419, 0.2465713, 26.35149, 174.091
-1.608555, 1.414419, 0.2465713, 26.35149, 157.5264
box_7_litchi(Clone) stack 106 Shelf_1 Rack_0_1_2
-1.419325, 1.624419, 0.2432683, 41.19146, 140.9644
-1.618837, 1.624419, 0.2572196, 25.84019, 140.9534
-1.604886, 1.624419, 0.4567324, 32.37722, 140.8015
-1.405373, 1.624419, 0.4427811, 47.34766, 140.8119
-1.604886, 1.624419, 0.4567324, 32.37722, 140.8015
-1.604886, 1.414419, 0.4567324, 32.37722, 156.9208
-1.405373, 1.414419, 0.4427811, 47.34766, 156.96
-1.405373, 1.624419, 0.4427811, 47.34766, 140.8119
-1.405373, 1.624419, 0.4427811, 47.34766, 140.8119
-1.405373, 1.414419, 0.4427811, 47.34766, 156.96
-1.419325, 1.414419, 0.2432683, 41.19146, 157.5362
-1.419325, 1.624419, 0.2432683, 41.19146, 140.9644
-1.618837, 1.414419, 0.2572196, 25.84019, 157.4949
-1.419325, 1.414419, 0.2432683, 41.19146, 157.5362
-1.405373, 1.414419, 0.4427811, 47.34766, 156.96
-1.604886, 1.414419, 0.4567324, 32.37722, 156.9208
-1.618837, 1.624419, 0.2572196, 25.84019, 140.9534
-1.618837, 1.414419, 0.2572196, 25.84019, 157.4949
-1.604886, 1.414419, 0.4567324, 32.37722, 156.9208
-1.604886, 1.624419, 0.4567324, 32.37722, 140.8015
-1.419325, 1.624419, 0.2432683, 41.19146, 140.9644
-1.419325, 1.414419, 0.2432683, 41.19146, 157.5362
-1.618837, 1.414419, 0.2572196, 25.84019, 157.4949
-1.618837, 1.624419, 0.2572196, 25.84019, 140.9534
box_7_litchi(Clone) stack 106 Shelf_1 Rack_0_1_2
-1.410375, 1.834419, 0.2517608, 42.11871, 124.4044
-1.610345, 1.834419, 0.2482703, 26.258, 124.3995
-1.613835, 1.834419, 0.4482399, 31.46374, 124.671
-1.413866, 1.834419, 0.4517304, 46.9161, 124.6756
-1.613835, 1.834419, 0.4482399, 31.46374, 124.671
-1.613835, 1.624419, 0.4482399, 31.46374, 140.8078
-1.413866, 1.624419, 0.4517304, 46.9161, 140.8052
-1.413866, 1.834419, 0.4517304, 46.9161, 124.6756
-1.413866, 1.834419, 0.4517304, 46.9161, 124.6756
-1.413866, 1.624419, 0.4517304, 46.9161, 140.8052
-1.410375, 1.624419, 0.2517608, 42.11871, 140.9577
-1.410375, 1.834419, 0.2517608, 42.11871, 124.4044
-1.610345, 1.624419, 0.2482704, 26.258, 140.9604
-1.410375, 1.624419, 0.2517608, 42.11871, 140.9577
-1.413866, 1.624419, 0.4517304, 46.9161, 140.8052
-1.613835, 1.624419, 0.4482399, 31.46374, 140.8078
-1.610345, 1.834419, 0.2482703, 26.258, 124.3995
-1.610345, 1.624419, 0.2482704, 26.258, 140.9604
-1.613835, 1.624419, 0.4482399, 31.46374, 140.8078
-1.613835, 1.834419, 0.4482399, 31.46374, 124.671
-1.410375, 1.834419, 0.2517608, 42.11871, 124.4044
-1.410375, 1.624419, 0.2517608, 42.11871, 140.9577
-1.610345, 1.624419, 0.2482704, 26.258, 140.9604
-1.610345, 1.834419, 0.2482703, 26.258, 124.3995
box_7_litchi(Clone) stack 106 Shelf_1 Rack_0_1_2
-1.400664, 2.044419, 0.2629327, 43.17311, 107.8908
-1.599173, 2.044419, 0.2385588, 26.86699, 107.8039
-1.623547, 2.044419, 0.4370681, 30.41761, 108.4963
-1.425038, 2.044419, 0.4614419, 46.29882, 108.5789
-1.623547, 2.044419, 0.4370681, 30.41761, 108.4963
-1.623547, 1.834419, 0.4370681, 30.41761, 124.6562
-1.425038, 1.834419, 0.4614419, 46.29882, 124.6884
-1.425038, 2.044419, 0.4614419, 46.29882, 108.5789
-1.425038, 2.044419, 0.4614419, 46.29882, 108.5789
-1.425038, 1.834419, 0.4614419, 46.29882, 124.6884
-1.400664, 1.834419, 0.2629327, 43.17311, 124.4199
-1.400664, 2.044419, 0.2629327, 43.17311, 107.8908
-1.599173, 1.834419, 0.2385588, 26.86699, 124.386
-1.400664, 1.834419, 0.2629327, 43.17311, 124.4199
-1.425038, 1.834419, 0.4614419, 46.29882, 124.6884
-1.623547, 1.834419, 0.4370681, 30.41761, 124.6562
-1.599173, 2.044419, 0.2385588, 26.86699, 107.8039
-1.599173, 1.834419, 0.2385588, 26.86699, 124.386
-1.623547, 1.834419, 0.4370681, 30.41761, 124.6562
-1.623547, 2.044419, 0.4370681, 30.41761, 108.4963
-1.400664, 2.044419, 0.2629327, 43.17311, 107.8908
-1.400664, 1.834419, 0.2629327, 43.17311, 124.4199
-1.599173, 1.834419, 0.2385588, 26.86699, 124.386
-1.599173, 2.044419, 0.2385588, 26.86699, 107.8039
box_8_lizol(Clone) stack 107 Shelf_1 Rack_0_1_2
-1.784988, 1.380775, 0.2397029, 12.2289, 160.203
-2.013576, 1.380775, 0.4602979, 1.115856, 159.4921
-1.815066, 1.380775, 0.4846717, 17.04105, 159.416
-2.013576, 1.380775, 0.4602979, 1.115856, 159.4921
-2.013576, 1.204525, 0.4602979, 1.115856, 173.0146
-1.815066, 1.204525, 0.4846717, 17.04105, 172.8965
-1.815066, 1.380775, 0.4846717, 17.04105, 159.416
-1.815066, 1.380775, 0.4846717, 17.04105, 159.416
-1.815066, 1.204525, 0.4846717, 17.04105, 172.8965
-1.784988, 1.204525, 0.2397029, 12.2289, 174.118
-1.784988, 1.380775, 0.2397029, 12.2289, 160.203
-1.784988, 1.204525, 0.2397029, 12.2289, 174.118
-1.815066, 1.204525, 0.4846717, 17.04105, 172.8965
-2.013576, 1.204525, 0.4602979, 1.115856, 173.0146
-2.013576, 1.204525, 0.4602979, 1.115856, 173.0146
-2.013576, 1.380775, 0.4602979, 1.115856, 159.4921
-1.784988, 1.380775, 0.2397029, 12.2289, 160.203
-1.784988, 1.204525, 0.2397029, 12.2289, 174.118
box_8_lizol(Clone) stack 107 Shelf_1 Rack_0_1_2
-1.80365, 1.557025, 0.2231813, 10.25611, 146.3126
-1.994914, 1.557025, 0.4768194, 3.048205, 145.9464
-1.795036, 1.557025, 0.4698395, 18.15362, 145.9562
-1.994914, 1.557025, 0.4768194, 3.048205, 145.9464
-1.994914, 1.380775, 0.4768195, 3.048205, 159.4404
-1.795036, 1.380775, 0.4698395, 18.15362, 159.4622
-1.795036, 1.557025, 0.4698395, 18.15362, 145.9562
-1.795036, 1.557025, 0.4698395, 18.15362, 145.9562
-1.795036, 1.380775, 0.4698395, 18.15362, 159.4622
-1.80365, 1.380775, 0.2231813, 10.25611, 160.2579
-1.80365, 1.557025, 0.2231813, 10.25611, 146.3126
-1.80365, 1.380775, 0.2231813, 10.25611, 160.2579
-1.795036, 1.380775, 0.4698395, 18.15362, 159.4622
-1.994914, 1.380775, 0.4768195, 3.048205, 159.4404
-1.994914, 1.380775, 0.4768195, 3.048205, 159.4404
-1.994914, 1.557025, 0.4768194, 3.048205, 145.9464
-1.80365, 1.557025, 0.2231813, 10.25611, 146.3126
-1.80365, 1.380775, 0.2231813, 10.25611, 160.2579
box_8_lizol(Clone) stack 107 Shelf_1 Rack_0_1_2
-1.784988, 1.733275, 0.2397029, 12.2289, 132.3729
-2.013576, 1.733275, 0.4602979, 1.115856, 132.4471
-1.815066, 1.733275, 0.4846717, 17.04105, 132.455
-2.013576, 1.733275, 0.4602979, 1.115856, 132.4471
-2.013576, 1.557025, 0.4602979, 1.115856, 145.9695
-1.815066, 1.557025, 0.4846717, 17.04105, 145.9355
-1.815066, 1.733275, 0.4846717, 17.04105, 132.455
-1.815066, 1.733275, 0.4846717, 17.04105, 132.455
-1.815066, 1.557025, 0.4846717, 17.04105, 145.9355
-1.784988, 1.557025, 0.2397029, 12.2289, 146.288
-1.784988, 1.733275, 0.2397029, 12.2289, 132.3729
-1.784988, 1.557025, 0.2397029, 12.2289, 146.288
-1.815066, 1.557025, 0.4846717, 17.04105, 145.9355
-2.013576, 1.557025, 0.4602979, 1.115856, 145.9695
-2.013576, 1.557025, 0.4602979, 1.115856, 145.9695
-2.013576, 1.733275, 0.4602979, 1.115856, 132.4471
-1.784988, 1.733275, 0.2397029, 12.2289, 132.3729
-1.784988, 1.557025, 0.2397029, 12.2289, 146.288
box_8_lizol(Clone) stack 107 Shelf_1 Rack_0_1_2
-1.812729, 1.909525, 0.2168193, 9.344201, 118.408
-1.985835, 1.909525, 0.4831815, 3.934979, 118.9714
-1.78693, 1.909525, 0.4622758, 18.56086, 118.9286
-1.985835, 1.909525, 0.4831815, 3.934979, 118.9714
-1.985835, 1.733275, 0.4831815, 3.934979, 132.4545
-1.78693, 1.733275, 0.4622758, 18.56086, 132.4477
-1.78693, 1.909525, 0.4622758, 18.56086, 118.9286
-1.78693, 1.909525, 0.4622758, 18.56086, 118.9286
-1.78693, 1.733275, 0.4622758, 18.56086, 132.4477
-1.812729, 1.733275, 0.2168193, 9.344201, 132.365
-1.812729, 1.909525, 0.2168193, 9.344201, 118.408
-1.812729, 1.733275, 0.2168193, 9.344201, 132.365
-1.78693, 1.733275, 0.4622758, 18.56086, 132.4477
-1.985835, 1.733275, 0.4831815, 3.934979, 132.4545
-1.985835, 1.733275, 0.4831815, 3.934979, 132.4545
-1.985835, 1.909525, 0.4831815, 3.934979, 118.9714
-1.812729, 1.909525, 0.2168193, 9.344201, 118.408
-1.812729, 1.733275, 0.2168193, 9.344201, 132.365
box_6_melody(Clone) stack 111 Shelf_2 Rack_0_1_2
-1.829276, 2.576536, 0.2217414, 8.184428, 65.6331
-2.007598, 2.576536, 0.4782594, 2.120848, 67.90323
-1.808359, 2.576536, 0.4608282, 16.87593, 67.75369
-2.007598, 2.576536, 0.4782594, 2.120848, 67.90323
-2.007598, 2.389036, 0.4782594, 2.120848, 82.25592
-1.808359, 2.389036, 0.4608282, 16.87593, 82.13837
-1.808359, 2.576536, 0.4608282, 16.87593, 67.75369
-1.808359, 2.576536, 0.4608282, 16.87593, 67.75369
-1.808359, 2.389036, 0.4608282, 16.87593, 82.13837
-1.829276, 2.389036, 0.2217414, 8.184428, 80.47139
-1.829276, 2.576536, 0.2217414, 8.184428, 65.6331
-1.829276, 2.389036, 0.2217414, 8.184428, 80.47139
-1.808359, 2.389036, 0.4608282, 16.87593, 82.13837
-2.007598, 2.389036, 0.4782594, 2.120848, 82.25592
-2.007598, 2.389036, 0.4782594, 2.120848, 82.25592
-2.007598, 2.576536, 0.4782594, 2.120848, 67.90323
-1.829276, 2.576536, 0.2217414, 8.184428, 65.6331
-1.829276, 2.389036, 0.2217414, 8.184428, 80.47139
box_6_melody(Clone) stack 111 Shelf_2 Rack_0_1_2
-1.808359, 2.764036, 0.2391725, 10.36775, 50.98798
-1.829276, 2.764036, 0.4782594, 15.77092, 53.55057
-1.829276, 2.576536, 0.4782594, 15.77092, 67.90323
-1.829276, 2.764036, 0.4782594, 15.77092, 53.55057
-1.829276, 2.764036, 0.4782594, 15.77092, 53.55057
-1.829276, 2.576536, 0.4782594, 15.77092, 67.90323
-1.808359, 2.576536, 0.2391725, 10.36775, 65.79222
-1.808359, 2.764036, 0.2391725, 10.36775, 50.98798
-1.808359, 2.576536, 0.2391725, 10.36775, 65.79222
-1.829276, 2.576536, 0.4782594, 15.77092, 67.90323
-1.808359, 2.764036, 0.2391725, 10.36775, 50.98798
-1.808359, 2.576536, 0.2391725, 10.36775, 65.79222
box_6_melody(Clone) stack 111 Shelf_2 Rack_0_1_2
-1.822686, 2.951536, 0.2265834, 8.853621, 36.01976
-2.014188, 2.951536, 0.4734173, 1.469021, 39.13867
-1.81431, 2.951536, 0.4664374, 16.57961, 39.05318
-2.014188, 2.951536, 0.4734173, 1.469021, 39.13867
-2.014188, 2.764036, 0.4734173, 1.469021, 53.50021
-1.81431, 2.764036, 0.4664374, 16.57961, 53.42755
-1.81431, 2.951536, 0.4664374, 16.57961, 39.05318
-1.81431, 2.951536, 0.4664374, 16.57961, 39.05318
-1.81431, 2.764036, 0.4664374, 16.57961, 53.42755
-1.822686, 2.764036, 0.2265835, 8.853621, 50.84857
-1.822686, 2.951536, 0.2265834, 8.853621, 36.01976
-1.822686, 2.764036, 0.2265835, 8.853621, 50.84857
-1.81431, 2.764036, 0.4664374, 16.57961, 53.42755
-2.014188, 2.764036, 0.4734173, 1.469021, 53.50021
-2.014188, 2.764036, 0.4734173, 1.469021, 53.50021
-2.014188, 2.951536, 0.4734173, 1.469021, 39.13867
-1.822686, 2.951536, 0.2265834, 8.853621, 36.01976
-1.822686, 2.764036, 0.2265835, 8.853621, 50.84857
