box_5_LMRR(Clone) stack 78 Shelf_0 Rack_0_1_0
2.472138, 0.162368, 0.2078952, 340.858, 256.907
2.272138, 0.162368, 0.2078952, 325.0016, 256.907
2.272138, 0.1623681, 0.4921055, 321.9249, 252.4945
2.472138, 0.1623681, 0.4921055, 337.2074, 252.4945
2.272138, 0.1623681, 0.4921055, 321.9249, 252.4945
2.272138, 0.01986802, 0.4921056, 321.9249, 263.3833
2.472138, 0.01986802, 0.4921056, 337.2074, 263.3833
2.472138, 0.1623681, 0.4921055, 337.2074, 252.4945
2.472138, 0.1623681, 0.4921055, 337.2074, 252.4945
2.472138, 0.01986802, 0.4921056, 337.2074, 263.3833
2.472138, 0.01986799, 0.2078952, 340.858, 268.2047
2.472138, 0.162368, 0.2078952, 340.858, 256.907
2.272138, 0.01986799, 0.2078952, 325.0016, 268.2047
2.472138, 0.01986799, 0.2078952, 340.858, 268.2047
2.472138, 0.01986802, 0.4921056, 337.2074, 263.3833
2.272138, 0.01986802, 0.4921056, 321.9249, 263.3833
2.272138, 0.162368, 0.2078952, 325.0016, 256.907
2.272138, 0.01986799, 0.2078952, 325.0016, 268.2047
2.272138, 0.01986802, 0.4921056, 321.9249, 263.3833
2.272138, 0.1623681, 0.4921055, 321.9249, 252.4945
2.472138, 0.162368, 0.2078952, 340.858, 256.907
2.472138, 0.01986799, 0.2078952, 340.858, 268.2047
2.272138, 0.01986799, 0.2078952, 325.0016, 268.2047
2.272138, 0.162368, 0.2078952, 325.0016, 256.907
box_5_LMRR(Clone) stack 78 Shelf_0 Rack_0_1_0
2.461982, 0.304868, 0.2012657, 340.1405, 245.7062
2.262469, 0.304868, 0.215217, 324.1535, 245.5023
2.282294, 0.304868, 0.498735, 322.6312, 241.5158
2.481807, 0.304868, 0.4847837, 338.0377, 241.7052
2.282294, 0.304868, 0.498735, 322.6312, 241.5158
2.282294, 0.162368, 0.498735, 322.6312, 252.3954
2.481807, 0.162368, 0.4847838, 338.0377, 252.6042
2.481807, 0.304868, 0.4847837, 338.0377, 241.7052
2.481807, 0.304868, 0.4847837, 338.0377, 241.7052
2.481807, 0.162368, 0.4847838, 338.0377, 252.6042
2.461982, 0.162368, 0.2012657, 340.1405, 257.0139
2.461982, 0.304868, 0.2012657, 340.1405, 245.7062
2.262469, 0.162368, 0.215217, 324.1535, 256.7892
2.461982, 0.162368, 0.2012657, 340.1405, 257.0139
2.481807, 0.162368, 0.4847838, 338.0377, 252.6042
2.282294, 0.162368, 0.498735, 322.6312, 252.3954
2.262469, 0.304868, 0.215217, 324.1535, 245.5023
2.262469, 0.162368, 0.215217, 324.1535, 256.7892
2.282294, 0.162368, 0.498735, 322.6312, 252.3954
2.282294, 0.304868, 0.498735, 322.6312, 241.5158
2.461982, 0.304868, 0.2012657, 340.1405, 245.7062
2.461982, 0.162368, 0.2012657, 340.1405, 257.0139
2.262469, 0.162368, 0.215217, 324.1535, 256.7892
2.262469, 0.304868, 0.215217, 324.1535, 245.5023
box_5_LMRR(Clone) stack 78 Shelf_0 Rack_0_1_0
2.456736, 0.447368, 0.1982208, 339.7644, 234.4386
2.257832, 0.447368, 0.2191265, 323.743, 234.1644
2.28754, 0.447368, 0.5017799, 322.9995, 230.5991
2.486444, 0.447368, 0.4808742, 338.4414, 230.854
2.28754, 0.447368, 0.5017799, 322.9995, 230.5991
2.28754, 0.304868, 0.5017799, 322.9995, 241.4745
2.486444, 0.304868, 0.4808742, 338.4414, 241.7584
2.486444, 0.447368, 0.4808742, 338.4414, 230.854
2.486444, 0.447368, 0.4808742, 338.4414, 230.854
2.486444, 0.304868, 0.4808742, 338.4414, 241.7584
2.456736, 0.304868, 0.1982208, 339.7644, 245.7508
2.456736, 0.447368, 0.1982208, 339.7644, 234.4386
2.257832, 0.304868, 0.2191265, 323.743, 245.4453
2.456736, 0.304868, 0.1982208, 339.7644, 245.7508
2.486444, 0.304868, 0.4808742, 338.4414, 241.7584
2.28754, 0.304868, 0.5017799, 322.9995, 241.4745
2.257832, 0.447368, 0.2191265, 323.743, 234.1644
2.257832, 0.304868, 0.2191265, 323.743, 245.4453
2.28754, 0.304868, 0.5017799, 322.9995, 241.4745
2.28754, 0.447368, 0.5017799, 322.9995, 230.5991
2.456736, 0.447368, 0.1982208, 339.7644, 234.4386
2.456736, 0.304868, 0.1982208, 339.7644, 245.7508
2.257832, 0.304868, 0.2191265, 323.743, 245.4453
2.257832, 0.447368, 0.2191265, 323.743, 234.1644
box_5_LMRR(Clone) stack 78 Shelf_0 Rack_0_1_0
2.461982, 0.5898679, 0.2012657, 340.1405, 223.091
2.262469, 0.5898679, 0.215217, 324.1535, 222.9287
2.282294, 0.5898679, 0.498735, 322.6312, 219.7566
2.481807, 0.5898679, 0.4847837, 338.0377, 219.9073
2.282294, 0.5898679, 0.498735, 322.6312, 219.7566
2.282294, 0.447368, 0.498735, 322.6312, 230.6362
2.481807, 0.447368, 0.4847838, 338.0377, 230.8062
2.481807, 0.5898679, 0.4847837, 338.0377, 219.9073
2.481807, 0.5898679, 0.4847837, 338.0377, 219.9073
2.481807, 0.447368, 0.4847838, 338.0377, 230.8062
2.461982, 0.4473679, 0.2012657, 340.1405, 234.3986
2.461982, 0.5898679, 0.2012657, 340.1405, 223.091
2.262469, 0.4473679, 0.215217, 324.1535, 234.2155
2.461982, 0.4473679, 0.2012657, 340.1405, 234.3986
2.481807, 0.447368, 0.4847838, 338.0377, 230.8062
2.282294, 0.447368, 0.498735, 322.6312, 230.6362
2.262469, 0.5898679, 0.215217, 324.1535, 222.9287
2.262469, 0.4473679, 0.215217, 324.1535, 234.2155
2.282294, 0.447368, 0.498735, 322.6312, 230.6362
2.282294, 0.5898679, 0.498735, 322.6312, 219.7566
2.461982, 0.5898679, 0.2012657, 340.1405, 223.091
2.461982, 0.4473679, 0.2012657, 340.1405, 234.3986
2.262469, 0.4473679, 0.215217, 324.1535, 234.2155
2.262469, 0.5898679, 0.215217, 324.1535, 222.9287
box_5_LMRR(Clone) stack 78 Shelf_0 Rack_0_1_0
2.459372, 0.7323679, 0.1997204, 339.9539, 211.799
2.260133, 0.7323679, 0.2171515, 323.9471, 211.6224
2.284904, 0.7323679, 0.5002804, 322.8141, 208.8624
2.484143, 0.7323679, 0.4828492, 338.2405, 209.0266
2.284904, 0.7323679, 0.5002804, 322.8141, 208.8624
2.284904, 0.5898679, 0.5002804, 322.8141, 219.7399
2.484143, 0.5898679, 0.4828492, 338.2405, 219.9282
2.484143, 0.7323679, 0.4828492, 338.2405, 209.0266
2.484143, 0.7323679, 0.4828492, 338.2405, 209.0266
2.484143, 0.5898679, 0.4828492, 338.2405, 219.9282
2.459372, 0.5898679, 0.1997204, 339.9539, 223.109
2.459372, 0.7323679, 0.1997204, 339.9539, 211.799
2.260133, 0.5898679, 0.2171515, 323.9471, 222.9063
2.459372, 0.5898679, 0.1997204, 339.9539, 223.109
2.484143, 0.5898679, 0.4828492, 338.2405, 219.9282
2.284904, 0.5898679, 0.5002804, 322.8141, 219.7399
2.260133, 0.7323679, 0.2171515, 323.9471, 211.6224
2.260133, 0.5898679, 0.2171515, 323.9471, 222.9063
2.284904, 0.5898679, 0.5002804, 322.8141, 219.7399
2.284904, 0.7323679, 0.5002804, 322.8141, 208.8624
2.459372, 0.7323679, 0.1997204, 339.9539, 211.799
2.459372, 0.5898679, 0.1997204, 339.9539, 223.109
2.260133, 0.5898679, 0.2171515, 323.9471, 222.9063
2.260133, 0.7323679, 0.2171515, 323.9471, 211.6224
box_5_LMRR(Clone) stack 79 Shelf_0 Rack_0_1_0
2.083604, 0.162368, 0.209662, 310.0378, 256.8785
1.883635, 0.162368, 0.2061716, 294.2125, 256.9348
1.878675, 0.162368, 0.4903387, 291.871, 252.521
2.078644, 0.162368, 0.4938292, 307.1248, 252.4687
1.878675, 0.162368, 0.4903387, 291.871, 252.521
1.878675, 0.01986802, 0.4903387, 291.871, 263.4122
2.078644, 0.01986802, 0.4938292, 307.1248, 263.3551
2.078644, 0.162368, 0.4938292, 307.1248, 252.4687
2.078644, 0.162368, 0.4938292, 307.1248, 252.4687
2.078644, 0.01986802, 0.4938292, 307.1248, 263.3551
2.083604, 0.01986799, 0.2096621, 310.0378, 268.1736
2.083604, 0.162368, 0.209662, 310.0378, 256.8785
1.883635, 0.01986799, 0.2061716, 294.2125, 268.235
2.083604, 0.01986799, 0.2096621, 310.0378, 268.1736
2.078644, 0.01986802, 0.4938292, 307.1248, 263.3551
1.878675, 0.01986802, 0.4903387, 291.871, 263.4122
1.883635, 0.162368, 0.2061716, 294.2125, 256.9348
1.883635, 0.01986799, 0.2061716, 294.2125, 268.235
1.878675, 0.01986802, 0.4903387, 291.871, 263.4122
1.878675, 0.162368, 0.4903387, 291.871, 252.521
2.083604, 0.162368, 0.209662, 310.0378, 256.8785
2.083604, 0.01986799, 0.2096621, 310.0378, 268.1736
1.883635, 0.01986799, 0.2061716, 294.2125, 268.235
1.883635, 0.162368, 0.2061716, 294.2125, 256.9348
box_5_LMRR(Clone) stack 79 Shelf_0 Rack_0_1_0
2.095446, 0.304868, 0.2191265, 310.8878, 245.4453
1.896541, 0.304868, 0.1982208, 295.2941, 245.7508
1.866833, 0.304868, 0.4808742, 291.0275, 241.7584
2.065737, 0.304868, 0.5017799, 306.0719, 241.4745
1.866833, 0.304868, 0.4808742, 291.0275, 241.7584
1.866833, 0.162368, 0.4808742, 291.0275, 252.6628
2.065737, 0.162368, 0.5017799, 306.0719, 252.3499
2.065737, 0.304868, 0.5017799, 306.0719, 241.4745
2.065737, 0.304868, 0.5017799, 306.0719, 241.4745
2.065737, 0.162368, 0.5017799, 306.0719, 252.3499
2.095446, 0.162368, 0.2191265, 310.8878, 256.7263
2.095446, 0.304868, 0.2191265, 310.8878, 245.4453
1.896541, 0.162368, 0.1982208, 295.2941, 257.063
2.095446, 0.162368, 0.2191265, 310.8878, 256.7263
2.065737, 0.162368, 0.5017799, 306.0719, 252.3499
1.866833, 0.162368, 0.4808742, 291.0275, 252.6628
1.896541, 0.304868, 0.1982208, 295.2941, 245.7508
1.896541, 0.162368, 0.1982208, 295.2941, 257.063
1.866833, 0.162368, 0.4808742, 291.0275, 252.6628
1.866833, 0.304868, 0.4808742, 291.0275, 241.7584
2.095446, 0.304868, 0.2191265, 310.8878, 245.4453
2.095446, 0.162368, 0.2191265, 310.8878, 256.7263
1.896541, 0.162368, 0.1982208, 295.2941, 257.063
1.896541, 0.304868, 0.1982208, 295.2941, 245.7508
box_3_Hareli(Clone) stack 80 Shelf_0 Rack_0_1_0
1.712119, 0.1692639, 0.2435573, 280.4115, 255.7911
1.512241, 0.1692639, 0.2365774, 264.6617, 255.902
1.504563, 0.1692639, 0.4564434, 263.3786, 252.5012
1.704441, 0.1692639, 0.4634233, 278.687, 252.3964
1.504563, 0.1692639, 0.4564434, 263.3786, 252.5012
1.504563, 0.01926389, 0.4564435, 263.3786, 264.0154
1.704441, 0.01926389, 0.4634234, 278.687, 263.9003
1.704441, 0.1692639, 0.4634233, 278.687, 252.3964
1.704441, 0.1692639, 0.4634233, 278.687, 252.3964
1.704441, 0.01926389, 0.4634234, 278.687, 263.9003
1.712119, 0.01926386, 0.2435573, 280.4115, 267.6276
1.712119, 0.1692639, 0.2435573, 280.4115, 255.7911
1.512241, 0.01926386, 0.2365774, 264.6617, 267.7495
1.712119, 0.01926386, 0.2435573, 280.4115, 267.6276
1.704441, 0.01926389, 0.4634234, 278.687, 263.9003
1.504563, 0.01926389, 0.4564435, 263.3786, 264.0154
1.512241, 0.1692639, 0.2365774, 264.6617, 255.902
1.512241, 0.01926386, 0.2365774, 264.6617, 267.7495
1.504563, 0.01926389, 0.4564435, 263.3786, 264.0154
1.504563, 0.1692639, 0.4564434, 263.3786, 252.5012
1.712119, 0.1692639, 0.2435573, 280.4115, 255.7911
1.712119, 0.01926386, 0.2435573, 280.4115, 267.6276
1.512241, 0.01926386, 0.2365774, 264.6617, 267.7495
1.512241, 0.1692639, 0.2365774, 264.6617, 255.902
box_3_Hareli(Clone) stack 81 Shelf_1 Rack_0_1_0
2.880088, 1.353857, 0.2491345, 372.4793, 162.2943
2.680849, 1.353857, 0.2317034, 357.037, 162.3569
2.661675, 1.353857, 0.4508663, 352.2801, 161.5893
2.860914, 1.353857, 0.4682974, 367.3008, 161.5301
2.661675, 1.353857, 0.4508663, 352.2801, 161.5893
2.661675, 1.203857, 0.4508663, 352.2801, 173.1117
2.860914, 1.203857, 0.4682974, 367.3008, 173.0269
2.860914, 1.353857, 0.4682974, 367.3008, 161.5301
2.860914, 1.353857, 0.4682974, 367.3008, 161.5301
2.860914, 1.203857, 0.4682974, 367.3008, 173.0269
2.880088, 1.203857, 0.2491345, 372.4793, 174.1221
2.880088, 1.353857, 0.2491345, 372.4793, 162.2943
2.680849, 1.203857, 0.2317034, 357.037, 174.212
2.880088, 1.203857, 0.2491345, 372.4793, 174.1221
2.860914, 1.203857, 0.4682974, 367.3008, 173.0269
2.661675, 1.203857, 0.4508663, 352.2801, 173.1117
2.680849, 1.353857, 0.2317034, 357.037, 162.3569
2.680849, 1.203857, 0.2317034, 357.037, 174.212
2.661675, 1.203857, 0.4508663, 352.2801, 173.1117
2.661675, 1.353857, 0.4508663, 352.2801, 161.5893
2.880088, 1.353857, 0.2491345, 372.4793, 162.2943
2.880088, 1.203857, 0.2491345, 372.4793, 174.1221
2.680849, 1.203857, 0.2317034, 357.037, 174.212
2.680849, 1.353857, 0.2317034, 357.037, 162.3569
box_3_Hareli(Clone) stack 81 Shelf_1 Rack_0_1_0
2.881832, 1.503857, 0.2510558, 372.5833, 150.4625
2.682928, 1.503857, 0.2301501, 357.2252, 150.505
2.659931, 1.503857, 0.448945, 352.1738, 150.0706
2.858836, 1.503857, 0.4698507, 367.1163, 150.0304
2.659931, 1.503857, 0.448945, 352.1738, 150.0706
2.659931, 1.353857, 0.448945, 352.1738, 161.5959
2.858836, 1.353857, 0.4698507, 367.1163, 161.5249
2.858836, 1.503857, 0.4698507, 367.1163, 150.0304
2.858836, 1.503857, 0.4698507, 367.1163, 150.0304
2.858836, 1.353857, 0.4698507, 367.1163, 161.5249
2.881832, 1.353857, 0.2510558, 372.5833, 162.2874
2.881832, 1.503857, 0.2510558, 372.5833, 150.4625
2.682928, 1.353857, 0.2301501, 357.2252, 162.3625
2.881832, 1.353857, 0.2510558, 372.5833, 162.2874
2.858836, 1.353857, 0.4698507, 367.1163, 161.5249
2.659931, 1.353857, 0.448945, 352.1738, 161.5959
2.682928, 1.503857, 0.2301501, 357.2252, 150.505
2.682928, 1.353857, 0.2301501, 357.2252, 162.3625
2.659931, 1.353857, 0.448945, 352.1738, 161.5959
2.659931, 1.503857, 0.448945, 352.1738, 150.0706
2.881832, 1.503857, 0.2510558, 372.5833, 150.4625
2.881832, 1.353857, 0.2510558, 372.5833, 162.2874
2.682928, 1.353857, 0.2301501, 357.2252, 162.3625
2.682928, 1.503857, 0.2301501, 357.2252, 150.505
box_3_Hareli(Clone) stack 81 Shelf_1 Rack_0_1_0
2.864988, 1.653857, 0.2349175, 371.5344, 138.6453
2.665262, 1.653857, 0.2453847, 355.5967, 138.6403
2.676776, 1.653857, 0.4650832, 353.234, 138.5381
2.876502, 1.653857, 0.454616, 368.7205, 138.5428
2.676776, 1.653857, 0.4650832, 353.234, 138.5381
2.676776, 1.503857, 0.4650832, 353.234, 150.0396
2.876502, 1.503857, 0.4546161, 368.7205, 150.0597
2.876502, 1.653857, 0.454616, 368.7205, 138.5428
2.876502, 1.653857, 0.454616, 368.7205, 138.5428
2.876502, 1.503857, 0.4546161, 368.7205, 150.0597
2.864988, 1.503857, 0.2349175, 371.5344, 150.4953
2.864988, 1.653857, 0.2349175, 371.5344, 138.6453
2.665262, 1.503857, 0.2453847, 355.5967, 150.474
2.864988, 1.503857, 0.2349175, 371.5344, 150.4953
2.876502, 1.503857, 0.4546161, 368.7205, 150.0597
2.676776, 1.503857, 0.4650832, 353.234, 150.0396
2.665262, 1.653857, 0.2453847, 355.5967, 138.6403
2.665262, 1.503857, 0.2453847, 355.5967, 150.474
2.676776, 1.503857, 0.4650832, 353.234, 150.0396
2.676776, 1.653857, 0.4650832, 353.234, 138.5381
2.864988, 1.653857, 0.2349175, 371.5344, 138.6453
2.864988, 1.503857, 0.2349175, 371.5344, 150.4953
2.665262, 1.503857, 0.2453847, 355.5967, 150.474
2.665262, 1.653857, 0.2453847, 355.5967, 138.6403
box_3_Hareli(Clone) stack 81 Shelf_1 Rack_0_1_0
2.883542, 1.803857, 0.2530072, 372.6841, 126.8147
2.685033, 1.803857, 0.2286334, 357.415, 126.7885
2.658221, 1.803857, 0.4469935, 352.0704, 127.0181
2.856731, 1.803857, 0.4713674, 366.9304, 127.043
2.658221, 1.803857, 0.4469935, 352.0704, 127.0181
2.658221, 1.653857, 0.4469935, 352.0704, 138.5463
2.856731, 1.653857, 0.4713674, 366.9304, 138.5352
2.856731, 1.803857, 0.4713674, 366.9304, 127.043
2.856731, 1.803857, 0.4713674, 366.9304, 127.043
2.856731, 1.653857, 0.4713674, 366.9304, 138.5352
2.883542, 1.653857, 0.2530072, 372.6841, 138.6366
2.883542, 1.803857, 0.2530072, 372.6841, 126.8147
2.685033, 1.653857, 0.2286334, 357.415, 138.6483
2.883542, 1.653857, 0.2530072, 372.6841, 138.6366
2.856731, 1.653857, 0.4713674, 366.9304, 138.5352
2.658221, 1.653857, 0.4469935, 352.0704, 138.5463
2.685033, 1.803857, 0.2286334, 357.415, 126.7885
2.685033, 1.653857, 0.2286334, 357.415, 138.6483
2.658221, 1.653857, 0.4469935, 352.0704, 138.5463
2.658221, 1.803857, 0.4469935, 352.0704, 127.0181
2.883542, 1.803857, 0.2530072, 372.6841, 126.8147
2.883542, 1.653857, 0.2530072, 372.6841, 138.6366
2.685033, 1.653857, 0.2286334, 357.415, 138.6483
2.685033, 1.803857, 0.2286334, 357.415, 126.7885
box_3_Hareli(Clone) stack 81 Shelf_1 Rack_0_1_0
2.87466, 1.953857, 0.2435573, 372.1481, 114.968
2.674782, 1.953857, 0.2365774, 356.4826, 114.9496
2.667104, 1.953857, 0.4564434, 352.6167, 115.5136
2.866982, 1.953857, 0.4634233, 367.8454, 115.531
2.667104, 1.953857, 0.4564434, 352.6167, 115.5136
2.667104, 1.803857, 0.4564435, 352.6167, 127.0278
2.866982, 1.803857, 0.4634234, 367.8454, 127.0349
2.866982, 1.953857, 0.4634233, 367.8454, 115.531
2.866982, 1.953857, 0.4634233, 367.8454, 115.531
2.866982, 1.803857, 0.4634234, 367.8454, 127.0349
2.87466, 1.803857, 0.2435573, 372.1481, 126.8046
2.87466, 1.953857, 0.2435573, 372.1481, 114.968
2.674782, 1.803857, 0.2365774, 356.4826, 126.797
2.87466, 1.803857, 0.2435573, 372.1481, 126.8046
2.866982, 1.803857, 0.4634234, 367.8454, 127.0349
2.667104, 1.803857, 0.4564435, 352.6167, 127.0278
2.674782, 1.953857, 0.2365774, 356.4826, 114.9496
2.674782, 1.803857, 0.2365774, 356.4826, 126.797
2.667104, 1.803857, 0.4564435, 352.6167, 127.0278
2.667104, 1.953857, 0.4564434, 352.6167, 115.5136
2.87466, 1.953857, 0.2435573, 372.1481, 114.968
2.87466, 1.803857, 0.2435573, 372.1481, 126.8046
2.674782, 1.803857, 0.2365774, 356.4826, 126.797
2.674782, 1.953857, 0.2365774, 356.4826, 114.9496
box_1_Parle-G-GOLD(Clone) stack 83 Shelf_1 Rack_0_1_0
2.104232, 1.376249, 0.249206, 311.3004, 160.5284
1.904354, 1.376249, 0.2422261, 295.5906, 160.5518
1.897071, 1.376249, 0.4507947, 293.5467, 159.8695
2.096949, 1.376249, 0.4577746, 308.8392, 159.8473
1.897071, 1.376249, 0.4507947, 293.5467, 159.8695
1.897071, 1.203749, 0.4507947, 293.5467, 173.1204
2.096949, 1.203749, 0.4577746, 308.8392, 173.0863
2.096949, 1.376249, 0.4577746, 308.8392, 159.8473
2.096949, 1.376249, 0.4577746, 308.8392, 159.8473
2.096949, 1.203749, 0.4577746, 308.8392, 173.0863
2.104232, 1.203749, 0.249206, 311.3004, 174.1303
2.104232, 1.376249, 0.249206, 311.3004, 160.5284
1.904354, 1.203749, 0.2422261, 295.5906, 174.1662
2.104232, 1.203749, 0.249206, 311.3004, 174.1303
2.096949, 1.203749, 0.4577746, 308.8392, 173.0863
1.897071, 1.203749, 0.4507947, 293.5467, 173.1204
1.904354, 1.376249, 0.2422261, 295.5906, 160.5518
1.904354, 1.203749, 0.2422261, 295.5906, 174.1662
1.897071, 1.203749, 0.4507947, 293.5467, 173.1204
1.897071, 1.376249, 0.4507947, 293.5467, 159.8695
2.104232, 1.376249, 0.249206, 311.3004, 160.5284
2.104232, 1.203749, 0.249206, 311.3004, 174.1303
1.904354, 1.203749, 0.2422261, 295.5906, 174.1662
1.904354, 1.376249, 0.2422261, 295.5906, 160.5518
box_1_Parle-G-GOLD(Clone) stack 83 Shelf_1 Rack_0_1_0
2.112623, 1.548749, 0.2586173, 311.8731, 146.9117
1.914114, 1.548749, 0.2342434, 296.4201, 146.9499
1.88868, 1.548749, 0.4413835, 292.966, 146.6326
2.087189, 1.548749, 0.4657574, 308.0207, 146.5964
1.88868, 1.548749, 0.4413835, 292.966, 146.6326
1.88868, 1.376249, 0.4413835, 292.966, 159.8995
2.087189, 1.376249, 0.4657574, 308.0207, 159.8219
2.087189, 1.548749, 0.4657574, 308.0207, 146.5964
2.087189, 1.548749, 0.4657574, 308.0207, 146.5964
2.087189, 1.376249, 0.4657574, 308.0207, 159.8219
2.112623, 1.376249, 0.2586173, 311.8731, 160.4968
2.112623, 1.548749, 0.2586173, 311.8731, 146.9117
1.914114, 1.376249, 0.2342434, 296.4201, 160.5786
2.112623, 1.376249, 0.2586173, 311.8731, 160.4968
2.087189, 1.376249, 0.4657574, 308.0207, 159.8219
1.88868, 1.376249, 0.4413835, 292.966, 159.8995
1.914114, 1.548749, 0.2342434, 296.4201, 146.9499
1.914114, 1.376249, 0.2342434, 296.4201, 160.5786
1.88868, 1.376249, 0.4413835, 292.966, 159.8995
1.88868, 1.548749, 0.4413835, 292.966, 146.6326
2.112623, 1.548749, 0.2586173, 311.8731, 146.9117
2.112623, 1.376249, 0.2586173, 311.8731, 160.4968
1.914114, 1.376249, 0.2342434, 296.4201, 160.5786
1.914114, 1.548749, 0.2342434, 296.4201, 146.9499
box_1_Parle-G-GOLD(Clone) stack 83 Shelf_1 Rack_0_1_0
2.100652, 1.721249, 0.2456525, 311.0512, 133.3237
1.900652, 1.721249, 0.2456525, 295.2735, 133.3237
1.900652, 1.721249, 0.4543482, 293.7973, 133.3684
2.100652, 1.721249, 0.4543482, 309.1537, 133.3684
1.900652, 1.721249, 0.4543482, 293.7973, 133.3684
1.900652, 1.548749, 0.4543482, 293.7973, 146.6133
2.100652, 1.548749, 0.4543482, 309.1537, 146.6133
2.100652, 1.721249, 0.4543482, 309.1537, 133.3684
2.100652, 1.721249, 0.4543482, 309.1537, 133.3684
2.100652, 1.548749, 0.4543482, 309.1537, 146.6133
2.100652, 1.548749, 0.2456525, 311.0512, 146.932
2.100652, 1.721249, 0.2456525, 311.0512, 133.3237
1.900652, 1.548749, 0.2456525, 295.2735, 146.932
2.100652, 1.548749, 0.2456525, 311.0512, 146.932
2.100652, 1.548749, 0.4543482, 309.1537, 146.6133
1.900652, 1.548749, 0.4543482, 293.7973, 146.6133
1.900652, 1.721249, 0.2456525, 295.2735, 133.3237
1.900652, 1.548749, 0.2456525, 295.2735, 146.932
1.900652, 1.548749, 0.4543482, 293.7973, 146.6133
1.900652, 1.721249, 0.4543482, 293.7973, 133.3684
2.100652, 1.721249, 0.2456525, 311.0512, 133.3237
2.100652, 1.548749, 0.2456525, 311.0512, 146.932
1.900652, 1.548749, 0.2456525, 295.2735, 146.932
1.900652, 1.721249, 0.2456525, 295.2735, 133.3237
box_1_Parle-G-GOLD(Clone) stack 83 Shelf_1 Rack_0_1_0
2.096949, 1.893749, 0.2422261, 310.791, 119.7085
1.897071, 1.893749, 0.249206, 294.9653, 119.7225
1.904354, 1.893749, 0.4577746, 294.058, 120.1301
2.104232, 1.893749, 0.4507947, 309.4602, 120.1168
1.904354, 1.893749, 0.4577746, 294.058, 120.1301
1.904354, 1.721249, 0.4577746, 294.058, 133.3691
2.104232, 1.721249, 0.4507947, 309.4602, 133.3677
2.104232, 1.893749, 0.4507947, 309.4602, 120.1168
2.104232, 1.893749, 0.4507947, 309.4602, 120.1168
2.104232, 1.721249, 0.4507947, 309.4602, 133.3677
2.096949, 1.721249, 0.2422261, 310.791, 133.3229
2.096949, 1.893749, 0.2422261, 310.791, 119.7085
1.897071, 1.721249, 0.249206, 294.9653, 133.3244
2.096949, 1.721249, 0.2422261, 310.791, 133.3229
2.104232, 1.721249, 0.4507947, 309.4602, 133.3677
1.904354, 1.721249, 0.4577746, 294.058, 133.3691
1.897071, 1.893749, 0.249206, 294.9653, 119.7225
1.897071, 1.721249, 0.249206, 294.9653, 133.3244
1.904354, 1.721249, 0.4577746, 294.058, 133.3691
1.904354, 1.893749, 0.4577746, 294.058, 120.1301
2.096949, 1.893749, 0.2422261, 310.791, 119.7085
2.096949, 1.721249, 0.2422261, 310.791, 133.3229
1.897071, 1.721249, 0.249206, 294.9653, 133.3244
1.897071, 1.893749, 0.249206, 294.9653, 119.7225
box_1_Parle-G-GOLD(Clone) stack 83 Shelf_1 Rack_0_1_0
2.112623, 2.066249, 0.2586173, 311.8731, 106.1563
1.914114, 2.066249, 0.2342434, 296.4201, 106.0637
1.88868, 2.066249, 0.4413835, 292.966, 106.832
2.087189, 2.066249, 0.4657574, 308.0207, 106.9197
1.88868, 2.066249, 0.4413835, 292.966, 106.832
1.88868, 1.893749, 0.4413835, 292.966, 120.0988
2.087189, 1.893749, 0.4657574, 308.0207, 120.1452
2.087189, 2.066249, 0.4657574, 308.0207, 106.9197
2.087189, 2.066249, 0.4657574, 308.0207, 106.9197
2.087189, 1.893749, 0.4657574, 308.0207, 120.1452
2.112623, 1.893749, 0.2586173, 311.8731, 119.7414
2.112623, 2.066249, 0.2586173, 311.8731, 106.1563
1.914114, 1.893749, 0.2342434, 296.4201, 119.6924
2.112623, 1.893749, 0.2586173, 311.8731, 119.7414
2.087189, 1.893749, 0.4657574, 308.0207, 120.1452
1.88868, 1.893749, 0.4413835, 292.966, 120.0988
1.914114, 2.066249, 0.2342434, 296.4201, 106.0637
1.914114, 1.893749, 0.2342434, 296.4201, 119.6924
1.88868, 1.893749, 0.4413835, 292.966, 120.0988
1.88868, 2.066249, 0.4413835, 292.966, 106.832
2.112623, 2.066249, 0.2586173, 311.8731, 106.1563
2.112623, 1.893749, 0.2586173, 311.8731, 119.7414
1.914114, 1.893749, 0.2342434, 296.4201, 119.6924
1.914114, 2.066249, 0.2342434, 296.4201, 106.0637
box_6_melody(Clone) stack 84 Shelf_1 Rack_0_1_0
1.720952, 1.391943, 0.2430817, 281.1111, 159.3105
1.522443, 1.391943, 0.2187079, 265.5275, 159.3886
1.493194, 1.391943, 0.456919, 262.5046, 158.6454
1.691703, 1.391943, 0.4812929, 277.6242, 158.5719
1.493194, 1.391943, 0.456919, 262.5046, 158.6454
1.493194, 1.204443, 0.456919, 262.5046, 173.0373
1.691703, 1.204443, 0.4812929, 277.6242, 172.919
1.691703, 1.391943, 0.4812929, 277.6242, 158.5719
1.691703, 1.391943, 0.4812929, 277.6242, 158.5719
1.691703, 1.204443, 0.4812929, 277.6242, 172.919
1.720952, 1.204443, 0.2430817, 281.1111, 174.1071
1.720952, 1.391943, 0.2430817, 281.1111, 159.3105
1.522443, 1.204443, 0.2187079, 265.5275, 174.2328
1.720952, 1.204443, 0.2430817, 281.1111, 174.1071
1.691703, 1.204443, 0.4812929, 277.6242, 172.919
1.493194, 1.204443, 0.456919, 262.5046, 173.0373
1.522443, 1.391943, 0.2187079, 265.5275, 159.3886
1.522443, 1.204443, 0.2187079, 265.5275, 174.2328
1.493194, 1.204443, 0.456919, 262.5046, 173.0373
1.493194, 1.391943, 0.456919, 262.5046, 158.6454
1.720952, 1.391943, 0.2430817, 281.1111, 159.3105
1.720952, 1.204443, 0.2430817, 281.1111, 174.1071
1.522443, 1.204443, 0.2187079, 265.5275, 174.2328
1.522443, 1.391943, 0.2187079, 265.5275, 159.3886
box_6_melody(Clone) stack 84 Shelf_1 Rack_0_1_0
1.702824, 1.579443, 0.2265834, 279.7668, 144.5345
1.502946, 1.579443, 0.2335633, 263.9371, 144.5257
1.511322, 1.579443, 0.4734173, 263.8457, 144.2341
1.7112, 1.579443, 0.4664374, 279.1903, 144.2423
1.511322, 1.579443, 0.4734173, 263.8457, 144.2341
1.511322, 1.391943, 0.4734173, 263.8457, 158.5956
1.7112, 1.391943, 0.4664374, 279.1903, 158.6166
1.7112, 1.579443, 0.4664374, 279.1903, 144.2423
1.7112, 1.579443, 0.4664374, 279.1903, 144.2423
1.7112, 1.391943, 0.4664374, 279.1903, 158.6166
1.702824, 1.391943, 0.2265835, 279.7668, 159.3633
1.702824, 1.579443, 0.2265834, 279.7668, 144.5345
1.502946, 1.391943, 0.2335634, 263.9371, 159.3409
1.702824, 1.391943, 0.2265835, 279.7668, 159.3633
1.7112, 1.391943, 0.4664374, 279.1903, 158.6166
1.511322, 1.391943, 0.4734173, 263.8457, 158.5956
1.502946, 1.579443, 0.2335633, 263.9371, 144.5257
1.502946, 1.391943, 0.2335634, 263.9371, 159.3409
1.511322, 1.391943, 0.4734173, 263.8457, 158.5956
1.511322, 1.579443, 0.4734173, 263.8457, 144.2341
1.702824, 1.579443, 0.2265834, 279.7668, 144.5345
1.702824, 1.391943, 0.2265835, 279.7668, 159.3633
1.502946, 1.391943, 0.2335634, 263.9371, 159.3409
1.502946, 1.579443, 0.2335633, 263.9371, 144.5257
box_6_melody(Clone) stack 84 Shelf_1 Rack_0_1_0
1.698459, 1.766943, 0.223317, 279.4386, 129.7034
1.498946, 1.766943, 0.2372683, 263.6095, 129.7131
1.515687, 1.766943, 0.4766837, 264.17, 129.8746
1.7152, 1.766943, 0.4627324, 279.5157, 129.8655
1.515687, 1.766943, 0.4766837, 264.17, 129.8746
1.515687, 1.579443, 0.4766838, 264.17, 144.2302
1.7152, 1.579443, 0.4627325, 279.5157, 144.2467
1.7152, 1.766943, 0.4627324, 279.5157, 129.8655
1.7152, 1.766943, 0.4627324, 279.5157, 129.8655
1.7152, 1.579443, 0.4627325, 279.5157, 144.2467
1.698459, 1.579443, 0.223317, 279.4386, 144.5386
1.698459, 1.766943, 0.223317, 279.4386, 129.7034
1.498946, 1.579443, 0.2372683, 263.6095, 144.5211
1.698459, 1.579443, 0.223317, 279.4386, 144.5386
1.7152, 1.579443, 0.4627325, 279.5157, 144.2467
1.515687, 1.579443, 0.4766838, 264.17, 144.2302
1.498946, 1.766943, 0.2372683, 263.6095, 129.7131
1.498946, 1.579443, 0.2372683, 263.6095, 144.5211
1.515687, 1.579443, 0.4766838, 264.17, 144.2302
1.515687, 1.766943, 0.4766837, 264.17, 129.8746
1.698459, 1.766943, 0.223317, 279.4386, 129.7034
1.698459, 1.579443, 0.223317, 279.4386, 144.5386
1.498946, 1.579443, 0.2372683, 263.6095, 144.5211
1.498946, 1.766943, 0.2372683, 263.6095, 129.7131
box_6_melody(Clone) stack 84 Shelf_1 Rack_0_1_0
1.7152, 1.954443, 0.2372683, 280.6883, 114.9052
1.515687, 1.954443, 0.223317, 264.9775, 114.8682
1.498946, 1.954443, 0.4627324, 262.929, 115.4843
1.698459, 1.954443, 0.4766837, 278.1635, 115.5191
1.498946, 1.954443, 0.4627324, 262.929, 115.4843
1.498946, 1.766943, 0.4627325, 262.929, 129.8655
1.698459, 1.766943, 0.4766838, 278.1635, 129.8746
1.698459, 1.954443, 0.4766837, 278.1635, 115.5191
1.698459, 1.954443, 0.4766837, 278.1635, 115.5191
1.698459, 1.766943, 0.4766838, 278.1635, 129.8746
1.7152, 1.766943, 0.2372683, 280.6883, 129.7131
1.7152, 1.954443, 0.2372683, 280.6883, 114.9052
1.515687, 1.766943, 0.223317, 264.9775, 129.7034
1.7152, 1.766943, 0.2372683, 280.6883, 129.7131
1.698459, 1.766943, 0.4766838, 278.1635, 129.8746
1.498946, 1.766943, 0.4627325, 262.929, 129.8655
1.515687, 1.954443, 0.223317, 264.9775, 114.8682
1.515687, 1.766943, 0.223317, 264.9775, 129.7034
1.498946, 1.766943, 0.4627325, 262.929, 129.8655
1.498946, 1.954443, 0.4627324, 262.929, 115.4843
1.7152, 1.954443, 0.2372683, 280.6883, 114.9052
1.7152, 1.766943, 0.2372683, 280.6883, 129.7131
1.515687, 1.766943, 0.223317, 264.9775, 129.7034
1.515687, 1.954443, 0.223317, 264.9775, 114.8682
box4_Fairever(Clone) stack 85 Shelf_1 Rack_0_1_0
1.308248, 1.369311, 0.226747, 248.5609, 161.1526
1.108523, 1.369311, 0.2372142, 232.7755, 161.1166
1.120893, 1.369311, 0.4732538, 233.9407, 160.3296
1.320619, 1.369311, 0.4627866, 249.2513, 160.3635
1.120893, 1.369311, 0.4732538, 233.9407, 160.3296
1.120893, 1.204311, 0.4732538, 233.9407, 172.968
1.320619, 1.204311, 0.4627866, 249.2513, 173.0188
1.320619, 1.369311, 0.4627866, 249.2513, 160.3635
1.320619, 1.369311, 0.4627866, 249.2513, 160.3635
1.320619, 1.204311, 0.4627866, 249.2513, 173.0188
1.308248, 1.204311, 0.226747, 248.5609, 174.2017
1.308248, 1.369311, 0.226747, 248.5609, 161.1526
1.108523, 1.204311, 0.2372142, 232.7755, 174.1477
1.308248, 1.204311, 0.226747, 248.5609, 174.2017
1.320619, 1.204311, 0.4627866, 249.2513, 173.0188
1.120893, 1.204311, 0.4732538, 233.9407, 172.968
1.108523, 1.369311, 0.2372142, 232.7755, 161.1166
1.108523, 1.204311, 0.2372142, 232.7755, 174.1477
1.120893, 1.204311, 0.4732538, 233.9407, 172.968
1.120893, 1.369311, 0.4732538, 233.9407, 160.3296
1.308248, 1.369311, 0.226747, 248.5609, 161.1526
1.308248, 1.204311, 0.226747, 248.5609, 174.2017
1.108523, 1.204311, 0.2372142, 232.7755, 174.1477
1.108523, 1.369311, 0.2372142, 232.7755, 161.1166
box4_Fairever(Clone) stack 85 Shelf_1 Rack_0_1_0
1.320619, 1.534311, 0.2372142, 249.526, 148.0855
1.120893, 1.534311, 0.226747, 233.7438, 148.1035
1.108523, 1.534311, 0.4627866, 232.9838, 147.7082
1.308248, 1.534311, 0.4732538, 248.2915, 147.6912
1.108523, 1.534311, 0.4627866, 232.9838, 147.7082
1.108523, 1.369311, 0.4627866, 232.9838, 160.3635
1.308248, 1.369311, 0.4732538, 248.2915, 160.3296
1.308248, 1.534311, 0.4732538, 248.2915, 147.6912
1.308248, 1.534311, 0.4732538, 248.2915, 147.6912
1.308248, 1.369311, 0.4732538, 248.2915, 160.3296
1.320619, 1.369311, 0.2372142, 249.526, 161.1166
1.320619, 1.534311, 0.2372142, 249.526, 148.0855
1.120893, 1.369311, 0.226747, 233.7438, 161.1526
1.320619, 1.369311, 0.2372142, 249.526, 161.1166
1.308248, 1.369311, 0.4732538, 248.2915, 160.3296
1.108523, 1.369311, 0.4627866, 232.9838, 160.3635
1.120893, 1.534311, 0.226747, 233.7438, 148.1035
1.120893, 1.369311, 0.226747, 233.7438, 161.1526
1.108523, 1.369311, 0.4627866, 232.9838, 160.3635
1.108523, 1.534311, 0.4627866, 232.9838, 147.7082
1.320619, 1.534311, 0.2372142, 249.526, 148.0855
1.320619, 1.369311, 0.2372142, 249.526, 161.1166
1.120893, 1.369311, 0.226747, 233.7438, 161.1526
1.120893, 1.534311, 0.226747, 233.7438, 148.1035
box4_Fairever(Clone) stack 85 Shelf_1 Rack_0_1_0
1.32449, 1.699311, 0.2409839, 249.8269, 135.0544
1.125251, 1.699311, 0.2235528, 234.086, 135.0545
1.104651, 1.699311, 0.4590169, 232.6833, 135.0529
1.30389, 1.699311, 0.476448, 247.9544, 135.0527
1.104651, 1.699311, 0.4590169, 232.6833, 135.0529
1.104651, 1.534311, 0.4590169, 232.6833, 147.7143
1.30389, 1.534311, 0.476448, 247.9544, 147.686
1.30389, 1.699311, 0.476448, 247.9544, 135.0527
1.30389, 1.699311, 0.476448, 247.9544, 135.0527
1.30389, 1.534311, 0.476448, 247.9544, 147.686
1.32449, 1.534311, 0.2409839, 249.8269, 148.079
1.32449, 1.699311, 0.2409839, 249.8269, 135.0544
1.125251, 1.534311, 0.2235527, 234.086, 148.109
1.32449, 1.534311, 0.2409839, 249.8269, 148.079
1.30389, 1.534311, 0.476448, 247.9544, 147.686
1.104651, 1.534311, 0.4590169, 232.6833, 147.7143
1.125251, 1.699311, 0.2235528, 234.086, 135.0545
1.125251, 1.534311, 0.2235527, 234.086, 148.109
1.104651, 1.534311, 0.4590169, 232.6833, 147.7143
1.104651, 1.699311, 0.4590169, 232.6833, 135.0529
1.32449, 1.699311, 0.2409839, 249.8269, 135.0544
1.32449, 1.534311, 0.2409839, 249.8269, 148.079
1.125251, 1.534311, 0.2235527, 234.086, 148.109
1.125251, 1.699311, 0.2235528, 234.086, 135.0545
box4_Fairever(Clone) stack 85 Shelf_1 Rack_0_1_0
1.316618, 1.864311, 0.2335818, 249.2145, 122.0171
1.116648, 1.864311, 0.2300913, 233.411, 122.0111
1.112523, 1.864311, 0.4664189, 233.2937, 122.4034
1.312493, 1.864311, 0.4699094, 248.6203, 122.409
1.112523, 1.864311, 0.4664189, 233.2937, 122.4034
1.112523, 1.699311, 0.4664189, 233.2937, 135.0528
1.312493, 1.699311, 0.4699094, 248.6203, 135.0528
1.312493, 1.864311, 0.4699094, 248.6203, 122.409
1.312493, 1.864311, 0.4699094, 248.6203, 122.409
1.312493, 1.699311, 0.4699094, 248.6203, 135.0528
1.316618, 1.699311, 0.2335818, 249.2145, 135.0544
1.316618, 1.864311, 0.2335818, 249.2145, 122.0171
1.116648, 1.699311, 0.2300914, 233.411, 135.0545
1.316618, 1.699311, 0.2335818, 249.2145, 135.0544
1.312493, 1.699311, 0.4699094, 248.6203, 135.0528
1.112523, 1.699311, 0.4664189, 233.2937, 135.0528
1.116648, 1.864311, 0.2300913, 233.411, 122.0111
1.116648, 1.699311, 0.2300914, 233.411, 135.0545
1.112523, 1.699311, 0.4664189, 233.2937, 135.0528
1.112523, 1.864311, 0.4664189, 233.2937, 122.4034
1.316618, 1.864311, 0.2335818, 249.2145, 122.0171
1.316618, 1.699311, 0.2335818, 249.2145, 135.0544
1.116648, 1.699311, 0.2300914, 233.411, 135.0545
1.116648, 1.864311, 0.2300913, 233.411, 122.0111
box_7_litchi(Clone) stack 86 Shelf_2 Rack_0_1_0
1.353975, 2.599012, 0.2535512, 252.1343, 64.15167
1.154097, 2.599012, 0.2465713, 236.3792, 64.08665
1.147117, 2.599012, 0.4464495, 235.9355, 65.90234
1.346995, 2.599012, 0.4534294, 251.2879, 65.96407
1.147117, 2.599012, 0.4464495, 235.9355, 65.90234
1.147117, 2.389012, 0.4464495, 235.9355, 82.04285
1.346995, 2.389012, 0.4534294, 251.2879, 82.09015
1.346995, 2.599012, 0.4534294, 251.2879, 65.96407
1.346995, 2.599012, 0.4534294, 251.2879, 65.96407
1.346995, 2.389012, 0.4534294, 251.2879, 82.09015
1.353975, 2.389012, 0.2535512, 252.1343, 80.70111
1.353975, 2.599012, 0.2535512, 252.1343, 64.15167
1.154097, 2.389012, 0.2465713, 236.3792, 80.65128
1.353975, 2.389012, 0.2535512, 252.1343, 80.70111
1.346995, 2.389012, 0.4534294, 251.2879, 82.09015
1.147117, 2.389012, 0.4464495, 235.9355, 82.04285
1.154097, 2.599012, 0.2465713, 236.3792, 64.08665
1.154097, 2.389012, 0.2465713, 236.3792, 80.65128
1.147117, 2.389012, 0.4464495, 235.9355, 82.04285
1.147117, 2.599012, 0.4464495, 235.9355, 65.90234
1.353975, 2.599012, 0.2535512, 252.1343, 64.15167
1.353975, 2.389012, 0.2535512, 252.1343, 80.70111
1.154097, 2.389012, 0.2465713, 236.3792, 80.65128
1.154097, 2.599012, 0.2465713, 236.3792, 64.08665
box_7_litchi(Clone) stack 86 Shelf_2 Rack_0_1_0
1.355643, 2.809012, 0.255371, 252.2628, 47.62312
1.155917, 2.809012, 0.2449038, 236.522, 47.50285
1.14545, 2.809012, 0.4446297, 235.8063, 49.74196
1.345176, 2.809012, 0.4550969, 251.1458, 49.85616
1.14545, 2.809012, 0.4446297, 235.8063, 49.74196
1.14545, 2.599012, 0.4446297, 235.8063, 65.88623
1.345176, 2.599012, 0.4550969, 251.1458, 65.97881
1.345176, 2.809012, 0.4550969, 251.1458, 49.85616
1.345176, 2.809012, 0.4550969, 251.1458, 49.85616
1.345176, 2.599012, 0.4550969, 251.1458, 65.97881
1.355643, 2.599012, 0.255371, 252.2628, 64.16859
1.355643, 2.809012, 0.255371, 252.2628, 47.62312
1.155917, 2.599012, 0.2449038, 236.522, 64.07111
1.355643, 2.599012, 0.255371, 252.2628, 64.16859
1.345176, 2.599012, 0.4550969, 251.1458, 65.97881
1.14545, 2.599012, 0.4446297, 235.8063, 65.88623
1.155917, 2.809012, 0.2449038, 236.522, 47.50285
1.155917, 2.599012, 0.2449038, 236.522, 64.07111
1.14545, 2.599012, 0.4446297, 235.8063, 65.88623
1.14545, 2.809012, 0.4446297, 235.8063, 49.74196
1.355643, 2.809012, 0.255371, 252.2628, 47.62312
1.355643, 2.599012, 0.255371, 252.2628, 64.16859
1.155917, 2.599012, 0.2449038, 236.522, 64.07111
1.155917, 2.809012, 0.2449038, 236.522, 47.50285
box_7_litchi(Clone) stack 86 Shelf_2 Rack_0_1_0
1.339546, 3.019012, 0.2400953, 251.0167, 30.86876
1.140641, 3.019012, 0.2610011, 235.3267, 31.15442
1.161547, 3.019012, 0.4599054, 237.0496, 33.79579
1.360451, 3.019012, 0.4389997, 252.344, 33.52451
1.161547, 3.019012, 0.4599054, 237.0496, 33.79579
1.161547, 2.809012, 0.4599054, 237.0496, 49.90851
1.360451, 2.809012, 0.4389997, 252.344, 49.68042
1.360451, 3.019012, 0.4389997, 252.344, 33.52451
1.360451, 3.019012, 0.4389997, 252.344, 33.52451
1.360451, 2.809012, 0.4389997, 252.344, 49.68042
1.339546, 2.809012, 0.2400953, 251.0167, 47.44748
1.339546, 3.019012, 0.2400953, 251.0167, 30.86876
1.140641, 2.809012, 0.2610011, 235.3267, 47.68767
1.339546, 2.809012, 0.2400953, 251.0167, 47.44748
1.360451, 2.809012, 0.4389997, 252.344, 49.68042
1.161547, 2.809012, 0.4599054, 237.0496, 49.90851
1.140641, 3.019012, 0.2610011, 235.3267, 31.15442
1.140641, 2.809012, 0.2610011, 235.3267, 47.68767
1.161547, 2.809012, 0.4599054, 237.0496, 49.90851
1.161547, 3.019012, 0.4599054, 237.0496, 33.79579
1.339546, 3.019012, 0.2400953, 251.0167, 30.86876
1.339546, 2.809012, 0.2400953, 251.0167, 47.44748
1.140641, 2.809012, 0.2610011, 235.3267, 47.68767
1.140641, 3.019012, 0.2610011, 235.3267, 31.15442
box_7_litchi(Clone) stack 86 Shelf_2 Rack_0_1_0
1.339546, 3.229012, 0.2400953, 251.0167, 14.29001
1.140641, 3.229012, 0.2610011, 235.3267, 14.62114
1.161547, 3.229012, 0.4599054, 237.0496, 17.68304
1.360451, 3.229012, 0.4389997, 252.344, 17.36856
1.161547, 3.229012, 0.4599054, 237.0496, 17.68304
1.161547, 3.019012, 0.4599054, 237.0496, 33.79579
1.360451, 3.019012, 0.4389997, 252.344, 33.52451
1.360451, 3.229012, 0.4389997, 252.344, 17.36856
1.360451, 3.229012, 0.4389997, 252.344, 17.36856
1.360451, 3.019012, 0.4389997, 252.344, 33.52451
1.339546, 3.019012, 0.2400953, 251.0167, 30.86876
1.339546, 3.229012, 0.2400953, 251.0167, 14.29001
1.140641, 3.019012, 0.2610011, 235.3267, 31.15442
1.339546, 3.019012, 0.2400953, 251.0167, 30.86876
1.360451, 3.019012, 0.4389997, 252.344, 33.52451
1.161547, 3.019012, 0.4599054, 237.0496, 33.79579
1.140641, 3.229012, 0.2610011, 235.3267, 14.62114
1.140641, 3.019012, 0.2610011, 235.3267, 31.15442
1.161547, 3.019012, 0.4599054, 237.0496, 33.79579
1.161547, 3.229012, 0.4599054, 237.0496, 17.68304
1.339546, 3.229012, 0.2400953, 251.0167, 14.29001
1.339546, 3.019012, 0.2400953, 251.0167, 30.86876
1.140641, 3.019012, 0.2610011, 235.3267, 31.15442
1.140641, 3.229012, 0.2610011, 235.3267, 14.62114
box_1_Parle-G-GOLD(Clone) stack 87 Shelf_2 Rack_0_1_0
1.74073, 2.560843, 0.2528824, 282.617, 67.15372
1.541217, 2.560843, 0.2389311, 266.942, 67.02914
1.526659, 2.560843, 0.4471184, 265.1048, 68.84169
1.726172, 2.560843, 0.4610697, 280.3658, 68.9597
1.526659, 2.560843, 0.4471184, 265.1048, 68.84169
1.526659, 2.388343, 0.4471184, 265.1048, 82.09882
1.726172, 2.388343, 0.4610697, 280.3658, 82.19319
1.726172, 2.560843, 0.4610697, 280.3658, 68.9597
1.726172, 2.560843, 0.4610697, 280.3658, 68.9597
1.726172, 2.388343, 0.4610697, 280.3658, 82.19319
1.74073, 2.388343, 0.2528824, 282.617, 80.7491
1.74073, 2.560843, 0.2528824, 282.617, 67.15372
1.541217, 2.388343, 0.2389311, 266.942, 80.64948
1.74073, 2.388343, 0.2528824, 282.617, 80.7491
1.726172, 2.388343, 0.4610697, 280.3658, 82.19319
1.526659, 2.388343, 0.4471184, 265.1048, 82.09882
1.541217, 2.560843, 0.2389311, 266.942, 67.02914
1.541217, 2.388343, 0.2389311, 266.942, 80.64948
1.526659, 2.388343, 0.4471184, 265.1048, 82.09882
1.526659, 2.560843, 0.4471184, 265.1048, 68.84169
1.74073, 2.560843, 0.2528824, 282.617, 67.15372
1.74073, 2.388343, 0.2528824, 282.617, 80.7491
1.541217, 2.388343, 0.2389311, 266.942, 80.64948
1.541217, 2.560843, 0.2389311, 266.942, 67.02914
box_1_Parle-G-GOLD(Clone) stack 87 Shelf_2 Rack_0_1_0
1.742409, 2.733343, 0.2547652, 282.7387, 53.57848
1.54317, 2.733343, 0.2373341, 267.1019, 53.39168
1.524981, 2.733343, 0.4452356, 264.9818, 55.5654
1.72422, 2.733343, 0.4626667, 280.2078, 55.7424
1.524981, 2.733343, 0.4452356, 264.9818, 55.5654
1.524981, 2.560843, 0.4452356, 264.9818, 68.82573
1.72422, 2.560843, 0.4626667, 280.2078, 68.97318
1.72422, 2.733343, 0.4626667, 280.2078, 55.7424
1.72422, 2.733343, 0.4626667, 280.2078, 55.7424
1.72422, 2.560843, 0.4626667, 280.2078, 68.97318
1.742409, 2.560843, 0.2547652, 282.7387, 67.17049
1.742409, 2.733343, 0.2547652, 282.7387, 53.57848
1.54317, 2.560843, 0.237334, 267.1019, 67.01486
1.742409, 2.560843, 0.2547652, 282.7387, 67.17049
1.72422, 2.560843, 0.4626667, 280.2078, 68.97318
1.524981, 2.560843, 0.4452356, 264.9818, 68.82573
1.54317, 2.733343, 0.2373341, 267.1019, 53.39168
1.54317, 2.560843, 0.237334, 267.1019, 67.01486
1.524981, 2.560843, 0.4452356, 264.9818, 68.82573
1.524981, 2.733343, 0.4452356, 264.9818, 55.5654
1.742409, 2.733343, 0.2547652, 282.7387, 53.57848
1.742409, 2.560843, 0.2547652, 282.7387, 67.17049
1.54317, 2.560843, 0.237334, 267.1019, 67.01486
1.54317, 2.733343, 0.2373341, 267.1019, 53.39168
box_3_Hareli(Clone) stack 88 Shelf_2 Rack_0_1_0
2.109324, 2.538451, 0.2332926, 311.8522, 68.74805
1.909811, 2.538451, 0.2472439, 295.9844, 68.86955
1.925158, 2.538451, 0.4667081, 295.591, 70.72386
2.12467, 2.538451, 0.4527568, 311.0124, 70.60909
1.925158, 2.538451, 0.4667081, 295.591, 70.72386
1.925158, 2.388451, 0.4667081, 295.591, 82.22295
2.12467, 2.388451, 0.4527568, 311.0124, 82.12871
2.12467, 2.538451, 0.4527568, 311.0124, 70.60909
2.12467, 2.538451, 0.4527568, 311.0124, 70.60909
2.12467, 2.388451, 0.4527568, 311.0124, 82.12871
2.109324, 2.388451, 0.2332927, 311.8522, 80.60062
2.109324, 2.538451, 0.2332926, 311.8522, 68.74805
1.909811, 2.388451, 0.247244, 295.9844, 80.70038
2.109324, 2.388451, 0.2332927, 311.8522, 80.60062
2.12467, 2.388451, 0.4527568, 311.0124, 82.12871
1.925158, 2.388451, 0.4667081, 295.591, 82.22295
1.909811, 2.538451, 0.2472439, 295.9844, 68.86955
1.909811, 2.388451, 0.247244, 295.9844, 80.70038
1.925158, 2.388451, 0.4667081, 295.591, 82.22295
1.925158, 2.538451, 0.4667081, 295.591, 70.72386
2.109324, 2.538451, 0.2332926, 311.8522, 68.74805
2.109324, 2.388451, 0.2332927, 311.8522, 80.60062
1.909811, 2.388451, 0.247244, 295.9844, 80.70038
1.909811, 2.538451, 0.2472439, 295.9844, 68.86955
box_3_Hareli(Clone) stack 88 Shelf_2 Rack_0_1_0
2.115306, 2.688451, 0.2382718, 312.2774, 56.94664
1.915336, 2.688451, 0.2417623, 296.4608, 56.98248
1.919176, 2.688451, 0.4617289, 295.1675, 59.17654
2.119145, 2.688451, 0.4582384, 310.5386, 59.14267
1.919176, 2.688451, 0.4617289, 295.1675, 59.17654
1.919176, 2.538451, 0.4617289, 295.1675, 70.68292
2.119145, 2.538451, 0.4582384, 310.5386, 70.65422
2.119145, 2.688451, 0.4582384, 310.5386, 59.14267
2.119145, 2.688451, 0.4582384, 310.5386, 59.14267
2.119145, 2.538451, 0.4582384, 310.5386, 70.65422
2.115306, 2.538451, 0.2382719, 312.2774, 68.79146
2.115306, 2.688451, 0.2382718, 312.2774, 56.94664
1.915336, 2.538451, 0.2417624, 296.4608, 68.82185
2.115306, 2.538451, 0.2382719, 312.2774, 68.79146
2.119145, 2.538451, 0.4582384, 310.5386, 70.65422
1.919176, 2.538451, 0.4617289, 295.1675, 70.68292
1.915336, 2.688451, 0.2417623, 296.4608, 56.98248
1.915336, 2.538451, 0.2417624, 296.4608, 68.82185
1.919176, 2.538451, 0.4617289, 295.1675, 70.68292
1.919176, 2.688451, 0.4617289, 295.1675, 59.17654
2.115306, 2.688451, 0.2382718, 312.2774, 56.94664
2.115306, 2.538451, 0.2382719, 312.2774, 68.79146
1.915336, 2.538451, 0.2417624, 296.4608, 68.82185
1.915336, 2.688451, 0.2417623, 296.4608, 56.98248
box_3_Hareli(Clone) stack 88 Shelf_2 Rack_0_1_0
2.107273, 2.838451, 0.2317034, 311.7051, 45.02405
1.908034, 2.838451, 0.2491345, 295.8304, 45.23019
1.927208, 2.838451, 0.4682974, 295.7369, 47.74339
2.126447, 2.838451, 0.4508663, 311.166, 47.54866
1.927208, 2.838451, 0.4682974, 295.7369, 47.74339
1.927208, 2.688451, 0.4682974, 295.7369, 59.24014
2.126447, 2.688451, 0.4508663, 311.166, 59.07108
2.126447, 2.838451, 0.4508663, 311.166, 47.54866
2.126447, 2.838451, 0.4508663, 311.166, 47.54866
2.126447, 2.688451, 0.4508663, 311.166, 59.07108
2.107273, 2.688451, 0.2317034, 311.7051, 56.87909
2.107273, 2.838451, 0.2317034, 311.7051, 45.02405
1.908034, 2.688451, 0.2491345, 295.8304, 57.05807
2.107273, 2.688451, 0.2317034, 311.7051, 56.87909
2.126447, 2.688451, 0.4508663, 311.166, 59.07108
1.927208, 2.688451, 0.4682974, 295.7369, 59.24014
1.908034, 2.838451, 0.2491345, 295.8304, 45.23019
1.908034, 2.688451, 0.2491345, 295.8304, 57.05807
1.927208, 2.688451, 0.4682974, 295.7369, 59.24014
1.927208, 2.838451, 0.4682974, 295.7369, 47.74339
2.107273, 2.838451, 0.2317034, 311.7051, 45.02405
2.107273, 2.688451, 0.2317034, 311.7051, 56.87909
1.908034, 2.688451, 0.2491345, 295.8304, 57.05807
1.908034, 2.838451, 0.2491345, 295.8304, 45.23019
box_3_Hareli(Clone) stack 88 Shelf_2 Rack_0_1_0
2.121019, 2.988451, 0.2435573, 312.678, 33.32776
1.921141, 2.988451, 0.2365774, 296.9578, 33.23434
1.913463, 2.988451, 0.4564434, 294.7663, 36.09686
2.113341, 2.988451, 0.4634233, 310.0467, 36.1851
1.913463, 2.988451, 0.4564434, 294.7663, 36.09686
1.913463, 2.838451, 0.4564435, 294.7663, 47.61104
2.113341, 2.838451, 0.4634234, 310.0467, 47.68901
2.113341, 2.988451, 0.4634233, 310.0467, 36.1851
2.113341, 2.988451, 0.4634233, 310.0467, 36.1851
2.113341, 2.838451, 0.4634234, 310.0467, 47.68901
2.121019, 2.838451, 0.2435573, 312.678, 45.16434
2.121019, 2.988451, 0.2435573, 312.678, 33.32776
1.921141, 2.838451, 0.2365774, 296.9578, 45.08177
2.121019, 2.838451, 0.2435573, 312.678, 45.16434
2.113341, 2.838451, 0.4634234, 310.0467, 47.68901
1.913463, 2.838451, 0.4564435, 294.7663, 47.61104
1.921141, 2.988451, 0.2365774, 296.9578, 33.23434
1.921141, 2.838451, 0.2365774, 296.9578, 45.08177
1.913463, 2.838451, 0.4564435, 294.7663, 47.61104
1.913463, 2.988451, 0.4564434, 294.7663, 36.09686
2.121019, 2.988451, 0.2435573, 312.678, 33.32776
2.121019, 2.838451, 0.2435573, 312.678, 45.16434
1.921141, 2.838451, 0.2365774, 296.9578, 45.08177
1.921141, 2.988451, 0.2365774, 296.9578, 33.23434
box_8_lizol(Clone) stack 89 Shelf_2 Rack_0_1_0
2.487803, 2.565368, 0.2215317, 341.9163, 66.51503
2.288077, 2.565368, 0.2319989, 325.9914, 66.60945
2.300994, 2.565368, 0.4784691, 324.2762, 68.75989
2.50072, 2.565368, 0.4680019, 339.6975, 68.67131
2.300994, 2.565368, 0.4784691, 324.2762, 68.75989
2.300994, 2.389118, 0.4784691, 324.2762, 82.25104
2.50072, 2.389118, 0.4680019, 339.6975, 82.18053
2.50072, 2.565368, 0.4680019, 339.6975, 68.67131
2.50072, 2.565368, 0.4680019, 339.6975, 68.67131
2.50072, 2.389118, 0.4680019, 339.6975, 82.18053
2.487803, 2.389118, 0.2215317, 341.9163, 80.46341
2.487803, 2.565368, 0.2215317, 341.9163, 66.51503
2.288077, 2.389118, 0.2319989, 325.9914, 80.53859
2.487803, 2.389118, 0.2215317, 341.9163, 80.46341
2.50072, 2.389118, 0.4680019, 339.6975, 82.18053
2.300994, 2.389118, 0.4784691, 324.2762, 82.25104
2.288077, 2.565368, 0.2319989, 325.9914, 66.60945
2.288077, 2.389118, 0.2319989, 325.9914, 80.53859
2.300994, 2.389118, 0.4784691, 324.2762, 82.25104
2.300994, 2.565368, 0.4784691, 324.2762, 68.75989
2.487803, 2.565368, 0.2215317, 341.9163, 66.51503
2.487803, 2.389118, 0.2215317, 341.9163, 80.46341
2.288077, 2.389118, 0.2319989, 325.9914, 80.53859
2.288077, 2.565368, 0.2319989, 325.9914, 66.60945
box_2_Parle-G(Clone) stack 90 Shelf_0 Rack_0_1_1
-0.7993499, 0.2744219, 0.2931767, 83.25336, 246.7636
-0.9982544, 0.2744219, 0.272271, 67.18741, 247.0698
-1.012396, 0.2744219, 0.406824, 69.08874, 245.1283
-0.813492, 0.2744219, 0.4277297, 84.87199, 244.8326
-1.012396, 0.2744219, 0.406824, 69.08874, 245.1283
-1.012396, 0.01942196, 0.406824, 69.08874, 264.8275
-0.813492, 0.01942196, 0.4277297, 84.87199, 264.4789
-0.813492, 0.2744219, 0.4277297, 84.87199, 244.8326
-0.813492, 0.2744219, 0.4277297, 84.87199, 244.8326
-0.813492, 0.01942196, 0.4277297, 84.87199, 264.4789
-0.7993499, 0.01942196, 0.2931767, 83.25336, 266.7553
-0.7993499, 0.2744219, 0.2931767, 83.25336, 246.7636
-0.9982544, 0.01942196, 0.272271, 67.18741, 267.1162
-0.7993499, 0.01942196, 0.2931767, 83.25336, 266.7553
-0.813492, 0.01942196, 0.4277297, 84.87199, 264.4789
-1.012396, 0.01942196, 0.406824, 69.08874, 264.8275
-0.9982544, 0.2744219, 0.272271, 67.18741, 247.0698
-0.9982544, 0.01942196, 0.272271, 67.18741, 267.1162
-1.012396, 0.01942196, 0.406824, 69.08874, 264.8275
-1.012396, 0.2744219, 0.406824, 69.08874, 245.1283
-0.7993499, 0.2744219, 0.2931767, 83.25336, 246.7636
-0.7993499, 0.01942196, 0.2931767, 83.25336, 266.7553
-0.9982544, 0.01942196, 0.272271, 67.18741, 267.1162
-0.9982544, 0.2744219, 0.272271, 67.18741, 247.0698
box_2_Parle-G(Clone) stack 90 Shelf_0 Rack_0_1_1
-0.7993499, 0.5294219, 0.2931767, 83.25336, 226.7719
-0.9982544, 0.5294219, 0.272271, 67.18741, 227.0233
-1.012396, 0.5294219, 0.406824, 69.08874, 225.4291
-0.813492, 0.5294219, 0.4277297, 84.87199, 225.1863
-1.012396, 0.5294219, 0.406824, 69.08874, 225.4291
-1.012396, 0.2744219, 0.406824, 69.08874, 245.1283
-0.813492, 0.2744219, 0.4277297, 84.87199, 244.8326
-0.813492, 0.5294219, 0.4277297, 84.87199, 225.1863
-0.813492, 0.5294219, 0.4277297, 84.87199, 225.1863
-0.813492, 0.2744219, 0.4277297, 84.87199, 244.8326
-0.7993499, 0.2744219, 0.2931767, 83.25336, 246.7636
-0.7993499, 0.5294219, 0.2931767, 83.25336, 226.7719
-0.9982544, 0.2744219, 0.272271, 67.18741, 247.0698
-0.7993499, 0.2744219, 0.2931767, 83.25336, 246.7636
-0.813492, 0.2744219, 0.4277297, 84.87199, 244.8326
-1.012396, 0.2744219, 0.406824, 69.08874, 245.1283
-0.9982544, 0.5294219, 0.272271, 67.18741, 227.0233
-0.9982544, 0.2744219, 0.272271, 67.18741, 247.0698
-1.012396, 0.2744219, 0.406824, 69.08874, 245.1283
-1.012396, 0.5294219, 0.406824, 69.08874, 225.4291
-0.7993499, 0.5294219, 0.2931767, 83.25336, 226.7719
-0.7993499, 0.2744219, 0.2931767, 83.25336, 246.7636
-0.9982544, 0.2744219, 0.272271, 67.18741, 247.0698
-0.9982544, 0.5294219, 0.272271, 67.18741, 227.0233
box_2_Parle-G(Clone) stack 90 Shelf_0 Rack_0_1_1
-0.813492, 0.7844219, 0.272271, 81.71223, 206.9769
-1.012396, 0.7844219, 0.2931767, 66.55076, 206.7802
-0.9982544, 0.7844219, 0.4277297, 70.6371, 205.5401
-0.7993499, 0.7844219, 0.406824, 85.54694, 205.7299
-0.9982544, 0.7844219, 0.4277297, 70.6371, 205.5401
-0.9982544, 0.5294219, 0.4277297, 70.6371, 225.1863
-0.7993499, 0.5294219, 0.406824, 85.54694, 225.4291
-0.7993499, 0.7844219, 0.406824, 85.54694, 205.7299
-0.7993499, 0.7844219, 0.406824, 85.54694, 205.7299
-0.7993499, 0.5294219, 0.406824, 85.54694, 225.4291
-0.813492, 0.5294219, 0.272271, 81.71223, 227.0233
-0.813492, 0.7844219, 0.272271, 81.71223, 206.9769
-1.012396, 0.5294219, 0.2931767, 66.55076, 226.7719
-0.813492, 0.5294219, 0.272271, 81.71223, 227.0233
-0.7993499, 0.5294219, 0.406824, 85.54694, 225.4291
-0.9982544, 0.5294219, 0.4277297, 70.6371, 225.1863
-1.012396, 0.7844219, 0.2931767, 66.55076, 206.7802
-1.012396, 0.5294219, 0.2931767, 66.55076, 226.7719
-0.9982544, 0.5294219, 0.4277297, 70.6371, 225.1863
-0.9982544, 0.7844219, 0.4277297, 70.6371, 205.5401
-0.813492, 0.7844219, 0.272271, 81.71223, 206.9769
-0.813492, 0.5294219, 0.272271, 81.71223, 227.0233
-1.012396, 0.5294219, 0.2931767, 66.55076, 226.7719
-1.012396, 0.7844219, 0.2931767, 66.55076, 206.7802
box_8_lizol(Clone) stack 92 Shelf_0 Rack_0_1_1
-0.04045259, 0.1961813, 0.2199211, 141.8101, 254.037
-0.2399654, 0.1961813, 0.2338724, 126.2268, 253.8183
-0.2227489, 0.1961813, 0.4800797, 131.1173, 250.087
-0.0232361, 0.1961813, 0.4661284, 146.2191, 250.2922
-0.2227489, 0.1961813, 0.4800797, 131.1173, 250.087
-0.2227489, 0.01993132, 0.4800797, 131.1173, 263.5754
-0.0232361, 0.01993132, 0.4661284, 146.2191, 263.8046
-0.0232361, 0.1961813, 0.4661284, 146.2191, 250.2922
-0.0232361, 0.1961813, 0.4661284, 146.2191, 250.2922
-0.0232361, 0.01993132, 0.4661284, 146.2191, 263.8046
-0.04045259, 0.01993129, 0.2199211, 141.8101, 267.9884
-0.04045259, 0.1961813, 0.2199211, 141.8101, 254.037
-0.2399654, 0.01993129, 0.2338724, 126.2268, 267.744
-0.04045259, 0.01993129, 0.2199211, 141.8101, 267.9884
-0.0232361, 0.01993132, 0.4661284, 146.2191, 263.8046
-0.2227489, 0.01993132, 0.4800797, 131.1173, 263.5754
-0.2399654, 0.1961813, 0.2338724, 126.2268, 253.8183
-0.2399654, 0.01993129, 0.2338724, 126.2268, 267.744
-0.2227489, 0.01993132, 0.4800797, 131.1173, 263.5754
-0.2227489, 0.1961813, 0.4800797, 131.1173, 250.087
-0.04045259, 0.1961813, 0.2199211, 141.8101, 254.037
-0.04045259, 0.01993129, 0.2199211, 141.8101, 267.9884
-0.2399654, 0.01993129, 0.2338724, 126.2268, 267.744
-0.2399654, 0.1961813, 0.2338724, 126.2268, 253.8183
box_8_lizol(Clone) stack 92 Shelf_0 Rack_0_1_1
-0.02735492, 0.3724313, 0.2301612, 142.978, 239.9439
-0.2272331, 0.3724313, 0.2231813, 127.0738, 240.0405
-0.2358465, 0.3724313, 0.4698395, 129.9712, 236.7315
-0.03596842, 0.3724313, 0.4768194, 145.3722, 236.6409
-0.2358465, 0.3724313, 0.4698395, 129.9712, 236.7315
-0.2358465, 0.1961813, 0.4698395, 129.9712, 250.2375
-0.03596842, 0.1961813, 0.4768195, 145.3722, 250.1349
-0.03596842, 0.3724313, 0.4768194, 145.3722, 236.6409
-0.03596842, 0.3724313, 0.4768194, 145.3722, 236.6409
-0.03596842, 0.1961813, 0.4768195, 145.3722, 250.1349
-0.02735492, 0.1961813, 0.2301612, 142.978, 253.8764
-0.02735492, 0.3724313, 0.2301612, 142.978, 239.9439
-0.2272331, 0.1961813, 0.2231813, 127.0738, 253.9859
-0.02735492, 0.1961813, 0.2301612, 142.978, 253.8764
-0.03596842, 0.1961813, 0.4768195, 145.3722, 250.1349
-0.2358465, 0.1961813, 0.4698395, 129.9712, 250.2375
-0.2272331, 0.3724313, 0.2231813, 127.0738, 240.0405
-0.2272331, 0.1961813, 0.2231813, 127.0738, 253.9859
-0.2358465, 0.1961813, 0.4698395, 129.9712, 250.2375
-0.2358465, 0.3724313, 0.4698395, 129.9712, 236.7315
-0.02735492, 0.3724313, 0.2301612, 142.978, 239.9439
-0.02735492, 0.1961813, 0.2301612, 142.978, 253.8764
-0.2272331, 0.1961813, 0.2231813, 127.0738, 253.9859
-0.2272331, 0.3724313, 0.2231813, 127.0738, 240.0405
box_8_lizol(Clone) stack 92 Shelf_0 Rack_0_1_1
-0.02527931, 0.5486813, 0.2319989, 143.1655, 225.9894
-0.2250052, 0.5486813, 0.2215317, 127.2256, 226.115
-0.2379222, 0.5486813, 0.4680019, 129.7863, 223.2462
-0.03819626, 0.5486813, 0.4784691, 145.2216, 223.1283
-0.2379222, 0.5486813, 0.4680019, 129.7863, 223.2462
-0.2379222, 0.3724313, 0.4680019, 129.7863, 236.7554
-0.03819626, 0.3724313, 0.4784691, 145.2216, 236.6195
-0.03819626, 0.5486813, 0.4784691, 145.2216, 223.1283
-0.03819626, 0.5486813, 0.4784691, 145.2216, 223.1283
-0.03819626, 0.3724313, 0.4784691, 145.2216, 236.6195
-0.02527931, 0.3724313, 0.2319989, 143.1655, 239.9185
-0.02527931, 0.5486813, 0.2319989, 143.1655, 225.9894
-0.2250052, 0.3724313, 0.2215317, 127.2256, 240.0634
-0.02527931, 0.3724313, 0.2319989, 143.1655, 239.9185
-0.03819626, 0.3724313, 0.4784691, 145.2216, 236.6195
-0.2379222, 0.3724313, 0.4680019, 129.7863, 236.7554
-0.2250052, 0.5486813, 0.2215317, 127.2256, 226.115
-0.2250052, 0.3724313, 0.2215317, 127.2256, 240.0634
-0.2379222, 0.3724313, 0.4680019, 129.7863, 236.7554
-0.2379222, 0.5486813, 0.4680019, 129.7863, 223.2462
-0.02527931, 0.5486813, 0.2319989, 143.1655, 225.9894
-0.02527931, 0.3724313, 0.2319989, 143.1655, 239.9185
-0.2250052, 0.3724313, 0.2215317, 127.2256, 240.0634
-0.2250052, 0.5486813, 0.2215317, 127.2256, 226.115
box_7_litchi(Clone) stack 94 Shelf_1 Rack_0_1_1
-0.818454, 1.414419, 0.2432683, 80.71688, 157.5362
-1.017967, 1.414419, 0.2572196, 65.29322, 157.4949
-1.004015, 1.414419, 0.4567324, 70.82327, 156.9208
-0.8045027, 1.414419, 0.4427811, 85.86246, 156.96
-1.004015, 1.414419, 0.4567324, 70.82327, 156.9208
-1.004015, 1.204419, 0.4567324, 70.82327, 173.04
-0.8045027, 1.204419, 0.4427811, 85.86246, 173.108
-0.8045027, 1.414419, 0.4427811, 85.86246, 156.96
-0.8045027, 1.414419, 0.4427811, 85.86246, 156.96
-0.8045027, 1.204419, 0.4427811, 85.86246, 173.108
-0.818454, 1.204419, 0.2432683, 80.71688, 174.108
-0.818454, 1.414419, 0.2432683, 80.71688, 157.5362
-1.017967, 1.204419, 0.2572196, 65.29322, 174.0364
-0.818454, 1.204419, 0.2432683, 80.71688, 174.108
-0.8045027, 1.204419, 0.4427811, 85.86246, 173.108
-1.004015, 1.204419, 0.4567324, 70.82327, 173.04
-1.017967, 1.414419, 0.2572196, 65.29322, 157.4949
-1.017967, 1.204419, 0.2572196, 65.29322, 174.0364
-1.004015, 1.204419, 0.4567324, 70.82327, 173.04
-1.004015, 1.414419, 0.4567324, 70.82327, 156.9208
-0.818454, 1.414419, 0.2432683, 80.71688, 157.5362
-0.818454, 1.204419, 0.2432683, 80.71688, 174.108
-1.017967, 1.204419, 0.2572196, 65.29322, 174.0364
-1.017967, 1.414419, 0.2572196, 65.29322, 157.4949
box_7_litchi(Clone) stack 94 Shelf_1 Rack_0_1_1
-0.8095047, 1.624419, 0.2517608, 81.60004, 140.9577
-1.009474, 1.624419, 0.2482703, 65.75744, 140.9604
-1.012965, 1.624419, 0.4482399, 69.9516, 140.8078
-0.8129952, 1.624419, 0.4517304, 85.38676, 140.8052
-1.012965, 1.624419, 0.4482399, 69.9516, 140.8078
-1.012965, 1.414419, 0.4482399, 69.9516, 156.9446
-0.8129952, 1.414419, 0.4517304, 85.38676, 156.9348
-0.8129952, 1.624419, 0.4517304, 85.38676, 140.8052
-0.8129952, 1.624419, 0.4517304, 85.38676, 140.8052
-0.8129952, 1.414419, 0.4517304, 85.38676, 156.9348
-0.8095047, 1.414419, 0.2517608, 81.60004, 157.511
-0.8095047, 1.624419, 0.2517608, 81.60004, 140.9577
-1.009474, 1.414419, 0.2482704, 65.75744, 157.5214
-0.8095047, 1.414419, 0.2517608, 81.60004, 157.511
-0.8129952, 1.414419, 0.4517304, 85.38676, 156.9348
-1.012965, 1.414419, 0.4482399, 69.9516, 156.9446
-1.009474, 1.624419, 0.2482703, 65.75744, 140.9604
-1.009474, 1.414419, 0.2482704, 65.75744, 157.5214
-1.012965, 1.414419, 0.4482399, 69.9516, 156.9446
-1.012965, 1.624419, 0.4482399, 69.9516, 140.8078
-0.8095047, 1.624419, 0.2517608, 81.60004, 140.9577
-0.8095047, 1.414419, 0.2517608, 81.60004, 157.511
-1.009474, 1.414419, 0.2482704, 65.75744, 157.5214
-1.009474, 1.624419, 0.2482703, 65.75744, 140.9604
box_7_litchi(Clone) stack 95 Shelf_1 Rack_0_1_1
-0.4251851, 1.414419, 0.2482703, 111.8354, 157.5214
-0.6251546, 1.414419, 0.2517608, 96.1315, 157.511
-0.6216642, 1.414419, 0.4517304, 100.0824, 156.9348
-0.4216946, 1.414419, 0.4482399, 115.3859, 156.9446
-0.6216642, 1.414419, 0.4517304, 100.0824, 156.9348
-0.6216642, 1.204419, 0.4517304, 100.0824, 173.0644
-0.4216946, 1.204419, 0.4482399, 115.3859, 173.0814
-0.4216946, 1.414419, 0.4482399, 115.3859, 156.9446
-0.4216946, 1.414419, 0.4482399, 115.3859, 156.9446
-0.4216946, 1.204419, 0.4482399, 115.3859, 173.0814
-0.4251851, 1.204419, 0.2482704, 111.8354, 174.0823
-0.4251851, 1.414419, 0.2482703, 111.8354, 157.5214
-0.6251546, 1.204419, 0.2517608, 96.1315, 174.0644
-0.4251851, 1.204419, 0.2482704, 111.8354, 174.0823
-0.4216946, 1.204419, 0.4482399, 115.3859, 173.0814
-0.6216642, 1.204419, 0.4517304, 100.0824, 173.0644
-0.6251546, 1.414419, 0.2517608, 96.1315, 157.511
-0.6251546, 1.204419, 0.2517608, 96.1315, 174.0644
-0.6216642, 1.204419, 0.4517304, 100.0824, 173.0644
-0.6216642, 1.414419, 0.4517304, 100.0824, 156.9348
-0.4251851, 1.414419, 0.2482703, 111.8354, 157.5214
-0.4251851, 1.204419, 0.2482704, 111.8354, 174.0823
-0.6251546, 1.204419, 0.2517608, 96.1315, 174.0644
-0.6251546, 1.414419, 0.2517608, 96.1315, 157.511
box_7_litchi(Clone) stack 95 Shelf_1 Rack_0_1_1
-0.4135196, 1.624419, 0.2610011, 112.9679, 140.9505
-0.612424, 1.624419, 0.2400953, 96.91571, 140.9669
-0.6333297, 1.624419, 0.4389997, 98.95657, 140.8147
-0.4344253, 1.624419, 0.4599054, 114.595, 140.7991
-0.6333297, 1.624419, 0.4389997, 98.95657, 140.8147
-0.6333297, 1.414419, 0.4389997, 98.95657, 156.9706
-0.4344253, 1.414419, 0.4599054, 114.595, 156.9119
-0.4344253, 1.624419, 0.4599054, 114.595, 140.7991
-0.4344253, 1.624419, 0.4599054, 114.595, 140.7991
-0.4344253, 1.414419, 0.4599054, 114.595, 156.9119
-0.4135196, 1.414419, 0.2610011, 112.9679, 157.4837
-0.4135196, 1.624419, 0.2610011, 112.9679, 140.9505
-0.612424, 1.414419, 0.2400953, 96.91571, 157.5456
-0.4135196, 1.414419, 0.2610011, 112.9679, 157.4837
-0.4344253, 1.414419, 0.4599054, 114.595, 156.9119
-0.6333297, 1.414419, 0.4389997, 98.95657, 156.9706
-0.612424, 1.624419, 0.2400953, 96.91571, 140.9669
-0.612424, 1.414419, 0.2400953, 96.91571, 157.5456
-0.6333297, 1.414419, 0.4389997, 98.95657, 156.9706
-0.6333297, 1.624419, 0.4389997, 98.95657, 140.8147
-0.4135196, 1.624419, 0.2610011, 112.9679, 140.9505
-0.4135196, 1.414419, 0.2610011, 112.9679, 157.4837
-0.612424, 1.414419, 0.2400953, 96.91571, 157.5456
-0.612424, 1.624419, 0.2400953, 96.91571, 140.9669
box_7_litchi(Clone) stack 95 Shelf_1 Rack_0_1_1
-0.4119831, 1.834419, 0.2629327, 113.121, 124.4199
-0.6104923, 1.834419, 0.2385588, 97.03931, 124.386
-0.6348662, 1.834419, 0.4370681, 98.80338, 124.6562
-0.436357, 1.834419, 0.4614419, 114.4715, 124.6884
-0.6348662, 1.834419, 0.4370681, 98.80338, 124.6562
-0.6348662, 1.624419, 0.4370681, 98.80338, 140.8161
-0.436357, 1.624419, 0.4614419, 114.4715, 140.798
-0.436357, 1.834419, 0.4614419, 114.4715, 124.6884
-0.436357, 1.834419, 0.4614419, 114.4715, 124.6884
-0.436357, 1.624419, 0.4614419, 114.4715, 140.798
-0.4119831, 1.624419, 0.2629327, 113.121, 140.949
-0.4119831, 1.834419, 0.2629327, 113.121, 124.4199
-0.6104923, 1.624419, 0.2385588, 97.03931, 140.9681
-0.4119831, 1.624419, 0.2629327, 113.121, 140.949
-0.436357, 1.624419, 0.4614419, 114.4715, 140.798
-0.6348662, 1.624419, 0.4370681, 98.80338, 140.8161
-0.6104923, 1.834419, 0.2385588, 97.03931, 124.386
-0.6104923, 1.624419, 0.2385588, 97.03931, 140.9681
-0.6348662, 1.624419, 0.4370681, 98.80338, 140.8161
-0.6348662, 1.834419, 0.4370681, 98.80338, 124.6562
-0.4119831, 1.834419, 0.2629327, 113.121, 124.4199
-0.4119831, 1.624419, 0.2629327, 113.121, 140.949
-0.6104923, 1.624419, 0.2385588, 97.03931, 140.9681
-0.6104923, 1.834419, 0.2385588, 97.03931, 124.386
box_7_litchi(Clone) stack 95 Shelf_1 Rack_0_1_1
-0.4287953, 2.044419, 0.2449038, 111.4939, 107.8266
-0.6285211, 2.044419, 0.255371, 95.93445, 107.8639
-0.618054, 2.044419, 0.4550969, 100.4199, 108.5574
-0.4183281, 2.044419, 0.4446297, 115.5871, 108.5219
-0.618054, 2.044419, 0.4550969, 100.4199, 108.5574
-0.618054, 1.834419, 0.4550969, 100.4199, 124.6801
-0.4183281, 1.834419, 0.4446297, 115.5871, 124.6662
-0.4183281, 2.044419, 0.4446297, 115.5871, 108.5219
-0.4183281, 2.044419, 0.4446297, 115.5871, 108.5219
-0.4183281, 1.834419, 0.4446297, 115.5871, 124.6662
-0.4287953, 1.834419, 0.2449038, 111.4939, 124.3948
-0.4287953, 2.044419, 0.2449038, 111.4939, 107.8266
-0.6285211, 1.834419, 0.255371, 95.93445, 124.4094
-0.4287953, 1.834419, 0.2449038, 111.4939, 124.3948
-0.4183281, 1.834419, 0.4446297, 115.5871, 124.6662
-0.618054, 1.834419, 0.4550969, 100.4199, 124.6801
-0.6285211, 2.044419, 0.255371, 95.93445, 107.8639
-0.6285211, 1.834419, 0.255371, 95.93445, 124.4094
-0.618054, 1.834419, 0.4550969, 100.4199, 124.6801
-0.618054, 2.044419, 0.4550969, 100.4199, 108.5574
-0.4287953, 2.044419, 0.2449038, 111.4939, 107.8266
-0.4287953, 1.834419, 0.2449038, 111.4939, 124.3948
-0.6285211, 1.834419, 0.255371, 95.93445, 124.4094
-0.6285211, 2.044419, 0.255371, 95.93445, 107.8639
box_6_melody(Clone) stack 96 Shelf_1 Rack_0_1_1
-0.03353472, 1.391943, 0.2411106, 142.6299, 159.3168
-0.2324391, 1.391943, 0.2202049, 126.6174, 159.3838
-0.257526, 1.391943, 0.4588902, 128.1535, 158.6395
-0.05862157, 1.391943, 0.4797959, 143.6744, 158.5764
-0.257526, 1.391943, 0.4588902, 128.1535, 158.6395
-0.257526, 1.204443, 0.4588902, 128.1535, 173.0277
-0.05862157, 1.204443, 0.4797959, 143.6744, 172.9263
-0.05862157, 1.391943, 0.4797959, 143.6744, 158.5764
-0.05862157, 1.391943, 0.4797959, 143.6744, 158.5764
-0.05862157, 1.204443, 0.4797959, 143.6744, 172.9263
-0.03353472, 1.204443, 0.2411106, 142.6299, 174.1172
-0.03353472, 1.391943, 0.2411106, 142.6299, 159.3168
-0.2324391, 1.204443, 0.2202049, 126.6174, 174.2251
-0.03353472, 1.204443, 0.2411106, 142.6299, 174.1172
-0.05862157, 1.204443, 0.4797959, 143.6744, 172.9263
-0.257526, 1.204443, 0.4588902, 128.1535, 173.0277
-0.2324391, 1.391943, 0.2202049, 126.6174, 159.3838
-0.2324391, 1.204443, 0.2202049, 126.6174, 174.2251
-0.257526, 1.204443, 0.4588902, 128.1535, 173.0277
-0.257526, 1.391943, 0.4588902, 128.1535, 158.6395
-0.03353472, 1.391943, 0.2411106, 142.6299, 159.3168
-0.03353472, 1.204443, 0.2411106, 142.6299, 174.1172
-0.2324391, 1.204443, 0.2202049, 126.6174, 174.2251
-0.2324391, 1.391943, 0.2202049, 126.6174, 159.3838
box_6_melody(Clone) stack 96 Shelf_1 Rack_0_1_1
-0.03938707, 1.579443, 0.2353984, 142.0944, 144.5234
-0.239113, 1.579443, 0.2249312, 126.1601, 144.5366
-0.2516736, 1.579443, 0.4646024, 128.6839, 144.2445
-0.05194771, 1.579443, 0.4750696, 144.1274, 144.2321
-0.2516736, 1.579443, 0.4646024, 128.6839, 144.2445
-0.2516736, 1.391943, 0.4646024, 128.6839, 158.6222
-0.05194771, 1.391943, 0.4750696, 144.1274, 158.5906
-0.05194771, 1.579443, 0.4750696, 144.1274, 144.2321
-0.05194771, 1.579443, 0.4750696, 144.1274, 144.2321
-0.05194771, 1.391943, 0.4750696, 144.1274, 158.5906
-0.03938707, 1.391943, 0.2353984, 142.0944, 159.335
-0.03938707, 1.579443, 0.2353984, 142.0944, 144.5234
-0.239113, 1.391943, 0.2249312, 126.1601, 159.3686
-0.03938707, 1.391943, 0.2353984, 142.0944, 159.335
-0.05194771, 1.391943, 0.4750696, 144.1274, 158.5906
-0.2516736, 1.391943, 0.4646024, 128.6839, 158.6222
-0.239113, 1.579443, 0.2249312, 126.1601, 144.5366
-0.239113, 1.391943, 0.2249312, 126.1601, 159.3686
-0.2516736, 1.391943, 0.4646024, 128.6839, 158.6222
-0.2516736, 1.579443, 0.4646024, 128.6839, 144.2445
-0.03938707, 1.579443, 0.2353984, 142.0944, 144.5234
-0.03938707, 1.391943, 0.2353984, 142.0944, 159.335
-0.239113, 1.391943, 0.2249312, 126.1601, 159.3686
-0.239113, 1.579443, 0.2249312, 126.1601, 144.5366
box_6_melody(Clone) stack 96 Shelf_1 Rack_0_1_1
-0.03353472, 1.766943, 0.2411106, 142.6299, 129.7158
-0.2324391, 1.766943, 0.2202049, 126.6174, 129.7012
-0.257526, 1.766943, 0.4588902, 128.1535, 129.863
-0.05862157, 1.766943, 0.4797959, 143.6744, 129.8767
-0.257526, 1.766943, 0.4588902, 128.1535, 129.863
-0.257526, 1.579443, 0.4588902, 128.1535, 144.2512
-0.05862157, 1.579443, 0.4797959, 143.6744, 144.2266
-0.05862157, 1.766943, 0.4797959, 143.6744, 129.8767
-0.05862157, 1.766943, 0.4797959, 143.6744, 129.8767
-0.05862157, 1.579443, 0.4797959, 143.6744, 144.2266
-0.03353472, 1.579443, 0.2411106, 142.6299, 144.5163
-0.03353472, 1.766943, 0.2411106, 142.6299, 129.7158
-0.2324391, 1.579443, 0.2202049, 126.6174, 144.5425
-0.03353472, 1.579443, 0.2411106, 142.6299, 144.5163
-0.05862157, 1.579443, 0.4797959, 143.6744, 144.2266
-0.257526, 1.579443, 0.4588902, 128.1535, 144.2512
-0.2324391, 1.766943, 0.2202049, 126.6174, 129.7012
-0.2324391, 1.579443, 0.2202049, 126.6174, 144.5425
-0.257526, 1.579443, 0.4588902, 128.1535, 144.2512
-0.257526, 1.766943, 0.4588902, 128.1535, 129.863
-0.03353472, 1.766943, 0.2411106, 142.6299, 129.7158
-0.03353472, 1.579443, 0.2411106, 142.6299, 144.5163
-0.2324391, 1.579443, 0.2202049, 126.6174, 144.5425
-0.2324391, 1.766943, 0.2202049, 126.6174, 129.7012
box_6_melody(Clone) stack 96 Shelf_1 Rack_0_1_1
-0.05636956, 1.954443, 0.2217414, 140.5741, 114.864
-0.2556085, 1.954443, 0.2391725, 125.071, 114.9102
-0.2346911, 1.954443, 0.4782594, 130.1778, 115.523
-0.03545217, 1.954443, 0.4608282, 145.2183, 115.4796
-0.2346911, 1.954443, 0.4782594, 130.1778, 115.523
-0.2346911, 1.766943, 0.4782594, 130.1778, 129.8757
-0.03545217, 1.766943, 0.4608282, 145.2183, 129.8643
-0.03545217, 1.954443, 0.4608282, 145.2183, 115.4796
-0.03545217, 1.954443, 0.4608282, 145.2183, 115.4796
-0.03545217, 1.766943, 0.4608282, 145.2183, 129.8643
-0.05636956, 1.766943, 0.2217414, 140.5741, 129.7023
-0.05636956, 1.954443, 0.2217414, 140.5741, 114.864
-0.2556085, 1.766943, 0.2391725, 125.071, 129.7145
-0.05636956, 1.766943, 0.2217414, 140.5741, 129.7023
-0.03545217, 1.766943, 0.4608282, 145.2183, 129.8643
-0.2346911, 1.766943, 0.4782594, 130.1778, 129.8757
-0.2556085, 1.954443, 0.2391725, 125.071, 114.9102
-0.2556085, 1.766943, 0.2391725, 125.071, 129.7145
-0.2346911, 1.766943, 0.4782594, 130.1778, 129.8757
-0.2346911, 1.954443, 0.4782594, 130.1778, 115.523
-0.05636956, 1.954443, 0.2217414, 140.5741, 114.864
-0.05636956, 1.766943, 0.2217414, 140.5741, 129.7023
-0.2556085, 1.766943, 0.2391725, 125.071, 129.7145
-0.2556085, 1.954443, 0.2391725, 125.071, 114.9102
box_2_Parle-G(Clone) stack 98 Shelf_2 Rack_0_1_1
-0.8245748, 2.643609, 0.2841088, 81.08746, 60.9344
-1.024544, 2.643609, 0.2806183, 65.31172, 60.90054
-1.026906, 2.643609, 0.4158919, 68.1685, 62.18962
-0.8269359, 2.643609, 0.4193824, 83.66866, 62.22232
-1.026906, 2.643609, 0.4158919, 68.1685, 62.18962
-1.026906, 2.388609, 0.4158919, 68.1685, 81.86583
-0.8269359, 2.388609, 0.4193824, 83.66866, 81.88966
-0.8269359, 2.643609, 0.4193824, 83.66866, 62.22232
-0.8269359, 2.643609, 0.4193824, 83.66866, 62.22232
-0.8269359, 2.388609, 0.4193824, 83.66866, 81.88966
-0.8245748, 2.388609, 0.2841088, 81.08746, 80.94981
-0.8245748, 2.643609, 0.2841088, 81.08746, 60.9344
-1.024544, 2.388609, 0.2806184, 65.31172, 80.92511
-0.8245748, 2.388609, 0.2841088, 81.08746, 80.94981
-0.8269359, 2.388609, 0.4193824, 83.66866, 81.88966
-1.026906, 2.388609, 0.4158919, 68.1685, 81.86583
-1.024544, 2.643609, 0.2806183, 65.31172, 60.90054
-1.024544, 2.388609, 0.2806184, 65.31172, 80.92511
-1.026906, 2.388609, 0.4158919, 68.1685, 81.86583
-1.026906, 2.643609, 0.4158919, 68.1685, 62.18962
-0.8245748, 2.643609, 0.2841088, 81.08746, 60.9344
-0.8245748, 2.388609, 0.2841088, 81.08746, 80.94981
-1.024544, 2.388609, 0.2806184, 65.31172, 80.92511
-1.024544, 2.643609, 0.2806183, 65.31172, 60.90054
box_2_Parle-G(Clone) stack 98 Shelf_2 Rack_0_1_1
-0.8333589, 2.898609, 0.272271, 80.15043, 40.77303
-1.032263, 2.898609, 0.2931767, 64.99322, 41.03043
-1.018121, 2.898609, 0.4277297, 69.10648, 42.65401
-0.8192168, 2.898609, 0.406824, 84.01219, 42.40544
-1.018121, 2.898609, 0.4277297, 69.10648, 42.65401
-1.018121, 2.64361, 0.4277297, 69.10648, 62.30031
-0.8192168, 2.64361, 0.406824, 84.01219, 62.10461
-0.8192168, 2.898609, 0.406824, 84.01219, 42.40544
-0.8192168, 2.898609, 0.406824, 84.01219, 42.40544
-0.8192168, 2.64361, 0.406824, 84.01219, 62.10461
-0.8333589, 2.64361, 0.272271, 80.15043, 60.8195
-0.8333589, 2.898609, 0.272271, 80.15043, 40.77303
-1.032263, 2.64361, 0.2931767, 64.99322, 61.02214
-0.8333589, 2.64361, 0.272271, 80.15043, 60.8195
-0.8192168, 2.64361, 0.406824, 84.01219, 62.10461
-1.018121, 2.64361, 0.4277297, 69.10648, 62.30031
-1.032263, 2.898609, 0.2931767, 64.99322, 41.03043
-1.032263, 2.64361, 0.2931767, 64.99322, 61.02214
-1.018121, 2.64361, 0.4277297, 69.10648, 62.30031
-1.018121, 2.898609, 0.4277297, 69.10648, 42.65401
-0.8333589, 2.898609, 0.272271, 80.15043, 40.77303
-0.8333589, 2.64361, 0.272271, 80.15043, 60.8195
-1.032263, 2.64361, 0.2931767, 64.99322, 61.02214
-1.032263, 2.898609, 0.2931767, 64.99322, 41.03043
box_2_Parle-G(Clone) stack 98 Shelf_2 Rack_0_1_1
-0.8257401, 3.15361, 0.2823533, 80.95947, 20.87735
-1.02574, 3.15361, 0.2823533, 65.25748, 20.87735
-1.02574, 3.15361, 0.4176474, 68.29718, 22.86253
-0.8257401, 3.15361, 0.4176474, 83.72602, 22.86253
-1.02574, 3.15361, 0.4176474, 68.29718, 22.86253
-1.02574, 2.89861, 0.4176475, 68.29718, 42.53427
-0.8257401, 2.89861, 0.4176475, 83.72602, 42.53427
-0.8257401, 3.15361, 0.4176474, 83.72602, 22.86253
-0.8257401, 3.15361, 0.4176474, 83.72602, 22.86253
-0.8257401, 2.89861, 0.4176475, 83.72602, 42.53427
-0.8257401, 2.89861, 0.2823533, 80.95947, 40.89734
-0.8257401, 3.15361, 0.2823533, 80.95947, 20.87735
-1.02574, 2.89861, 0.2823533, 65.25748, 40.89734
-0.8257401, 2.89861, 0.2823533, 80.95947, 40.89734
-0.8257401, 2.89861, 0.4176475, 83.72602, 42.53427
-1.02574, 2.89861, 0.4176475, 68.29718, 42.53427
-1.02574, 3.15361, 0.2823533, 65.25748, 20.87735
-1.02574, 2.89861, 0.2823533, 65.25748, 40.89734
-1.02574, 2.89861, 0.4176475, 68.29718, 42.53427
-1.02574, 3.15361, 0.4176474, 68.29718, 22.86253
-0.8257401, 3.15361, 0.2823533, 80.95947, 20.87735
-0.8257401, 2.89861, 0.2823533, 80.95947, 40.89734
-1.02574, 2.89861, 0.2823533, 65.25748, 40.89734
-1.02574, 3.15361, 0.2823533, 65.25748, 20.87735
box_2_Parle-G(Clone) stack 99 Shelf_2 Rack_0_1_1
-0.4313183, 2.643609, 0.2950445, 112.1378, 61.04021
-0.6298276, 2.643609, 0.2706706, 96.12059, 60.80396
-0.6463158, 2.643609, 0.4049563, 97.33478, 62.0871
-0.4478065, 2.643609, 0.4293302, 113.072, 62.31523
-0.6463158, 2.643609, 0.4049563, 97.33478, 62.0871
-0.6463158, 2.388609, 0.4049563, 97.33478, 81.791
-0.4478065, 2.388609, 0.4293302, 113.072, 81.9575
-0.4478065, 2.643609, 0.4293302, 113.072, 62.31523
-0.4478065, 2.643609, 0.4293302, 113.072, 62.31523
-0.4478065, 2.388609, 0.4293302, 113.072, 81.9575
-0.4313183, 2.388609, 0.2950445, 112.1378, 81.02702
-0.4313183, 2.643609, 0.2950445, 112.1378, 61.04021
-0.6298276, 2.388609, 0.2706706, 96.12059, 80.85461
-0.4313183, 2.388609, 0.2950445, 112.1378, 81.02702
-0.4478065, 2.388609, 0.4293302, 113.072, 81.9575
-0.6463158, 2.388609, 0.4049563, 97.33478, 81.791
-0.6298276, 2.643609, 0.2706706, 96.12059, 60.80396
-0.6298276, 2.388609, 0.2706706, 96.12059, 80.85461
-0.6463158, 2.388609, 0.4049563, 97.33478, 81.791
-0.6463158, 2.643609, 0.4049563, 97.33478, 62.0871
-0.4313183, 2.643609, 0.2950445, 112.1378, 61.04021
-0.4313183, 2.388609, 0.2950445, 112.1378, 81.02702
-0.6298276, 2.388609, 0.2706706, 96.12059, 80.85461
-0.6298276, 2.643609, 0.2706706, 96.12059, 60.80396
box_2_Parle-G(Clone) stack 99 Shelf_2 Rack_0_1_1
-0.4354137, 2.898609, 0.2876796, 111.6934, 40.96291
-0.6351396, 2.898609, 0.2772124, 95.82652, 40.83403
-0.6422204, 2.898609, 0.4123212, 97.78609, 42.47093
-0.4424945, 2.898609, 0.4227883, 113.3749, 42.59537
-0.6422204, 2.898609, 0.4123212, 97.78609, 42.47093
-0.6422204, 2.64361, 0.4123212, 97.78609, 62.15617
-0.4424945, 2.64361, 0.4227883, 113.3749, 62.25414
-0.4424945, 2.898609, 0.4227883, 113.3749, 42.59537
-0.4424945, 2.898609, 0.4227883, 113.3749, 42.59537
-0.4424945, 2.64361, 0.4227883, 113.3749, 62.25414
-0.4354137, 2.64361, 0.2876796, 111.6934, 60.96895
-0.4354137, 2.898609, 0.2876796, 111.6934, 40.96291
-0.6351396, 2.64361, 0.2772124, 95.82652, 60.86751
-0.4354137, 2.64361, 0.2876796, 111.6934, 60.96895
-0.4424945, 2.64361, 0.4227883, 113.3749, 62.25414
-0.6422204, 2.64361, 0.4123212, 97.78609, 62.15617
-0.6351396, 2.898609, 0.2772124, 95.82652, 40.83403
-0.6351396, 2.64361, 0.2772124, 95.82652, 60.86751
-0.6422204, 2.64361, 0.4123212, 97.78609, 62.15617
-0.6422204, 2.898609, 0.4123212, 97.78609, 42.47093
-0.4354137, 2.898609, 0.2876796, 111.6934, 40.96291
-0.4354137, 2.64361, 0.2876796, 111.6934, 60.96895
-0.6351396, 2.64361, 0.2772124, 95.82652, 60.86751
-0.6351396, 2.898609, 0.2772124, 95.82652, 40.83403
box_2_Parle-G(Clone) stack 99 Shelf_2 Rack_0_1_1
-0.4388171, 3.15361, 0.2823533, 111.3367, 20.87735
-0.6388171, 3.15361, 0.2823533, 95.63477, 20.87735
-0.6388171, 3.15361, 0.4176474, 98.14603, 22.86253
-0.4388171, 3.15361, 0.4176474, 113.5749, 22.86253
-0.6388171, 3.15361, 0.4176474, 98.14603, 22.86253
-0.6388171, 2.89861, 0.4176475, 98.14603, 42.53427
-0.4388171, 2.89861, 0.4176475, 113.5749, 42.53427
-0.4388171, 3.15361, 0.4176474, 113.5749, 22.86253
-0.4388171, 3.15361, 0.4176474, 113.5749, 22.86253
-0.4388171, 2.89861, 0.4176475, 113.5749, 42.53427
-0.4388171, 2.89861, 0.2823533, 111.3367, 40.89734
-0.4388171, 3.15361, 0.2823533, 111.3367, 20.87735
-0.6388171, 2.89861, 0.2823533, 95.63477, 40.89734
-0.4388171, 2.89861, 0.2823533, 111.3367, 40.89734
-0.4388171, 2.89861, 0.4176475, 113.5749, 42.53427
-0.6388171, 2.89861, 0.4176475, 98.14603, 42.53427
-0.6388171, 3.15361, 0.2823533, 95.63477, 20.87735
-0.6388171, 2.89861, 0.2823533, 95.63477, 40.89734
-0.6388171, 2.89861, 0.4176475, 98.14603, 42.53427
-0.6388171, 3.15361, 0.4176474, 98.14603, 22.86253
-0.4388171, 3.15361, 0.2823533, 111.3367, 20.87735
-0.4388171, 2.89861, 0.2823533, 111.3367, 40.89734
-0.6388171, 2.89861, 0.2823533, 95.63477, 40.89734
-0.6388171, 3.15361, 0.2823533, 95.63477, 20.87735
box_5_LMRR(Clone) stack 100 Shelf_2 Rack_0_1_1
-0.03543629, 2.531555, 0.2133235, 142.122, 69.11966
-0.2351622, 2.531555, 0.2028563, 126.1413, 69.02849
-0.2500366, 2.531555, 0.4866772, 129.1223, 71.41473
-0.0503107, 2.531555, 0.4971444, 144.5218, 71.49944
-0.2500366, 2.531555, 0.4866772, 129.1223, 71.41473
-0.2500366, 2.389055, 0.4866772, 129.1223, 82.31107
-0.0503107, 2.389055, 0.4971444, 144.5218, 82.38127
-0.0503107, 2.531555, 0.4971444, 144.5218, 71.49944
-0.0503107, 2.531555, 0.4971444, 144.5218, 71.49944
-0.0503107, 2.389055, 0.4971444, 144.5218, 82.38127
-0.03543629, 2.389055, 0.2133235, 142.122, 80.4093
-0.03543629, 2.531555, 0.2133235, 142.122, 69.11966
-0.2351622, 2.389055, 0.2028564, 126.1413, 80.33376
-0.03543629, 2.389055, 0.2133235, 142.122, 80.4093
-0.0503107, 2.389055, 0.4971444, 144.5218, 82.38127
-0.2500366, 2.389055, 0.4866772, 129.1223, 82.31107
-0.2351622, 2.531555, 0.2028563, 126.1413, 69.02849
-0.2351622, 2.389055, 0.2028564, 126.1413, 80.33376
-0.2500366, 2.389055, 0.4866772, 129.1223, 82.31107
-0.2500366, 2.531555, 0.4866772, 129.1223, 71.41473
-0.03543629, 2.531555, 0.2133235, 142.122, 69.11966
-0.03543629, 2.389055, 0.2133235, 142.122, 80.4093
-0.2351622, 2.389055, 0.2028564, 126.1413, 80.33376
-0.2351622, 2.531555, 0.2028563, 126.1413, 69.02849
box_5_LMRR(Clone) stack 100 Shelf_2 Rack_0_1_1
-0.05550224, 2.674055, 0.1997204, 140.3533, 57.69118
-0.2547412, 2.674055, 0.2171515, 124.8057, 57.86902
-0.2299706, 2.674055, 0.5002804, 130.8459, 60.64729
-0.03073168, 2.674055, 0.4828492, 145.8456, 60.48206
-0.2299706, 2.674055, 0.5002804, 130.8459, 60.64729
-0.2299706, 2.531555, 0.5002804, 130.8459, 71.5248
-0.03073168, 2.531555, 0.4828492, 145.8456, 71.38373
-0.03073168, 2.674055, 0.4828492, 145.8456, 60.48206
-0.03073168, 2.674055, 0.4828492, 145.8456, 60.48206
-0.03073168, 2.531555, 0.4828492, 145.8456, 71.38373
-0.05550224, 2.531555, 0.1997204, 140.3533, 69.00113
-0.05550224, 2.674055, 0.1997204, 140.3533, 57.69118
-0.2547412, 2.531555, 0.2171515, 124.8057, 69.15297
-0.05550224, 2.531555, 0.1997204, 140.3533, 69.00113
-0.03073168, 2.531555, 0.4828492, 145.8456, 71.38373
-0.2299706, 2.531555, 0.5002804, 130.8459, 71.5248
-0.2547412, 2.674055, 0.2171515, 124.8057, 57.86902
-0.2547412, 2.531555, 0.2171515, 124.8057, 69.15297
-0.2299706, 2.531555, 0.5002804, 130.8459, 71.5248
-0.2299706, 2.674055, 0.5002804, 130.8459, 60.64729
-0.05550224, 2.674055, 0.1997204, 140.3533, 57.69118
-0.05550224, 2.531555, 0.1997204, 140.3533, 69.00113
-0.2547412, 2.531555, 0.2171515, 124.8057, 69.15297
-0.2547412, 2.674055, 0.2171515, 124.8057, 57.86902
box_6_melody(Clone) stack 101 Shelf_2 Rack_0_1_1
0.3460718, 2.576536, 0.2430817, 172.612, 65.8278
0.1475626, 2.576536, 0.2187079, 156.6794, 65.60535
0.1183139, 2.576536, 0.456919, 156.9735, 67.72006
0.3168232, 2.576536, 0.4812929, 172.4211, 67.92918
0.1183139, 2.576536, 0.456919, 156.9735, 67.72006
0.1183139, 2.389036, 0.456919, 156.9735, 82.11194
0.3168232, 2.389036, 0.4812929, 172.4211, 82.27632
0.3168232, 2.576536, 0.4812929, 172.4211, 67.92918
0.3168232, 2.576536, 0.4812929, 172.4211, 67.92918
0.3168232, 2.389036, 0.4812929, 172.4211, 82.27632
0.3460718, 2.389036, 0.2430817, 172.612, 80.62444
0.3460718, 2.576536, 0.2430817, 172.612, 65.8278
0.1475626, 2.389036, 0.2187079, 156.6794, 80.44957
0.3460718, 2.389036, 0.2430817, 172.612, 80.62444
0.3168232, 2.389036, 0.4812929, 172.4211, 82.27632
0.1183139, 2.389036, 0.456919, 156.9735, 82.11194
0.1475626, 2.576536, 0.2187079, 156.6794, 65.60535
0.1475626, 2.389036, 0.2187079, 156.6794, 80.44957
0.1183139, 2.389036, 0.456919, 156.9735, 82.11194
0.1183139, 2.576536, 0.456919, 156.9735, 67.72006
0.3460718, 2.576536, 0.2430817, 172.612, 65.8278
0.3460718, 2.389036, 0.2430817, 172.612, 80.62444
0.1475626, 2.389036, 0.2187079, 156.6794, 80.44957
0.1475626, 2.576536, 0.2187079, 156.6794, 65.60535
box_6_melody(Clone) stack 101 Shelf_2 Rack_0_1_1
0.3403201, 2.764036, 0.2372683, 172.1062, 50.96692
0.1408072, 2.764036, 0.223317, 156.1956, 50.81233
0.1240657, 2.764036, 0.4627324, 157.4763, 53.38889
0.3235785, 2.764036, 0.4766837, 172.8986, 53.53418
0.1240657, 2.764036, 0.4627324, 157.4763, 53.38889
0.1240657, 2.576536, 0.4627325, 157.4763, 67.77005
0.3235785, 2.576536, 0.4766838, 172.8986, 67.88974
0.3235785, 2.764036, 0.4766837, 172.8986, 53.53418
0.3235785, 2.764036, 0.4766837, 172.8986, 53.53418
0.3235785, 2.576536, 0.4766838, 172.8986, 67.88974
0.3403201, 2.576536, 0.2372683, 172.1062, 65.77487
0.3403201, 2.764036, 0.2372683, 172.1062, 50.96692
0.1408072, 2.576536, 0.223317, 156.1956, 65.64752
0.3403201, 2.576536, 0.2372683, 172.1062, 65.77487
0.3235785, 2.576536, 0.4766838, 172.8986, 67.88974
0.1240657, 2.576536, 0.4627325, 157.4763, 67.77005
0.1408072, 2.764036, 0.223317, 156.1956, 50.81233
0.1408072, 2.576536, 0.223317, 156.1956, 65.64752
0.1240657, 2.576536, 0.4627325, 157.4763, 67.77005
0.1240657, 2.764036, 0.4627324, 157.4763, 53.38889
0.3403201, 2.764036, 0.2372683, 172.1062, 50.96692
0.3403201, 2.576536, 0.2372683, 172.1062, 65.77487
0.1408072, 2.576536, 0.223317, 156.1956, 65.64752
0.1408072, 2.764036, 0.223317, 156.1956, 50.81233
box_6_melody(Clone) stack 101 Shelf_2 Rack_0_1_1
0.3403201, 2.951536, 0.2372683, 172.1062, 36.15898
0.1408072, 2.951536, 0.223317, 156.1956, 35.97714
0.1240657, 2.951536, 0.4627324, 157.4763, 39.00774
0.3235785, 2.951536, 0.4766837, 172.8986, 39.17863
0.1240657, 2.951536, 0.4627324, 157.4763, 39.00774
0.1240657, 2.764036, 0.4627325, 157.4763, 53.38889
0.3235785, 2.764036, 0.4766838, 172.8986, 53.53418
0.3235785, 2.951536, 0.4766837, 172.8986, 39.17863
0.3235785, 2.951536, 0.4766837, 172.8986, 39.17863
0.3235785, 2.764036, 0.4766838, 172.8986, 53.53418
0.3403201, 2.764036, 0.2372683, 172.1062, 50.96692
0.3403201, 2.951536, 0.2372683, 172.1062, 36.15898
0.1408072, 2.764036, 0.223317, 156.1956, 50.81233
0.3403201, 2.764036, 0.2372683, 172.1062, 50.96692
0.3235785, 2.764036, 0.4766838, 172.8986, 53.53418
0.1240657, 2.764036, 0.4627325, 157.4763, 53.38889
0.1408072, 2.951536, 0.223317, 156.1956, 35.97714
0.1408072, 2.764036, 0.223317, 156.1956, 50.81233
0.1240657, 2.764036, 0.4627325, 157.4763, 53.38889
0.1240657, 2.951536, 0.4627324, 157.4763, 39.00774
0.3403201, 2.951536, 0.2372683, 172.1062, 36.15898
0.3403201, 2.764036, 0.2372683, 172.1062, 50.96692
0.1408072, 2.764036, 0.223317, 156.1956, 50.81233
0.1408072, 2.951536, 0.223317, 156.1956, 35.97714
box_6_melody(Clone) stack 101 Shelf_2 Rack_0_1_1
0.3321929, 3.139036, 0.2300003, 171.3987, 21.24219
0.1321929, 3.139036, 0.2300003, 155.5884, 21.24219
0.1321929, 3.139036, 0.4700004, 158.1757, 24.729
0.3321929, 3.139036, 0.4700004, 173.5014, 24.729
0.1321929, 3.139036, 0.4700004, 158.1757, 24.729
0.1321929, 2.951536, 0.4700004, 158.1757, 39.09683
0.3321929, 2.951536, 0.4700004, 173.5014, 39.09683
0.3321929, 3.139036, 0.4700004, 173.5014, 24.729
0.3321929, 3.139036, 0.4700004, 173.5014, 24.729
0.3321929, 2.951536, 0.4700004, 173.5014, 39.09683
0.3321929, 2.951536, 0.2300003, 171.3987, 36.06433
0.3321929, 3.139036, 0.2300003, 171.3987, 21.24219
0.1321929, 2.951536, 0.2300003, 155.5884, 36.06433
0.3321929, 2.951536, 0.2300003, 171.3987, 36.06433
0.3321929, 2.951536, 0.4700004, 173.5014, 39.09683
0.1321929, 2.951536, 0.4700004, 158.1757, 39.09683
0.1321929, 3.139036, 0.2300003, 155.5884, 21.24219
0.1321929, 2.951536, 0.2300003, 155.5884, 36.06433
0.1321929, 2.951536, 0.4700004, 158.1757, 39.09683
0.1321929, 3.139036, 0.4700004, 158.1757, 24.729
0.3321929, 3.139036, 0.2300003, 171.3987, 21.24219
0.3321929, 2.951536, 0.2300003, 171.3987, 36.06433
0.1321929, 2.951536, 0.2300003, 155.5884, 36.06433
0.1321929, 3.139036, 0.2300003, 155.5884, 21.24219
box4_Fairever(Clone) stack 102 Shelf_0 Rack_0_1_2
-1.482923, 0.1847178, 0.2372142, 28.11264, 254.6714
-1.682649, 0.1847178, 0.226747, 12.02497, 254.8365
-1.695019, 0.1847178, 0.4627866, 17.95492, 251.2207
-1.495293, 0.1847178, 0.4732538, 33.54993, 251.0654
-1.695019, 0.1847178, 0.4627866, 17.95492, 251.2207
-1.695019, 0.01971789, 0.4627866, 17.95492, 263.876
-1.495293, 0.01971789, 0.4732538, 33.54993, 263.7038
-1.495293, 0.1847178, 0.4732538, 33.54993, 251.0654
-1.495293, 0.1847178, 0.4732538, 33.54993, 251.0654
-1.495293, 0.01971789, 0.4732538, 33.54993, 263.7038
-1.482923, 0.01971789, 0.2372142, 28.11264, 267.7025
-1.482923, 0.1847178, 0.2372142, 28.11264, 254.6714
-1.682649, 0.01971789, 0.226747, 12.02497, 267.8856
-1.482923, 0.01971789, 0.2372142, 28.11264, 267.7025
-1.495293, 0.01971789, 0.4732538, 33.54993, 263.7038
-1.695019, 0.01971789, 0.4627866, 17.95492, 263.876
-1.682649, 0.1847178, 0.226747, 12.02497, 254.8365
-1.682649, 0.01971789, 0.226747, 12.02497, 267.8856
-1.695019, 0.01971789, 0.4627866, 17.95492, 263.876
-1.695019, 0.1847178, 0.4627866, 17.95492, 251.2207
-1.482923, 0.1847178, 0.2372142, 28.11264, 254.6714
-1.482923, 0.01971789, 0.2372142, 28.11264, 267.7025
-1.682649, 0.01971789, 0.226747, 12.02497, 267.8856
-1.682649, 0.1847178, 0.226747, 12.02497, 254.8365
box4_Fairever(Clone) stack 102 Shelf_0 Rack_0_1_2
-1.495293, 0.3497178, 0.226747, 26.84202, 241.7874
-1.695019, 0.3497178, 0.2372142, 11.36207, 241.6403
-1.682649, 0.3497178, 0.4732538, 19.19915, 238.4269
-1.482923, 0.3497178, 0.4627866, 34.2225, 238.5653
-1.682649, 0.3497178, 0.4732538, 19.19915, 238.4269
-1.682649, 0.1847179, 0.4732538, 19.19915, 251.0654
-1.482923, 0.1847179, 0.4627866, 34.2225, 251.2207
-1.482923, 0.3497178, 0.4627866, 34.2225, 238.5653
-1.482923, 0.3497178, 0.4627866, 34.2225, 238.5653
-1.482923, 0.1847179, 0.4627866, 34.2225, 251.2207
-1.495293, 0.1847179, 0.226747, 26.84202, 254.8365
-1.495293, 0.3497178, 0.226747, 26.84202, 241.7874
-1.695019, 0.1847179, 0.2372142, 11.36207, 254.6714
-1.495293, 0.1847179, 0.226747, 26.84202, 254.8365
-1.482923, 0.1847179, 0.4627866, 34.2225, 251.2207
-1.682649, 0.1847179, 0.4732538, 19.19915, 251.0654
-1.695019, 0.3497178, 0.2372142, 11.36207, 241.6403
-1.695019, 0.1847179, 0.2372142, 11.36207, 254.6714
-1.682649, 0.1847179, 0.4732538, 19.19915, 251.0654
-1.682649, 0.3497178, 0.4732538, 19.19915, 238.4269
-1.495293, 0.3497178, 0.226747, 26.84202, 241.7874
-1.495293, 0.1847179, 0.226747, 26.84202, 254.8365
-1.695019, 0.1847179, 0.2372142, 11.36207, 254.6714
-1.695019, 0.3497178, 0.2372142, 11.36207, 241.6403
box_3_Hareli(Clone) stack 103 Shelf_0 Rack_0_1_2
-1.892123, 0.1692639, 0.4698507, 3.051181, 252.3
-1.892123, 0.01926387, 0.4698507, 3.051181, 263.7945
-1.892123, 0.1692639, 0.4698507, 3.051181, 252.3
-1.892123, 0.1692639, 0.4698507, 3.051181, 252.3
-1.892123, 0.01926387, 0.4698507, 3.051181, 263.7945
-1.892123, 0.01926387, 0.4698507, 3.051181, 263.7945
box_3_Hareli(Clone) stack 103 Shelf_0 Rack_0_1_2
-1.876299, 0.3192639, 0.4564434, 3.85942, 240.987
-1.876299, 0.1692639, 0.4564435, 3.85942, 252.5012
-1.876299, 0.3192639, 0.4564434, 3.85942, 240.987
-1.876299, 0.3192639, 0.4564434, 3.85942, 240.987
-1.876299, 0.1692639, 0.4564435, 3.85942, 252.5012
-1.876299, 0.1692639, 0.4564435, 3.85942, 252.5012
box_3_Hareli(Clone) stack 103 Shelf_0 Rack_0_1_2
-1.878173, 0.4692639, 0.4582384, 3.769884, 229.4512
-1.878173, 0.3192639, 0.4582384, 3.769884, 240.9627
-1.878173, 0.4692639, 0.4582384, 3.769884, 229.4512
-1.878173, 0.4692639, 0.4582384, 3.769884, 229.4512
-1.878173, 0.3192639, 0.4582384, 3.769884, 240.9627
-1.878173, 0.3192639, 0.4582384, 3.769884, 240.9627
box_3_Hareli(Clone) stack 103 Shelf_0 Rack_0_1_2
-1.880077, 0.6192639, 0.4600004, 3.676987, 217.9209
-1.880077, 0.4692639, 0.4600004, 3.676987, 229.4299
-1.880077, 0.6192639, 0.4600004, 3.676987, 217.9209
-1.880077, 0.6192639, 0.4600004, 3.676987, 217.9209
-1.880077, 0.4692639, 0.4600004, 3.676987, 229.4299
-1.880077, 0.4692639, 0.4600004, 3.676987, 229.4299
box_3_Hareli(Clone) stack 103 Shelf_0 Rack_0_1_2
-1.880077, 0.7692639, 0.4600004, 3.676987, 206.412
-1.880077, 0.6192638, 0.4600004, 3.676987, 217.9209
-1.880077, 0.7692639, 0.4600004, 3.676987, 206.412
-1.880077, 0.7692639, 0.4600004, 3.676987, 206.412
-1.880077, 0.6192638, 0.4600004, 3.676987, 217.9209
-1.880077, 0.6192638, 0.4600004, 3.676987, 217.9209
box_7_litchi(Clone) stack 106 Shelf_1 Rack_0_1_2
-1.408676, 1.414419, 0.2535512, 34.41845, 157.5057
-1.608555, 1.414419, 0.2465713, 18.46358, 157.5264
-1.615535, 1.414419, 0.4464495, 23.59938, 156.9496
-1.415656, 1.414419, 0.4534294, 39.1415, 156.93
-1.615535, 1.414419, 0.4464495, 23.59938, 156.9496
-1.615535, 1.204419, 0.4464495, 23.59938, 173.0901
-1.415656, 1.204419, 0.4534294, 39.1415, 173.0561
-1.415656, 1.414419, 0.4534294, 39.1415, 156.93
-1.415656, 1.414419, 0.4534294, 39.1415, 156.93
-1.415656, 1.204419, 0.4534294, 39.1415, 173.0561
-1.408676, 1.204419, 0.2535512, 34.41845, 174.0552
-1.408676, 1.414419, 0.2535512, 34.41845, 157.5057
-1.608555, 1.204419, 0.2465713, 18.46358, 174.091
-1.408676, 1.204419, 0.2535512, 34.41845, 174.0552
-1.415656, 1.204419, 0.4534294, 39.1415, 173.0561
-1.615535, 1.204419, 0.4464495, 23.59938, 173.0901
-1.608555, 1.414419, 0.2465713, 18.46358, 157.5264
-1.608555, 1.204419, 0.2465713, 18.46358, 174.091
-1.615535, 1.204419, 0.4464495, 23.59938, 173.0901
-1.615535, 1.414419, 0.4464495, 23.59938, 156.9496
-1.408676, 1.414419, 0.2535512, 34.41845, 157.5057
-1.408676, 1.204419, 0.2535512, 34.41845, 174.0552
-1.608555, 1.204419, 0.2465713, 18.46358, 174.091
-1.608555, 1.414419, 0.2465713, 18.46358, 157.5264
box_7_litchi(Clone) stack 106 Shelf_1 Rack_0_1_2
-1.419325, 1.624419, 0.2432683, 33.30012, 140.9644
-1.618837, 1.624419, 0.2572196, 17.96329, 140.9534
-1.604886, 1.624419, 0.4567324, 24.70137, 140.8015
-1.405373, 1.624419, 0.4427811, 39.6581, 140.8119
-1.604886, 1.624419, 0.4567324, 24.70137, 140.8015
-1.604886, 1.414419, 0.4567324, 24.70137, 156.9208
-1.405373, 1.414419, 0.4427811, 39.6581, 156.96
-1.405373, 1.624419, 0.4427811, 39.6581, 140.8119
-1.405373, 1.624419, 0.4427811, 39.6581, 140.8119
-1.405373, 1.414419, 0.4427811, 39.6581, 156.96
-1.419325, 1.414419, 0.2432683, 33.30012, 157.5362
-1.419325, 1.624419, 0.2432683, 33.30012, 140.9644
-1.618837, 1.414419, 0.2572196, 17.96329, 157.4949
-1.419325, 1.414419, 0.2432683, 33.30012, 157.5362
-1.405373, 1.414419, 0.4427811, 39.6581, 156.96
-1.604886, 1.414419, 0.4567324, 24.70137, 156.9208
-1.618837, 1.624419, 0.2572196, 17.96329, 140.9534
-1.618837, 1.414419, 0.2572196, 17.96329, 157.4949
-1.604886, 1.414419, 0.4567324, 24.70137, 156.9208
-1.604886, 1.624419, 0.4567324, 24.70137, 140.8015
-1.419325, 1.624419, 0.2432683, 33.30012, 140.9644
-1.419325, 1.414419, 0.2432683, 33.30012, 157.5362
-1.618837, 1.414419, 0.2572196, 17.96329, 157.4949
-1.618837, 1.624419, 0.2572196, 17.96329, 140.9534
box_7_litchi(Clone) stack 106 Shelf_1 Rack_0_1_2
-1.410375, 1.834419, 0.2517608, 34.23618, 124.4044
-1.610345, 1.834419, 0.2482703, 18.37185, 124.3995
-1.613835, 1.834419, 0.4482399, 23.77955, 124.671
-1.413866, 1.834419, 0.4517304, 39.23534, 124.6756
-1.613835, 1.834419, 0.4482399, 23.77955, 124.671
-1.613835, 1.624419, 0.4482399, 23.77955, 140.8078
-1.413866, 1.624419, 0.4517304, 39.23534, 140.8052
-1.413866, 1.834419, 0.4517304, 39.23534, 124.6756
-1.413866, 1.834419, 0.4517304, 39.23534, 124.6756
-1.413866, 1.624419, 0.4517304, 39.23534, 140.8052
-1.410375, 1.624419, 0.2517608, 34.23618, 140.9577
-1.410375, 1.834419, 0.2517608, 34.23618, 124.4044
-1.610345, 1.624419, 0.2482704, 18.37185, 140.9604
-1.410375, 1.624419, 0.2517608, 34.23618, 140.9577
-1.413866, 1.624419, 0.4517304, 39.23534, 140.8052
-1.613835, 1.624419, 0.4482399, 23.77955, 140.8078
-1.610345, 1.834419, 0.2482703, 18.37185, 124.3995
-1.610345, 1.624419, 0.2482704, 18.37185, 140.9604
-1.613835, 1.624419, 0.4482399, 23.77955, 140.8078
-1.613835, 1.834419, 0.4482399, 23.77955, 124.671
-1.410375, 1.834419, 0.2517608, 34.23618, 124.4044
-1.410375, 1.624419, 0.2517608, 34.23618, 140.9577
-1.610345, 1.624419, 0.2482704, 18.37185, 140.9604
-1.610345, 1.834419, 0.2482703, 18.37185, 124.3995
box_7_litchi(Clone) stack 106 Shelf_1 Rack_0_1_2
-1.400664, 2.044419, 0.2629327, 35.30212, 107.8908
-1.599173, 2.044419, 0.2385588, 18.97076, 107.8039
-1.623547, 2.044419, 0.4370681, 22.72242, 108.4963
-1.425038, 2.044419, 0.4614419, 38.6276, 108.5789
-1.623547, 2.044419, 0.4370681, 22.72242, 108.4963
-1.623547, 1.834419, 0.4370681, 22.72242, 124.6562
-1.425038, 1.834419, 0.4614419, 38.6276, 124.6884
-1.425038, 2.044419, 0.4614419, 38.6276, 108.5789
-1.425038, 2.044419, 0.4614419, 38.6276, 108.5789
-1.425038, 1.834419, 0.4614419, 38.6276, 124.6884
-1.400664, 1.834419, 0.2629327, 35.30212, 124.4199
-1.400664, 2.044419, 0.2629327, 35.30212, 107.8908
-1.599173, 1.834419, 0.2385588, 18.97076, 124.386
-1.400664, 1.834419, 0.2629327, 35.30212, 124.4199
-1.425038, 1.834419, 0.4614419, 38.6276, 124.6884
-1.623547, 1.834419, 0.4370681, 22.72242, 124.6562
-1.599173, 2.044419, 0.2385588, 18.97076, 107.8039
-1.599173, 1.834419, 0.2385588, 18.97076, 124.386
-1.623547, 1.834419, 0.4370681, 22.72242, 124.6562
-1.623547, 2.044419, 0.4370681, 22.72242, 108.4963
-1.400664, 2.044419, 0.2629327, 35.30212, 107.8908
-1.400664, 1.834419, 0.2629327, 35.30212, 124.4199
-1.599173, 1.834419, 0.2385588, 18.97076, 124.386
-1.599173, 2.044419, 0.2385588, 18.97076, 107.8039
box_8_lizol(Clone) stack 107 Shelf_1 Rack_0_1_2
-1.784988, 1.380775, 0.2397029, 4.333849, 160.203
-1.815066, 1.380775, 0.4846717, 9.392552, 159.416
-1.815066, 1.204525, 0.4846717, 9.392552, 172.8965
-1.815066, 1.380775, 0.4846717, 9.392552, 159.416
-1.815066, 1.380775, 0.4846717, 9.392552, 159.416
-1.815066, 1.204525, 0.4846717, 9.392552, 172.8965
-1.784988, 1.204525, 0.2397029, 4.333849, 174.118
-1.784988, 1.380775, 0.2397029, 4.333849, 160.203
-1.784988, 1.204525, 0.2397029, 4.333849, 174.118
-1.815066, 1.204525, 0.4846717, 9.392552, 172.8965
-1.784988, 1.380775, 0.2397029, 4.333849, 160.203
-1.784988, 1.204525, 0.2397029, 4.333849, 174.118
box_8_lizol(Clone) stack 107 Shelf_1 Rack_0_1_2
-1.80365, 1.557025, 0.2231813, 2.343864, 146.3126
-1.795036, 1.557025, 0.4698395, 10.49063, 145.9562
-1.795036, 1.380775, 0.4698395, 10.49063, 159.4622
-1.795036, 1.557025, 0.4698395, 10.49063, 145.9562
-1.795036, 1.557025, 0.4698395, 10.49063, 145.9562
-1.795036, 1.380775, 0.4698395, 10.49063, 159.4622
-1.80365, 1.380775, 0.2231813, 2.343864, 160.2579
-1.80365, 1.557025, 0.2231813, 2.343864, 146.3126
-1.80365, 1.380775, 0.2231813, 2.343864, 160.2579
-1.795036, 1.380775, 0.4698395, 10.49063, 159.4622
-1.80365, 1.557025, 0.2231813, 2.343864, 146.3126
-1.80365, 1.380775, 0.2231813, 2.343864, 160.2579
box_8_lizol(Clone) stack 107 Shelf_1 Rack_0_1_2
-1.784988, 1.733275, 0.2397029, 4.333849, 132.3729
-1.815066, 1.733275, 0.4846717, 9.392552, 132.455
-1.815066, 1.557025, 0.4846717, 9.392552, 145.9355
-1.815066, 1.733275, 0.4846717, 9.392552, 132.455
-1.815066, 1.733275, 0.4846717, 9.392552, 132.455
-1.815066, 1.557025, 0.4846717, 9.392552, 145.9355
-1.784988, 1.557025, 0.2397029, 4.333849, 146.288
-1.784988, 1.733275, 0.2397029, 4.333849, 132.3729
-1.784988, 1.557025, 0.2397029, 4.333849, 146.288
-1.815066, 1.557025, 0.4846717, 9.392552, 145.9355
-1.784988, 1.733275, 0.2397029, 4.333849, 132.3729
-1.784988, 1.557025, 0.2397029, 4.333849, 146.288
box_8_lizol(Clone) stack 107 Shelf_1 Rack_0_1_2
-1.812729, 1.909525, 0.2168193, 1.425319, 118.408
-1.78693, 1.909525, 0.4622758, 10.89046, 118.9286
-1.78693, 1.733275, 0.4622758, 10.89046, 132.4477
-1.78693, 1.909525, 0.4622758, 10.89046, 118.9286
-1.78693, 1.909525, 0.4622758, 10.89046, 118.9286
-1.78693, 1.733275, 0.4622758, 10.89046, 132.4477
-1.812729, 1.733275, 0.2168193, 1.425319, 132.365
-1.812729, 1.909525, 0.2168193, 1.425319, 118.408
-1.812729, 1.733275, 0.2168193, 1.425319, 132.365
-1.78693, 1.733275, 0.4622758, 10.89046, 132.4477
-1.812729, 1.909525, 0.2168193, 1.425319, 118.408
-1.812729, 1.733275, 0.2168193, 1.425319, 132.365
box_6_melody(Clone) stack 111 Shelf_2 Rack_0_1_2
-1.829276, 2.576536, 0.2217414, 0.2706814, 65.6331
-1.808359, 2.576536, 0.4608282, 9.204097, 67.75369
-1.808359, 2.389036, 0.4608282, 9.204097, 82.13837
-1.808359, 2.576536, 0.4608282, 9.204097, 67.75369
-1.808359, 2.576536, 0.4608282, 9.204097, 67.75369
-1.808359, 2.389036, 0.4608282, 9.204097, 82.13837
-1.829276, 2.389036, 0.2217414, 0.2706814, 80.47139
-1.829276, 2.576536, 0.2217414, 0.2706814, 65.6331
-1.829276, 2.389036, 0.2217414, 0.2706814, 80.47139
-1.808359, 2.389036, 0.4608282, 9.204097, 82.13837
-1.829276, 2.576536, 0.2217414, 0.2706814, 65.6331
-1.829276, 2.389036, 0.2217414, 0.2706814, 80.47139
box_6_melody(Clone) stack 111 Shelf_2 Rack_0_1_2
-1.808359, 2.764036, 0.2391725, 2.472153, 50.98798
-1.829276, 2.764036, 0.4782594, 8.116164, 53.55057
-1.829276, 2.576536, 0.4782594, 8.116164, 67.90323
-1.829276, 2.764036, 0.4782594, 8.116164, 53.55057
-1.829276, 2.764036, 0.4782594, 8.116164, 53.55057
-1.829276, 2.576536, 0.4782594, 8.116164, 67.90323
-1.808359, 2.576536, 0.2391725, 2.472153, 65.79222
-1.808359, 2.764036, 0.2391725, 2.472153, 50.98798
-1.808359, 2.576536, 0.2391725, 2.472153, 65.79222
-1.829276, 2.576536, 0.4782594, 8.116164, 67.90323
-1.808359, 2.764036, 0.2391725, 2.472153, 50.98798
-1.808359, 2.576536, 0.2391725, 2.472153, 65.79222
box_6_melody(Clone) stack 111 Shelf_2 Rack_0_1_2
-1.822686, 2.951536, 0.2265834, 0.9449244, 36.01976
-1.81431, 2.951536, 0.4664374, 8.913288, 39.05318
-1.81431, 2.764036, 0.4664374, 8.913288, 53.42755
-1.81431, 2.951536, 0.4664374, 8.913288, 39.05318
-1.81431, 2.951536, 0.4664374, 8.913288, 39.05318
-1.81431, 2.764036, 0.4664374, 8.913288, 53.42755
-1.822686, 2.764036, 0.2265835, 0.9449244, 50.84857
-1.822686, 2.951536, 0.2265834, 0.9449244, 36.01976
-1.822686, 2.764036, 0.2265835, 0.9449244, 50.84857
-1.81431, 2.764036, 0.4664374, 8.913288, 53.42755
-1.822686, 2.951536, 0.2265834, 0.9449244, 36.01976
-1.822686, 2.764036, 0.2265835, 0.9449244, 50.84857
