box4_Fairever(Clone) stack 119 Shelf_1 Rack_1_1_0
-8.24642, 1.369311, 0.2235528, 469.7271, 161.1636
-8.26702, 1.369311, 0.4590169, 461.2283, 160.3757
-8.067781, 1.369311, 0.476448, 475.991, 160.3193
-8.26702, 1.369311, 0.4590169, 461.2283, 160.3757
-8.26702, 1.204311, 0.4590169, 461.2283, 173.0372
-8.067781, 1.204311, 0.476448, 475.991, 172.9525
-8.067781, 1.369311, 0.476448, 475.991, 160.3193
-8.067781, 1.369311, 0.476448, 475.991, 160.3193
-8.067781, 1.204311, 0.476448, 475.991, 172.9525
-8.24642, 1.204311, 0.2235527, 469.7271, 174.2182
-8.067781, 1.204311, 0.476448, 475.991, 172.9525
-8.26702, 1.204311, 0.4590169, 461.2283, 173.0372
-8.24642, 1.369311, 0.2235528, 469.7271, 161.1636
-8.24642, 1.204311, 0.2235527, 469.7271, 174.2182
-8.26702, 1.204311, 0.4590169, 461.2283, 173.0372
-8.26702, 1.369311, 0.4590169, 461.2283, 160.3757
-8.24642, 1.204311, 0.2235527, 469.7271, 174.2182
-8.24642, 1.369311, 0.2235528, 469.7271, 161.1636
box4_Fairever(Clone) stack 119 Shelf_1 Rack_1_1_0
-8.252915, 1.534311, 0.2284006, 469.0668, 148.1007
-8.261165, 1.534311, 0.4646202, 461.5189, 147.7052
-8.061286, 1.534311, 0.4716001, 476.6347, 147.6938
-8.261165, 1.534311, 0.4646202, 461.5189, 147.7052
-8.261165, 1.369311, 0.4646202, 461.5189, 160.3575
-8.061286, 1.369311, 0.4716001, 476.6347, 160.335
-8.061286, 1.534311, 0.4716001, 476.6347, 147.6938
-8.061286, 1.534311, 0.4716001, 476.6347, 147.6938
-8.061286, 1.369311, 0.4716001, 476.6347, 160.335
-8.252915, 1.369311, 0.2284006, 469.0668, 161.1469
-8.061286, 1.369311, 0.4716001, 476.6347, 160.335
-8.261165, 1.369311, 0.4646202, 461.5189, 160.3575
-8.252915, 1.534311, 0.2284006, 469.0668, 148.1007
-8.252915, 1.369311, 0.2284006, 469.0668, 161.1469
-8.261165, 1.369311, 0.4646202, 461.5189, 160.3575
-8.261165, 1.534311, 0.4646202, 461.5189, 147.7052
-8.252915, 1.369311, 0.2284006, 469.0668, 161.1469
-8.252915, 1.534311, 0.2284006, 469.0668, 148.1007
box4_Fairever(Clone) stack 119 Shelf_1 Rack_1_1_0
-8.257101, 1.699311, 0.2318186, 468.6328, 135.0544
-8.257101, 1.699311, 0.4681821, 461.7295, 135.0528
-8.0571, 1.699311, 0.4681821, 477.0589, 135.0528
-8.257101, 1.699311, 0.4681821, 461.7295, 135.0528
-8.257101, 1.534311, 0.4681821, 461.7295, 147.6994
-8.0571, 1.534311, 0.4681821, 477.0589, 147.6994
-8.0571, 1.699311, 0.4681821, 477.0589, 135.0528
-8.0571, 1.699311, 0.4681821, 477.0589, 135.0528
-8.0571, 1.534311, 0.4681821, 477.0589, 147.6994
-8.257101, 1.534311, 0.2318186, 468.6328, 148.0948
-8.0571, 1.534311, 0.4681821, 477.0589, 147.6994
-8.257101, 1.534311, 0.4681821, 461.7295, 147.6994
-8.257101, 1.699311, 0.2318186, 468.6328, 135.0544
-8.257101, 1.534311, 0.2318186, 468.6328, 148.0948
-8.257101, 1.534311, 0.4681821, 461.7295, 147.6994
-8.257101, 1.699311, 0.4681821, 461.7295, 135.0528
-8.257101, 1.534311, 0.2318186, 468.6328, 148.0948
-8.257101, 1.699311, 0.2318186, 468.6328, 135.0544
box4_Fairever(Clone) stack 119 Shelf_1 Rack_1_1_0
-8.255023, 1.864311, 0.2300913, 468.8492, 122.0111
-8.259148, 1.864311, 0.4664189, 461.6226, 122.4034
-8.059178, 1.864311, 0.4699094, 476.8473, 122.409
-8.259148, 1.864311, 0.4664189, 461.6226, 122.4034
-8.259148, 1.699311, 0.4664189, 461.6226, 135.0528
-8.059178, 1.699311, 0.4699094, 476.8473, 135.0528
-8.059178, 1.864311, 0.4699094, 476.8473, 122.409
-8.059178, 1.864311, 0.4699094, 476.8473, 122.409
-8.059178, 1.699311, 0.4699094, 476.8473, 135.0528
-8.255023, 1.699311, 0.2300914, 468.8492, 135.0545
-8.059178, 1.699311, 0.4699094, 476.8473, 135.0528
-8.259148, 1.699311, 0.4664189, 461.6226, 135.0528
-8.255023, 1.864311, 0.2300913, 468.8492, 122.0111
-8.255023, 1.699311, 0.2300914, 468.8492, 135.0545
-8.259148, 1.699311, 0.4664189, 461.6226, 135.0528
-8.259148, 1.864311, 0.4664189, 461.6226, 122.4034
-8.255023, 1.699311, 0.2300914, 468.8492, 135.0545
-8.255023, 1.864311, 0.2300913, 468.8492, 122.0111
box4_Fairever(Clone) stack 119 Shelf_1 Rack_1_1_0
-8.257101, 2.029311, 0.2318186, 468.6328, 108.9737
-8.257101, 2.029311, 0.4681821, 461.7295, 109.7596
-8.0571, 2.029311, 0.4681821, 477.0589, 109.7596
-8.257101, 2.029311, 0.4681821, 461.7295, 109.7596
-8.257101, 1.864311, 0.4681821, 461.7295, 122.4062
-8.0571, 1.864311, 0.4681821, 477.0589, 122.4062
-8.0571, 2.029311, 0.4681821, 477.0589, 109.7596
-8.0571, 2.029311, 0.4681821, 477.0589, 109.7596
-8.0571, 1.864311, 0.4681821, 477.0589, 122.4062
-8.257101, 1.864311, 0.2318186, 468.6328, 122.0141
-8.0571, 1.864311, 0.4681821, 477.0589, 122.4062
-8.257101, 1.864311, 0.4681821, 461.7295, 122.4062
-8.257101, 2.029311, 0.2318186, 468.6328, 108.9737
-8.257101, 1.864311, 0.2318186, 468.6328, 122.0141
-8.257101, 1.864311, 0.4681821, 461.7295, 122.4062
-8.257101, 2.029311, 0.4681821, 461.7295, 109.7596
-8.257101, 1.864311, 0.2318186, 468.6328, 122.0141
-8.257101, 2.029311, 0.2318186, 468.6328, 108.9737
box_6_melody(Clone) stack 128 Shelf_0 Rack_1_1_1
-9.908854, 0.2073492, 0.2430817, 337.9456, 252.7931
-10.10736, 0.2073492, 0.2187079, 322.5447, 253.1719
-10.13661, 0.2073492, 0.456919, 317.7842, 249.5708
-9.938103, 0.2073492, 0.4812929, 332.7319, 249.2147
-10.13661, 0.2073492, 0.456919, 317.7842, 249.5708
-10.13661, 0.01984931, 0.456919, 317.7842, 263.9626
-9.938103, 0.01984931, 0.4812929, 332.7319, 263.5618
-9.938103, 0.2073492, 0.4812929, 332.7319, 249.2147
-9.938103, 0.2073492, 0.4812929, 332.7319, 249.2147
-9.938103, 0.01984931, 0.4812929, 332.7319, 263.5618
-9.908854, 0.01984931, 0.2430817, 337.9456, 267.5897
-9.908854, 0.2073492, 0.2430817, 337.9456, 252.7931
-10.10736, 0.01984931, 0.2187079, 322.5447, 268.0161
-9.908854, 0.01984931, 0.2430817, 337.9456, 267.5897
-9.938103, 0.01984931, 0.4812929, 332.7319, 263.5618
-10.13661, 0.01984931, 0.456919, 317.7842, 263.9626
-10.10736, 0.2073492, 0.2187079, 322.5447, 253.1719
-10.10736, 0.01984931, 0.2187079, 322.5447, 268.0161
-10.13661, 0.01984931, 0.456919, 317.7842, 263.9626
-10.13661, 0.2073492, 0.456919, 317.7842, 249.5708
-9.908854, 0.2073492, 0.2430817, 337.9456, 252.7931
-9.908854, 0.01984931, 0.2430817, 337.9456, 267.5897
-10.10736, 0.01984931, 0.2187079, 322.5447, 268.0161
-10.10736, 0.2073492, 0.2187079, 322.5447, 253.1719
box_6_melody(Clone) stack 128 Shelf_0 Rack_1_1_1
-9.933572, 0.3948492, 0.2217414, 336.2651, 238.2864
-10.13281, 0.3948492, 0.2391725, 320.3131, 238.0495
-10.11189, 0.3948492, 0.4782594, 319.4646, 234.9062
-9.912655, 0.3948492, 0.4608282, 334.9269, 235.1289
-10.11189, 0.3948492, 0.4782594, 319.4646, 234.9062
-10.11189, 0.2073492, 0.4782594, 319.4646, 249.2589
-9.912655, 0.2073492, 0.4608282, 334.9269, 249.5135
-9.912655, 0.3948492, 0.4608282, 334.9269, 235.1289
-9.912655, 0.3948492, 0.4608282, 334.9269, 235.1289
-9.912655, 0.2073492, 0.4608282, 334.9269, 249.5135
-9.933572, 0.2073492, 0.2217414, 336.2651, 253.1246
-9.933572, 0.3948492, 0.2217414, 336.2651, 238.2864
-10.13281, 0.2073492, 0.2391725, 320.3131, 252.8537
-9.933572, 0.2073492, 0.2217414, 336.2651, 253.1246
-9.912655, 0.2073492, 0.4608282, 334.9269, 249.5135
-10.11189, 0.2073492, 0.4782594, 319.4646, 249.2589
-10.13281, 0.3948492, 0.2391725, 320.3131, 238.0495
-10.13281, 0.2073492, 0.2391725, 320.3131, 252.8537
-10.11189, 0.2073492, 0.4782594, 319.4646, 249.2589
-10.11189, 0.3948492, 0.4782594, 319.4646, 234.9062
-9.933572, 0.3948492, 0.2217414, 336.2651, 238.2864
-9.933572, 0.2073492, 0.2217414, 336.2651, 253.1246
-10.13281, 0.2073492, 0.2391725, 320.3131, 252.8537
-10.13281, 0.3948492, 0.2391725, 320.3131, 238.0495
box_6_melody(Clone) stack 128 Shelf_0 Rack_1_1_1
-9.92915, 0.5823491, 0.2249312, 336.5744, 223.4109
-10.12888, 0.5823491, 0.2353984, 320.6639, 223.2891
-10.11632, 0.5823491, 0.4750696, 319.1582, 220.5883
-9.91659, 0.5823491, 0.4646024, 334.5794, 220.7028
-10.11632, 0.5823491, 0.4750696, 319.1582, 220.5883
-10.11632, 0.3948492, 0.4750696, 319.1582, 234.9469
-9.91659, 0.3948492, 0.4646024, 334.5794, 235.0806
-9.91659, 0.5823491, 0.4646024, 334.5794, 220.7028
-9.91659, 0.5823491, 0.4646024, 334.5794, 220.7028
-9.91659, 0.3948492, 0.4646024, 334.5794, 235.0806
-9.92915, 0.3948492, 0.2249312, 336.5744, 238.2429
-9.92915, 0.5823491, 0.2249312, 336.5744, 223.4109
-10.12888, 0.3948492, 0.2353984, 320.6639, 238.1007
-9.92915, 0.3948492, 0.2249312, 336.5744, 238.2429
-9.91659, 0.3948492, 0.4646024, 334.5794, 235.0806
-10.11632, 0.3948492, 0.4750696, 319.1582, 234.9469
-10.12888, 0.5823491, 0.2353984, 320.6639, 223.2891
-10.12888, 0.3948492, 0.2353984, 320.6639, 238.1007
-10.11632, 0.3948492, 0.4750696, 319.1582, 234.9469
-10.11632, 0.5823491, 0.4750696, 319.1582, 220.5883
-9.92915, 0.5823491, 0.2249312, 336.5744, 223.4109
-9.92915, 0.3948492, 0.2249312, 336.5744, 238.2429
-10.12888, 0.3948492, 0.2353984, 320.6639, 238.1007
-10.12888, 0.5823491, 0.2353984, 320.6639, 223.2891
box_6_melody(Clone) stack 128 Shelf_0 Rack_1_1_1
-9.912655, 0.7698491, 0.2391725, 337.6958, 208.441
-10.11189, 0.7698491, 0.2217414, 322.1532, 208.6098
-10.13281, 0.7698491, 0.4608282, 318.0369, 206.3595
-9.933572, 0.7698491, 0.4782594, 333.1147, 206.2008
-10.13281, 0.7698491, 0.4608282, 318.0369, 206.3595
-10.13281, 0.5823491, 0.4608282, 318.0369, 220.7442
-9.933572, 0.5823491, 0.4782594, 333.1147, 220.5535
-9.933572, 0.7698491, 0.4782594, 333.1147, 206.2008
-9.933572, 0.7698491, 0.4782594, 333.1147, 206.2008
-9.933572, 0.5823491, 0.4782594, 333.1147, 220.5535
-9.912655, 0.5823491, 0.2391725, 337.6958, 223.2452
-9.912655, 0.7698491, 0.2391725, 337.6958, 208.441
-10.11189, 0.5823491, 0.2217414, 322.1532, 223.4481
-9.912655, 0.5823491, 0.2391725, 337.6958, 223.2452
-9.933572, 0.5823491, 0.4782594, 333.1147, 220.5535
-10.13281, 0.5823491, 0.4608282, 318.0369, 220.7442
-10.11189, 0.7698491, 0.2217414, 322.1532, 208.6098
-10.11189, 0.5823491, 0.2217414, 322.1532, 223.4481
-10.13281, 0.5823491, 0.4608282, 318.0369, 220.7442
-10.13281, 0.7698491, 0.4608282, 318.0369, 206.3595
-9.912655, 0.7698491, 0.2391725, 337.6958, 208.441
-9.912655, 0.5823491, 0.2391725, 337.6958, 223.2452
-10.11189, 0.5823491, 0.2217414, 322.1532, 223.4481
-10.11189, 0.7698491, 0.2217414, 322.1532, 208.6098
box_2_Parle-G(Clone) stack 129 Shelf_0 Rack_1_1_1
-9.52623, 0.274422, 0.2841088, 367.4527, 246.8962
-9.7262, 0.274422, 0.2806183, 351.8077, 246.9473
-9.728561, 0.274422, 0.4158919, 349.6804, 244.9998
-9.528591, 0.274422, 0.4193824, 365.0543, 244.9505
-9.728561, 0.274422, 0.4158919, 349.6804, 244.9998
-9.728561, 0.01942197, 0.4158919, 349.6804, 264.6761
-9.528591, 0.01942197, 0.4193824, 365.0543, 264.6179
-9.528591, 0.274422, 0.4193824, 365.0543, 244.9505
-9.528591, 0.274422, 0.4193824, 365.0543, 244.9505
-9.528591, 0.01942197, 0.4193824, 365.0543, 264.6179
-9.52623, 0.01942196, 0.2841088, 367.4527, 266.9116
-9.52623, 0.274422, 0.2841088, 367.4527, 246.8962
-9.7262, 0.01942196, 0.2806184, 351.8077, 266.9719
-9.52623, 0.01942196, 0.2841088, 367.4527, 266.9116
-9.528591, 0.01942197, 0.4193824, 365.0543, 264.6179
-9.728561, 0.01942197, 0.4158919, 349.6804, 264.6761
-9.7262, 0.274422, 0.2806183, 351.8077, 246.9473
-9.7262, 0.01942196, 0.2806184, 351.8077, 266.9719
-9.728561, 0.01942197, 0.4158919, 349.6804, 264.6761
-9.728561, 0.274422, 0.4158919, 349.6804, 244.9998
-9.52623, 0.274422, 0.2841088, 367.4527, 246.8962
-9.52623, 0.01942196, 0.2841088, 367.4527, 266.9116
-9.7262, 0.01942196, 0.2806184, 351.8077, 266.9719
-9.7262, 0.274422, 0.2806183, 351.8077, 246.9473
box_2_Parle-G(Clone) stack 129 Shelf_0 Rack_1_1_1
-9.520872, 0.5294219, 0.2931767, 367.7217, 226.7719
-9.719777, 0.5294219, 0.272271, 352.4349, 227.0233
-9.733919, 0.5294219, 0.406824, 349.3946, 225.4291
-9.535014, 0.5294219, 0.4277297, 364.4254, 225.1863
-9.733919, 0.5294219, 0.406824, 349.3946, 225.4291
-9.733919, 0.2744219, 0.406824, 349.3946, 245.1283
-9.535014, 0.2744219, 0.4277297, 364.4254, 244.8326
-9.535014, 0.5294219, 0.4277297, 364.4254, 225.1863
-9.535014, 0.5294219, 0.4277297, 364.4254, 225.1863
-9.535014, 0.2744219, 0.4277297, 364.4254, 244.8326
-9.520872, 0.2744219, 0.2931767, 367.7217, 246.7636
-9.520872, 0.5294219, 0.2931767, 367.7217, 226.7719
-9.719777, 0.2744219, 0.272271, 352.4349, 247.0698
-9.520872, 0.2744219, 0.2931767, 367.7217, 246.7636
-9.535014, 0.2744219, 0.4277297, 364.4254, 244.8326
-9.733919, 0.2744219, 0.406824, 349.3946, 245.1283
-9.719777, 0.5294219, 0.272271, 352.4349, 227.0233
-9.719777, 0.2744219, 0.272271, 352.4349, 247.0698
-9.733919, 0.2744219, 0.406824, 349.3946, 245.1283
-9.733919, 0.5294219, 0.406824, 349.3946, 225.4291
-9.520872, 0.5294219, 0.2931767, 367.7217, 226.7719
-9.520872, 0.2744219, 0.2931767, 367.7217, 246.7636
-9.719777, 0.2744219, 0.272271, 352.4349, 247.0698
-9.719777, 0.5294219, 0.272271, 352.4349, 227.0233
box_2_Parle-G(Clone) stack 129 Shelf_0 Rack_1_1_1
-9.525096, 0.784422, 0.2858844, 367.512, 206.8487
-9.724974, 0.784422, 0.2789046, 351.9291, 206.9144
-9.729695, 0.784422, 0.4141163, 349.618, 205.6636
-9.529818, 0.784422, 0.4210961, 364.9322, 205.6002
-9.729695, 0.784422, 0.4141163, 349.618, 205.6636
-9.729695, 0.5294219, 0.4141163, 349.618, 225.3443
-9.529818, 0.5294219, 0.4210962, 364.9322, 225.2632
-9.529818, 0.784422, 0.4210961, 364.9322, 205.6002
-9.529818, 0.784422, 0.4210961, 364.9322, 205.6002
-9.529818, 0.5294219, 0.4210962, 364.9322, 225.2632
-9.525096, 0.5294219, 0.2858845, 367.512, 226.8595
-9.525096, 0.784422, 0.2858844, 367.512, 206.8487
-9.724974, 0.5294219, 0.2789046, 351.9291, 226.9434
-9.525096, 0.5294219, 0.2858845, 367.512, 226.8595
-9.529818, 0.5294219, 0.4210962, 364.9322, 225.2632
-9.729695, 0.5294219, 0.4141163, 349.618, 225.3443
-9.724974, 0.784422, 0.2789046, 351.9291, 206.9144
-9.724974, 0.5294219, 0.2789046, 351.9291, 226.9434
-9.729695, 0.5294219, 0.4141163, 349.618, 225.3443
-9.729695, 0.784422, 0.4141163, 349.618, 205.6636
-9.525096, 0.784422, 0.2858844, 367.512, 206.8487
-9.525096, 0.5294219, 0.2858845, 367.512, 226.8595
-9.724974, 0.5294219, 0.2789046, 351.9291, 226.9434
-9.724974, 0.784422, 0.2789046, 351.9291, 206.9144
box_5_LMRR(Clone) stack 130 Shelf_0 Rack_1_1_1
-9.144822, 0.162368, 0.2028563, 399.081, 256.9882
-9.344547, 0.162368, 0.2133235, 383.0378, 256.8196
-9.329673, 0.162368, 0.4971444, 379.0068, 252.4192
-9.129948, 0.162368, 0.4866772, 394.4643, 252.5758
-9.329673, 0.162368, 0.4971444, 379.0068, 252.4192
-9.329673, 0.019868, 0.4971444, 379.0068, 263.301
-9.129948, 0.019868, 0.4866772, 394.4643, 263.4721
-9.129948, 0.162368, 0.4866772, 394.4643, 252.5758
-9.129948, 0.162368, 0.4866772, 394.4643, 252.5758
-9.129948, 0.019868, 0.4866772, 394.4643, 263.4721
-9.144822, 0.019868, 0.2028564, 399.081, 268.2935
-9.144822, 0.162368, 0.2028563, 399.081, 256.9882
-9.344547, 0.019868, 0.2133235, 383.0378, 268.1092
-9.144822, 0.019868, 0.2028564, 399.081, 268.2935
-9.129948, 0.019868, 0.4866772, 394.4643, 263.4721
-9.329673, 0.019868, 0.4971444, 379.0068, 263.301
-9.344547, 0.162368, 0.2133235, 383.0378, 256.8196
-9.344547, 0.019868, 0.2133235, 383.0378, 268.1092
-9.329673, 0.019868, 0.4971444, 379.0068, 263.301
-9.329673, 0.162368, 0.4971444, 379.0068, 252.4192
-9.144822, 0.162368, 0.2028563, 399.081, 256.9882
-9.144822, 0.019868, 0.2028564, 399.081, 268.2935
-9.344547, 0.019868, 0.2133235, 383.0378, 268.1092
-9.344547, 0.162368, 0.2133235, 383.0378, 256.8196
box_5_LMRR(Clone) stack 130 Shelf_0 Rack_1_1_1
-9.139743, 0.304868, 0.2061716, 399.4141, 245.6344
-9.339712, 0.304868, 0.209662, 383.4902, 245.5834
-9.334752, 0.304868, 0.4938292, 378.6774, 241.5823
-9.134783, 0.304868, 0.4903387, 394.0227, 241.6297
-9.334752, 0.304868, 0.4938292, 378.6774, 241.5823
-9.334752, 0.162368, 0.4938292, 378.6774, 252.4687
-9.134783, 0.162368, 0.4903387, 394.0227, 252.521
-9.134783, 0.304868, 0.4903387, 394.0227, 241.6297
-9.134783, 0.304868, 0.4903387, 394.0227, 241.6297
-9.134783, 0.162368, 0.4903387, 394.0227, 252.521
-9.139743, 0.162368, 0.2061716, 399.4141, 256.9348
-9.139743, 0.304868, 0.2061716, 399.4141, 245.6344
-9.339712, 0.162368, 0.2096621, 383.4902, 256.8785
-9.139743, 0.162368, 0.2061716, 399.4141, 256.9348
-9.134783, 0.162368, 0.4903387, 394.0227, 252.521
-9.334752, 0.162368, 0.4938292, 378.6774, 252.4687
-9.339712, 0.304868, 0.209662, 383.4902, 245.5834
-9.339712, 0.162368, 0.2096621, 383.4902, 256.8785
-9.334752, 0.162368, 0.4938292, 378.6774, 252.4687
-9.334752, 0.304868, 0.4938292, 378.6774, 241.5823
-9.139743, 0.304868, 0.2061716, 399.4141, 245.6344
-9.139743, 0.162368, 0.2061716, 399.4141, 256.9348
-9.339712, 0.162368, 0.2096621, 383.4902, 256.8785
-9.339712, 0.304868, 0.209662, 383.4902, 245.5834
box_5_LMRR(Clone) stack 130 Shelf_0 Rack_1_1_1
-9.127579, 0.447368, 0.215217, 400.1872, 234.2155
-9.327091, 0.447368, 0.2012657, 384.6511, 234.3986
-9.346916, 0.447368, 0.4847837, 377.907, 230.8062
-9.147404, 0.447368, 0.498735, 392.8946, 230.6362
-9.346916, 0.447368, 0.4847837, 377.907, 230.8062
-9.346916, 0.304868, 0.4847838, 377.907, 241.7052
-9.147404, 0.304868, 0.498735, 392.8946, 241.5158
-9.147404, 0.447368, 0.498735, 392.8946, 230.6362
-9.147404, 0.447368, 0.498735, 392.8946, 230.6362
-9.147404, 0.304868, 0.498735, 392.8946, 241.5158
-9.127579, 0.3048679, 0.215217, 400.1872, 245.5023
-9.127579, 0.447368, 0.215217, 400.1872, 234.2155
-9.327091, 0.3048679, 0.2012657, 384.6511, 245.7063
-9.127579, 0.3048679, 0.215217, 400.1872, 245.5023
-9.147404, 0.304868, 0.498735, 392.8946, 241.5158
-9.346916, 0.304868, 0.4847838, 377.907, 241.7052
-9.327091, 0.447368, 0.2012657, 384.6511, 234.3986
-9.327091, 0.3048679, 0.2012657, 384.6511, 245.7063
-9.346916, 0.304868, 0.4847838, 377.907, 241.7052
-9.346916, 0.447368, 0.4847837, 377.907, 230.8062
-9.127579, 0.447368, 0.215217, 400.1872, 234.2155
-9.127579, 0.3048679, 0.215217, 400.1872, 245.5023
-9.327091, 0.3048679, 0.2012657, 384.6511, 245.7063
-9.327091, 0.447368, 0.2012657, 384.6511, 234.3986
box_5_LMRR(Clone) stack 130 Shelf_0 Rack_1_1_1
-9.142268, 0.5898679, 0.2044918, 399.2492, 223.0534
-9.342146, 0.5898679, 0.2114717, 383.263, 222.9722
-9.332227, 0.589868, 0.495509, 378.8406, 219.7914
-9.132349, 0.589868, 0.488529, 394.2443, 219.8668
-9.332227, 0.589868, 0.495509, 378.8406, 219.7914
-9.332227, 0.447368, 0.495509, 378.8406, 230.6754
-9.132349, 0.447368, 0.4885291, 394.2443, 230.7605
-9.132349, 0.589868, 0.488529, 394.2443, 219.8668
-9.132349, 0.589868, 0.488529, 394.2443, 219.8668
-9.132349, 0.447368, 0.4885291, 394.2443, 230.7605
-9.142268, 0.4473679, 0.2044918, 399.2492, 234.3562
-9.142268, 0.5898679, 0.2044918, 399.2492, 223.0534
-9.342146, 0.4473679, 0.2114717, 383.263, 234.2646
-9.142268, 0.4473679, 0.2044918, 399.2492, 234.3562
-9.132349, 0.447368, 0.4885291, 394.2443, 230.7605
-9.332227, 0.447368, 0.495509, 378.8406, 230.6754
-9.342146, 0.5898679, 0.2114717, 383.263, 222.9722
-9.342146, 0.4473679, 0.2114717, 383.263, 234.2646
-9.332227, 0.447368, 0.495509, 378.8406, 230.6754
-9.332227, 0.589868, 0.495509, 378.8406, 219.7914
-9.142268, 0.5898679, 0.2044918, 399.2492, 223.0534
-9.142268, 0.4473679, 0.2044918, 399.2492, 234.3562
-9.342146, 0.4473679, 0.2114717, 383.263, 234.2646
-9.342146, 0.5898679, 0.2114717, 383.263, 222.9722
box_5_LMRR(Clone) stack 130 Shelf_0 Rack_1_1_1
-9.142268, 0.7323679, 0.2044918, 399.2492, 211.7506
-9.342146, 0.7323679, 0.2114717, 383.263, 211.6798
-9.332227, 0.732368, 0.495509, 378.8406, 208.9073
-9.132349, 0.732368, 0.488529, 394.2443, 208.973
-9.332227, 0.732368, 0.495509, 378.8406, 208.9073
-9.332227, 0.5898679, 0.495509, 378.8406, 219.7914
-9.132349, 0.5898679, 0.4885291, 394.2443, 219.8668
-9.132349, 0.732368, 0.488529, 394.2443, 208.973
-9.132349, 0.732368, 0.488529, 394.2443, 208.973
-9.132349, 0.5898679, 0.4885291, 394.2443, 219.8668
-9.142268, 0.5898679, 0.2044918, 399.2492, 223.0534
-9.142268, 0.7323679, 0.2044918, 399.2492, 211.7506
-9.342146, 0.5898679, 0.2114717, 383.263, 222.9722
-9.142268, 0.5898679, 0.2044918, 399.2492, 223.0534
-9.132349, 0.5898679, 0.4885291, 394.2443, 219.8668
-9.332227, 0.5898679, 0.495509, 378.8406, 219.7914
-9.342146, 0.7323679, 0.2114717, 383.263, 211.6798
-9.342146, 0.5898679, 0.2114717, 383.263, 222.9722
-9.332227, 0.5898679, 0.495509, 378.8406, 219.7914
-9.332227, 0.732368, 0.495509, 378.8406, 208.9073
-9.142268, 0.7323679, 0.2044918, 399.2492, 211.7506
-9.142268, 0.5898679, 0.2044918, 399.2492, 223.0534
-9.342146, 0.5898679, 0.2114717, 383.263, 222.9722
-9.342146, 0.7323679, 0.2114717, 383.263, 211.6798
box_5_LMRR(Clone) stack 131 Shelf_0 Rack_1_1_1
-8.74907, 0.162368, 0.2044918, 430.4368, 256.9618
-8.948948, 0.162368, 0.2114717, 414.422, 256.8494
-8.939029, 0.1623681, 0.495509, 408.8729, 252.4436
-8.739151, 0.1623681, 0.488529, 424.3033, 252.548
-8.939029, 0.1623681, 0.495509, 408.8729, 252.4436
-8.939029, 0.01986802, 0.495509, 408.8729, 263.3277
-8.739151, 0.01986802, 0.4885291, 424.3033, 263.4418
-8.739151, 0.1623681, 0.488529, 424.3033, 252.548
-8.739151, 0.1623681, 0.488529, 424.3033, 252.548
-8.739151, 0.01986802, 0.4885291, 424.3033, 263.4418
-8.74907, 0.01986799, 0.2044918, 430.4368, 268.2646
-8.74907, 0.162368, 0.2044918, 430.4368, 256.9618
-8.948948, 0.01986799, 0.2114717, 414.422, 268.1418
-8.74907, 0.01986799, 0.2044918, 430.4368, 268.2646
-8.739151, 0.01986802, 0.4885291, 424.3033, 263.4418
-8.939029, 0.01986802, 0.495509, 408.8729, 263.3277
-8.948948, 0.162368, 0.2114717, 414.422, 256.8494
-8.948948, 0.01986799, 0.2114717, 414.422, 268.1418
-8.939029, 0.01986802, 0.495509, 408.8729, 263.3277
-8.939029, 0.1623681, 0.495509, 408.8729, 252.4436
-8.74907, 0.162368, 0.2044918, 430.4368, 256.9618
-8.74907, 0.01986799, 0.2044918, 430.4368, 268.2646
-8.948948, 0.01986799, 0.2114717, 414.422, 268.1418
-8.948948, 0.162368, 0.2114717, 414.422, 256.8494
box_5_LMRR(Clone) stack 131 Shelf_0 Rack_1_1_1
-8.74907, 0.304868, 0.2044918, 430.4368, 245.659
-8.948948, 0.304868, 0.2114717, 414.422, 245.557
-8.939029, 0.304868, 0.495509, 408.8729, 241.5595
-8.739151, 0.304868, 0.488529, 424.3033, 241.6543
-8.939029, 0.304868, 0.495509, 408.8729, 241.5595
-8.939029, 0.162368, 0.495509, 408.8729, 252.4436
-8.739151, 0.162368, 0.4885291, 424.3033, 252.548
-8.739151, 0.304868, 0.488529, 424.3033, 241.6543
-8.739151, 0.304868, 0.488529, 424.3033, 241.6543
-8.739151, 0.162368, 0.4885291, 424.3033, 252.548
-8.74907, 0.162368, 0.2044918, 430.4368, 256.9619
-8.74907, 0.304868, 0.2044918, 430.4368, 245.659
-8.948948, 0.162368, 0.2114717, 414.422, 256.8494
-8.74907, 0.162368, 0.2044918, 430.4368, 256.9619
-8.739151, 0.162368, 0.4885291, 424.3033, 252.548
-8.939029, 0.162368, 0.495509, 408.8729, 252.4436
-8.948948, 0.304868, 0.2114717, 414.422, 245.557
-8.948948, 0.162368, 0.2114717, 414.422, 256.8494
-8.939029, 0.162368, 0.495509, 408.8729, 252.4436
-8.939029, 0.304868, 0.495509, 408.8729, 241.5595
-8.74907, 0.304868, 0.2044918, 430.4368, 245.659
-8.74907, 0.162368, 0.2044918, 430.4368, 256.9619
-8.948948, 0.162368, 0.2114717, 414.422, 256.8494
-8.948948, 0.304868, 0.2114717, 414.422, 245.557
box_1_Parle-G-GOLD(Clone) stack 132 Shelf_1 Rack_1_1_1
-8.733068, 1.376249, 0.2373341, 430.8773, 160.5682
-8.932307, 1.376249, 0.2547652, 414.7415, 160.5097
-8.914118, 1.376249, 0.4626667, 411.4926, 159.8317
-8.714879, 1.376249, 0.4452356, 427.1913, 159.8872
-8.914118, 1.376249, 0.4626667, 411.4926, 159.8317
-8.914118, 1.203749, 0.4626667, 411.4926, 173.0625
-8.714879, 1.203749, 0.4452356, 427.1913, 173.1475
-8.714879, 1.376249, 0.4452356, 427.1913, 159.8872
-8.714879, 1.376249, 0.4452356, 427.1913, 159.8872
-8.714879, 1.203749, 0.4452356, 427.1913, 173.1475
-8.733068, 1.203749, 0.237334, 430.8773, 174.1914
-8.733068, 1.376249, 0.2373341, 430.8773, 160.5682
-8.932307, 1.203749, 0.2547652, 414.7415, 174.1017
-8.733068, 1.203749, 0.237334, 430.8773, 174.1914
-8.714879, 1.203749, 0.4452356, 427.1913, 173.1475
-8.914118, 1.203749, 0.4626667, 411.4926, 173.0625
-8.932307, 1.376249, 0.2547652, 414.7415, 160.5097
-8.932307, 1.203749, 0.2547652, 414.7415, 174.1017
-8.914118, 1.203749, 0.4626667, 411.4926, 173.0625
-8.914118, 1.376249, 0.4626667, 411.4926, 159.8317
-8.733068, 1.376249, 0.2373341, 430.8773, 160.5682
-8.733068, 1.203749, 0.237334, 430.8773, 174.1914
-8.932307, 1.203749, 0.2547652, 414.7415, 174.1017
-8.932307, 1.376249, 0.2547652, 414.7415, 160.5097
box_1_Parle-G-GOLD(Clone) stack 132 Shelf_1 Rack_1_1_1
-8.713234, 1.548749, 0.256677, 431.955, 146.9147
-8.912138, 1.548749, 0.2357713, 416.7716, 146.9475
-8.933952, 1.548749, 0.4433237, 410.3926, 146.6297
-8.735048, 1.548749, 0.4642295, 425.1903, 146.5986
-8.933952, 1.548749, 0.4433237, 410.3926, 146.6297
-8.933952, 1.376249, 0.4433237, 410.3926, 159.8933
-8.735048, 1.376249, 0.4642295, 425.1903, 159.8268
-8.735048, 1.548749, 0.4642295, 425.1903, 146.5986
-8.735048, 1.548749, 0.4642295, 425.1903, 146.5986
-8.735048, 1.376249, 0.4642295, 425.1903, 159.8268
-8.713234, 1.376249, 0.256677, 431.955, 160.5033
-8.713234, 1.548749, 0.256677, 431.955, 146.9147
-8.912138, 1.376249, 0.2357713, 416.7716, 160.5735
-8.713234, 1.376249, 0.256677, 431.955, 160.5033
-8.735048, 1.376249, 0.4642295, 425.1903, 159.8268
-8.933952, 1.376249, 0.4433237, 410.3926, 159.8933
-8.912138, 1.548749, 0.2357713, 416.7716, 146.9475
-8.912138, 1.376249, 0.2357713, 416.7716, 160.5735
-8.933952, 1.376249, 0.4433237, 410.3926, 159.8933
-8.933952, 1.548749, 0.4433237, 410.3926, 146.6297
-8.713234, 1.548749, 0.256677, 431.955, 146.9147
-8.713234, 1.376249, 0.256677, 431.955, 160.5033
-8.912138, 1.376249, 0.2357713, 416.7716, 160.5735
-8.912138, 1.548749, 0.2357713, 416.7716, 146.9475
box_1_Parle-G-GOLD(Clone) stack 132 Shelf_1 Rack_1_1_1
-8.733068, 1.721249, 0.2373341, 430.8773, 133.3218
-8.932307, 1.721249, 0.2547652, 414.7415, 133.3257
-8.914118, 1.721249, 0.4626667, 411.4926, 133.3702
-8.714879, 1.721249, 0.4452356, 427.1913, 133.3665
-8.914118, 1.721249, 0.4626667, 411.4926, 133.3702
-8.914118, 1.548749, 0.4626667, 411.4926, 146.601
-8.714879, 1.548749, 0.4452356, 427.1913, 146.6269
-8.714879, 1.721249, 0.4452356, 427.1913, 133.3665
-8.714879, 1.721249, 0.4452356, 427.1913, 133.3665
-8.714879, 1.548749, 0.4452356, 427.1913, 146.6269
-8.733068, 1.548749, 0.237334, 430.8773, 146.945
-8.733068, 1.721249, 0.2373341, 430.8773, 133.3218
-8.932307, 1.548749, 0.2547652, 414.7415, 146.9177
-8.733068, 1.548749, 0.237334, 430.8773, 146.945
-8.714879, 1.548749, 0.4452356, 427.1913, 146.6269
-8.914118, 1.548749, 0.4626667, 411.4926, 146.601
-8.932307, 1.721249, 0.2547652, 414.7415, 133.3257
-8.932307, 1.548749, 0.2547652, 414.7415, 146.9177
-8.914118, 1.548749, 0.4626667, 411.4926, 146.601
-8.914118, 1.721249, 0.4626667, 411.4926, 133.3702
-8.733068, 1.721249, 0.2373341, 430.8773, 133.3218
-8.733068, 1.548749, 0.237334, 430.8773, 146.945
-8.932307, 1.548749, 0.2547652, 414.7415, 146.9177
-8.932307, 1.721249, 0.2547652, 414.7415, 133.3257
box_1_Parle-G-GOLD(Clone) stack 132 Shelf_1 Rack_1_1_1
-8.716558, 1.893749, 0.2528824, 431.7888, 119.7299
-8.916071, 1.893749, 0.2389311, 416.3877, 119.7018
-8.930629, 1.893749, 0.4471184, 410.5652, 120.1098
-8.731115, 1.893749, 0.4610697, 425.5667, 120.1364
-8.930629, 1.893749, 0.4471184, 410.5652, 120.1098
-8.930629, 1.721249, 0.4471184, 410.5652, 133.3669
-8.731115, 1.721249, 0.4610697, 425.5667, 133.3698
-8.731115, 1.893749, 0.4610697, 425.5667, 120.1364
-8.731115, 1.893749, 0.4610697, 425.5667, 120.1364
-8.731115, 1.721249, 0.4610697, 425.5667, 133.3698
-8.716558, 1.721249, 0.2528824, 431.7888, 133.3253
-8.716558, 1.893749, 0.2528824, 431.7888, 119.7299
-8.916071, 1.721249, 0.2389311, 416.3877, 133.3222
-8.716558, 1.721249, 0.2528824, 431.7888, 133.3253
-8.731115, 1.721249, 0.4610697, 425.5667, 133.3698
-8.930629, 1.721249, 0.4471184, 410.5652, 133.3669
-8.916071, 1.893749, 0.2389311, 416.3877, 119.7018
-8.916071, 1.721249, 0.2389311, 416.3877, 133.3222
-8.930629, 1.721249, 0.4471184, 410.5652, 133.3669
-8.930629, 1.893749, 0.4471184, 410.5652, 120.1098
-8.716558, 1.893749, 0.2528824, 431.7888, 119.7299
-8.716558, 1.721249, 0.2528824, 431.7888, 133.3253
-8.916071, 1.721249, 0.2389311, 416.3877, 133.3222
-8.916071, 1.893749, 0.2389311, 416.3877, 119.7018
box_1_Parle-G-GOLD(Clone) stack 132 Shelf_1 Rack_1_1_1
-8.720013, 2.066249, 0.249206, 431.609, 106.1206
-8.91989, 2.066249, 0.2422261, 416.0097, 106.0941
-8.927174, 2.06625, 0.4507947, 410.7503, 106.8659
-8.727296, 2.06625, 0.4577746, 425.9382, 106.891
-8.927174, 2.06625, 0.4507947, 410.7503, 106.8659
-8.927174, 1.893749, 0.4507947, 410.7503, 120.1168
-8.727296, 1.893749, 0.4577746, 425.9382, 120.1301
-8.727296, 2.06625, 0.4577746, 425.9382, 106.891
-8.727296, 2.06625, 0.4577746, 425.9382, 106.891
-8.727296, 1.893749, 0.4577746, 425.9382, 120.1301
-8.720013, 1.893749, 0.249206, 431.609, 119.7225
-8.720013, 2.066249, 0.249206, 431.609, 106.1206
-8.91989, 1.893749, 0.2422261, 416.0097, 119.7085
-8.720013, 1.893749, 0.249206, 431.609, 119.7225
-8.727296, 1.893749, 0.4577746, 425.9382, 120.1301
-8.927174, 1.893749, 0.4507947, 410.7503, 120.1168
-8.91989, 2.066249, 0.2422261, 416.0097, 106.0941
-8.91989, 1.893749, 0.2422261, 416.0097, 119.7085
-8.927174, 1.893749, 0.4507947, 410.7503, 120.1168
-8.927174, 2.06625, 0.4507947, 410.7503, 106.8659
-8.720013, 2.066249, 0.249206, 431.609, 106.1206
-8.720013, 1.893749, 0.249206, 431.609, 119.7225
-8.91989, 1.893749, 0.2422261, 416.0097, 119.7085
-8.91989, 2.066249, 0.2422261, 416.0097, 106.0941
box4_Fairever(Clone) stack 133 Shelf_1 Rack_1_1_1
-9.083028, 1.369311, 0.2429189, 403.1194, 161.097
-9.281933, 1.369311, 0.2220132, 387.8288, 161.1689
-9.30664, 1.369311, 0.4570819, 381.4871, 160.382
-9.107735, 1.369311, 0.4779876, 396.3359, 160.3143
-9.30664, 1.369311, 0.4570819, 381.4871, 160.382
-9.30664, 1.204311, 0.4570819, 381.4871, 173.0466
-9.107735, 1.204311, 0.4779876, 396.3359, 172.9451
-9.107735, 1.369311, 0.4779876, 396.3359, 160.3143
-9.107735, 1.369311, 0.4779876, 396.3359, 160.3143
-9.107735, 1.204311, 0.4779876, 396.3359, 172.9451
-9.083028, 1.204311, 0.2429189, 403.1194, 174.1183
-9.083028, 1.369311, 0.2429189, 403.1194, 161.097
-9.281933, 1.204311, 0.2220132, 387.8288, 174.2262
-9.083028, 1.204311, 0.2429189, 403.1194, 174.1183
-9.107735, 1.204311, 0.4779876, 396.3359, 172.9451
-9.30664, 1.204311, 0.4570819, 381.4871, 173.0466
-9.281933, 1.369311, 0.2220132, 387.8288, 161.1689
-9.281933, 1.204311, 0.2220132, 387.8288, 174.2262
-9.30664, 1.204311, 0.4570819, 381.4871, 173.0466
-9.30664, 1.369311, 0.4570819, 381.4871, 160.382
-9.083028, 1.369311, 0.2429189, 403.1194, 161.097
-9.083028, 1.204311, 0.2429189, 403.1194, 174.1183
-9.281933, 1.204311, 0.2220132, 387.8288, 174.2262
-9.281933, 1.369311, 0.2220132, 387.8288, 161.1689
box4_Fairever(Clone) stack 133 Shelf_1 Rack_1_1_1
-9.105515, 1.534311, 0.2235528, 401.7568, 148.1091
-9.304753, 1.534311, 0.2409839, 385.6585, 148.079
-9.284153, 1.534311, 0.476448, 382.8591, 147.686
-9.084914, 1.534311, 0.4590169, 398.4664, 147.7143
-9.284153, 1.534311, 0.476448, 382.8591, 147.686
-9.284153, 1.369311, 0.476448, 382.8591, 160.3193
-9.084914, 1.369311, 0.4590169, 398.4664, 160.3757
-9.084914, 1.534311, 0.4590169, 398.4664, 147.7143
-9.084914, 1.534311, 0.4590169, 398.4664, 147.7143
-9.084914, 1.369311, 0.4590169, 398.4664, 160.3757
-9.105515, 1.369311, 0.2235527, 401.7568, 161.1636
-9.105515, 1.534311, 0.2235528, 401.7568, 148.1091
-9.304753, 1.369311, 0.2409839, 385.6585, 161.1036
-9.105515, 1.369311, 0.2235527, 401.7568, 161.1636
-9.084914, 1.369311, 0.4590169, 398.4664, 160.3757
-9.284153, 1.369311, 0.476448, 382.8591, 160.3193
-9.304753, 1.534311, 0.2409839, 385.6585, 148.079
-9.304753, 1.369311, 0.2409839, 385.6585, 161.1036
-9.284153, 1.369311, 0.476448, 382.8591, 160.3193
-9.284153, 1.534311, 0.476448, 382.8591, 147.686
-9.105515, 1.534311, 0.2235528, 401.7568, 148.1091
-9.105515, 1.369311, 0.2235527, 401.7568, 161.1636
-9.304753, 1.369311, 0.2409839, 385.6585, 161.1036
-9.304753, 1.534311, 0.2409839, 385.6585, 148.079
box4_Fairever(Clone) stack 133 Shelf_1 Rack_1_1_1
-9.083028, 1.699311, 0.2429189, 403.1194, 135.0544
-9.281933, 1.699311, 0.2220132, 387.8288, 135.0545
-9.30664, 1.699311, 0.4570819, 381.4871, 135.0529
-9.107735, 1.699311, 0.4779876, 396.3359, 135.0527
-9.30664, 1.699311, 0.4570819, 381.4871, 135.0529
-9.30664, 1.534311, 0.4570819, 381.4871, 147.7174
-9.107735, 1.534311, 0.4779876, 396.3359, 147.6835
-9.107735, 1.699311, 0.4779876, 396.3359, 135.0527
-9.107735, 1.699311, 0.4779876, 396.3359, 135.0527
-9.107735, 1.534311, 0.4779876, 396.3359, 147.6835
-9.083028, 1.534311, 0.2429189, 403.1194, 148.0757
-9.083028, 1.699311, 0.2429189, 403.1194, 135.0544
-9.281933, 1.534311, 0.2220132, 387.8288, 148.1117
-9.083028, 1.534311, 0.2429189, 403.1194, 148.0757
-9.107735, 1.534311, 0.4779876, 396.3359, 147.6835
-9.30664, 1.534311, 0.4570819, 381.4871, 147.7174
-9.281933, 1.699311, 0.2220132, 387.8288, 135.0545
-9.281933, 1.534311, 0.2220132, 387.8288, 148.1117
-9.30664, 1.534311, 0.4570819, 381.4871, 147.7174
-9.30664, 1.699311, 0.4570819, 381.4871, 135.0529
-9.083028, 1.699311, 0.2429189, 403.1194, 135.0544
-9.083028, 1.534311, 0.2429189, 403.1194, 148.0757
-9.281933, 1.534311, 0.2220132, 387.8288, 148.1117
-9.281933, 1.699311, 0.2220132, 387.8288, 135.0545
box4_Fairever(Clone) stack 133 Shelf_1 Rack_1_1_1
-9.083028, 1.864311, 0.2429189, 403.1194, 122.0331
-9.281933, 1.864311, 0.2220132, 387.8288, 121.9973
-9.30664, 1.864311, 0.4570819, 381.4871, 122.3883
-9.107735, 1.864311, 0.4779876, 396.3359, 122.422
-9.30664, 1.864311, 0.4570819, 381.4871, 122.3883
-9.30664, 1.699311, 0.4570819, 381.4871, 135.0529
-9.107735, 1.699311, 0.4779876, 396.3359, 135.0527
-9.107735, 1.864311, 0.4779876, 396.3359, 122.422
-9.107735, 1.864311, 0.4779876, 396.3359, 122.422
-9.107735, 1.699311, 0.4779876, 396.3359, 135.0527
-9.083028, 1.699311, 0.2429189, 403.1194, 135.0544
-9.083028, 1.864311, 0.2429189, 403.1194, 122.0331
-9.281933, 1.699311, 0.2220132, 387.8288, 135.0545
-9.083028, 1.699311, 0.2429189, 403.1194, 135.0544
-9.107735, 1.699311, 0.4779876, 396.3359, 135.0527
-9.30664, 1.699311, 0.4570819, 381.4871, 135.0529
-9.281933, 1.864311, 0.2220132, 387.8288, 121.9973
-9.281933, 1.699311, 0.2220132, 387.8288, 135.0545
-9.30664, 1.699311, 0.4570819, 381.4871, 135.0529
-9.30664, 1.864311, 0.4570819, 381.4871, 122.3883
-9.083028, 1.864311, 0.2429189, 403.1194, 122.0331
-9.083028, 1.699311, 0.2429189, 403.1194, 135.0544
-9.281933, 1.699311, 0.2220132, 387.8288, 135.0545
-9.281933, 1.864311, 0.2220132, 387.8288, 121.9973
box4_Fairever(Clone) stack 133 Shelf_1 Rack_1_1_1
-9.083028, 2.029311, 0.2429189, 403.1194, 109.0117
-9.281933, 2.029311, 0.2220132, 387.8288, 108.9401
-9.30664, 2.029311, 0.4570819, 381.4871, 109.7237
-9.107735, 2.029311, 0.4779876, 396.3359, 109.7912
-9.30664, 2.029311, 0.4570819, 381.4871, 109.7237
-9.30664, 1.864311, 0.4570819, 381.4871, 122.3883
-9.107735, 1.864311, 0.4779876, 396.3359, 122.4219
-9.107735, 2.029311, 0.4779876, 396.3359, 109.7912
-9.107735, 2.029311, 0.4779876, 396.3359, 109.7912
-9.107735, 1.864311, 0.4779876, 396.3359, 122.4219
-9.083028, 1.864311, 0.2429189, 403.1194, 122.033
-9.083028, 2.029311, 0.2429189, 403.1194, 109.0117
-9.281933, 1.864311, 0.2220132, 387.8288, 121.9973
-9.083028, 1.864311, 0.2429189, 403.1194, 122.033
-9.107735, 1.864311, 0.4779876, 396.3359, 122.4219
-9.30664, 1.864311, 0.4570819, 381.4871, 122.3883
-9.281933, 2.029311, 0.2220132, 387.8288, 108.9401
-9.281933, 1.864311, 0.2220132, 387.8288, 121.9973
-9.30664, 1.864311, 0.4570819, 381.4871, 122.3883
-9.30664, 2.029311, 0.4570819, 381.4871, 109.7237
-9.083028, 2.029311, 0.2429189, 403.1194, 109.0117
-9.083028, 1.864311, 0.2429189, 403.1194, 122.033
-9.281933, 1.864311, 0.2220132, 387.8288, 121.9973
-9.281933, 2.029311, 0.2220132, 387.8288, 108.9401
box_1_Parle-G-GOLD(Clone) stack 134 Shelf_1 Rack_1_1_1
-9.487058, 1.376249, 0.2474137, 371.157, 160.5344
-9.687027, 1.376249, 0.2439232, 355.4383, 160.5461
-9.690669, 1.376249, 0.4525871, 352.0754, 159.8638
-9.4907, 1.376249, 0.4560776, 367.3759, 159.8527
-9.690669, 1.376249, 0.4525871, 352.0754, 159.8638
-9.690669, 1.203749, 0.4525871, 352.0754, 173.1116
-9.4907, 1.203749, 0.4560776, 367.3759, 173.0946
-9.4907, 1.376249, 0.4560776, 367.3759, 159.8527
-9.4907, 1.376249, 0.4560776, 367.3759, 159.8527
-9.4907, 1.203749, 0.4560776, 367.3759, 173.0946
-9.487058, 1.203749, 0.2474137, 371.157, 174.1395
-9.487058, 1.376249, 0.2474137, 371.157, 160.5344
-9.687027, 1.203749, 0.2439232, 355.4383, 174.1575
-9.487058, 1.203749, 0.2474137, 371.157, 174.1395
-9.4907, 1.203749, 0.4560776, 367.3759, 173.0946
-9.690669, 1.203749, 0.4525871, 352.0754, 173.1116
-9.687027, 1.376249, 0.2439232, 355.4383, 160.5461
-9.687027, 1.203749, 0.2439232, 355.4383, 174.1575
-9.690669, 1.203749, 0.4525871, 352.0754, 173.1116
-9.690669, 1.376249, 0.4525871, 352.0754, 159.8638
-9.487058, 1.376249, 0.2474137, 371.157, 160.5344
-9.487058, 1.203749, 0.2474137, 371.157, 174.1395
-9.687027, 1.203749, 0.2439232, 355.4383, 174.1575
-9.687027, 1.376249, 0.2439232, 355.4383, 160.5461
box_1_Parle-G-GOLD(Clone) stack 134 Shelf_1 Rack_1_1_1
-9.4907, 1.548749, 0.2439232, 370.9298, 146.9347
-9.690669, 1.548749, 0.2474137, 355.098, 146.9292
-9.687027, 1.548749, 0.4560776, 352.3049, 146.6107
-9.487058, 1.548749, 0.4525871, 367.7126, 146.6159
-9.687027, 1.548749, 0.4560776, 352.3049, 146.6107
-9.687027, 1.376249, 0.4560776, 352.3049, 159.8527
-9.487058, 1.376249, 0.4525871, 367.7126, 159.8638
-9.487058, 1.548749, 0.4525871, 367.7126, 146.6159
-9.487058, 1.548749, 0.4525871, 367.7126, 146.6159
-9.487058, 1.376249, 0.4525871, 367.7126, 159.8638
-9.4907, 1.376249, 0.2439232, 370.9298, 160.5461
-9.4907, 1.548749, 0.2439232, 370.9298, 146.9347
-9.690669, 1.376249, 0.2474137, 355.098, 160.5344
-9.4907, 1.376249, 0.2439232, 370.9298, 160.5461
-9.487058, 1.376249, 0.4525871, 367.7126, 159.8638
-9.687027, 1.376249, 0.4560776, 352.3049, 159.8527
-9.690669, 1.548749, 0.2474137, 355.098, 146.9292
-9.690669, 1.376249, 0.2474137, 355.098, 160.5344
-9.687027, 1.376249, 0.4560776, 352.3049, 159.8527
-9.687027, 1.548749, 0.4560776, 352.3049, 146.6107
-9.4907, 1.548749, 0.2439232, 370.9298, 146.9347
-9.4907, 1.376249, 0.2439232, 370.9298, 160.5461
-9.690669, 1.376249, 0.2474137, 355.098, 160.5344
-9.690669, 1.548749, 0.2474137, 355.098, 146.9292
box_1_Parle-G-GOLD(Clone) stack 134 Shelf_1 Rack_1_1_1
-9.4907, 1.721249, 0.2439232, 370.9298, 133.3233
-9.690669, 1.721249, 0.2474137, 355.098, 133.3241
-9.687027, 1.721249, 0.4560776, 352.3049, 133.3688
-9.487058, 1.721249, 0.4525871, 367.7126, 133.3681
-9.687027, 1.721249, 0.4560776, 352.3049, 133.3688
-9.687027, 1.548749, 0.4560776, 352.3049, 146.6107
-9.487058, 1.548749, 0.4525871, 367.7126, 146.6159
-9.487058, 1.721249, 0.4525871, 367.7126, 133.3681
-9.487058, 1.721249, 0.4525871, 367.7126, 133.3681
-9.487058, 1.548749, 0.4525871, 367.7126, 146.6159
-9.4907, 1.548749, 0.2439232, 370.9298, 146.9347
-9.4907, 1.721249, 0.2439232, 370.9298, 133.3233
-9.690669, 1.548749, 0.2474137, 355.098, 146.9292
-9.4907, 1.548749, 0.2439232, 370.9298, 146.9347
-9.487058, 1.548749, 0.4525871, 367.7126, 146.6159
-9.687027, 1.548749, 0.4560776, 352.3049, 146.6107
-9.690669, 1.721249, 0.2474137, 355.098, 133.3241
-9.690669, 1.548749, 0.2474137, 355.098, 146.9292
-9.687027, 1.548749, 0.4560776, 352.3049, 146.6107
-9.687027, 1.721249, 0.4560776, 352.3049, 133.3688
-9.4907, 1.721249, 0.2439232, 370.9298, 133.3233
-9.4907, 1.548749, 0.2439232, 370.9298, 146.9347
-9.690669, 1.548749, 0.2474137, 355.098, 146.9292
-9.690669, 1.721249, 0.2474137, 355.098, 133.3241
box_2_Parle-G(Clone) stack 135 Shelf_1 Rack_1_1_1
-9.864228, 1.459016, 0.2841088, 340.9226, 153.9153
-10.0642, 1.459016, 0.2806183, 325.2655, 153.924
-10.06656, 1.459016, 0.4158919, 323.5999, 153.5947
-9.86659, 1.459016, 0.4193824, 338.9855, 153.5864
-10.06656, 1.459016, 0.4158919, 323.5999, 153.5947
-10.06656, 1.204015, 0.4158919, 323.5999, 173.271
-9.86659, 1.204015, 0.4193824, 338.9855, 173.2538
-9.86659, 1.459016, 0.4193824, 338.9855, 153.5864
-9.86659, 1.459016, 0.4193824, 338.9855, 153.5864
-9.86659, 1.204015, 0.4193824, 338.9855, 173.2538
-9.864228, 1.204015, 0.2841088, 340.9226, 173.9307
-9.864228, 1.459016, 0.2841088, 340.9226, 153.9153
-10.0642, 1.204015, 0.2806184, 325.2655, 173.9485
-9.864228, 1.204015, 0.2841088, 340.9226, 173.9307
-9.86659, 1.204015, 0.4193824, 338.9855, 173.2538
-10.06656, 1.204015, 0.4158919, 323.5999, 173.271
-10.0642, 1.459016, 0.2806183, 325.2655, 153.924
-10.0642, 1.204015, 0.2806184, 325.2655, 173.9485
-10.06656, 1.204015, 0.4158919, 323.5999, 173.271
-10.06656, 1.459016, 0.4158919, 323.5999, 153.5947
-9.864228, 1.459016, 0.2841088, 340.9226, 153.9153
-9.864228, 1.204015, 0.2841088, 340.9226, 173.9307
-10.0642, 1.204015, 0.2806184, 325.2655, 173.9485
-10.0642, 1.459016, 0.2806183, 325.2655, 153.924
box_2_Parle-G(Clone) stack 135 Shelf_1 Rack_1_1_1
-9.865394, 1.714015, 0.2823533, 340.8542, 133.8997
-10.06539, 1.714015, 0.2823533, 325.1522, 133.8997
-10.06539, 1.714015, 0.4176474, 323.671, 133.9188
-9.865394, 1.714015, 0.4176474, 339.0999, 133.9188
-10.06539, 1.714015, 0.4176474, 323.671, 133.9188
-10.06539, 1.459015, 0.4176475, 323.671, 153.5905
-9.865394, 1.459015, 0.4176475, 339.0999, 153.5905
-9.865394, 1.714015, 0.4176474, 339.0999, 133.9188
-9.865394, 1.714015, 0.4176474, 339.0999, 133.9188
-9.865394, 1.459015, 0.4176475, 339.0999, 153.5905
-9.865394, 1.459015, 0.2823533, 340.8542, 153.9197
-9.865394, 1.714015, 0.2823533, 340.8542, 133.8997
-10.06539, 1.459015, 0.2823533, 325.1522, 153.9197
-9.865394, 1.459015, 0.2823533, 340.8542, 153.9197
-9.865394, 1.459015, 0.4176475, 339.0999, 153.5905
-10.06539, 1.459015, 0.4176475, 323.671, 153.5905
-10.06539, 1.714015, 0.2823533, 325.1522, 133.8997
-10.06539, 1.459015, 0.2823533, 325.1522, 153.9197
-10.06539, 1.459015, 0.4176475, 323.671, 153.5905
-10.06539, 1.714015, 0.4176474, 323.671, 133.9188
-9.865394, 1.714015, 0.2823533, 340.8542, 133.8997
-9.865394, 1.459015, 0.2823533, 340.8542, 153.9197
-10.06539, 1.459015, 0.2823533, 325.1522, 153.9197
-10.06539, 1.714015, 0.2823533, 325.1522, 133.8997
box_2_Parle-G(Clone) stack 135 Shelf_1 Rack_1_1_1
-9.867816, 1.969016, 0.2789046, 340.7095, 113.8701
-10.06769, 1.969016, 0.2858844, 324.9324, 113.8894
-10.06297, 1.969016, 0.4210961, 323.8206, 114.2562
-9.863094, 1.969016, 0.4141163, 339.3223, 114.2376
-10.06297, 1.969016, 0.4210961, 323.8206, 114.2562
-10.06297, 1.714015, 0.4210962, 323.8206, 133.9193
-9.863094, 1.714015, 0.4141163, 339.3223, 133.9183
-9.863094, 1.969016, 0.4141163, 339.3223, 114.2376
-9.863094, 1.969016, 0.4141163, 339.3223, 114.2376
-9.863094, 1.714015, 0.4141163, 339.3223, 133.9183
-9.867816, 1.714015, 0.2789046, 340.7095, 133.8992
-9.867816, 1.969016, 0.2789046, 340.7095, 113.8701
-10.06769, 1.714015, 0.2858845, 324.9324, 133.9002
-9.867816, 1.714015, 0.2789046, 340.7095, 133.8992
-9.863094, 1.714015, 0.4141163, 339.3223, 133.9183
-10.06297, 1.714015, 0.4210962, 323.8206, 133.9193
-10.06769, 1.969016, 0.2858844, 324.9324, 113.8894
-10.06769, 1.714015, 0.2858845, 324.9324, 133.9002
-10.06297, 1.714015, 0.4210962, 323.8206, 133.9193
-10.06297, 1.969016, 0.4210961, 323.8206, 114.2562
-9.867816, 1.969016, 0.2789046, 340.7095, 113.8701
-9.867816, 1.714015, 0.2789046, 340.7095, 133.8992
-10.06769, 1.714015, 0.2858845, 324.9324, 133.9002
-10.06769, 1.969016, 0.2858844, 324.9324, 113.8894
box_3_Hareli(Clone) stack 136 Shelf_1 Rack_1_1_1
-10.2529, 1.353857, 0.2491345, 310.7387, 162.2943
-10.45214, 1.353857, 0.2317034, 295.1546, 162.3569
-10.47131, 1.353857, 0.4508663, 292.1341, 161.5893
-10.27207, 1.353857, 0.4682974, 307.2888, 161.5301
-10.47131, 1.353857, 0.4508663, 292.1341, 161.5893
-10.47131, 1.203857, 0.4508663, 292.1341, 173.1117
-10.27207, 1.203857, 0.4682974, 307.2888, 173.0269
-10.27207, 1.353857, 0.4682974, 307.2888, 161.5301
-10.27207, 1.353857, 0.4682974, 307.2888, 161.5301
-10.27207, 1.203857, 0.4682974, 307.2888, 173.0269
-10.2529, 1.203857, 0.2491345, 310.7387, 174.1221
-10.2529, 1.353857, 0.2491345, 310.7387, 162.2943
-10.45214, 1.203857, 0.2317034, 295.1546, 174.212
-10.2529, 1.203857, 0.2491345, 310.7387, 174.1221
-10.27207, 1.203857, 0.4682974, 307.2888, 173.0269
-10.47131, 1.203857, 0.4508663, 292.1341, 173.1117
-10.45214, 1.353857, 0.2317034, 295.1546, 162.3569
-10.45214, 1.203857, 0.2317034, 295.1546, 174.212
-10.47131, 1.203857, 0.4508663, 292.1341, 173.1117
-10.47131, 1.353857, 0.4508663, 292.1341, 161.5893
-10.2529, 1.353857, 0.2491345, 310.7387, 162.2943
-10.2529, 1.203857, 0.2491345, 310.7387, 174.1221
-10.45214, 1.203857, 0.2317034, 295.1546, 174.212
-10.45214, 1.353857, 0.2317034, 295.1546, 162.3569
box_3_Hareli(Clone) stack 136 Shelf_1 Rack_1_1_1
-10.26404, 1.503857, 0.2382718, 309.9601, 150.4885
-10.46401, 1.503857, 0.2417623, 294.1445, 150.4814
-10.46017, 1.503857, 0.4617289, 292.9164, 150.046
-10.2602, 1.503857, 0.4582384, 308.2864, 150.0527
-10.46017, 1.503857, 0.4617289, 292.9164, 150.046
-10.46017, 1.353857, 0.4617289, 292.9164, 161.5524
-10.2602, 1.353857, 0.4582384, 308.2864, 161.5642
-10.2602, 1.503857, 0.4582384, 308.2864, 150.0527
-10.2602, 1.503857, 0.4582384, 308.2864, 150.0527
-10.2602, 1.353857, 0.4582384, 308.2864, 161.5642
-10.26404, 1.353857, 0.2382719, 309.9601, 162.3333
-10.26404, 1.503857, 0.2382718, 309.9601, 150.4885
-10.46401, 1.353857, 0.2417624, 294.1445, 162.3207
-10.26404, 1.353857, 0.2382719, 309.9601, 162.3333
-10.2602, 1.353857, 0.4582384, 308.2864, 161.5642
-10.46017, 1.353857, 0.4617289, 292.9164, 161.5524
-10.46401, 1.503857, 0.2417623, 294.1445, 150.4814
-10.46401, 1.353857, 0.2417624, 294.1445, 162.3207
-10.46017, 1.353857, 0.4617289, 292.9164, 161.5524
-10.46017, 1.503857, 0.4617289, 292.9164, 150.046
-10.26404, 1.503857, 0.2382718, 309.9601, 150.4885
-10.26404, 1.353857, 0.2382719, 309.9601, 162.3333
-10.46401, 1.353857, 0.2417624, 294.1445, 162.3207
-10.46401, 1.503857, 0.2417623, 294.1445, 150.4814
box_3_Hareli(Clone) stack 136 Shelf_1 Rack_1_1_1
-10.27207, 1.653857, 0.2317034, 309.3858, 138.6468
-10.47131, 1.653857, 0.2491345, 293.5163, 138.6385
-10.45214, 1.653857, 0.4682974, 293.4876, 138.5366
-10.2529, 1.653857, 0.4508663, 308.9117, 138.5445
-10.45214, 1.653857, 0.4682974, 293.4876, 138.5366
-10.45214, 1.503857, 0.4682974, 293.4876, 150.0334
-10.2529, 1.503857, 0.4508663, 308.9117, 150.0669
-10.2529, 1.653857, 0.4508663, 308.9117, 138.5445
-10.2529, 1.653857, 0.4508663, 308.9117, 138.5445
-10.2529, 1.503857, 0.4508663, 308.9117, 150.0669
-10.27207, 1.503857, 0.2317034, 309.3858, 150.5019
-10.27207, 1.653857, 0.2317034, 309.3858, 138.6468
-10.47131, 1.503857, 0.2491345, 293.5163, 150.4664
-10.27207, 1.503857, 0.2317034, 309.3858, 150.5019
-10.2529, 1.503857, 0.4508663, 308.9117, 150.0669
-10.45214, 1.503857, 0.4682974, 293.4876, 150.0334
-10.47131, 1.653857, 0.2491345, 293.5163, 138.6385
-10.47131, 1.503857, 0.2491345, 293.5163, 150.4664
-10.45214, 1.503857, 0.4682974, 293.4876, 150.0334
-10.45214, 1.653857, 0.4682974, 293.4876, 138.5366
-10.27207, 1.653857, 0.2317034, 309.3858, 138.6468
-10.27207, 1.503857, 0.2317034, 309.3858, 150.5019
-10.47131, 1.503857, 0.2491345, 293.5163, 150.4664
-10.47131, 1.653857, 0.2491345, 293.5163, 138.6385
box_5_LMRR(Clone) stack 138 Shelf_2 Rack_1_1_1
-9.185777, 2.531555, 0.2044918, 395.7982, 69.04276
-9.385654, 2.531555, 0.2114717, 379.8153, 69.10355
-9.375735, 2.531555, 0.495509, 375.5175, 71.48622
-9.175858, 2.531555, 0.488529, 390.9182, 71.42973
-9.375735, 2.531555, 0.495509, 375.5175, 71.48622
-9.375735, 2.389055, 0.495509, 375.5175, 82.37032
-9.175858, 2.389055, 0.4885291, 390.9182, 82.32352
-9.175858, 2.531555, 0.488529, 390.9182, 71.42973
-9.175858, 2.531555, 0.488529, 390.9182, 71.42973
-9.175858, 2.389055, 0.4885291, 390.9182, 82.32352
-9.185777, 2.389055, 0.2044918, 395.7982, 80.34557
-9.185777, 2.531555, 0.2044918, 395.7982, 69.04276
-9.385654, 2.389055, 0.2114717, 379.8153, 80.39597
-9.185777, 2.389055, 0.2044918, 395.7982, 80.34557
-9.175858, 2.389055, 0.4885291, 390.9182, 82.32352
-9.375735, 2.389055, 0.495509, 375.5175, 82.37032
-9.385654, 2.531555, 0.2114717, 379.8153, 69.10355
-9.385654, 2.389055, 0.2114717, 379.8153, 80.39597
-9.375735, 2.389055, 0.495509, 375.5175, 82.37032
-9.375735, 2.531555, 0.495509, 375.5175, 71.48622
-9.185777, 2.531555, 0.2044918, 395.7982, 69.04276
-9.185777, 2.389055, 0.2044918, 395.7982, 80.34557
-9.385654, 2.389055, 0.2114717, 379.8153, 80.39597
-9.385654, 2.531555, 0.2114717, 379.8153, 69.10355
box_5_LMRR(Clone) stack 138 Shelf_2 Rack_1_1_1
-9.180756, 2.674055, 0.2078952, 396.1262, 57.77469
-9.380756, 2.674055, 0.2078952, 380.2697, 57.77469
-9.380756, 2.674055, 0.4921055, 375.1925, 60.56989
-9.180756, 2.674055, 0.4921055, 390.4751, 60.56989
-9.380756, 2.674055, 0.4921055, 375.1925, 60.56989
-9.380756, 2.531555, 0.4921056, 375.1925, 71.45871
-9.180756, 2.531555, 0.4921056, 390.4751, 71.45871
-9.180756, 2.674055, 0.4921055, 390.4751, 60.56989
-9.180756, 2.674055, 0.4921055, 390.4751, 60.56989
-9.180756, 2.531555, 0.4921056, 390.4751, 71.45871
-9.180756, 2.531555, 0.2078952, 396.1262, 69.07242
-9.180756, 2.674055, 0.2078952, 396.1262, 57.77469
-9.380756, 2.531555, 0.2078952, 380.2697, 69.07242
-9.180756, 2.531555, 0.2078952, 396.1262, 69.07242
-9.180756, 2.531555, 0.4921056, 390.4751, 71.45871
-9.380756, 2.531555, 0.4921056, 375.1925, 71.45871
-9.380756, 2.674055, 0.2078952, 380.2697, 57.77469
-9.380756, 2.531555, 0.2078952, 380.2697, 69.07242
-9.380756, 2.531555, 0.4921056, 375.1925, 71.45871
-9.380756, 2.674055, 0.4921055, 375.1925, 60.56989
-9.180756, 2.674055, 0.2078952, 396.1262, 57.77469
-9.180756, 2.531555, 0.2078952, 396.1262, 69.07242
-9.380756, 2.531555, 0.2078952, 380.2697, 69.07242
-9.380756, 2.674055, 0.2078952, 380.2697, 57.77469
box_8_lizol(Clone) stack 139 Shelf_2 Rack_1_1_1
-9.561111, 2.565368, 0.2319989, 365.5707, 66.60945
-9.760838, 2.565368, 0.2215317, 349.9379, 66.51503
-9.773754, 2.565368, 0.4680019, 345.4864, 68.67131
-9.574028, 2.565368, 0.4784691, 360.6337, 68.75989
-9.773754, 2.565368, 0.4680019, 345.4864, 68.67131
-9.773754, 2.389118, 0.4680019, 345.4864, 82.18053
-9.574028, 2.389118, 0.4784691, 360.6337, 82.25104
-9.574028, 2.565368, 0.4784691, 360.6337, 68.75989
-9.574028, 2.565368, 0.4784691, 360.6337, 68.75989
-9.574028, 2.389118, 0.4784691, 360.6337, 82.25104
-9.561111, 2.389118, 0.2319989, 365.5707, 80.53859
-9.561111, 2.565368, 0.2319989, 365.5707, 66.60945
-9.760838, 2.389118, 0.2215317, 349.9379, 80.46341
-9.561111, 2.389118, 0.2319989, 365.5707, 80.53859
-9.574028, 2.389118, 0.4784691, 360.6337, 82.25104
-9.773754, 2.389118, 0.4680019, 345.4864, 82.18053
-9.760838, 2.565368, 0.2215317, 349.9379, 66.51503
-9.760838, 2.389118, 0.2215317, 349.9379, 80.46341
-9.773754, 2.389118, 0.4680019, 345.4864, 82.18053
-9.773754, 2.565368, 0.4680019, 345.4864, 68.67131
-9.561111, 2.565368, 0.2319989, 365.5707, 66.60945
-9.561111, 2.389118, 0.2319989, 365.5707, 80.53859
-9.760838, 2.389118, 0.2215317, 349.9379, 80.46341
-9.760838, 2.565368, 0.2215317, 349.9379, 66.51503
box_8_lizol(Clone) stack 139 Shelf_2 Rack_1_1_1
-9.58088, 2.741618, 0.2168193, 364.2569, 52.5154
-9.779784, 2.741618, 0.237725, 348.2073, 52.74236
-9.753985, 2.741618, 0.4831815, 346.7945, 55.31665
-9.555081, 2.741618, 0.4622758, 362.3367, 55.10368
-9.753985, 2.741618, 0.4831815, 346.7945, 55.31665
-9.753985, 2.565368, 0.4831815, 346.7945, 68.7997
-9.555081, 2.565368, 0.4622758, 362.3367, 68.62276
-9.555081, 2.741618, 0.4622758, 362.3367, 55.10368
-9.555081, 2.741618, 0.4622758, 362.3367, 55.10368
-9.555081, 2.565368, 0.4622758, 362.3367, 68.62276
-9.58088, 2.565368, 0.2168193, 364.2569, 66.47241
-9.58088, 2.741618, 0.2168193, 364.2569, 52.5154
-9.779784, 2.565368, 0.237725, 348.2073, 66.661
-9.58088, 2.565368, 0.2168193, 364.2569, 66.47241
-9.555081, 2.565368, 0.4622758, 362.3367, 68.62276
-9.753985, 2.565368, 0.4831815, 346.7945, 68.7997
-9.779784, 2.741618, 0.237725, 348.2073, 52.74236
-9.779784, 2.565368, 0.237725, 348.2073, 66.661
-9.753985, 2.565368, 0.4831815, 346.7945, 68.7997
-9.753985, 2.741618, 0.4831815, 346.7945, 55.31665
-9.58088, 2.741618, 0.2168193, 364.2569, 52.5154
-9.58088, 2.565368, 0.2168193, 364.2569, 66.47241
-9.779784, 2.565368, 0.237725, 348.2073, 66.661
-9.779784, 2.741618, 0.237725, 348.2073, 52.74236
box_8_lizol(Clone) stack 139 Shelf_2 Rack_1_1_1
-9.559068, 2.917868, 0.2338724, 365.7013, 38.7749
-9.758581, 2.917868, 0.2199211, 350.1398, 38.59781
-9.775798, 2.917868, 0.4661284, 345.3549, 41.63057
-9.576284, 2.917868, 0.4800797, 360.4362, 41.79674
-9.775798, 2.917868, 0.4661284, 345.3549, 41.63057
-9.775798, 2.741618, 0.4661284, 345.3549, 55.14302
-9.576284, 2.741618, 0.4800797, 360.4362, 55.28513
-9.576284, 2.917868, 0.4800797, 360.4362, 41.79674
-9.576284, 2.917868, 0.4800797, 360.4362, 41.79674
-9.576284, 2.741618, 0.4800797, 360.4362, 55.28513
-9.559068, 2.741618, 0.2338724, 365.7013, 52.70061
-9.559068, 2.917868, 0.2338724, 365.7013, 38.7749
-9.758581, 2.741618, 0.2199211, 350.1398, 52.54915
-9.559068, 2.741618, 0.2338724, 365.7013, 52.70061
-9.576284, 2.741618, 0.4800797, 360.4362, 55.28513
-9.775798, 2.741618, 0.4661284, 345.3549, 55.14302
-9.758581, 2.917868, 0.2199211, 350.1398, 38.59781
-9.758581, 2.741618, 0.2199211, 350.1398, 52.54915
-9.775798, 2.741618, 0.4661284, 345.3549, 55.14302
-9.775798, 2.917868, 0.4661284, 345.3549, 41.63057
-9.559068, 2.917868, 0.2338724, 365.7013, 38.7749
-9.559068, 2.741618, 0.2338724, 365.7013, 52.70061
-9.758581, 2.741618, 0.2199211, 350.1398, 52.54915
-9.758581, 2.917868, 0.2199211, 350.1398, 38.59781
box_8_lizol(Clone) stack 139 Shelf_2 Rack_1_1_1
-9.58088, 3.094118, 0.2168193, 364.2569, 24.6013
-9.779784, 3.094118, 0.237725, 348.2073, 24.90509
-9.753985, 3.094118, 0.4831815, 346.7945, 28.35056
-9.555081, 3.094118, 0.4622758, 362.3367, 28.06554
-9.753985, 3.094118, 0.4831815, 346.7945, 28.35056
-9.753985, 2.917868, 0.4831815, 346.7945, 41.83359
-9.555081, 2.917868, 0.4622758, 362.3367, 41.58461
-9.555081, 3.094118, 0.4622758, 362.3367, 28.06554
-9.555081, 3.094118, 0.4622758, 362.3367, 28.06554
-9.555081, 2.917868, 0.4622758, 362.3367, 41.58461
-9.58088, 2.917868, 0.2168193, 364.2569, 38.55835
-9.58088, 3.094118, 0.2168193, 364.2569, 24.6013
-9.779784, 2.917868, 0.237725, 348.2073, 38.8237
-9.58088, 2.917868, 0.2168193, 364.2569, 38.55835
-9.555081, 2.917868, 0.4622758, 362.3367, 41.58461
-9.753985, 2.917868, 0.4831815, 346.7945, 41.83359
-9.779784, 3.094118, 0.237725, 348.2073, 24.90509
-9.779784, 2.917868, 0.237725, 348.2073, 38.8237
-9.753985, 2.917868, 0.4831815, 346.7945, 41.83359
-9.753985, 3.094118, 0.4831815, 346.7945, 28.35056
-9.58088, 3.094118, 0.2168193, 364.2569, 24.6013
-9.58088, 2.917868, 0.2168193, 364.2569, 38.55835
-9.779784, 2.917868, 0.237725, 348.2073, 38.8237
-9.779784, 3.094118, 0.237725, 348.2073, 24.90509
box_3_Hareli(Clone) stack 140 Shelf_2 Rack_1_1_1
-9.956803, 2.538451, 0.2332926, 334.283, 68.74805
-10.15632, 2.538451, 0.2472439, 318.3741, 68.86955
-10.14097, 2.538451, 0.4667081, 317.3529, 70.72386
-9.941457, 2.538451, 0.4527568, 332.8131, 70.60909
-10.14097, 2.538451, 0.4667081, 317.3529, 70.72386
-10.14097, 2.388451, 0.4667081, 317.3529, 82.22295
-9.941457, 2.388451, 0.4527568, 332.8131, 82.12871
-9.941457, 2.538451, 0.4527568, 332.8131, 70.60909
-9.941457, 2.538451, 0.4527568, 332.8131, 70.60909
-9.941457, 2.388451, 0.4527568, 332.8131, 82.12871
-9.956803, 2.388451, 0.2332927, 334.283, 80.60062
-9.956803, 2.538451, 0.2332926, 334.283, 68.74805
-10.15632, 2.388451, 0.247244, 318.3741, 80.70038
-9.956803, 2.388451, 0.2332927, 334.283, 80.60062
-9.941457, 2.388451, 0.4527568, 332.8131, 82.12871
-10.14097, 2.388451, 0.4667081, 317.3529, 82.22295
-10.15632, 2.538451, 0.2472439, 318.3741, 68.86955
-10.15632, 2.388451, 0.247244, 318.3741, 80.70038
-10.14097, 2.388451, 0.4667081, 317.3529, 82.22295
-10.14097, 2.538451, 0.4667081, 317.3529, 70.72386
-9.956803, 2.538451, 0.2332926, 334.283, 68.74805
-9.956803, 2.388451, 0.2332927, 334.283, 80.60062
-10.15632, 2.388451, 0.247244, 318.3741, 80.70038
-10.15632, 2.538451, 0.2472439, 318.3741, 68.86955
box_3_Hareli(Clone) stack 140 Shelf_2 Rack_1_1_1
-9.950821, 2.688451, 0.2382718, 334.6936, 56.94664
-10.15079, 2.688451, 0.2417623, 318.8666, 56.98248
-10.14695, 2.688451, 0.4617289, 316.9432, 59.17654
-9.946981, 2.688451, 0.4582384, 332.324, 59.14267
-10.14695, 2.688451, 0.4617289, 316.9432, 59.17654
-10.14695, 2.538451, 0.4617289, 316.9432, 70.68292
-9.946981, 2.538451, 0.4582384, 332.324, 70.65422
-9.946981, 2.688451, 0.4582384, 332.324, 59.14267
-9.946981, 2.688451, 0.4582384, 332.324, 59.14267
-9.946981, 2.538451, 0.4582384, 332.324, 70.65422
-9.950821, 2.538451, 0.2382719, 334.6936, 68.79146
-9.950821, 2.688451, 0.2382718, 334.6936, 56.94664
-10.15079, 2.538451, 0.2417624, 318.8666, 68.82185
-9.950821, 2.538451, 0.2382719, 334.6936, 68.79146
-9.946981, 2.538451, 0.4582384, 332.324, 70.65422
-10.14695, 2.538451, 0.4617289, 316.9432, 70.68292
-10.15079, 2.688451, 0.2417623, 318.8666, 56.98248
-10.15079, 2.538451, 0.2417624, 318.8666, 68.82185
-10.14695, 2.538451, 0.4617289, 316.9432, 70.68292
-10.14695, 2.688451, 0.4617289, 316.9432, 59.17654
-9.950821, 2.688451, 0.2382718, 334.6936, 56.94664
-9.950821, 2.538451, 0.2382719, 334.6936, 68.79146
-10.15079, 2.538451, 0.2417624, 318.8666, 68.82185
-10.15079, 2.688451, 0.2417623, 318.8666, 56.98248
box_6_melody(Clone) stack 143 Shelf_0 Rack_1_1_2
-11.61188, 0.2073492, 0.2391725, 203.532, 252.8537
-11.81112, 0.2073492, 0.2217414, 187.6809, 253.1246
-11.83203, 0.2073493, 0.4608282, 187.6757, 249.5135
-11.63279, 0.2073493, 0.4782594, 203.0432, 249.2589
-11.83203, 0.2073493, 0.4608282, 187.6757, 249.5135
-11.83203, 0.01984931, 0.4608282, 187.6757, 263.8982
-11.63279, 0.01984931, 0.4782594, 203.0432, 263.6115
-11.63279, 0.2073493, 0.4782594, 203.0432, 249.2589
-11.63279, 0.2073493, 0.4782594, 203.0432, 249.2589
-11.63279, 0.01984931, 0.4782594, 203.0432, 263.6115
-11.61188, 0.01984931, 0.2391725, 203.532, 267.6579
-11.61188, 0.2073492, 0.2391725, 203.532, 252.8537
-11.81112, 0.01984931, 0.2217414, 187.6809, 267.9629
-11.61188, 0.01984931, 0.2391725, 203.532, 267.6579
-11.63279, 0.01984931, 0.4782594, 203.0432, 263.6115
-11.83203, 0.01984931, 0.4608282, 187.6757, 263.8982
-11.81112, 0.2073492, 0.2217414, 187.6809, 253.1246
-11.81112, 0.01984931, 0.2217414, 187.6809, 267.9629
-11.83203, 0.01984931, 0.4608282, 187.6757, 263.8982
-11.83203, 0.2073493, 0.4608282, 187.6757, 249.5135
-11.61188, 0.2073492, 0.2391725, 203.532, 252.8537
-11.61188, 0.01984931, 0.2391725, 203.532, 267.6579
-11.81112, 0.01984931, 0.2217414, 187.6809, 267.9629
-11.81112, 0.2073492, 0.2217414, 187.6809, 253.1246
box_6_melody(Clone) stack 143 Shelf_0 Rack_1_1_2
-11.60996, 0.3948492, 0.2411106, 203.6927, 238.0232
-11.80886, 0.3948492, 0.2202049, 187.8486, 238.3073
-11.83395, 0.3948492, 0.4588902, 187.5155, 235.1537
-11.63505, 0.3948492, 0.4797959, 202.8781, 234.8866
-11.83395, 0.3948492, 0.4588902, 187.5155, 235.1537
-11.83395, 0.2073492, 0.4588902, 187.5155, 249.5419
-11.63505, 0.2073492, 0.4797959, 202.8781, 249.2365
-11.63505, 0.3948492, 0.4797959, 202.8781, 234.8866
-11.63505, 0.3948492, 0.4797959, 202.8781, 234.8866
-11.63505, 0.2073492, 0.4797959, 202.8781, 249.2365
-11.60996, 0.2073492, 0.2411106, 203.6927, 252.8237
-11.60996, 0.3948492, 0.2411106, 203.6927, 238.0232
-11.80886, 0.2073492, 0.2202049, 187.8486, 253.1486
-11.60996, 0.2073492, 0.2411106, 203.6927, 252.8237
-11.63505, 0.2073492, 0.4797959, 202.8781, 249.2365
-11.83395, 0.2073492, 0.4588902, 187.5155, 249.5419
-11.80886, 0.3948492, 0.2202049, 187.8486, 238.3073
-11.80886, 0.2073492, 0.2202049, 187.8486, 253.1486
-11.83395, 0.2073492, 0.4588902, 187.5155, 249.5419
-11.83395, 0.3948492, 0.4588902, 187.5155, 235.1537
-11.60996, 0.3948492, 0.2411106, 203.6927, 238.0232
-11.60996, 0.2073492, 0.2411106, 203.6927, 252.8237
-11.80886, 0.2073492, 0.2202049, 187.8486, 253.1486
-11.80886, 0.3948492, 0.2202049, 187.8486, 238.3073
box_6_melody(Clone) stack 143 Shelf_0 Rack_1_1_2
-11.63279, 0.5823491, 0.2217414, 201.7929, 223.4481
-11.83203, 0.5823491, 0.2391725, 186.1495, 223.2452
-11.81112, 0.5823491, 0.4782594, 189.3932, 220.5535
-11.61188, 0.5823491, 0.4608282, 204.5656, 220.7442
-11.81112, 0.5823491, 0.4782594, 189.3932, 220.5535
-11.81112, 0.3948492, 0.4782594, 189.3932, 234.9062
-11.61188, 0.3948492, 0.4608282, 204.5656, 235.1289
-11.61188, 0.5823491, 0.4608282, 204.5656, 220.7442
-11.61188, 0.5823491, 0.4608282, 204.5656, 220.7442
-11.61188, 0.3948492, 0.4608282, 204.5656, 235.1289
-11.63279, 0.3948492, 0.2217414, 201.7929, 238.2864
-11.63279, 0.5823491, 0.2217414, 201.7929, 223.4481
-11.83203, 0.3948492, 0.2391725, 186.1495, 238.0495
-11.63279, 0.3948492, 0.2217414, 201.7929, 238.2864
-11.61188, 0.3948492, 0.4608282, 204.5656, 235.1289
-11.81112, 0.3948492, 0.4782594, 189.3932, 234.9062
-11.83203, 0.5823491, 0.2391725, 186.1495, 223.2452
-11.83203, 0.3948492, 0.2391725, 186.1495, 238.0495
-11.81112, 0.3948492, 0.4782594, 189.3932, 234.9062
-11.81112, 0.5823491, 0.4782594, 189.3932, 220.5535
-11.63279, 0.5823491, 0.2217414, 201.7929, 223.4481
-11.63279, 0.3948492, 0.2217414, 201.7929, 238.2864
-11.83203, 0.3948492, 0.2391725, 186.1495, 238.0495
-11.83203, 0.5823491, 0.2391725, 186.1495, 223.2452
box_6_melody(Clone) stack 143 Shelf_0 Rack_1_1_2
-11.62406, 0.7698491, 0.2282733, 202.516, 208.5464
-11.82403, 0.7698491, 0.2317638, 186.729, 208.5126
-11.81985, 0.7698491, 0.4717274, 188.6821, 206.2602
-11.61988, 0.7698491, 0.4682369, 203.9861, 206.292
-11.81985, 0.7698491, 0.4717274, 188.6821, 206.2602
-11.81985, 0.5823491, 0.4717274, 188.6821, 220.6249
-11.61988, 0.5823491, 0.4682369, 203.9861, 220.663
-11.61988, 0.7698491, 0.4682369, 203.9861, 206.292
-11.61988, 0.7698491, 0.4682369, 203.9861, 206.292
-11.61988, 0.5823491, 0.4682369, 203.9861, 220.663
-11.62406, 0.5823491, 0.2282734, 202.516, 223.3719
-11.62406, 0.7698491, 0.2282733, 202.516, 208.5464
-11.82403, 0.5823491, 0.2317638, 186.729, 223.3313
-11.62406, 0.5823491, 0.2282734, 202.516, 223.3719
-11.61988, 0.5823491, 0.4682369, 203.9861, 220.663
-11.81985, 0.5823491, 0.4717274, 188.6821, 220.6249
-11.82403, 0.7698491, 0.2317638, 186.729, 208.5126
-11.82403, 0.5823491, 0.2317638, 186.729, 223.3313
-11.81985, 0.5823491, 0.4717274, 188.6821, 220.6249
-11.81985, 0.7698491, 0.4717274, 188.6821, 206.2602
-11.62406, 0.7698491, 0.2282733, 202.516, 208.5464
-11.62406, 0.5823491, 0.2282734, 202.516, 223.3719
-11.82403, 0.5823491, 0.2317638, 186.729, 223.3313
-11.82403, 0.7698491, 0.2317638, 186.729, 208.5126
box_1_Parle-G-GOLD(Clone) stack 144 Shelf_0 Rack_1_1_2
-11.2386, 0.1916559, 0.2586173, 233.0223, 253.7888
-11.43711, 0.1916559, 0.2342434, 217.3163, 254.1701
-11.46254, 0.1916559, 0.4413835, 215.9625, 251.0059
-11.26403, 0.1916559, 0.4657574, 231.257, 250.6446
-11.46254, 0.1916559, 0.4413835, 215.9625, 251.0059
-11.46254, 0.0191559, 0.4413835, 215.9625, 264.2728
-11.26403, 0.0191559, 0.4657574, 231.257, 263.8701
-11.26403, 0.1916559, 0.4657574, 231.257, 250.6446
-11.26403, 0.1916559, 0.4657574, 231.257, 250.6446
-11.26403, 0.0191559, 0.4657574, 231.257, 263.8701
-11.2386, 0.0191559, 0.2586173, 233.0223, 267.374
-11.2386, 0.1916559, 0.2586173, 233.0223, 253.7888
-11.43711, 0.0191559, 0.2342434, 217.3163, 267.7988
-11.2386, 0.0191559, 0.2586173, 233.0223, 267.374
-11.26403, 0.0191559, 0.4657574, 231.257, 263.8701
-11.46254, 0.0191559, 0.4413835, 215.9625, 264.2728
-11.43711, 0.1916559, 0.2342434, 217.3163, 254.1701
-11.43711, 0.0191559, 0.2342434, 217.3163, 267.7988
-11.46254, 0.0191559, 0.4413835, 215.9625, 264.2728
-11.46254, 0.1916559, 0.4413835, 215.9625, 251.0059
-11.2386, 0.1916559, 0.2586173, 233.0223, 253.7888
-11.2386, 0.0191559, 0.2586173, 233.0223, 267.374
-11.43711, 0.0191559, 0.2342434, 217.3163, 267.7988
-11.43711, 0.1916559, 0.2342434, 217.3163, 254.1701
box_1_Parle-G-GOLD(Clone) stack 144 Shelf_0 Rack_1_1_2
-11.25057, 0.3641559, 0.2456525, 232.0661, 240.383
-11.45057, 0.3641559, 0.2456525, 216.2883, 240.383
-11.45057, 0.3641559, 0.4543482, 216.9215, 237.5686
-11.25057, 0.3641559, 0.4543482, 232.2779, 237.5686
-11.45057, 0.3641559, 0.4543482, 216.9215, 237.5686
-11.45057, 0.1916559, 0.4543482, 216.9215, 250.8134
-11.25057, 0.1916559, 0.4543482, 232.2779, 250.8134
-11.25057, 0.3641559, 0.4543482, 232.2779, 237.5686
-11.25057, 0.3641559, 0.4543482, 232.2779, 237.5686
-11.25057, 0.1916559, 0.4543482, 232.2779, 250.8134
-11.25057, 0.1916559, 0.2456525, 232.0661, 253.9913
-11.25057, 0.3641559, 0.2456525, 232.0661, 240.383
-11.45057, 0.1916559, 0.2456525, 216.2883, 253.9913
-11.25057, 0.1916559, 0.2456525, 232.0661, 253.9913
-11.25057, 0.1916559, 0.4543482, 232.2779, 250.8134
-11.45057, 0.1916559, 0.4543482, 216.9215, 250.8134
-11.45057, 0.3641559, 0.2456525, 216.2883, 240.383
-11.45057, 0.1916559, 0.2456525, 216.2883, 253.9913
-11.45057, 0.1916559, 0.4543482, 216.9215, 250.8134
-11.45057, 0.3641559, 0.4543482, 216.9215, 237.5686
-11.25057, 0.3641559, 0.2456525, 232.0661, 240.383
-11.25057, 0.1916559, 0.2456525, 232.0661, 253.9913
-11.45057, 0.1916559, 0.2456525, 216.2883, 253.9913
-11.45057, 0.3641559, 0.2456525, 216.2883, 240.383
box_1_Parle-G-GOLD(Clone) stack 144 Shelf_0 Rack_1_1_2
-11.24186, 0.5366558, 0.2547652, 232.7621, 226.6649
-11.4411, 0.5366558, 0.2373341, 217.0106, 226.8752
-11.45929, 0.5366558, 0.4452356, 216.2248, 224.428
-11.26005, 0.5366558, 0.4626667, 231.5594, 224.2287
-11.45929, 0.5366558, 0.4452356, 216.2248, 224.428
-11.45929, 0.3641559, 0.4452356, 216.2248, 237.6883
-11.26005, 0.3641559, 0.4626667, 231.5594, 237.4595
-11.26005, 0.5366558, 0.4626667, 231.5594, 224.2287
-11.26005, 0.5366558, 0.4626667, 231.5594, 224.2287
-11.26005, 0.3641559, 0.4626667, 231.5594, 237.4595
-11.24186, 0.3641559, 0.2547652, 232.7621, 240.2569
-11.24186, 0.5366558, 0.2547652, 232.7621, 226.6649
-11.4411, 0.3641559, 0.237334, 217.0106, 240.4984
-11.24186, 0.3641559, 0.2547652, 232.7621, 240.2569
-11.26005, 0.3641559, 0.4626667, 231.5594, 237.4595
-11.45929, 0.3641559, 0.4452356, 216.2248, 237.6883
-11.4411, 0.5366558, 0.2373341, 217.0106, 226.8752
-11.4411, 0.3641559, 0.237334, 217.0106, 240.4984
-11.45929, 0.3641559, 0.4452356, 216.2248, 237.6883
-11.45929, 0.5366558, 0.4452356, 216.2248, 224.428
-11.24186, 0.5366558, 0.2547652, 232.7621, 226.6649
-11.24186, 0.3641559, 0.2547652, 232.7621, 240.2569
-11.4411, 0.3641559, 0.237334, 217.0106, 240.4984
-11.4411, 0.5366558, 0.2373341, 217.0106, 226.8752
box_1_Parle-G-GOLD(Clone) stack 144 Shelf_0 Rack_1_1_2
-11.24354, 0.7091558, 0.2528824, 232.6281, 213.0922
-11.44305, 0.7091558, 0.2389311, 216.8613, 213.2355
-11.45761, 0.7091558, 0.4471184, 216.3595, 211.1493
-11.25809, 0.7091558, 0.4610697, 231.7075, 211.0135
-11.45761, 0.7091558, 0.4471184, 216.3595, 211.1493
-11.45761, 0.5366558, 0.4471184, 216.3595, 224.4064
-11.25809, 0.5366558, 0.4610697, 231.7075, 224.2469
-11.25809, 0.7091558, 0.4610697, 231.7075, 211.0135
-11.25809, 0.7091558, 0.4610697, 231.7075, 211.0135
-11.25809, 0.5366558, 0.4610697, 231.7075, 224.2469
-11.24354, 0.5366558, 0.2528824, 232.6281, 226.6876
-11.24354, 0.7091558, 0.2528824, 232.6281, 213.0922
-11.44305, 0.5366558, 0.2389311, 216.8613, 226.8559
-11.24354, 0.5366558, 0.2528824, 232.6281, 226.6876
-11.25809, 0.5366558, 0.4610697, 231.7075, 224.2469
-11.45761, 0.5366558, 0.4471184, 216.3595, 224.4064
-11.44305, 0.7091558, 0.2389311, 216.8613, 213.2355
-11.44305, 0.5366558, 0.2389311, 216.8613, 226.8559
-11.45761, 0.5366558, 0.4471184, 216.3595, 224.4064
-11.45761, 0.7091558, 0.4471184, 216.3595, 211.1493
-11.24354, 0.7091558, 0.2528824, 232.6281, 213.0922
-11.24354, 0.5366558, 0.2528824, 232.6281, 226.6876
-11.44305, 0.5366558, 0.2389311, 216.8613, 226.8559
-11.44305, 0.7091558, 0.2389311, 216.8613, 213.2355
box_1_Parle-G-GOLD(Clone) stack 144 Shelf_0 Rack_1_1_2
-11.2386, 0.8816558, 0.2586173, 233.0223, 199.4483
-11.43711, 0.8816558, 0.2342434, 217.3163, 199.6551
-11.46254, 0.8816558, 0.4413835, 215.9625, 197.9384
-11.26403, 0.8816558, 0.4657574, 231.257, 197.7424
-11.46254, 0.8816558, 0.4413835, 215.9625, 197.9384
-11.46254, 0.7091558, 0.4413835, 215.9625, 211.2053
-11.26403, 0.7091558, 0.4657574, 231.257, 210.9679
-11.26403, 0.8816558, 0.4657574, 231.257, 197.7424
-11.26403, 0.8816558, 0.4657574, 231.257, 197.7424
-11.26403, 0.7091558, 0.4657574, 231.257, 210.9679
-11.2386, 0.7091558, 0.2586173, 233.0223, 213.0334
-11.2386, 0.8816558, 0.2586173, 233.0223, 199.4483
-11.43711, 0.7091558, 0.2342434, 217.3163, 213.2838
-11.2386, 0.7091558, 0.2586173, 233.0223, 213.0334
-11.26403, 0.7091558, 0.4657574, 231.257, 210.9679
-11.46254, 0.7091558, 0.4413835, 215.9625, 211.2053
-11.43711, 0.8816558, 0.2342434, 217.3163, 199.6551
-11.43711, 0.7091558, 0.2342434, 217.3163, 213.2838
-11.46254, 0.7091558, 0.4413835, 215.9625, 211.2053
-11.46254, 0.8816558, 0.4413835, 215.9625, 197.9384
-11.2386, 0.8816558, 0.2586173, 233.0223, 199.4483
-11.2386, 0.7091558, 0.2586173, 233.0223, 213.0334
-11.43711, 0.7091558, 0.2342434, 217.3163, 213.2838
-11.43711, 0.8816558, 0.2342434, 217.3163, 199.6551
box_7_litchi(Clone) stack 145 Shelf_1 Rack_1_1_2
-10.91419, 1.414419, 0.2432683, 258.6083, 157.5362
-11.11371, 1.414419, 0.2572196, 242.8588, 157.4949
-11.09976, 1.414419, 0.4567324, 243.8567, 156.9208
-10.90024, 1.414419, 0.4427811, 259.2053, 156.96
-11.09976, 1.414419, 0.4567324, 243.8567, 156.9208
-11.09976, 1.204419, 0.4567324, 243.8567, 173.04
-10.90024, 1.204419, 0.4427811, 259.2053, 173.108
-10.90024, 1.414419, 0.4427811, 259.2053, 156.96
-10.90024, 1.414419, 0.4427811, 259.2053, 156.96
-10.90024, 1.204419, 0.4427811, 259.2053, 173.108
-10.91419, 1.204419, 0.2432683, 258.6083, 174.108
-10.91419, 1.414419, 0.2432683, 258.6083, 157.5362
-11.11371, 1.204419, 0.2572196, 242.8588, 174.0364
-10.91419, 1.204419, 0.2432683, 258.6083, 174.108
-10.90024, 1.204419, 0.4427811, 259.2053, 173.108
-11.09976, 1.204419, 0.4567324, 243.8567, 173.04
-11.11371, 1.414419, 0.2572196, 242.8588, 157.4949
-11.11371, 1.204419, 0.2572196, 242.8588, 174.0364
-11.09976, 1.204419, 0.4567324, 243.8567, 173.04
-11.09976, 1.414419, 0.4567324, 243.8567, 156.9208
-10.91419, 1.414419, 0.2432683, 258.6083, 157.5362
-10.91419, 1.204419, 0.2432683, 258.6083, 174.108
-11.11371, 1.204419, 0.2572196, 242.8588, 174.0364
-11.11371, 1.414419, 0.2572196, 242.8588, 157.4949
box_7_litchi(Clone) stack 145 Shelf_1 Rack_1_1_2
-10.90524, 1.624419, 0.2517608, 259.293, 140.9577
-11.10521, 1.624419, 0.2482703, 243.5319, 140.9604
-11.1087, 1.624419, 0.4482399, 243.1732, 140.8078
-10.90873, 1.624419, 0.4517304, 258.531, 140.8052
-11.1087, 1.624419, 0.4482399, 243.1732, 140.8078
-11.1087, 1.414419, 0.4482399, 243.1732, 156.9446
-10.90873, 1.414419, 0.4517304, 258.531, 156.9348
-10.90873, 1.624419, 0.4517304, 258.531, 140.8052
-10.90873, 1.624419, 0.4517304, 258.531, 140.8052
-10.90873, 1.414419, 0.4517304, 258.531, 156.9348
-10.90524, 1.414419, 0.2517608, 259.293, 157.511
-10.90524, 1.624419, 0.2517608, 259.293, 140.9577
-11.10521, 1.414419, 0.2482704, 243.5319, 157.5214
-10.90524, 1.414419, 0.2517608, 259.293, 157.511
-10.90873, 1.414419, 0.4517304, 258.531, 156.9348
-11.1087, 1.414419, 0.4482399, 243.1732, 156.9446
-11.10521, 1.624419, 0.2482703, 243.5319, 140.9604
-11.10521, 1.414419, 0.2482704, 243.5319, 157.5214
-11.1087, 1.414419, 0.4482399, 243.1732, 156.9446
-11.1087, 1.624419, 0.4482399, 243.1732, 140.8078
-10.90524, 1.624419, 0.2517608, 259.293, 140.9577
-10.90524, 1.414419, 0.2517608, 259.293, 157.511
-11.10521, 1.414419, 0.2482704, 243.5319, 157.5214
-11.10521, 1.624419, 0.2482703, 243.5319, 140.9604
box_8_lizol(Clone) stack 146 Shelf_1 Rack_1_1_2
-11.30358, 1.380775, 0.2231813, 227.8486, 160.2579
-11.50346, 1.380775, 0.2301612, 212.0594, 160.2347
-11.49484, 1.380775, 0.4768194, 213.5983, 159.4404
-11.29496, 1.380775, 0.4698395, 228.8915, 159.4622
-11.49484, 1.380775, 0.4768194, 213.5983, 159.4404
-11.49484, 1.204525, 0.4768195, 213.5983, 172.9344
-11.29496, 1.204525, 0.4698395, 228.8915, 172.9682
-11.29496, 1.380775, 0.4698395, 228.8915, 159.4622
-11.29496, 1.380775, 0.4698395, 228.8915, 159.4622
-11.29496, 1.204525, 0.4698395, 228.8915, 172.9682
-11.30358, 1.204525, 0.2231813, 227.8486, 174.2032
-11.30358, 1.380775, 0.2231813, 227.8486, 160.2579
-11.50346, 1.204525, 0.2301612, 212.0594, 174.1672
-11.30358, 1.204525, 0.2231813, 227.8486, 174.2032
-11.29496, 1.204525, 0.4698395, 228.8915, 172.9682
-11.49484, 1.204525, 0.4768195, 213.5983, 172.9344
-11.50346, 1.380775, 0.2301612, 212.0594, 160.2347
-11.50346, 1.204525, 0.2301612, 212.0594, 174.1672
-11.49484, 1.204525, 0.4768195, 213.5983, 172.9344
-11.49484, 1.380775, 0.4768194, 213.5983, 159.4404
-11.30358, 1.380775, 0.2231813, 227.8486, 160.2579
-11.30358, 1.204525, 0.2231813, 227.8486, 174.2032
-11.50346, 1.204525, 0.2301612, 212.0594, 174.1672
-11.50346, 1.380775, 0.2301612, 212.0594, 160.2347
box_5_LMRR(Clone) stack 147 Shelf_1 Rack_1_1_2
-11.70386, 1.346961, 0.1982208, 196.0325, 163.0255
-11.90277, 1.346961, 0.2191265, 180.4075, 162.9482
-11.87306, 1.346961, 0.5017799, 184.8173, 161.9434
-11.67415, 1.346961, 0.4808742, 199.8908, 162.0153
-11.87306, 1.346961, 0.5017799, 184.8173, 161.9434
-11.87306, 1.204461, 0.5017799, 184.8173, 172.8188
-11.67415, 1.204461, 0.4808742, 199.8908, 172.9196
-11.67415, 1.346961, 0.4808742, 199.8908, 162.0153
-11.67415, 1.346961, 0.4808742, 199.8908, 162.0153
-11.67415, 1.204461, 0.4808742, 199.8908, 172.9196
-11.70386, 1.204461, 0.1982208, 196.0325, 174.3377
-11.70386, 1.346961, 0.1982208, 196.0325, 163.0255
-11.90277, 1.204461, 0.2191265, 180.4075, 174.2292
-11.70386, 1.204461, 0.1982208, 196.0325, 174.3377
-11.67415, 1.204461, 0.4808742, 199.8908, 172.9196
-11.87306, 1.204461, 0.5017799, 184.8173, 172.8188
-11.90277, 1.346961, 0.2191265, 180.4075, 162.9482
-11.90277, 1.204461, 0.2191265, 180.4075, 174.2292
-11.87306, 1.204461, 0.5017799, 184.8173, 172.8188
-11.87306, 1.346961, 0.5017799, 184.8173, 161.9434
-11.70386, 1.346961, 0.1982208, 196.0325, 163.0255
-11.70386, 1.204461, 0.1982208, 196.0325, 174.3377
-11.90277, 1.204461, 0.2191265, 180.4075, 174.2292
-11.90277, 1.346961, 0.2191265, 180.4075, 162.9482
box_6_melody(Clone) stack 148 Shelf_1 Rack_1_1_2
-12.06002, 1.391943, 0.2430817, 168.1855, 159.3105
-12.25853, 1.391943, 0.2187079, 152.2388, 159.3886
-12.28778, 1.391943, 0.456919, 152.6681, 158.6454
-12.08927, 1.391943, 0.4812929, 168.1291, 158.5719
-12.28778, 1.391943, 0.456919, 152.6681, 158.6454
-12.28778, 1.204443, 0.456919, 152.6681, 173.0373
-12.08927, 1.204443, 0.4812929, 168.1291, 172.919
-12.08927, 1.391943, 0.4812929, 168.1291, 158.5719
-12.08927, 1.391943, 0.4812929, 168.1291, 158.5719
-12.08927, 1.204443, 0.4812929, 168.1291, 172.919
-12.06002, 1.204443, 0.2430817, 168.1855, 174.1071
-12.06002, 1.391943, 0.2430817, 168.1855, 159.3105
-12.25853, 1.204443, 0.2187079, 152.2388, 174.2328
-12.06002, 1.204443, 0.2430817, 168.1855, 174.1071
-12.08927, 1.204443, 0.4812929, 168.1291, 172.919
-12.28778, 1.204443, 0.456919, 152.6681, 173.0373
-12.25853, 1.391943, 0.2187079, 152.2388, 159.3886
-12.25853, 1.204443, 0.2187079, 152.2388, 174.2328
-12.28778, 1.204443, 0.456919, 152.6681, 173.0373
-12.28778, 1.391943, 0.456919, 152.6681, 158.6454
-12.06002, 1.391943, 0.2430817, 168.1855, 159.3105
-12.06002, 1.204443, 0.2430817, 168.1855, 174.1071
-12.25853, 1.204443, 0.2187079, 152.2388, 174.2328
-12.25853, 1.391943, 0.2187079, 152.2388, 159.3886
box_6_melody(Clone) stack 148 Shelf_1 Rack_1_1_2
-12.06002, 1.579443, 0.2430817, 168.1855, 144.5138
-12.25853, 1.579443, 0.2187079, 152.2388, 144.5444
-12.28778, 1.579443, 0.456919, 152.6681, 144.2536
-12.08927, 1.579443, 0.4812929, 168.1291, 144.2248
-12.28778, 1.579443, 0.456919, 152.6681, 144.2536
-12.28778, 1.391943, 0.456919, 152.6681, 158.6454
-12.08927, 1.391943, 0.4812929, 168.1291, 158.5719
-12.08927, 1.579443, 0.4812929, 168.1291, 144.2248
-12.08927, 1.579443, 0.4812929, 168.1291, 144.2248
-12.08927, 1.391943, 0.4812929, 168.1291, 158.5719
-12.06002, 1.391943, 0.2430817, 168.1855, 159.3104
-12.06002, 1.579443, 0.2430817, 168.1855, 144.5138
-12.25853, 1.391943, 0.2187079, 152.2388, 159.3886
-12.06002, 1.391943, 0.2430817, 168.1855, 159.3104
-12.08927, 1.391943, 0.4812929, 168.1291, 158.5719
-12.28778, 1.391943, 0.456919, 152.6681, 158.6454
-12.25853, 1.579443, 0.2187079, 152.2388, 144.5444
-12.25853, 1.391943, 0.2187079, 152.2388, 159.3886
-12.28778, 1.391943, 0.456919, 152.6681, 158.6454
-12.28778, 1.579443, 0.456919, 152.6681, 144.2536
-12.06002, 1.579443, 0.2430817, 168.1855, 144.5138
-12.06002, 1.391943, 0.2430817, 168.1855, 159.3104
-12.25853, 1.391943, 0.2187079, 152.2388, 159.3886
-12.25853, 1.579443, 0.2187079, 152.2388, 144.5444
box_6_melody(Clone) stack 148 Shelf_1 Rack_1_1_2
-12.06977, 1.766943, 0.2335633, 167.325, 129.7106
-12.26965, 1.766943, 0.2265834, 151.4504, 129.7057
-12.27802, 1.766943, 0.4664374, 153.522, 129.8679
-12.07815, 1.766943, 0.4734173, 168.9086, 129.8725
-12.27802, 1.766943, 0.4664374, 153.522, 129.8679
-12.27802, 1.579443, 0.4664374, 153.522, 144.2423
-12.07815, 1.579443, 0.4734173, 168.9086, 144.2341
-12.07815, 1.766943, 0.4734173, 168.9086, 129.8725
-12.07815, 1.766943, 0.4734173, 168.9086, 129.8725
-12.07815, 1.579443, 0.4734173, 168.9086, 144.2341
-12.06977, 1.579443, 0.2335634, 167.325, 144.5257
-12.06977, 1.766943, 0.2335633, 167.325, 129.7106
-12.26965, 1.579443, 0.2265835, 151.4504, 144.5345
-12.06977, 1.579443, 0.2335634, 167.325, 144.5257
-12.07815, 1.579443, 0.4734173, 168.9086, 144.2341
-12.27802, 1.579443, 0.4664374, 153.522, 144.2423
-12.26965, 1.766943, 0.2265834, 151.4504, 129.7057
-12.26965, 1.579443, 0.2265835, 151.4504, 144.5345
-12.27802, 1.579443, 0.4664374, 153.522, 144.2423
-12.27802, 1.766943, 0.4664374, 153.522, 129.8679
-12.06977, 1.766943, 0.2335633, 167.325, 129.7106
-12.06977, 1.579443, 0.2335634, 167.325, 144.5257
-12.26965, 1.579443, 0.2265835, 151.4504, 144.5345
-12.26965, 1.766943, 0.2265834, 151.4504, 129.7057
box_6_melody(Clone) stack 148 Shelf_1 Rack_1_1_2
-12.07182, 1.954443, 0.2317638, 167.1459, 114.8906
-12.27179, 1.954443, 0.2282733, 151.3009, 114.8814
-12.27598, 1.954443, 0.4682369, 153.6988, 115.4981
-12.07601, 1.954443, 0.4717274, 169.0573, 115.5068
-12.27598, 1.954443, 0.4682369, 153.6988, 115.4981
-12.27598, 1.766943, 0.4682369, 153.6988, 129.8691
-12.07601, 1.766943, 0.4717274, 169.0573, 129.8714
-12.07601, 1.954443, 0.4717274, 169.0573, 115.5068
-12.07601, 1.954443, 0.4717274, 169.0573, 115.5068
-12.07601, 1.766943, 0.4717274, 169.0573, 129.8714
-12.07182, 1.766943, 0.2317638, 167.1459, 129.7093
-12.07182, 1.954443, 0.2317638, 167.1459, 114.8906
-12.27179, 1.766943, 0.2282734, 151.3009, 129.7069
-12.07182, 1.766943, 0.2317638, 167.1459, 129.7093
-12.07601, 1.766943, 0.4717274, 169.0573, 129.8714
-12.27598, 1.766943, 0.4682369, 153.6988, 129.8691
-12.27179, 1.954443, 0.2282733, 151.3009, 114.8814
-12.27179, 1.766943, 0.2282734, 151.3009, 129.7069
-12.27598, 1.766943, 0.4682369, 153.6988, 129.8691
-12.27598, 1.954443, 0.4682369, 153.6988, 115.4981
-12.07182, 1.954443, 0.2317638, 167.1459, 114.8906
-12.07182, 1.766943, 0.2317638, 167.1459, 129.7093
-12.27179, 1.766943, 0.2282734, 151.3009, 129.7069
-12.27179, 1.954443, 0.2282733, 151.3009, 114.8814
box_3_Hareli(Clone) stack 149 Shelf_2 Rack_1_1_2
-12.40108, 2.538451, 0.2349175, 141.1644, 68.76222
-12.60081, 2.538451, 0.2453847, 125.5437, 68.85338
-12.58929, 2.538451, 0.4650832, 129.6401, 70.71053
-12.38957, 2.538451, 0.454616, 144.827, 70.6244
-12.58929, 2.538451, 0.4650832, 129.6401, 70.71053
-12.58929, 2.388451, 0.4650832, 129.6401, 82.21201
-12.38957, 2.388451, 0.4546161, 144.827, 82.14131
-12.38957, 2.538451, 0.454616, 144.827, 70.6244
-12.38957, 2.538451, 0.454616, 144.827, 70.6244
-12.38957, 2.388451, 0.4546161, 144.827, 82.14131
-12.40108, 2.388451, 0.2349175, 141.1644, 80.61227
-12.40108, 2.538451, 0.2349175, 141.1644, 68.76222
-12.60081, 2.388451, 0.2453847, 125.5437, 80.6871
-12.40108, 2.388451, 0.2349175, 141.1644, 80.61227
-12.38957, 2.388451, 0.4546161, 144.827, 82.14131
-12.58929, 2.388451, 0.4650832, 129.6401, 82.21201
-12.60081, 2.538451, 0.2453847, 125.5437, 68.85338
-12.60081, 2.388451, 0.2453847, 125.5437, 80.6871
-12.58929, 2.388451, 0.4650832, 129.6401, 82.21201
-12.58929, 2.538451, 0.4650832, 129.6401, 70.71053
-12.40108, 2.538451, 0.2349175, 141.1644, 68.76222
-12.40108, 2.388451, 0.2349175, 141.1644, 80.61227
-12.60081, 2.388451, 0.2453847, 125.5437, 80.6871
-12.60081, 2.538451, 0.2453847, 125.5437, 68.85338
box_3_Hareli(Clone) stack 149 Shelf_2 Rack_1_1_2
-12.39909, 2.688451, 0.2365774, 141.3435, 56.92923
-12.59896, 2.688451, 0.2435573, 125.6616, 57.00089
-12.59129, 2.688451, 0.4634233, 129.4637, 59.19295
-12.39141, 2.688451, 0.4564434, 144.7079, 59.12526
-12.59129, 2.688451, 0.4634233, 129.4637, 59.19295
-12.59129, 2.538451, 0.4634234, 129.4637, 70.69685
-12.39141, 2.538451, 0.4564435, 144.7079, 70.63943
-12.39141, 2.688451, 0.4564434, 144.7079, 59.12526
-12.39141, 2.688451, 0.4564434, 144.7079, 59.12526
-12.39141, 2.538451, 0.4564435, 144.7079, 70.63943
-12.39909, 2.538451, 0.2365774, 141.3435, 68.77669
-12.39909, 2.688451, 0.2365774, 141.3435, 56.92923
-12.59896, 2.538451, 0.2435573, 125.6616, 68.83748
-12.39909, 2.538451, 0.2365774, 141.3435, 68.77669
-12.39141, 2.538451, 0.4564435, 144.7079, 70.63943
-12.59129, 2.538451, 0.4634234, 129.4637, 70.69685
-12.59896, 2.688451, 0.2435573, 125.6616, 57.00089
-12.59896, 2.538451, 0.2435573, 125.6616, 68.83748
-12.59129, 2.538451, 0.4634234, 129.4637, 70.69685
-12.59129, 2.688451, 0.4634233, 129.4637, 59.19295
-12.39909, 2.688451, 0.2365774, 141.3435, 56.92923
-12.39909, 2.538451, 0.2365774, 141.3435, 68.77669
-12.59896, 2.538451, 0.2435573, 125.6616, 68.83748
-12.59896, 2.688451, 0.2435573, 125.6616, 57.00089
box_3_Hareli(Clone) stack 149 Shelf_2 Rack_1_1_2
-12.38776, 2.838451, 0.2472439, 142.3754, 45.20787
-12.58727, 2.838451, 0.2332926, 126.4311, 45.04289
-12.60262, 2.838451, 0.4527568, 128.4427, 47.56982
-12.4031, 2.838451, 0.4667081, 143.9363, 47.72568
-12.60262, 2.838451, 0.4527568, 128.4427, 47.56982
-12.60262, 2.688451, 0.4527568, 128.4427, 59.08945
-12.4031, 2.688451, 0.4667081, 143.9363, 59.22475
-12.4031, 2.838451, 0.4667081, 143.9363, 47.72568
-12.4031, 2.838451, 0.4667081, 143.9363, 47.72568
-12.4031, 2.688451, 0.4667081, 143.9363, 59.22475
-12.38776, 2.688451, 0.247244, 142.3754, 57.03871
-12.38776, 2.838451, 0.2472439, 142.3754, 45.20787
-12.58727, 2.688451, 0.2332927, 126.4311, 56.89546
-12.38776, 2.688451, 0.247244, 142.3754, 57.03871
-12.4031, 2.688451, 0.4667081, 143.9363, 59.22475
-12.60262, 2.688451, 0.4527568, 128.4427, 59.08945
-12.58727, 2.838451, 0.2332926, 126.4311, 45.04289
-12.58727, 2.688451, 0.2332927, 126.4311, 56.89546
-12.60262, 2.688451, 0.4527568, 128.4427, 59.08945
-12.60262, 2.838451, 0.4527568, 128.4427, 47.56982
-12.38776, 2.838451, 0.2472439, 142.3754, 45.20787
-12.38776, 2.688451, 0.247244, 142.3754, 57.03871
-12.58727, 2.688451, 0.2332927, 126.4311, 56.89546
-12.58727, 2.838451, 0.2332926, 126.4311, 45.04289
box_3_Hareli(Clone) stack 149 Shelf_2 Rack_1_1_2
-12.38776, 2.988451, 0.2472439, 142.3754, 33.37703
-12.58727, 2.988451, 0.2332926, 126.4311, 33.19031
-12.60262, 2.988451, 0.4527568, 128.4427, 36.0502
-12.4031, 2.988451, 0.4667081, 143.9363, 36.22658
-12.60262, 2.988451, 0.4527568, 128.4427, 36.0502
-12.60262, 2.838451, 0.4527568, 128.4427, 47.56981
-12.4031, 2.838451, 0.4667081, 143.9363, 47.72566
-12.4031, 2.988451, 0.4667081, 143.9363, 36.22658
-12.4031, 2.988451, 0.4667081, 143.9363, 36.22658
-12.4031, 2.838451, 0.4667081, 143.9363, 47.72566
-12.38776, 2.838451, 0.247244, 142.3754, 45.20787
-12.38776, 2.988451, 0.2472439, 142.3754, 33.37703
-12.58727, 2.838451, 0.2332927, 126.4311, 45.04289
-12.38776, 2.838451, 0.247244, 142.3754, 45.20787
-12.4031, 2.838451, 0.4667081, 143.9363, 47.72566
-12.60262, 2.838451, 0.4527568, 128.4427, 47.56981
-12.58727, 2.988451, 0.2332926, 126.4311, 33.19031
-12.58727, 2.838451, 0.2332927, 126.4311, 45.04289
-12.60262, 2.838451, 0.4527568, 128.4427, 47.56981
-12.60262, 2.988451, 0.4527568, 128.4427, 36.0502
-12.38776, 2.988451, 0.2472439, 142.3754, 33.37703
-12.38776, 2.838451, 0.247244, 142.3754, 45.20787
-12.58727, 2.838451, 0.2332927, 126.4311, 45.04289
-12.58727, 2.988451, 0.2332926, 126.4311, 33.19031
box_3_Hareli(Clone) stack 149 Shelf_2 Rack_1_1_2
-12.38424, 3.138451, 0.2510558, 142.7018, 21.60301
-12.58314, 3.138451, 0.2301501, 126.7104, 21.2907
-12.60614, 3.138451, 0.448945, 128.1178, 24.47665
-12.40723, 3.138451, 0.4698507, 143.6585, 24.77173
-12.60614, 3.138451, 0.448945, 128.1178, 24.47665
-12.60614, 2.988451, 0.448945, 128.1178, 36.00189
-12.40723, 2.988451, 0.4698507, 143.6585, 36.2662
-12.40723, 3.138451, 0.4698507, 143.6585, 24.77173
-12.40723, 3.138451, 0.4698507, 143.6585, 24.77173
-12.40723, 2.988451, 0.4698507, 143.6585, 36.2662
-12.38424, 2.988451, 0.2510558, 142.7018, 33.42793
-12.38424, 3.138451, 0.2510558, 142.7018, 21.60301
-12.58314, 2.988451, 0.2301501, 126.7104, 33.14818
-12.38424, 2.988451, 0.2510558, 142.7018, 33.42793
-12.40723, 2.988451, 0.4698507, 143.6585, 36.2662
-12.60614, 2.988451, 0.448945, 128.1178, 36.00189
-12.58314, 3.138451, 0.2301501, 126.7104, 21.2907
-12.58314, 2.988451, 0.2301501, 126.7104, 33.14818
-12.60614, 2.988451, 0.448945, 128.1178, 36.00189
-12.60614, 3.138451, 0.448945, 128.1178, 24.47665
-12.38424, 3.138451, 0.2510558, 142.7018, 21.60301
-12.38424, 2.988451, 0.2510558, 142.7018, 33.42793
-12.58314, 2.988451, 0.2301501, 126.7104, 33.14818
-12.58314, 3.138451, 0.2301501, 126.7104, 21.2907
box_8_lizol(Clone) stack 151 Shelf_2 Rack_1_1_2
-11.60643, 2.565368, 0.2357813, 203.9457, 66.64349
-11.80567, 2.565368, 0.2183502, 188.0884, 66.48627
-11.82718, 2.565368, 0.4642195, 188.0702, 68.63925
-11.62794, 2.565368, 0.4816506, 203.4303, 68.78677
-11.82718, 2.565368, 0.4642195, 188.0702, 68.63925
-11.82718, 2.389118, 0.4642195, 188.0702, 82.15498
-11.62794, 2.389118, 0.4816506, 203.4303, 82.27245
-11.62794, 2.565368, 0.4816506, 203.4303, 68.78677
-11.62794, 2.565368, 0.4816506, 203.4303, 68.78677
-11.62794, 2.389118, 0.4816506, 203.4303, 82.27245
-11.60643, 2.389118, 0.2357813, 203.9457, 80.5657
-11.60643, 2.565368, 0.2357813, 203.9457, 66.64349
-11.80567, 2.389118, 0.2183501, 188.0884, 80.44051
-11.60643, 2.389118, 0.2357813, 203.9457, 80.5657
-11.62794, 2.389118, 0.4816506, 203.4303, 82.27245
-11.82718, 2.389118, 0.4642195, 188.0702, 82.15498
-11.80567, 2.565368, 0.2183502, 188.0884, 66.48627
-11.80567, 2.389118, 0.2183501, 188.0884, 80.44051
-11.82718, 2.389118, 0.4642195, 188.0702, 82.15498
-11.82718, 2.565368, 0.4642195, 188.0702, 68.63925
-11.60643, 2.565368, 0.2357813, 203.9457, 66.64349
-11.60643, 2.389118, 0.2357813, 203.9457, 80.5657
-11.80567, 2.389118, 0.2183501, 188.0884, 80.44051
-11.80567, 2.565368, 0.2183502, 188.0884, 66.48627
box_8_lizol(Clone) stack 151 Shelf_2 Rack_1_1_2
-11.60643, 2.741618, 0.2357813, 203.9457, 52.72131
-11.80567, 2.741618, 0.2183502, 188.0884, 52.53204
-11.82718, 2.741618, 0.4642195, 188.0702, 55.12355
-11.62794, 2.741618, 0.4816506, 203.4303, 55.30109
-11.82718, 2.741618, 0.4642195, 188.0702, 55.12355
-11.82718, 2.565368, 0.4642195, 188.0702, 68.63925
-11.62794, 2.565368, 0.4816506, 203.4303, 68.78677
-11.62794, 2.741618, 0.4816506, 203.4303, 55.30109
-11.62794, 2.741618, 0.4816506, 203.4303, 55.30109
-11.62794, 2.565368, 0.4816506, 203.4303, 68.78677
-11.60643, 2.565368, 0.2357813, 203.9457, 66.64349
-11.60643, 2.741618, 0.2357813, 203.9457, 52.72131
-11.80567, 2.565368, 0.2183501, 188.0884, 66.48627
-11.60643, 2.565368, 0.2357813, 203.9457, 66.64349
-11.62794, 2.565368, 0.4816506, 203.4303, 68.78677
-11.82718, 2.565368, 0.4642195, 188.0702, 68.63925
-11.80567, 2.741618, 0.2183502, 188.0884, 52.53204
-11.80567, 2.565368, 0.2183501, 188.0884, 66.48627
-11.82718, 2.565368, 0.4642195, 188.0702, 68.63925
-11.82718, 2.741618, 0.4642195, 188.0702, 55.12355
-11.60643, 2.741618, 0.2357813, 203.9457, 52.72131
-11.60643, 2.565368, 0.2357813, 203.9457, 66.64349
-11.80567, 2.565368, 0.2183501, 188.0884, 66.48627
-11.80567, 2.741618, 0.2183502, 188.0884, 52.53204
box_8_lizol(Clone) stack 151 Shelf_2 Rack_1_1_2
-11.60446, 2.917868, 0.237725, 204.111, 38.8237
-11.80336, 2.917868, 0.2168193, 188.261, 38.55835
-11.82916, 2.917868, 0.4622758, 187.9056, 41.58461
-11.63026, 2.917868, 0.4831815, 203.2606, 41.83359
-11.82916, 2.917868, 0.4622758, 187.9056, 41.58461
-11.82916, 2.741618, 0.4622758, 187.9056, 55.10368
-11.63026, 2.741618, 0.4831815, 203.2606, 55.31665
-11.63026, 2.917868, 0.4831815, 203.2606, 41.83359
-11.63026, 2.917868, 0.4831815, 203.2606, 41.83359
-11.63026, 2.741618, 0.4831815, 203.2606, 55.31665
-11.60446, 2.741618, 0.237725, 204.111, 52.74236
-11.60446, 2.917868, 0.237725, 204.111, 38.8237
-11.80336, 2.741618, 0.2168193, 188.261, 52.5154
-11.60446, 2.741618, 0.237725, 204.111, 52.74236
-11.63026, 2.741618, 0.4831815, 203.2606, 55.31665
-11.82916, 2.741618, 0.4622758, 187.9056, 55.10368
-11.80336, 2.917868, 0.2168193, 188.261, 38.55835
-11.80336, 2.741618, 0.2168193, 188.261, 52.5154
-11.82916, 2.741618, 0.4622758, 187.9056, 55.10368
-11.82916, 2.917868, 0.4622758, 187.9056, 41.58461
-11.60446, 2.917868, 0.237725, 204.111, 38.8237
-11.60446, 2.741618, 0.237725, 204.111, 52.74236
-11.80336, 2.741618, 0.2168193, 188.261, 52.5154
-11.80336, 2.917868, 0.2168193, 188.261, 38.55835
box_8_lizol(Clone) stack 151 Shelf_2 Rack_1_1_2
-11.60252, 3.094118, 0.2397029, 204.2737, 24.93373
-11.80102, 3.094118, 0.2153291, 188.4359, 24.57957
-11.8311, 3.094118, 0.4602979, 187.7434, 28.03847
-11.63259, 3.094118, 0.4846717, 203.0888, 28.37083
-11.8311, 3.094118, 0.4602979, 187.7434, 28.03847
-11.8311, 2.917868, 0.4602979, 187.7434, 41.56097
-11.63259, 2.917868, 0.4846717, 203.0888, 41.8513
-11.63259, 3.094118, 0.4846717, 203.0888, 28.37083
-11.63259, 3.094118, 0.4846717, 203.0888, 28.37083
-11.63259, 2.917868, 0.4846717, 203.0888, 41.8513
-11.60252, 2.917868, 0.2397029, 204.2737, 38.84872
-11.60252, 3.094118, 0.2397029, 204.2737, 24.93373
-11.80102, 2.917868, 0.215329, 188.4359, 38.53937
-11.60252, 2.917868, 0.2397029, 204.2737, 38.84872
-11.63259, 2.917868, 0.4846717, 203.0888, 41.8513
-11.8311, 2.917868, 0.4602979, 187.7434, 41.56097
-11.80102, 3.094118, 0.2153291, 188.4359, 24.57957
-11.80102, 2.917868, 0.215329, 188.4359, 38.53937
-11.8311, 2.917868, 0.4602979, 187.7434, 41.56097
-11.8311, 3.094118, 0.4602979, 187.7434, 28.03847
-11.60252, 3.094118, 0.2397029, 204.2737, 24.93373
-11.60252, 2.917868, 0.2397029, 204.2737, 38.84872
-11.80102, 2.917868, 0.215329, 188.4359, 38.53937
-11.80102, 3.094118, 0.2153291, 188.4359, 24.57957
box_7_litchi(Clone) stack 152 Shelf_2 Rack_1_1_2
-11.24554, 2.599012, 0.2500004, 232.4674, 64.11862
-11.44554, 2.599012, 0.2500004, 216.6986, 64.11862
-11.44554, 2.599012, 0.4500003, 217.2953, 65.93376
-11.24554, 2.599012, 0.4500003, 232.6603, 65.93376
-11.44554, 2.599012, 0.4500003, 217.2953, 65.93376
-11.44554, 2.389012, 0.4500004, 217.2953, 82.06693
-11.24554, 2.389012, 0.4500004, 232.6603, 82.06693
-11.24554, 2.599012, 0.4500003, 232.6603, 65.93376
-11.24554, 2.599012, 0.4500003, 232.6603, 65.93376
-11.24554, 2.389012, 0.4500004, 232.6603, 82.06693
-11.24554, 2.389012, 0.2500004, 232.4674, 80.67577
-11.24554, 2.599012, 0.2500004, 232.4674, 64.11862
-11.44554, 2.389012, 0.2500004, 216.6986, 80.67577
-11.24554, 2.389012, 0.2500004, 232.4674, 80.67577
-11.24554, 2.389012, 0.4500004, 232.6603, 82.06693
-11.44554, 2.389012, 0.4500004, 217.2953, 82.06693
-11.44554, 2.599012, 0.2500004, 216.6986, 64.11862
-11.44554, 2.389012, 0.2500004, 216.6986, 80.67577
-11.44554, 2.389012, 0.4500004, 217.2953, 82.06693
-11.44554, 2.599012, 0.4500003, 217.2953, 65.93376
-11.24554, 2.599012, 0.2500004, 232.4674, 64.11862
-11.24554, 2.389012, 0.2500004, 232.4674, 80.67577
-11.44554, 2.389012, 0.2500004, 216.6986, 80.67577
-11.44554, 2.599012, 0.2500004, 216.6986, 64.11862
box_7_litchi(Clone) stack 152 Shelf_2 Rack_1_1_2
-11.25654, 2.809012, 0.2400953, 231.5891, 47.44748
-11.45544, 2.809012, 0.2610011, 215.9524, 47.68767
-11.43454, 2.809012, 0.4599054, 218.1681, 49.90851
-11.23563, 2.809012, 0.4389997, 233.4119, 49.68042
-11.43454, 2.809012, 0.4599054, 218.1681, 49.90851
-11.43454, 2.599012, 0.4599054, 218.1681, 66.02124
-11.23563, 2.599012, 0.4389997, 233.4119, 65.83635
-11.23563, 2.809012, 0.4389997, 233.4119, 49.68042
-11.23563, 2.809012, 0.4389997, 233.4119, 49.68042
-11.23563, 2.599012, 0.4389997, 233.4119, 65.83635
-11.25654, 2.599012, 0.2400953, 231.5891, 64.02625
-11.25654, 2.809012, 0.2400953, 231.5891, 47.44748
-11.45544, 2.599012, 0.2610011, 215.9524, 64.22093
-11.25654, 2.599012, 0.2400953, 231.5891, 64.02625
-11.23563, 2.599012, 0.4389997, 233.4119, 65.83635
-11.43454, 2.599012, 0.4599054, 218.1681, 66.02124
-11.45544, 2.809012, 0.2610011, 215.9524, 47.68767
-11.45544, 2.599012, 0.2610011, 215.9524, 64.22093
-11.43454, 2.599012, 0.4599054, 218.1681, 66.02124
-11.43454, 2.809012, 0.4599054, 218.1681, 49.90851
-11.25654, 2.809012, 0.2400953, 231.5891, 47.44748
-11.25654, 2.599012, 0.2400953, 231.5891, 64.02625
-11.45544, 2.599012, 0.2610011, 215.9524, 64.22093
-11.45544, 2.809012, 0.2610011, 215.9524, 47.68767
box_7_litchi(Clone) stack 152 Shelf_2 Rack_1_1_2
-11.23881, 3.019012, 0.2572196, 233.0048, 31.10286
-11.43832, 3.019012, 0.2432683, 217.2477, 30.91222
-11.45227, 3.019012, 0.4427811, 216.7567, 33.57368
-11.25276, 3.019012, 0.4567324, 232.1125, 33.7547
-11.45227, 3.019012, 0.4427811, 216.7567, 33.57368
-11.45227, 2.809012, 0.4427811, 216.7567, 49.72177
-11.25276, 2.809012, 0.4567324, 232.1125, 49.87396
-11.25276, 3.019012, 0.4567324, 232.1125, 33.7547
-11.25276, 3.019012, 0.4567324, 232.1125, 33.7547
-11.25276, 2.809012, 0.4567324, 232.1125, 49.87396
-11.23881, 2.809012, 0.2572196, 233.0048, 47.64432
-11.23881, 3.019012, 0.2572196, 233.0048, 31.10286
-11.43832, 2.809012, 0.2432683, 217.2477, 47.48402
-11.23881, 2.809012, 0.2572196, 233.0048, 47.64432
-11.25276, 2.809012, 0.4567324, 232.1125, 49.87396
-11.45227, 2.809012, 0.4427811, 216.7567, 49.72177
-11.43832, 3.019012, 0.2432683, 217.2477, 30.91222
-11.43832, 2.809012, 0.2432683, 217.2477, 47.48402
-11.45227, 2.809012, 0.4427811, 216.7567, 49.72177
-11.45227, 3.019012, 0.4427811, 216.7567, 33.57368
-11.23881, 3.019012, 0.2572196, 233.0048, 31.10286
-11.23881, 2.809012, 0.2572196, 233.0048, 47.64432
-11.43832, 2.809012, 0.2432683, 217.2477, 47.48402
-11.43832, 3.019012, 0.2432683, 217.2477, 30.91222
