box_5_LMRR(Clone) stack 78 Shelf_0 Rack_0_1_0
2.472138, 0.162368, 0.2078952, 317.0733, 256.907
2.272138, 0.162368, 0.2078952, 301.2169, 256.907
2.272138, 0.1623681, 0.4921055, 299.0011, 252.4945
2.472138, 0.1623681, 0.4921055, 314.2836, 252.4945
2.272138, 0.1623681, 0.4921055, 299.0011, 252.4945
2.272138, 0.01986802, 0.4921056, 299.0011, 263.3833
2.472138, 0.01986802, 0.4921056, 314.2836, 263.3833
2.472138, 0.1623681, 0.4921055, 314.2836, 252.4945
2.472138, 0.1623681, 0.4921055, 314.2836, 252.4945
2.472138, 0.01986802, 0.4921056, 314.2836, 263.3833
2.472138, 0.01986799, 0.2078952, 317.0733, 268.2047
2.472138, 0.162368, 0.2078952, 317.0733, 256.907
2.272138, 0.01986799, 0.2078952, 301.2169, 268.2047
2.472138, 0.01986799, 0.2078952, 317.0733, 268.2047
2.472138, 0.01986802, 0.4921056, 314.2836, 263.3833
2.272138, 0.01986802, 0.4921056, 299.0011, 263.3833
2.272138, 0.162368, 0.2078952, 301.2169, 256.907
2.272138, 0.01986799, 0.2078952, 301.2169, 268.2047
2.272138, 0.01986802, 0.4921056, 299.0011, 263.3833
2.272138, 0.1623681, 0.4921055, 299.0011, 252.4945
2.472138, 0.162368, 0.2078952, 317.0733, 256.907
2.472138, 0.01986799, 0.2078952, 317.0733, 268.2047
2.272138, 0.01986799, 0.2078952, 301.2169, 268.2047
2.272138, 0.162368, 0.2078952, 301.2169, 256.907
box_5_LMRR(Clone) stack 78 Shelf_0 Rack_0_1_0
2.461982, 0.304868, 0.2012657, 316.335, 245.7062
2.262469, 0.304868, 0.215217, 300.3918, 245.5023
2.282294, 0.304868, 0.498735, 299.7267, 241.5158
2.481807, 0.304868, 0.4847837, 315.0925, 241.7052
2.282294, 0.304868, 0.498735, 299.7267, 241.5158
2.282294, 0.162368, 0.498735, 299.7267, 252.3954
2.481807, 0.162368, 0.4847838, 315.0925, 252.6042
2.481807, 0.304868, 0.4847837, 315.0925, 241.7052
2.481807, 0.304868, 0.4847837, 315.0925, 241.7052
2.481807, 0.162368, 0.4847838, 315.0925, 252.6042
2.461982, 0.162368, 0.2012657, 316.335, 257.0139
2.461982, 0.304868, 0.2012657, 316.335, 245.7062
2.262469, 0.162368, 0.215217, 300.3918, 256.7892
2.461982, 0.162368, 0.2012657, 316.335, 257.0139
2.481807, 0.162368, 0.4847838, 315.0925, 252.6042
2.282294, 0.162368, 0.498735, 299.7267, 252.3954
2.262469, 0.304868, 0.215217, 300.3918, 245.5023
2.262469, 0.162368, 0.215217, 300.3918, 256.7892
2.282294, 0.162368, 0.498735, 299.7267, 252.3954
2.282294, 0.304868, 0.498735, 299.7267, 241.5158
2.461982, 0.304868, 0.2012657, 316.335, 245.7062
2.461982, 0.162368, 0.2012657, 316.335, 257.0139
2.262469, 0.162368, 0.215217, 300.3918, 256.7892
2.262469, 0.304868, 0.215217, 300.3918, 245.5023
box_5_LMRR(Clone) stack 78 Shelf_0 Rack_0_1_0
2.456736, 0.447368, 0.1982208, 315.9493, 234.4386
2.257832, 0.447368, 0.2191265, 299.9936, 234.1644
2.28754, 0.447368, 0.5017799, 300.1039, 230.5991
2.486444, 0.447368, 0.4808742, 315.4848, 230.854
2.28754, 0.447368, 0.5017799, 300.1039, 230.5991
2.28754, 0.304868, 0.5017799, 300.1039, 241.4745
2.486444, 0.304868, 0.4808742, 315.4848, 241.7584
2.486444, 0.447368, 0.4808742, 315.4848, 230.854
2.486444, 0.447368, 0.4808742, 315.4848, 230.854
2.486444, 0.304868, 0.4808742, 315.4848, 241.7584
2.456736, 0.304868, 0.1982208, 315.9493, 245.7508
2.456736, 0.447368, 0.1982208, 315.9493, 234.4386
2.257832, 0.304868, 0.2191265, 299.9936, 245.4453
2.456736, 0.304868, 0.1982208, 315.9493, 245.7508
2.486444, 0.304868, 0.4808742, 315.4848, 241.7584
2.28754, 0.304868, 0.5017799, 300.1039, 241.4745
2.257832, 0.447368, 0.2191265, 299.9936, 234.1644
2.257832, 0.304868, 0.2191265, 299.9936, 245.4453
2.28754, 0.304868, 0.5017799, 300.1039, 241.4745
2.28754, 0.447368, 0.5017799, 300.1039, 230.5991
2.456736, 0.447368, 0.1982208, 315.9493, 234.4386
2.456736, 0.304868, 0.1982208, 315.9493, 245.7508
2.257832, 0.304868, 0.2191265, 299.9936, 245.4453
2.257832, 0.447368, 0.2191265, 299.9936, 234.1644
box_5_LMRR(Clone) stack 78 Shelf_0 Rack_0_1_0
2.461982, 0.5898679, 0.2012657, 316.335, 223.091
2.262469, 0.5898679, 0.215217, 300.3918, 222.9287
2.282294, 0.5898679, 0.498735, 299.7267, 219.7566
2.481807, 0.5898679, 0.4847837, 315.0925, 219.9073
2.282294, 0.5898679, 0.498735, 299.7267, 219.7566
2.282294, 0.447368, 0.498735, 299.7267, 230.6362
2.481807, 0.447368, 0.4847838, 315.0925, 230.8062
2.481807, 0.5898679, 0.4847837, 315.0925, 219.9073
2.481807, 0.5898679, 0.4847837, 315.0925, 219.9073
2.481807, 0.447368, 0.4847838, 315.0925, 230.8062
2.461982, 0.4473679, 0.2012657, 316.335, 234.3986
2.461982, 0.5898679, 0.2012657, 316.335, 223.091
2.262469, 0.4473679, 0.215217, 300.3918, 234.2155
2.461982, 0.4473679, 0.2012657, 316.335, 234.3986
2.481807, 0.447368, 0.4847838, 315.0925, 230.8062
2.282294, 0.447368, 0.498735, 299.7267, 230.6362
2.262469, 0.5898679, 0.215217, 300.3918, 222.9287
2.262469, 0.4473679, 0.215217, 300.3918, 234.2155
2.282294, 0.447368, 0.498735, 299.7267, 230.6362
2.282294, 0.5898679, 0.498735, 299.7267, 219.7566
2.461982, 0.5898679, 0.2012657, 316.335, 223.091
2.461982, 0.4473679, 0.2012657, 316.335, 234.3986
2.262469, 0.4473679, 0.215217, 300.3918, 234.2155
2.262469, 0.5898679, 0.215217, 300.3918, 222.9287
box_5_LMRR(Clone) stack 78 Shelf_0 Rack_0_1_0
2.459372, 0.7323679, 0.1997204, 316.1435, 211.799
2.260133, 0.7323679, 0.2171515, 300.1915, 211.6224
2.284904, 0.7323679, 0.5002804, 299.9142, 208.8624
2.484143, 0.7323679, 0.4828492, 315.2897, 209.0266
2.284904, 0.7323679, 0.5002804, 299.9142, 208.8624
2.284904, 0.5898679, 0.5002804, 299.9142, 219.7399
2.484143, 0.5898679, 0.4828492, 315.2897, 219.9282
2.484143, 0.7323679, 0.4828492, 315.2897, 209.0266
2.484143, 0.7323679, 0.4828492, 315.2897, 209.0266
2.484143, 0.5898679, 0.4828492, 315.2897, 219.9282
2.459372, 0.5898679, 0.1997204, 316.1435, 223.109
2.459372, 0.7323679, 0.1997204, 316.1435, 211.799
2.260133, 0.5898679, 0.2171515, 300.1915, 222.9063
2.459372, 0.5898679, 0.1997204, 316.1435, 223.109
2.484143, 0.5898679, 0.4828492, 315.2897, 219.9282
2.284904, 0.5898679, 0.5002804, 299.9142, 219.7399
2.260133, 0.7323679, 0.2171515, 300.1915, 211.6224
2.260133, 0.5898679, 0.2171515, 300.1915, 222.9063
2.284904, 0.5898679, 0.5002804, 299.9142, 219.7399
2.284904, 0.7323679, 0.5002804, 299.9142, 208.8624
2.459372, 0.7323679, 0.1997204, 316.1435, 211.799
2.459372, 0.5898679, 0.1997204, 316.1435, 223.109
2.260133, 0.5898679, 0.2171515, 300.1915, 222.9063
2.260133, 0.7323679, 0.2171515, 300.1915, 211.6224
box_5_LMRR(Clone) stack 79 Shelf_0 Rack_0_1_0
2.083604, 0.162368, 0.209662, 286.2587, 256.8785
1.883635, 0.162368, 0.2061716, 270.4224, 256.9348
1.878675, 0.162368, 0.4903387, 268.942, 252.521
2.078644, 0.162368, 0.4938292, 284.206, 252.4687
1.878675, 0.162368, 0.4903387, 268.942, 252.521
1.878675, 0.01986802, 0.4903387, 268.942, 263.4122
2.078644, 0.01986802, 0.4938292, 284.206, 263.3551
2.078644, 0.162368, 0.4938292, 284.206, 252.4687
2.078644, 0.162368, 0.4938292, 284.206, 252.4687
2.078644, 0.01986802, 0.4938292, 284.206, 263.3551
2.083604, 0.01986799, 0.2096621, 286.2587, 268.1736
2.083604, 0.162368, 0.209662, 286.2587, 256.8785
1.883635, 0.01986799, 0.2061716, 270.4224, 268.235
2.083604, 0.01986799, 0.2096621, 286.2587, 268.1736
2.078644, 0.01986802, 0.4938292, 284.206, 263.3551
1.878675, 0.01986802, 0.4903387, 268.942, 263.4122
1.883635, 0.162368, 0.2061716, 270.4224, 256.9348
1.883635, 0.01986799, 0.2061716, 270.4224, 268.235
1.878675, 0.01986802, 0.4903387, 268.942, 263.4122
1.878675, 0.162368, 0.4903387, 268.942, 252.521
2.083604, 0.162368, 0.209662, 286.2587, 256.8785
2.083604, 0.01986799, 0.2096621, 286.2587, 268.1736
1.883635, 0.01986799, 0.2061716, 270.4224, 268.235
1.883635, 0.162368, 0.2061716, 270.4224, 256.9348
box_5_LMRR(Clone) stack 79 Shelf_0 Rack_0_1_0
2.095446, 0.304868, 0.2191265, 287.1383, 245.4453
1.896541, 0.304868, 0.1982208, 271.4789, 245.7508
1.866833, 0.304868, 0.4808742, 268.0708, 241.7584
2.065737, 0.304868, 0.5017799, 283.1763, 241.4745
1.866833, 0.304868, 0.4808742, 268.0708, 241.7584
1.866833, 0.162368, 0.4808742, 268.0708, 252.6628
2.065737, 0.162368, 0.5017799, 283.1763, 252.3499
2.065737, 0.304868, 0.5017799, 283.1763, 241.4745
2.065737, 0.304868, 0.5017799, 283.1763, 241.4745
2.065737, 0.162368, 0.5017799, 283.1763, 252.3499
2.095446, 0.162368, 0.2191265, 287.1383, 256.7263
2.095446, 0.304868, 0.2191265, 287.1383, 245.4453
1.896541, 0.162368, 0.1982208, 271.4789, 257.063
2.095446, 0.162368, 0.2191265, 287.1383, 256.7263
2.065737, 0.162368, 0.5017799, 283.1763, 252.3499
1.866833, 0.162368, 0.4808742, 268.0708, 252.6628
1.896541, 0.304868, 0.1982208, 271.4789, 245.7508
1.896541, 0.162368, 0.1982208, 271.4789, 257.063
1.866833, 0.162368, 0.4808742, 268.0708, 252.6628
1.866833, 0.304868, 0.4808742, 268.0708, 241.7584
2.095446, 0.304868, 0.2191265, 287.1383, 245.4453
2.095446, 0.162368, 0.2191265, 287.1383, 256.7263
1.896541, 0.162368, 0.1982208, 271.4789, 257.063
1.896541, 0.304868, 0.1982208, 271.4789, 245.7508
box_3_Hareli(Clone) stack 80 Shelf_0 Rack_0_1_0
1.712119, 0.1692639, 0.2435573, 256.7384, 255.7911
1.512241, 0.1692639, 0.2365774, 240.9668, 255.902
1.504563, 0.1692639, 0.4564434, 240.3503, 252.5012
1.704441, 0.1692639, 0.4634233, 255.6792, 252.3964
1.504563, 0.1692639, 0.4564434, 240.3503, 252.5012
1.504563, 0.01926389, 0.4564435, 240.3503, 264.0154
1.704441, 0.01926389, 0.4634234, 255.6792, 263.9003
1.704441, 0.1692639, 0.4634233, 255.6792, 252.3964
1.704441, 0.1692639, 0.4634233, 255.6792, 252.3964
1.704441, 0.01926389, 0.4634234, 255.6792, 263.9003
1.712119, 0.01926386, 0.2435573, 256.7384, 267.6276
1.712119, 0.1692639, 0.2435573, 256.7384, 255.7911
1.512241, 0.01926386, 0.2365774, 240.9668, 267.7495
1.712119, 0.01926386, 0.2435573, 256.7384, 267.6276
1.704441, 0.01926389, 0.4634234, 255.6792, 263.9003
1.504563, 0.01926389, 0.4564435, 240.3503, 264.0154
1.512241, 0.1692639, 0.2365774, 240.9668, 255.902
1.512241, 0.01926386, 0.2365774, 240.9668, 267.7495
1.504563, 0.01926389, 0.4564435, 240.3503, 264.0154
1.504563, 0.1692639, 0.4564434, 240.3503, 252.5012
1.712119, 0.1692639, 0.2435573, 256.7384, 255.7911
1.712119, 0.01926386, 0.2435573, 256.7384, 267.6276
1.512241, 0.01926386, 0.2365774, 240.9668, 267.7495
1.512241, 0.1692639, 0.2365774, 240.9668, 255.902
box_3_Hareli(Clone) stack 81 Shelf_1 Rack_0_1_0
2.880088, 1.353857, 0.2491345, 348.8235, 162.2943
2.680849, 1.353857, 0.2317034, 333.3268, 162.3569
2.661675, 1.353857, 0.4508663, 329.2353, 161.5893
2.860914, 1.353857, 0.4682974, 344.3073, 161.5301
2.661675, 1.353857, 0.4508663, 329.2353, 161.5893
2.661675, 1.203857, 0.4508663, 329.2353, 173.1117
2.860914, 1.203857, 0.4682974, 344.3073, 173.0269
2.860914, 1.353857, 0.4682974, 344.3073, 161.5301
2.860914, 1.353857, 0.4682974, 344.3073, 161.5301
2.860914, 1.203857, 0.4682974, 344.3073, 173.0269
2.880088, 1.203857, 0.2491345, 348.8235, 174.1221
2.880088, 1.353857, 0.2491345, 348.8235, 162.2943
2.680849, 1.203857, 0.2317034, 333.3268, 174.212
2.880088, 1.203857, 0.2491345, 348.8235, 174.1221
2.860914, 1.203857, 0.4682974, 344.3073, 173.0269
2.661675, 1.203857, 0.4508663, 329.2353, 173.1117
2.680849, 1.353857, 0.2317034, 333.3268, 162.3569
2.680849, 1.203857, 0.2317034, 333.3268, 174.212
2.661675, 1.203857, 0.4508663, 329.2353, 173.1117
2.661675, 1.353857, 0.4508663, 329.2353, 161.5893
2.880088, 1.353857, 0.2491345, 348.8235, 162.2943
2.880088, 1.203857, 0.2491345, 348.8235, 174.1221
2.680849, 1.203857, 0.2317034, 333.3268, 174.212
2.680849, 1.353857, 0.2317034, 333.3268, 162.3569
box_3_Hareli(Clone) stack 81 Shelf_1 Rack_0_1_0
2.881832, 1.503857, 0.2510558, 348.9335, 150.4625
2.682928, 1.503857, 0.2301501, 333.5103, 150.505
2.659931, 1.503857, 0.448945, 329.1233, 150.0706
2.858836, 1.503857, 0.4698507, 344.1273, 150.0304
2.659931, 1.503857, 0.448945, 329.1233, 150.0706
2.659931, 1.353857, 0.448945, 329.1233, 161.5959
2.858836, 1.353857, 0.4698507, 344.1273, 161.5249
2.858836, 1.503857, 0.4698507, 344.1273, 150.0304
2.858836, 1.503857, 0.4698507, 344.1273, 150.0304
2.858836, 1.353857, 0.4698507, 344.1273, 161.5249
2.881832, 1.353857, 0.2510558, 348.9335, 162.2874
2.881832, 1.503857, 0.2510558, 348.9335, 150.4625
2.682928, 1.353857, 0.2301501, 333.5103, 162.3625
2.881832, 1.353857, 0.2510558, 348.9335, 162.2874
2.858836, 1.353857, 0.4698507, 344.1273, 161.5249
2.659931, 1.353857, 0.448945, 329.1233, 161.5959
2.682928, 1.503857, 0.2301501, 333.5103, 150.505
2.682928, 1.353857, 0.2301501, 333.5103, 162.3625
2.659931, 1.353857, 0.448945, 329.1233, 161.5959
2.659931, 1.503857, 0.448945, 329.1233, 150.0706
2.881832, 1.503857, 0.2510558, 348.9335, 150.4625
2.881832, 1.353857, 0.2510558, 348.9335, 162.2874
2.682928, 1.353857, 0.2301501, 333.5103, 162.3625
2.682928, 1.503857, 0.2301501, 333.5103, 150.505
box_3_Hareli(Clone) stack 81 Shelf_1 Rack_0_1_0
2.864988, 1.653857, 0.2349175, 347.8343, 138.6453
2.665262, 1.653857, 0.2453847, 331.9293, 138.6403
2.676776, 1.653857, 0.4650832, 330.231, 138.5381
2.876502, 1.653857, 0.454616, 345.6867, 138.5428
2.676776, 1.653857, 0.4650832, 330.231, 138.5381
2.676776, 1.503857, 0.4650832, 330.231, 150.0396
2.876502, 1.503857, 0.4546161, 345.6867, 150.0597
2.876502, 1.653857, 0.454616, 345.6867, 138.5428
2.876502, 1.653857, 0.454616, 345.6867, 138.5428
2.876502, 1.503857, 0.4546161, 345.6867, 150.0597
2.864988, 1.503857, 0.2349175, 347.8343, 150.4953
2.864988, 1.653857, 0.2349175, 347.8343, 138.6453
2.665262, 1.503857, 0.2453847, 331.9293, 150.474
2.864988, 1.503857, 0.2349175, 347.8343, 150.4953
2.876502, 1.503857, 0.4546161, 345.6867, 150.0597
2.676776, 1.503857, 0.4650832, 330.231, 150.0396
2.665262, 1.653857, 0.2453847, 331.9293, 138.6403
2.665262, 1.503857, 0.2453847, 331.9293, 150.474
2.676776, 1.503857, 0.4650832, 330.231, 150.0396
2.676776, 1.653857, 0.4650832, 330.231, 138.5381
2.864988, 1.653857, 0.2349175, 347.8343, 138.6453
2.864988, 1.503857, 0.2349175, 347.8343, 150.4953
2.665262, 1.503857, 0.2453847, 331.9293, 150.474
2.665262, 1.653857, 0.2453847, 331.9293, 138.6403
box_3_Hareli(Clone) stack 81 Shelf_1 Rack_0_1_0
2.883542, 1.803857, 0.2530072, 349.0404, 126.8147
2.685033, 1.803857, 0.2286334, 333.6953, 126.7885
2.658221, 1.803857, 0.4469935, 329.0142, 127.0181
2.856731, 1.803857, 0.4713674, 343.9459, 127.043
2.658221, 1.803857, 0.4469935, 329.0142, 127.0181
2.658221, 1.653857, 0.4469935, 329.0142, 138.5463
2.856731, 1.653857, 0.4713674, 343.9459, 138.5352
2.856731, 1.803857, 0.4713674, 343.9459, 127.043
2.856731, 1.803857, 0.4713674, 343.9459, 127.043
2.856731, 1.653857, 0.4713674, 343.9459, 138.5352
2.883542, 1.653857, 0.2530072, 349.0404, 138.6366
2.883542, 1.803857, 0.2530072, 349.0404, 126.8147
2.685033, 1.653857, 0.2286334, 333.6953, 138.6483
2.883542, 1.653857, 0.2530072, 349.0404, 138.6366
2.856731, 1.653857, 0.4713674, 343.9459, 138.5352
2.658221, 1.653857, 0.4469935, 329.0142, 138.5463
2.685033, 1.803857, 0.2286334, 333.6953, 126.7885
2.685033, 1.653857, 0.2286334, 333.6953, 138.6483
2.658221, 1.653857, 0.4469935, 329.0142, 138.5463
2.658221, 1.803857, 0.4469935, 329.0142, 127.0181
2.883542, 1.803857, 0.2530072, 349.0404, 126.8147
2.883542, 1.653857, 0.2530072, 349.0404, 138.6366
2.685033, 1.653857, 0.2286334, 333.6953, 138.6483
2.685033, 1.803857, 0.2286334, 333.6953, 126.7885
box_3_Hareli(Clone) stack 81 Shelf_1 Rack_0_1_0
2.87466, 1.953857, 0.2435573, 348.475, 114.968
2.674782, 1.953857, 0.2365774, 332.7877, 114.9496
2.667104, 1.953857, 0.4564434, 329.5883, 115.5136
2.866982, 1.953857, 0.4634233, 344.8376, 115.531
2.667104, 1.953857, 0.4564434, 329.5883, 115.5136
2.667104, 1.803857, 0.4564435, 329.5883, 127.0278
2.866982, 1.803857, 0.4634234, 344.8376, 127.0349
2.866982, 1.953857, 0.4634233, 344.8376, 115.531
2.866982, 1.953857, 0.4634233, 344.8376, 115.531
2.866982, 1.803857, 0.4634234, 344.8376, 127.0349
2.87466, 1.803857, 0.2435573, 348.475, 126.8046
2.87466, 1.953857, 0.2435573, 348.475, 114.968
2.674782, 1.803857, 0.2365774, 332.7877, 126.797
2.87466, 1.803857, 0.2435573, 348.475, 126.8046
2.866982, 1.803857, 0.4634234, 344.8376, 127.0349
2.667104, 1.803857, 0.4564435, 329.5883, 127.0278
2.674782, 1.953857, 0.2365774, 332.7877, 114.9496
2.674782, 1.803857, 0.2365774, 332.7877, 126.797
2.667104, 1.803857, 0.4564435, 329.5883, 127.0278
2.667104, 1.953857, 0.4564434, 329.5883, 115.5136
2.87466, 1.953857, 0.2435573, 348.475, 114.968
2.87466, 1.803857, 0.2435573, 348.475, 126.8046
2.674782, 1.803857, 0.2365774, 332.7877, 126.797
2.674782, 1.953857, 0.2365774, 332.7877, 114.9496
box_1_Parle-G-GOLD(Clone) stack 83 Shelf_1 Rack_0_1_0
2.104232, 1.376249, 0.249206, 287.6448, 160.5284
1.904354, 1.376249, 0.2422261, 271.9134, 160.5518
1.897071, 1.376249, 0.4507947, 270.5017, 159.8695
2.096949, 1.376249, 0.4577746, 285.8148, 159.8473
1.897071, 1.376249, 0.4507947, 270.5017, 159.8695
1.897071, 1.203749, 0.4507947, 270.5017, 173.1204
2.096949, 1.203749, 0.4577746, 285.8148, 173.0863
2.096949, 1.376249, 0.4577746, 285.8148, 159.8473
2.096949, 1.376249, 0.4577746, 285.8148, 159.8473
2.096949, 1.203749, 0.4577746, 285.8148, 173.0863
2.104232, 1.203749, 0.249206, 287.6448, 174.1303
2.104232, 1.376249, 0.249206, 287.6448, 160.5284
1.904354, 1.203749, 0.2422261, 271.9134, 174.1662
2.104232, 1.203749, 0.249206, 287.6448, 174.1303
2.096949, 1.203749, 0.4577746, 285.8148, 173.0863
1.897071, 1.203749, 0.4507947, 270.5017, 173.1204
1.904354, 1.376249, 0.2422261, 271.9134, 160.5518
1.904354, 1.203749, 0.2422261, 271.9134, 174.1662
1.897071, 1.203749, 0.4507947, 270.5017, 173.1204
1.897071, 1.376249, 0.4507947, 270.5017, 159.8695
2.104232, 1.376249, 0.249206, 287.6448, 160.5284
2.104232, 1.203749, 0.249206, 287.6448, 174.1303
1.904354, 1.203749, 0.2422261, 271.9134, 174.1662
1.904354, 1.376249, 0.2422261, 271.9134, 160.5518
box_1_Parle-G-GOLD(Clone) stack 83 Shelf_1 Rack_0_1_0
2.112623, 1.548749, 0.2586173, 288.2468, 146.9117
1.914114, 1.548749, 0.2342434, 272.718, 146.9499
1.88868, 1.548749, 0.4413835, 269.8932, 146.6326
2.087189, 1.548749, 0.4657574, 285.0198, 146.5964
1.88868, 1.548749, 0.4413835, 269.8932, 146.6326
1.88868, 1.376249, 0.4413835, 269.8932, 159.8995
2.087189, 1.376249, 0.4657574, 285.0198, 159.8219
2.087189, 1.548749, 0.4657574, 285.0198, 146.5964
2.087189, 1.548749, 0.4657574, 285.0198, 146.5964
2.087189, 1.376249, 0.4657574, 285.0198, 159.8219
2.112623, 1.376249, 0.2586173, 288.2468, 160.4968
2.112623, 1.548749, 0.2586173, 288.2468, 146.9117
1.914114, 1.376249, 0.2342434, 272.718, 160.5786
2.112623, 1.376249, 0.2586173, 288.2468, 160.4968
2.087189, 1.376249, 0.4657574, 285.0198, 159.8219
1.88868, 1.376249, 0.4413835, 269.8932, 159.8995
1.914114, 1.548749, 0.2342434, 272.718, 146.9499
1.914114, 1.376249, 0.2342434, 272.718, 160.5786
1.88868, 1.376249, 0.4413835, 269.8932, 159.8995
1.88868, 1.548749, 0.4413835, 269.8932, 146.6326
2.112623, 1.548749, 0.2586173, 288.2468, 146.9117
2.112623, 1.376249, 0.2586173, 288.2468, 160.4968
1.914114, 1.376249, 0.2342434, 272.718, 160.5786
1.914114, 1.548749, 0.2342434, 272.718, 146.9499
box_1_Parle-G-GOLD(Clone) stack 83 Shelf_1 Rack_0_1_0
2.100652, 1.721249, 0.2456525, 287.3846, 133.3237
1.900652, 1.721249, 0.2456525, 271.6069, 133.3237
1.900652, 1.721249, 0.4543482, 270.7628, 133.3684
2.100652, 1.721249, 0.4543482, 286.1191, 133.3684
1.900652, 1.721249, 0.4543482, 270.7628, 133.3684
1.900652, 1.548749, 0.4543482, 270.7628, 146.6133
2.100652, 1.548749, 0.4543482, 286.1191, 146.6133
2.100652, 1.721249, 0.4543482, 286.1191, 133.3684
2.100652, 1.721249, 0.4543482, 286.1191, 133.3684
2.100652, 1.548749, 0.4543482, 286.1191, 146.6133
2.100652, 1.548749, 0.2456525, 287.3846, 146.932
2.100652, 1.721249, 0.2456525, 287.3846, 133.3237
1.900652, 1.548749, 0.2456525, 271.6069, 146.932
2.100652, 1.548749, 0.2456525, 287.3846, 146.932
2.100652, 1.548749, 0.4543482, 286.1191, 146.6133
1.900652, 1.548749, 0.4543482, 270.7628, 146.6133
1.900652, 1.721249, 0.2456525, 271.6069, 133.3237
1.900652, 1.548749, 0.2456525, 271.6069, 146.932
1.900652, 1.548749, 0.4543482, 270.7628, 146.6133
1.900652, 1.721249, 0.4543482, 270.7628, 133.3684
2.100652, 1.721249, 0.2456525, 287.3846, 133.3237
2.100652, 1.548749, 0.2456525, 287.3846, 146.932
1.900652, 1.548749, 0.2456525, 271.6069, 146.932
1.900652, 1.721249, 0.2456525, 271.6069, 133.3237
box_1_Parle-G-GOLD(Clone) stack 83 Shelf_1 Rack_0_1_0
2.096949, 1.893749, 0.2422261, 287.1138, 119.7085
1.897071, 1.893749, 0.249206, 271.3098, 119.7225
1.904354, 1.893749, 0.4577746, 271.0334, 120.1301
2.104232, 1.893749, 0.4507947, 286.4152, 120.1168
1.904354, 1.893749, 0.4577746, 271.0334, 120.1301
1.904354, 1.721249, 0.4577746, 271.0334, 133.3691
2.104232, 1.721249, 0.4507947, 286.4152, 133.3677
2.104232, 1.893749, 0.4507947, 286.4152, 120.1168
2.104232, 1.893749, 0.4507947, 286.4152, 120.1168
2.104232, 1.721249, 0.4507947, 286.4152, 133.3677
2.096949, 1.721249, 0.2422261, 287.1138, 133.3229
2.096949, 1.893749, 0.2422261, 287.1138, 119.7085
1.897071, 1.721249, 0.249206, 271.3098, 133.3244
2.096949, 1.721249, 0.2422261, 287.1138, 133.3229
2.104232, 1.721249, 0.4507947, 286.4152, 133.3677
1.904354, 1.721249, 0.4577746, 271.0334, 133.3691
1.897071, 1.893749, 0.249206, 271.3098, 119.7225
1.897071, 1.721249, 0.249206, 271.3098, 133.3244
1.904354, 1.721249, 0.4577746, 271.0334, 133.3691
1.904354, 1.893749, 0.4577746, 271.0334, 120.1301
2.096949, 1.893749, 0.2422261, 287.1138, 119.7085
2.096949, 1.721249, 0.2422261, 287.1138, 133.3229
1.897071, 1.721249, 0.249206, 271.3098, 133.3244
1.897071, 1.893749, 0.249206, 271.3098, 119.7225
box_1_Parle-G-GOLD(Clone) stack 83 Shelf_1 Rack_0_1_0
2.112623, 2.066249, 0.2586173, 288.2468, 106.1563
1.914114, 2.066249, 0.2342434, 272.718, 106.0637
1.88868, 2.066249, 0.4413835, 269.8932, 106.832
2.087189, 2.066249, 0.4657574, 285.0198, 106.9197
1.88868, 2.066249, 0.4413835, 269.8932, 106.832
1.88868, 1.893749, 0.4413835, 269.8932, 120.0988
2.087189, 1.893749, 0.4657574, 285.0198, 120.1452
2.087189, 2.066249, 0.4657574, 285.0198, 106.9197
2.087189, 2.066249, 0.4657574, 285.0198, 106.9197
2.087189, 1.893749, 0.4657574, 285.0198, 120.1452
2.112623, 1.893749, 0.2586173, 288.2468, 119.7414
2.112623, 2.066249, 0.2586173, 288.2468, 106.1563
1.914114, 1.893749, 0.2342434, 272.718, 119.6924
2.112623, 1.893749, 0.2586173, 288.2468, 119.7414
2.087189, 1.893749, 0.4657574, 285.0198, 120.1452
1.88868, 1.893749, 0.4413835, 269.8932, 120.0988
1.914114, 2.066249, 0.2342434, 272.718, 106.0637
1.914114, 1.893749, 0.2342434, 272.718, 119.6924
1.88868, 1.893749, 0.4413835, 269.8932, 120.0988
1.88868, 2.066249, 0.4413835, 269.8932, 106.832
2.112623, 2.066249, 0.2586173, 288.2468, 106.1563
2.112623, 1.893749, 0.2586173, 288.2468, 119.7414
1.914114, 1.893749, 0.2342434, 272.718, 119.6924
1.914114, 2.066249, 0.2342434, 272.718, 106.0637
box_6_melody(Clone) stack 84 Shelf_1 Rack_0_1_0
1.720952, 1.391943, 0.2430817, 257.4365, 159.3105
1.522443, 1.391943, 0.2187079, 241.7768, 159.3886
1.493194, 1.391943, 0.456919, 239.4776, 158.6454
1.691703, 1.391943, 0.4812929, 254.6687, 158.5719
1.493194, 1.391943, 0.456919, 239.4776, 158.6454
1.493194, 1.204443, 0.456919, 239.4776, 173.0373
1.691703, 1.204443, 0.4812929, 254.6687, 172.919
1.691703, 1.391943, 0.4812929, 254.6687, 158.5719
1.691703, 1.391943, 0.4812929, 254.6687, 158.5719
1.691703, 1.204443, 0.4812929, 254.6687, 172.919
1.720952, 1.204443, 0.2430817, 257.4365, 174.1071
1.720952, 1.391943, 0.2430817, 257.4365, 159.3105
1.522443, 1.204443, 0.2187079, 241.7768, 174.2328
1.720952, 1.204443, 0.2430817, 257.4365, 174.1071
1.691703, 1.204443, 0.4812929, 254.6687, 172.919
1.493194, 1.204443, 0.456919, 239.4776, 173.0373
1.522443, 1.391943, 0.2187079, 241.7768, 159.3886
1.522443, 1.204443, 0.2187079, 241.7768, 174.2328
1.493194, 1.204443, 0.456919, 239.4776, 173.0373
1.493194, 1.391943, 0.456919, 239.4776, 158.6454
1.720952, 1.391943, 0.2430817, 257.4365, 159.3105
1.720952, 1.204443, 0.2430817, 257.4365, 174.1071
1.522443, 1.204443, 0.2187079, 241.7768, 174.2328
1.522443, 1.391943, 0.2187079, 241.7768, 159.3886
box_6_melody(Clone) stack 84 Shelf_1 Rack_0_1_0
1.702824, 1.579443, 0.2265834, 256.0407, 144.5345
1.502946, 1.579443, 0.2335633, 240.2328, 144.5257
1.511322, 1.579443, 0.4734173, 240.8672, 144.2341
1.7112, 1.579443, 0.4664374, 256.1913, 144.2423
1.511322, 1.579443, 0.4734173, 240.8672, 144.2341
1.511322, 1.391943, 0.4734173, 240.8672, 158.5956
1.7112, 1.391943, 0.4664374, 256.1913, 158.6166
1.7112, 1.579443, 0.4664374, 256.1913, 144.2423
1.7112, 1.579443, 0.4664374, 256.1913, 144.2423
1.7112, 1.391943, 0.4664374, 256.1913, 158.6166
1.702824, 1.391943, 0.2265835, 256.0407, 159.3633
1.702824, 1.579443, 0.2265834, 256.0407, 144.5345
1.502946, 1.391943, 0.2335634, 240.2328, 159.3409
1.702824, 1.391943, 0.2265835, 256.0407, 159.3633
1.7112, 1.391943, 0.4664374, 256.1913, 158.6166
1.511322, 1.391943, 0.4734173, 240.8672, 158.5956
1.502946, 1.579443, 0.2335633, 240.2328, 144.5257
1.502946, 1.391943, 0.2335634, 240.2328, 159.3409
1.511322, 1.391943, 0.4734173, 240.8672, 158.5956
1.511322, 1.579443, 0.4734173, 240.8672, 144.2341
1.702824, 1.579443, 0.2265834, 256.0407, 144.5345
1.702824, 1.391943, 0.2265835, 256.0407, 159.3633
1.502946, 1.391943, 0.2335634, 240.2328, 159.3409
1.502946, 1.579443, 0.2335633, 240.2328, 144.5257
box_6_melody(Clone) stack 84 Shelf_1 Rack_0_1_0
1.698459, 1.766943, 0.223317, 255.7023, 129.7034
1.498946, 1.766943, 0.2372683, 239.9168, 129.7131
1.515687, 1.766943, 0.4766837, 241.2011, 129.8746
1.7152, 1.766943, 0.4627324, 256.5058, 129.8655
1.515687, 1.766943, 0.4766837, 241.2011, 129.8746
1.515687, 1.579443, 0.4766838, 241.2011, 144.2302
1.7152, 1.579443, 0.4627325, 256.5058, 144.2467
1.7152, 1.766943, 0.4627324, 256.5058, 129.8655
1.7152, 1.766943, 0.4627324, 256.5058, 129.8655
1.7152, 1.579443, 0.4627325, 256.5058, 144.2467
1.698459, 1.579443, 0.223317, 255.7023, 144.5386
1.698459, 1.766943, 0.223317, 255.7023, 129.7034
1.498946, 1.579443, 0.2372683, 239.9168, 144.5211
1.698459, 1.579443, 0.223317, 255.7023, 144.5386
1.7152, 1.579443, 0.4627325, 256.5058, 144.2467
1.515687, 1.579443, 0.4766838, 241.2011, 144.2302
1.498946, 1.766943, 0.2372683, 239.9168, 129.7131
1.498946, 1.579443, 0.2372683, 239.9168, 144.5211
1.515687, 1.579443, 0.4766838, 241.2011, 144.2302
1.515687, 1.766943, 0.4766837, 241.2011, 129.8746
1.698459, 1.766943, 0.223317, 255.7023, 129.7034
1.698459, 1.579443, 0.223317, 255.7023, 144.5386
1.498946, 1.579443, 0.2372683, 239.9168, 144.5211
1.498946, 1.766943, 0.2372683, 239.9168, 129.7131
box_6_melody(Clone) stack 84 Shelf_1 Rack_0_1_0
1.7152, 1.954443, 0.2372683, 256.9956, 114.9052
1.515687, 1.954443, 0.223317, 241.2412, 114.8682
1.498946, 1.954443, 0.4627324, 239.9191, 115.4843
1.698459, 1.954443, 0.4766837, 255.1946, 115.5191
1.498946, 1.954443, 0.4627324, 239.9191, 115.4843
1.498946, 1.766943, 0.4627325, 239.9191, 129.8655
1.698459, 1.766943, 0.4766838, 255.1946, 129.8746
1.698459, 1.954443, 0.4766837, 255.1946, 115.5191
1.698459, 1.954443, 0.4766837, 255.1946, 115.5191
1.698459, 1.766943, 0.4766838, 255.1946, 129.8746
1.7152, 1.766943, 0.2372683, 256.9956, 129.7131
1.7152, 1.954443, 0.2372683, 256.9956, 114.9052
1.515687, 1.766943, 0.223317, 241.2412, 129.7034
1.7152, 1.766943, 0.2372683, 256.9956, 129.7131
1.698459, 1.766943, 0.4766838, 255.1946, 129.8746
1.498946, 1.766943, 0.4627325, 239.9191, 129.8655
1.515687, 1.954443, 0.223317, 241.2412, 114.8682
1.515687, 1.766943, 0.223317, 241.2412, 129.7034
1.498946, 1.766943, 0.4627325, 239.9191, 129.8655
1.498946, 1.954443, 0.4627324, 239.9191, 115.4843
1.7152, 1.954443, 0.2372683, 256.9956, 114.9052
1.7152, 1.766943, 0.2372683, 256.9956, 129.7131
1.515687, 1.766943, 0.223317, 241.2412, 129.7034
1.515687, 1.954443, 0.223317, 241.2412, 114.8682
box4_Fairever(Clone) stack 85 Shelf_1 Rack_0_1_0
1.308248, 1.369311, 0.226747, 224.8353, 161.1526
1.108523, 1.369311, 0.2372142, 209.0826, 161.1166
1.120893, 1.369311, 0.4732538, 210.9617, 160.3296
1.320619, 1.369311, 0.4627866, 226.2417, 160.3635
1.120893, 1.369311, 0.4732538, 210.9617, 160.3296
1.120893, 1.204311, 0.4732538, 210.9617, 172.968
1.320619, 1.204311, 0.4627866, 226.2417, 173.0188
1.320619, 1.369311, 0.4627866, 226.2417, 160.3635
1.320619, 1.369311, 0.4627866, 226.2417, 160.3635
1.320619, 1.204311, 0.4627866, 226.2417, 173.0188
1.308248, 1.204311, 0.226747, 224.8353, 174.2017
1.308248, 1.369311, 0.226747, 224.8353, 161.1526
1.108523, 1.204311, 0.2372142, 209.0826, 174.1477
1.308248, 1.204311, 0.226747, 224.8353, 174.2017
1.320619, 1.204311, 0.4627866, 226.2417, 173.0188
1.120893, 1.204311, 0.4732538, 210.9617, 172.968
1.108523, 1.369311, 0.2372142, 209.0826, 161.1166
1.108523, 1.204311, 0.2372142, 209.0826, 174.1477
1.120893, 1.204311, 0.4732538, 210.9617, 172.968
1.120893, 1.369311, 0.4732538, 210.9617, 160.3296
1.308248, 1.369311, 0.226747, 224.8353, 161.1526
1.308248, 1.204311, 0.226747, 224.8353, 174.2017
1.108523, 1.204311, 0.2372142, 209.0826, 174.1477
1.108523, 1.369311, 0.2372142, 209.0826, 161.1166
box4_Fairever(Clone) stack 85 Shelf_1 Rack_0_1_0
1.320619, 1.534311, 0.2372142, 225.8331, 148.0855
1.120893, 1.534311, 0.226747, 210.0182, 148.1035
1.108523, 1.534311, 0.4627866, 209.9741, 147.7082
1.308248, 1.534311, 0.4732538, 225.3125, 147.6912
1.108523, 1.534311, 0.4627866, 209.9741, 147.7082
1.108523, 1.369311, 0.4627866, 209.9741, 160.3635
1.308248, 1.369311, 0.4732538, 225.3125, 160.3296
1.308248, 1.534311, 0.4732538, 225.3125, 147.6912
1.308248, 1.534311, 0.4732538, 225.3125, 147.6912
1.308248, 1.369311, 0.4732538, 225.3125, 160.3296
1.320619, 1.369311, 0.2372142, 225.8331, 161.1166
1.320619, 1.534311, 0.2372142, 225.8331, 148.0855
1.120893, 1.369311, 0.226747, 210.0182, 161.1526
1.320619, 1.369311, 0.2372142, 225.8331, 161.1166
1.308248, 1.369311, 0.4732538, 225.3125, 160.3296
1.108523, 1.369311, 0.4627866, 209.9741, 160.3635
1.120893, 1.534311, 0.226747, 210.0182, 148.1035
1.120893, 1.369311, 0.226747, 210.0182, 161.1526
1.108523, 1.369311, 0.4627866, 209.9741, 160.3635
1.108523, 1.534311, 0.4627866, 209.9741, 147.7082
1.320619, 1.534311, 0.2372142, 225.8331, 148.0855
1.320619, 1.369311, 0.2372142, 225.8331, 161.1166
1.120893, 1.369311, 0.226747, 210.0182, 161.1526
1.120893, 1.534311, 0.226747, 210.0182, 148.1035
box4_Fairever(Clone) stack 85 Shelf_1 Rack_0_1_0
1.32449, 1.699311, 0.2409839, 226.1458, 135.0544
1.125251, 1.699311, 0.2235528, 210.3504, 135.0545
1.104651, 1.699311, 0.4590169, 209.6625, 135.0529
1.30389, 1.699311, 0.476448, 224.9848, 135.0527
1.104651, 1.699311, 0.4590169, 209.6625, 135.0529
1.104651, 1.534311, 0.4590169, 209.6625, 147.7143
1.30389, 1.534311, 0.476448, 224.9848, 147.686
1.30389, 1.699311, 0.476448, 224.9848, 135.0527
1.30389, 1.699311, 0.476448, 224.9848, 135.0527
1.30389, 1.534311, 0.476448, 224.9848, 147.686
1.32449, 1.534311, 0.2409839, 226.1458, 148.079
1.32449, 1.699311, 0.2409839, 226.1458, 135.0544
1.125251, 1.534311, 0.2235527, 210.3504, 148.109
1.32449, 1.534311, 0.2409839, 226.1458, 148.079
1.30389, 1.534311, 0.476448, 224.9848, 147.686
1.104651, 1.534311, 0.4590169, 209.6625, 147.7143
1.125251, 1.699311, 0.2235528, 210.3504, 135.0545
1.125251, 1.534311, 0.2235527, 210.3504, 148.109
1.104651, 1.534311, 0.4590169, 209.6625, 147.7143
1.104651, 1.699311, 0.4590169, 209.6625, 135.0529
1.32449, 1.699311, 0.2409839, 226.1458, 135.0544
1.32449, 1.534311, 0.2409839, 226.1458, 148.079
1.125251, 1.534311, 0.2235527, 210.3504, 148.109
1.125251, 1.699311, 0.2235528, 210.3504, 135.0545
box4_Fairever(Clone) stack 85 Shelf_1 Rack_0_1_0
1.316618, 1.864311, 0.2335818, 225.5103, 122.0171
1.116648, 1.864311, 0.2300913, 209.6959, 122.0111
1.112523, 1.864311, 0.4664189, 210.2947, 122.4034
1.312493, 1.864311, 0.4699094, 225.6315, 122.409
1.112523, 1.864311, 0.4664189, 210.2947, 122.4034
1.112523, 1.699311, 0.4664189, 210.2947, 135.0528
1.312493, 1.699311, 0.4699094, 225.6315, 135.0528
1.312493, 1.864311, 0.4699094, 225.6315, 122.409
1.312493, 1.864311, 0.4699094, 225.6315, 122.409
1.312493, 1.699311, 0.4699094, 225.6315, 135.0528
1.316618, 1.699311, 0.2335818, 225.5103, 135.0544
1.316618, 1.864311, 0.2335818, 225.5103, 122.0171
1.116648, 1.699311, 0.2300914, 209.6959, 135.0545
1.316618, 1.699311, 0.2335818, 225.5103, 135.0544
1.312493, 1.699311, 0.4699094, 225.6315, 135.0528
1.112523, 1.699311, 0.4664189, 210.2947, 135.0528
1.116648, 1.864311, 0.2300913, 209.6959, 122.0111
1.116648, 1.699311, 0.2300914, 209.6959, 135.0545
1.112523, 1.699311, 0.4664189, 210.2947, 135.0528
1.112523, 1.864311, 0.4664189, 210.2947, 122.4034
1.316618, 1.864311, 0.2335818, 225.5103, 122.0171
1.316618, 1.699311, 0.2335818, 225.5103, 135.0544
1.116648, 1.699311, 0.2300914, 209.6959, 135.0545
1.116648, 1.864311, 0.2300913, 209.6959, 122.0111
box_7_litchi(Clone) stack 86 Shelf_2 Rack_0_1_0
1.353975, 2.599012, 0.2535512, 228.4923, 64.15167
1.154097, 2.599012, 0.2465713, 212.7155, 64.08665
1.147117, 2.599012, 0.4464495, 212.8776, 65.90234
1.346995, 2.599012, 0.4534294, 228.2507, 65.96407
1.147117, 2.599012, 0.4464495, 212.8776, 65.90234
1.147117, 2.389012, 0.4464495, 212.8776, 82.04285
1.346995, 2.389012, 0.4534294, 228.2507, 82.09015
1.346995, 2.599012, 0.4534294, 228.2507, 65.96407
1.346995, 2.599012, 0.4534294, 228.2507, 65.96407
1.346995, 2.389012, 0.4534294, 228.2507, 82.09015
1.353975, 2.389012, 0.2535512, 228.4923, 80.70111
1.353975, 2.599012, 0.2535512, 228.4923, 64.15167
1.154097, 2.389012, 0.2465713, 212.7155, 80.65128
1.353975, 2.389012, 0.2535512, 228.4923, 80.70111
1.346995, 2.389012, 0.4534294, 228.2507, 82.09015
1.147117, 2.389012, 0.4464495, 212.8776, 82.04285
1.154097, 2.599012, 0.2465713, 212.7155, 64.08665
1.154097, 2.389012, 0.2465713, 212.7155, 80.65128
1.147117, 2.389012, 0.4464495, 212.8776, 82.04285
1.147117, 2.599012, 0.4464495, 212.8776, 65.90234
1.353975, 2.599012, 0.2535512, 228.4923, 64.15167
1.353975, 2.389012, 0.2535512, 228.4923, 80.70111
1.154097, 2.389012, 0.2465713, 212.7155, 80.65128
1.154097, 2.599012, 0.2465713, 212.7155, 64.08665
box_7_litchi(Clone) stack 86 Shelf_2 Rack_0_1_0
1.355643, 2.809012, 0.255371, 228.6264, 47.62312
1.155917, 2.809012, 0.2449038, 212.8531, 47.50285
1.14545, 2.809012, 0.4446297, 212.7431, 49.74196
1.345176, 2.809012, 0.4550969, 228.1135, 49.85616
1.14545, 2.809012, 0.4446297, 212.7431, 49.74196
1.14545, 2.599012, 0.4446297, 212.7431, 65.88623
1.345176, 2.599012, 0.4550969, 228.1135, 65.97881
1.345176, 2.809012, 0.4550969, 228.1135, 49.85616
1.345176, 2.809012, 0.4550969, 228.1135, 49.85616
1.345176, 2.599012, 0.4550969, 228.1135, 65.97881
1.355643, 2.599012, 0.255371, 228.6264, 64.16859
1.355643, 2.809012, 0.255371, 228.6264, 47.62312
1.155917, 2.599012, 0.2449038, 212.8531, 64.07111
1.355643, 2.599012, 0.255371, 228.6264, 64.16859
1.345176, 2.599012, 0.4550969, 228.1135, 65.97881
1.14545, 2.599012, 0.4446297, 212.7431, 65.88623
1.155917, 2.809012, 0.2449038, 212.8531, 47.50285
1.155917, 2.599012, 0.2449038, 212.8531, 64.07111
1.14545, 2.599012, 0.4446297, 212.7431, 65.88623
1.14545, 2.809012, 0.4446297, 212.7431, 49.74196
1.355643, 2.809012, 0.255371, 228.6264, 47.62312
1.355643, 2.599012, 0.255371, 228.6264, 64.16859
1.155917, 2.599012, 0.2449038, 212.8531, 64.07111
1.155917, 2.809012, 0.2449038, 212.8531, 47.50285
box_7_litchi(Clone) stack 86 Shelf_2 Rack_0_1_0
1.339546, 3.019012, 0.2400953, 227.3327, 30.86876
1.140641, 3.019012, 0.2610011, 211.7078, 31.15442
1.161547, 3.019012, 0.4599054, 214.0314, 33.79579
1.360451, 3.019012, 0.4389997, 229.2641, 33.52451
1.161547, 3.019012, 0.4599054, 214.0314, 33.79579
1.161547, 2.809012, 0.4599054, 214.0314, 49.90851
1.360451, 2.809012, 0.4389997, 229.2641, 49.68042
1.360451, 3.019012, 0.4389997, 229.2641, 33.52451
1.360451, 3.019012, 0.4389997, 229.2641, 33.52451
1.360451, 2.809012, 0.4389997, 229.2641, 49.68042
1.339546, 2.809012, 0.2400953, 227.3327, 47.44748
1.339546, 3.019012, 0.2400953, 227.3327, 30.86876
1.140641, 2.809012, 0.2610011, 211.7078, 47.68767
1.339546, 2.809012, 0.2400953, 227.3327, 47.44748
1.360451, 2.809012, 0.4389997, 229.2641, 49.68042
1.161547, 2.809012, 0.4599054, 214.0314, 49.90851
1.140641, 3.019012, 0.2610011, 211.7078, 31.15442
1.140641, 2.809012, 0.2610011, 211.7078, 47.68767
1.161547, 2.809012, 0.4599054, 214.0314, 49.90851
1.161547, 3.019012, 0.4599054, 214.0314, 33.79579
1.339546, 3.019012, 0.2400953, 227.3327, 30.86876
1.339546, 2.809012, 0.2400953, 227.3327, 47.44748
1.140641, 2.809012, 0.2610011, 211.7078, 47.68767
1.140641, 3.019012, 0.2610011, 211.7078, 31.15442
box_7_litchi(Clone) stack 86 Shelf_2 Rack_0_1_0
1.339546, 3.229012, 0.2400953, 227.3327, 14.29001
1.140641, 3.229012, 0.2610011, 211.7078, 14.62114
1.161547, 3.229012, 0.4599054, 214.0314, 17.68304
1.360451, 3.229012, 0.4389997, 229.2641, 17.36856
1.161547, 3.229012, 0.4599054, 214.0314, 17.68304
1.161547, 3.019012, 0.4599054, 214.0314, 33.79579
1.360451, 3.019012, 0.4389997, 229.2641, 33.52451
1.360451, 3.229012, 0.4389997, 229.2641, 17.36856
1.360451, 3.229012, 0.4389997, 229.2641, 17.36856
1.360451, 3.019012, 0.4389997, 229.2641, 33.52451
1.339546, 3.019012, 0.2400953, 227.3327, 30.86876
1.339546, 3.229012, 0.2400953, 227.3327, 14.29001
1.140641, 3.019012, 0.2610011, 211.7078, 31.15442
1.339546, 3.019012, 0.2400953, 227.3327, 30.86876
1.360451, 3.019012, 0.4389997, 229.2641, 33.52451
1.161547, 3.019012, 0.4599054, 214.0314, 33.79579
1.140641, 3.229012, 0.2610011, 211.7078, 14.62114
1.140641, 3.019012, 0.2610011, 211.7078, 31.15442
1.161547, 3.019012, 0.4599054, 214.0314, 33.79579
1.161547, 3.229012, 0.4599054, 214.0314, 17.68304
1.339546, 3.229012, 0.2400953, 227.3327, 14.29001
1.339546, 3.019012, 0.2400953, 227.3327, 30.86876
1.140641, 3.019012, 0.2610011, 211.7078, 31.15442
1.140641, 3.229012, 0.2610011, 211.7078, 14.62114
box_1_Parle-G-GOLD(Clone) stack 87 Shelf_2 Rack_0_1_0
1.74073, 2.560843, 0.2528824, 258.9729, 67.15372
1.541217, 2.560843, 0.2389311, 243.2545, 67.02914
1.526659, 2.560843, 0.4471184, 242.0489, 68.84169
1.726172, 2.560843, 0.4610697, 257.351, 68.9597
1.526659, 2.560843, 0.4471184, 242.0489, 68.84169
1.526659, 2.388343, 0.4471184, 242.0489, 82.09882
1.726172, 2.388343, 0.4610697, 257.351, 82.19319
1.726172, 2.560843, 0.4610697, 257.351, 68.9597
1.726172, 2.560843, 0.4610697, 257.351, 68.9597
1.726172, 2.388343, 0.4610697, 257.351, 82.19319
1.74073, 2.388343, 0.2528824, 258.9729, 80.7491
1.74073, 2.560843, 0.2528824, 258.9729, 67.15372
1.541217, 2.388343, 0.2389311, 243.2545, 80.64948
1.74073, 2.388343, 0.2528824, 258.9729, 80.7491
1.726172, 2.388343, 0.4610697, 257.351, 82.19319
1.526659, 2.388343, 0.4471184, 242.0489, 82.09882
1.541217, 2.560843, 0.2389311, 243.2545, 67.02914
1.541217, 2.388343, 0.2389311, 243.2545, 80.64948
1.526659, 2.388343, 0.4471184, 242.0489, 82.09882
1.526659, 2.560843, 0.4471184, 242.0489, 68.84169
1.74073, 2.560843, 0.2528824, 258.9729, 67.15372
1.74073, 2.388343, 0.2528824, 258.9729, 80.7491
1.541217, 2.388343, 0.2389311, 243.2545, 80.64948
1.541217, 2.560843, 0.2389311, 243.2545, 67.02914
box_1_Parle-G-GOLD(Clone) stack 87 Shelf_2 Rack_0_1_0
1.742409, 2.733343, 0.2547652, 259.1004, 53.57848
1.54317, 2.733343, 0.2373341, 243.4093, 53.39168
1.524981, 2.733343, 0.4452356, 241.9203, 55.5654
1.72422, 2.733343, 0.4626667, 257.1977, 55.7424
1.524981, 2.733343, 0.4452356, 241.9203, 55.5654
1.524981, 2.560843, 0.4452356, 241.9203, 68.82573
1.72422, 2.560843, 0.4626667, 257.1977, 68.97318
1.72422, 2.733343, 0.4626667, 257.1977, 55.7424
1.72422, 2.733343, 0.4626667, 257.1977, 55.7424
1.72422, 2.560843, 0.4626667, 257.1977, 68.97318
1.742409, 2.560843, 0.2547652, 259.1004, 67.17049
1.742409, 2.733343, 0.2547652, 259.1004, 53.57848
1.54317, 2.560843, 0.237334, 243.4093, 67.01486
1.742409, 2.560843, 0.2547652, 259.1004, 67.17049
1.72422, 2.560843, 0.4626667, 257.1977, 68.97318
1.524981, 2.560843, 0.4452356, 241.9203, 68.82573
1.54317, 2.733343, 0.2373341, 243.4093, 53.39168
1.54317, 2.560843, 0.237334, 243.4093, 67.01486
1.524981, 2.560843, 0.4452356, 241.9203, 68.82573
1.524981, 2.733343, 0.4452356, 241.9203, 55.5654
1.742409, 2.733343, 0.2547652, 259.1004, 53.57848
1.742409, 2.560843, 0.2547652, 259.1004, 67.17049
1.54317, 2.560843, 0.237334, 243.4093, 67.01486
1.54317, 2.733343, 0.2373341, 243.4093, 53.39168
box_3_Hareli(Clone) stack 88 Shelf_2 Rack_0_1_0
2.109324, 2.538451, 0.2332926, 288.147, 68.74805
1.909811, 2.538451, 0.2472439, 272.3227, 68.86955
1.925158, 2.538451, 0.4667081, 272.5928, 70.72386
2.12467, 2.538451, 0.4527568, 287.9731, 70.60909
1.925158, 2.538451, 0.4667081, 272.5928, 70.72386
1.925158, 2.388451, 0.4667081, 272.5928, 82.22295
2.12467, 2.388451, 0.4527568, 287.9731, 82.12871
2.12467, 2.538451, 0.4527568, 287.9731, 70.60909
2.12467, 2.538451, 0.4527568, 287.9731, 70.60909
2.12467, 2.388451, 0.4527568, 287.9731, 82.12871
2.109324, 2.388451, 0.2332927, 288.147, 80.60062
2.109324, 2.538451, 0.2332926, 288.147, 68.74805
1.909811, 2.388451, 0.247244, 272.3227, 80.70038
2.109324, 2.388451, 0.2332927, 288.147, 80.60062
2.12467, 2.388451, 0.4527568, 287.9731, 82.12871
1.925158, 2.388451, 0.4667081, 272.5928, 82.22295
1.909811, 2.538451, 0.2472439, 272.3227, 68.86955
1.909811, 2.388451, 0.247244, 272.3227, 80.70038
1.925158, 2.388451, 0.4667081, 272.5928, 82.22295
1.925158, 2.538451, 0.4667081, 272.5928, 70.72386
2.109324, 2.538451, 0.2332926, 288.147, 68.74805
2.109324, 2.388451, 0.2332927, 288.147, 80.60062
1.909811, 2.388451, 0.247244, 272.3227, 80.70038
1.909811, 2.538451, 0.2472439, 272.3227, 68.86955
box_3_Hareli(Clone) stack 88 Shelf_2 Rack_0_1_0
2.115306, 2.688451, 0.2382718, 288.5878, 56.94664
1.915336, 2.688451, 0.2417623, 272.7821, 56.98248
1.919176, 2.688451, 0.4617289, 272.1547, 59.17654
2.119145, 2.688451, 0.4582384, 287.5155, 59.14267
1.919176, 2.688451, 0.4617289, 272.1547, 59.17654
1.919176, 2.538451, 0.4617289, 272.1547, 70.68292
2.119145, 2.538451, 0.4582384, 287.5155, 70.65422
2.119145, 2.688451, 0.4582384, 287.5155, 59.14267
2.119145, 2.688451, 0.4582384, 287.5155, 59.14267
2.119145, 2.538451, 0.4582384, 287.5155, 70.65422
2.115306, 2.538451, 0.2382719, 288.5878, 68.79146
2.115306, 2.688451, 0.2382718, 288.5878, 56.94664
1.915336, 2.538451, 0.2417624, 272.7821, 68.82185
2.115306, 2.538451, 0.2382719, 288.5878, 68.79146
2.119145, 2.538451, 0.4582384, 287.5155, 70.65422
1.919176, 2.538451, 0.4617289, 272.1547, 70.68292
1.915336, 2.688451, 0.2417623, 272.7821, 56.98248
1.915336, 2.538451, 0.2417624, 272.7821, 68.82185
1.919176, 2.538451, 0.4617289, 272.1547, 70.68292
1.919176, 2.688451, 0.4617289, 272.1547, 59.17654
2.115306, 2.688451, 0.2382718, 288.5878, 56.94664
2.115306, 2.538451, 0.2382719, 288.5878, 68.79146
1.915336, 2.538451, 0.2417624, 272.7821, 68.82185
1.915336, 2.688451, 0.2417623, 272.7821, 56.98248
box_3_Hareli(Clone) stack 88 Shelf_2 Rack_0_1_0
2.107273, 2.838451, 0.2317034, 287.995, 45.02405
1.908034, 2.838451, 0.2491345, 272.1746, 45.23019
1.927208, 2.838451, 0.4682974, 272.7434, 47.74339
2.126447, 2.838451, 0.4508663, 288.1212, 47.54866
1.927208, 2.838451, 0.4682974, 272.7434, 47.74339
1.927208, 2.688451, 0.4682974, 272.7434, 59.24014
2.126447, 2.688451, 0.4508663, 288.1212, 59.07108
2.126447, 2.838451, 0.4508663, 288.1212, 47.54866
2.126447, 2.838451, 0.4508663, 288.1212, 47.54866
2.126447, 2.688451, 0.4508663, 288.1212, 59.07108
2.107273, 2.688451, 0.2317034, 287.995, 56.87909
2.107273, 2.838451, 0.2317034, 287.995, 45.02405
1.908034, 2.688451, 0.2491345, 272.1746, 57.05807
2.107273, 2.688451, 0.2317034, 287.995, 56.87909
2.126447, 2.688451, 0.4508663, 288.1212, 59.07108
1.927208, 2.688451, 0.4682974, 272.7434, 59.24014
1.908034, 2.838451, 0.2491345, 272.1746, 45.23019
1.908034, 2.688451, 0.2491345, 272.1746, 57.05807
1.927208, 2.688451, 0.4682974, 272.7434, 59.24014
1.927208, 2.838451, 0.4682974, 272.7434, 47.74339
2.107273, 2.838451, 0.2317034, 287.995, 45.02405
2.107273, 2.688451, 0.2317034, 287.995, 56.87909
1.908034, 2.688451, 0.2491345, 272.1746, 57.05807
1.908034, 2.838451, 0.2491345, 272.1746, 45.23019
box_3_Hareli(Clone) stack 88 Shelf_2 Rack_0_1_0
2.121019, 2.988451, 0.2435573, 289.0049, 33.32776
1.921141, 2.988451, 0.2365774, 273.2629, 33.23434
1.913463, 2.988451, 0.4564434, 271.7379, 36.09686
2.113341, 2.988451, 0.4634233, 287.0388, 36.1851
1.913463, 2.988451, 0.4564434, 271.7379, 36.09686
1.913463, 2.838451, 0.4564435, 271.7379, 47.61104
2.113341, 2.838451, 0.4634234, 287.0388, 47.68901
2.113341, 2.988451, 0.4634233, 287.0388, 36.1851
2.113341, 2.988451, 0.4634233, 287.0388, 36.1851
2.113341, 2.838451, 0.4634234, 287.0388, 47.68901
2.121019, 2.838451, 0.2435573, 289.0049, 45.16434
2.121019, 2.988451, 0.2435573, 289.0049, 33.32776
1.921141, 2.838451, 0.2365774, 273.2629, 45.08177
2.121019, 2.838451, 0.2435573, 289.0049, 45.16434
2.113341, 2.838451, 0.4634234, 287.0388, 47.68901
1.913463, 2.838451, 0.4564435, 271.7379, 47.61104
1.921141, 2.988451, 0.2365774, 273.2629, 33.23434
1.921141, 2.838451, 0.2365774, 273.2629, 45.08177
1.913463, 2.838451, 0.4564435, 271.7379, 47.61104
1.913463, 2.988451, 0.4564434, 271.7379, 36.09686
2.121019, 2.988451, 0.2435573, 289.0049, 33.32776
2.121019, 2.838451, 0.2435573, 289.0049, 45.16434
1.921141, 2.838451, 0.2365774, 273.2629, 45.08177
1.921141, 2.988451, 0.2365774, 273.2629, 33.23434
box_8_lizol(Clone) stack 89 Shelf_2 Rack_0_1_0
2.487803, 2.565368, 0.2215317, 318.1744, 66.51503
2.288077, 2.565368, 0.2319989, 302.2822, 66.60945
2.300994, 2.565368, 0.4784691, 301.3126, 68.75989
2.50072, 2.565368, 0.4680019, 316.7031, 68.67131
2.300994, 2.565368, 0.4784691, 301.3126, 68.75989
2.300994, 2.389118, 0.4784691, 301.3126, 82.25104
2.50072, 2.389118, 0.4680019, 316.7031, 82.18053
2.50072, 2.565368, 0.4680019, 316.7031, 68.67131
2.50072, 2.565368, 0.4680019, 316.7031, 68.67131
2.50072, 2.389118, 0.4680019, 316.7031, 82.18053
2.487803, 2.389118, 0.2215317, 318.1744, 80.46341
2.487803, 2.565368, 0.2215317, 318.1744, 66.51503
2.288077, 2.389118, 0.2319989, 302.2822, 80.53859
2.487803, 2.389118, 0.2215317, 318.1744, 80.46341
2.50072, 2.389118, 0.4680019, 316.7031, 82.18053
2.300994, 2.389118, 0.4784691, 301.3126, 82.25104
2.288077, 2.565368, 0.2319989, 302.2822, 66.60945
2.288077, 2.389118, 0.2319989, 302.2822, 80.53859
2.300994, 2.389118, 0.4784691, 301.3126, 82.25104
2.300994, 2.565368, 0.4784691, 301.3126, 68.75989
2.487803, 2.565368, 0.2215317, 318.1744, 66.51503
2.487803, 2.389118, 0.2215317, 318.1744, 80.46341
2.288077, 2.389118, 0.2319989, 302.2822, 80.53859
2.288077, 2.565368, 0.2319989, 302.2822, 66.60945
box_2_Parle-G(Clone) stack 90 Shelf_0 Rack_0_1_1
-0.7993499, 0.2744219, 0.2931767, 59.73371, 246.7636
-0.9982544, 0.2744219, 0.272271, 43.60333, 247.0698
-1.012396, 0.2744219, 0.406824, 45.91324, 245.1283
-0.813492, 0.2744219, 0.4277297, 61.7587, 244.8326
-1.012396, 0.2744219, 0.406824, 45.91324, 245.1283
-1.012396, 0.01942196, 0.406824, 45.91324, 264.8275
-0.813492, 0.01942196, 0.4277297, 61.7587, 264.4789
-0.813492, 0.2744219, 0.4277297, 61.7587, 244.8326
-0.813492, 0.2744219, 0.4277297, 61.7587, 244.8326
-0.813492, 0.01942196, 0.4277297, 61.7587, 264.4789
-0.7993499, 0.01942196, 0.2931767, 59.73371, 266.7553
-0.7993499, 0.2744219, 0.2931767, 59.73371, 246.7636
-0.9982544, 0.01942196, 0.272271, 43.60333, 267.1162
-0.7993499, 0.01942196, 0.2931767, 59.73371, 266.7553
-0.813492, 0.01942196, 0.4277297, 61.7587, 264.4789
-1.012396, 0.01942196, 0.406824, 45.91324, 264.8275
-0.9982544, 0.2744219, 0.272271, 43.60333, 247.0698
-0.9982544, 0.01942196, 0.272271, 43.60333, 267.1162
-1.012396, 0.01942196, 0.406824, 45.91324, 264.8275
-1.012396, 0.2744219, 0.406824, 45.91324, 245.1283
-0.7993499, 0.2744219, 0.2931767, 59.73371, 246.7636
-0.7993499, 0.01942196, 0.2931767, 59.73371, 266.7553
-0.9982544, 0.01942196, 0.272271, 43.60333, 267.1162
-0.9982544, 0.2744219, 0.272271, 43.60333, 247.0698
box_2_Parle-G(Clone) stack 90 Shelf_0 Rack_0_1_1
-0.7993499, 0.5294219, 0.2931767, 59.73371, 226.7719
-0.9982544, 0.5294219, 0.272271, 43.60333, 227.0233
-1.012396, 0.5294219, 0.406824, 45.91324, 225.4291
-0.813492, 0.5294219, 0.4277297, 61.7587, 225.1863
-1.012396, 0.5294219, 0.406824, 45.91324, 225.4291
-1.012396, 0.2744219, 0.406824, 45.91324, 245.1283
-0.813492, 0.2744219, 0.4277297, 61.7587, 244.8326
-0.813492, 0.5294219, 0.4277297, 61.7587, 225.1863
-0.813492, 0.5294219, 0.4277297, 61.7587, 225.1863
-0.813492, 0.2744219, 0.4277297, 61.7587, 244.8326
-0.7993499, 0.2744219, 0.2931767, 59.73371, 246.7636
-0.7993499, 0.5294219, 0.2931767, 59.73371, 226.7719
-0.9982544, 0.2744219, 0.272271, 43.60333, 247.0698
-0.7993499, 0.2744219, 0.2931767, 59.73371, 246.7636
-0.813492, 0.2744219, 0.4277297, 61.7587, 244.8326
-1.012396, 0.2744219, 0.406824, 45.91324, 245.1283
-0.9982544, 0.5294219, 0.272271, 43.60333, 227.0233
-0.9982544, 0.2744219, 0.272271, 43.60333, 247.0698
-1.012396, 0.2744219, 0.406824, 45.91324, 245.1283
-1.012396, 0.5294219, 0.406824, 45.91324, 225.4291
-0.7993499, 0.5294219, 0.2931767, 59.73371, 226.7719
-0.7993499, 0.2744219, 0.2931767, 59.73371, 246.7636
-0.9982544, 0.2744219, 0.272271, 43.60333, 247.0698
-0.9982544, 0.5294219, 0.272271, 43.60333, 227.0233
box_2_Parle-G(Clone) stack 90 Shelf_0 Rack_0_1_1
-0.813492, 0.7844219, 0.272271, 58.12817, 206.9769
-1.012396, 0.7844219, 0.2931767, 43.03112, 206.7802
-0.9982544, 0.7844219, 0.4277297, 47.52382, 205.5401
-0.7993499, 0.7844219, 0.406824, 62.37144, 205.7299
-0.9982544, 0.7844219, 0.4277297, 47.52382, 205.5401
-0.9982544, 0.5294219, 0.4277297, 47.52382, 225.1863
-0.7993499, 0.5294219, 0.406824, 62.37144, 225.4291
-0.7993499, 0.7844219, 0.406824, 62.37144, 205.7299
-0.7993499, 0.7844219, 0.406824, 62.37144, 205.7299
-0.7993499, 0.5294219, 0.406824, 62.37144, 225.4291
-0.813492, 0.5294219, 0.272271, 58.12817, 227.0233
-0.813492, 0.7844219, 0.272271, 58.12817, 206.9769
-1.012396, 0.5294219, 0.2931767, 43.03112, 226.7719
-0.813492, 0.5294219, 0.272271, 58.12817, 227.0233
-0.7993499, 0.5294219, 0.406824, 62.37144, 225.4291
-0.9982544, 0.5294219, 0.4277297, 47.52382, 225.1863
-1.012396, 0.7844219, 0.2931767, 43.03112, 206.7802
-1.012396, 0.5294219, 0.2931767, 43.03112, 226.7719
-0.9982544, 0.5294219, 0.4277297, 47.52382, 225.1863
-0.9982544, 0.7844219, 0.4277297, 47.52382, 205.5401
-0.813492, 0.7844219, 0.272271, 58.12817, 206.9769
-0.813492, 0.5294219, 0.272271, 58.12817, 227.0233
-1.012396, 0.5294219, 0.2931767, 43.03112, 226.7719
-1.012396, 0.7844219, 0.2931767, 43.03112, 206.7802
box_8_lizol(Clone) stack 92 Shelf_0 Rack_0_1_1
-0.04045259, 0.1961813, 0.2199211, 118.0632, 254.037
-0.2399654, 0.1961813, 0.2338724, 102.5235, 253.8183
-0.2227489, 0.1961813, 0.4800797, 108.1583, 250.087
-0.0232361, 0.1961813, 0.4661284, 123.2192, 250.2922
-0.2227489, 0.1961813, 0.4800797, 108.1583, 250.087
-0.2227489, 0.01993132, 0.4800797, 108.1583, 263.5754
-0.0232361, 0.01993132, 0.4661284, 123.2192, 263.8046
-0.0232361, 0.1961813, 0.4661284, 123.2192, 250.2922
-0.0232361, 0.1961813, 0.4661284, 123.2192, 250.2922
-0.0232361, 0.01993132, 0.4661284, 123.2192, 263.8046
-0.04045259, 0.01993129, 0.2199211, 118.0632, 267.9884
-0.04045259, 0.1961813, 0.2199211, 118.0632, 254.037
-0.2399654, 0.01993129, 0.2338724, 102.5235, 267.744
-0.04045259, 0.01993129, 0.2199211, 118.0632, 267.9884
-0.0232361, 0.01993132, 0.4661284, 123.2192, 263.8046
-0.2227489, 0.01993132, 0.4800797, 108.1583, 263.5754
-0.2399654, 0.1961813, 0.2338724, 102.5235, 253.8183
-0.2399654, 0.01993129, 0.2338724, 102.5235, 267.744
-0.2227489, 0.01993132, 0.4800797, 108.1583, 263.5754
-0.2227489, 0.1961813, 0.4800797, 108.1583, 250.087
-0.04045259, 0.1961813, 0.2199211, 118.0632, 254.037
-0.04045259, 0.01993129, 0.2199211, 118.0632, 267.9884
-0.2399654, 0.01993129, 0.2338724, 102.5235, 267.744
-0.2399654, 0.1961813, 0.2338724, 102.5235, 253.8183
box_8_lizol(Clone) stack 92 Shelf_0 Rack_0_1_1
-0.02735492, 0.3724313, 0.2301612, 119.2631, 239.9439
-0.2272331, 0.3724313, 0.2231813, 103.3371, 240.0405
-0.2358465, 0.3724313, 0.4698395, 106.9822, 236.7315
-0.03596842, 0.3724313, 0.4768194, 122.4037, 236.6409
-0.2358465, 0.3724313, 0.4698395, 106.9822, 236.7315
-0.2358465, 0.1961813, 0.4698395, 106.9822, 250.2375
-0.03596842, 0.1961813, 0.4768195, 122.4037, 250.1349
-0.03596842, 0.3724313, 0.4768194, 122.4037, 236.6409
-0.03596842, 0.3724313, 0.4768194, 122.4037, 236.6409
-0.03596842, 0.1961813, 0.4768195, 122.4037, 250.1349
-0.02735492, 0.1961813, 0.2301612, 119.2631, 253.8764
-0.02735492, 0.3724313, 0.2301612, 119.2631, 239.9439
-0.2272331, 0.1961813, 0.2231813, 103.3371, 253.9859
-0.02735492, 0.1961813, 0.2301612, 119.2631, 253.8764
-0.03596842, 0.1961813, 0.4768195, 122.4037, 250.1349
-0.2358465, 0.1961813, 0.4698395, 106.9822, 250.2375
-0.2272331, 0.3724313, 0.2231813, 103.3371, 240.0405
-0.2272331, 0.1961813, 0.2231813, 103.3371, 253.9859
-0.2358465, 0.1961813, 0.4698395, 106.9822, 250.2375
-0.2358465, 0.3724313, 0.4698395, 106.9822, 236.7315
-0.02735492, 0.3724313, 0.2301612, 119.2631, 239.9439
-0.02735492, 0.1961813, 0.2301612, 119.2631, 253.8764
-0.2272331, 0.1961813, 0.2231813, 103.3371, 253.9859
-0.2272331, 0.3724313, 0.2231813, 103.3371, 240.0405
box_8_lizol(Clone) stack 92 Shelf_0 Rack_0_1_1
-0.02527931, 0.5486813, 0.2319989, 119.4563, 225.9894
-0.2250052, 0.5486813, 0.2215317, 103.4837, 226.115
-0.2379222, 0.5486813, 0.4680019, 106.7919, 223.2462
-0.03819626, 0.5486813, 0.4784691, 122.2579, 223.1283
-0.2379222, 0.5486813, 0.4680019, 106.7919, 223.2462
-0.2379222, 0.3724313, 0.4680019, 106.7919, 236.7554
-0.03819626, 0.3724313, 0.4784691, 122.2579, 236.6195
-0.03819626, 0.5486813, 0.4784691, 122.2579, 223.1283
-0.03819626, 0.5486813, 0.4784691, 122.2579, 223.1283
-0.03819626, 0.3724313, 0.4784691, 122.2579, 236.6195
-0.02527931, 0.3724313, 0.2319989, 119.4563, 239.9185
-0.02527931, 0.5486813, 0.2319989, 119.4563, 225.9894
-0.2250052, 0.3724313, 0.2215317, 103.4837, 240.0634
-0.02527931, 0.3724313, 0.2319989, 119.4563, 239.9185
-0.03819626, 0.3724313, 0.4784691, 122.2579, 236.6195
-0.2379222, 0.3724313, 0.4680019, 106.7919, 236.7554
-0.2250052, 0.5486813, 0.2215317, 103.4837, 226.115
-0.2250052, 0.3724313, 0.2215317, 103.4837, 240.0634
-0.2379222, 0.3724313, 0.4680019, 106.7919, 236.7554
-0.2379222, 0.5486813, 0.4680019, 106.7919, 223.2462
-0.02527931, 0.5486813, 0.2319989, 119.4563, 225.9894
-0.02527931, 0.3724313, 0.2319989, 119.4563, 239.9185
-0.2250052, 0.3724313, 0.2215317, 103.4837, 240.0634
-0.2250052, 0.5486813, 0.2215317, 103.4837, 226.115
box_7_litchi(Clone) stack 94 Shelf_1 Rack_0_1_1
-0.818454, 1.414419, 0.2432683, 57.04285, 157.5362
-1.017967, 1.414419, 0.2572196, 41.66256, 157.4949
-1.004015, 1.414419, 0.4567324, 47.79573, 156.9208
-0.8045027, 1.414419, 0.4427811, 62.79376, 156.96
-1.004015, 1.414419, 0.4567324, 47.79573, 156.9208
-1.004015, 1.204419, 0.4567324, 47.79573, 173.04
-0.8045027, 1.204419, 0.4427811, 62.79376, 173.108
-0.8045027, 1.414419, 0.4427811, 62.79376, 156.96
-0.8045027, 1.414419, 0.4427811, 62.79376, 156.96
-0.8045027, 1.204419, 0.4427811, 62.79376, 173.108
-0.818454, 1.204419, 0.2432683, 57.04285, 174.108
-0.818454, 1.414419, 0.2432683, 57.04285, 157.5362
-1.017967, 1.204419, 0.2572196, 41.66256, 174.0364
-0.818454, 1.204419, 0.2432683, 57.04285, 174.108
-0.8045027, 1.204419, 0.4427811, 62.79376, 173.108
-1.004015, 1.204419, 0.4567324, 47.79573, 173.04
-1.017967, 1.414419, 0.2572196, 41.66256, 157.4949
-1.017967, 1.204419, 0.2572196, 41.66256, 174.0364
-1.004015, 1.204419, 0.4567324, 47.79573, 173.04
-1.004015, 1.414419, 0.4567324, 47.79573, 156.9208
-0.818454, 1.414419, 0.2432683, 57.04285, 157.5362
-0.818454, 1.204419, 0.2432683, 57.04285, 174.108
-1.017967, 1.204419, 0.2572196, 41.66256, 174.0364
-1.017967, 1.414419, 0.2572196, 41.66256, 157.4949
box_7_litchi(Clone) stack 94 Shelf_1 Rack_0_1_1
-0.8095047, 1.624419, 0.2517608, 57.95242, 140.9577
-1.009474, 1.624419, 0.2482703, 42.09898, 140.9604
-1.012965, 1.624419, 0.4482399, 46.89902, 140.8078
-0.8129952, 1.624419, 0.4517304, 62.34448, 140.8052
-1.012965, 1.624419, 0.4482399, 46.89902, 140.8078
-1.012965, 1.414419, 0.4482399, 46.89902, 156.9446
-0.8129952, 1.414419, 0.4517304, 62.34448, 156.9348
-0.8129952, 1.624419, 0.4517304, 62.34448, 140.8052
-0.8129952, 1.624419, 0.4517304, 62.34448, 140.8052
-0.8129952, 1.414419, 0.4517304, 62.34448, 156.9348
-0.8095047, 1.414419, 0.2517608, 57.95242, 157.511
-0.8095047, 1.624419, 0.2517608, 57.95242, 140.9577
-1.009474, 1.414419, 0.2482704, 42.09898, 157.5214
-0.8095047, 1.414419, 0.2517608, 57.95242, 157.511
-0.8129952, 1.414419, 0.4517304, 62.34448, 156.9348
-1.012965, 1.414419, 0.4482399, 46.89902, 156.9446
-1.009474, 1.624419, 0.2482703, 42.09898, 140.9604
-1.009474, 1.414419, 0.2482704, 42.09898, 157.5214
-1.012965, 1.414419, 0.4482399, 46.89902, 156.9446
-1.012965, 1.624419, 0.4482399, 46.89902, 140.8078
-0.8095047, 1.624419, 0.2517608, 57.95242, 140.9577
-0.8095047, 1.414419, 0.2517608, 57.95242, 157.511
-1.009474, 1.414419, 0.2482704, 42.09898, 157.5214
-1.009474, 1.624419, 0.2482703, 42.09898, 140.9604
box_7_litchi(Clone) stack 95 Shelf_1 Rack_0_1_1
-0.4251851, 1.414419, 0.2482703, 88.17693, 157.5214
-0.6251546, 1.414419, 0.2517608, 72.48387, 157.511
-0.6216642, 1.414419, 0.4517304, 77.04015, 156.9348
-0.4216946, 1.414419, 0.4482399, 92.33335, 156.9446
-0.6216642, 1.414419, 0.4517304, 77.04015, 156.9348
-0.6216642, 1.204419, 0.4517304, 77.04015, 173.0644
-0.4216946, 1.204419, 0.4482399, 92.33335, 173.0814
-0.4216946, 1.414419, 0.4482399, 92.33335, 156.9446
-0.4216946, 1.414419, 0.4482399, 92.33335, 156.9446
-0.4216946, 1.204419, 0.4482399, 92.33335, 173.0814
-0.4251851, 1.204419, 0.2482704, 88.17693, 174.0823
-0.4251851, 1.414419, 0.2482703, 88.17693, 157.5214
-0.6251546, 1.204419, 0.2517608, 72.48387, 174.0644
-0.4251851, 1.204419, 0.2482704, 88.17693, 174.0823
-0.4216946, 1.204419, 0.4482399, 92.33335, 173.0814
-0.6216642, 1.204419, 0.4517304, 77.04015, 173.0644
-0.6251546, 1.414419, 0.2517608, 72.48387, 157.511
-0.6251546, 1.204419, 0.2517608, 72.48387, 174.0644
-0.6216642, 1.204419, 0.4517304, 77.04015, 173.0644
-0.6216642, 1.414419, 0.4517304, 77.04015, 156.9348
-0.4251851, 1.414419, 0.2482703, 88.17693, 157.5214
-0.4251851, 1.204419, 0.2482704, 88.17693, 174.0823
-0.6251546, 1.204419, 0.2517608, 72.48387, 174.0644
-0.6251546, 1.414419, 0.2517608, 72.48387, 157.511
box_7_litchi(Clone) stack 95 Shelf_1 Rack_0_1_1
-0.4135196, 1.624419, 0.2610011, 89.34899, 140.9505
-0.612424, 1.624419, 0.2400953, 73.2318, 140.9669
-0.6333297, 1.624419, 0.4389997, 75.87669, 140.8147
-0.4344253, 1.624419, 0.4599054, 91.57684, 140.7991
-0.6333297, 1.624419, 0.4389997, 75.87669, 140.8147
-0.6333297, 1.414419, 0.4389997, 75.87669, 156.9706
-0.4344253, 1.414419, 0.4599054, 91.57684, 156.9119
-0.4344253, 1.624419, 0.4599054, 91.57684, 140.7991
-0.4344253, 1.624419, 0.4599054, 91.57684, 140.7991
-0.4344253, 1.414419, 0.4599054, 91.57684, 156.9119
-0.4135196, 1.414419, 0.2610011, 89.34899, 157.4837
-0.4135196, 1.624419, 0.2610011, 89.34899, 140.9505
-0.612424, 1.414419, 0.2400953, 73.2318, 157.5456
-0.4135196, 1.414419, 0.2610011, 89.34899, 157.4837
-0.4344253, 1.414419, 0.4599054, 91.57684, 156.9119
-0.6333297, 1.414419, 0.4389997, 75.87669, 156.9706
-0.612424, 1.624419, 0.2400953, 73.2318, 140.9669
-0.612424, 1.414419, 0.2400953, 73.2318, 157.5456
-0.6333297, 1.414419, 0.4389997, 75.87669, 156.9706
-0.6333297, 1.624419, 0.4389997, 75.87669, 140.8147
-0.4135196, 1.624419, 0.2610011, 89.34899, 140.9505
-0.4135196, 1.414419, 0.2610011, 89.34899, 157.4837
-0.612424, 1.414419, 0.2400953, 73.2318, 157.5456
-0.612424, 1.624419, 0.2400953, 73.2318, 140.9669
box_7_litchi(Clone) stack 95 Shelf_1 Rack_0_1_1
-0.4119831, 1.834419, 0.2629327, 89.50809, 124.4199
-0.6104923, 1.834419, 0.2385588, 73.35061, 124.386
-0.6348662, 1.834419, 0.4370681, 75.71779, 124.6562
-0.436357, 1.834419, 0.4614419, 91.45782, 124.6884
-0.6348662, 1.834419, 0.4370681, 75.71779, 124.6562
-0.6348662, 1.624419, 0.4370681, 75.71779, 140.8161
-0.436357, 1.624419, 0.4614419, 91.45782, 140.798
-0.436357, 1.834419, 0.4614419, 91.45782, 124.6884
-0.436357, 1.834419, 0.4614419, 91.45782, 124.6884
-0.436357, 1.624419, 0.4614419, 91.45782, 140.798
-0.4119831, 1.624419, 0.2629327, 89.50809, 140.949
-0.4119831, 1.834419, 0.2629327, 89.50809, 124.4199
-0.6104923, 1.624419, 0.2385588, 73.35061, 140.9681
-0.4119831, 1.624419, 0.2629327, 89.50809, 140.949
-0.436357, 1.624419, 0.4614419, 91.45782, 140.798
-0.6348662, 1.624419, 0.4370681, 75.71779, 140.8161
-0.6104923, 1.834419, 0.2385588, 73.35061, 124.386
-0.6104923, 1.624419, 0.2385588, 73.35061, 140.9681
-0.6348662, 1.624419, 0.4370681, 75.71779, 140.8161
-0.6348662, 1.834419, 0.4370681, 75.71779, 124.6562
-0.4119831, 1.834419, 0.2629327, 89.50809, 124.4199
-0.4119831, 1.624419, 0.2629327, 89.50809, 140.949
-0.6104923, 1.624419, 0.2385588, 73.35061, 140.9681
-0.6104923, 1.834419, 0.2385588, 73.35061, 124.386
box_7_litchi(Clone) stack 95 Shelf_1 Rack_0_1_1
-0.4287953, 2.044419, 0.2449038, 87.82491, 107.8266
-0.6285211, 2.044419, 0.255371, 72.29805, 107.8639
-0.618054, 2.044419, 0.4550969, 77.38753, 108.5574
-0.4183281, 2.044419, 0.4446297, 92.52385, 108.5219
-0.618054, 2.044419, 0.4550969, 77.38753, 108.5574
-0.618054, 1.834419, 0.4550969, 77.38753, 124.6801
-0.4183281, 1.834419, 0.4446297, 92.52385, 124.6662
-0.4183281, 2.044419, 0.4446297, 92.52385, 108.5219
-0.4183281, 2.044419, 0.4446297, 92.52385, 108.5219
-0.4183281, 1.834419, 0.4446297, 92.52385, 124.6662
-0.4287953, 1.834419, 0.2449038, 87.82491, 124.3948
-0.4287953, 2.044419, 0.2449038, 87.82491, 107.8266
-0.6285211, 1.834419, 0.255371, 72.29805, 124.4094
-0.4287953, 1.834419, 0.2449038, 87.82491, 124.3948
-0.4183281, 1.834419, 0.4446297, 92.52385, 124.6662
-0.618054, 1.834419, 0.4550969, 77.38753, 124.6801
-0.6285211, 2.044419, 0.255371, 72.29805, 107.8639
-0.6285211, 1.834419, 0.255371, 72.29805, 124.4094
-0.618054, 1.834419, 0.4550969, 77.38753, 124.6801
-0.618054, 2.044419, 0.4550969, 77.38753, 108.5574
-0.4287953, 2.044419, 0.2449038, 87.82491, 107.8266
-0.4287953, 1.834419, 0.2449038, 87.82491, 124.3948
-0.6285211, 1.834419, 0.255371, 72.29805, 124.4094
-0.6285211, 2.044419, 0.255371, 72.29805, 107.8639
box_6_melody(Clone) stack 96 Shelf_1 Rack_0_1_1
-0.03353472, 1.391943, 0.2411106, 118.9492, 159.3168
-0.2324391, 1.391943, 0.2202049, 102.8713, 159.3838
-0.257526, 1.391943, 0.4588902, 105.1323, 158.6395
-0.05862157, 1.391943, 0.4797959, 120.7146, 158.5764
-0.257526, 1.391943, 0.4588902, 105.1323, 158.6395
-0.257526, 1.204443, 0.4588902, 105.1323, 173.0277
-0.05862157, 1.204443, 0.4797959, 120.7146, 172.9263
-0.05862157, 1.391943, 0.4797959, 120.7146, 158.5764
-0.05862157, 1.391943, 0.4797959, 120.7146, 158.5764
-0.05862157, 1.204443, 0.4797959, 120.7146, 172.9263
-0.03353472, 1.204443, 0.2411106, 118.9492, 174.1172
-0.03353472, 1.391943, 0.2411106, 118.9492, 159.3168
-0.2324391, 1.204443, 0.2202049, 102.8713, 174.2251
-0.03353472, 1.204443, 0.2411106, 118.9492, 174.1172
-0.05862157, 1.204443, 0.4797959, 120.7146, 172.9263
-0.257526, 1.204443, 0.4588902, 105.1323, 173.0277
-0.2324391, 1.391943, 0.2202049, 102.8713, 159.3838
-0.2324391, 1.204443, 0.2202049, 102.8713, 174.2251
-0.257526, 1.204443, 0.4588902, 105.1323, 173.0277
-0.257526, 1.391943, 0.4588902, 105.1323, 158.6395
-0.03353472, 1.391943, 0.2411106, 118.9492, 159.3168
-0.03353472, 1.204443, 0.2411106, 118.9492, 174.1172
-0.2324391, 1.204443, 0.2202049, 102.8713, 174.2251
-0.2324391, 1.391943, 0.2202049, 102.8713, 159.3838
box_6_melody(Clone) stack 96 Shelf_1 Rack_0_1_1
-0.03938707, 1.579443, 0.2353984, 118.3958, 144.5234
-0.239113, 1.579443, 0.2249312, 102.4289, 144.5366
-0.2516736, 1.579443, 0.4646024, 105.6796, 144.2445
-0.05194771, 1.579443, 0.4750696, 121.1538, 144.2321
-0.2516736, 1.579443, 0.4646024, 105.6796, 144.2445
-0.2516736, 1.391943, 0.4646024, 105.6796, 158.6222
-0.05194771, 1.391943, 0.4750696, 121.1538, 158.5906
-0.05194771, 1.579443, 0.4750696, 121.1538, 144.2321
-0.05194771, 1.579443, 0.4750696, 121.1538, 144.2321
-0.05194771, 1.391943, 0.4750696, 121.1538, 158.5906
-0.03938707, 1.391943, 0.2353984, 118.3958, 159.335
-0.03938707, 1.579443, 0.2353984, 118.3958, 144.5234
-0.239113, 1.391943, 0.2249312, 102.4289, 159.3686
-0.03938707, 1.391943, 0.2353984, 118.3958, 159.335
-0.05194771, 1.391943, 0.4750696, 121.1538, 158.5906
-0.2516736, 1.391943, 0.4646024, 105.6796, 158.6222
-0.239113, 1.579443, 0.2249312, 102.4289, 144.5366
-0.239113, 1.391943, 0.2249312, 102.4289, 159.3686
-0.2516736, 1.391943, 0.4646024, 105.6796, 158.6222
-0.2516736, 1.579443, 0.4646024, 105.6796, 144.2445
-0.03938707, 1.579443, 0.2353984, 118.3958, 144.5234
-0.03938707, 1.391943, 0.2353984, 118.3958, 159.335
-0.239113, 1.391943, 0.2249312, 102.4289, 159.3686
-0.239113, 1.579443, 0.2249312, 102.4289, 144.5366
box_6_melody(Clone) stack 96 Shelf_1 Rack_0_1_1
-0.03353472, 1.766943, 0.2411106, 118.9492, 129.7158
-0.2324391, 1.766943, 0.2202049, 102.8713, 129.7012
-0.257526, 1.766943, 0.4588902, 105.1323, 129.863
-0.05862157, 1.766943, 0.4797959, 120.7146, 129.8767
-0.257526, 1.766943, 0.4588902, 105.1323, 129.863
-0.257526, 1.579443, 0.4588902, 105.1323, 144.2512
-0.05862157, 1.579443, 0.4797959, 120.7146, 144.2266
-0.05862157, 1.766943, 0.4797959, 120.7146, 129.8767
-0.05862157, 1.766943, 0.4797959, 120.7146, 129.8767
-0.05862157, 1.579443, 0.4797959, 120.7146, 144.2266
-0.03353472, 1.579443, 0.2411106, 118.9492, 144.5163
-0.03353472, 1.766943, 0.2411106, 118.9492, 129.7158
-0.2324391, 1.579443, 0.2202049, 102.8713, 144.5425
-0.03353472, 1.579443, 0.2411106, 118.9492, 144.5163
-0.05862157, 1.579443, 0.4797959, 120.7146, 144.2266
-0.257526, 1.579443, 0.4588902, 105.1323, 144.2512
-0.2324391, 1.766943, 0.2202049, 102.8713, 129.7012
-0.2324391, 1.579443, 0.2202049, 102.8713, 144.5425
-0.257526, 1.579443, 0.4588902, 105.1323, 144.2512
-0.257526, 1.766943, 0.4588902, 105.1323, 129.863
-0.03353472, 1.766943, 0.2411106, 118.9492, 129.7158
-0.03353472, 1.579443, 0.2411106, 118.9492, 144.5163
-0.2324391, 1.579443, 0.2202049, 102.8713, 144.5425
-0.2324391, 1.766943, 0.2202049, 102.8713, 129.7012
box_6_melody(Clone) stack 96 Shelf_1 Rack_0_1_1
-0.05636956, 1.954443, 0.2217414, 116.8328, 114.864
-0.2556085, 1.954443, 0.2391725, 101.3843, 114.9102
-0.2346911, 1.954443, 0.4782594, 107.2136, 115.523
-0.03545217, 1.954443, 0.4608282, 122.2029, 115.4796
-0.2346911, 1.954443, 0.4782594, 107.2136, 115.523
-0.2346911, 1.766943, 0.4782594, 107.2136, 129.8757
-0.03545217, 1.766943, 0.4608282, 122.2029, 129.8643
-0.03545217, 1.954443, 0.4608282, 122.2029, 115.4796
-0.03545217, 1.954443, 0.4608282, 122.2029, 115.4796
-0.03545217, 1.766943, 0.4608282, 122.2029, 129.8643
-0.05636956, 1.766943, 0.2217414, 116.8328, 129.7023
-0.05636956, 1.954443, 0.2217414, 116.8328, 114.864
-0.2556085, 1.766943, 0.2391725, 101.3843, 129.7145
-0.05636956, 1.766943, 0.2217414, 116.8328, 129.7023
-0.03545217, 1.766943, 0.4608282, 122.2029, 129.8643
-0.2346911, 1.766943, 0.4782594, 107.2136, 129.8757
-0.2556085, 1.954443, 0.2391725, 101.3843, 114.9102
-0.2556085, 1.766943, 0.2391725, 101.3843, 129.7145
-0.2346911, 1.766943, 0.4782594, 107.2136, 129.8757
-0.2346911, 1.954443, 0.4782594, 107.2136, 115.523
-0.05636956, 1.954443, 0.2217414, 116.8328, 114.864
-0.05636956, 1.766943, 0.2217414, 116.8328, 129.7023
-0.2556085, 1.766943, 0.2391725, 101.3843, 129.7145
-0.2556085, 1.954443, 0.2391725, 101.3843, 114.9102
box_2_Parle-G(Clone) stack 98 Shelf_2 Rack_0_1_1
-0.8245748, 2.643609, 0.2841088, 57.53991, 60.9344
-1.024544, 2.643609, 0.2806183, 41.75341, 60.90054
-1.026906, 2.643609, 0.4158919, 45.02003, 62.18962
-0.8269359, 2.643609, 0.4193824, 60.53056, 62.22232
-1.026906, 2.643609, 0.4158919, 45.02003, 62.18962
-1.026906, 2.388609, 0.4158919, 45.02003, 81.86583
-0.8269359, 2.388609, 0.4193824, 60.53056, 81.88966
-0.8269359, 2.643609, 0.4193824, 60.53056, 62.22232
-0.8269359, 2.643609, 0.4193824, 60.53056, 62.22232
-0.8269359, 2.388609, 0.4193824, 60.53056, 81.88966
-0.8245748, 2.388609, 0.2841088, 57.53991, 80.94981
-0.8245748, 2.643609, 0.2841088, 57.53991, 60.9344
-1.024544, 2.388609, 0.2806184, 41.75341, 80.92511
-0.8245748, 2.388609, 0.2841088, 57.53991, 80.94981
-0.8269359, 2.388609, 0.4193824, 60.53056, 81.88966
-1.026906, 2.388609, 0.4158919, 45.02003, 81.86583
-1.024544, 2.643609, 0.2806183, 41.75341, 60.90054
-1.024544, 2.388609, 0.2806184, 41.75341, 80.92511
-1.026906, 2.388609, 0.4158919, 45.02003, 81.86583
-1.026906, 2.643609, 0.4158919, 45.02003, 62.18962
-0.8245748, 2.643609, 0.2841088, 57.53991, 60.9344
-0.8245748, 2.388609, 0.2841088, 57.53991, 80.94981
-1.024544, 2.388609, 0.2806184, 41.75341, 80.92511
-1.024544, 2.643609, 0.2806183, 41.75341, 60.90054
box_2_Parle-G(Clone) stack 98 Shelf_2 Rack_0_1_1
-0.8333589, 2.898609, 0.272271, 56.56636, 40.77303
-1.032263, 2.898609, 0.2931767, 41.47358, 41.03043
-1.018121, 2.898609, 0.4277297, 45.9932, 42.65401
-0.8192168, 2.898609, 0.406824, 60.83669, 42.40544
-1.018121, 2.898609, 0.4277297, 45.9932, 42.65401
-1.018121, 2.64361, 0.4277297, 45.9932, 62.30031
-0.8192168, 2.64361, 0.406824, 60.83669, 62.10461
-0.8192168, 2.898609, 0.406824, 60.83669, 42.40544
-0.8192168, 2.898609, 0.406824, 60.83669, 42.40544
-0.8192168, 2.64361, 0.406824, 60.83669, 62.10461
-0.8333589, 2.64361, 0.272271, 56.56636, 60.8195
-0.8333589, 2.898609, 0.272271, 56.56636, 40.77303
-1.032263, 2.64361, 0.2931767, 41.47358, 61.02214
-0.8333589, 2.64361, 0.272271, 56.56636, 60.8195
-0.8192168, 2.64361, 0.406824, 60.83669, 62.10461
-1.018121, 2.64361, 0.4277297, 45.9932, 62.30031
-1.032263, 2.898609, 0.2931767, 41.47358, 41.03043
-1.032263, 2.64361, 0.2931767, 41.47358, 61.02214
-1.018121, 2.64361, 0.4277297, 45.9932, 62.30031
-1.018121, 2.898609, 0.4277297, 45.9932, 42.65401
-0.8333589, 2.898609, 0.272271, 56.56636, 40.77303
-0.8333589, 2.64361, 0.272271, 56.56636, 60.8195
-1.032263, 2.64361, 0.2931767, 41.47358, 61.02214
-1.032263, 2.898609, 0.2931767, 41.47358, 41.03043
box_2_Parle-G(Clone) stack 98 Shelf_2 Rack_0_1_1
-0.8257401, 3.15361, 0.2823533, 57.40651, 20.87735
-1.02574, 3.15361, 0.2823533, 41.70453, 20.87735
-1.02574, 3.15361, 0.4176474, 45.15394, 22.86253
-0.8257401, 3.15361, 0.4176474, 60.58278, 22.86253
-1.02574, 3.15361, 0.4176474, 45.15394, 22.86253
-1.02574, 2.89861, 0.4176475, 45.15394, 42.53427
-0.8257401, 2.89861, 0.4176475, 60.58278, 42.53427
-0.8257401, 3.15361, 0.4176474, 60.58278, 22.86253
-0.8257401, 3.15361, 0.4176474, 60.58278, 22.86253
-0.8257401, 2.89861, 0.4176475, 60.58278, 42.53427
-0.8257401, 2.89861, 0.2823533, 57.40651, 40.89734
-0.8257401, 3.15361, 0.2823533, 57.40651, 20.87735
-1.02574, 2.89861, 0.2823533, 41.70453, 40.89734
-0.8257401, 2.89861, 0.2823533, 57.40651, 40.89734
-0.8257401, 2.89861, 0.4176475, 60.58278, 42.53427
-1.02574, 2.89861, 0.4176475, 45.15394, 42.53427
-1.02574, 3.15361, 0.2823533, 41.70453, 20.87735
-1.02574, 2.89861, 0.2823533, 41.70453, 40.89734
-1.02574, 2.89861, 0.4176475, 45.15394, 42.53427
-1.02574, 3.15361, 0.4176474, 45.15394, 22.86253
-0.8257401, 3.15361, 0.2823533, 57.40651, 20.87735
-0.8257401, 2.89861, 0.2823533, 57.40651, 40.89734
-1.02574, 2.89861, 0.2823533, 41.70453, 40.89734
-1.02574, 3.15361, 0.2823533, 41.70453, 20.87735
box_2_Parle-G(Clone) stack 99 Shelf_2 Rack_0_1_1
-0.4313183, 2.643609, 0.2950445, 88.62389, 61.04021
-0.6298276, 2.643609, 0.2706706, 72.53158, 60.80396
-0.6463158, 2.643609, 0.4049563, 74.15369, 62.0871
-0.4478065, 2.643609, 0.4293302, 89.96349, 62.31523
-0.6463158, 2.643609, 0.4049563, 74.15369, 62.0871
-0.6463158, 2.388609, 0.4049563, 74.15369, 81.791
-0.4478065, 2.388609, 0.4293302, 89.96349, 81.9575
-0.4478065, 2.643609, 0.4293302, 89.96349, 62.31523
-0.4478065, 2.643609, 0.4293302, 89.96349, 62.31523
-0.4478065, 2.388609, 0.4293302, 89.96349, 81.9575
-0.4313183, 2.388609, 0.2950445, 88.62389, 81.02702
-0.4313183, 2.643609, 0.2950445, 88.62389, 61.04021
-0.6298276, 2.388609, 0.2706706, 72.53158, 80.85461
-0.4313183, 2.388609, 0.2950445, 88.62389, 81.02702
-0.4478065, 2.388609, 0.4293302, 89.96349, 81.9575
-0.6463158, 2.388609, 0.4049563, 74.15369, 81.791
-0.6298276, 2.643609, 0.2706706, 72.53158, 60.80396
-0.6298276, 2.388609, 0.2706706, 72.53158, 80.85461
-0.6463158, 2.388609, 0.4049563, 74.15369, 81.791
-0.6463158, 2.643609, 0.4049563, 74.15369, 62.0871
-0.4313183, 2.643609, 0.2950445, 88.62389, 61.04021
-0.4313183, 2.388609, 0.2950445, 88.62389, 81.02702
-0.6298276, 2.388609, 0.2706706, 72.53158, 80.85461
-0.6298276, 2.643609, 0.2706706, 72.53158, 60.80396
box_2_Parle-G(Clone) stack 99 Shelf_2 Rack_0_1_1
-0.4354137, 2.898609, 0.2876796, 88.1568, 40.96291
-0.6351396, 2.898609, 0.2772124, 72.25771, 40.83403
-0.6422204, 2.898609, 0.4123212, 74.62698, 42.47093
-0.4424945, 2.898609, 0.4227883, 90.24692, 42.59537
-0.6422204, 2.898609, 0.4123212, 74.62698, 42.47093
-0.6422204, 2.64361, 0.4123212, 74.62698, 62.15617
-0.4424945, 2.64361, 0.4227883, 90.24692, 62.25414
-0.4424945, 2.898609, 0.4227883, 90.24692, 42.59537
-0.4424945, 2.898609, 0.4227883, 90.24692, 42.59537
-0.4424945, 2.64361, 0.4227883, 90.24692, 62.25414
-0.4354137, 2.64361, 0.2876796, 88.1568, 60.96895
-0.4354137, 2.898609, 0.2876796, 88.1568, 40.96291
-0.6351396, 2.64361, 0.2772124, 72.25771, 60.86751
-0.4354137, 2.64361, 0.2876796, 88.1568, 60.96895
-0.4424945, 2.64361, 0.4227883, 90.24692, 62.25414
-0.6422204, 2.64361, 0.4123212, 74.62698, 62.15617
-0.6351396, 2.898609, 0.2772124, 72.25771, 40.83403
-0.6351396, 2.64361, 0.2772124, 72.25771, 60.86751
-0.6422204, 2.64361, 0.4123212, 74.62698, 62.15617
-0.6422204, 2.898609, 0.4123212, 74.62698, 42.47093
-0.4354137, 2.898609, 0.2876796, 88.1568, 40.96291
-0.4354137, 2.64361, 0.2876796, 88.1568, 60.96895
-0.6351396, 2.64361, 0.2772124, 72.25771, 60.86751
-0.6351396, 2.898609, 0.2772124, 72.25771, 40.83403
box_2_Parle-G(Clone) stack 99 Shelf_2 Rack_0_1_1
-0.4388171, 3.15361, 0.2823533, 87.78378, 20.87735
-0.6388171, 3.15361, 0.2823533, 72.08182, 20.87735
-0.6388171, 3.15361, 0.4176474, 75.00279, 22.86253
-0.4388171, 3.15361, 0.4176474, 90.43163, 22.86253
-0.6388171, 3.15361, 0.4176474, 75.00279, 22.86253
-0.6388171, 2.89861, 0.4176475, 75.00279, 42.53427
-0.4388171, 2.89861, 0.4176475, 90.43163, 42.53427
-0.4388171, 3.15361, 0.4176474, 90.43163, 22.86253
-0.4388171, 3.15361, 0.4176474, 90.43163, 22.86253
-0.4388171, 2.89861, 0.4176475, 90.43163, 42.53427
-0.4388171, 2.89861, 0.2823533, 87.78378, 40.89734
-0.4388171, 3.15361, 0.2823533, 87.78378, 20.87735
-0.6388171, 2.89861, 0.2823533, 72.08182, 40.89734
-0.4388171, 2.89861, 0.2823533, 87.78378, 40.89734
-0.4388171, 2.89861, 0.4176475, 90.43163, 42.53427
-0.6388171, 2.89861, 0.4176475, 75.00279, 42.53427
-0.6388171, 3.15361, 0.2823533, 72.08182, 20.87735
-0.6388171, 2.89861, 0.2823533, 72.08182, 40.89734
-0.6388171, 2.89861, 0.4176475, 75.00279, 42.53427
-0.6388171, 3.15361, 0.4176474, 75.00279, 22.86253
-0.4388171, 3.15361, 0.2823533, 87.78378, 20.87735
-0.4388171, 2.89861, 0.2823533, 87.78378, 40.89734
-0.6388171, 2.89861, 0.2823533, 72.08182, 40.89734
-0.6388171, 3.15361, 0.2823533, 72.08182, 20.87735
box_5_LMRR(Clone) stack 100 Shelf_2 Rack_0_1_1
-0.03543629, 2.531555, 0.2133235, 118.3544, 69.11966
-0.2351622, 2.531555, 0.2028563, 102.3408, 69.02849
-0.2500366, 2.531555, 0.4866772, 106.1826, 71.41473
-0.0503107, 2.531555, 0.4971444, 121.6127, 71.49944
-0.2500366, 2.531555, 0.4866772, 106.1826, 71.41473
-0.2500366, 2.389055, 0.4866772, 106.1826, 82.31107
-0.0503107, 2.389055, 0.4971444, 121.6127, 82.38127
-0.0503107, 2.531555, 0.4971444, 121.6127, 71.49944
-0.0503107, 2.531555, 0.4971444, 121.6127, 71.49944
-0.0503107, 2.389055, 0.4971444, 121.6127, 82.38127
-0.03543629, 2.389055, 0.2133235, 118.3544, 80.4093
-0.03543629, 2.531555, 0.2133235, 118.3544, 69.11966
-0.2351622, 2.389055, 0.2028564, 102.3408, 80.33376
-0.03543629, 2.389055, 0.2133235, 118.3544, 80.4093
-0.0503107, 2.389055, 0.4971444, 121.6127, 82.38127
-0.2500366, 2.389055, 0.4866772, 106.1826, 82.31107
-0.2351622, 2.531555, 0.2028563, 102.3408, 69.02849
-0.2351622, 2.389055, 0.2028564, 102.3408, 80.33376
-0.2500366, 2.389055, 0.4866772, 106.1826, 82.31107
-0.2500366, 2.531555, 0.4866772, 106.1826, 71.41473
-0.03543629, 2.531555, 0.2133235, 118.3544, 69.11966
-0.03543629, 2.389055, 0.2133235, 118.3544, 80.4093
-0.2351622, 2.389055, 0.2028564, 102.3408, 80.33376
-0.2351622, 2.531555, 0.2028563, 102.3408, 69.02849
box_5_LMRR(Clone) stack 100 Shelf_2 Rack_0_1_1
-0.05550224, 2.674055, 0.1997204, 116.5429, 57.69118
-0.2547412, 2.674055, 0.2171515, 101.0501, 57.86902
-0.2299706, 2.674055, 0.5002804, 107.9459, 60.64729
-0.03073168, 2.674055, 0.4828492, 122.8948, 60.48206
-0.2299706, 2.674055, 0.5002804, 107.9459, 60.64729
-0.2299706, 2.531555, 0.5002804, 107.9459, 71.5248
-0.03073168, 2.531555, 0.4828492, 122.8948, 71.38373
-0.03073168, 2.674055, 0.4828492, 122.8948, 60.48206
-0.03073168, 2.674055, 0.4828492, 122.8948, 60.48206
-0.03073168, 2.531555, 0.4828492, 122.8948, 71.38373
-0.05550224, 2.531555, 0.1997204, 116.5429, 69.00113
-0.05550224, 2.674055, 0.1997204, 116.5429, 57.69118
-0.2547412, 2.531555, 0.2171515, 101.0501, 69.15297
-0.05550224, 2.531555, 0.1997204, 116.5429, 69.00113
-0.03073168, 2.531555, 0.4828492, 122.8948, 71.38373
-0.2299706, 2.531555, 0.5002804, 107.9459, 71.5248
-0.2547412, 2.674055, 0.2171515, 101.0501, 57.86902
-0.2547412, 2.531555, 0.2171515, 101.0501, 69.15297
-0.2299706, 2.531555, 0.5002804, 107.9459, 71.5248
-0.2299706, 2.674055, 0.5002804, 107.9459, 60.64729
-0.05550224, 2.674055, 0.1997204, 116.5429, 57.69118
-0.05550224, 2.531555, 0.1997204, 116.5429, 69.00113
-0.2547412, 2.531555, 0.2171515, 101.0501, 69.15297
-0.2547412, 2.674055, 0.2171515, 101.0501, 57.86902
box_6_melody(Clone) stack 101 Shelf_2 Rack_0_1_1
0.3460718, 2.576536, 0.2430817, 148.9373, 65.8278
0.1475626, 2.576536, 0.2187079, 132.9287, 65.60535
0.1183139, 2.576536, 0.456919, 133.9465, 67.72006
0.3168232, 2.576536, 0.4812929, 149.4657, 67.92918
0.1183139, 2.576536, 0.456919, 133.9465, 67.72006
0.1183139, 2.389036, 0.456919, 133.9465, 82.11194
0.3168232, 2.389036, 0.4812929, 149.4657, 82.27632
0.3168232, 2.576536, 0.4812929, 149.4657, 67.92918
0.3168232, 2.576536, 0.4812929, 149.4657, 67.92918
0.3168232, 2.389036, 0.4812929, 149.4657, 82.27632
0.3460718, 2.389036, 0.2430817, 148.9373, 80.62444
0.3460718, 2.576536, 0.2430817, 148.9373, 65.8278
0.1475626, 2.389036, 0.2187079, 132.9287, 80.44957
0.3460718, 2.389036, 0.2430817, 148.9373, 80.62444
0.3168232, 2.389036, 0.4812929, 149.4657, 82.27632
0.1183139, 2.389036, 0.456919, 133.9465, 82.11194
0.1475626, 2.576536, 0.2187079, 132.9287, 65.60535
0.1475626, 2.389036, 0.2187079, 132.9287, 80.44957
0.1183139, 2.389036, 0.456919, 133.9465, 82.11194
0.1183139, 2.576536, 0.456919, 133.9465, 67.72006
0.3460718, 2.576536, 0.2430817, 148.9373, 65.8278
0.3460718, 2.389036, 0.2430817, 148.9373, 80.62444
0.1475626, 2.389036, 0.2187079, 132.9287, 80.44957
0.1475626, 2.576536, 0.2187079, 132.9287, 65.60535
box_6_melody(Clone) stack 101 Shelf_2 Rack_0_1_1
0.3403201, 2.764036, 0.2372683, 148.4134, 50.96692
0.1408072, 2.764036, 0.223317, 132.4593, 50.81233
0.1240657, 2.764036, 0.4627324, 134.4665, 53.38889
0.3235785, 2.764036, 0.4766837, 149.9296, 53.53418
0.1240657, 2.764036, 0.4627324, 134.4665, 53.38889
0.1240657, 2.576536, 0.4627325, 134.4665, 67.77005
0.3235785, 2.576536, 0.4766838, 149.9296, 67.88974
0.3235785, 2.764036, 0.4766837, 149.9296, 53.53418
0.3235785, 2.764036, 0.4766837, 149.9296, 53.53418
0.3235785, 2.576536, 0.4766838, 149.9296, 67.88974
0.3403201, 2.576536, 0.2372683, 148.4134, 65.77487
0.3403201, 2.764036, 0.2372683, 148.4134, 50.96692
0.1408072, 2.576536, 0.223317, 132.4593, 65.64752
0.3403201, 2.576536, 0.2372683, 148.4134, 65.77487
0.3235785, 2.576536, 0.4766838, 149.9296, 67.88974
0.1240657, 2.576536, 0.4627325, 134.4665, 67.77005
0.1408072, 2.764036, 0.223317, 132.4593, 50.81233
0.1408072, 2.576536, 0.223317, 132.4593, 65.64752
0.1240657, 2.576536, 0.4627325, 134.4665, 67.77005
0.1240657, 2.764036, 0.4627324, 134.4665, 53.38889
0.3403201, 2.764036, 0.2372683, 148.4134, 50.96692
0.3403201, 2.576536, 0.2372683, 148.4134, 65.77487
0.1408072, 2.576536, 0.223317, 132.4593, 65.64752
0.1408072, 2.764036, 0.223317, 132.4593, 50.81233
box_6_melody(Clone) stack 101 Shelf_2 Rack_0_1_1
0.3403201, 2.951536, 0.2372683, 148.4134, 36.15898
0.1408072, 2.951536, 0.223317, 132.4593, 35.97714
0.1240657, 2.951536, 0.4627324, 134.4665, 39.00774
0.3235785, 2.951536, 0.4766837, 149.9296, 39.17863
0.1240657, 2.951536, 0.4627324, 134.4665, 39.00774
0.1240657, 2.764036, 0.4627325, 134.4665, 53.38889
0.3235785, 2.764036, 0.4766838, 149.9296, 53.53418
0.3235785, 2.951536, 0.4766837, 149.9296, 39.17863
0.3235785, 2.951536, 0.4766837, 149.9296, 39.17863
0.3235785, 2.764036, 0.4766838, 149.9296, 53.53418
0.3403201, 2.764036, 0.2372683, 148.4134, 50.96692
0.3403201, 2.951536, 0.2372683, 148.4134, 36.15898
0.1408072, 2.764036, 0.223317, 132.4593, 50.81233
0.3403201, 2.764036, 0.2372683, 148.4134, 50.96692
0.3235785, 2.764036, 0.4766838, 149.9296, 53.53418
0.1240657, 2.764036, 0.4627325, 134.4665, 53.38889
0.1408072, 2.951536, 0.223317, 132.4593, 35.97714
0.1408072, 2.764036, 0.223317, 132.4593, 50.81233
0.1240657, 2.764036, 0.4627325, 134.4665, 53.38889
0.1240657, 2.951536, 0.4627324, 134.4665, 39.00774
0.3403201, 2.951536, 0.2372683, 148.4134, 36.15898
0.3403201, 2.764036, 0.2372683, 148.4134, 50.96692
0.1408072, 2.764036, 0.223317, 132.4593, 50.81233
0.1408072, 2.951536, 0.223317, 132.4593, 35.97714
box_6_melody(Clone) stack 101 Shelf_2 Rack_0_1_1
0.3321929, 3.139036, 0.2300003, 147.6833, 21.24219
0.1321929, 3.139036, 0.2300003, 131.873, 21.24219
0.1321929, 3.139036, 0.4700004, 135.1872, 24.729
0.3321929, 3.139036, 0.4700004, 150.5129, 24.729
0.1321929, 3.139036, 0.4700004, 135.1872, 24.729
0.1321929, 2.951536, 0.4700004, 135.1872, 39.09683
0.3321929, 2.951536, 0.4700004, 150.5129, 39.09683
0.3321929, 3.139036, 0.4700004, 150.5129, 24.729
0.3321929, 3.139036, 0.4700004, 150.5129, 24.729
0.3321929, 2.951536, 0.4700004, 150.5129, 39.09683
0.3321929, 2.951536, 0.2300003, 147.6833, 36.06433
0.3321929, 3.139036, 0.2300003, 147.6833, 21.24219
0.1321929, 2.951536, 0.2300003, 131.873, 36.06433
0.3321929, 2.951536, 0.2300003, 147.6833, 36.06433
0.3321929, 2.951536, 0.4700004, 150.5129, 39.09683
0.1321929, 2.951536, 0.4700004, 135.1872, 39.09683
0.1321929, 3.139036, 0.2300003, 131.873, 21.24219
0.1321929, 2.951536, 0.2300003, 131.873, 36.06433
0.1321929, 2.951536, 0.4700004, 135.1872, 39.09683
0.1321929, 3.139036, 0.4700004, 135.1872, 24.729
0.3321929, 3.139036, 0.2300003, 147.6833, 21.24219
0.3321929, 2.951536, 0.2300003, 147.6833, 36.06433
0.1321929, 2.951536, 0.2300003, 131.873, 36.06433
0.1321929, 3.139036, 0.2300003, 131.873, 21.24219
box4_Fairever(Clone) stack 102 Shelf_0 Rack_0_1_2
-1.482923, 0.1847178, 0.2372142, 4.419751, 254.6714
-1.495293, 0.1847178, 0.4732538, 10.57096, 251.0654
-1.495293, 0.01971789, 0.4732538, 10.57096, 263.7038
-1.495293, 0.1847178, 0.4732538, 10.57096, 251.0654
-1.495293, 0.1847178, 0.4732538, 10.57096, 251.0654
-1.495293, 0.01971789, 0.4732538, 10.57096, 263.7038
-1.482923, 0.01971789, 0.2372142, 4.419751, 267.7025
-1.482923, 0.1847178, 0.2372142, 4.419751, 254.6714
-1.482923, 0.01971789, 0.2372142, 4.419751, 267.7025
-1.495293, 0.01971789, 0.4732538, 10.57096, 263.7038
-1.482923, 0.1847178, 0.2372142, 4.419751, 254.6714
-1.482923, 0.01971789, 0.2372142, 4.419751, 267.7025
box4_Fairever(Clone) stack 102 Shelf_0 Rack_0_1_2
-1.495293, 0.3497178, 0.226747, 3.116426, 241.7874
-1.482923, 0.3497178, 0.4627866, 11.21279, 238.5653
-1.482923, 0.1847179, 0.4627866, 11.21279, 251.2207
-1.482923, 0.3497178, 0.4627866, 11.21279, 238.5653
-1.482923, 0.3497178, 0.4627866, 11.21279, 238.5653
-1.482923, 0.1847179, 0.4627866, 11.21279, 251.2207
-1.495293, 0.1847179, 0.226747, 3.116426, 254.8365
-1.495293, 0.3497178, 0.226747, 3.116426, 241.7874
-1.495293, 0.1847179, 0.226747, 3.116426, 254.8365
-1.482923, 0.1847179, 0.4627866, 11.21279, 251.2207
-1.495293, 0.3497178, 0.226747, 3.116426, 241.7874
-1.495293, 0.1847179, 0.226747, 3.116426, 254.8365
box_7_litchi(Clone) stack 106 Shelf_1 Rack_0_1_2
-1.408676, 1.414419, 0.2535512, 10.7764, 157.5057
-1.615535, 1.414419, 0.4464495, 0.5415201, 156.9496
-1.415656, 1.414419, 0.4534294, 16.10424, 156.93
-1.615535, 1.414419, 0.4464495, 0.5415201, 156.9496
-1.615535, 1.204419, 0.4464495, 0.5415201, 173.0901
-1.415656, 1.204419, 0.4534294, 16.10424, 173.0561
-1.415656, 1.414419, 0.4534294, 16.10424, 156.93
-1.415656, 1.414419, 0.4534294, 16.10424, 156.93
-1.415656, 1.204419, 0.4534294, 16.10424, 173.0561
-1.408676, 1.204419, 0.2535512, 10.7764, 174.0552
-1.408676, 1.414419, 0.2535512, 10.7764, 157.5057
-1.408676, 1.204419, 0.2535512, 10.7764, 174.0552
-1.415656, 1.204419, 0.4534294, 16.10424, 173.0561
-1.615535, 1.204419, 0.4464495, 0.5415201, 173.0901
-1.615535, 1.204419, 0.4464495, 0.5415201, 173.0901
-1.615535, 1.414419, 0.4464495, 0.5415201, 156.9496
-1.408676, 1.414419, 0.2535512, 10.7764, 157.5057
-1.408676, 1.204419, 0.2535512, 10.7764, 174.0552
box_7_litchi(Clone) stack 106 Shelf_1 Rack_0_1_2
-1.419325, 1.624419, 0.2432683, 9.626083, 140.9644
-1.604886, 1.624419, 0.4567324, 1.673856, 140.8015
-1.405373, 1.624419, 0.4427811, 16.5894, 140.8119
-1.604886, 1.624419, 0.4567324, 1.673856, 140.8015
-1.604886, 1.414419, 0.4567324, 1.673856, 156.9208
-1.405373, 1.414419, 0.4427811, 16.5894, 156.96
-1.405373, 1.624419, 0.4427811, 16.5894, 140.8119
-1.405373, 1.624419, 0.4427811, 16.5894, 140.8119
-1.405373, 1.414419, 0.4427811, 16.5894, 156.96
-1.419325, 1.414419, 0.2432683, 9.626083, 157.5362
-1.419325, 1.624419, 0.2432683, 9.626083, 140.9644
-1.419325, 1.414419, 0.2432683, 9.626083, 157.5362
-1.405373, 1.414419, 0.4427811, 16.5894, 156.96
-1.604886, 1.414419, 0.4567324, 1.673856, 156.9208
-1.604886, 1.414419, 0.4567324, 1.673856, 156.9208
-1.604886, 1.624419, 0.4567324, 1.673856, 140.8015
-1.419325, 1.624419, 0.2432683, 9.626083, 140.9644
-1.419325, 1.414419, 0.2432683, 9.626083, 157.5362
box_7_litchi(Clone) stack 106 Shelf_1 Rack_0_1_2
-1.410375, 1.834419, 0.2517608, 10.58856, 124.4044
-1.613835, 1.834419, 0.4482399, 0.7269716, 124.671
-1.413866, 1.834419, 0.4517304, 16.19306, 124.6756
-1.613835, 1.834419, 0.4482399, 0.7269716, 124.671
-1.613835, 1.624419, 0.4482399, 0.7269716, 140.8078
-1.413866, 1.624419, 0.4517304, 16.19306, 140.8052
-1.413866, 1.834419, 0.4517304, 16.19306, 124.6756
-1.413866, 1.834419, 0.4517304, 16.19306, 124.6756
-1.413866, 1.624419, 0.4517304, 16.19306, 140.8052
-1.410375, 1.624419, 0.2517608, 10.58856, 140.9577
-1.410375, 1.834419, 0.2517608, 10.58856, 124.4044
-1.410375, 1.624419, 0.2517608, 10.58856, 140.9577
-1.413866, 1.624419, 0.4517304, 16.19306, 140.8052
-1.613835, 1.624419, 0.4482399, 0.7269716, 140.8078
-1.613835, 1.624419, 0.4482399, 0.7269716, 140.8078
-1.613835, 1.834419, 0.4482399, 0.7269716, 124.671
-1.410375, 1.834419, 0.2517608, 10.58856, 124.4044
-1.410375, 1.624419, 0.2517608, 10.58856, 140.9577
box_7_litchi(Clone) stack 106 Shelf_1 Rack_0_1_2
-1.400664, 2.044419, 0.2629327, 11.68915, 107.8908
-1.425038, 2.044419, 0.4614419, 15.61395, 108.5789
-1.425038, 1.834419, 0.4614419, 15.61395, 124.6884
-1.425038, 2.044419, 0.4614419, 15.61395, 108.5789
-1.425038, 2.044419, 0.4614419, 15.61395, 108.5789
-1.425038, 1.834419, 0.4614419, 15.61395, 124.6884
-1.400664, 1.834419, 0.2629327, 11.68915, 124.4199
-1.400664, 2.044419, 0.2629327, 11.68915, 107.8908
-1.400664, 1.834419, 0.2629327, 11.68915, 124.4199
-1.425038, 1.834419, 0.4614419, 15.61395, 124.6884
-1.400664, 2.044419, 0.2629327, 11.68915, 107.8908
-1.400664, 1.834419, 0.2629327, 11.68915, 124.4199
