box4_Fairever(Clone) stack 118 Shelf_0 Rack_1_1_0
-7.953739, 0.1847178, 0.4570819, 477.6534, 251.3055
-7.953739, 0.1847178, 0.4570819, 477.6534, 251.3055
-7.953739, 0.01971789, 0.4570819, 477.6534, 263.97
-7.953739, 0.01971789, 0.4570819, 477.6534, 263.97
-7.953739, 0.01971789, 0.4570819, 477.6534, 263.97
-7.953739, 0.1847178, 0.4570819, 477.6534, 251.3055
box4_Fairever(Clone) stack 118 Shelf_0 Rack_1_1_0
-7.939856, 0.3497179, 0.4699094, 478.328, 238.4711
-7.939856, 0.3497179, 0.4699094, 478.328, 238.4711
-7.939856, 0.1847179, 0.4699094, 478.328, 251.1149
-7.939856, 0.1847179, 0.4699094, 478.328, 251.1149
-7.939856, 0.1847179, 0.4699094, 478.328, 251.1149
-7.939856, 0.3497179, 0.4699094, 478.328, 238.4711
box4_Fairever(Clone) stack 118 Shelf_0 Rack_1_1_0
-7.955591, 0.5147178, 0.4551143, 477.5711, 225.9992
-7.955591, 0.5147178, 0.4551143, 477.5711, 225.9992
-7.955591, 0.3497178, 0.4551143, 477.5711, 238.667
-7.955591, 0.3497178, 0.4551143, 477.5711, 238.667
-7.955591, 0.3497178, 0.4551143, 477.5711, 238.667
-7.955591, 0.5147178, 0.4551143, 477.5711, 225.9992
box4_Fairever(Clone) stack 118 Shelf_0 Rack_1_1_0
-7.949934, 0.6797178, 0.4609186, 477.8288, 213.2733
-7.949934, 0.6797178, 0.4609186, 477.8288, 213.2733
-7.949934, 0.5147178, 0.4609186, 477.8288, 225.9317
-7.949934, 0.5147178, 0.4609186, 477.8288, 225.9317
-7.949934, 0.5147178, 0.4609186, 477.8288, 225.9317
-7.949934, 0.6797178, 0.4609186, 477.8288, 213.2733
box4_Fairever(Clone) stack 118 Shelf_0 Rack_1_1_0
-7.951853, 0.8447177, 0.4590169, 477.7393, 200.631
-7.951853, 0.8447177, 0.4590169, 477.7393, 200.631
-7.951853, 0.6797177, 0.4590169, 477.7393, 213.2924
-7.951853, 0.6797177, 0.4590169, 477.7393, 213.2924
-7.951853, 0.6797177, 0.4590169, 477.7393, 213.2924
-7.951853, 0.8447177, 0.4590169, 477.7393, 200.631
box4_Fairever(Clone) stack 119 Shelf_1 Rack_1_1_0
-8.047181, 1.369311, 0.2409839, 477.034, 161.1036
-8.24642, 1.369311, 0.2235528, 461.8153, 161.1636
-8.26702, 1.369311, 0.4590169, 453.5547, 160.3757
-8.067781, 1.369311, 0.476448, 468.3345, 160.3193
-8.26702, 1.369311, 0.4590169, 453.5547, 160.3757
-8.26702, 1.204311, 0.4590169, 453.5547, 173.0372
-8.067781, 1.204311, 0.476448, 468.3345, 172.9525
-8.067781, 1.369311, 0.476448, 468.3345, 160.3193
-8.067781, 1.369311, 0.476448, 468.3345, 160.3193
-8.067781, 1.204311, 0.476448, 468.3345, 172.9525
-8.047181, 1.204311, 0.2409839, 477.034, 174.1282
-8.047181, 1.369311, 0.2409839, 477.034, 161.1036
-8.24642, 1.204311, 0.2235527, 461.8153, 174.2182
-8.047181, 1.204311, 0.2409839, 477.034, 174.1282
-8.067781, 1.204311, 0.476448, 468.3345, 172.9525
-8.26702, 1.204311, 0.4590169, 453.5547, 173.0372
-8.24642, 1.369311, 0.2235528, 461.8153, 161.1636
-8.24642, 1.204311, 0.2235527, 461.8153, 174.2182
-8.26702, 1.204311, 0.4590169, 453.5547, 173.0372
-8.26702, 1.369311, 0.4590169, 453.5547, 160.3757
-8.047181, 1.369311, 0.2409839, 477.034, 161.1036
-8.047181, 1.204311, 0.2409839, 477.034, 174.1282
-8.24642, 1.204311, 0.2235527, 461.8153, 174.2182
-8.24642, 1.369311, 0.2235528, 461.8153, 161.1636
box4_Fairever(Clone) stack 119 Shelf_1 Rack_1_1_0
-8.053037, 1.534311, 0.2353805, 476.7463, 148.0886
-8.252915, 1.534311, 0.2284006, 461.16, 148.1007
-8.261165, 1.534311, 0.4646202, 453.8508, 147.7052
-8.061286, 1.534311, 0.4716001, 468.9734, 147.6938
-8.261165, 1.534311, 0.4646202, 453.8508, 147.7052
-8.261165, 1.369311, 0.4646202, 453.8508, 160.3575
-8.061286, 1.369311, 0.4716001, 468.9734, 160.335
-8.061286, 1.534311, 0.4716001, 468.9734, 147.6938
-8.061286, 1.534311, 0.4716001, 468.9734, 147.6938
-8.061286, 1.369311, 0.4716001, 468.9734, 160.335
-8.053037, 1.369311, 0.2353805, 476.7463, 161.1229
-8.053037, 1.534311, 0.2353805, 476.7463, 148.0886
-8.252915, 1.369311, 0.2284006, 461.16, 161.1469
-8.053037, 1.369311, 0.2353805, 476.7463, 161.1229
-8.061286, 1.369311, 0.4716001, 468.9734, 160.335
-8.261165, 1.369311, 0.4646202, 453.8508, 160.3575
-8.252915, 1.534311, 0.2284006, 461.16, 148.1007
-8.252915, 1.369311, 0.2284006, 461.16, 161.1469
-8.261165, 1.369311, 0.4646202, 453.8508, 160.3575
-8.261165, 1.534311, 0.4646202, 453.8508, 147.7052
-8.053037, 1.534311, 0.2353805, 476.7463, 148.0886
-8.053037, 1.369311, 0.2353805, 476.7463, 161.1229
-8.252915, 1.369311, 0.2284006, 461.16, 161.1469
-8.252915, 1.534311, 0.2284006, 461.16, 148.1007
box4_Fairever(Clone) stack 119 Shelf_1 Rack_1_1_0
-8.0571, 1.699311, 0.2318186, 476.5362, 135.0544
-8.257101, 1.699311, 0.2318186, 460.7296, 135.0544
-8.257101, 1.699311, 0.4681821, 454.0649, 135.0528
-8.0571, 1.699311, 0.4681821, 469.3943, 135.0528
-8.257101, 1.699311, 0.4681821, 454.0649, 135.0528
-8.257101, 1.534311, 0.4681821, 454.0649, 147.6994
-8.0571, 1.534311, 0.4681821, 469.3943, 147.6994
-8.0571, 1.699311, 0.4681821, 469.3943, 135.0528
-8.0571, 1.699311, 0.4681821, 469.3943, 135.0528
-8.0571, 1.534311, 0.4681821, 469.3943, 147.6994
-8.0571, 1.534311, 0.2318186, 476.5362, 148.0948
-8.0571, 1.699311, 0.2318186, 476.5362, 135.0544
-8.257101, 1.534311, 0.2318186, 460.7296, 148.0948
-8.0571, 1.534311, 0.2318186, 476.5362, 148.0948
-8.0571, 1.534311, 0.4681821, 469.3943, 147.6994
-8.257101, 1.534311, 0.4681821, 454.0649, 147.6994
-8.257101, 1.699311, 0.2318186, 460.7296, 135.0544
-8.257101, 1.534311, 0.2318186, 460.7296, 148.0948
-8.257101, 1.534311, 0.4681821, 454.0649, 147.6994
-8.257101, 1.699311, 0.4681821, 454.0649, 135.0528
-8.0571, 1.699311, 0.2318186, 476.5362, 135.0544
-8.0571, 1.534311, 0.2318186, 476.5362, 148.0948
-8.257101, 1.534311, 0.2318186, 460.7296, 148.0948
-8.257101, 1.699311, 0.2318186, 460.7296, 135.0544
box4_Fairever(Clone) stack 119 Shelf_1 Rack_1_1_0
-8.055054, 1.864311, 0.2335818, 476.643, 122.0171
-8.255023, 1.864311, 0.2300913, 460.9441, 122.0111
-8.259148, 1.864311, 0.4664189, 453.9563, 122.4034
-8.059178, 1.864311, 0.4699094, 469.1844, 122.409
-8.259148, 1.864311, 0.4664189, 453.9563, 122.4034
-8.259148, 1.699311, 0.4664189, 453.9563, 135.0528
-8.059178, 1.699311, 0.4699094, 469.1844, 135.0528
-8.059178, 1.864311, 0.4699094, 469.1844, 122.409
-8.059178, 1.864311, 0.4699094, 469.1844, 122.409
-8.059178, 1.699311, 0.4699094, 469.1844, 135.0528
-8.055054, 1.699311, 0.2335818, 476.643, 135.0544
-8.055054, 1.864311, 0.2335818, 476.643, 122.0171
-8.255023, 1.699311, 0.2300914, 460.9441, 135.0545
-8.055054, 1.699311, 0.2335818, 476.643, 135.0544
-8.059178, 1.699311, 0.4699094, 469.1844, 135.0528
-8.259148, 1.699311, 0.4664189, 453.9563, 135.0528
-8.255023, 1.864311, 0.2300913, 460.9441, 122.0111
-8.255023, 1.699311, 0.2300914, 460.9441, 135.0545
-8.259148, 1.699311, 0.4664189, 453.9563, 135.0528
-8.259148, 1.864311, 0.4664189, 453.9563, 122.4034
-8.055054, 1.864311, 0.2335818, 476.643, 122.0171
-8.055054, 1.699311, 0.2335818, 476.643, 135.0544
-8.255023, 1.699311, 0.2300914, 460.9441, 135.0545
-8.255023, 1.864311, 0.2300913, 460.9441, 122.0111
box4_Fairever(Clone) stack 119 Shelf_1 Rack_1_1_0
-8.0571, 2.029311, 0.2318186, 476.5362, 108.9737
-8.257101, 2.029311, 0.2318186, 460.7296, 108.9737
-8.257101, 2.029311, 0.4681821, 454.0649, 109.7596
-8.0571, 2.029311, 0.4681821, 469.3943, 109.7596
-8.257101, 2.029311, 0.4681821, 454.0649, 109.7596
-8.257101, 1.864311, 0.4681821, 454.0649, 122.4062
-8.0571, 1.864311, 0.4681821, 469.3943, 122.4062
-8.0571, 2.029311, 0.4681821, 469.3943, 109.7596
-8.0571, 2.029311, 0.4681821, 469.3943, 109.7596
-8.0571, 1.864311, 0.4681821, 469.3943, 122.4062
-8.0571, 1.864311, 0.2318186, 476.5362, 122.0141
-8.0571, 2.029311, 0.2318186, 476.5362, 108.9737
-8.257101, 1.864311, 0.2318186, 460.7296, 122.0141
-8.0571, 1.864311, 0.2318186, 476.5362, 122.0141
-8.0571, 1.864311, 0.4681821, 469.3943, 122.4062
-8.257101, 1.864311, 0.4681821, 454.0649, 122.4062
-8.257101, 2.029311, 0.2318186, 460.7296, 108.9737
-8.257101, 1.864311, 0.2318186, 460.7296, 122.0141
-8.257101, 1.864311, 0.4681821, 454.0649, 122.4062
-8.257101, 2.029311, 0.4681821, 454.0649, 109.7596
-8.0571, 2.029311, 0.2318186, 476.5362, 108.9737
-8.0571, 1.864311, 0.2318186, 476.5362, 122.0141
-8.257101, 1.864311, 0.2318186, 460.7296, 122.0141
-8.257101, 2.029311, 0.2318186, 460.7296, 108.9737
box_1_Parle-G-GOLD(Clone) stack 126 Shelf_2 Rack_1_1_0
-7.960942, 2.560843, 0.4471184, 477.4032, 68.84169
-7.960942, 2.560843, 0.4471184, 477.4032, 68.84169
-7.960942, 2.388343, 0.4471184, 477.4032, 82.09882
-7.960942, 2.388343, 0.4471184, 477.4032, 82.09882
-7.960942, 2.388343, 0.4471184, 477.4032, 82.09882
-7.960942, 2.560843, 0.4471184, 477.4032, 68.84169
box_1_Parle-G-GOLD(Clone) stack 126 Shelf_2 Rack_1_1_0
-7.955713, 2.733343, 0.4525871, 477.6386, 55.64014
-7.955713, 2.733343, 0.4525871, 477.6386, 55.64014
-7.955713, 2.560843, 0.4525871, 477.6386, 68.888
-7.955713, 2.560843, 0.4525871, 477.6386, 68.888
-7.955713, 2.560843, 0.4525871, 477.6386, 68.888
-7.955713, 2.733343, 0.4525871, 477.6386, 55.64014
box_1_Parle-G-GOLD(Clone) stack 126 Shelf_2 Rack_1_1_0
-7.942452, 2.905843, 0.4642295, 478.3019, 42.53009
-7.942452, 2.905843, 0.4642295, 478.3019, 42.53009
-7.942452, 2.733343, 0.4642295, 478.3019, 55.75824
-7.942452, 2.733343, 0.4642295, 478.3019, 55.75824
-7.942452, 2.733343, 0.4642295, 478.3019, 55.75824
-7.942452, 2.905843, 0.4642295, 478.3019, 42.53009
box_1_Parle-G-GOLD(Clone) stack 126 Shelf_2 Rack_1_1_0
-7.953907, 3.078343, 0.4543482, 477.7237, 29.16832
-7.953907, 3.078343, 0.4543482, 477.7237, 29.16832
-7.953907, 2.905843, 0.4543482, 477.7237, 42.41316
-7.953907, 2.905843, 0.4543482, 477.7237, 42.41316
-7.953907, 2.905843, 0.4543482, 477.7237, 42.41316
-7.953907, 3.078343, 0.4543482, 477.7237, 29.16832
box_6_melody(Clone) stack 128 Shelf_0 Rack_1_1_1
-9.908854, 0.2073492, 0.2430817, 330.054, 252.7931
-10.10736, 0.2073492, 0.2187079, 314.6278, 253.1719
-10.13661, 0.2073492, 0.456919, 310.1086, 249.5708
-9.938103, 0.2073492, 0.4812929, 325.0802, 249.2147
-10.13661, 0.2073492, 0.456919, 310.1086, 249.5708
-10.13661, 0.01984931, 0.456919, 310.1086, 263.9626
-9.938103, 0.01984931, 0.4812929, 325.0802, 263.5618
-9.938103, 0.2073492, 0.4812929, 325.0802, 249.2147
-9.938103, 0.2073492, 0.4812929, 325.0802, 249.2147
-9.938103, 0.01984931, 0.4812929, 325.0802, 263.5618
-9.908854, 0.01984931, 0.2430817, 330.054, 267.5897
-9.908854, 0.2073492, 0.2430817, 330.054, 252.7931
-10.10736, 0.01984931, 0.2187079, 314.6278, 268.0161
-9.908854, 0.01984931, 0.2430817, 330.054, 267.5897
-9.938103, 0.01984931, 0.4812929, 325.0802, 263.5618
-10.13661, 0.01984931, 0.456919, 310.1086, 263.9626
-10.10736, 0.2073492, 0.2187079, 314.6278, 253.1719
-10.10736, 0.01984931, 0.2187079, 314.6278, 268.0161
-10.13661, 0.01984931, 0.456919, 310.1086, 263.9626
-10.13661, 0.2073492, 0.456919, 310.1086, 249.5708
-9.908854, 0.2073492, 0.2430817, 330.054, 252.7931
-9.908854, 0.01984931, 0.2430817, 330.054, 267.5897
-10.10736, 0.01984931, 0.2187079, 314.6278, 268.0161
-10.10736, 0.2073492, 0.2187079, 314.6278, 253.1719
box_6_melody(Clone) stack 128 Shelf_0 Rack_1_1_1
-9.933572, 0.3948492, 0.2217414, 328.3513, 238.2864
-10.13281, 0.3948492, 0.2391725, 312.4175, 238.0495
-10.11189, 0.3948492, 0.4782594, 311.8098, 234.9062
-9.912655, 0.3948492, 0.4608282, 327.2551, 235.1289
-10.11189, 0.3948492, 0.4782594, 311.8098, 234.9062
-10.11189, 0.2073492, 0.4782594, 311.8098, 249.2589
-9.912655, 0.2073492, 0.4608282, 327.2551, 249.5135
-9.912655, 0.3948492, 0.4608282, 327.2551, 235.1289
-9.912655, 0.3948492, 0.4608282, 327.2551, 235.1289
-9.912655, 0.2073492, 0.4608282, 327.2551, 249.5135
-9.933572, 0.2073492, 0.2217414, 328.3513, 253.1246
-9.933572, 0.3948492, 0.2217414, 328.3513, 238.2864
-10.13281, 0.2073492, 0.2391725, 312.4175, 252.8537
-9.933572, 0.2073492, 0.2217414, 328.3513, 253.1246
-9.912655, 0.2073492, 0.4608282, 327.2551, 249.5135
-10.11189, 0.2073492, 0.4782594, 311.8098, 249.2589
-10.13281, 0.3948492, 0.2391725, 312.4175, 238.0495
-10.13281, 0.2073492, 0.2391725, 312.4175, 252.8537
-10.11189, 0.2073492, 0.4782594, 311.8098, 249.2589
-10.11189, 0.3948492, 0.4782594, 311.8098, 234.9062
-9.933572, 0.3948492, 0.2217414, 328.3513, 238.2864
-9.933572, 0.2073492, 0.2217414, 328.3513, 253.1246
-10.13281, 0.2073492, 0.2391725, 312.4175, 252.8537
-10.13281, 0.3948492, 0.2391725, 312.4175, 238.0495
box_6_melody(Clone) stack 128 Shelf_0 Rack_1_1_1
-9.92915, 0.5823491, 0.2249312, 328.664, 223.4109
-10.12888, 0.5823491, 0.2353984, 312.7644, 223.2891
-10.11632, 0.5823491, 0.4750696, 311.5003, 220.5883
-9.91659, 0.5823491, 0.4646024, 326.9113, 220.7028
-10.11632, 0.5823491, 0.4750696, 311.5003, 220.5883
-10.11632, 0.3948492, 0.4750696, 311.5003, 234.9469
-9.91659, 0.3948492, 0.4646024, 326.9113, 235.0806
-9.91659, 0.5823491, 0.4646024, 326.9113, 220.7028
-9.91659, 0.5823491, 0.4646024, 326.9113, 220.7028
-9.91659, 0.3948492, 0.4646024, 326.9113, 235.0806
-9.92915, 0.3948492, 0.2249312, 328.664, 238.2429
-9.92915, 0.5823491, 0.2249312, 328.664, 223.4109
-10.12888, 0.3948492, 0.2353984, 312.7644, 238.1007
-9.92915, 0.3948492, 0.2249312, 328.664, 238.2429
-9.91659, 0.3948492, 0.4646024, 326.9113, 235.0806
-10.11632, 0.3948492, 0.4750696, 311.5003, 234.9469
-10.12888, 0.5823491, 0.2353984, 312.7644, 223.2891
-10.12888, 0.3948492, 0.2353984, 312.7644, 238.1007
-10.11632, 0.3948492, 0.4750696, 311.5003, 234.9469
-10.11632, 0.5823491, 0.4750696, 311.5003, 220.5883
-9.92915, 0.5823491, 0.2249312, 328.664, 223.4109
-9.92915, 0.3948492, 0.2249312, 328.664, 238.2429
-10.12888, 0.3948492, 0.2353984, 312.7644, 238.1007
-10.12888, 0.5823491, 0.2353984, 312.7644, 223.2891
box_6_melody(Clone) stack 128 Shelf_0 Rack_1_1_1
-9.912655, 0.7698491, 0.2391725, 329.8002, 208.441
-10.11189, 0.7698491, 0.2217414, 314.2394, 208.6098
-10.13281, 0.7698491, 0.4608282, 310.3651, 206.3595
-9.933572, 0.7698491, 0.4782594, 325.4599, 206.2008
-10.13281, 0.7698491, 0.4608282, 310.3651, 206.3595
-10.13281, 0.5823491, 0.4608282, 310.3651, 220.7442
-9.933572, 0.5823491, 0.4782594, 325.4599, 220.5535
-9.933572, 0.7698491, 0.4782594, 325.4599, 206.2008
-9.933572, 0.7698491, 0.4782594, 325.4599, 206.2008
-9.933572, 0.5823491, 0.4782594, 325.4599, 220.5535
-9.912655, 0.5823491, 0.2391725, 329.8002, 223.2452
-9.912655, 0.7698491, 0.2391725, 329.8002, 208.441
-10.11189, 0.5823491, 0.2217414, 314.2394, 223.4481
-9.912655, 0.5823491, 0.2391725, 329.8002, 223.2452
-9.933572, 0.5823491, 0.4782594, 325.4599, 220.5535
-10.13281, 0.5823491, 0.4608282, 310.3651, 220.7442
-10.11189, 0.7698491, 0.2217414, 314.2394, 208.6098
-10.11189, 0.5823491, 0.2217414, 314.2394, 223.4481
-10.13281, 0.5823491, 0.4608282, 310.3651, 220.7442
-10.13281, 0.7698491, 0.4608282, 310.3651, 206.3595
-9.912655, 0.7698491, 0.2391725, 329.8002, 208.441
-9.912655, 0.5823491, 0.2391725, 329.8002, 223.2452
-10.11189, 0.5823491, 0.2217414, 314.2394, 223.4481
-10.11189, 0.7698491, 0.2217414, 314.2394, 208.6098
box_2_Parle-G(Clone) stack 129 Shelf_0 Rack_1_1_1
-9.52623, 0.274422, 0.2841088, 359.6035, 246.8962
-9.7262, 0.274422, 0.2806183, 343.9549, 246.9473
-9.728561, 0.274422, 0.4158919, 341.9643, 244.9998
-9.528591, 0.274422, 0.4193824, 357.3416, 244.9505
-9.728561, 0.274422, 0.4158919, 341.9643, 244.9998
-9.728561, 0.01942197, 0.4158919, 341.9643, 264.6761
-9.528591, 0.01942197, 0.4193824, 357.3416, 264.6179
-9.528591, 0.274422, 0.4193824, 357.3416, 244.9505
-9.528591, 0.274422, 0.4193824, 357.3416, 244.9505
-9.528591, 0.01942197, 0.4193824, 357.3416, 264.6179
-9.52623, 0.01942196, 0.2841088, 359.6035, 266.9116
-9.52623, 0.274422, 0.2841088, 359.6035, 246.8962
-9.7262, 0.01942196, 0.2806184, 343.9549, 266.9719
-9.52623, 0.01942196, 0.2841088, 359.6035, 266.9116
-9.528591, 0.01942197, 0.4193824, 357.3416, 264.6179
-9.728561, 0.01942197, 0.4158919, 341.9643, 264.6761
-9.7262, 0.274422, 0.2806183, 343.9549, 246.9473
-9.7262, 0.01942196, 0.2806184, 343.9549, 266.9719
-9.728561, 0.01942197, 0.4158919, 341.9643, 264.6761
-9.728561, 0.274422, 0.4158919, 341.9643, 244.9998
-9.52623, 0.274422, 0.2841088, 359.6035, 246.8962
-9.52623, 0.01942196, 0.2841088, 359.6035, 266.9116
-9.7262, 0.01942196, 0.2806184, 343.9549, 266.9719
-9.7262, 0.274422, 0.2806183, 343.9549, 246.9473
box_2_Parle-G(Clone) stack 129 Shelf_0 Rack_1_1_1
-9.520872, 0.5294219, 0.2931767, 359.8818, 226.7719
-9.719777, 0.5294219, 0.272271, 344.5736, 227.0233
-9.733919, 0.5294219, 0.406824, 341.6695, 225.4291
-9.535014, 0.5294219, 0.4277297, 356.721, 225.1863
-9.733919, 0.5294219, 0.406824, 341.6695, 225.4291
-9.733919, 0.2744219, 0.406824, 341.6695, 245.1283
-9.535014, 0.2744219, 0.4277297, 356.721, 244.8326
-9.535014, 0.5294219, 0.4277297, 356.721, 225.1863
-9.535014, 0.5294219, 0.4277297, 356.721, 225.1863
-9.535014, 0.2744219, 0.4277297, 356.721, 244.8326
-9.520872, 0.2744219, 0.2931767, 359.8818, 246.7636
-9.520872, 0.5294219, 0.2931767, 359.8818, 226.7719
-9.719777, 0.2744219, 0.272271, 344.5736, 247.0698
-9.520872, 0.2744219, 0.2931767, 359.8818, 246.7636
-9.535014, 0.2744219, 0.4277297, 356.721, 244.8326
-9.733919, 0.2744219, 0.406824, 341.6695, 245.1283
-9.719777, 0.5294219, 0.272271, 344.5736, 227.0233
-9.719777, 0.2744219, 0.272271, 344.5736, 247.0698
-9.733919, 0.2744219, 0.406824, 341.6695, 245.1283
-9.733919, 0.5294219, 0.406824, 341.6695, 225.4291
-9.520872, 0.5294219, 0.2931767, 359.8818, 226.7719
-9.520872, 0.2744219, 0.2931767, 359.8818, 246.7636
-9.719777, 0.2744219, 0.272271, 344.5736, 247.0698
-9.719777, 0.5294219, 0.272271, 344.5736, 227.0233
box_2_Parle-G(Clone) stack 129 Shelf_0 Rack_1_1_1
-9.525096, 0.784422, 0.2858844, 359.6647, 206.8487
-9.724974, 0.784422, 0.2789046, 344.0746, 206.9144
-9.729695, 0.784422, 0.4141163, 341.9001, 205.6636
-9.529818, 0.784422, 0.4210961, 357.2212, 205.6002
-9.729695, 0.784422, 0.4141163, 341.9001, 205.6636
-9.729695, 0.5294219, 0.4141163, 341.9001, 225.3443
-9.529818, 0.5294219, 0.4210962, 357.2212, 225.2632
-9.529818, 0.784422, 0.4210961, 357.2212, 205.6002
-9.529818, 0.784422, 0.4210961, 357.2212, 205.6002
-9.529818, 0.5294219, 0.4210962, 357.2212, 225.2632
-9.525096, 0.5294219, 0.2858845, 359.6647, 226.8595
-9.525096, 0.784422, 0.2858844, 359.6647, 206.8487
-9.724974, 0.5294219, 0.2789046, 344.0746, 226.9434
-9.525096, 0.5294219, 0.2858845, 359.6647, 226.8595
-9.529818, 0.5294219, 0.4210962, 357.2212, 225.2632
-9.729695, 0.5294219, 0.4141163, 341.9001, 225.3443
-9.724974, 0.784422, 0.2789046, 344.0746, 206.9144
-9.724974, 0.5294219, 0.2789046, 344.0746, 226.9434
-9.729695, 0.5294219, 0.4141163, 341.9001, 225.3443
-9.729695, 0.784422, 0.4141163, 341.9001, 205.6636
-9.525096, 0.784422, 0.2858844, 359.6647, 206.8487
-9.525096, 0.5294219, 0.2858845, 359.6647, 226.8595
-9.724974, 0.5294219, 0.2789046, 344.0746, 226.9434
-9.724974, 0.784422, 0.2789046, 344.0746, 206.9144
box_5_LMRR(Clone) stack 130 Shelf_0 Rack_1_1_1
-9.144822, 0.162368, 0.2028563, 391.1475, 256.9882
-9.344547, 0.162368, 0.2133235, 375.1153, 256.8196
-9.329673, 0.162368, 0.4971444, 371.3704, 252.4192
-9.129948, 0.162368, 0.4866772, 386.8177, 252.5758
-9.329673, 0.162368, 0.4971444, 371.3704, 252.4192
-9.329673, 0.019868, 0.4971444, 371.3704, 263.301
-9.129948, 0.019868, 0.4866772, 386.8177, 263.4721
-9.129948, 0.162368, 0.4866772, 386.8177, 252.5758
-9.129948, 0.162368, 0.4866772, 386.8177, 252.5758
-9.129948, 0.019868, 0.4866772, 386.8177, 263.4721
-9.144822, 0.019868, 0.2028564, 391.1475, 268.2935
-9.144822, 0.162368, 0.2028563, 391.1475, 256.9882
-9.344547, 0.019868, 0.2133235, 375.1153, 268.1092
-9.144822, 0.019868, 0.2028564, 391.1475, 268.2935
-9.129948, 0.019868, 0.4866772, 386.8177, 263.4721
-9.329673, 0.019868, 0.4971444, 371.3704, 263.301
-9.344547, 0.162368, 0.2133235, 375.1153, 256.8196
-9.344547, 0.019868, 0.2133235, 375.1153, 268.1092
-9.329673, 0.019868, 0.4971444, 371.3704, 263.301
-9.329673, 0.162368, 0.4971444, 371.3704, 252.4192
-9.144822, 0.162368, 0.2028563, 391.1475, 256.9882
-9.144822, 0.019868, 0.2028564, 391.1475, 268.2935
-9.344547, 0.019868, 0.2133235, 375.1153, 268.1092
-9.344547, 0.162368, 0.2133235, 375.1153, 256.8196
box_5_LMRR(Clone) stack 130 Shelf_0 Rack_1_1_1
-9.139743, 0.304868, 0.2061716, 391.484, 245.6344
-9.339712, 0.304868, 0.209662, 375.5638, 245.5834
-9.334752, 0.304868, 0.4938292, 371.0378, 241.5823
-9.134783, 0.304868, 0.4903387, 386.3798, 241.6297
-9.334752, 0.304868, 0.4938292, 371.0378, 241.5823
-9.334752, 0.162368, 0.4938292, 371.0378, 252.4687
-9.134783, 0.162368, 0.4903387, 386.3798, 252.521
-9.134783, 0.304868, 0.4903387, 386.3798, 241.6297
-9.134783, 0.304868, 0.4903387, 386.3798, 241.6297
-9.134783, 0.162368, 0.4903387, 386.3798, 252.521
-9.139743, 0.162368, 0.2061716, 391.484, 256.9348
-9.139743, 0.304868, 0.2061716, 391.484, 245.6344
-9.339712, 0.162368, 0.2096621, 375.5638, 256.8785
-9.139743, 0.162368, 0.2061716, 391.484, 256.9348
-9.134783, 0.162368, 0.4903387, 386.3798, 252.521
-9.334752, 0.162368, 0.4938292, 371.0378, 252.4687
-9.339712, 0.304868, 0.209662, 375.5638, 245.5834
-9.339712, 0.162368, 0.2096621, 375.5638, 256.8785
-9.334752, 0.162368, 0.4938292, 371.0378, 252.4687
-9.334752, 0.304868, 0.4938292, 371.0378, 241.5823
-9.139743, 0.304868, 0.2061716, 391.484, 245.6344
-9.139743, 0.162368, 0.2061716, 391.484, 256.9348
-9.339712, 0.162368, 0.2096621, 375.5638, 256.8785
-9.339712, 0.304868, 0.209662, 375.5638, 245.5834
box_5_LMRR(Clone) stack 130 Shelf_0 Rack_1_1_1
-9.127579, 0.447368, 0.215217, 392.2666, 234.2155
-9.327091, 0.447368, 0.2012657, 376.7159, 234.3986
-9.346916, 0.447368, 0.4847837, 370.2585, 230.8062
-9.147404, 0.447368, 0.498735, 385.2597, 230.6362
-9.346916, 0.447368, 0.4847837, 370.2585, 230.8062
-9.346916, 0.304868, 0.4847838, 370.2585, 241.7052
-9.147404, 0.304868, 0.498735, 385.2597, 241.5158
-9.147404, 0.447368, 0.498735, 385.2597, 230.6362
-9.147404, 0.447368, 0.498735, 385.2597, 230.6362
-9.147404, 0.304868, 0.498735, 385.2597, 241.5158
-9.127579, 0.3048679, 0.215217, 392.2666, 245.5023
-9.127579, 0.447368, 0.215217, 392.2666, 234.2155
-9.327091, 0.3048679, 0.2012657, 376.7159, 245.7063
-9.127579, 0.3048679, 0.215217, 392.2666, 245.5023
-9.147404, 0.304868, 0.498735, 385.2597, 241.5158
-9.346916, 0.304868, 0.4847838, 370.2585, 241.7052
-9.327091, 0.447368, 0.2012657, 376.7159, 234.3986
-9.327091, 0.3048679, 0.2012657, 376.7159, 245.7063
-9.346916, 0.304868, 0.4847838, 370.2585, 241.7052
-9.346916, 0.447368, 0.4847837, 370.2585, 230.8062
-9.127579, 0.447368, 0.215217, 392.2666, 234.2155
-9.127579, 0.3048679, 0.215217, 392.2666, 245.5023
-9.327091, 0.3048679, 0.2012657, 376.7159, 245.7063
-9.327091, 0.447368, 0.2012657, 376.7159, 234.3986
box_5_LMRR(Clone) stack 130 Shelf_0 Rack_1_1_1
-9.142268, 0.5898679, 0.2044918, 391.3174, 223.0534
-9.342146, 0.5898679, 0.2114717, 375.3386, 222.9722
-9.332227, 0.589868, 0.495509, 371.2027, 219.7914
-9.132349, 0.589868, 0.488529, 386.5995, 219.8668
-9.332227, 0.589868, 0.495509, 371.2027, 219.7914
-9.332227, 0.447368, 0.495509, 371.2027, 230.6754
-9.132349, 0.447368, 0.4885291, 386.5995, 230.7605
-9.132349, 0.589868, 0.488529, 386.5995, 219.8668
-9.132349, 0.589868, 0.488529, 386.5995, 219.8668
-9.132349, 0.447368, 0.4885291, 386.5995, 230.7605
-9.142268, 0.4473679, 0.2044918, 391.3174, 234.3562
-9.142268, 0.5898679, 0.2044918, 391.3174, 223.0534
-9.342146, 0.4473679, 0.2114717, 375.3386, 234.2646
-9.142268, 0.4473679, 0.2044918, 391.3174, 234.3562
-9.132349, 0.447368, 0.4885291, 386.5995, 230.7605
-9.332227, 0.447368, 0.495509, 371.2027, 230.6754
-9.342146, 0.5898679, 0.2114717, 375.3386, 222.9722
-9.342146, 0.4473679, 0.2114717, 375.3386, 234.2646
-9.332227, 0.447368, 0.495509, 371.2027, 230.6754
-9.332227, 0.589868, 0.495509, 371.2027, 219.7914
-9.142268, 0.5898679, 0.2044918, 391.3174, 223.0534
-9.142268, 0.4473679, 0.2044918, 391.3174, 234.3562
-9.342146, 0.4473679, 0.2114717, 375.3386, 234.2646
-9.342146, 0.5898679, 0.2114717, 375.3386, 222.9722
box_5_LMRR(Clone) stack 130 Shelf_0 Rack_1_1_1
-9.142268, 0.7323679, 0.2044918, 391.3174, 211.7506
-9.342146, 0.7323679, 0.2114717, 375.3386, 211.6798
-9.332227, 0.732368, 0.495509, 371.2027, 208.9073
-9.132349, 0.732368, 0.488529, 386.5995, 208.973
-9.332227, 0.732368, 0.495509, 371.2027, 208.9073
-9.332227, 0.5898679, 0.495509, 371.2027, 219.7914
-9.132349, 0.5898679, 0.4885291, 386.5995, 219.8668
-9.132349, 0.732368, 0.488529, 386.5995, 208.973
-9.132349, 0.732368, 0.488529, 386.5995, 208.973
-9.132349, 0.5898679, 0.4885291, 386.5995, 219.8668
-9.142268, 0.5898679, 0.2044918, 391.3174, 223.0534
-9.142268, 0.7323679, 0.2044918, 391.3174, 211.7506
-9.342146, 0.5898679, 0.2114717, 375.3386, 222.9722
-9.142268, 0.5898679, 0.2044918, 391.3174, 223.0534
-9.132349, 0.5898679, 0.4885291, 386.5995, 219.8668
-9.332227, 0.5898679, 0.495509, 371.2027, 219.7914
-9.342146, 0.7323679, 0.2114717, 375.3386, 211.6798
-9.342146, 0.5898679, 0.2114717, 375.3386, 222.9722
-9.332227, 0.5898679, 0.495509, 371.2027, 219.7914
-9.332227, 0.732368, 0.495509, 371.2027, 208.9073
-9.142268, 0.7323679, 0.2044918, 391.3174, 211.7506
-9.142268, 0.5898679, 0.2044918, 391.3174, 223.0534
-9.342146, 0.5898679, 0.2114717, 375.3386, 222.9722
-9.342146, 0.7323679, 0.2114717, 375.3386, 211.6798
box_5_LMRR(Clone) stack 131 Shelf_0 Rack_1_1_1
-8.74907, 0.162368, 0.2044918, 422.5051, 256.9618
-8.948948, 0.162368, 0.2114717, 406.4975, 256.8494
-8.939029, 0.1623681, 0.495509, 401.235, 252.4436
-8.739151, 0.1623681, 0.488529, 416.6585, 252.548
-8.939029, 0.1623681, 0.495509, 401.235, 252.4436
-8.939029, 0.01986802, 0.495509, 401.235, 263.3277
-8.739151, 0.01986802, 0.4885291, 416.6585, 263.4418
-8.739151, 0.1623681, 0.488529, 416.6585, 252.548
-8.739151, 0.1623681, 0.488529, 416.6585, 252.548
-8.739151, 0.01986802, 0.4885291, 416.6585, 263.4418
-8.74907, 0.01986799, 0.2044918, 422.5051, 268.2646
-8.74907, 0.162368, 0.2044918, 422.5051, 256.9618
-8.948948, 0.01986799, 0.2114717, 406.4975, 268.1418
-8.74907, 0.01986799, 0.2044918, 422.5051, 268.2646
-8.739151, 0.01986802, 0.4885291, 416.6585, 263.4418
-8.939029, 0.01986802, 0.495509, 401.235, 263.3277
-8.948948, 0.162368, 0.2114717, 406.4975, 256.8494
-8.948948, 0.01986799, 0.2114717, 406.4975, 268.1418
-8.939029, 0.01986802, 0.495509, 401.235, 263.3277
-8.939029, 0.1623681, 0.495509, 401.235, 252.4436
-8.74907, 0.162368, 0.2044918, 422.5051, 256.9618
-8.74907, 0.01986799, 0.2044918, 422.5051, 268.2646
-8.948948, 0.01986799, 0.2114717, 406.4975, 268.1418
-8.948948, 0.162368, 0.2114717, 406.4975, 256.8494
box_5_LMRR(Clone) stack 131 Shelf_0 Rack_1_1_1
-8.74907, 0.304868, 0.2044918, 422.5051, 245.659
-8.948948, 0.304868, 0.2114717, 406.4975, 245.557
-8.939029, 0.304868, 0.495509, 401.235, 241.5595
-8.739151, 0.304868, 0.488529, 416.6585, 241.6543
-8.939029, 0.304868, 0.495509, 401.235, 241.5595
-8.939029, 0.162368, 0.495509, 401.235, 252.4436
-8.739151, 0.162368, 0.4885291, 416.6585, 252.548
-8.739151, 0.304868, 0.488529, 416.6585, 241.6543
-8.739151, 0.304868, 0.488529, 416.6585, 241.6543
-8.739151, 0.162368, 0.4885291, 416.6585, 252.548
-8.74907, 0.162368, 0.2044918, 422.5051, 256.9619
-8.74907, 0.304868, 0.2044918, 422.5051, 245.659
-8.948948, 0.162368, 0.2114717, 406.4975, 256.8494
-8.74907, 0.162368, 0.2044918, 422.5051, 256.9619
-8.739151, 0.162368, 0.4885291, 416.6585, 252.548
-8.939029, 0.162368, 0.495509, 401.235, 252.4436
-8.948948, 0.304868, 0.2114717, 406.4975, 245.557
-8.948948, 0.162368, 0.2114717, 406.4975, 256.8494
-8.939029, 0.162368, 0.495509, 401.235, 252.4436
-8.939029, 0.304868, 0.495509, 401.235, 241.5595
-8.74907, 0.304868, 0.2044918, 422.5051, 245.659
-8.74907, 0.162368, 0.2044918, 422.5051, 256.9619
-8.948948, 0.162368, 0.2114717, 406.4975, 256.8494
-8.948948, 0.304868, 0.2114717, 406.4975, 245.557
box_1_Parle-G-GOLD(Clone) stack 132 Shelf_1 Rack_1_1_1
-8.733068, 1.376249, 0.2373341, 422.9798, 160.5682
-8.932307, 1.376249, 0.2547652, 406.8621, 160.5097
-8.914118, 1.376249, 0.4626667, 403.8226, 159.8317
-8.714879, 1.376249, 0.4452356, 419.5042, 159.8872
-8.914118, 1.376249, 0.4626667, 403.8226, 159.8317
-8.914118, 1.203749, 0.4626667, 403.8226, 173.0625
-8.714879, 1.203749, 0.4452356, 419.5042, 173.1475
-8.714879, 1.376249, 0.4452356, 419.5042, 159.8872
-8.714879, 1.376249, 0.4452356, 419.5042, 159.8872
-8.714879, 1.203749, 0.4452356, 419.5042, 173.1475
-8.733068, 1.203749, 0.237334, 422.9798, 174.1914
-8.733068, 1.376249, 0.2373341, 422.9798, 160.5682
-8.932307, 1.203749, 0.2547652, 406.8621, 174.1017
-8.733068, 1.203749, 0.237334, 422.9798, 174.1914
-8.714879, 1.203749, 0.4452356, 419.5042, 173.1475
-8.914118, 1.203749, 0.4626667, 403.8226, 173.0625
-8.932307, 1.376249, 0.2547652, 406.8621, 160.5097
-8.932307, 1.203749, 0.2547652, 406.8621, 174.1017
-8.914118, 1.203749, 0.4626667, 403.8226, 173.0625
-8.914118, 1.376249, 0.4626667, 403.8226, 159.8317
-8.733068, 1.376249, 0.2373341, 422.9798, 160.5682
-8.733068, 1.203749, 0.237334, 422.9798, 174.1914
-8.932307, 1.203749, 0.2547652, 406.8621, 174.1017
-8.932307, 1.376249, 0.2547652, 406.8621, 160.5097
box_1_Parle-G-GOLD(Clone) stack 132 Shelf_1 Rack_1_1_1
-8.713234, 1.548749, 0.256677, 424.0776, 146.9147
-8.912138, 1.548749, 0.2357713, 408.8725, 146.9475
-8.933952, 1.548749, 0.4433237, 402.7036, 146.6297
-8.735048, 1.548749, 0.4642295, 417.5218, 146.5986
-8.933952, 1.548749, 0.4433237, 402.7036, 146.6297
-8.933952, 1.376249, 0.4433237, 402.7036, 159.8933
-8.735048, 1.376249, 0.4642295, 417.5218, 159.8268
-8.735048, 1.548749, 0.4642295, 417.5218, 146.5986
-8.735048, 1.548749, 0.4642295, 417.5218, 146.5986
-8.735048, 1.376249, 0.4642295, 417.5218, 159.8268
-8.713234, 1.376249, 0.256677, 424.0776, 160.5033
-8.713234, 1.548749, 0.256677, 424.0776, 146.9147
-8.912138, 1.376249, 0.2357713, 408.8725, 160.5735
-8.713234, 1.376249, 0.256677, 424.0776, 160.5033
-8.735048, 1.376249, 0.4642295, 417.5218, 159.8268
-8.933952, 1.376249, 0.4433237, 402.7036, 159.8933
-8.912138, 1.548749, 0.2357713, 408.8725, 146.9475
-8.912138, 1.376249, 0.2357713, 408.8725, 160.5735
-8.933952, 1.376249, 0.4433237, 402.7036, 159.8933
-8.933952, 1.548749, 0.4433237, 402.7036, 146.6297
-8.713234, 1.548749, 0.256677, 424.0776, 146.9147
-8.713234, 1.376249, 0.256677, 424.0776, 160.5033
-8.912138, 1.376249, 0.2357713, 408.8725, 160.5735
-8.912138, 1.548749, 0.2357713, 408.8725, 146.9475
box_1_Parle-G-GOLD(Clone) stack 132 Shelf_1 Rack_1_1_1
-8.733068, 1.721249, 0.2373341, 422.9798, 133.3218
-8.932307, 1.721249, 0.2547652, 406.8621, 133.3257
-8.914118, 1.721249, 0.4626667, 403.8226, 133.3702
-8.714879, 1.721249, 0.4452356, 419.5042, 133.3665
-8.914118, 1.721249, 0.4626667, 403.8226, 133.3702
-8.914118, 1.548749, 0.4626667, 403.8226, 146.601
-8.714879, 1.548749, 0.4452356, 419.5042, 146.6269
-8.714879, 1.721249, 0.4452356, 419.5042, 133.3665
-8.714879, 1.721249, 0.4452356, 419.5042, 133.3665
-8.714879, 1.548749, 0.4452356, 419.5042, 146.6269
-8.733068, 1.548749, 0.237334, 422.9798, 146.945
-8.733068, 1.721249, 0.2373341, 422.9798, 133.3218
-8.932307, 1.548749, 0.2547652, 406.8621, 146.9177
-8.733068, 1.548749, 0.237334, 422.9798, 146.945
-8.714879, 1.548749, 0.4452356, 419.5042, 146.6269
-8.914118, 1.548749, 0.4626667, 403.8226, 146.601
-8.932307, 1.721249, 0.2547652, 406.8621, 133.3257
-8.932307, 1.548749, 0.2547652, 406.8621, 146.9177
-8.914118, 1.548749, 0.4626667, 403.8226, 146.601
-8.914118, 1.721249, 0.4626667, 403.8226, 133.3702
-8.733068, 1.721249, 0.2373341, 422.9798, 133.3218
-8.733068, 1.548749, 0.237334, 422.9798, 146.945
-8.932307, 1.548749, 0.2547652, 406.8621, 146.9177
-8.932307, 1.721249, 0.2547652, 406.8621, 133.3257
box_1_Parle-G-GOLD(Clone) stack 132 Shelf_1 Rack_1_1_1
-8.716558, 1.893749, 0.2528824, 423.9074, 119.7299
-8.916071, 1.893749, 0.2389311, 408.4918, 119.7018
-8.930629, 1.893749, 0.4471184, 402.8799, 120.1098
-8.731115, 1.893749, 0.4610697, 417.8951, 120.1364
-8.930629, 1.893749, 0.4471184, 402.8799, 120.1098
-8.930629, 1.721249, 0.4471184, 402.8799, 133.3669
-8.731115, 1.721249, 0.4610697, 417.8951, 133.3698
-8.731115, 1.893749, 0.4610697, 417.8951, 120.1364
-8.731115, 1.893749, 0.4610697, 417.8951, 120.1364
-8.731115, 1.721249, 0.4610697, 417.8951, 133.3698
-8.716558, 1.721249, 0.2528824, 423.9074, 133.3253
-8.716558, 1.893749, 0.2528824, 423.9074, 119.7299
-8.916071, 1.721249, 0.2389311, 408.4918, 133.3222
-8.716558, 1.721249, 0.2528824, 423.9074, 133.3253
-8.731115, 1.721249, 0.4610697, 417.8951, 133.3698
-8.930629, 1.721249, 0.4471184, 402.8799, 133.3669
-8.916071, 1.893749, 0.2389311, 408.4918, 119.7018
-8.916071, 1.721249, 0.2389311, 408.4918, 133.3222
-8.930629, 1.721249, 0.4471184, 402.8799, 133.3669
-8.930629, 1.893749, 0.4471184, 402.8799, 120.1098
-8.716558, 1.893749, 0.2528824, 423.9074, 119.7299
-8.716558, 1.721249, 0.2528824, 423.9074, 133.3253
-8.916071, 1.721249, 0.2389311, 408.4918, 133.3222
-8.916071, 1.893749, 0.2389311, 408.4918, 119.7018
box_1_Parle-G-GOLD(Clone) stack 132 Shelf_1 Rack_1_1_1
-8.720013, 2.066249, 0.249206, 423.7238, 106.1206
-8.91989, 2.066249, 0.2422261, 408.1173, 106.0941
-8.927174, 2.06625, 0.4507947, 403.0687, 106.8659
-8.727296, 2.06625, 0.4577746, 418.2633, 106.891
-8.927174, 2.06625, 0.4507947, 403.0687, 106.8659
-8.927174, 1.893749, 0.4507947, 403.0687, 120.1168
-8.727296, 1.893749, 0.4577746, 418.2633, 120.1301
-8.727296, 2.06625, 0.4577746, 418.2633, 106.891
-8.727296, 2.06625, 0.4577746, 418.2633, 106.891
-8.727296, 1.893749, 0.4577746, 418.2633, 120.1301
-8.720013, 1.893749, 0.249206, 423.7238, 119.7225
-8.720013, 2.066249, 0.249206, 423.7238, 106.1206
-8.91989, 1.893749, 0.2422261, 408.1173, 119.7085
-8.720013, 1.893749, 0.249206, 423.7238, 119.7225
-8.727296, 1.893749, 0.4577746, 418.2633, 120.1301
-8.927174, 1.893749, 0.4507947, 403.0687, 120.1168
-8.91989, 2.066249, 0.2422261, 408.1173, 106.0941
-8.91989, 1.893749, 0.2422261, 408.1173, 119.7085
-8.927174, 1.893749, 0.4507947, 403.0687, 120.1168
-8.927174, 2.06625, 0.4507947, 403.0687, 106.8659
-8.720013, 2.066249, 0.249206, 423.7238, 106.1206
-8.720013, 1.893749, 0.249206, 423.7238, 119.7225
-8.91989, 1.893749, 0.2422261, 408.1173, 119.7085
-8.91989, 2.066249, 0.2422261, 408.1173, 106.0941
box4_Fairever(Clone) stack 133 Shelf_1 Rack_1_1_1
-9.083028, 1.369311, 0.2429189, 395.2277, 161.097
-9.281933, 1.369311, 0.2220132, 379.9154, 161.1689
-9.30664, 1.369311, 0.4570819, 373.8116, 160.382
-9.107735, 1.369311, 0.4779876, 388.6809, 160.3143
-9.30664, 1.369311, 0.4570819, 373.8116, 160.382
-9.30664, 1.204311, 0.4570819, 373.8116, 173.0466
-9.107735, 1.204311, 0.4779876, 388.6809, 172.9451
-9.107735, 1.369311, 0.4779876, 388.6809, 160.3143
-9.107735, 1.369311, 0.4779876, 388.6809, 160.3143
-9.107735, 1.204311, 0.4779876, 388.6809, 172.9451
-9.083028, 1.204311, 0.2429189, 395.2277, 174.1183
-9.083028, 1.369311, 0.2429189, 395.2277, 161.097
-9.281933, 1.204311, 0.2220132, 379.9154, 174.2262
-9.083028, 1.204311, 0.2429189, 395.2277, 174.1183
-9.107735, 1.204311, 0.4779876, 388.6809, 172.9451
-9.30664, 1.204311, 0.4570819, 373.8116, 173.0466
-9.281933, 1.369311, 0.2220132, 379.9154, 161.1689
-9.281933, 1.204311, 0.2220132, 379.9154, 174.2262
-9.30664, 1.204311, 0.4570819, 373.8116, 173.0466
-9.30664, 1.369311, 0.4570819, 373.8116, 160.382
-9.083028, 1.369311, 0.2429189, 395.2277, 161.097
-9.083028, 1.204311, 0.2429189, 395.2277, 174.1183
-9.281933, 1.204311, 0.2220132, 379.9154, 174.2262
-9.281933, 1.369311, 0.2220132, 379.9154, 161.1689
box4_Fairever(Clone) stack 133 Shelf_1 Rack_1_1_1
-9.105515, 1.534311, 0.2235528, 393.8449, 148.1091
-9.304753, 1.534311, 0.2409839, 377.7648, 148.079
-9.284153, 1.534311, 0.476448, 375.2026, 147.686
-9.084914, 1.534311, 0.4590169, 390.7928, 147.7143
-9.284153, 1.534311, 0.476448, 375.2026, 147.686
-9.284153, 1.369311, 0.476448, 375.2026, 160.3193
-9.084914, 1.369311, 0.4590169, 390.7928, 160.3757
-9.084914, 1.534311, 0.4590169, 390.7928, 147.7143
-9.084914, 1.534311, 0.4590169, 390.7928, 147.7143
-9.084914, 1.369311, 0.4590169, 390.7928, 160.3757
-9.105515, 1.369311, 0.2235527, 393.8449, 161.1636
-9.105515, 1.534311, 0.2235528, 393.8449, 148.1091
-9.304753, 1.369311, 0.2409839, 377.7648, 161.1036
-9.105515, 1.369311, 0.2235527, 393.8449, 161.1636
-9.084914, 1.369311, 0.4590169, 390.7928, 160.3757
-9.284153, 1.369311, 0.476448, 375.2026, 160.3193
-9.304753, 1.534311, 0.2409839, 377.7648, 148.079
-9.304753, 1.369311, 0.2409839, 377.7648, 161.1036
-9.284153, 1.369311, 0.476448, 375.2026, 160.3193
-9.284153, 1.534311, 0.476448, 375.2026, 147.686
-9.105515, 1.534311, 0.2235528, 393.8449, 148.1091
-9.105515, 1.369311, 0.2235527, 393.8449, 161.1636
-9.304753, 1.369311, 0.2409839, 377.7648, 161.1036
-9.304753, 1.534311, 0.2409839, 377.7648, 148.079
box4_Fairever(Clone) stack 133 Shelf_1 Rack_1_1_1
-9.083028, 1.699311, 0.2429189, 395.2277, 135.0544
-9.281933, 1.699311, 0.2220132, 379.9154, 135.0545
-9.30664, 1.699311, 0.4570819, 373.8116, 135.0529
-9.107735, 1.699311, 0.4779876, 388.6809, 135.0527
-9.30664, 1.699311, 0.4570819, 373.8116, 135.0529
-9.30664, 1.534311, 0.4570819, 373.8116, 147.7174
-9.107735, 1.534311, 0.4779876, 388.6809, 147.6835
-9.107735, 1.699311, 0.4779876, 388.6809, 135.0527
-9.107735, 1.699311, 0.4779876, 388.6809, 135.0527
-9.107735, 1.534311, 0.4779876, 388.6809, 147.6835
-9.083028, 1.534311, 0.2429189, 395.2277, 148.0757
-9.083028, 1.699311, 0.2429189, 395.2277, 135.0544
-9.281933, 1.534311, 0.2220132, 379.9154, 148.1117
-9.083028, 1.534311, 0.2429189, 395.2277, 148.0757
-9.107735, 1.534311, 0.4779876, 388.6809, 147.6835
-9.30664, 1.534311, 0.4570819, 373.8116, 147.7174
-9.281933, 1.699311, 0.2220132, 379.9154, 135.0545
-9.281933, 1.534311, 0.2220132, 379.9154, 148.1117
-9.30664, 1.534311, 0.4570819, 373.8116, 147.7174
-9.30664, 1.699311, 0.4570819, 373.8116, 135.0529
-9.083028, 1.699311, 0.2429189, 395.2277, 135.0544
-9.083028, 1.534311, 0.2429189, 395.2277, 148.0757
-9.281933, 1.534311, 0.2220132, 379.9154, 148.1117
-9.281933, 1.699311, 0.2220132, 379.9154, 135.0545
box4_Fairever(Clone) stack 133 Shelf_1 Rack_1_1_1
-9.083028, 1.864311, 0.2429189, 395.2277, 122.0331
-9.281933, 1.864311, 0.2220132, 379.9154, 121.9973
-9.30664, 1.864311, 0.4570819, 373.8116, 122.3883
-9.107735, 1.864311, 0.4779876, 388.6809, 122.422
-9.30664, 1.864311, 0.4570819, 373.8116, 122.3883
-9.30664, 1.699311, 0.4570819, 373.8116, 135.0529
-9.107735, 1.699311, 0.4779876, 388.6809, 135.0527
-9.107735, 1.864311, 0.4779876, 388.6809, 122.422
-9.107735, 1.864311, 0.4779876, 388.6809, 122.422
-9.107735, 1.699311, 0.4779876, 388.6809, 135.0527
-9.083028, 1.699311, 0.2429189, 395.2277, 135.0544
-9.083028, 1.864311, 0.2429189, 395.2277, 122.0331
-9.281933, 1.699311, 0.2220132, 379.9154, 135.0545
-9.083028, 1.699311, 0.2429189, 395.2277, 135.0544
-9.107735, 1.699311, 0.4779876, 388.6809, 135.0527
-9.30664, 1.699311, 0.4570819, 373.8116, 135.0529
-9.281933, 1.864311, 0.2220132, 379.9154, 121.9973
-9.281933, 1.699311, 0.2220132, 379.9154, 135.0545
-9.30664, 1.699311, 0.4570819, 373.8116, 135.0529
-9.30664, 1.864311, 0.4570819, 373.8116, 122.3883
-9.083028, 1.864311, 0.2429189, 395.2277, 122.0331
-9.083028, 1.699311, 0.2429189, 395.2277, 135.0544
-9.281933, 1.699311, 0.2220132, 379.9154, 135.0545
-9.281933, 1.864311, 0.2220132, 379.9154, 121.9973
box4_Fairever(Clone) stack 133 Shelf_1 Rack_1_1_1
-9.083028, 2.029311, 0.2429189, 395.2277, 109.0117
-9.281933, 2.029311, 0.2220132, 379.9154, 108.9401
-9.30664, 2.029311, 0.4570819, 373.8116, 109.7237
-9.107735, 2.029311, 0.4779876, 388.6809, 109.7912
-9.30664, 2.029311, 0.4570819, 373.8116, 109.7237
-9.30664, 1.864311, 0.4570819, 373.8116, 122.3883
-9.107735, 1.864311, 0.4779876, 388.6809, 122.4219
-9.107735, 2.029311, 0.4779876, 388.6809, 109.7912
-9.107735, 2.029311, 0.4779876, 388.6809, 109.7912
-9.107735, 1.864311, 0.4779876, 388.6809, 122.4219
-9.083028, 1.864311, 0.2429189, 395.2277, 122.033
-9.083028, 2.029311, 0.2429189, 395.2277, 109.0117
-9.281933, 1.864311, 0.2220132, 379.9154, 121.9973
-9.083028, 1.864311, 0.2429189, 395.2277, 122.033
-9.107735, 1.864311, 0.4779876, 388.6809, 122.4219
-9.30664, 1.864311, 0.4570819, 373.8116, 122.3883
-9.281933, 2.029311, 0.2220132, 379.9154, 108.9401
-9.281933, 1.864311, 0.2220132, 379.9154, 121.9973
-9.30664, 1.864311, 0.4570819, 373.8116, 122.3883
-9.30664, 2.029311, 0.4570819, 373.8116, 109.7237
-9.083028, 2.029311, 0.2429189, 395.2277, 109.0117
-9.083028, 1.864311, 0.2429189, 395.2277, 122.033
-9.281933, 1.864311, 0.2220132, 379.9154, 121.9973
-9.281933, 2.029311, 0.2220132, 379.9154, 108.9401
box_1_Parle-G-GOLD(Clone) stack 134 Shelf_1 Rack_1_1_1
-9.487058, 1.376249, 0.2474137, 363.27, 160.5344
-9.687027, 1.376249, 0.2439232, 347.5476, 160.5461
-9.690669, 1.376249, 0.4525871, 344.3954, 159.8638
-9.4907, 1.376249, 0.4560776, 359.6995, 159.8527
-9.690669, 1.376249, 0.4525871, 344.3954, 159.8638
-9.690669, 1.203749, 0.4525871, 344.3954, 173.1116
-9.4907, 1.203749, 0.4560776, 359.6995, 173.0946
-9.4907, 1.376249, 0.4560776, 359.6995, 159.8527
-9.4907, 1.376249, 0.4560776, 359.6995, 159.8527
-9.4907, 1.203749, 0.4560776, 359.6995, 173.0946
-9.487058, 1.203749, 0.2474137, 363.27, 174.1395
-9.487058, 1.376249, 0.2474137, 363.27, 160.5344
-9.687027, 1.203749, 0.2439232, 347.5476, 174.1575
-9.487058, 1.203749, 0.2474137, 363.27, 174.1395
-9.4907, 1.203749, 0.4560776, 359.6995, 173.0946
-9.690669, 1.203749, 0.4525871, 344.3954, 173.1116
-9.687027, 1.376249, 0.2439232, 347.5476, 160.5461
-9.687027, 1.203749, 0.2439232, 347.5476, 174.1575
-9.690669, 1.203749, 0.4525871, 344.3954, 173.1116
-9.690669, 1.376249, 0.4525871, 344.3954, 159.8638
-9.487058, 1.376249, 0.2474137, 363.27, 160.5344
-9.487058, 1.203749, 0.2474137, 363.27, 174.1395
-9.687027, 1.203749, 0.2439232, 347.5476, 174.1575
-9.687027, 1.376249, 0.2439232, 347.5476, 160.5461
box_1_Parle-G-GOLD(Clone) stack 134 Shelf_1 Rack_1_1_1
-9.4907, 1.548749, 0.2439232, 363.0392, 146.9347
-9.690669, 1.548749, 0.2474137, 347.211, 146.9292
-9.687027, 1.548749, 0.4560776, 344.6284, 146.6107
-9.487058, 1.548749, 0.4525871, 360.0327, 146.6159
-9.687027, 1.548749, 0.4560776, 344.6284, 146.6107
-9.687027, 1.376249, 0.4560776, 344.6284, 159.8527
-9.487058, 1.376249, 0.4525871, 360.0327, 159.8638
-9.487058, 1.548749, 0.4525871, 360.0327, 146.6159
-9.487058, 1.548749, 0.4525871, 360.0327, 146.6159
-9.487058, 1.376249, 0.4525871, 360.0327, 159.8638
-9.4907, 1.376249, 0.2439232, 363.0392, 160.5461
-9.4907, 1.548749, 0.2439232, 363.0392, 146.9347
-9.690669, 1.376249, 0.2474137, 347.211, 160.5344
-9.4907, 1.376249, 0.2439232, 363.0392, 160.5461
-9.487058, 1.376249, 0.4525871, 360.0327, 159.8638
-9.687027, 1.376249, 0.4560776, 344.6284, 159.8527
-9.690669, 1.548749, 0.2474137, 347.211, 146.9292
-9.690669, 1.376249, 0.2474137, 347.211, 160.5344
-9.687027, 1.376249, 0.4560776, 344.6284, 159.8527
-9.687027, 1.548749, 0.4560776, 344.6284, 146.6107
-9.4907, 1.548749, 0.2439232, 363.0392, 146.9347
-9.4907, 1.376249, 0.2439232, 363.0392, 160.5461
-9.690669, 1.376249, 0.2474137, 347.211, 160.5344
-9.690669, 1.548749, 0.2474137, 347.211, 146.9292
box_1_Parle-G-GOLD(Clone) stack 134 Shelf_1 Rack_1_1_1
-9.4907, 1.721249, 0.2439232, 363.0392, 133.3233
-9.690669, 1.721249, 0.2474137, 347.211, 133.3241
-9.687027, 1.721249, 0.4560776, 344.6284, 133.3688
-9.487058, 1.721249, 0.4525871, 360.0327, 133.3681
-9.687027, 1.721249, 0.4560776, 344.6284, 133.3688
-9.687027, 1.548749, 0.4560776, 344.6284, 146.6107
-9.487058, 1.548749, 0.4525871, 360.0327, 146.6159
-9.487058, 1.721249, 0.4525871, 360.0327, 133.3681
-9.487058, 1.721249, 0.4525871, 360.0327, 133.3681
-9.487058, 1.548749, 0.4525871, 360.0327, 146.6159
-9.4907, 1.548749, 0.2439232, 363.0392, 146.9347
-9.4907, 1.721249, 0.2439232, 363.0392, 133.3233
-9.690669, 1.548749, 0.2474137, 347.211, 146.9292
-9.4907, 1.548749, 0.2439232, 363.0392, 146.9347
-9.487058, 1.548749, 0.4525871, 360.0327, 146.6159
-9.687027, 1.548749, 0.4560776, 344.6284, 146.6107
-9.690669, 1.721249, 0.2474137, 347.211, 133.3241
-9.690669, 1.548749, 0.2474137, 347.211, 146.9292
-9.687027, 1.548749, 0.4560776, 344.6284, 146.6107
-9.687027, 1.721249, 0.4560776, 344.6284, 133.3688
-9.4907, 1.721249, 0.2439232, 363.0392, 133.3233
-9.4907, 1.548749, 0.2439232, 363.0392, 146.9347
-9.690669, 1.548749, 0.2474137, 347.211, 146.9292
-9.690669, 1.721249, 0.2474137, 347.211, 133.3241
box_2_Parle-G(Clone) stack 135 Shelf_1 Rack_1_1_1
-9.864228, 1.459016, 0.2841088, 333.0734, 153.9153
-10.0642, 1.459016, 0.2806183, 317.4127, 153.924
-10.06656, 1.459016, 0.4158919, 315.8838, 153.5947
-9.86659, 1.459016, 0.4193824, 331.2728, 153.5864
-10.06656, 1.459016, 0.4158919, 315.8838, 153.5947
-10.06656, 1.204015, 0.4158919, 315.8838, 173.271
-9.86659, 1.204015, 0.4193824, 331.2728, 173.2538
-9.86659, 1.459016, 0.4193824, 331.2728, 153.5864
-9.86659, 1.459016, 0.4193824, 331.2728, 153.5864
-9.86659, 1.204015, 0.4193824, 331.2728, 173.2538
-9.864228, 1.204015, 0.2841088, 333.0734, 173.9307
-9.864228, 1.459016, 0.2841088, 333.0734, 153.9153
-10.0642, 1.204015, 0.2806184, 317.4127, 173.9485
-9.864228, 1.204015, 0.2841088, 333.0734, 173.9307
-9.86659, 1.204015, 0.4193824, 331.2728, 173.2538
-10.06656, 1.204015, 0.4158919, 315.8838, 173.271
-10.0642, 1.459016, 0.2806183, 317.4127, 153.924
-10.0642, 1.204015, 0.2806184, 317.4127, 173.9485
-10.06656, 1.204015, 0.4158919, 315.8838, 173.271
-10.06656, 1.459016, 0.4158919, 315.8838, 153.5947
-9.864228, 1.459016, 0.2841088, 333.0734, 153.9153
-9.864228, 1.204015, 0.2841088, 333.0734, 173.9307
-10.0642, 1.204015, 0.2806184, 317.4127, 173.9485
-10.0642, 1.459016, 0.2806183, 317.4127, 153.924
box_2_Parle-G(Clone) stack 135 Shelf_1 Rack_1_1_1
-9.865394, 1.714015, 0.2823533, 333.0032, 133.8997
-10.06539, 1.714015, 0.2823533, 317.3012, 133.8997
-10.06539, 1.714015, 0.4176474, 315.9565, 133.9188
-9.865394, 1.714015, 0.4176474, 331.3854, 133.9188
-10.06539, 1.714015, 0.4176474, 315.9565, 133.9188
-10.06539, 1.459015, 0.4176475, 315.9565, 153.5905
-9.865394, 1.459015, 0.4176475, 331.3854, 153.5905
-9.865394, 1.714015, 0.4176474, 331.3854, 133.9188
-9.865394, 1.714015, 0.4176474, 331.3854, 133.9188
-9.865394, 1.459015, 0.4176475, 331.3854, 153.5905
-9.865394, 1.459015, 0.2823533, 333.0032, 153.9197
-9.865394, 1.714015, 0.2823533, 333.0032, 133.8997
-10.06539, 1.459015, 0.2823533, 317.3012, 153.9197
-9.865394, 1.459015, 0.2823533, 333.0032, 153.9197
-9.865394, 1.459015, 0.4176475, 331.3854, 153.5905
-10.06539, 1.459015, 0.4176475, 315.9565, 153.5905
-10.06539, 1.714015, 0.2823533, 317.3012, 133.8997
-10.06539, 1.459015, 0.2823533, 317.3012, 153.9197
-10.06539, 1.459015, 0.4176475, 315.9565, 153.5905
-10.06539, 1.714015, 0.4176474, 315.9565, 133.9188
-9.865394, 1.714015, 0.2823533, 333.0032, 133.8997
-9.865394, 1.459015, 0.2823533, 333.0032, 153.9197
-10.06539, 1.459015, 0.2823533, 317.3012, 153.9197
-10.06539, 1.714015, 0.2823533, 317.3012, 133.8997
box_2_Parle-G(Clone) stack 135 Shelf_1 Rack_1_1_1
-9.867816, 1.969016, 0.2789046, 332.8549, 113.8701
-10.06769, 1.969016, 0.2858844, 317.0851, 113.8894
-10.06297, 1.969016, 0.4210961, 316.1097, 114.2562
-9.863094, 1.969016, 0.4141163, 331.6044, 114.2376
-10.06297, 1.969016, 0.4210961, 316.1097, 114.2562
-10.06297, 1.714015, 0.4210962, 316.1097, 133.9193
-9.863094, 1.714015, 0.4141163, 331.6044, 133.9183
-9.863094, 1.969016, 0.4141163, 331.6044, 114.2376
-9.863094, 1.969016, 0.4141163, 331.6044, 114.2376
-9.863094, 1.714015, 0.4141163, 331.6044, 133.9183
-9.867816, 1.714015, 0.2789046, 332.8549, 133.8992
-9.867816, 1.969016, 0.2789046, 332.8549, 113.8701
-10.06769, 1.714015, 0.2858845, 317.0851, 133.9002
-9.867816, 1.714015, 0.2789046, 332.8549, 133.8992
-9.863094, 1.714015, 0.4141163, 331.6044, 133.9183
-10.06297, 1.714015, 0.4210962, 316.1097, 133.9193
-10.06769, 1.969016, 0.2858844, 317.0851, 113.8894
-10.06769, 1.714015, 0.2858845, 317.0851, 133.9002
-10.06297, 1.714015, 0.4210962, 316.1097, 133.9193
-10.06297, 1.969016, 0.4210961, 316.1097, 114.2562
-9.867816, 1.969016, 0.2789046, 332.8549, 113.8701
-9.867816, 1.714015, 0.2789046, 332.8549, 133.8992
-10.06769, 1.714015, 0.2858845, 317.0851, 133.9002
-10.06769, 1.969016, 0.2858844, 317.0851, 113.8894
box_3_Hareli(Clone) stack 136 Shelf_1 Rack_1_1_1
-10.2529, 1.353857, 0.2491345, 302.8535, 162.2943
-10.45214, 1.353857, 0.2317034, 287.2512, 162.3569
-10.47131, 1.353857, 0.4508663, 284.4525, 161.5893
-10.27207, 1.353857, 0.4682974, 299.6243, 161.5301
-10.47131, 1.353857, 0.4508663, 284.4525, 161.5893
-10.47131, 1.203857, 0.4508663, 284.4525, 173.1117
-10.27207, 1.203857, 0.4682974, 299.6243, 173.0269
-10.27207, 1.353857, 0.4682974, 299.6243, 161.5301
-10.27207, 1.353857, 0.4682974, 299.6243, 161.5301
-10.27207, 1.203857, 0.4682974, 299.6243, 173.0269
-10.2529, 1.203857, 0.2491345, 302.8535, 174.1221
-10.2529, 1.353857, 0.2491345, 302.8535, 162.2943
-10.45214, 1.203857, 0.2317034, 287.2512, 174.212
-10.2529, 1.203857, 0.2491345, 302.8535, 174.1221
-10.27207, 1.203857, 0.4682974, 299.6243, 173.0269
-10.47131, 1.203857, 0.4508663, 284.4525, 173.1117
-10.45214, 1.353857, 0.2317034, 287.2512, 162.3569
-10.45214, 1.203857, 0.2317034, 287.2512, 174.212
-10.47131, 1.203857, 0.4508663, 284.4525, 173.1117
-10.47131, 1.353857, 0.4508663, 284.4525, 161.5893
-10.2529, 1.353857, 0.2491345, 302.8535, 162.2943
-10.2529, 1.203857, 0.2491345, 302.8535, 174.1221
-10.45214, 1.203857, 0.2317034, 287.2512, 174.212
-10.45214, 1.353857, 0.2317034, 287.2512, 162.3569
box_3_Hareli(Clone) stack 136 Shelf_1 Rack_1_1_1
-10.26404, 1.503857, 0.2382718, 302.0636, 150.4885
-10.46401, 1.503857, 0.2417623, 286.2516, 150.4814
-10.46017, 1.503857, 0.4617289, 285.2455, 150.046
-10.2602, 1.503857, 0.4582384, 300.6121, 150.0527
-10.46017, 1.503857, 0.4617289, 285.2455, 150.046
-10.46017, 1.353857, 0.4617289, 285.2455, 161.5524
-10.2602, 1.353857, 0.4582384, 300.6121, 161.5642
-10.2602, 1.503857, 0.4582384, 300.6121, 150.0527
-10.2602, 1.503857, 0.4582384, 300.6121, 150.0527
-10.2602, 1.353857, 0.4582384, 300.6121, 161.5642
-10.26404, 1.353857, 0.2382719, 302.0636, 162.3333
-10.26404, 1.503857, 0.2382718, 302.0636, 150.4885
-10.46401, 1.353857, 0.2417624, 286.2516, 162.3207
-10.26404, 1.353857, 0.2382719, 302.0636, 162.3333
-10.2602, 1.353857, 0.4582384, 300.6121, 161.5642
-10.46017, 1.353857, 0.4617289, 285.2455, 161.5524
-10.46401, 1.503857, 0.2417623, 286.2516, 150.4814
-10.46401, 1.353857, 0.2417624, 286.2516, 162.3207
-10.46017, 1.353857, 0.4617289, 285.2455, 161.5524
-10.46017, 1.503857, 0.4617289, 285.2455, 150.046
-10.26404, 1.503857, 0.2382718, 302.0636, 150.4885
-10.26404, 1.353857, 0.2382719, 302.0636, 162.3333
-10.46401, 1.353857, 0.2417624, 286.2516, 162.3207
-10.46401, 1.503857, 0.2417623, 286.2516, 150.4814
box_3_Hareli(Clone) stack 136 Shelf_1 Rack_1_1_1
-10.27207, 1.653857, 0.2317034, 301.4825, 138.6468
-10.47131, 1.653857, 0.2491345, 285.631, 138.6385
-10.45214, 1.653857, 0.4682974, 285.8232, 138.5366
-10.2529, 1.653857, 0.4508663, 301.2302, 138.5445
-10.45214, 1.653857, 0.4682974, 285.8232, 138.5366
-10.45214, 1.503857, 0.4682974, 285.8232, 150.0334
-10.2529, 1.503857, 0.4508663, 301.2302, 150.0669
-10.2529, 1.653857, 0.4508663, 301.2302, 138.5445
-10.2529, 1.653857, 0.4508663, 301.2302, 138.5445
-10.2529, 1.503857, 0.4508663, 301.2302, 150.0669
-10.27207, 1.503857, 0.2317034, 301.4825, 150.5019
-10.27207, 1.653857, 0.2317034, 301.4825, 138.6468
-10.47131, 1.503857, 0.2491345, 285.631, 150.4664
-10.27207, 1.503857, 0.2317034, 301.4825, 150.5019
-10.2529, 1.503857, 0.4508663, 301.2302, 150.0669
-10.45214, 1.503857, 0.4682974, 285.8232, 150.0334
-10.47131, 1.653857, 0.2491345, 285.631, 138.6385
-10.47131, 1.503857, 0.2491345, 285.631, 150.4664
-10.45214, 1.503857, 0.4682974, 285.8232, 150.0334
-10.45214, 1.653857, 0.4682974, 285.8232, 138.5366
-10.27207, 1.653857, 0.2317034, 301.4825, 138.6468
-10.27207, 1.503857, 0.2317034, 301.4825, 150.5019
-10.47131, 1.503857, 0.2491345, 285.631, 150.4664
-10.47131, 1.653857, 0.2491345, 285.631, 138.6385
box_5_LMRR(Clone) stack 138 Shelf_2 Rack_1_1_1
-9.185777, 2.531555, 0.2044918, 387.8664, 69.04276
-9.385654, 2.531555, 0.2114717, 371.8908, 69.10355
-9.375735, 2.531555, 0.495509, 367.8795, 71.48622
-9.175858, 2.531555, 0.488529, 383.2734, 71.42973
-9.375735, 2.531555, 0.495509, 367.8795, 71.48622
-9.375735, 2.389055, 0.495509, 367.8795, 82.37032
-9.175858, 2.389055, 0.4885291, 383.2734, 82.32352
-9.175858, 2.531555, 0.488529, 383.2734, 71.42973
-9.175858, 2.531555, 0.488529, 383.2734, 71.42973
-9.175858, 2.389055, 0.4885291, 383.2734, 82.32352
-9.185777, 2.389055, 0.2044918, 387.8664, 80.34557
-9.185777, 2.531555, 0.2044918, 387.8664, 69.04276
-9.385654, 2.389055, 0.2114717, 371.8908, 80.39597
-9.185777, 2.389055, 0.2044918, 387.8664, 80.34557
-9.175858, 2.389055, 0.4885291, 383.2734, 82.32352
-9.375735, 2.389055, 0.495509, 367.8795, 82.37032
-9.385654, 2.531555, 0.2114717, 371.8908, 69.10355
-9.385654, 2.389055, 0.2114717, 371.8908, 80.39597
-9.375735, 2.389055, 0.495509, 367.8795, 82.37032
-9.375735, 2.531555, 0.495509, 367.8795, 71.48622
-9.185777, 2.531555, 0.2044918, 387.8664, 69.04276
-9.185777, 2.389055, 0.2044918, 387.8664, 80.34557
-9.385654, 2.389055, 0.2114717, 371.8908, 80.39597
-9.385654, 2.531555, 0.2114717, 371.8908, 69.10355
box_5_LMRR(Clone) stack 138 Shelf_2 Rack_1_1_1
-9.180756, 2.674055, 0.2078952, 388.198, 57.77469
-9.380756, 2.674055, 0.2078952, 372.3414, 57.77469
-9.380756, 2.674055, 0.4921055, 367.5513, 60.56989
-9.180756, 2.674055, 0.4921055, 382.8339, 60.56989
-9.380756, 2.674055, 0.4921055, 367.5513, 60.56989
-9.380756, 2.531555, 0.4921056, 367.5513, 71.45871
-9.180756, 2.531555, 0.4921056, 382.8339, 71.45871
-9.180756, 2.674055, 0.4921055, 382.8339, 60.56989
-9.180756, 2.674055, 0.4921055, 382.8339, 60.56989
-9.180756, 2.531555, 0.4921056, 382.8339, 71.45871
-9.180756, 2.531555, 0.2078952, 388.198, 69.07242
-9.180756, 2.674055, 0.2078952, 388.198, 57.77469
-9.380756, 2.531555, 0.2078952, 372.3414, 69.07242
-9.180756, 2.531555, 0.2078952, 388.198, 69.07242
-9.180756, 2.531555, 0.4921056, 382.8339, 71.45871
-9.380756, 2.531555, 0.4921056, 367.5513, 71.45871
-9.380756, 2.674055, 0.2078952, 372.3414, 57.77469
-9.380756, 2.531555, 0.2078952, 372.3414, 69.07242
-9.380756, 2.531555, 0.4921056, 367.5513, 71.45871
-9.380756, 2.674055, 0.4921055, 367.5513, 60.56989
-9.180756, 2.674055, 0.2078952, 388.198, 57.77469
-9.180756, 2.531555, 0.2078952, 388.198, 69.07242
-9.380756, 2.531555, 0.2078952, 372.3414, 69.07242
-9.380756, 2.674055, 0.2078952, 372.3414, 57.77469
box_8_lizol(Clone) stack 139 Shelf_2 Rack_1_1_1
-9.561111, 2.565368, 0.2319989, 357.6677, 66.60945
-9.760838, 2.565368, 0.2215317, 342.0239, 66.51503
-9.773754, 2.565368, 0.4680019, 337.8216, 68.67131
-9.574028, 2.565368, 0.4784691, 352.9791, 68.75989
-9.773754, 2.565368, 0.4680019, 337.8216, 68.67131
-9.773754, 2.389118, 0.4680019, 337.8216, 82.18053
-9.574028, 2.389118, 0.4784691, 352.9791, 82.25104
-9.574028, 2.565368, 0.4784691, 352.9791, 68.75989
-9.574028, 2.565368, 0.4784691, 352.9791, 68.75989
-9.574028, 2.389118, 0.4784691, 352.9791, 82.25104
-9.561111, 2.389118, 0.2319989, 357.6677, 80.53859
-9.561111, 2.565368, 0.2319989, 357.6677, 66.60945
-9.760838, 2.389118, 0.2215317, 342.0239, 80.46341
-9.561111, 2.389118, 0.2319989, 357.6677, 80.53859
-9.574028, 2.389118, 0.4784691, 352.9791, 82.25104
-9.773754, 2.389118, 0.4680019, 337.8216, 82.18053
-9.760838, 2.565368, 0.2215317, 342.0239, 66.51503
-9.760838, 2.389118, 0.2215317, 342.0239, 80.46341
-9.773754, 2.389118, 0.4680019, 337.8216, 82.18053
-9.773754, 2.565368, 0.4680019, 337.8216, 68.67131
-9.561111, 2.565368, 0.2319989, 357.6677, 66.60945
-9.561111, 2.389118, 0.2319989, 357.6677, 80.53859
-9.760838, 2.389118, 0.2215317, 342.0239, 80.46341
-9.760838, 2.565368, 0.2215317, 342.0239, 66.51503
box_8_lizol(Clone) stack 139 Shelf_2 Rack_1_1_1
-9.58088, 2.741618, 0.2168193, 356.338, 52.5154
-9.779784, 2.741618, 0.237725, 340.3102, 52.74236
-9.753985, 2.741618, 0.4831815, 339.1445, 55.31665
-9.555081, 2.741618, 0.4622758, 354.6663, 55.10368
-9.753985, 2.741618, 0.4831815, 339.1445, 55.31665
-9.753985, 2.565368, 0.4831815, 339.1445, 68.7997
-9.555081, 2.565368, 0.4622758, 354.6663, 68.62276
-9.555081, 2.741618, 0.4622758, 354.6663, 55.10368
-9.555081, 2.741618, 0.4622758, 354.6663, 55.10368
-9.555081, 2.565368, 0.4622758, 354.6663, 68.62276
-9.58088, 2.565368, 0.2168193, 356.338, 66.47241
-9.58088, 2.741618, 0.2168193, 356.338, 52.5154
-9.779784, 2.565368, 0.237725, 340.3102, 66.661
-9.58088, 2.565368, 0.2168193, 356.338, 66.47241
-9.555081, 2.565368, 0.4622758, 354.6663, 68.62276
-9.753985, 2.565368, 0.4831815, 339.1445, 68.7997
-9.779784, 2.741618, 0.237725, 340.3102, 52.74236
-9.779784, 2.565368, 0.237725, 340.3102, 66.661
-9.753985, 2.565368, 0.4831815, 339.1445, 68.7997
-9.753985, 2.741618, 0.4831815, 339.1445, 55.31665
-9.58088, 2.741618, 0.2168193, 356.338, 52.5154
-9.58088, 2.565368, 0.2168193, 356.338, 66.47241
-9.779784, 2.565368, 0.237725, 340.3102, 66.661
-9.779784, 2.741618, 0.237725, 340.3102, 52.74236
box_8_lizol(Clone) stack 139 Shelf_2 Rack_1_1_1
-9.559068, 2.917868, 0.2338724, 357.8002, 38.7749
-9.758581, 2.917868, 0.2199211, 342.2242, 38.59781
-9.775798, 2.917868, 0.4661284, 337.6883, 41.63057
-9.576284, 2.917868, 0.4800797, 352.7832, 41.79674
-9.775798, 2.917868, 0.4661284, 337.6883, 41.63057
-9.775798, 2.741618, 0.4661284, 337.6883, 55.14302
-9.576284, 2.741618, 0.4800797, 352.7832, 55.28513
-9.576284, 2.917868, 0.4800797, 352.7832, 41.79674
-9.576284, 2.917868, 0.4800797, 352.7832, 41.79674
-9.576284, 2.741618, 0.4800797, 352.7832, 55.28513
-9.559068, 2.741618, 0.2338724, 357.8002, 52.70061
-9.559068, 2.917868, 0.2338724, 357.8002, 38.7749
-9.758581, 2.741618, 0.2199211, 342.2242, 52.54915
-9.559068, 2.741618, 0.2338724, 357.8002, 52.70061
-9.576284, 2.741618, 0.4800797, 352.7832, 55.28513
-9.775798, 2.741618, 0.4661284, 337.6883, 55.14302
-9.758581, 2.917868, 0.2199211, 342.2242, 38.59781
-9.758581, 2.741618, 0.2199211, 342.2242, 52.54915
-9.775798, 2.741618, 0.4661284, 337.6883, 55.14302
-9.775798, 2.917868, 0.4661284, 337.6883, 41.63057
-9.559068, 2.917868, 0.2338724, 357.8002, 38.7749
-9.559068, 2.741618, 0.2338724, 357.8002, 52.70061
-9.758581, 2.741618, 0.2199211, 342.2242, 52.54915
-9.758581, 2.917868, 0.2199211, 342.2242, 38.59781
box_8_lizol(Clone) stack 139 Shelf_2 Rack_1_1_1
-9.58088, 3.094118, 0.2168193, 356.338, 24.6013
-9.779784, 3.094118, 0.237725, 340.3102, 24.90509
-9.753985, 3.094118, 0.4831815, 339.1445, 28.35056
-9.555081, 3.094118, 0.4622758, 354.6663, 28.06554
-9.753985, 3.094118, 0.4831815, 339.1445, 28.35056
-9.753985, 2.917868, 0.4831815, 339.1445, 41.83359
-9.555081, 2.917868, 0.4622758, 354.6663, 41.58461
-9.555081, 3.094118, 0.4622758, 354.6663, 28.06554
-9.555081, 3.094118, 0.4622758, 354.6663, 28.06554
-9.555081, 2.917868, 0.4622758, 354.6663, 41.58461
-9.58088, 2.917868, 0.2168193, 356.338, 38.55835
-9.58088, 3.094118, 0.2168193, 356.338, 24.6013
-9.779784, 2.917868, 0.237725, 340.3102, 38.8237
-9.58088, 2.917868, 0.2168193, 356.338, 38.55835
-9.555081, 2.917868, 0.4622758, 354.6663, 41.58461
-9.753985, 2.917868, 0.4831815, 339.1445, 41.83359
-9.779784, 3.094118, 0.237725, 340.3102, 24.90509
-9.779784, 2.917868, 0.237725, 340.3102, 38.8237
-9.753985, 2.917868, 0.4831815, 339.1445, 41.83359
-9.753985, 3.094118, 0.4831815, 339.1445, 28.35056
-9.58088, 3.094118, 0.2168193, 356.338, 24.6013
-9.58088, 2.917868, 0.2168193, 356.338, 38.55835
-9.779784, 2.917868, 0.237725, 340.3102, 38.8237
-9.779784, 3.094118, 0.237725, 340.3102, 24.90509
box_3_Hareli(Clone) stack 140 Shelf_2 Rack_1_1_1
-9.956803, 2.538451, 0.2332926, 326.3813, 68.74805
-10.15632, 2.538451, 0.2472439, 310.4868, 68.86955
-10.14097, 2.538451, 0.4667081, 309.6869, 70.72386
-9.941457, 2.538451, 0.4527568, 325.1333, 70.60909
-10.14097, 2.538451, 0.4667081, 309.6869, 70.72386
-10.14097, 2.388451, 0.4667081, 309.6869, 82.22295
-9.941457, 2.388451, 0.4527568, 325.1333, 82.12871
-9.941457, 2.538451, 0.4527568, 325.1333, 70.60909
-9.941457, 2.538451, 0.4527568, 325.1333, 70.60909
-9.941457, 2.388451, 0.4527568, 325.1333, 82.12871
-9.956803, 2.388451, 0.2332927, 326.3813, 80.60062
-9.956803, 2.538451, 0.2332926, 326.3813, 68.74805
-10.15632, 2.388451, 0.247244, 310.4868, 80.70038
-9.956803, 2.388451, 0.2332927, 326.3813, 80.60062
-9.941457, 2.388451, 0.4527568, 325.1333, 82.12871
-10.14097, 2.388451, 0.4667081, 309.6869, 82.22295
-10.15632, 2.538451, 0.2472439, 310.4868, 68.86955
-10.15632, 2.388451, 0.247244, 310.4868, 80.70038
-10.14097, 2.388451, 0.4667081, 309.6869, 82.22295
-10.14097, 2.538451, 0.4667081, 309.6869, 70.72386
-9.956803, 2.538451, 0.2332926, 326.3813, 68.74805
-9.956803, 2.388451, 0.2332927, 326.3813, 80.60062
-10.15632, 2.388451, 0.247244, 310.4868, 80.70038
-10.15632, 2.538451, 0.2472439, 310.4868, 68.86955
box_3_Hareli(Clone) stack 140 Shelf_2 Rack_1_1_1
-9.950821, 2.688451, 0.2382718, 326.797, 56.94664
-10.15079, 2.688451, 0.2417623, 310.9737, 56.98248
-10.14695, 2.688451, 0.4617289, 309.2723, 59.17654
-9.946981, 2.688451, 0.4582384, 324.6496, 59.14267
-10.14695, 2.688451, 0.4617289, 309.2723, 59.17654
-10.14695, 2.538451, 0.4617289, 309.2723, 70.68292
-9.946981, 2.538451, 0.4582384, 324.6496, 70.65422
-9.946981, 2.688451, 0.4582384, 324.6496, 59.14267
-9.946981, 2.688451, 0.4582384, 324.6496, 59.14267
-9.946981, 2.538451, 0.4582384, 324.6496, 70.65422
-9.950821, 2.538451, 0.2382719, 326.797, 68.79146
-9.950821, 2.688451, 0.2382718, 326.797, 56.94664
-10.15079, 2.538451, 0.2417624, 310.9737, 68.82185
-9.950821, 2.538451, 0.2382719, 326.797, 68.79146
-9.946981, 2.538451, 0.4582384, 324.6496, 70.65422
-10.14695, 2.538451, 0.4617289, 309.2723, 70.68292
-10.15079, 2.688451, 0.2417623, 310.9737, 56.98248
-10.15079, 2.538451, 0.2417624, 310.9737, 68.82185
-10.14695, 2.538451, 0.4617289, 309.2723, 70.68292
-10.14695, 2.688451, 0.4617289, 309.2723, 59.17654
-9.950821, 2.688451, 0.2382718, 326.797, 56.94664
-9.950821, 2.538451, 0.2382719, 326.797, 68.79146
-10.15079, 2.538451, 0.2417624, 310.9737, 68.82185
-10.15079, 2.688451, 0.2417623, 310.9737, 56.98248
box_6_melody(Clone) stack 143 Shelf_0 Rack_1_1_2
-11.61188, 0.2073492, 0.2391725, 195.6364, 252.8537
-11.81112, 0.2073492, 0.2217414, 179.7672, 253.1246
-11.83203, 0.2073493, 0.4608282, 180.0038, 249.5135
-11.63279, 0.2073493, 0.4782594, 195.3885, 249.2589
-11.83203, 0.2073493, 0.4608282, 180.0038, 249.5135
-11.83203, 0.01984931, 0.4608282, 180.0038, 263.8982
-11.63279, 0.01984931, 0.4782594, 195.3885, 263.6115
-11.63279, 0.2073493, 0.4782594, 195.3885, 249.2589
-11.63279, 0.2073493, 0.4782594, 195.3885, 249.2589
-11.63279, 0.01984931, 0.4782594, 195.3885, 263.6115
-11.61188, 0.01984931, 0.2391725, 195.6364, 267.6579
-11.61188, 0.2073492, 0.2391725, 195.6364, 252.8537
-11.81112, 0.01984931, 0.2217414, 179.7672, 267.9629
-11.61188, 0.01984931, 0.2391725, 195.6364, 267.6579
-11.63279, 0.01984931, 0.4782594, 195.3885, 263.6115
-11.83203, 0.01984931, 0.4608282, 180.0038, 263.8982
-11.81112, 0.2073492, 0.2217414, 179.7672, 253.1246
-11.81112, 0.01984931, 0.2217414, 179.7672, 267.9629
-11.83203, 0.01984931, 0.4608282, 180.0038, 263.8982
-11.83203, 0.2073493, 0.4608282, 180.0038, 249.5135
-11.61188, 0.2073492, 0.2391725, 195.6364, 252.8537
-11.61188, 0.01984931, 0.2391725, 195.6364, 267.6579
-11.81112, 0.01984931, 0.2217414, 179.7672, 267.9629
-11.81112, 0.2073492, 0.2217414, 179.7672, 253.1246
box_6_melody(Clone) stack 143 Shelf_0 Rack_1_1_2
-11.60996, 0.3948492, 0.2411106, 195.7991, 238.0232
-11.80886, 0.3948492, 0.2202049, 179.9333, 238.3073
-11.83395, 0.3948492, 0.4588902, 179.8418, 235.1537
-11.63505, 0.3948492, 0.4797959, 195.2248, 234.8866
-11.83395, 0.3948492, 0.4588902, 179.8418, 235.1537
-11.83395, 0.2073492, 0.4588902, 179.8418, 249.5419
-11.63505, 0.2073492, 0.4797959, 195.2248, 249.2365
-11.63505, 0.3948492, 0.4797959, 195.2248, 234.8866
-11.63505, 0.3948492, 0.4797959, 195.2248, 234.8866
-11.63505, 0.2073492, 0.4797959, 195.2248, 249.2365
-11.60996, 0.2073492, 0.2411106, 195.7991, 252.8237
-11.60996, 0.3948492, 0.2411106, 195.7991, 238.0232
-11.80886, 0.2073492, 0.2202049, 179.9333, 253.1486
-11.60996, 0.2073492, 0.2411106, 195.7991, 252.8237
-11.63505, 0.2073492, 0.4797959, 195.2248, 249.2365
-11.83395, 0.2073492, 0.4588902, 179.8418, 249.5419
-11.80886, 0.3948492, 0.2202049, 179.9333, 238.3073
-11.80886, 0.2073492, 0.2202049, 179.9333, 253.1486
-11.83395, 0.2073492, 0.4588902, 179.8418, 249.5419
-11.83395, 0.3948492, 0.4588902, 179.8418, 235.1537
-11.60996, 0.3948492, 0.2411106, 195.7991, 238.0232
-11.60996, 0.2073492, 0.2411106, 195.7991, 252.8237
-11.80886, 0.2073492, 0.2202049, 179.9333, 253.1486
-11.80886, 0.3948492, 0.2202049, 179.9333, 238.3073
box_6_melody(Clone) stack 143 Shelf_0 Rack_1_1_2
-11.63279, 0.5823491, 0.2217414, 193.8791, 223.4481
-11.83203, 0.5823491, 0.2391725, 178.2538, 223.2452
-11.81112, 0.5823491, 0.4782594, 181.7384, 220.5535
-11.61188, 0.5823491, 0.4608282, 196.8938, 220.7442
-11.81112, 0.5823491, 0.4782594, 181.7384, 220.5535
-11.81112, 0.3948492, 0.4782594, 181.7384, 234.9062
-11.61188, 0.3948492, 0.4608282, 196.8938, 235.1289
-11.61188, 0.5823491, 0.4608282, 196.8938, 220.7442
-11.61188, 0.5823491, 0.4608282, 196.8938, 220.7442
-11.61188, 0.3948492, 0.4608282, 196.8938, 235.1289
-11.63279, 0.3948492, 0.2217414, 193.8791, 238.2864
-11.63279, 0.5823491, 0.2217414, 193.8791, 223.4481
-11.83203, 0.3948492, 0.2391725, 178.2538, 238.0495
-11.63279, 0.3948492, 0.2217414, 193.8791, 238.2864
-11.61188, 0.3948492, 0.4608282, 196.8938, 235.1289
-11.81112, 0.3948492, 0.4782594, 181.7384, 234.9062
-11.83203, 0.5823491, 0.2391725, 178.2538, 223.2452
-11.83203, 0.3948492, 0.2391725, 178.2538, 238.0495
-11.81112, 0.3948492, 0.4782594, 181.7384, 234.9062
-11.81112, 0.5823491, 0.4782594, 181.7384, 220.5535
-11.63279, 0.5823491, 0.2217414, 193.8791, 223.4481
-11.63279, 0.3948492, 0.2217414, 193.8791, 238.2864
-11.83203, 0.3948492, 0.2391725, 178.2538, 238.0495
-11.83203, 0.5823491, 0.2391725, 178.2538, 223.2452
box_6_melody(Clone) stack 143 Shelf_0 Rack_1_1_2
-11.62406, 0.7698491, 0.2282733, 194.6091, 208.5464
-11.82403, 0.7698491, 0.2317638, 178.8257, 208.5126
-11.81985, 0.7698491, 0.4717274, 181.021, 206.2602
-11.61988, 0.7698491, 0.4682369, 196.3215, 206.292
-11.81985, 0.7698491, 0.4717274, 181.021, 206.2602
-11.81985, 0.5823491, 0.4717274, 181.021, 220.6249
-11.61988, 0.5823491, 0.4682369, 196.3215, 220.663
-11.61988, 0.7698491, 0.4682369, 196.3215, 206.292
-11.61988, 0.7698491, 0.4682369, 196.3215, 206.292
-11.61988, 0.5823491, 0.4682369, 196.3215, 220.663
-11.62406, 0.5823491, 0.2282734, 194.6091, 223.3719
-11.62406, 0.7698491, 0.2282733, 194.6091, 208.5464
-11.82403, 0.5823491, 0.2317638, 178.8257, 223.3313
-11.62406, 0.5823491, 0.2282734, 194.6091, 223.3719
-11.61988, 0.5823491, 0.4682369, 196.3215, 220.663
-11.81985, 0.5823491, 0.4717274, 181.021, 220.6249
-11.82403, 0.7698491, 0.2317638, 178.8257, 208.5126
-11.82403, 0.5823491, 0.2317638, 178.8257, 223.3313
-11.81985, 0.5823491, 0.4717274, 181.021, 220.6249
-11.81985, 0.7698491, 0.4717274, 181.021, 206.2602
-11.62406, 0.7698491, 0.2282733, 194.6091, 208.5464
-11.62406, 0.5823491, 0.2282734, 194.6091, 223.3719
-11.82403, 0.5823491, 0.2317638, 178.8257, 223.3313
-11.82403, 0.7698491, 0.2317638, 178.8257, 208.5126
box_1_Parle-G-GOLD(Clone) stack 144 Shelf_0 Rack_1_1_2
-11.2386, 0.1916559, 0.2586173, 225.1469, 253.7888
-11.43711, 0.1916559, 0.2342434, 209.4156, 254.1701
-11.46254, 0.1916559, 0.4413835, 208.2715, 251.0059
-11.26403, 0.1916559, 0.4657574, 223.59, 250.6446
-11.46254, 0.1916559, 0.4413835, 208.2715, 251.0059
-11.46254, 0.0191559, 0.4413835, 208.2715, 264.2728
-11.26403, 0.0191559, 0.4657574, 223.59, 263.8701
-11.26403, 0.1916559, 0.4657574, 223.59, 250.6446
-11.26403, 0.1916559, 0.4657574, 223.59, 250.6446
-11.26403, 0.0191559, 0.4657574, 223.59, 263.8701
-11.2386, 0.0191559, 0.2586173, 225.1469, 267.374
-11.2386, 0.1916559, 0.2586173, 225.1469, 253.7888
-11.43711, 0.0191559, 0.2342434, 209.4156, 267.7988
-11.2386, 0.0191559, 0.2586173, 225.1469, 267.374
-11.26403, 0.0191559, 0.4657574, 223.59, 263.8701
-11.46254, 0.0191559, 0.4413835, 208.2715, 264.2728
-11.43711, 0.1916559, 0.2342434, 209.4156, 254.1701
-11.43711, 0.0191559, 0.2342434, 209.4156, 267.7988
-11.46254, 0.0191559, 0.4413835, 208.2715, 264.2728
-11.46254, 0.1916559, 0.4413835, 208.2715, 251.0059
-11.2386, 0.1916559, 0.2586173, 225.1469, 253.7888
-11.2386, 0.0191559, 0.2586173, 225.1469, 267.374
-11.43711, 0.0191559, 0.2342434, 209.4156, 267.7988
-11.43711, 0.1916559, 0.2342434, 209.4156, 254.1701
box_1_Parle-G-GOLD(Clone) stack 144 Shelf_0 Rack_1_1_2
-11.25057, 0.3641559, 0.2456525, 224.1772, 240.383
-11.45057, 0.3641559, 0.2456525, 208.3994, 240.383
-11.45057, 0.3641559, 0.4543482, 209.2433, 237.5686
-11.25057, 0.3641559, 0.4543482, 224.5998, 237.5686
-11.45057, 0.3641559, 0.4543482, 209.2433, 237.5686
-11.45057, 0.1916559, 0.4543482, 209.2433, 250.8134
-11.25057, 0.1916559, 0.4543482, 224.5998, 250.8134
-11.25057, 0.3641559, 0.4543482, 224.5998, 237.5686
-11.25057, 0.3641559, 0.4543482, 224.5998, 237.5686
-11.25057, 0.1916559, 0.4543482, 224.5998, 250.8134
-11.25057, 0.1916559, 0.2456525, 224.1772, 253.9913
-11.25057, 0.3641559, 0.2456525, 224.1772, 240.383
-11.45057, 0.1916559, 0.2456525, 208.3994, 253.9913
-11.25057, 0.1916559, 0.2456525, 224.1772, 253.9913
-11.25057, 0.1916559, 0.4543482, 224.5998, 250.8134
-11.45057, 0.1916559, 0.4543482, 209.2433, 250.8134
-11.45057, 0.3641559, 0.2456525, 208.3994, 240.383
-11.45057, 0.1916559, 0.2456525, 208.3994, 253.9913
-11.45057, 0.1916559, 0.4543482, 209.2433, 250.8134
-11.45057, 0.3641559, 0.4543482, 209.2433, 237.5686
-11.25057, 0.3641559, 0.2456525, 224.1772, 240.383
-11.25057, 0.1916559, 0.2456525, 224.1772, 253.9913
-11.45057, 0.1916559, 0.2456525, 208.3994, 253.9913
-11.45057, 0.3641559, 0.2456525, 208.3994, 240.383
box_1_Parle-G-GOLD(Clone) stack 144 Shelf_0 Rack_1_1_2
-11.24186, 0.5366558, 0.2547652, 224.8827, 226.6649
-11.4411, 0.5366558, 0.2373341, 209.1131, 226.8752
-11.45929, 0.5366558, 0.4452356, 208.5376, 224.428
-11.26005, 0.5366558, 0.4626667, 223.8893, 224.2287
-11.45929, 0.5366558, 0.4452356, 208.5376, 224.428
-11.45929, 0.3641559, 0.4452356, 208.5376, 237.6883
-11.26005, 0.3641559, 0.4626667, 223.8893, 237.4595
-11.26005, 0.5366558, 0.4626667, 223.8893, 224.2287
-11.26005, 0.5366558, 0.4626667, 223.8893, 224.2287
-11.26005, 0.3641559, 0.4626667, 223.8893, 237.4595
-11.24186, 0.3641559, 0.2547652, 224.8827, 240.2569
-11.24186, 0.5366558, 0.2547652, 224.8827, 226.6649
-11.4411, 0.3641559, 0.237334, 209.1131, 240.4984
-11.24186, 0.3641559, 0.2547652, 224.8827, 240.2569
-11.26005, 0.3641559, 0.4626667, 223.8893, 237.4595
-11.45929, 0.3641559, 0.4452356, 208.5376, 237.6883
-11.4411, 0.5366558, 0.2373341, 209.1131, 226.8752
-11.4411, 0.3641559, 0.237334, 209.1131, 240.4984
-11.45929, 0.3641559, 0.4452356, 208.5376, 237.6883
-11.45929, 0.5366558, 0.4452356, 208.5376, 224.428
-11.24186, 0.5366558, 0.2547652, 224.8827, 226.6649
-11.24186, 0.3641559, 0.2547652, 224.8827, 240.2569
-11.4411, 0.3641559, 0.237334, 209.1131, 240.4984
-11.4411, 0.5366558, 0.2373341, 209.1131, 226.8752
box_1_Parle-G-GOLD(Clone) stack 144 Shelf_0 Rack_1_1_2
-11.24354, 0.7091558, 0.2528824, 224.7467, 213.0922
-11.44305, 0.7091558, 0.2389311, 208.9654, 213.2355
-11.45761, 0.7091558, 0.4471184, 208.6742, 211.1493
-11.25809, 0.7091558, 0.4610697, 224.0359, 211.0135
-11.45761, 0.7091558, 0.4471184, 208.6742, 211.1493
-11.45761, 0.5366558, 0.4471184, 208.6742, 224.4064
-11.25809, 0.5366558, 0.4610697, 224.0359, 224.2469
-11.25809, 0.7091558, 0.4610697, 224.0359, 211.0135
-11.25809, 0.7091558, 0.4610697, 224.0359, 211.0135
-11.25809, 0.5366558, 0.4610697, 224.0359, 224.2469
-11.24354, 0.5366558, 0.2528824, 224.7467, 226.6876
-11.24354, 0.7091558, 0.2528824, 224.7467, 213.0922
-11.44305, 0.5366558, 0.2389311, 208.9654, 226.8559
-11.24354, 0.5366558, 0.2528824, 224.7467, 226.6876
-11.25809, 0.5366558, 0.4610697, 224.0359, 224.2469
-11.45761, 0.5366558, 0.4471184, 208.6742, 224.4064
-11.44305, 0.7091558, 0.2389311, 208.9654, 213.2355
-11.44305, 0.5366558, 0.2389311, 208.9654, 226.8559
-11.45761, 0.5366558, 0.4471184, 208.6742, 224.4064
-11.45761, 0.7091558, 0.4471184, 208.6742, 211.1493
-11.24354, 0.7091558, 0.2528824, 224.7467, 213.0922
-11.24354, 0.5366558, 0.2528824, 224.7467, 226.6876
-11.44305, 0.5366558, 0.2389311, 208.9654, 226.8559
-11.44305, 0.7091558, 0.2389311, 208.9654, 213.2355
box_1_Parle-G-GOLD(Clone) stack 144 Shelf_0 Rack_1_1_2
-11.2386, 0.8816558, 0.2586173, 225.1469, 199.4483
-11.43711, 0.8816558, 0.2342434, 209.4156, 199.6551
-11.46254, 0.8816558, 0.4413835, 208.2715, 197.9384
-11.26403, 0.8816558, 0.4657574, 223.59, 197.7424
-11.46254, 0.8816558, 0.4413835, 208.2715, 197.9384
-11.46254, 0.7091558, 0.4413835, 208.2715, 211.2053
-11.26403, 0.7091558, 0.4657574, 223.59, 210.9679
-11.26403, 0.8816558, 0.4657574, 223.59, 197.7424
-11.26403, 0.8816558, 0.4657574, 223.59, 197.7424
-11.26403, 0.7091558, 0.4657574, 223.59, 210.9679
-11.2386, 0.7091558, 0.2586173, 225.1469, 213.0334
-11.2386, 0.8816558, 0.2586173, 225.1469, 199.4483
-11.43711, 0.7091558, 0.2342434, 209.4156, 213.2838
-11.2386, 0.7091558, 0.2586173, 225.1469, 213.0334
-11.26403, 0.7091558, 0.4657574, 223.59, 210.9679
-11.46254, 0.7091558, 0.4413835, 208.2715, 211.2053
-11.43711, 0.8816558, 0.2342434, 209.4156, 199.6551
-11.43711, 0.7091558, 0.2342434, 209.4156, 213.2838
-11.46254, 0.7091558, 0.4413835, 208.2715, 211.2053
-11.46254, 0.8816558, 0.4413835, 208.2715, 197.9384
-11.2386, 0.8816558, 0.2586173, 225.1469, 199.4483
-11.2386, 0.7091558, 0.2586173, 225.1469, 213.0334
-11.43711, 0.7091558, 0.2342434, 209.4156, 213.2838
-11.43711, 0.8816558, 0.2342434, 209.4156, 199.6551
box_7_litchi(Clone) stack 145 Shelf_1 Rack_1_1_2
-10.91419, 1.414419, 0.2432683, 250.717, 157.5362
-11.11371, 1.414419, 0.2572196, 234.9819, 157.4949
-11.09976, 1.414419, 0.4567324, 236.1809, 156.9208
-10.90024, 1.414419, 0.4427811, 251.5158, 156.96
-11.09976, 1.414419, 0.4567324, 236.1809, 156.9208
-11.09976, 1.204419, 0.4567324, 236.1809, 173.04
-10.90024, 1.204419, 0.4427811, 251.5158, 173.108
-10.90024, 1.414419, 0.4427811, 251.5158, 156.96
-10.90024, 1.414419, 0.4427811, 251.5158, 156.96
-10.90024, 1.204419, 0.4427811, 251.5158, 173.108
-10.91419, 1.204419, 0.2432683, 250.717, 174.108
-10.91419, 1.414419, 0.2432683, 250.717, 157.5362
-11.11371, 1.204419, 0.2572196, 234.9819, 174.0364
-10.91419, 1.204419, 0.2432683, 250.717, 174.108
-10.90024, 1.204419, 0.4427811, 251.5158, 173.108
-11.09976, 1.204419, 0.4567324, 236.1809, 173.04
-11.11371, 1.414419, 0.2572196, 234.9819, 157.4949
-11.11371, 1.204419, 0.2572196, 234.9819, 174.0364
-11.09976, 1.204419, 0.4567324, 236.1809, 173.04
-11.09976, 1.414419, 0.4567324, 236.1809, 156.9208
-10.91419, 1.414419, 0.2432683, 250.717, 157.5362
-10.91419, 1.204419, 0.2432683, 250.717, 174.108
-11.11371, 1.204419, 0.2572196, 234.9819, 174.0364
-11.11371, 1.414419, 0.2572196, 234.9819, 157.4949
box_7_litchi(Clone) stack 145 Shelf_1 Rack_1_1_2
-10.90524, 1.624419, 0.2517608, 251.4105, 140.9577
-11.10521, 1.624419, 0.2482703, 235.6457, 140.9604
-11.1087, 1.624419, 0.4482399, 235.489, 140.8078
-10.90873, 1.624419, 0.4517304, 250.8503, 140.8052
-11.1087, 1.624419, 0.4482399, 235.489, 140.8078
-11.1087, 1.414419, 0.4482399, 235.489, 156.9446
-10.90873, 1.414419, 0.4517304, 250.8503, 156.9348
-10.90873, 1.624419, 0.4517304, 250.8503, 140.8052
-10.90873, 1.624419, 0.4517304, 250.8503, 140.8052
-10.90873, 1.414419, 0.4517304, 250.8503, 156.9348
-10.90524, 1.414419, 0.2517608, 251.4105, 157.511
-10.90524, 1.624419, 0.2517608, 251.4105, 140.9577
-11.10521, 1.414419, 0.2482704, 235.6457, 157.5214
-10.90524, 1.414419, 0.2517608, 251.4105, 157.511
-10.90873, 1.414419, 0.4517304, 250.8503, 156.9348
-11.1087, 1.414419, 0.4482399, 235.489, 156.9446
-11.10521, 1.624419, 0.2482703, 235.6457, 140.9604
-11.10521, 1.414419, 0.2482704, 235.6457, 157.5214
-11.1087, 1.414419, 0.4482399, 235.489, 156.9446
-11.1087, 1.624419, 0.4482399, 235.489, 140.8078
-10.90524, 1.624419, 0.2517608, 251.4105, 140.9577
-10.90524, 1.414419, 0.2517608, 251.4105, 157.511
-11.10521, 1.414419, 0.2482704, 235.6457, 157.5214
-11.10521, 1.624419, 0.2482703, 235.6457, 140.9604
box_8_lizol(Clone) stack 146 Shelf_1 Rack_1_1_2
-11.30358, 1.380775, 0.2231813, 219.9364, 160.2579
-11.50346, 1.380775, 0.2301612, 204.1545, 160.2347
-11.49484, 1.380775, 0.4768194, 205.9422, 159.4404
-11.29496, 1.380775, 0.4698395, 221.2285, 159.4622
-11.49484, 1.380775, 0.4768194, 205.9422, 159.4404
-11.49484, 1.204525, 0.4768195, 205.9422, 172.9344
-11.29496, 1.204525, 0.4698395, 221.2285, 172.9682
-11.29496, 1.380775, 0.4698395, 221.2285, 159.4622
-11.29496, 1.380775, 0.4698395, 221.2285, 159.4622
-11.29496, 1.204525, 0.4698395, 221.2285, 172.9682
-11.30358, 1.204525, 0.2231813, 219.9364, 174.2032
-11.30358, 1.380775, 0.2231813, 219.9364, 160.2579
-11.50346, 1.204525, 0.2301612, 204.1545, 174.1672
-11.30358, 1.204525, 0.2231813, 219.9364, 174.2032
-11.29496, 1.204525, 0.4698395, 221.2285, 172.9682
-11.49484, 1.204525, 0.4768195, 205.9422, 172.9344
-11.50346, 1.380775, 0.2301612, 204.1545, 160.2347
-11.50346, 1.204525, 0.2301612, 204.1545, 174.1672
-11.49484, 1.204525, 0.4768195, 205.9422, 172.9344
-11.49484, 1.380775, 0.4768194, 205.9422, 159.4404
-11.30358, 1.380775, 0.2231813, 219.9364, 160.2579
-11.30358, 1.204525, 0.2231813, 219.9364, 174.2032
-11.50346, 1.204525, 0.2301612, 204.1545, 174.1672
-11.50346, 1.380775, 0.2301612, 204.1545, 160.2347
box_5_LMRR(Clone) stack 147 Shelf_1 Rack_1_1_2
-11.70386, 1.346961, 0.1982208, 188.0941, 163.0255
-11.90277, 1.346961, 0.2191265, 172.491, 162.9482
-11.87306, 1.346961, 0.5017799, 177.1854, 161.9434
-11.67415, 1.346961, 0.4808742, 192.2386, 162.0153
-11.87306, 1.346961, 0.5017799, 177.1854, 161.9434
-11.87306, 1.204461, 0.5017799, 177.1854, 172.8188
-11.67415, 1.204461, 0.4808742, 192.2386, 172.9196
-11.67415, 1.346961, 0.4808742, 192.2386, 162.0153
-11.67415, 1.346961, 0.4808742, 192.2386, 162.0153
-11.67415, 1.204461, 0.4808742, 192.2386, 172.9196
-11.70386, 1.204461, 0.1982208, 188.0941, 174.3377
-11.70386, 1.346961, 0.1982208, 188.0941, 163.0255
-11.90277, 1.204461, 0.2191265, 172.491, 174.2292
-11.70386, 1.204461, 0.1982208, 188.0941, 174.3377
-11.67415, 1.204461, 0.4808742, 192.2386, 172.9196
-11.87306, 1.204461, 0.5017799, 177.1854, 172.8188
-11.90277, 1.346961, 0.2191265, 172.491, 162.9482
-11.90277, 1.204461, 0.2191265, 172.491, 174.2292
-11.87306, 1.204461, 0.5017799, 177.1854, 172.8188
-11.87306, 1.346961, 0.5017799, 177.1854, 161.9434
-11.70386, 1.346961, 0.1982208, 188.0941, 163.0255
-11.70386, 1.204461, 0.1982208, 188.0941, 174.3377
-11.90277, 1.204461, 0.2191265, 172.491, 174.2292
-11.90277, 1.346961, 0.2191265, 172.491, 162.9482
box_6_melody(Clone) stack 148 Shelf_1 Rack_1_1_2
-12.06002, 1.391943, 0.2430817, 160.294, 159.3105
-12.25853, 1.391943, 0.2187079, 144.3218, 159.3886
-12.28778, 1.391943, 0.456919, 144.9925, 158.6454
-12.08927, 1.391943, 0.4812929, 160.4773, 158.5719
-12.28778, 1.391943, 0.456919, 144.9925, 158.6454
-12.28778, 1.204443, 0.456919, 144.9925, 173.0373
-12.08927, 1.204443, 0.4812929, 160.4773, 172.919
-12.08927, 1.391943, 0.4812929, 160.4773, 158.5719
-12.08927, 1.391943, 0.4812929, 160.4773, 158.5719
-12.08927, 1.204443, 0.4812929, 160.4773, 172.919
-12.06002, 1.204443, 0.2430817, 160.294, 174.1071
-12.06002, 1.391943, 0.2430817, 160.294, 159.3105
-12.25853, 1.204443, 0.2187079, 144.3218, 174.2328
-12.06002, 1.204443, 0.2430817, 160.294, 174.1071
-12.08927, 1.204443, 0.4812929, 160.4773, 172.919
-12.28778, 1.204443, 0.456919, 144.9925, 173.0373
-12.25853, 1.391943, 0.2187079, 144.3218, 159.3886
-12.25853, 1.204443, 0.2187079, 144.3218, 174.2328
-12.28778, 1.204443, 0.456919, 144.9925, 173.0373
-12.28778, 1.391943, 0.456919, 144.9925, 158.6454
-12.06002, 1.391943, 0.2430817, 160.294, 159.3105
-12.06002, 1.204443, 0.2430817, 160.294, 174.1071
-12.25853, 1.204443, 0.2187079, 144.3218, 174.2328
-12.25853, 1.391943, 0.2187079, 144.3218, 159.3886
box_6_melody(Clone) stack 148 Shelf_1 Rack_1_1_2
-12.06002, 1.579443, 0.2430817, 160.294, 144.5138
-12.25853, 1.579443, 0.2187079, 144.3218, 144.5444
-12.28778, 1.579443, 0.456919, 144.9925, 144.2536
-12.08927, 1.579443, 0.4812929, 160.4773, 144.2248
-12.28778, 1.579443, 0.456919, 144.9925, 144.2536
-12.28778, 1.391943, 0.456919, 144.9925, 158.6454
-12.08927, 1.391943, 0.4812929, 160.4773, 158.5719
-12.08927, 1.579443, 0.4812929, 160.4773, 144.2248
-12.08927, 1.579443, 0.4812929, 160.4773, 144.2248
-12.08927, 1.391943, 0.4812929, 160.4773, 158.5719
-12.06002, 1.391943, 0.2430817, 160.294, 159.3104
-12.06002, 1.579443, 0.2430817, 160.294, 144.5138
-12.25853, 1.391943, 0.2187079, 144.3218, 159.3886
-12.06002, 1.391943, 0.2430817, 160.294, 159.3104
-12.08927, 1.391943, 0.4812929, 160.4773, 158.5719
-12.28778, 1.391943, 0.456919, 144.9925, 158.6454
-12.25853, 1.579443, 0.2187079, 144.3218, 144.5444
-12.25853, 1.391943, 0.2187079, 144.3218, 159.3886
-12.28778, 1.391943, 0.456919, 144.9925, 158.6454
-12.28778, 1.579443, 0.456919, 144.9925, 144.2536
-12.06002, 1.579443, 0.2430817, 160.294, 144.5138
-12.06002, 1.391943, 0.2430817, 160.294, 159.3104
-12.25853, 1.391943, 0.2187079, 144.3218, 159.3886
-12.25853, 1.579443, 0.2187079, 144.3218, 144.5444
box_6_melody(Clone) stack 148 Shelf_1 Rack_1_1_2
-12.06977, 1.766943, 0.2335633, 159.4235, 129.7106
-12.26965, 1.766943, 0.2265834, 143.5417, 129.7057
-12.27802, 1.766943, 0.4664374, 145.8557, 129.8679
-12.07815, 1.766943, 0.4734173, 161.2491, 129.8725
-12.27802, 1.766943, 0.4664374, 145.8557, 129.8679
-12.27802, 1.579443, 0.4664374, 145.8557, 144.2423
-12.07815, 1.579443, 0.4734173, 161.2491, 144.2341
-12.07815, 1.766943, 0.4734173, 161.2491, 129.8725
-12.07815, 1.766943, 0.4734173, 161.2491, 129.8725
-12.07815, 1.579443, 0.4734173, 161.2491, 144.2341
-12.06977, 1.579443, 0.2335634, 159.4235, 144.5257
-12.06977, 1.766943, 0.2335633, 159.4235, 129.7106
-12.26965, 1.579443, 0.2265835, 143.5417, 144.5345
-12.06977, 1.579443, 0.2335634, 159.4235, 144.5257
-12.07815, 1.579443, 0.4734173, 161.2491, 144.2341
-12.27802, 1.579443, 0.4664374, 145.8557, 144.2423
-12.26965, 1.766943, 0.2265834, 143.5417, 129.7057
-12.26965, 1.579443, 0.2265835, 143.5417, 144.5345
-12.27802, 1.579443, 0.4664374, 145.8557, 144.2423
-12.27802, 1.766943, 0.4664374, 145.8557, 129.8679
-12.06977, 1.766943, 0.2335633, 159.4235, 129.7106
-12.06977, 1.579443, 0.2335634, 159.4235, 144.5257
-12.26965, 1.579443, 0.2265835, 143.5417, 144.5345
-12.26965, 1.766943, 0.2265834, 143.5417, 129.7057
box_6_melody(Clone) stack 148 Shelf_1 Rack_1_1_2
-12.07182, 1.954443, 0.2317638, 159.2426, 114.8906
-12.27179, 1.954443, 0.2282733, 143.3939, 114.8814
-12.27598, 1.954443, 0.4682369, 146.0342, 115.4981
-12.07601, 1.954443, 0.4717274, 161.3961, 115.5068
-12.27598, 1.954443, 0.4682369, 146.0342, 115.4981
-12.27598, 1.766943, 0.4682369, 146.0342, 129.8691
-12.07601, 1.766943, 0.4717274, 161.3961, 129.8714
-12.07601, 1.954443, 0.4717274, 161.3961, 115.5068
-12.07601, 1.954443, 0.4717274, 161.3961, 115.5068
-12.07601, 1.766943, 0.4717274, 161.3961, 129.8714
-12.07182, 1.766943, 0.2317638, 159.2426, 129.7093
-12.07182, 1.954443, 0.2317638, 159.2426, 114.8906
-12.27179, 1.766943, 0.2282734, 143.3939, 129.7069
-12.07182, 1.766943, 0.2317638, 159.2426, 129.7093
-12.07601, 1.766943, 0.4717274, 161.3961, 129.8714
-12.27598, 1.766943, 0.4682369, 146.0342, 129.8691
-12.27179, 1.954443, 0.2282733, 143.3939, 114.8814
-12.27179, 1.766943, 0.2282734, 143.3939, 129.7069
-12.27598, 1.766943, 0.4682369, 146.0342, 129.8691
-12.27598, 1.954443, 0.4682369, 146.0342, 115.4981
-12.07182, 1.954443, 0.2317638, 159.2426, 114.8906
-12.07182, 1.766943, 0.2317638, 159.2426, 129.7093
-12.27179, 1.766943, 0.2282734, 143.3939, 129.7069
-12.27179, 1.954443, 0.2282733, 143.3939, 114.8814
box_3_Hareli(Clone) stack 149 Shelf_2 Rack_1_1_2
-12.40108, 2.538451, 0.2349175, 133.2643, 68.76222
-12.60081, 2.538451, 0.2453847, 117.6546, 68.85338
-12.58929, 2.538451, 0.4650832, 121.9724, 70.71053
-12.38957, 2.538451, 0.454616, 137.1491, 70.6244
-12.58929, 2.538451, 0.4650832, 121.9724, 70.71053
-12.58929, 2.388451, 0.4650832, 121.9724, 82.21201
-12.38957, 2.388451, 0.4546161, 137.1491, 82.14131
-12.38957, 2.538451, 0.454616, 137.1491, 70.6244
-12.38957, 2.538451, 0.454616, 137.1491, 70.6244
-12.38957, 2.388451, 0.4546161, 137.1491, 82.14131
-12.40108, 2.388451, 0.2349175, 133.2643, 80.61227
-12.40108, 2.538451, 0.2349175, 133.2643, 68.76222
-12.60081, 2.388451, 0.2453847, 117.6546, 80.6871
-12.40108, 2.388451, 0.2349175, 133.2643, 80.61227
-12.38957, 2.388451, 0.4546161, 137.1491, 82.14131
-12.58929, 2.388451, 0.4650832, 121.9724, 82.21201
-12.60081, 2.538451, 0.2453847, 117.6546, 68.85338
-12.60081, 2.388451, 0.2453847, 117.6546, 80.6871
-12.58929, 2.388451, 0.4650832, 121.9724, 82.21201
-12.58929, 2.538451, 0.4650832, 121.9724, 70.71053
-12.40108, 2.538451, 0.2349175, 133.2643, 68.76222
-12.40108, 2.388451, 0.2349175, 133.2643, 80.61227
-12.60081, 2.388451, 0.2453847, 117.6546, 80.6871
-12.60081, 2.538451, 0.2453847, 117.6546, 68.85338
box_3_Hareli(Clone) stack 149 Shelf_2 Rack_1_1_2
-12.39909, 2.688451, 0.2365774, 133.4452, 56.92923
-12.59896, 2.688451, 0.2435573, 117.7705, 57.00089
-12.59129, 2.688451, 0.4634233, 121.7945, 59.19295
-12.39141, 2.688451, 0.4564434, 137.0317, 59.12526
-12.59129, 2.688451, 0.4634233, 121.7945, 59.19295
-12.59129, 2.538451, 0.4634234, 121.7945, 70.69685
-12.39141, 2.538451, 0.4564435, 137.0317, 70.63943
-12.39141, 2.688451, 0.4564434, 137.0317, 59.12526
-12.39141, 2.688451, 0.4564434, 137.0317, 59.12526
-12.39141, 2.538451, 0.4564435, 137.0317, 70.63943
-12.39909, 2.538451, 0.2365774, 133.4452, 68.77669
-12.39909, 2.688451, 0.2365774, 133.4452, 56.92923
-12.59896, 2.538451, 0.2435573, 117.7705, 68.83748
-12.39909, 2.538451, 0.2365774, 133.4452, 68.77669
-12.39141, 2.538451, 0.4564435, 137.0317, 70.63943
-12.59129, 2.538451, 0.4634234, 121.7945, 70.69685
-12.59896, 2.688451, 0.2435573, 117.7705, 57.00089
-12.59896, 2.538451, 0.2435573, 117.7705, 68.83748
-12.59129, 2.538451, 0.4634234, 121.7945, 70.69685
-12.59129, 2.688451, 0.4634233, 121.7945, 59.19295
-12.39909, 2.688451, 0.2365774, 133.4452, 56.92923
-12.39909, 2.538451, 0.2365774, 133.4452, 68.77669
-12.59896, 2.538451, 0.2435573, 117.7705, 68.83748
-12.59896, 2.688451, 0.2435573, 117.7705, 57.00089
box_3_Hareli(Clone) stack 149 Shelf_2 Rack_1_1_2
-12.38776, 2.838451, 0.2472439, 134.4882, 45.20787
-12.58727, 2.838451, 0.2332926, 118.5294, 45.04289
-12.60262, 2.838451, 0.4527568, 120.763, 47.56982
-12.4031, 2.838451, 0.4667081, 136.2703, 47.72568
-12.60262, 2.838451, 0.4527568, 120.763, 47.56982
-12.60262, 2.688451, 0.4527568, 120.763, 59.08945
-12.4031, 2.688451, 0.4667081, 136.2703, 59.22475
-12.4031, 2.838451, 0.4667081, 136.2703, 47.72568
-12.4031, 2.838451, 0.4667081, 136.2703, 47.72568
-12.4031, 2.688451, 0.4667081, 136.2703, 59.22475
-12.38776, 2.688451, 0.247244, 134.4882, 57.03871
-12.38776, 2.838451, 0.2472439, 134.4882, 45.20787
-12.58727, 2.688451, 0.2332927, 118.5294, 56.89546
-12.38776, 2.688451, 0.247244, 134.4882, 57.03871
-12.4031, 2.688451, 0.4667081, 136.2703, 59.22475
-12.60262, 2.688451, 0.4527568, 120.763, 59.08945
-12.58727, 2.838451, 0.2332926, 118.5294, 45.04289
-12.58727, 2.688451, 0.2332927, 118.5294, 56.89546
-12.60262, 2.688451, 0.4527568, 120.763, 59.08945
-12.60262, 2.838451, 0.4527568, 120.763, 47.56982
-12.38776, 2.838451, 0.2472439, 134.4882, 45.20787
-12.38776, 2.688451, 0.247244, 134.4882, 57.03871
-12.58727, 2.688451, 0.2332927, 118.5294, 56.89546
-12.58727, 2.838451, 0.2332926, 118.5294, 45.04289
box_3_Hareli(Clone) stack 149 Shelf_2 Rack_1_1_2
-12.38776, 2.988451, 0.2472439, 134.4882, 33.37703
-12.58727, 2.988451, 0.2332926, 118.5294, 33.19031
-12.60262, 2.988451, 0.4527568, 120.763, 36.0502
-12.4031, 2.988451, 0.4667081, 136.2703, 36.22658
-12.60262, 2.988451, 0.4527568, 120.763, 36.0502
-12.60262, 2.838451, 0.4527568, 120.763, 47.56981
-12.4031, 2.838451, 0.4667081, 136.2703, 47.72566
-12.4031, 2.988451, 0.4667081, 136.2703, 36.22658
-12.4031, 2.988451, 0.4667081, 136.2703, 36.22658
-12.4031, 2.838451, 0.4667081, 136.2703, 47.72566
-12.38776, 2.838451, 0.247244, 134.4882, 45.20787
-12.38776, 2.988451, 0.2472439, 134.4882, 33.37703
-12.58727, 2.838451, 0.2332927, 118.5294, 45.04289
-12.38776, 2.838451, 0.247244, 134.4882, 45.20787
-12.4031, 2.838451, 0.4667081, 136.2703, 47.72566
-12.60262, 2.838451, 0.4527568, 120.763, 47.56981
-12.58727, 2.988451, 0.2332926, 118.5294, 33.19031
-12.58727, 2.838451, 0.2332927, 118.5294, 45.04289
-12.60262, 2.838451, 0.4527568, 120.763, 47.56981
-12.60262, 2.988451, 0.4527568, 120.763, 36.0502
-12.38776, 2.988451, 0.2472439, 134.4882, 33.37703
-12.38776, 2.838451, 0.247244, 134.4882, 45.20787
-12.58727, 2.838451, 0.2332927, 118.5294, 45.04289
-12.58727, 2.988451, 0.2332926, 118.5294, 33.19031
box_3_Hareli(Clone) stack 149 Shelf_2 Rack_1_1_2
-12.38424, 3.138451, 0.2510558, 134.8186, 21.60301
-12.58314, 3.138451, 0.2301501, 118.8055, 21.2907
-12.60614, 3.138451, 0.448945, 120.4343, 24.47665
-12.40723, 3.138451, 0.4698507, 135.9955, 24.77173
-12.60614, 3.138451, 0.448945, 120.4343, 24.47665
-12.60614, 2.988451, 0.448945, 120.4343, 36.00189
-12.40723, 2.988451, 0.4698507, 135.9955, 36.2662
-12.40723, 3.138451, 0.4698507, 135.9955, 24.77173
-12.40723, 3.138451, 0.4698507, 135.9955, 24.77173
-12.40723, 2.988451, 0.4698507, 135.9955, 36.2662
-12.38424, 2.988451, 0.2510558, 134.8186, 33.42793
-12.38424, 3.138451, 0.2510558, 134.8186, 21.60301
-12.58314, 2.988451, 0.2301501, 118.8055, 33.14818
-12.38424, 2.988451, 0.2510558, 134.8186, 33.42793
-12.40723, 2.988451, 0.4698507, 135.9955, 36.2662
-12.60614, 2.988451, 0.448945, 120.4343, 36.00189
-12.58314, 3.138451, 0.2301501, 118.8055, 21.2907
-12.58314, 2.988451, 0.2301501, 118.8055, 33.14818
-12.60614, 2.988451, 0.448945, 120.4343, 36.00189
-12.60614, 3.138451, 0.448945, 120.4343, 24.47665
-12.38424, 3.138451, 0.2510558, 134.8186, 21.60301
-12.38424, 2.988451, 0.2510558, 134.8186, 33.42793
-12.58314, 2.988451, 0.2301501, 118.8055, 33.14818
-12.58314, 3.138451, 0.2301501, 118.8055, 21.2907
box_8_lizol(Clone) stack 151 Shelf_2 Rack_1_1_2
-11.60643, 2.565368, 0.2357813, 196.0466, 66.64349
-11.80567, 2.565368, 0.2183502, 180.1711, 66.48627
-11.82718, 2.565368, 0.4642195, 180.4017, 68.63925
-11.62794, 2.565368, 0.4816506, 195.7788, 68.78677
-11.82718, 2.565368, 0.4642195, 180.4017, 68.63925
-11.82718, 2.389118, 0.4642195, 180.4017, 82.15498
-11.62794, 2.389118, 0.4816506, 195.7788, 82.27245
-11.62794, 2.565368, 0.4816506, 195.7788, 68.78677
-11.62794, 2.565368, 0.4816506, 195.7788, 68.78677
-11.62794, 2.389118, 0.4816506, 195.7788, 82.27245
-11.60643, 2.389118, 0.2357813, 196.0466, 80.5657
-11.60643, 2.565368, 0.2357813, 196.0466, 66.64349
-11.80567, 2.389118, 0.2183501, 180.1711, 80.44051
-11.60643, 2.389118, 0.2357813, 196.0466, 80.5657
-11.62794, 2.389118, 0.4816506, 195.7788, 82.27245
-11.82718, 2.389118, 0.4642195, 180.4017, 82.15498
-11.80567, 2.565368, 0.2183502, 180.1711, 66.48627
-11.80567, 2.389118, 0.2183501, 180.1711, 80.44051
-11.82718, 2.389118, 0.4642195, 180.4017, 82.15498
-11.82718, 2.565368, 0.4642195, 180.4017, 68.63925
-11.60643, 2.565368, 0.2357813, 196.0466, 66.64349
-11.60643, 2.389118, 0.2357813, 196.0466, 80.5657
-11.80567, 2.389118, 0.2183501, 180.1711, 80.44051
-11.80567, 2.565368, 0.2183502, 180.1711, 66.48627
box_8_lizol(Clone) stack 151 Shelf_2 Rack_1_1_2
-11.60643, 2.741618, 0.2357813, 196.0466, 52.72131
-11.80567, 2.741618, 0.2183502, 180.1711, 52.53204
-11.82718, 2.741618, 0.4642195, 180.4017, 55.12355
-11.62794, 2.741618, 0.4816506, 195.7788, 55.30109
-11.82718, 2.741618, 0.4642195, 180.4017, 55.12355
-11.82718, 2.565368, 0.4642195, 180.4017, 68.63925
-11.62794, 2.565368, 0.4816506, 195.7788, 68.78677
-11.62794, 2.741618, 0.4816506, 195.7788, 55.30109
-11.62794, 2.741618, 0.4816506, 195.7788, 55.30109
-11.62794, 2.565368, 0.4816506, 195.7788, 68.78677
-11.60643, 2.565368, 0.2357813, 196.0466, 66.64349
-11.60643, 2.741618, 0.2357813, 196.0466, 52.72131
-11.80567, 2.565368, 0.2183501, 180.1711, 66.48627
-11.60643, 2.565368, 0.2357813, 196.0466, 66.64349
-11.62794, 2.565368, 0.4816506, 195.7788, 68.78677
-11.82718, 2.565368, 0.4642195, 180.4017, 68.63925
-11.80567, 2.741618, 0.2183502, 180.1711, 52.53204
-11.80567, 2.565368, 0.2183501, 180.1711, 66.48627
-11.82718, 2.565368, 0.4642195, 180.4017, 68.63925
-11.82718, 2.741618, 0.4642195, 180.4017, 55.12355
-11.60643, 2.741618, 0.2357813, 196.0466, 52.72131
-11.60643, 2.565368, 0.2357813, 196.0466, 66.64349
-11.80567, 2.565368, 0.2183501, 180.1711, 66.48627
-11.80567, 2.741618, 0.2183502, 180.1711, 52.53204
box_8_lizol(Clone) stack 151 Shelf_2 Rack_1_1_2
-11.60446, 2.917868, 0.237725, 196.2139, 38.8237
-11.80336, 2.917868, 0.2168193, 180.3421, 38.55835
-11.82916, 2.917868, 0.4622758, 180.2352, 41.58461
-11.63026, 2.917868, 0.4831815, 195.6106, 41.83359
-11.82916, 2.917868, 0.4622758, 180.2352, 41.58461
-11.82916, 2.741618, 0.4622758, 180.2352, 55.10368
-11.63026, 2.741618, 0.4831815, 195.6106, 55.31665
-11.63026, 2.917868, 0.4831815, 195.6106, 41.83359
-11.63026, 2.917868, 0.4831815, 195.6106, 41.83359
-11.63026, 2.741618, 0.4831815, 195.6106, 55.31665
-11.60446, 2.741618, 0.237725, 196.2139, 52.74236
-11.60446, 2.917868, 0.237725, 196.2139, 38.8237
-11.80336, 2.741618, 0.2168193, 180.3421, 52.5154
-11.60446, 2.741618, 0.237725, 196.2139, 52.74236
-11.63026, 2.741618, 0.4831815, 195.6106, 55.31665
-11.82916, 2.741618, 0.4622758, 180.2352, 55.10368
-11.80336, 2.917868, 0.2168193, 180.3421, 38.55835
-11.80336, 2.741618, 0.2168193, 180.3421, 52.5154
-11.82916, 2.741618, 0.4622758, 180.2352, 55.10368
-11.82916, 2.917868, 0.4622758, 180.2352, 41.58461
-11.60446, 2.917868, 0.237725, 196.2139, 38.8237
-11.60446, 2.741618, 0.237725, 196.2139, 52.74236
-11.80336, 2.741618, 0.2168193, 180.3421, 52.5154
-11.80336, 2.917868, 0.2168193, 180.3421, 38.55835
box_8_lizol(Clone) stack 151 Shelf_2 Rack_1_1_2
-11.60252, 3.094118, 0.2397029, 196.3787, 24.93373
-11.80102, 3.094118, 0.2153291, 180.5155, 24.57957
-11.8311, 3.094118, 0.4602979, 180.0711, 28.03847
-11.63259, 3.094118, 0.4846717, 195.4402, 28.37083
-11.8311, 3.094118, 0.4602979, 180.0711, 28.03847
-11.8311, 2.917868, 0.4602979, 180.0711, 41.56097
-11.63259, 2.917868, 0.4846717, 195.4402, 41.8513
-11.63259, 3.094118, 0.4846717, 195.4402, 28.37083
-11.63259, 3.094118, 0.4846717, 195.4402, 28.37083
-11.63259, 2.917868, 0.4846717, 195.4402, 41.8513
-11.60252, 2.917868, 0.2397029, 196.3787, 38.84872
-11.60252, 3.094118, 0.2397029, 196.3787, 24.93373
-11.80102, 2.917868, 0.215329, 180.5155, 38.53937
-11.60252, 2.917868, 0.2397029, 196.3787, 38.84872
-11.63259, 2.917868, 0.4846717, 195.4402, 41.8513
-11.8311, 2.917868, 0.4602979, 180.0711, 41.56097
-11.80102, 3.094118, 0.2153291, 180.5155, 24.57957
-11.80102, 2.917868, 0.215329, 180.5155, 38.53937
-11.8311, 2.917868, 0.4602979, 180.0711, 41.56097
-11.8311, 3.094118, 0.4602979, 180.0711, 28.03847
-11.60252, 3.094118, 0.2397029, 196.3787, 24.93373
-11.60252, 2.917868, 0.2397029, 196.3787, 38.84872
-11.80102, 2.917868, 0.215329, 180.5155, 38.53937
-11.80102, 3.094118, 0.2153291, 180.5155, 24.57957
box_7_litchi(Clone) stack 152 Shelf_2 Rack_1_1_2
-11.24554, 2.599012, 0.2500004, 224.5831, 64.11862
-11.44554, 2.599012, 0.2500004, 208.8142, 64.11862
-11.44554, 2.599012, 0.4500003, 209.6128, 65.93376
-11.24554, 2.599012, 0.4500003, 224.9779, 65.93376
-11.44554, 2.599012, 0.4500003, 209.6128, 65.93376
-11.44554, 2.389012, 0.4500004, 209.6128, 82.06693
-11.24554, 2.389012, 0.4500004, 224.9779, 82.06693
-11.24554, 2.599012, 0.4500003, 224.9779, 65.93376
-11.24554, 2.599012, 0.4500003, 224.9779, 65.93376
-11.24554, 2.389012, 0.4500004, 224.9779, 82.06693
-11.24554, 2.389012, 0.2500004, 224.5831, 80.67577
-11.24554, 2.599012, 0.2500004, 224.5831, 64.11862
-11.44554, 2.389012, 0.2500004, 208.8142, 80.67577
-11.24554, 2.389012, 0.2500004, 224.5831, 80.67577
-11.24554, 2.389012, 0.4500004, 224.9779, 82.06693
-11.44554, 2.389012, 0.4500004, 209.6128, 82.06693
-11.44554, 2.599012, 0.2500004, 208.8142, 64.11862
-11.44554, 2.389012, 0.2500004, 208.8142, 80.67577
-11.44554, 2.389012, 0.4500004, 209.6128, 82.06693
-11.44554, 2.599012, 0.4500003, 209.6128, 65.93376
-11.24554, 2.599012, 0.2500004, 224.5831, 64.11862
-11.24554, 2.389012, 0.2500004, 224.5831, 80.67577
-11.44554, 2.389012, 0.2500004, 208.8142, 80.67577
-11.44554, 2.599012, 0.2500004, 208.8142, 64.11862
box_7_litchi(Clone) stack 152 Shelf_2 Rack_1_1_2
-11.25654, 2.809012, 0.2400953, 223.6945, 47.44748
-11.45544, 2.809012, 0.2610011, 208.0795, 47.68767
-11.43454, 2.809012, 0.4599054, 210.4954, 49.90851
-11.23563, 2.809012, 0.4389997, 225.7186, 49.68042
-11.43454, 2.809012, 0.4599054, 210.4954, 49.90851
-11.43454, 2.599012, 0.4599054, 210.4954, 66.02124
-11.23563, 2.599012, 0.4389997, 225.7186, 65.83635
-11.23563, 2.809012, 0.4389997, 225.7186, 49.68042
-11.23563, 2.809012, 0.4389997, 225.7186, 49.68042
-11.23563, 2.599012, 0.4389997, 225.7186, 65.83635
-11.25654, 2.599012, 0.2400953, 223.6945, 64.02625
-11.25654, 2.809012, 0.2400953, 223.6945, 47.44748
-11.45544, 2.599012, 0.2610011, 208.0795, 64.22093
-11.25654, 2.599012, 0.2400953, 223.6945, 64.02625
-11.23563, 2.599012, 0.4389997, 225.7186, 65.83635
-11.43454, 2.599012, 0.4599054, 210.4954, 66.02124
-11.45544, 2.809012, 0.2610011, 208.0795, 47.68767
-11.45544, 2.599012, 0.2610011, 208.0795, 64.22093
-11.43454, 2.599012, 0.4599054, 210.4954, 66.02124
-11.43454, 2.809012, 0.4599054, 210.4954, 49.90851
-11.25654, 2.809012, 0.2400953, 223.6945, 47.44748
-11.25654, 2.599012, 0.2400953, 223.6945, 64.02625
-11.45544, 2.599012, 0.2610011, 208.0795, 64.22093
-11.45544, 2.809012, 0.2610011, 208.0795, 47.68767
box_7_litchi(Clone) stack 152 Shelf_2 Rack_1_1_2
-11.23881, 3.019012, 0.2572196, 225.1279, 31.10286
-11.43832, 3.019012, 0.2432683, 209.3563, 30.91222
-11.45227, 3.019012, 0.4427811, 209.0671, 33.57368
-11.25276, 3.019012, 0.4567324, 224.4366, 33.7547
-11.45227, 3.019012, 0.4427811, 209.0671, 33.57368
-11.45227, 2.809012, 0.4427811, 209.0671, 49.72177
-11.25276, 2.809012, 0.4567324, 224.4366, 49.87396
-11.25276, 3.019012, 0.4567324, 224.4366, 33.7547
-11.25276, 3.019012, 0.4567324, 224.4366, 33.7547
-11.25276, 2.809012, 0.4567324, 224.4366, 49.87396
-11.23881, 2.809012, 0.2572196, 225.1279, 47.64432
-11.23881, 3.019012, 0.2572196, 225.1279, 31.10286
-11.43832, 2.809012, 0.2432683, 209.3563, 47.48402
-11.23881, 2.809012, 0.2572196, 225.1279, 47.64432
-11.25276, 2.809012, 0.4567324, 224.4366, 49.87396
-11.45227, 2.809012, 0.4427811, 209.0671, 49.72177
-11.43832, 3.019012, 0.2432683, 209.3563, 30.91222
-11.43832, 2.809012, 0.2432683, 209.3563, 47.48402
-11.45227, 2.809012, 0.4427811, 209.0671, 49.72177
-11.45227, 3.019012, 0.4427811, 209.0671, 33.57368
-11.23881, 3.019012, 0.2572196, 225.1279, 31.10286
-11.23881, 2.809012, 0.2572196, 225.1279, 47.64432
-11.43832, 2.809012, 0.2432683, 209.3563, 47.48402
-11.43832, 3.019012, 0.2432683, 209.3563, 30.91222
