box_8_lizol(Clone) stack 115 Shelf_0 Rack_1_1_0
-6.611214, 0.1961813, 0.2248697, 349.8597, 253.9594
-6.811183, 0.1961813, 0.2283601, 333.9979, 253.9046
-6.806876, 0.1961813, 0.4751311, 331.3672, 250.1597
-6.606906, 0.1961813, 0.4716406, 346.7281, 250.211
-6.806876, 0.1961813, 0.4751311, 331.3672, 250.1597
-6.806876, 0.01993132, 0.4751311, 331.3672, 263.6566
-6.606906, 0.01993132, 0.4716406, 346.7281, 263.7139
-6.606906, 0.1961813, 0.4716406, 346.7281, 250.211
-6.606906, 0.1961813, 0.4716406, 346.7281, 250.211
-6.606906, 0.01993132, 0.4716406, 346.7281, 263.7139
-6.611214, 0.01993129, 0.2248697, 349.8597, 267.9016
-6.611214, 0.1961813, 0.2248697, 349.8597, 253.9594
-6.811183, 0.01993129, 0.2283601, 333.9979, 267.8405
-6.611214, 0.01993129, 0.2248697, 349.8597, 267.9016
-6.606906, 0.01993132, 0.4716406, 346.7281, 263.7139
-6.806876, 0.01993132, 0.4751311, 331.3672, 263.6566
-6.811183, 0.1961813, 0.2283601, 333.9979, 253.9046
-6.811183, 0.01993129, 0.2283601, 333.9979, 267.8405
-6.806876, 0.01993132, 0.4751311, 331.3672, 263.6566
-6.806876, 0.1961813, 0.4751311, 331.3672, 250.1597
-6.611214, 0.1961813, 0.2248697, 349.8597, 253.9594
-6.611214, 0.01993129, 0.2248697, 349.8597, 267.9016
-6.811183, 0.01993129, 0.2283601, 333.9979, 267.8405
-6.811183, 0.1961813, 0.2283601, 333.9979, 253.9046
box_3_Hareli(Clone) stack 116 Shelf_0 Rack_1_1_0
-6.990609, 0.1692639, 0.2472439, 319.6128, 255.7325
-7.190121, 0.1692639, 0.2332926, 303.9942, 255.9543
-7.205468, 0.1692639, 0.4527568, 301.018, 252.5567
-7.005955, 0.1692639, 0.4667081, 316.204, 252.3471
-7.205468, 0.1692639, 0.4527568, 301.018, 252.5567
-7.205468, 0.01926389, 0.4527568, 301.018, 264.0763
-7.005955, 0.01926389, 0.4667081, 316.204, 263.8462
-7.005955, 0.1692639, 0.4667081, 316.204, 252.3471
-7.005955, 0.1692639, 0.4667081, 316.204, 252.3471
-7.005955, 0.01926389, 0.4667081, 316.204, 263.8462
-6.990609, 0.01926386, 0.247244, 319.6128, 267.5634
-6.990609, 0.1692639, 0.2472439, 319.6128, 255.7325
-7.190121, 0.01926386, 0.2332927, 303.9942, 267.8069
-6.990609, 0.01926386, 0.247244, 319.6128, 267.5634
-7.005955, 0.01926389, 0.4667081, 316.204, 263.8462
-7.205468, 0.01926389, 0.4527568, 301.018, 264.0763
-7.190121, 0.1692639, 0.2332926, 303.9942, 255.9543
-7.190121, 0.01926386, 0.2332927, 303.9942, 267.8069
-7.205468, 0.01926389, 0.4527568, 301.018, 264.0763
-7.205468, 0.1692639, 0.4527568, 301.018, 252.5567
-6.990609, 0.1692639, 0.2472439, 319.6128, 255.7325
-6.990609, 0.01926386, 0.247244, 319.6128, 267.5634
-7.190121, 0.01926386, 0.2332927, 303.9942, 267.8069
-7.190121, 0.1692639, 0.2332926, 303.9942, 255.9543
box_1_Parle-G-GOLD(Clone) stack 117 Shelf_0 Rack_1_1_0
-7.368715, 0.1916559, 0.2474137, 289.7897, 253.9638
-7.568684, 0.1916559, 0.2439232, 274.0336, 254.0184
-7.572326, 0.1916559, 0.4525871, 272.8449, 250.8396
-7.372357, 0.1916559, 0.4560776, 288.1808, 250.7878
-7.572326, 0.1916559, 0.4525871, 272.8449, 250.8396
-7.572326, 0.01915592, 0.4525871, 272.8449, 264.0874
-7.372357, 0.01915592, 0.4560776, 288.1808, 264.0298
-7.372357, 0.1916559, 0.4560776, 288.1808, 250.7878
-7.372357, 0.1916559, 0.4560776, 288.1808, 250.7878
-7.372357, 0.01915592, 0.4560776, 288.1808, 264.0298
-7.368715, 0.01915589, 0.2474137, 289.7897, 267.5689
-7.368715, 0.1916559, 0.2474137, 289.7897, 253.9638
-7.568684, 0.01915589, 0.2439232, 274.0336, 267.6298
-7.368715, 0.01915589, 0.2474137, 289.7897, 267.5689
-7.372357, 0.01915592, 0.4560776, 288.1808, 264.0298
-7.572326, 0.01915592, 0.4525871, 272.8449, 264.0874
-7.568684, 0.1916559, 0.2439232, 274.0336, 254.0184
-7.568684, 0.01915589, 0.2439232, 274.0336, 267.6298
-7.572326, 0.01915592, 0.4525871, 272.8449, 264.0874
-7.572326, 0.1916559, 0.4525871, 272.8449, 250.8396
-7.368715, 0.1916559, 0.2474137, 289.7897, 253.9638
-7.368715, 0.01915589, 0.2474137, 289.7897, 267.5689
-7.568684, 0.01915589, 0.2439232, 274.0336, 267.6298
-7.568684, 0.1916559, 0.2439232, 274.0336, 254.0184
box_1_Parle-G-GOLD(Clone) stack 117 Shelf_0 Rack_1_1_0
-7.372357, 0.3641559, 0.2439232, 289.5251, 240.407
-7.572326, 0.3641559, 0.2474137, 273.7308, 240.3586
-7.568684, 0.3641559, 0.4560776, 273.1098, 237.5459
-7.368715, 0.3641559, 0.4525871, 288.4821, 237.5917
-7.568684, 0.3641559, 0.4560776, 273.1098, 237.5459
-7.568684, 0.1916559, 0.4560776, 273.1098, 250.7878
-7.368715, 0.1916559, 0.4525871, 288.4821, 250.8396
-7.368715, 0.3641559, 0.4525871, 288.4821, 237.5917
-7.368715, 0.3641559, 0.4525871, 288.4821, 237.5917
-7.368715, 0.1916559, 0.4525871, 288.4821, 250.8396
-7.372357, 0.1916559, 0.2439232, 289.5251, 254.0184
-7.372357, 0.3641559, 0.2439232, 289.5251, 240.407
-7.572326, 0.1916559, 0.2474137, 273.7308, 253.9638
-7.372357, 0.1916559, 0.2439232, 289.5251, 254.0184
-7.368715, 0.1916559, 0.4525871, 288.4821, 250.8396
-7.568684, 0.1916559, 0.4560776, 273.1098, 250.7878
-7.572326, 0.3641559, 0.2474137, 273.7308, 240.3586
-7.572326, 0.1916559, 0.2474137, 273.7308, 253.9638
-7.568684, 0.1916559, 0.4560776, 273.1098, 250.7878
-7.568684, 0.3641559, 0.4560776, 273.1098, 237.5459
-7.372357, 0.3641559, 0.2439232, 289.5251, 240.407
-7.372357, 0.1916559, 0.2439232, 289.5251, 254.0184
-7.572326, 0.1916559, 0.2474137, 273.7308, 253.9638
-7.572326, 0.3641559, 0.2474137, 273.7308, 240.3586
box4_Fairever(Clone) stack 118 Shelf_0 Rack_1_1_0
-7.730128, 0.1847178, 0.2429189, 261.2974, 254.5816
-7.929032, 0.1847178, 0.2220132, 245.616, 254.9113
-7.953739, 0.1847178, 0.4570819, 243.5507, 251.3055
-7.754835, 0.1847178, 0.4779876, 258.7673, 250.9953
-7.953739, 0.1847178, 0.4570819, 243.5507, 251.3055
-7.953739, 0.01971789, 0.4570819, 243.5507, 263.97
-7.754835, 0.01971789, 0.4779876, 258.7673, 263.626
-7.754835, 0.1847178, 0.4779876, 258.7673, 250.9953
-7.754835, 0.1847178, 0.4779876, 258.7673, 250.9953
-7.754835, 0.01971789, 0.4779876, 258.7673, 263.626
-7.730128, 0.01971789, 0.2429189, 261.2974, 267.6029
-7.730128, 0.1847178, 0.2429189, 261.2974, 254.5816
-7.929032, 0.01971789, 0.2220132, 245.616, 267.9686
-7.730128, 0.01971789, 0.2429189, 261.2974, 267.6029
-7.754835, 0.01971789, 0.4779876, 258.7673, 263.626
-7.953739, 0.01971789, 0.4570819, 243.5507, 263.97
-7.929032, 0.1847178, 0.2220132, 245.616, 254.9113
-7.929032, 0.01971789, 0.2220132, 245.616, 267.9686
-7.953739, 0.01971789, 0.4570819, 243.5507, 263.97
-7.953739, 0.1847178, 0.4570819, 243.5507, 251.3055
-7.730128, 0.1847178, 0.2429189, 261.2974, 254.5816
-7.730128, 0.01971789, 0.2429189, 261.2974, 267.6029
-7.929032, 0.01971789, 0.2220132, 245.616, 267.9686
-7.929032, 0.1847178, 0.2220132, 245.616, 254.9113
box4_Fairever(Clone) stack 118 Shelf_0 Rack_1_1_0
-7.744011, 0.3497178, 0.2300913, 260.2359, 241.7404
-7.943981, 0.3497178, 0.2335818, 244.4262, 241.6913
-7.939856, 0.3497179, 0.4699094, 244.6087, 238.4711
-7.739886, 0.3497179, 0.4664189, 259.9411, 238.5172
-7.939856, 0.3497179, 0.4699094, 244.6087, 238.4711
-7.939856, 0.1847179, 0.4699094, 244.6087, 251.1149
-7.739886, 0.1847179, 0.4664189, 259.9411, 251.1667
-7.739886, 0.3497179, 0.4664189, 259.9411, 238.5172
-7.739886, 0.3497179, 0.4664189, 259.9411, 238.5172
-7.739886, 0.1847179, 0.4664189, 259.9411, 251.1667
-7.744011, 0.1847178, 0.2300914, 260.2359, 254.7837
-7.744011, 0.3497178, 0.2300913, 260.2359, 241.7404
-7.943981, 0.1847178, 0.2335818, 244.4262, 254.7287
-7.744011, 0.1847178, 0.2300914, 260.2359, 254.7837
-7.739886, 0.1847179, 0.4664189, 259.9411, 251.1667
-7.939856, 0.1847179, 0.4699094, 244.6087, 251.1149
-7.943981, 0.3497178, 0.2335818, 244.4262, 241.6913
-7.943981, 0.1847178, 0.2335818, 244.4262, 254.7287
-7.939856, 0.1847179, 0.4699094, 244.6087, 251.1149
-7.939856, 0.3497179, 0.4699094, 244.6087, 238.4711
-7.744011, 0.3497178, 0.2300913, 260.2359, 241.7404
-7.744011, 0.1847178, 0.2300914, 260.2359, 254.7837
-7.943981, 0.1847178, 0.2335818, 244.4262, 254.7287
-7.943981, 0.3497178, 0.2335818, 244.4262, 241.6913
box4_Fairever(Clone) stack 118 Shelf_0 Rack_1_1_0
-7.728276, 0.5147178, 0.2448864, 261.438, 228.5148
-7.926785, 0.5147178, 0.2205126, 245.7949, 228.8155
-7.955591, 0.5147178, 0.4551143, 243.4094, 225.9992
-7.757082, 0.5147178, 0.4794882, 258.5919, 225.7163
-7.955591, 0.5147178, 0.4551143, 243.4094, 225.9992
-7.955591, 0.3497178, 0.4551143, 243.4094, 238.667
-7.757082, 0.3497178, 0.4794882, 258.5919, 238.3447
-7.757082, 0.5147178, 0.4794882, 258.5919, 225.7163
-7.757082, 0.5147178, 0.4794882, 258.5919, 225.7163
-7.757082, 0.3497178, 0.4794882, 258.5919, 238.3447
-7.728276, 0.3497178, 0.2448865, 261.438, 241.5327
-7.728276, 0.5147178, 0.2448864, 261.438, 228.5148
-7.926785, 0.3497178, 0.2205126, 245.7949, 241.8753
-7.728276, 0.3497178, 0.2448865, 261.438, 241.5327
-7.757082, 0.3497178, 0.4794882, 258.5919, 238.3447
-7.955591, 0.3497178, 0.4551143, 243.4094, 238.667
-7.926785, 0.5147178, 0.2205126, 245.7949, 228.8155
-7.926785, 0.3497178, 0.2205126, 245.7949, 241.8753
-7.955591, 0.3497178, 0.4551143, 243.4094, 238.667
-7.955591, 0.5147178, 0.4551143, 243.4094, 225.9992
-7.728276, 0.5147178, 0.2448864, 261.438, 228.5148
-7.728276, 0.3497178, 0.2448865, 261.438, 241.5327
-7.926785, 0.3497178, 0.2205126, 245.7949, 241.8753
-7.926785, 0.5147178, 0.2205126, 245.7949, 228.8155
box4_Fairever(Clone) stack 118 Shelf_0 Rack_1_1_0
-7.733933, 0.6797177, 0.2390821, 261.0078, 215.5583
-7.933446, 0.6797177, 0.2251308, 245.2645, 215.7065
-7.949934, 0.6797178, 0.4609186, 243.8408, 213.2733
-7.750421, 0.6797178, 0.4748699, 259.1129, 213.134
-7.949934, 0.6797178, 0.4609186, 243.8408, 213.2733
-7.949934, 0.5147178, 0.4609186, 243.8408, 225.9317
-7.750421, 0.5147178, 0.4748699, 259.1129, 225.7698
-7.750421, 0.6797178, 0.4748699, 259.1129, 213.134
-7.750421, 0.6797178, 0.4748699, 259.1129, 213.134
-7.750421, 0.5147178, 0.4748699, 259.1129, 225.7698
-7.733933, 0.5147178, 0.2390821, 261.0078, 228.5862
-7.733933, 0.6797177, 0.2390821, 261.0078, 215.5583
-7.933446, 0.5147178, 0.2251309, 245.2645, 228.7583
-7.733933, 0.5147178, 0.2390821, 261.0078, 228.5862
-7.750421, 0.5147178, 0.4748699, 259.1129, 225.7698
-7.949934, 0.5147178, 0.4609186, 243.8408, 225.9317
-7.933446, 0.6797177, 0.2251308, 245.2645, 215.7065
-7.933446, 0.5147178, 0.2251309, 245.2645, 228.7583
-7.949934, 0.5147178, 0.4609186, 243.8408, 225.9317
-7.949934, 0.6797178, 0.4609186, 243.8408, 213.2733
-7.733933, 0.6797177, 0.2390821, 261.0078, 215.5583
-7.733933, 0.5147178, 0.2390821, 261.0078, 228.5862
-7.933446, 0.5147178, 0.2251309, 245.2645, 228.7583
-7.933446, 0.6797177, 0.2251308, 245.2645, 215.7065
box4_Fairever(Clone) stack 118 Shelf_0 Rack_1_1_0
-7.732014, 0.8447177, 0.2409839, 261.1539, 202.5135
-7.931253, 0.8447177, 0.2235528, 245.4391, 202.6687
-7.951853, 0.8447177, 0.4590169, 243.6945, 200.631
-7.752614, 0.8447177, 0.476448, 258.9411, 200.485
-7.951853, 0.8447177, 0.4590169, 243.6945, 200.631
-7.951853, 0.6797177, 0.4590169, 243.6945, 213.2924
-7.752614, 0.6797177, 0.476448, 258.9411, 213.1182
-7.752614, 0.8447177, 0.476448, 258.9411, 200.485
-7.752614, 0.8447177, 0.476448, 258.9411, 200.485
-7.752614, 0.6797177, 0.476448, 258.9411, 213.1182
-7.732014, 0.6797177, 0.2409839, 261.1539, 215.5382
-7.732014, 0.8447177, 0.2409839, 261.1539, 202.5135
-7.931253, 0.6797177, 0.2235527, 245.4391, 215.7233
-7.732014, 0.6797177, 0.2409839, 261.1539, 215.5382
-7.752614, 0.6797177, 0.476448, 258.9411, 213.1182
-7.951853, 0.6797177, 0.4590169, 243.6945, 213.2924
-7.931253, 0.8447177, 0.2235528, 245.4391, 202.6687
-7.931253, 0.6797177, 0.2235527, 245.4391, 215.7233
-7.951853, 0.6797177, 0.4590169, 243.6945, 213.2924
-7.951853, 0.8447177, 0.4590169, 243.6945, 200.631
-7.732014, 0.8447177, 0.2409839, 261.1539, 202.5135
-7.732014, 0.6797177, 0.2409839, 261.1539, 215.5382
-7.931253, 0.6797177, 0.2235527, 245.4391, 215.7233
-7.931253, 0.8447177, 0.2235528, 245.4391, 202.6687
box4_Fairever(Clone) stack 119 Shelf_1 Rack_1_1_0
-8.047181, 1.369311, 0.2409839, 236.2756, 161.1036
-8.24642, 1.369311, 0.2235528, 220.5035, 161.1636
-8.26702, 1.369311, 0.4590169, 219.5099, 160.3757
-8.067781, 1.369311, 0.476448, 234.8103, 160.3193
-8.26702, 1.369311, 0.4590169, 219.5099, 160.3757
-8.26702, 1.204311, 0.4590169, 219.5099, 173.0372
-8.067781, 1.204311, 0.476448, 234.8103, 172.9525
-8.067781, 1.369311, 0.476448, 234.8103, 160.3193
-8.067781, 1.369311, 0.476448, 234.8103, 160.3193
-8.067781, 1.204311, 0.476448, 234.8103, 172.9525
-8.047181, 1.204311, 0.2409839, 236.2756, 174.1282
-8.047181, 1.369311, 0.2409839, 236.2756, 161.1036
-8.24642, 1.204311, 0.2235527, 220.5035, 174.2182
-8.047181, 1.204311, 0.2409839, 236.2756, 174.1282
-8.067781, 1.204311, 0.476448, 234.8103, 172.9525
-8.26702, 1.204311, 0.4590169, 219.5099, 173.0372
-8.24642, 1.369311, 0.2235528, 220.5035, 161.1636
-8.24642, 1.204311, 0.2235527, 220.5035, 174.2182
-8.26702, 1.204311, 0.4590169, 219.5099, 173.0372
-8.26702, 1.369311, 0.4590169, 219.5099, 160.3757
-8.047181, 1.369311, 0.2409839, 236.2756, 161.1036
-8.047181, 1.204311, 0.2409839, 236.2756, 174.1282
-8.24642, 1.204311, 0.2235527, 220.5035, 174.2182
-8.24642, 1.369311, 0.2235528, 220.5035, 161.1636
box4_Fairever(Clone) stack 119 Shelf_1 Rack_1_1_0
-8.053037, 1.534311, 0.2353805, 235.8103, 148.0886
-8.252915, 1.534311, 0.2284006, 220.0024, 148.1007
-8.261165, 1.534311, 0.4646202, 219.9736, 147.7052
-8.061286, 1.534311, 0.4716001, 235.3046, 147.6938
-8.261165, 1.534311, 0.4646202, 219.9736, 147.7052
-8.261165, 1.369311, 0.4646202, 219.9736, 160.3575
-8.061286, 1.369311, 0.4716001, 235.3046, 160.335
-8.061286, 1.534311, 0.4716001, 235.3046, 147.6938
-8.061286, 1.534311, 0.4716001, 235.3046, 147.6938
-8.061286, 1.369311, 0.4716001, 235.3046, 160.335
-8.053037, 1.369311, 0.2353805, 235.8103, 161.1229
-8.053037, 1.534311, 0.2353805, 235.8103, 148.0886
-8.252915, 1.369311, 0.2284006, 220.0024, 161.1469
-8.053037, 1.369311, 0.2353805, 235.8103, 161.1229
-8.061286, 1.369311, 0.4716001, 235.3046, 160.335
-8.261165, 1.369311, 0.4646202, 219.9736, 160.3575
-8.252915, 1.534311, 0.2284006, 220.0024, 148.1007
-8.252915, 1.369311, 0.2284006, 220.0024, 161.1469
-8.261165, 1.369311, 0.4646202, 219.9736, 160.3575
-8.261165, 1.534311, 0.4646202, 219.9736, 147.7052
-8.053037, 1.534311, 0.2353805, 235.8103, 148.0886
-8.053037, 1.369311, 0.2353805, 235.8103, 161.1229
-8.252915, 1.369311, 0.2284006, 220.0024, 161.1469
-8.252915, 1.534311, 0.2284006, 220.0024, 148.1007
box4_Fairever(Clone) stack 119 Shelf_1 Rack_1_1_0
-8.0571, 1.699311, 0.2318186, 235.4872, 135.0544
-8.257101, 1.699311, 0.2318186, 219.6806, 135.0544
-8.257101, 1.699311, 0.4681821, 220.2941, 135.0528
-8.0571, 1.699311, 0.4681821, 235.6234, 135.0528
-8.257101, 1.699311, 0.4681821, 220.2941, 135.0528
-8.257101, 1.534311, 0.4681821, 220.2941, 147.6994
-8.0571, 1.534311, 0.4681821, 235.6234, 147.6994
-8.0571, 1.699311, 0.4681821, 235.6234, 135.0528
-8.0571, 1.699311, 0.4681821, 235.6234, 135.0528
-8.0571, 1.534311, 0.4681821, 235.6234, 147.6994
-8.0571, 1.534311, 0.2318186, 235.4872, 148.0948
-8.0571, 1.699311, 0.2318186, 235.4872, 135.0544
-8.257101, 1.534311, 0.2318186, 219.6806, 148.0948
-8.0571, 1.534311, 0.2318186, 235.4872, 148.0948
-8.0571, 1.534311, 0.4681821, 235.6234, 147.6994
-8.257101, 1.534311, 0.4681821, 220.2941, 147.6994
-8.257101, 1.699311, 0.2318186, 219.6806, 135.0544
-8.257101, 1.534311, 0.2318186, 219.6806, 148.0948
-8.257101, 1.534311, 0.4681821, 220.2941, 147.6994
-8.257101, 1.699311, 0.4681821, 220.2941, 135.0528
-8.0571, 1.699311, 0.2318186, 235.4872, 135.0544
-8.0571, 1.534311, 0.2318186, 235.4872, 148.0948
-8.257101, 1.534311, 0.2318186, 219.6806, 148.0948
-8.257101, 1.699311, 0.2318186, 219.6806, 135.0544
box4_Fairever(Clone) stack 119 Shelf_1 Rack_1_1_0
-8.055054, 1.864311, 0.2335818, 235.6499, 122.0171
-8.255023, 1.864311, 0.2300913, 219.8402, 122.0111
-8.259148, 1.864311, 0.4664189, 220.1328, 122.4034
-8.059178, 1.864311, 0.4699094, 235.4652, 122.409
-8.259148, 1.864311, 0.4664189, 220.1328, 122.4034
-8.259148, 1.699311, 0.4664189, 220.1328, 135.0528
-8.059178, 1.699311, 0.4699094, 235.4652, 135.0528
-8.059178, 1.864311, 0.4699094, 235.4652, 122.409
-8.059178, 1.864311, 0.4699094, 235.4652, 122.409
-8.059178, 1.699311, 0.4699094, 235.4652, 135.0528
-8.055054, 1.699311, 0.2335818, 235.6499, 135.0544
-8.055054, 1.864311, 0.2335818, 235.6499, 122.0171
-8.255023, 1.699311, 0.2300914, 219.8402, 135.0545
-8.055054, 1.699311, 0.2335818, 235.6499, 135.0544
-8.059178, 1.699311, 0.4699094, 235.4652, 135.0528
-8.259148, 1.699311, 0.4664189, 220.1328, 135.0528
-8.255023, 1.864311, 0.2300913, 219.8402, 122.0111
-8.255023, 1.699311, 0.2300914, 219.8402, 135.0545
-8.259148, 1.699311, 0.4664189, 220.1328, 135.0528
-8.259148, 1.864311, 0.4664189, 220.1328, 122.4034
-8.055054, 1.864311, 0.2335818, 235.6499, 122.0171
-8.055054, 1.699311, 0.2335818, 235.6499, 135.0544
-8.255023, 1.699311, 0.2300914, 219.8402, 135.0545
-8.255023, 1.864311, 0.2300913, 219.8402, 122.0111
box4_Fairever(Clone) stack 119 Shelf_1 Rack_1_1_0
-8.0571, 2.029311, 0.2318186, 235.4872, 108.9737
-8.257101, 2.029311, 0.2318186, 219.6806, 108.9737
-8.257101, 2.029311, 0.4681821, 220.2941, 109.7596
-8.0571, 2.029311, 0.4681821, 235.6234, 109.7596
-8.257101, 2.029311, 0.4681821, 220.2941, 109.7596
-8.257101, 1.864311, 0.4681821, 220.2941, 122.4062
-8.0571, 1.864311, 0.4681821, 235.6234, 122.4062
-8.0571, 2.029311, 0.4681821, 235.6234, 109.7596
-8.0571, 2.029311, 0.4681821, 235.6234, 109.7596
-8.0571, 1.864311, 0.4681821, 235.6234, 122.4062
-8.0571, 1.864311, 0.2318186, 235.4872, 122.0141
-8.0571, 2.029311, 0.2318186, 235.4872, 108.9737
-8.257101, 1.864311, 0.2318186, 219.6806, 122.0141
-8.0571, 1.864311, 0.2318186, 235.4872, 122.0141
-8.0571, 1.864311, 0.4681821, 235.6234, 122.4062
-8.257101, 1.864311, 0.4681821, 220.2941, 122.4062
-8.257101, 2.029311, 0.2318186, 219.6806, 108.9737
-8.257101, 1.864311, 0.2318186, 219.6806, 122.0141
-8.257101, 1.864311, 0.4681821, 220.2941, 122.4062
-8.257101, 2.029311, 0.4681821, 220.2941, 109.7596
-8.0571, 2.029311, 0.2318186, 235.4872, 108.9737
-8.0571, 1.864311, 0.2318186, 235.4872, 122.0141
-8.257101, 1.864311, 0.2318186, 219.6806, 122.0141
-8.257101, 2.029311, 0.2318186, 219.6806, 108.9737
box_3_Hareli(Clone) stack 120 Shelf_1 Rack_1_1_0
-7.651932, 1.353857, 0.2510558, 267.439, 162.2874
-7.850837, 1.353857, 0.2301501, 251.7912, 162.3625
-7.873833, 1.353857, 0.448945, 249.6939, 161.5959
-7.674929, 1.353857, 0.4698507, 264.9101, 161.5249
-7.873833, 1.353857, 0.448945, 249.6939, 161.5959
-7.873833, 1.203857, 0.448945, 249.6939, 173.1211
-7.674929, 1.203857, 0.4698507, 264.9101, 173.0193
-7.674929, 1.353857, 0.4698507, 264.9101, 161.5249
-7.674929, 1.353857, 0.4698507, 264.9101, 161.5249
-7.674929, 1.203857, 0.4698507, 264.9101, 173.0193
-7.651932, 1.203857, 0.2510558, 267.439, 174.1123
-7.651932, 1.353857, 0.2510558, 267.439, 162.2874
-7.850837, 1.203857, 0.2301501, 251.7912, 174.22
-7.651932, 1.203857, 0.2510558, 267.439, 174.1123
-7.674929, 1.203857, 0.4698507, 264.9101, 173.0193
-7.873833, 1.203857, 0.448945, 249.6939, 173.1211
-7.850837, 1.353857, 0.2301501, 251.7912, 162.3625
-7.850837, 1.203857, 0.2301501, 251.7912, 174.22
-7.873833, 1.203857, 0.448945, 249.6939, 173.1211
-7.873833, 1.353857, 0.448945, 249.6939, 161.5959
-7.651932, 1.353857, 0.2510558, 267.439, 162.2874
-7.651932, 1.203857, 0.2510558, 267.439, 174.1123
-7.850837, 1.203857, 0.2301501, 251.7912, 174.22
-7.850837, 1.353857, 0.2301501, 251.7912, 162.3625
box_3_Hareli(Clone) stack 120 Shelf_1 Rack_1_1_0
-7.668777, 1.503857, 0.2349175, 266.1666, 150.4953
-7.868503, 1.503857, 0.2453847, 250.374, 150.474
-7.856989, 1.503857, 0.4650832, 250.9656, 150.0396
-7.657263, 1.503857, 0.454616, 266.315, 150.0597
-7.856989, 1.503857, 0.4650832, 250.9656, 150.0396
-7.856989, 1.353857, 0.4650832, 250.9656, 161.541
-7.657263, 1.353857, 0.4546161, 266.315, 161.5766
-7.657263, 1.503857, 0.454616, 266.315, 150.0597
-7.657263, 1.503857, 0.454616, 266.315, 150.0597
-7.657263, 1.353857, 0.4546161, 266.315, 161.5766
-7.668777, 1.353857, 0.2349175, 266.1666, 162.3453
-7.668777, 1.503857, 0.2349175, 266.1666, 150.4953
-7.868503, 1.353857, 0.2453847, 250.374, 162.3077
-7.668777, 1.353857, 0.2349175, 266.1666, 162.3453
-7.657263, 1.353857, 0.4546161, 266.315, 161.5766
-7.856989, 1.353857, 0.4650832, 250.9656, 161.541
-7.868503, 1.503857, 0.2453847, 250.374, 150.474
-7.868503, 1.353857, 0.2453847, 250.374, 162.3077
-7.856989, 1.353857, 0.4650832, 250.9656, 161.541
-7.856989, 1.503857, 0.4650832, 250.9656, 150.0396
-7.668777, 1.503857, 0.2349175, 266.1666, 150.4953
-7.668777, 1.353857, 0.2349175, 266.1666, 162.3453
-7.868503, 1.353857, 0.2453847, 250.374, 162.3077
-7.868503, 1.503857, 0.2453847, 250.374, 150.474
box_3_Hareli(Clone) stack 120 Shelf_1 Rack_1_1_0
-7.662883, 1.653857, 0.2400003, 266.6144, 138.6428
-7.862883, 1.653857, 0.2400003, 250.825, 138.6428
-7.862883, 1.653857, 0.4600004, 250.5204, 138.5403
-7.662883, 1.653857, 0.4600004, 265.8657, 138.5403
-7.862883, 1.653857, 0.4600004, 250.5204, 138.5403
-7.862883, 1.503857, 0.4600004, 250.5204, 150.0493
-7.662883, 1.503857, 0.4600004, 265.8657, 150.0493
-7.662883, 1.653857, 0.4600004, 265.8657, 138.5403
-7.662883, 1.653857, 0.4600004, 265.8657, 138.5403
-7.662883, 1.503857, 0.4600004, 265.8657, 150.0493
-7.662883, 1.503857, 0.2400004, 266.6144, 150.485
-7.662883, 1.653857, 0.2400003, 266.6144, 138.6428
-7.862883, 1.503857, 0.2400004, 250.825, 150.485
-7.662883, 1.503857, 0.2400004, 266.6144, 150.485
-7.662883, 1.503857, 0.4600004, 265.8657, 150.0493
-7.862883, 1.503857, 0.4600004, 250.5204, 150.0493
-7.862883, 1.653857, 0.2400003, 250.825, 138.6428
-7.862883, 1.503857, 0.2400004, 250.825, 150.485
-7.862883, 1.503857, 0.4600004, 250.5204, 150.0493
-7.862883, 1.653857, 0.4600004, 250.5204, 138.5403
-7.662883, 1.653857, 0.2400003, 266.6144, 138.6428
-7.662883, 1.503857, 0.2400004, 266.6144, 150.485
-7.862883, 1.503857, 0.2400004, 250.825, 150.485
-7.862883, 1.653857, 0.2400003, 250.825, 138.6428
box_8_lizol(Clone) stack 121 Shelf_1 Rack_1_1_0
-7.275177, 1.380775, 0.2215317, 297.3622, 160.2634
-7.474903, 1.380775, 0.2319989, 281.4987, 160.2285
-7.461986, 1.380775, 0.4784691, 281.1825, 159.4353
-7.26226, 1.380775, 0.4680019, 296.5462, 159.468
-7.461986, 1.380775, 0.4784691, 281.1825, 159.4353
-7.461986, 1.204525, 0.4784691, 281.1825, 172.9264
-7.26226, 1.204525, 0.4680019, 296.5462, 172.9771
-7.26226, 1.380775, 0.4680019, 296.5462, 159.468
-7.26226, 1.380775, 0.4680019, 296.5462, 159.468
-7.26226, 1.204525, 0.4680019, 296.5462, 172.9771
-7.275177, 1.204525, 0.2215317, 297.3622, 174.2117
-7.275177, 1.380775, 0.2215317, 297.3622, 160.2634
-7.474903, 1.204525, 0.2319989, 281.4987, 174.1577
-7.275177, 1.204525, 0.2215317, 297.3622, 174.2117
-7.26226, 1.204525, 0.4680019, 296.5462, 172.9771
-7.461986, 1.204525, 0.4784691, 281.1825, 172.9264
-7.474903, 1.380775, 0.2319989, 281.4987, 160.2285
-7.474903, 1.204525, 0.2319989, 281.4987, 174.1577
-7.461986, 1.204525, 0.4784691, 281.1825, 172.9264
-7.461986, 1.380775, 0.4784691, 281.1825, 159.4353
-7.275177, 1.380775, 0.2215317, 297.3622, 160.2634
-7.275177, 1.204525, 0.2215317, 297.3622, 174.2117
-7.474903, 1.204525, 0.2319989, 281.4987, 174.1577
-7.474903, 1.380775, 0.2319989, 281.4987, 160.2285
box_8_lizol(Clone) stack 121 Shelf_1 Rack_1_1_0
-7.260217, 1.557025, 0.2338724, 298.451, 146.2966
-7.45973, 1.557025, 0.2199211, 282.7658, 146.3174
-7.476946, 1.557025, 0.4661284, 280.1006, 145.9614
-7.277433, 1.557025, 0.4800797, 295.2979, 145.9419
-7.476946, 1.557025, 0.4661284, 280.1006, 145.9614
-7.476946, 1.380775, 0.4661284, 280.1006, 159.4738
-7.277433, 1.380775, 0.4800797, 295.2979, 159.4303
-7.277433, 1.557025, 0.4800797, 295.2979, 145.9419
-7.277433, 1.557025, 0.4800797, 295.2979, 145.9419
-7.277433, 1.380775, 0.4800797, 295.2979, 159.4303
-7.260217, 1.380775, 0.2338724, 298.451, 160.2223
-7.260217, 1.557025, 0.2338724, 298.451, 146.2966
-7.45973, 1.380775, 0.2199211, 282.7658, 160.2688
-7.260217, 1.380775, 0.2338724, 298.451, 160.2223
-7.277433, 1.380775, 0.4800797, 295.2979, 159.4303
-7.476946, 1.380775, 0.4661284, 280.1006, 159.4738
-7.45973, 1.557025, 0.2199211, 282.7658, 146.3174
-7.45973, 1.380775, 0.2199211, 282.7658, 160.2688
-7.476946, 1.380775, 0.4661284, 280.1006, 159.4738
-7.476946, 1.557025, 0.4661284, 280.1006, 145.9614
-7.260217, 1.557025, 0.2338724, 298.451, 146.2966
-7.260217, 1.380775, 0.2338724, 298.451, 160.2223
-7.45973, 1.380775, 0.2199211, 282.7658, 160.2688
-7.45973, 1.557025, 0.2199211, 282.7658, 146.3174
box_8_lizol(Clone) stack 121 Shelf_1 Rack_1_1_0
-7.272949, 1.733275, 0.2231813, 297.526, 132.3672
-7.472827, 1.733275, 0.2301612, 281.6728, 132.3696
-7.464214, 1.733275, 0.4768194, 281.0207, 132.4524
-7.264336, 1.733275, 0.4698395, 296.3738, 132.4501
-7.464214, 1.733275, 0.4768194, 281.0207, 132.4524
-7.464214, 1.557025, 0.4768195, 281.0207, 145.9464
-7.264336, 1.557025, 0.4698395, 296.3738, 145.9562
-7.264336, 1.733275, 0.4698395, 296.3738, 132.4501
-7.264336, 1.733275, 0.4698395, 296.3738, 132.4501
-7.264336, 1.557025, 0.4698395, 296.3738, 145.9562
-7.272949, 1.557025, 0.2231813, 297.526, 146.3126
-7.272949, 1.733275, 0.2231813, 297.526, 132.3672
-7.472827, 1.557025, 0.2301612, 281.6728, 146.3022
-7.272949, 1.557025, 0.2231813, 297.526, 146.3126
-7.264336, 1.557025, 0.4698395, 296.3738, 145.9562
-7.464214, 1.557025, 0.4768195, 281.0207, 145.9464
-7.472827, 1.733275, 0.2301612, 281.6728, 132.3696
-7.472827, 1.557025, 0.2301612, 281.6728, 146.3022
-7.464214, 1.557025, 0.4768195, 281.0207, 145.9464
-7.464214, 1.733275, 0.4768194, 281.0207, 132.4524
-7.272949, 1.733275, 0.2231813, 297.526, 132.3672
-7.272949, 1.557025, 0.2231813, 297.526, 146.3126
-7.472827, 1.557025, 0.2301612, 281.6728, 146.3022
-7.472827, 1.733275, 0.2301612, 281.6728, 132.3696
box_8_lizol(Clone) stack 121 Shelf_1 Rack_1_1_0
-7.260217, 1.909525, 0.2338724, 298.451, 118.4452
-7.45973, 1.909525, 0.2199211, 282.7658, 118.4148
-7.476946, 1.909525, 0.4661284, 280.1006, 118.9365
-7.277433, 1.909525, 0.4800797, 295.2979, 118.9651
-7.476946, 1.909525, 0.4661284, 280.1006, 118.9365
-7.476946, 1.733275, 0.4661284, 280.1006, 132.4489
-7.277433, 1.733275, 0.4800797, 295.2979, 132.4535
-7.277433, 1.909525, 0.4800797, 295.2979, 118.9651
-7.277433, 1.909525, 0.4800797, 295.2979, 118.9651
-7.277433, 1.733275, 0.4800797, 295.2979, 132.4535
-7.260217, 1.733275, 0.2338724, 298.451, 132.3709
-7.260217, 1.909525, 0.2338724, 298.451, 118.4452
-7.45973, 1.733275, 0.2199211, 282.7658, 132.3661
-7.260217, 1.733275, 0.2338724, 298.451, 132.3709
-7.277433, 1.733275, 0.4800797, 295.2979, 132.4535
-7.476946, 1.733275, 0.4661284, 280.1006, 132.4489
-7.45973, 1.909525, 0.2199211, 282.7658, 118.4148
-7.45973, 1.733275, 0.2199211, 282.7658, 132.3661
-7.476946, 1.733275, 0.4661284, 280.1006, 132.4489
-7.476946, 1.909525, 0.4661284, 280.1006, 118.9365
-7.260217, 1.909525, 0.2338724, 298.451, 118.4452
-7.260217, 1.733275, 0.2338724, 298.451, 132.3709
-7.45973, 1.733275, 0.2199211, 282.7658, 132.3661
-7.45973, 1.909525, 0.2199211, 282.7658, 118.4148
box_8_lizol(Clone) stack 123 Shelf_2 Rack_1_1_0
-6.625596, 2.565368, 0.2283601, 348.6719, 66.57664
-6.825565, 2.565368, 0.2248697, 332.9034, 66.54515
-6.829873, 2.565368, 0.4716406, 329.6461, 68.70213
-6.629903, 2.565368, 0.4751311, 344.9195, 68.73167
-6.829873, 2.565368, 0.4716406, 329.6461, 68.70213
-6.829873, 2.389118, 0.4716406, 329.6461, 82.20506
-6.629903, 2.389118, 0.4751311, 344.9195, 82.22858
-6.629903, 2.565368, 0.4751311, 344.9195, 68.73167
-6.629903, 2.565368, 0.4751311, 344.9195, 68.73167
-6.629903, 2.389118, 0.4751311, 344.9195, 82.22858
-6.625596, 2.389118, 0.2283601, 348.6719, 80.51248
-6.625596, 2.565368, 0.2283601, 348.6719, 66.57664
-6.825565, 2.389118, 0.2248697, 332.9034, 80.4874
-6.625596, 2.389118, 0.2283601, 348.6719, 80.51248
-6.629903, 2.389118, 0.4751311, 344.9195, 82.22858
-6.829873, 2.389118, 0.4716406, 329.6461, 82.20506
-6.825565, 2.565368, 0.2248697, 332.9034, 66.54515
-6.825565, 2.389118, 0.2248697, 332.9034, 80.4874
-6.829873, 2.389118, 0.4716406, 329.6461, 82.20506
-6.829873, 2.565368, 0.4716406, 329.6461, 68.70213
-6.625596, 2.565368, 0.2283601, 348.6719, 66.57664
-6.625596, 2.389118, 0.2283601, 348.6719, 80.51248
-6.825565, 2.389118, 0.2248697, 332.9034, 80.4874
-6.825565, 2.565368, 0.2248697, 332.9034, 66.54515
box_8_lizol(Clone) stack 123 Shelf_2 Rack_1_1_0
-6.625596, 2.741618, 0.2283601, 348.6719, 52.64084
-6.825565, 2.741618, 0.2248697, 332.9034, 52.60294
-6.829873, 2.741618, 0.4716406, 329.6461, 55.19922
-6.629903, 2.741618, 0.4751311, 344.9195, 55.23479
-6.829873, 2.741618, 0.4716406, 329.6461, 55.19922
-6.829873, 2.565368, 0.4716406, 329.6461, 68.70213
-6.629903, 2.565368, 0.4751311, 344.9195, 68.73167
-6.629903, 2.741618, 0.4751311, 344.9195, 55.23479
-6.629903, 2.741618, 0.4751311, 344.9195, 55.23479
-6.629903, 2.565368, 0.4751311, 344.9195, 68.73167
-6.625596, 2.565368, 0.2283601, 348.6719, 66.57664
-6.625596, 2.741618, 0.2283601, 348.6719, 52.64084
-6.825565, 2.565368, 0.2248697, 332.9034, 66.54515
-6.625596, 2.565368, 0.2283601, 348.6719, 66.57664
-6.629903, 2.565368, 0.4751311, 344.9195, 68.73167
-6.829873, 2.565368, 0.4716406, 329.6461, 68.70213
-6.825565, 2.741618, 0.2248697, 332.9034, 52.60294
-6.825565, 2.565368, 0.2248697, 332.9034, 66.54515
-6.829873, 2.565368, 0.4716406, 329.6461, 68.70213
-6.829873, 2.741618, 0.4716406, 329.6461, 55.19922
-6.625596, 2.741618, 0.2283601, 348.6719, 52.64084
-6.625596, 2.565368, 0.2283601, 348.6719, 66.57664
-6.825565, 2.565368, 0.2248697, 332.9034, 66.54515
-6.825565, 2.741618, 0.2248697, 332.9034, 52.60294
box_8_lizol(Clone) stack 123 Shelf_2 Rack_1_1_0
-6.625596, 2.917868, 0.2283601, 348.6719, 38.70502
-6.825565, 2.917868, 0.2248697, 332.9034, 38.66069
-6.829873, 2.917868, 0.4716406, 329.6461, 41.6963
-6.629903, 2.917868, 0.4751311, 344.9195, 41.73787
-6.829873, 2.917868, 0.4716406, 329.6461, 41.6963
-6.829873, 2.741618, 0.4716406, 329.6461, 55.19922
-6.629903, 2.741618, 0.4751311, 344.9195, 55.23479
-6.629903, 2.917868, 0.4751311, 344.9195, 41.73787
-6.629903, 2.917868, 0.4751311, 344.9195, 41.73787
-6.629903, 2.741618, 0.4751311, 344.9195, 55.23479
-6.625596, 2.741618, 0.2283601, 348.6719, 52.64084
-6.625596, 2.917868, 0.2283601, 348.6719, 38.70502
-6.825565, 2.741618, 0.2248697, 332.9034, 52.60294
-6.625596, 2.741618, 0.2283601, 348.6719, 52.64084
-6.629903, 2.741618, 0.4751311, 344.9195, 55.23479
-6.829873, 2.741618, 0.4716406, 329.6461, 55.19922
-6.825565, 2.917868, 0.2248697, 332.9034, 38.66069
-6.825565, 2.741618, 0.2248697, 332.9034, 52.60294
-6.829873, 2.741618, 0.4716406, 329.6461, 55.19922
-6.829873, 2.917868, 0.4716406, 329.6461, 41.6963
-6.625596, 2.917868, 0.2283601, 348.6719, 38.70502
-6.625596, 2.741618, 0.2283601, 348.6719, 52.64084
-6.825565, 2.741618, 0.2248697, 332.9034, 52.60294
-6.825565, 2.917868, 0.2248697, 332.9034, 38.66069
box_8_lizol(Clone) stack 123 Shelf_2 Rack_1_1_0
-6.623488, 3.094118, 0.2301612, 348.8128, 24.79536
-6.823367, 3.094118, 0.2231813, 333.0981, 24.69392
-6.83198, 3.094118, 0.4698395, 329.5053, 28.16882
-6.632102, 3.094118, 0.4768194, 344.7285, 28.26398
-6.83198, 3.094118, 0.4698395, 329.5053, 28.16882
-6.83198, 2.917868, 0.4698395, 329.5053, 41.67484
-6.632102, 2.917868, 0.4768195, 344.7285, 41.75797
-6.632102, 3.094118, 0.4768194, 344.7285, 28.26398
-6.632102, 3.094118, 0.4768194, 344.7285, 28.26398
-6.632102, 2.917868, 0.4768195, 344.7285, 41.75797
-6.623488, 2.917868, 0.2301612, 348.8128, 38.72787
-6.623488, 3.094118, 0.2301612, 348.8128, 24.79536
-6.823367, 2.917868, 0.2231813, 333.0981, 38.63925
-6.623488, 2.917868, 0.2301612, 348.8128, 38.72787
-6.632102, 2.917868, 0.4768195, 344.7285, 41.75797
-6.83198, 2.917868, 0.4698395, 329.5053, 41.67484
-6.823367, 3.094118, 0.2231813, 333.0981, 24.69392
-6.823367, 2.917868, 0.2231813, 333.0981, 38.63925
-6.83198, 2.917868, 0.4698395, 329.5053, 41.67484
-6.83198, 3.094118, 0.4698395, 329.5053, 28.16882
-6.623488, 3.094118, 0.2301612, 348.8128, 24.79536
-6.623488, 2.917868, 0.2301612, 348.8128, 38.72787
-6.823367, 2.917868, 0.2231813, 333.0981, 38.63925
-6.823367, 3.094118, 0.2231813, 333.0981, 24.69392
box_7_litchi(Clone) stack 124 Shelf_2 Rack_1_1_0
-7.000133, 2.599012, 0.2517608, 318.8148, 64.13501
-7.200102, 2.599012, 0.2482703, 303.0811, 64.10249
-7.203592, 2.599012, 0.4482399, 301.1974, 65.9182
-7.003623, 2.599012, 0.4517304, 316.5292, 65.94907
-7.203592, 2.599012, 0.4482399, 301.1974, 65.9182
-7.203592, 2.389012, 0.4482399, 301.1974, 82.05499
-7.003623, 2.389012, 0.4517304, 316.5292, 82.07864
-7.003623, 2.599012, 0.4517304, 316.5292, 65.94907
-7.003623, 2.599012, 0.4517304, 316.5292, 65.94907
-7.003623, 2.389012, 0.4517304, 316.5292, 82.07864
-7.000133, 2.389012, 0.2517608, 318.8148, 80.68834
-7.000133, 2.599012, 0.2517608, 318.8148, 64.13501
-7.200102, 2.389012, 0.2482704, 303.0811, 80.66342
-7.000133, 2.389012, 0.2517608, 318.8148, 80.68834
-7.003623, 2.389012, 0.4517304, 316.5292, 82.07864
-7.203592, 2.389012, 0.4482399, 301.1974, 82.05499
-7.200102, 2.599012, 0.2482703, 303.0811, 64.10249
-7.200102, 2.389012, 0.2482704, 303.0811, 80.66342
-7.203592, 2.389012, 0.4482399, 301.1974, 82.05499
-7.203592, 2.599012, 0.4482399, 301.1974, 65.9182
-7.000133, 2.599012, 0.2517608, 318.8148, 64.13501
-7.000133, 2.389012, 0.2517608, 318.8148, 80.68834
-7.200102, 2.389012, 0.2482704, 303.0811, 80.66342
-7.200102, 2.599012, 0.2482703, 303.0811, 64.10249
box_7_litchi(Clone) stack 124 Shelf_2 Rack_1_1_0
-6.995131, 2.809012, 0.2572196, 319.1524, 47.64432
-7.194643, 2.809012, 0.2432683, 303.5534, 47.48402
-7.208594, 2.809012, 0.4427811, 300.8556, 49.72177
-7.009082, 2.809012, 0.4567324, 316.0612, 49.87396
-7.208594, 2.809012, 0.4427811, 300.8556, 49.72177
-7.208594, 2.599012, 0.4427811, 300.8556, 65.86984
-7.009082, 2.599012, 0.4567324, 316.0612, 65.99324
-7.009082, 2.809012, 0.4567324, 316.0612, 49.87396
-7.009082, 2.809012, 0.4567324, 316.0612, 49.87396
-7.009082, 2.599012, 0.4567324, 316.0612, 65.99324
-6.995131, 2.599012, 0.2572196, 319.1524, 64.18579
-6.995131, 2.809012, 0.2572196, 319.1524, 47.64432
-7.194643, 2.599012, 0.2432683, 303.5534, 64.05585
-6.995131, 2.599012, 0.2572196, 319.1524, 64.18579
-7.009082, 2.599012, 0.4567324, 316.0612, 65.99324
-7.208594, 2.599012, 0.4427811, 300.8556, 65.86984
-7.194643, 2.809012, 0.2432683, 303.5534, 47.48402
-7.194643, 2.599012, 0.2432683, 303.5534, 64.05585
-7.208594, 2.599012, 0.4427811, 300.8556, 65.86984
-7.208594, 2.809012, 0.4427811, 300.8556, 49.72177
-6.995131, 2.809012, 0.2572196, 319.1524, 47.64432
-6.995131, 2.599012, 0.2572196, 319.1524, 64.18579
-7.194643, 2.599012, 0.2432683, 303.5534, 64.05585
-7.194643, 2.809012, 0.2432683, 303.5534, 47.48402
box_7_litchi(Clone) stack 125 Shelf_2 Rack_1_1_0
-7.392639, 2.599012, 0.2400953, 287.9489, 64.02625
-7.591544, 2.599012, 0.2610011, 272.1577, 64.22093
-7.570638, 2.599012, 0.4599054, 272.9438, 66.02124
-7.371733, 2.599012, 0.4389997, 288.3344, 65.83635
-7.570638, 2.599012, 0.4599054, 272.9438, 66.02124
-7.570638, 2.389012, 0.4599054, 272.9438, 82.13397
-7.371733, 2.389012, 0.4389997, 288.3344, 81.99226
-7.371733, 2.599012, 0.4389997, 288.3344, 65.83635
-7.371733, 2.599012, 0.4389997, 288.3344, 65.83635
-7.371733, 2.389012, 0.4389997, 288.3344, 81.99226
-7.392639, 2.389012, 0.2400953, 287.9489, 80.60498
-7.392639, 2.599012, 0.2400953, 287.9489, 64.02625
-7.591544, 2.389012, 0.2610011, 272.1577, 80.7542
-7.392639, 2.389012, 0.2400953, 287.9489, 80.60498
-7.371733, 2.389012, 0.4389997, 288.3344, 81.99226
-7.570638, 2.389012, 0.4599054, 272.9438, 82.13397
-7.591544, 2.599012, 0.2610011, 272.1577, 64.22093
-7.591544, 2.389012, 0.2610011, 272.1577, 80.7542
-7.570638, 2.389012, 0.4599054, 272.9438, 82.13397
-7.570638, 2.599012, 0.4599054, 272.9438, 66.02124
-7.392639, 2.599012, 0.2400953, 287.9489, 64.02625
-7.392639, 2.389012, 0.2400953, 287.9489, 80.60498
-7.591544, 2.389012, 0.2610011, 272.1577, 80.7542
-7.591544, 2.599012, 0.2610011, 272.1577, 64.22093
box_7_litchi(Clone) stack 125 Shelf_2 Rack_1_1_0
-7.388858, 2.809012, 0.2432683, 288.2273, 47.48402
-7.58837, 2.809012, 0.2572196, 272.4236, 47.64432
-7.574419, 2.809012, 0.4567324, 272.6669, 49.87396
-7.374907, 2.809012, 0.4427811, 288.0669, 49.72177
-7.574419, 2.809012, 0.4567324, 272.6669, 49.87396
-7.574419, 2.599012, 0.4567324, 272.6669, 65.99324
-7.374907, 2.599012, 0.4427811, 288.0669, 65.86984
-7.374907, 2.809012, 0.4427811, 288.0669, 49.72177
-7.374907, 2.809012, 0.4427811, 288.0669, 49.72177
-7.374907, 2.599012, 0.4427811, 288.0669, 65.86984
-7.388858, 2.599012, 0.2432683, 288.2273, 64.05585
-7.388858, 2.809012, 0.2432683, 288.2273, 47.48402
-7.58837, 2.599012, 0.2572196, 272.4236, 64.18579
-7.388858, 2.599012, 0.2432683, 288.2273, 64.05585
-7.374907, 2.599012, 0.4427811, 288.0669, 65.86984
-7.574419, 2.599012, 0.4567324, 272.6669, 65.99324
-7.58837, 2.809012, 0.2572196, 272.4236, 47.64432
-7.58837, 2.599012, 0.2572196, 272.4236, 64.18579
-7.574419, 2.599012, 0.4567324, 272.6669, 65.99324
-7.574419, 2.809012, 0.4567324, 272.6669, 49.87396
-7.388858, 2.809012, 0.2432683, 288.2273, 47.48402
-7.388858, 2.599012, 0.2432683, 288.2273, 64.05585
-7.58837, 2.599012, 0.2572196, 272.4236, 64.18579
-7.58837, 2.809012, 0.2572196, 272.4236, 47.64432
box_7_litchi(Clone) stack 125 Shelf_2 Rack_1_1_0
-7.388858, 3.019012, 0.2432683, 288.2273, 30.91222
-7.58837, 3.019012, 0.2572196, 272.4236, 31.10286
-7.574419, 3.019012, 0.4567324, 272.6669, 33.7547
-7.374907, 3.019012, 0.4427811, 288.0669, 33.57368
-7.574419, 3.019012, 0.4567324, 272.6669, 33.7547
-7.574419, 2.809012, 0.4567324, 272.6669, 49.87396
-7.374907, 2.809012, 0.4427811, 288.0669, 49.72177
-7.374907, 3.019012, 0.4427811, 288.0669, 33.57368
-7.374907, 3.019012, 0.4427811, 288.0669, 33.57368
-7.374907, 2.809012, 0.4427811, 288.0669, 49.72177
-7.388858, 2.809012, 0.2432683, 288.2273, 47.48402
-7.388858, 3.019012, 0.2432683, 288.2273, 30.91222
-7.58837, 2.809012, 0.2572196, 272.4236, 47.64432
-7.388858, 2.809012, 0.2432683, 288.2273, 47.48402
-7.374907, 2.809012, 0.4427811, 288.0669, 49.72177
-7.574419, 2.809012, 0.4567324, 272.6669, 49.87396
-7.58837, 3.019012, 0.2572196, 272.4236, 31.10286
-7.58837, 2.809012, 0.2572196, 272.4236, 47.64432
-7.574419, 2.809012, 0.4567324, 272.6669, 49.87396
-7.574419, 3.019012, 0.4567324, 272.6669, 33.7547
-7.388858, 3.019012, 0.2432683, 288.2273, 30.91222
-7.388858, 2.809012, 0.2432683, 288.2273, 47.48402
-7.58837, 2.809012, 0.2572196, 272.4236, 47.64432
-7.58837, 3.019012, 0.2572196, 272.4236, 31.10286
box_7_litchi(Clone) stack 125 Shelf_2 Rack_1_1_0
-7.370197, 3.229012, 0.2629327, 289.5717, 14.65164
-7.568706, 3.229012, 0.2385588, 274.056, 14.26559
-7.59308, 3.229012, 0.4370681, 271.3132, 17.33942
-7.394571, 3.229012, 0.4614419, 286.4437, 17.70609
-7.59308, 3.229012, 0.4370681, 271.3132, 17.33942
-7.59308, 3.019012, 0.4370681, 271.3132, 33.49936
-7.394571, 3.019012, 0.4614419, 286.4437, 33.81566
-7.394571, 3.229012, 0.4614419, 286.4437, 17.70609
-7.394571, 3.229012, 0.4614419, 286.4437, 17.70609
-7.394571, 3.019012, 0.4614419, 286.4437, 33.81566
-7.370197, 3.019012, 0.2629327, 289.5717, 31.18071
-7.370197, 3.229012, 0.2629327, 289.5717, 14.65164
-7.568706, 3.019012, 0.2385588, 274.056, 30.84772
-7.370197, 3.019012, 0.2629327, 289.5717, 31.18071
-7.394571, 3.019012, 0.4614419, 286.4437, 33.81566
-7.59308, 3.019012, 0.4370681, 271.3132, 33.49936
-7.568706, 3.229012, 0.2385588, 274.056, 14.26559
-7.568706, 3.019012, 0.2385588, 274.056, 30.84772
-7.59308, 3.019012, 0.4370681, 271.3132, 33.49936
-7.59308, 3.229012, 0.4370681, 271.3132, 17.33942
-7.370197, 3.229012, 0.2629327, 289.5717, 14.65164
-7.370197, 3.019012, 0.2629327, 289.5717, 31.18071
-7.568706, 3.019012, 0.2385588, 274.056, 30.84772
-7.568706, 3.229012, 0.2385588, 274.056, 14.26559
box_1_Parle-G-GOLD(Clone) stack 126 Shelf_2 Rack_1_1_0
-7.746872, 2.560843, 0.2528824, 259.9499, 67.15372
-7.946384, 2.560843, 0.2389311, 244.2333, 67.02914
-7.960942, 2.560843, 0.4471184, 243.0017, 68.84169
-7.76143, 2.560843, 0.4610697, 258.3021, 68.9597
-7.960942, 2.560843, 0.4471184, 243.0017, 68.84169
-7.960942, 2.388343, 0.4471184, 243.0017, 82.09882
-7.76143, 2.388343, 0.4610697, 258.3021, 82.19319
-7.76143, 2.560843, 0.4610697, 258.3021, 68.9597
-7.76143, 2.560843, 0.4610697, 258.3021, 68.9597
-7.76143, 2.388343, 0.4610697, 258.3021, 82.19319
-7.746872, 2.388343, 0.2528824, 259.9499, 80.7491
-7.746872, 2.560843, 0.2528824, 259.9499, 67.15372
-7.946384, 2.388343, 0.2389311, 244.2333, 80.64948
-7.746872, 2.388343, 0.2528824, 259.9499, 80.7491
-7.76143, 2.388343, 0.4610697, 258.3021, 82.19319
-7.960942, 2.388343, 0.4471184, 243.0017, 82.09882
-7.946384, 2.560843, 0.2389311, 244.2333, 67.02914
-7.946384, 2.388343, 0.2389311, 244.2333, 80.64948
-7.960942, 2.388343, 0.4471184, 243.0017, 82.09882
-7.960942, 2.560843, 0.4471184, 243.0017, 68.84169
-7.746872, 2.560843, 0.2528824, 259.9499, 67.15372
-7.746872, 2.388343, 0.2528824, 259.9499, 80.7491
-7.946384, 2.388343, 0.2389311, 244.2333, 80.64948
-7.946384, 2.560843, 0.2389311, 244.2333, 67.02914
box_1_Parle-G-GOLD(Clone) stack 126 Shelf_2 Rack_1_1_0
-7.752101, 2.733343, 0.2474137, 259.5518, 53.4998
-7.952071, 2.733343, 0.2439232, 243.7819, 53.46239
-7.955713, 2.733343, 0.4525871, 243.4012, 55.64014
-7.755744, 2.733343, 0.4560776, 258.7502, 55.67558
-7.955713, 2.733343, 0.4525871, 243.4012, 55.64014
-7.955713, 2.560843, 0.4525871, 243.4012, 68.888
-7.755744, 2.560843, 0.4560776, 258.7502, 68.91753
-7.755744, 2.733343, 0.4560776, 258.7502, 55.67558
-7.755744, 2.733343, 0.4560776, 258.7502, 55.67558
-7.755744, 2.560843, 0.4560776, 258.7502, 68.91753
-7.752101, 2.560843, 0.2474137, 259.5518, 67.10495
-7.752101, 2.733343, 0.2474137, 259.5518, 53.4998
-7.952071, 2.560843, 0.2439232, 243.7819, 67.07379
-7.752101, 2.560843, 0.2474137, 259.5518, 67.10495
-7.755744, 2.560843, 0.4560776, 258.7502, 68.91753
-7.955713, 2.560843, 0.4525871, 243.4012, 68.888
-7.952071, 2.733343, 0.2439232, 243.7819, 53.46239
-7.952071, 2.560843, 0.2439232, 243.7819, 67.07379
-7.955713, 2.560843, 0.4525871, 243.4012, 68.888
-7.955713, 2.733343, 0.4525871, 243.4012, 55.64014
-7.752101, 2.733343, 0.2474137, 259.5518, 53.4998
-7.752101, 2.560843, 0.2474137, 259.5518, 67.10495
-7.952071, 2.560843, 0.2439232, 243.7819, 67.07379
-7.952071, 2.733343, 0.2439232, 243.7819, 53.46239
box_1_Parle-G-GOLD(Clone) stack 126 Shelf_2 Rack_1_1_0
-7.765362, 2.905843, 0.2357713, 258.5342, 39.74887
-7.964267, 2.905843, 0.256677, 242.8148, 40.01035
-7.942452, 2.905843, 0.4642295, 244.413, 42.53009
-7.743547, 2.905843, 0.4433237, 259.7187, 42.28235
-7.942452, 2.905843, 0.4642295, 244.413, 42.53009
-7.942452, 2.733343, 0.4642295, 244.413, 55.75824
-7.743547, 2.733343, 0.4433237, 259.7187, 55.54593
-7.743547, 2.905843, 0.4433237, 259.7187, 42.28235
-7.743547, 2.905843, 0.4433237, 259.7187, 42.28235
-7.743547, 2.733343, 0.4433237, 259.7187, 55.54593
-7.765362, 2.733343, 0.2357713, 258.5342, 53.37489
-7.765362, 2.905843, 0.2357713, 258.5342, 39.74887
-7.964267, 2.733343, 0.256677, 242.8148, 53.59894
-7.765362, 2.733343, 0.2357713, 258.5342, 53.37489
-7.743547, 2.733343, 0.4433237, 259.7187, 55.54593
-7.942452, 2.733343, 0.4642295, 244.413, 55.75824
-7.964267, 2.905843, 0.256677, 242.8148, 40.01035
-7.964267, 2.733343, 0.256677, 242.8148, 53.59894
-7.942452, 2.733343, 0.4642295, 244.413, 55.75824
-7.942452, 2.905843, 0.4642295, 244.413, 42.53009
-7.765362, 2.905843, 0.2357713, 258.5342, 39.74887
-7.765362, 2.733343, 0.2357713, 258.5342, 53.37489
-7.964267, 2.733343, 0.256677, 242.8148, 53.59894
-7.964267, 2.905843, 0.256677, 242.8148, 40.01035
box_1_Parle-G-GOLD(Clone) stack 126 Shelf_2 Rack_1_1_0
-7.753907, 3.078343, 0.2456525, 259.4139, 26.26436
-7.953907, 3.078343, 0.2456525, 243.6362, 26.26436
-7.953907, 3.078343, 0.4543482, 243.5391, 29.16832
-7.753907, 3.078343, 0.4543482, 258.8954, 29.16832
-7.953907, 3.078343, 0.4543482, 243.5391, 29.16832
-7.953907, 2.905843, 0.4543482, 243.5391, 42.41316
-7.753907, 2.905843, 0.4543482, 258.8954, 42.41316
-7.753907, 3.078343, 0.4543482, 258.8954, 29.16832
-7.753907, 3.078343, 0.4543482, 258.8954, 29.16832
-7.753907, 2.905843, 0.4543482, 258.8954, 42.41316
-7.753907, 2.905843, 0.2456525, 259.4139, 39.87263
-7.753907, 3.078343, 0.2456525, 259.4139, 26.26436
-7.953907, 2.905843, 0.2456525, 243.6362, 39.87263
-7.753907, 2.905843, 0.2456525, 259.4139, 39.87263
-7.753907, 2.905843, 0.4543482, 258.8954, 42.41316
-7.953907, 2.905843, 0.4543482, 243.5391, 42.41316
-7.953907, 3.078343, 0.2456525, 243.6362, 26.26436
-7.953907, 2.905843, 0.2456525, 243.6362, 39.87263
-7.953907, 2.905843, 0.4543482, 243.5391, 42.41316
-7.953907, 3.078343, 0.4543482, 243.5391, 29.16832
-7.753907, 3.078343, 0.2456525, 259.4139, 26.26436
-7.753907, 2.905843, 0.2456525, 259.4139, 39.87263
-7.953907, 2.905843, 0.2456525, 243.6362, 39.87263
-7.953907, 3.078343, 0.2456525, 243.6362, 26.26436
box_6_melody(Clone) stack 128 Shelf_0 Rack_1_1_1
-9.908854, 0.2073492, 0.2430817, 89.36208, 252.7931
-10.10736, 0.2073492, 0.2187079, 73.16182, 253.1719
-10.13661, 0.2073492, 0.456919, 76.00092, 249.5708
-9.938103, 0.2073492, 0.4812929, 91.7002, 249.2147
-10.13661, 0.2073492, 0.456919, 76.00092, 249.5708
-10.13661, 0.01984931, 0.456919, 76.00092, 263.9626
-9.938103, 0.01984931, 0.4812929, 91.7002, 263.5618
-9.938103, 0.2073492, 0.4812929, 91.7002, 249.2147
-9.938103, 0.2073492, 0.4812929, 91.7002, 249.2147
-9.938103, 0.01984931, 0.4812929, 91.7002, 263.5618
-9.908854, 0.01984931, 0.2430817, 89.36208, 267.5897
-9.908854, 0.2073492, 0.2430817, 89.36208, 252.7931
-10.10736, 0.01984931, 0.2187079, 73.16182, 268.0161
-9.908854, 0.01984931, 0.2430817, 89.36208, 267.5897
-9.938103, 0.01984931, 0.4812929, 91.7002, 263.5618
-10.13661, 0.01984931, 0.456919, 76.00092, 263.9626
-10.10736, 0.2073492, 0.2187079, 73.16182, 253.1719
-10.10736, 0.01984931, 0.2187079, 73.16182, 268.0161
-10.13661, 0.01984931, 0.456919, 76.00092, 263.9626
-10.13661, 0.2073492, 0.456919, 76.00092, 249.5708
-9.908854, 0.2073492, 0.2430817, 89.36208, 252.7931
-9.908854, 0.01984931, 0.2430817, 89.36208, 267.5897
-10.10736, 0.01984931, 0.2187079, 73.16182, 268.0161
-10.10736, 0.2073492, 0.2187079, 73.16182, 253.1719
box_6_melody(Clone) stack 128 Shelf_0 Rack_1_1_1
-9.933572, 0.3948492, 0.2217414, 86.98192, 238.2864
-10.13281, 0.3948492, 0.2391725, 71.60179, 238.0495
-10.11189, 0.3948492, 0.4782594, 78.33955, 234.9062
-9.912655, 0.3948492, 0.4608282, 93.26447, 235.1289
-10.11189, 0.3948492, 0.4782594, 78.33955, 234.9062
-10.11189, 0.2073492, 0.4782594, 78.33955, 249.2589
-9.912655, 0.2073492, 0.4608282, 93.26447, 249.5135
-9.912655, 0.3948492, 0.4608282, 93.26447, 235.1289
-9.912655, 0.3948492, 0.4608282, 93.26447, 235.1289
-9.912655, 0.2073492, 0.4608282, 93.26447, 249.5135
-9.933572, 0.2073492, 0.2217414, 86.98192, 253.1246
-9.933572, 0.3948492, 0.2217414, 86.98192, 238.2864
-10.13281, 0.2073492, 0.2391725, 71.60179, 252.8537
-9.933572, 0.2073492, 0.2217414, 86.98192, 253.1246
-9.912655, 0.2073492, 0.4608282, 93.26447, 249.5135
-10.11189, 0.2073492, 0.4782594, 78.33955, 249.2589
-10.13281, 0.3948492, 0.2391725, 71.60179, 238.0495
-10.13281, 0.2073492, 0.2391725, 71.60179, 252.8537
-10.11189, 0.2073492, 0.4782594, 78.33955, 249.2589
-10.11189, 0.3948492, 0.4782594, 78.33955, 234.9062
-9.933572, 0.3948492, 0.2217414, 86.98192, 238.2864
-9.933572, 0.2073492, 0.2217414, 86.98192, 253.1246
-10.13281, 0.2073492, 0.2391725, 71.60179, 252.8537
-10.13281, 0.3948492, 0.2391725, 71.60179, 238.0495
box_6_melody(Clone) stack 128 Shelf_0 Rack_1_1_1
-9.92915, 0.5823491, 0.2249312, 87.39608, 223.4109
-10.12888, 0.5823491, 0.2353984, 71.82899, 223.2891
-10.11632, 0.5823491, 0.4750696, 77.93505, 220.5883
-9.91659, 0.5823491, 0.4646024, 93.03355, 220.7028
-10.11632, 0.5823491, 0.4750696, 77.93505, 220.5883
-10.11632, 0.3948492, 0.4750696, 77.93505, 234.9469
-9.91659, 0.3948492, 0.4646024, 93.03355, 235.0806
-9.91659, 0.5823491, 0.4646024, 93.03355, 220.7028
-9.91659, 0.5823491, 0.4646024, 93.03355, 220.7028
-9.91659, 0.3948492, 0.4646024, 93.03355, 235.0806
-9.92915, 0.3948492, 0.2249312, 87.39608, 238.2429
-9.92915, 0.5823491, 0.2249312, 87.39608, 223.4109
-10.12888, 0.3948492, 0.2353984, 71.82899, 238.1007
-9.92915, 0.3948492, 0.2249312, 87.39608, 238.2429
-9.91659, 0.3948492, 0.4646024, 93.03355, 235.0806
-10.11632, 0.3948492, 0.4750696, 77.93505, 234.9469
-10.12888, 0.5823491, 0.2353984, 71.82899, 223.2891
-10.12888, 0.3948492, 0.2353984, 71.82899, 238.1007
-10.11632, 0.3948492, 0.4750696, 77.93505, 234.9469
-10.11632, 0.5823491, 0.4750696, 77.93505, 220.5883
-9.92915, 0.5823491, 0.2249312, 87.39608, 223.4109
-9.92915, 0.3948492, 0.2249312, 87.39608, 238.2429
-10.12888, 0.3948492, 0.2353984, 71.82899, 238.1007
-10.12888, 0.5823491, 0.2353984, 71.82899, 223.2891
box_6_melody(Clone) stack 128 Shelf_0 Rack_1_1_1
-9.912655, 0.7698491, 0.2391725, 88.98444, 208.441
-10.11189, 0.7698491, 0.2217414, 72.86998, 208.6098
-10.13281, 0.7698491, 0.4608282, 76.3745, 206.3595
-9.933572, 0.7698491, 0.4782594, 91.98965, 206.2008
-10.13281, 0.7698491, 0.4608282, 76.3745, 206.3595
-10.13281, 0.5823491, 0.4608282, 76.3745, 220.7442
-9.933572, 0.5823491, 0.4782594, 91.98965, 220.5535
-9.933572, 0.7698491, 0.4782594, 91.98965, 206.2008
-9.933572, 0.7698491, 0.4782594, 91.98965, 206.2008
-9.933572, 0.5823491, 0.4782594, 91.98965, 220.5535
-9.912655, 0.5823491, 0.2391725, 88.98444, 223.2452
-9.912655, 0.7698491, 0.2391725, 88.98444, 208.441
-10.11189, 0.5823491, 0.2217414, 72.86998, 223.4481
-9.912655, 0.5823491, 0.2391725, 88.98444, 223.2452
-9.933572, 0.5823491, 0.4782594, 91.98965, 220.5535
-10.13281, 0.5823491, 0.4608282, 76.3745, 220.7442
-10.11189, 0.7698491, 0.2217414, 72.86998, 208.6098
-10.11189, 0.5823491, 0.2217414, 72.86998, 223.4481
-10.13281, 0.5823491, 0.4608282, 76.3745, 220.7442
-10.13281, 0.7698491, 0.4608282, 76.3745, 206.3595
-9.912655, 0.7698491, 0.2391725, 88.98444, 208.441
-9.912655, 0.5823491, 0.2391725, 88.98444, 223.2452
-10.11189, 0.5823491, 0.2217414, 72.86998, 223.4481
-10.11189, 0.7698491, 0.2217414, 72.86998, 208.6098
box_2_Parle-G(Clone) stack 129 Shelf_0 Rack_1_1_1
-9.52623, 0.274422, 0.2841088, 120.2034, 246.8962
-9.7262, 0.274422, 0.2806183, 104.4455, 246.9473
-9.728561, 0.274422, 0.4158919, 106.6214, 244.9998
-9.528591, 0.274422, 0.4193824, 122.1044, 244.9505
-9.728561, 0.274422, 0.4158919, 106.6214, 244.9998
-9.728561, 0.01942197, 0.4158919, 106.6214, 264.6761
-9.528591, 0.01942197, 0.4193824, 122.1044, 264.6179
-9.528591, 0.274422, 0.4193824, 122.1044, 244.9505
-9.528591, 0.274422, 0.4193824, 122.1044, 244.9505
-9.528591, 0.01942197, 0.4193824, 122.1044, 264.6179
-9.52623, 0.01942196, 0.2841088, 120.2034, 266.9116
-9.52623, 0.274422, 0.2841088, 120.2034, 246.8962
-9.7262, 0.01942196, 0.2806184, 104.4455, 266.9719
-9.52623, 0.01942196, 0.2841088, 120.2034, 266.9116
-9.528591, 0.01942197, 0.4193824, 122.1044, 264.6179
-9.728561, 0.01942197, 0.4158919, 106.6214, 264.6761
-9.7262, 0.274422, 0.2806183, 104.4455, 246.9473
-9.7262, 0.01942196, 0.2806184, 104.4455, 266.9719
-9.728561, 0.01942197, 0.4158919, 106.6214, 264.6761
-9.728561, 0.274422, 0.4158919, 106.6214, 244.9998
-9.52623, 0.274422, 0.2841088, 120.2034, 246.8962
-9.52623, 0.01942196, 0.2841088, 120.2034, 266.9116
-9.7262, 0.01942196, 0.2806184, 104.4455, 266.9719
-9.7262, 0.274422, 0.2806183, 104.4455, 246.9473
box_2_Parle-G(Clone) stack 129 Shelf_0 Rack_1_1_1
-9.520872, 0.5294219, 0.2931767, 120.7653, 226.7719
-9.719777, 0.5294219, 0.272271, 104.8021, 227.0233
-9.733919, 0.5294219, 0.406824, 106.0519, 225.4291
-9.535014, 0.5294219, 0.4277297, 121.7359, 225.1863
-9.733919, 0.5294219, 0.406824, 106.0519, 225.4291
-9.733919, 0.2744219, 0.406824, 106.0519, 245.1283
-9.535014, 0.2744219, 0.4277297, 121.7359, 244.8326
-9.535014, 0.5294219, 0.4277297, 121.7359, 225.1863
-9.535014, 0.5294219, 0.4277297, 121.7359, 225.1863
-9.535014, 0.2744219, 0.4277297, 121.7359, 244.8326
-9.520872, 0.2744219, 0.2931767, 120.7653, 246.7636
-9.520872, 0.5294219, 0.2931767, 120.7653, 226.7719
-9.719777, 0.2744219, 0.272271, 104.8021, 247.0698
-9.520872, 0.2744219, 0.2931767, 120.7653, 246.7636
-9.535014, 0.2744219, 0.4277297, 121.7359, 244.8326
-9.733919, 0.2744219, 0.406824, 106.0519, 245.1283
-9.719777, 0.5294219, 0.272271, 104.8021, 227.0233
-9.719777, 0.2744219, 0.272271, 104.8021, 247.0698
-9.733919, 0.2744219, 0.406824, 106.0519, 245.1283
-9.733919, 0.5294219, 0.406824, 106.0519, 225.4291
-9.520872, 0.5294219, 0.2931767, 120.7653, 226.7719
-9.520872, 0.2744219, 0.2931767, 120.7653, 246.7636
-9.719777, 0.2744219, 0.272271, 104.8021, 247.0698
-9.719777, 0.5294219, 0.272271, 104.8021, 227.0233
box_2_Parle-G(Clone) stack 129 Shelf_0 Rack_1_1_1
-9.525096, 0.784422, 0.2858844, 120.3202, 206.8487
-9.724974, 0.784422, 0.2789046, 104.5114, 206.9144
-9.729695, 0.784422, 0.4141163, 106.5035, 205.6636
-9.529818, 0.784422, 0.4210961, 122.0358, 205.6002
-9.729695, 0.784422, 0.4141163, 106.5035, 205.6636
-9.729695, 0.5294219, 0.4141163, 106.5035, 225.3443
-9.529818, 0.5294219, 0.4210962, 122.0358, 225.2632
-9.529818, 0.784422, 0.4210961, 122.0358, 205.6002
-9.529818, 0.784422, 0.4210961, 122.0358, 205.6002
-9.529818, 0.5294219, 0.4210962, 122.0358, 225.2632
-9.525096, 0.5294219, 0.2858845, 120.3202, 226.8595
-9.525096, 0.784422, 0.2858844, 120.3202, 206.8487
-9.724974, 0.5294219, 0.2789046, 104.5114, 226.9434
-9.525096, 0.5294219, 0.2858845, 120.3202, 226.8595
-9.529818, 0.5294219, 0.4210962, 122.0358, 225.2632
-9.729695, 0.5294219, 0.4141163, 106.5035, 225.3443
-9.724974, 0.784422, 0.2789046, 104.5114, 206.9144
-9.724974, 0.5294219, 0.2789046, 104.5114, 226.9434
-9.729695, 0.5294219, 0.4141163, 106.5035, 225.3443
-9.729695, 0.784422, 0.4141163, 106.5035, 205.6636
-9.525096, 0.784422, 0.2858844, 120.3202, 206.8487
-9.525096, 0.5294219, 0.2858845, 120.3202, 226.8595
-9.724974, 0.5294219, 0.2789046, 104.5114, 226.9434
-9.724974, 0.784422, 0.2789046, 104.5114, 206.9144
box_5_LMRR(Clone) stack 130 Shelf_0 Rack_1_1_1
-9.144822, 0.162368, 0.2028563, 149.1754, 256.9882
-9.344547, 0.162368, 0.2133235, 133.4776, 256.8196
-9.329673, 0.162368, 0.4971444, 138.4613, 252.4192
-9.129948, 0.162368, 0.4866772, 153.5979, 252.5758
-9.329673, 0.162368, 0.4971444, 138.4613, 252.4192
-9.329673, 0.019868, 0.4971444, 138.4613, 263.301
-9.129948, 0.019868, 0.4866772, 153.5979, 263.4721
-9.129948, 0.162368, 0.4866772, 153.5979, 252.5758
-9.129948, 0.162368, 0.4866772, 153.5979, 252.5758
-9.129948, 0.019868, 0.4866772, 153.5979, 263.4721
-9.144822, 0.019868, 0.2028564, 149.1754, 268.2935
-9.144822, 0.162368, 0.2028563, 149.1754, 256.9882
-9.344547, 0.019868, 0.2133235, 133.4776, 268.1092
-9.144822, 0.019868, 0.2028564, 149.1754, 268.2935
-9.129948, 0.019868, 0.4866772, 153.5979, 263.4721
-9.329673, 0.019868, 0.4971444, 138.4613, 263.301
-9.344547, 0.162368, 0.2133235, 133.4776, 256.8196
-9.344547, 0.019868, 0.2133235, 133.4776, 268.1092
-9.329673, 0.019868, 0.4971444, 138.4613, 263.301
-9.329673, 0.162368, 0.4971444, 138.4613, 252.4192
-9.144822, 0.162368, 0.2028563, 149.1754, 256.9882
-9.144822, 0.019868, 0.2028564, 149.1754, 268.2935
-9.344547, 0.019868, 0.2133235, 133.4776, 268.1092
-9.344547, 0.162368, 0.2133235, 133.4776, 256.8196
box_5_LMRR(Clone) stack 130 Shelf_0 Rack_1_1_1
-9.139743, 0.304868, 0.2061716, 149.6179, 245.6344
-9.339712, 0.304868, 0.209662, 133.8093, 245.5834
-9.334752, 0.304868, 0.4938292, 138.0304, 241.5823
-9.134783, 0.304868, 0.4903387, 153.2687, 241.6297
-9.334752, 0.304868, 0.4938292, 138.0304, 241.5823
-9.334752, 0.162368, 0.4938292, 138.0304, 252.4687
-9.134783, 0.162368, 0.4903387, 153.2687, 252.521
-9.134783, 0.304868, 0.4903387, 153.2687, 241.6297
-9.134783, 0.304868, 0.4903387, 153.2687, 241.6297
-9.134783, 0.162368, 0.4903387, 153.2687, 252.521
-9.139743, 0.162368, 0.2061716, 149.6179, 256.9348
-9.139743, 0.304868, 0.2061716, 149.6179, 245.6344
-9.339712, 0.162368, 0.2096621, 133.8093, 256.8785
-9.139743, 0.162368, 0.2061716, 149.6179, 256.9348
-9.134783, 0.162368, 0.4903387, 153.2687, 252.521
-9.334752, 0.162368, 0.4938292, 138.0304, 252.4687
-9.339712, 0.304868, 0.209662, 133.8093, 245.5834
-9.339712, 0.162368, 0.2096621, 133.8093, 256.8785
-9.334752, 0.162368, 0.4938292, 138.0304, 252.4687
-9.334752, 0.304868, 0.4938292, 138.0304, 241.5823
-9.139743, 0.304868, 0.2061716, 149.6179, 245.6344
-9.139743, 0.162368, 0.2061716, 149.6179, 256.9348
-9.339712, 0.162368, 0.2096621, 133.8093, 256.8785
-9.339712, 0.304868, 0.209662, 133.8093, 245.5834
box_5_LMRR(Clone) stack 130 Shelf_0 Rack_1_1_1
-9.127579, 0.447368, 0.215217, 150.6893, 234.2155
-9.327091, 0.447368, 0.2012657, 134.6929, 234.3986
-9.346916, 0.447368, 0.4847837, 136.9825, 230.8062
-9.147404, 0.447368, 0.498735, 152.3978, 230.6362
-9.346916, 0.447368, 0.4847837, 136.9825, 230.8062
-9.346916, 0.304868, 0.4847838, 136.9825, 241.7052
-9.147404, 0.304868, 0.498735, 152.3978, 241.5158
-9.147404, 0.447368, 0.498735, 152.3978, 230.6362
-9.147404, 0.447368, 0.498735, 152.3978, 230.6362
-9.147404, 0.304868, 0.498735, 152.3978, 241.5158
-9.127579, 0.3048679, 0.215217, 150.6893, 245.5023
-9.127579, 0.447368, 0.215217, 150.6893, 234.2155
-9.327091, 0.3048679, 0.2012657, 134.6929, 245.7063
-9.127579, 0.3048679, 0.215217, 150.6893, 245.5023
-9.147404, 0.304868, 0.498735, 152.3978, 241.5158
-9.346916, 0.304868, 0.4847838, 136.9825, 241.7052
-9.327091, 0.447368, 0.2012657, 134.6929, 234.3986
-9.327091, 0.3048679, 0.2012657, 134.6929, 245.7063
-9.346916, 0.304868, 0.4847838, 136.9825, 241.7052
-9.346916, 0.447368, 0.4847837, 136.9825, 230.8062
-9.127579, 0.447368, 0.215217, 150.6893, 234.2155
-9.127579, 0.3048679, 0.215217, 150.6893, 245.5023
-9.327091, 0.3048679, 0.2012657, 134.6929, 245.7063
-9.327091, 0.447368, 0.2012657, 134.6929, 234.3986
box_5_LMRR(Clone) stack 130 Shelf_0 Rack_1_1_1
-9.142268, 0.5898679, 0.2044918, 149.3976, 223.0534
-9.342146, 0.5898679, 0.2114717, 133.6418, 222.9722
-9.332227, 0.589868, 0.495509, 138.2451, 219.7914
-9.132349, 0.589868, 0.488529, 153.4348, 219.8668
-9.332227, 0.589868, 0.495509, 138.2451, 219.7914
-9.332227, 0.447368, 0.495509, 138.2451, 230.6754
-9.132349, 0.447368, 0.4885291, 153.4348, 230.7605
-9.132349, 0.589868, 0.488529, 153.4348, 219.8668
-9.132349, 0.589868, 0.488529, 153.4348, 219.8668
-9.132349, 0.447368, 0.4885291, 153.4348, 230.7605
-9.142268, 0.4473679, 0.2044918, 149.3976, 234.3562
-9.142268, 0.5898679, 0.2044918, 149.3976, 223.0534
-9.342146, 0.4473679, 0.2114717, 133.6418, 234.2646
-9.142268, 0.4473679, 0.2044918, 149.3976, 234.3562
-9.132349, 0.447368, 0.4885291, 153.4348, 230.7605
-9.332227, 0.447368, 0.495509, 138.2451, 230.6754
-9.342146, 0.5898679, 0.2114717, 133.6418, 222.9722
-9.342146, 0.4473679, 0.2114717, 133.6418, 234.2646
-9.332227, 0.447368, 0.495509, 138.2451, 230.6754
-9.332227, 0.589868, 0.495509, 138.2451, 219.7914
-9.142268, 0.5898679, 0.2044918, 149.3976, 223.0534
-9.142268, 0.4473679, 0.2044918, 149.3976, 234.3562
-9.342146, 0.4473679, 0.2114717, 133.6418, 234.2646
-9.342146, 0.5898679, 0.2114717, 133.6418, 222.9722
box_5_LMRR(Clone) stack 130 Shelf_0 Rack_1_1_1
-9.142268, 0.7323679, 0.2044918, 149.3976, 211.7506
-9.342146, 0.7323679, 0.2114717, 133.6418, 211.6798
-9.332227, 0.732368, 0.495509, 138.2451, 208.9073
-9.132349, 0.732368, 0.488529, 153.4348, 208.973
-9.332227, 0.732368, 0.495509, 138.2451, 208.9073
-9.332227, 0.5898679, 0.495509, 138.2451, 219.7914
-9.132349, 0.5898679, 0.4885291, 153.4348, 219.8668
-9.132349, 0.732368, 0.488529, 153.4348, 208.973
-9.132349, 0.732368, 0.488529, 153.4348, 208.973
-9.132349, 0.5898679, 0.4885291, 153.4348, 219.8668
-9.142268, 0.5898679, 0.2044918, 149.3976, 223.0534
-9.142268, 0.7323679, 0.2044918, 149.3976, 211.7506
-9.342146, 0.5898679, 0.2114717, 133.6418, 222.9722
-9.142268, 0.5898679, 0.2044918, 149.3976, 223.0534
-9.132349, 0.5898679, 0.4885291, 153.4348, 219.8668
-9.332227, 0.5898679, 0.495509, 138.2451, 219.7914
-9.342146, 0.7323679, 0.2114717, 133.6418, 211.6798
-9.342146, 0.5898679, 0.2114717, 133.6418, 222.9722
-9.332227, 0.5898679, 0.495509, 138.2451, 219.7914
-9.332227, 0.732368, 0.495509, 138.2451, 208.9073
-9.142268, 0.7323679, 0.2044918, 149.3976, 211.7506
-9.142268, 0.5898679, 0.2044918, 149.3976, 223.0534
-9.342146, 0.5898679, 0.2114717, 133.6418, 222.9722
-9.342146, 0.7323679, 0.2114717, 133.6418, 211.6798
box_5_LMRR(Clone) stack 131 Shelf_0 Rack_1_1_1
-8.74907, 0.162368, 0.2044918, 180.5852, 256.9618
-8.948948, 0.162368, 0.2114717, 164.8007, 256.8494
-8.939029, 0.1623681, 0.495509, 168.2774, 252.4436
-8.739151, 0.1623681, 0.488529, 183.4937, 252.548
-8.939029, 0.1623681, 0.495509, 168.2774, 252.4436
-8.939029, 0.01986802, 0.495509, 168.2774, 263.3277
-8.739151, 0.01986802, 0.4885291, 183.4937, 263.4418
-8.739151, 0.1623681, 0.488529, 183.4937, 252.548
-8.739151, 0.1623681, 0.488529, 183.4937, 252.548
-8.739151, 0.01986802, 0.4885291, 183.4937, 263.4418
-8.74907, 0.01986799, 0.2044918, 180.5852, 268.2646
-8.74907, 0.162368, 0.2044918, 180.5852, 256.9618
-8.948948, 0.01986799, 0.2114717, 164.8007, 268.1418
-8.74907, 0.01986799, 0.2044918, 180.5852, 268.2646
-8.739151, 0.01986802, 0.4885291, 183.4937, 263.4418
-8.939029, 0.01986802, 0.495509, 168.2774, 263.3277
-8.948948, 0.162368, 0.2114717, 164.8007, 256.8494
-8.948948, 0.01986799, 0.2114717, 164.8007, 268.1418
-8.939029, 0.01986802, 0.495509, 168.2774, 263.3277
-8.939029, 0.1623681, 0.495509, 168.2774, 252.4436
-8.74907, 0.162368, 0.2044918, 180.5852, 256.9618
-8.74907, 0.01986799, 0.2044918, 180.5852, 268.2646
-8.948948, 0.01986799, 0.2114717, 164.8007, 268.1418
-8.948948, 0.162368, 0.2114717, 164.8007, 256.8494
box_5_LMRR(Clone) stack 131 Shelf_0 Rack_1_1_1
-8.74907, 0.304868, 0.2044918, 180.5852, 245.659
-8.948948, 0.304868, 0.2114717, 164.8007, 245.557
-8.939029, 0.304868, 0.495509, 168.2774, 241.5595
-8.739151, 0.304868, 0.488529, 183.4937, 241.6543
-8.939029, 0.304868, 0.495509, 168.2774, 241.5595
-8.939029, 0.162368, 0.495509, 168.2774, 252.4436
-8.739151, 0.162368, 0.4885291, 183.4937, 252.548
-8.739151, 0.304868, 0.488529, 183.4937, 241.6543
-8.739151, 0.304868, 0.488529, 183.4937, 241.6543
-8.739151, 0.162368, 0.4885291, 183.4937, 252.548
-8.74907, 0.162368, 0.2044918, 180.5852, 256.9619
-8.74907, 0.304868, 0.2044918, 180.5852, 245.659
-8.948948, 0.162368, 0.2114717, 164.8007, 256.8494
-8.74907, 0.162368, 0.2044918, 180.5852, 256.9619
-8.739151, 0.162368, 0.4885291, 183.4937, 252.548
-8.939029, 0.162368, 0.495509, 168.2774, 252.4436
-8.948948, 0.304868, 0.2114717, 164.8007, 245.557
-8.948948, 0.162368, 0.2114717, 164.8007, 256.8494
-8.939029, 0.162368, 0.495509, 168.2774, 252.4436
-8.939029, 0.304868, 0.495509, 168.2774, 241.5595
-8.74907, 0.304868, 0.2044918, 180.5852, 245.659
-8.74907, 0.162368, 0.2044918, 180.5852, 256.9619
-8.948948, 0.162368, 0.2114717, 164.8007, 256.8494
-8.948948, 0.304868, 0.2114717, 164.8007, 245.557
box_1_Parle-G-GOLD(Clone) stack 132 Shelf_1 Rack_1_1_1
-8.733068, 1.376249, 0.2373341, 182.1058, 160.5682
-8.932307, 1.376249, 0.2547652, 166.5394, 160.5097
-8.914118, 1.376249, 0.4626667, 169.887, 159.8317
-8.714879, 1.376249, 0.4452356, 185.0462, 159.8872
-8.914118, 1.376249, 0.4626667, 169.887, 159.8317
-8.914118, 1.203749, 0.4626667, 169.887, 173.0625
-8.714879, 1.203749, 0.4452356, 185.0462, 173.1475
-8.714879, 1.376249, 0.4452356, 185.0462, 159.8872
-8.714879, 1.376249, 0.4452356, 185.0462, 159.8872
-8.714879, 1.203749, 0.4452356, 185.0462, 173.1475
-8.733068, 1.203749, 0.237334, 182.1058, 174.1914
-8.733068, 1.376249, 0.2373341, 182.1058, 160.5682
-8.932307, 1.203749, 0.2547652, 166.5394, 174.1017
-8.733068, 1.203749, 0.237334, 182.1058, 174.1914
-8.714879, 1.203749, 0.4452356, 185.0462, 173.1475
-8.914118, 1.203749, 0.4626667, 169.887, 173.0625
-8.932307, 1.376249, 0.2547652, 166.5394, 160.5097
-8.932307, 1.203749, 0.2547652, 166.5394, 174.1017
-8.914118, 1.203749, 0.4626667, 169.887, 173.0625
-8.914118, 1.376249, 0.4626667, 169.887, 159.8317
-8.733068, 1.376249, 0.2373341, 182.1058, 160.5682
-8.733068, 1.203749, 0.237334, 182.1058, 174.1914
-8.932307, 1.203749, 0.2547652, 166.5394, 174.1017
-8.932307, 1.376249, 0.2547652, 166.5394, 160.5097
box_1_Parle-G-GOLD(Clone) stack 132 Shelf_1 Rack_1_1_1
-8.713234, 1.548749, 0.256677, 183.8153, 146.9147
-8.912138, 1.548749, 0.2357713, 167.9489, 146.9475
-8.933952, 1.548749, 0.4433237, 168.188, 146.6297
-8.735048, 1.548749, 0.4642295, 183.6329, 146.5986
-8.933952, 1.548749, 0.4433237, 168.188, 146.6297
-8.933952, 1.376249, 0.4433237, 168.188, 159.8933
-8.735048, 1.376249, 0.4642295, 183.6329, 159.8268
-8.735048, 1.548749, 0.4642295, 183.6329, 146.5986
-8.735048, 1.548749, 0.4642295, 183.6329, 146.5986
-8.735048, 1.376249, 0.4642295, 183.6329, 159.8268
-8.713234, 1.376249, 0.256677, 183.8153, 160.5033
-8.713234, 1.548749, 0.256677, 183.8153, 146.9147
-8.912138, 1.376249, 0.2357713, 167.9489, 160.5735
-8.713234, 1.376249, 0.256677, 183.8153, 160.5033
-8.735048, 1.376249, 0.4642295, 183.6329, 159.8268
-8.933952, 1.376249, 0.4433237, 168.188, 159.8933
-8.912138, 1.548749, 0.2357713, 167.9489, 146.9475
-8.912138, 1.376249, 0.2357713, 167.9489, 160.5735
-8.933952, 1.376249, 0.4433237, 168.188, 159.8933
-8.933952, 1.548749, 0.4433237, 168.188, 146.6297
-8.713234, 1.548749, 0.256677, 183.8153, 146.9147
-8.713234, 1.376249, 0.256677, 183.8153, 160.5033
-8.912138, 1.376249, 0.2357713, 167.9489, 160.5735
-8.912138, 1.548749, 0.2357713, 167.9489, 146.9475
box_1_Parle-G-GOLD(Clone) stack 132 Shelf_1 Rack_1_1_1
-8.733068, 1.721249, 0.2373341, 182.1058, 133.3218
-8.932307, 1.721249, 0.2547652, 166.5394, 133.3257
-8.914118, 1.721249, 0.4626667, 169.887, 133.3702
-8.714879, 1.721249, 0.4452356, 185.0462, 133.3665
-8.914118, 1.721249, 0.4626667, 169.887, 133.3702
-8.914118, 1.548749, 0.4626667, 169.887, 146.601
-8.714879, 1.548749, 0.4452356, 185.0462, 146.6269
-8.714879, 1.721249, 0.4452356, 185.0462, 133.3665
-8.714879, 1.721249, 0.4452356, 185.0462, 133.3665
-8.714879, 1.548749, 0.4452356, 185.0462, 146.6269
-8.733068, 1.548749, 0.237334, 182.1058, 146.945
-8.733068, 1.721249, 0.2373341, 182.1058, 133.3218
-8.932307, 1.548749, 0.2547652, 166.5394, 146.9177
-8.733068, 1.548749, 0.237334, 182.1058, 146.945
-8.714879, 1.548749, 0.4452356, 185.0462, 146.6269
-8.914118, 1.548749, 0.4626667, 169.887, 146.601
-8.932307, 1.721249, 0.2547652, 166.5394, 133.3257
-8.932307, 1.548749, 0.2547652, 166.5394, 146.9177
-8.914118, 1.548749, 0.4626667, 169.887, 146.601
-8.914118, 1.721249, 0.4626667, 169.887, 133.3702
-8.733068, 1.721249, 0.2373341, 182.1058, 133.3218
-8.733068, 1.548749, 0.237334, 182.1058, 146.945
-8.932307, 1.548749, 0.2547652, 166.5394, 146.9177
-8.932307, 1.721249, 0.2547652, 166.5394, 133.3257
box_1_Parle-G-GOLD(Clone) stack 132 Shelf_1 Rack_1_1_1
-8.716558, 1.893749, 0.2528824, 183.5254, 119.7299
-8.916071, 1.893749, 0.2389311, 167.6684, 119.7018
-8.930629, 1.893749, 0.4471184, 168.4784, 120.1098
-8.731115, 1.893749, 0.4610697, 183.9118, 120.1364
-8.930629, 1.893749, 0.4471184, 168.4784, 120.1098
-8.930629, 1.721249, 0.4471184, 168.4784, 133.3669
-8.731115, 1.721249, 0.4610697, 183.9118, 133.3698
-8.731115, 1.893749, 0.4610697, 183.9118, 120.1364
-8.731115, 1.893749, 0.4610697, 183.9118, 120.1364
-8.731115, 1.721249, 0.4610697, 183.9118, 133.3698
-8.716558, 1.721249, 0.2528824, 183.5254, 133.3253
-8.716558, 1.893749, 0.2528824, 183.5254, 119.7299
-8.916071, 1.721249, 0.2389311, 167.6684, 133.3222
-8.716558, 1.721249, 0.2528824, 183.5254, 133.3253
-8.731115, 1.721249, 0.4610697, 183.9118, 133.3698
-8.930629, 1.721249, 0.4471184, 168.4784, 133.3669
-8.916071, 1.893749, 0.2389311, 167.6684, 119.7018
-8.916071, 1.721249, 0.2389311, 167.6684, 133.3222
-8.930629, 1.721249, 0.4471184, 168.4784, 133.3669
-8.930629, 1.893749, 0.4471184, 168.4784, 120.1098
-8.716558, 1.893749, 0.2528824, 183.5254, 119.7299
-8.716558, 1.721249, 0.2528824, 183.5254, 133.3253
-8.916071, 1.721249, 0.2389311, 167.6684, 133.3222
-8.916071, 1.893749, 0.2389311, 167.6684, 119.7018
box_1_Parle-G-GOLD(Clone) stack 132 Shelf_1 Rack_1_1_1
-8.720013, 2.066249, 0.249206, 183.2256, 106.1206
-8.91989, 2.066249, 0.2422261, 167.3983, 106.0941
-8.927174, 2.06625, 0.4507947, 168.7775, 106.8659
-8.727296, 2.06625, 0.4577746, 184.1813, 106.891
-8.927174, 2.06625, 0.4507947, 168.7775, 106.8659
-8.927174, 1.893749, 0.4507947, 168.7775, 120.1168
-8.727296, 1.893749, 0.4577746, 184.1813, 120.1301
-8.727296, 2.06625, 0.4577746, 184.1813, 106.891
-8.727296, 2.06625, 0.4577746, 184.1813, 106.891
-8.727296, 1.893749, 0.4577746, 184.1813, 120.1301
-8.720013, 1.893749, 0.249206, 183.2256, 119.7225
-8.720013, 2.066249, 0.249206, 183.2256, 106.1206
-8.91989, 1.893749, 0.2422261, 167.3983, 119.7085
-8.720013, 1.893749, 0.249206, 183.2256, 119.7225
-8.727296, 1.893749, 0.4577746, 184.1813, 120.1301
-8.927174, 1.893749, 0.4507947, 168.7775, 120.1168
-8.91989, 2.066249, 0.2422261, 167.3983, 106.0941
-8.91989, 1.893749, 0.2422261, 167.3983, 119.7085
-8.927174, 1.893749, 0.4507947, 168.7775, 120.1168
-8.927174, 2.06625, 0.4507947, 168.7775, 106.8659
-8.720013, 2.066249, 0.249206, 183.2256, 106.1206
-8.720013, 1.893749, 0.249206, 183.2256, 119.7225
-8.91989, 1.893749, 0.2422261, 167.3983, 119.7085
-8.91989, 2.066249, 0.2422261, 167.3983, 106.0941
box4_Fairever(Clone) stack 133 Shelf_1 Rack_1_1_1
-9.083028, 1.369311, 0.2429189, 154.5306, 161.097
-9.281933, 1.369311, 0.2220132, 138.5546, 161.1689
-9.30664, 1.369311, 0.4570819, 139.7088, 160.382
-9.107735, 1.369311, 0.4779876, 155.2026, 160.3143
-9.30664, 1.369311, 0.4570819, 139.7088, 160.382
-9.30664, 1.204311, 0.4570819, 139.7088, 173.0466
-9.107735, 1.204311, 0.4779876, 155.2026, 172.9451
-9.107735, 1.369311, 0.4779876, 155.2026, 160.3143
-9.107735, 1.369311, 0.4779876, 155.2026, 160.3143
-9.107735, 1.204311, 0.4779876, 155.2026, 172.9451
-9.083028, 1.204311, 0.2429189, 154.5306, 174.1183
-9.083028, 1.369311, 0.2429189, 154.5306, 161.097
-9.281933, 1.204311, 0.2220132, 138.5546, 174.2262
-9.083028, 1.204311, 0.2429189, 154.5306, 174.1183
-9.107735, 1.204311, 0.4779876, 155.2026, 172.9451
-9.30664, 1.204311, 0.4570819, 139.7088, 173.0466
-9.281933, 1.369311, 0.2220132, 138.5546, 161.1689
-9.281933, 1.204311, 0.2220132, 138.5546, 174.2262
-9.30664, 1.204311, 0.4570819, 139.7088, 173.0466
-9.30664, 1.369311, 0.4570819, 139.7088, 160.382
-9.083028, 1.369311, 0.2429189, 154.5306, 161.097
-9.083028, 1.204311, 0.2429189, 154.5306, 174.1183
-9.281933, 1.204311, 0.2220132, 138.5546, 174.2262
-9.281933, 1.369311, 0.2220132, 138.5546, 161.1689
box4_Fairever(Clone) stack 133 Shelf_1 Rack_1_1_1
-9.105515, 1.534311, 0.2235528, 152.5332, 148.1091
-9.304753, 1.534311, 0.2409839, 137.0065, 148.079
-9.284153, 1.534311, 0.476448, 141.6784, 147.686
-9.084914, 1.534311, 0.4590169, 156.748, 147.7143
-9.284153, 1.534311, 0.476448, 141.6784, 147.686
-9.284153, 1.369311, 0.476448, 141.6784, 160.3193
-9.084914, 1.369311, 0.4590169, 156.748, 160.3757
-9.084914, 1.534311, 0.4590169, 156.748, 147.7143
-9.084914, 1.534311, 0.4590169, 156.748, 147.7143
-9.084914, 1.369311, 0.4590169, 156.748, 160.3757
-9.105515, 1.369311, 0.2235527, 152.5332, 161.1636
-9.105515, 1.534311, 0.2235528, 152.5332, 148.1091
-9.304753, 1.369311, 0.2409839, 137.0065, 161.1036
-9.105515, 1.369311, 0.2235527, 152.5332, 161.1636
-9.084914, 1.369311, 0.4590169, 156.748, 160.3757
-9.284153, 1.369311, 0.476448, 141.6784, 160.3193
-9.304753, 1.534311, 0.2409839, 137.0065, 148.079
-9.304753, 1.369311, 0.2409839, 137.0065, 161.1036
-9.284153, 1.369311, 0.476448, 141.6784, 160.3193
-9.284153, 1.534311, 0.476448, 141.6784, 147.686
-9.105515, 1.534311, 0.2235528, 152.5332, 148.1091
-9.105515, 1.369311, 0.2235527, 152.5332, 161.1636
-9.304753, 1.369311, 0.2409839, 137.0065, 161.1036
-9.304753, 1.534311, 0.2409839, 137.0065, 148.079
box4_Fairever(Clone) stack 133 Shelf_1 Rack_1_1_1
-9.083028, 1.699311, 0.2429189, 154.5306, 135.0544
-9.281933, 1.699311, 0.2220132, 138.5546, 135.0545
-9.30664, 1.699311, 0.4570819, 139.7088, 135.0529
-9.107735, 1.699311, 0.4779876, 155.2026, 135.0527
-9.30664, 1.699311, 0.4570819, 139.7088, 135.0529
-9.30664, 1.534311, 0.4570819, 139.7088, 147.7174
-9.107735, 1.534311, 0.4779876, 155.2026, 147.6835
-9.107735, 1.699311, 0.4779876, 155.2026, 135.0527
-9.107735, 1.699311, 0.4779876, 155.2026, 135.0527
-9.107735, 1.534311, 0.4779876, 155.2026, 147.6835
-9.083028, 1.534311, 0.2429189, 154.5306, 148.0757
-9.083028, 1.699311, 0.2429189, 154.5306, 135.0544
-9.281933, 1.534311, 0.2220132, 138.5546, 148.1117
-9.083028, 1.534311, 0.2429189, 154.5306, 148.0757
-9.107735, 1.534311, 0.4779876, 155.2026, 147.6835
-9.30664, 1.534311, 0.4570819, 139.7088, 147.7174
-9.281933, 1.699311, 0.2220132, 138.5546, 135.0545
-9.281933, 1.534311, 0.2220132, 138.5546, 148.1117
-9.30664, 1.534311, 0.4570819, 139.7088, 147.7174
-9.30664, 1.699311, 0.4570819, 139.7088, 135.0529
-9.083028, 1.699311, 0.2429189, 154.5306, 135.0544
-9.083028, 1.534311, 0.2429189, 154.5306, 148.0757
-9.281933, 1.534311, 0.2220132, 138.5546, 148.1117
-9.281933, 1.699311, 0.2220132, 138.5546, 135.0545
box4_Fairever(Clone) stack 133 Shelf_1 Rack_1_1_1
-9.083028, 1.864311, 0.2429189, 154.5306, 122.0331
-9.281933, 1.864311, 0.2220132, 138.5546, 121.9973
-9.30664, 1.864311, 0.4570819, 139.7088, 122.3883
-9.107735, 1.864311, 0.4779876, 155.2026, 122.422
-9.30664, 1.864311, 0.4570819, 139.7088, 122.3883
-9.30664, 1.699311, 0.4570819, 139.7088, 135.0529
-9.107735, 1.699311, 0.4779876, 155.2026, 135.0527
-9.107735, 1.864311, 0.4779876, 155.2026, 122.422
-9.107735, 1.864311, 0.4779876, 155.2026, 122.422
-9.107735, 1.699311, 0.4779876, 155.2026, 135.0527
-9.083028, 1.699311, 0.2429189, 154.5306, 135.0544
-9.083028, 1.864311, 0.2429189, 154.5306, 122.0331
-9.281933, 1.699311, 0.2220132, 138.5546, 135.0545
-9.083028, 1.699311, 0.2429189, 154.5306, 135.0544
-9.107735, 1.699311, 0.4779876, 155.2026, 135.0527
-9.30664, 1.699311, 0.4570819, 139.7088, 135.0529
-9.281933, 1.864311, 0.2220132, 138.5546, 121.9973
-9.281933, 1.699311, 0.2220132, 138.5546, 135.0545
-9.30664, 1.699311, 0.4570819, 139.7088, 135.0529
-9.30664, 1.864311, 0.4570819, 139.7088, 122.3883
-9.083028, 1.864311, 0.2429189, 154.5306, 122.0331
-9.083028, 1.699311, 0.2429189, 154.5306, 135.0544
-9.281933, 1.699311, 0.2220132, 138.5546, 135.0545
-9.281933, 1.864311, 0.2220132, 138.5546, 121.9973
box4_Fairever(Clone) stack 133 Shelf_1 Rack_1_1_1
-9.083028, 2.029311, 0.2429189, 154.5306, 109.0117
-9.281933, 2.029311, 0.2220132, 138.5546, 108.9401
-9.30664, 2.029311, 0.4570819, 139.7088, 109.7237
-9.107735, 2.029311, 0.4779876, 155.2026, 109.7912
-9.30664, 2.029311, 0.4570819, 139.7088, 109.7237
-9.30664, 1.864311, 0.4570819, 139.7088, 122.3883
-9.107735, 1.864311, 0.4779876, 155.2026, 122.4219
-9.107735, 2.029311, 0.4779876, 155.2026, 109.7912
-9.107735, 2.029311, 0.4779876, 155.2026, 109.7912
-9.107735, 1.864311, 0.4779876, 155.2026, 122.4219
-9.083028, 1.864311, 0.2429189, 154.5306, 122.033
-9.083028, 2.029311, 0.2429189, 154.5306, 109.0117
-9.281933, 1.864311, 0.2220132, 138.5546, 121.9973
-9.083028, 1.864311, 0.2429189, 154.5306, 122.033
-9.107735, 1.864311, 0.4779876, 155.2026, 122.4219
-9.30664, 1.864311, 0.4570819, 139.7088, 122.3883
-9.281933, 2.029311, 0.2220132, 138.5546, 108.9401
-9.281933, 1.864311, 0.2220132, 138.5546, 121.9973
-9.30664, 1.864311, 0.4570819, 139.7088, 122.3883
-9.30664, 2.029311, 0.4570819, 139.7088, 109.7237
-9.083028, 2.029311, 0.2429189, 154.5306, 109.0117
-9.083028, 1.864311, 0.2429189, 154.5306, 122.033
-9.281933, 1.864311, 0.2220132, 138.5546, 121.9973
-9.281933, 2.029311, 0.2220132, 138.5546, 108.9401
box_1_Parle-G-GOLD(Clone) stack 134 Shelf_1 Rack_1_1_1
-9.487058, 1.376249, 0.2474137, 122.7151, 160.5344
-9.687027, 1.376249, 0.2439232, 106.8823, 160.5461
-9.690669, 1.376249, 0.4525871, 110.158, 159.8638
-9.4907, 1.376249, 0.4560776, 125.5666, 159.8527
-9.690669, 1.376249, 0.4525871, 110.158, 159.8638
-9.690669, 1.203749, 0.4525871, 110.158, 173.1116
-9.4907, 1.203749, 0.4560776, 125.5666, 173.0946
-9.4907, 1.376249, 0.4560776, 125.5666, 159.8527
-9.4907, 1.376249, 0.4560776, 125.5666, 159.8527
-9.4907, 1.203749, 0.4560776, 125.5666, 173.0946
-9.487058, 1.203749, 0.2474137, 122.7151, 174.1395
-9.487058, 1.376249, 0.2474137, 122.7151, 160.5344
-9.687027, 1.203749, 0.2439232, 106.8823, 174.1575
-9.487058, 1.203749, 0.2474137, 122.7151, 174.1395
-9.4907, 1.203749, 0.4560776, 125.5666, 173.0946
-9.690669, 1.203749, 0.4525871, 110.158, 173.1116
-9.687027, 1.376249, 0.2439232, 106.8823, 160.5461
-9.687027, 1.203749, 0.2439232, 106.8823, 174.1575
-9.690669, 1.203749, 0.4525871, 110.158, 173.1116
-9.690669, 1.376249, 0.4525871, 110.158, 159.8638
-9.487058, 1.376249, 0.2474137, 122.7151, 160.5344
-9.487058, 1.203749, 0.2474137, 122.7151, 174.1395
-9.687027, 1.203749, 0.2439232, 106.8823, 174.1575
-9.687027, 1.376249, 0.2439232, 106.8823, 160.5461
box_1_Parle-G-GOLD(Clone) stack 134 Shelf_1 Rack_1_1_1
-9.4907, 1.548749, 0.2439232, 122.3738, 146.9347
-9.690669, 1.548749, 0.2474137, 106.6561, 146.9292
-9.687027, 1.548749, 0.4560776, 110.4956, 146.6107
-9.487058, 1.548749, 0.4525871, 125.7952, 146.6159
-9.687027, 1.548749, 0.4560776, 110.4956, 146.6107
-9.687027, 1.376249, 0.4560776, 110.4956, 159.8527
-9.487058, 1.376249, 0.4525871, 125.7952, 159.8638
-9.487058, 1.548749, 0.4525871, 125.7952, 146.6159
-9.487058, 1.548749, 0.4525871, 125.7952, 146.6159
-9.487058, 1.376249, 0.4525871, 125.7952, 159.8638
-9.4907, 1.376249, 0.2439232, 122.3738, 160.5461
-9.4907, 1.548749, 0.2439232, 122.3738, 146.9347
-9.690669, 1.376249, 0.2474137, 106.6561, 160.5344
-9.4907, 1.376249, 0.2439232, 122.3738, 160.5461
-9.487058, 1.376249, 0.4525871, 125.7952, 159.8638
-9.687027, 1.376249, 0.4560776, 110.4956, 159.8527
-9.690669, 1.548749, 0.2474137, 106.6561, 146.9292
-9.690669, 1.376249, 0.2474137, 106.6561, 160.5344
-9.687027, 1.376249, 0.4560776, 110.4956, 159.8527
-9.687027, 1.548749, 0.4560776, 110.4956, 146.6107
-9.4907, 1.548749, 0.2439232, 122.3738, 146.9347
-9.4907, 1.376249, 0.2439232, 122.3738, 160.5461
-9.690669, 1.376249, 0.2474137, 106.6561, 160.5344
-9.690669, 1.548749, 0.2474137, 106.6561, 146.9292
box_1_Parle-G-GOLD(Clone) stack 134 Shelf_1 Rack_1_1_1
-9.4907, 1.721249, 0.2439232, 122.3738, 133.3233
-9.690669, 1.721249, 0.2474137, 106.6561, 133.3241
-9.687027, 1.721249, 0.4560776, 110.4956, 133.3688
-9.487058, 1.721249, 0.4525871, 125.7952, 133.3681
-9.687027, 1.721249, 0.4560776, 110.4956, 133.3688
-9.687027, 1.548749, 0.4560776, 110.4956, 146.6107
-9.487058, 1.548749, 0.4525871, 125.7952, 146.6159
-9.487058, 1.721249, 0.4525871, 125.7952, 133.3681
-9.487058, 1.721249, 0.4525871, 125.7952, 133.3681
-9.487058, 1.548749, 0.4525871, 125.7952, 146.6159
-9.4907, 1.548749, 0.2439232, 122.3738, 146.9347
-9.4907, 1.721249, 0.2439232, 122.3738, 133.3233
-9.690669, 1.548749, 0.2474137, 106.6561, 146.9292
-9.4907, 1.548749, 0.2439232, 122.3738, 146.9347
-9.487058, 1.548749, 0.4525871, 125.7952, 146.6159
-9.687027, 1.548749, 0.4560776, 110.4956, 146.6107
-9.690669, 1.721249, 0.2474137, 106.6561, 133.3241
-9.690669, 1.548749, 0.2474137, 106.6561, 146.9292
-9.687027, 1.548749, 0.4560776, 110.4956, 146.6107
-9.687027, 1.721249, 0.4560776, 110.4956, 133.3688
-9.4907, 1.721249, 0.2439232, 122.3738, 133.3233
-9.4907, 1.548749, 0.2439232, 122.3738, 146.9347
-9.690669, 1.548749, 0.2474137, 106.6561, 146.9292
-9.690669, 1.721249, 0.2474137, 106.6561, 133.3241
box_2_Parle-G(Clone) stack 135 Shelf_1 Rack_1_1_1
-9.864228, 1.459016, 0.2841088, 93.67329, 153.9153
-10.0642, 1.459016, 0.2806183, 77.90324, 153.924
-10.06656, 1.459016, 0.4158919, 80.54097, 153.5947
-9.86659, 1.459016, 0.4193824, 96.03561, 153.5864
-10.06656, 1.459016, 0.4158919, 80.54097, 153.5947
-10.06656, 1.204015, 0.4158919, 80.54097, 173.271
-9.86659, 1.204015, 0.4193824, 96.03561, 173.2538
-9.86659, 1.459016, 0.4193824, 96.03561, 153.5864
-9.86659, 1.459016, 0.4193824, 96.03561, 153.5864
-9.86659, 1.204015, 0.4193824, 96.03561, 173.2538
-9.864228, 1.204015, 0.2841088, 93.67329, 173.9307
-9.864228, 1.459016, 0.2841088, 93.67329, 153.9153
-10.0642, 1.204015, 0.2806184, 77.90324, 173.9485
-9.864228, 1.204015, 0.2841088, 93.67329, 173.9307
-9.86659, 1.204015, 0.4193824, 96.03561, 173.2538
-10.06656, 1.204015, 0.4158919, 80.54097, 173.271
-10.0642, 1.459016, 0.2806183, 77.90324, 153.924
-10.0642, 1.204015, 0.2806184, 77.90324, 173.9485
-10.06656, 1.204015, 0.4158919, 80.54097, 173.271
-10.06656, 1.459016, 0.4158919, 80.54097, 153.5947
-9.864228, 1.459016, 0.2841088, 93.67329, 153.9153
-9.864228, 1.204015, 0.2841088, 93.67329, 173.9307
-10.0642, 1.204015, 0.2806184, 77.90324, 173.9485
-10.0642, 1.459016, 0.2806183, 77.90324, 153.924
box_2_Parle-G(Clone) stack 135 Shelf_1 Rack_1_1_1
-9.865394, 1.714015, 0.2823533, 93.54816, 133.8997
-10.06539, 1.714015, 0.2823533, 77.84612, 133.8997
-10.06539, 1.714015, 0.4176474, 80.66682, 133.9188
-9.865394, 1.714015, 0.4176474, 96.09573, 133.9188
-10.06539, 1.714015, 0.4176474, 80.66682, 133.9188
-10.06539, 1.459015, 0.4176475, 80.66682, 153.5905
-9.865394, 1.459015, 0.4176475, 96.09573, 153.5905
-9.865394, 1.714015, 0.4176474, 96.09573, 133.9188
-9.865394, 1.714015, 0.4176474, 96.09573, 133.9188
-9.865394, 1.459015, 0.4176475, 96.09573, 153.5905
-9.865394, 1.459015, 0.2823533, 93.54816, 153.9197
-9.865394, 1.714015, 0.2823533, 93.54816, 133.8997
-10.06539, 1.459015, 0.2823533, 77.84612, 153.9197
-9.865394, 1.459015, 0.2823533, 93.54816, 153.9197
-9.865394, 1.459015, 0.4176475, 96.09573, 153.5905
-10.06539, 1.459015, 0.4176475, 80.66682, 153.5905
-10.06539, 1.714015, 0.2823533, 77.84612, 133.8997
-10.06539, 1.459015, 0.2823533, 77.84612, 153.9197
-10.06539, 1.459015, 0.4176475, 80.66682, 153.5905
-10.06539, 1.714015, 0.4176474, 80.66682, 133.9188
-9.865394, 1.714015, 0.2823533, 93.54816, 133.8997
-9.865394, 1.459015, 0.2823533, 93.54816, 153.9197
-10.06539, 1.459015, 0.2823533, 77.84612, 153.9197
-10.06539, 1.714015, 0.2823533, 77.84612, 133.8997
box_2_Parle-G(Clone) stack 135 Shelf_1 Rack_1_1_1
-9.867816, 1.969016, 0.2789046, 93.29178, 113.8701
-10.06769, 1.969016, 0.2858844, 77.74057, 113.8894
-10.06297, 1.969016, 0.4210961, 80.92423, 114.2562
-9.863094, 1.969016, 0.4141163, 96.20783, 114.2376
-10.06297, 1.969016, 0.4210961, 80.92423, 114.2562
-10.06297, 1.714015, 0.4210962, 80.92423, 133.9193
-9.863094, 1.714015, 0.4141163, 96.20783, 133.9183
-9.863094, 1.969016, 0.4141163, 96.20783, 114.2376
-9.863094, 1.969016, 0.4141163, 96.20783, 114.2376
-9.863094, 1.714015, 0.4141163, 96.20783, 133.9183
-9.867816, 1.714015, 0.2789046, 93.29178, 133.8992
-9.867816, 1.969016, 0.2789046, 93.29178, 113.8701
-10.06769, 1.714015, 0.2858845, 77.74057, 133.9002
-9.867816, 1.714015, 0.2789046, 93.29178, 133.8992
-9.863094, 1.714015, 0.4141163, 96.20783, 133.9183
-10.06297, 1.714015, 0.4210962, 80.92423, 133.9193
-10.06769, 1.969016, 0.2858844, 77.74057, 113.8894
-10.06769, 1.714015, 0.2858845, 77.74057, 133.9002
-10.06297, 1.714015, 0.4210962, 80.92423, 133.9193
-10.06297, 1.969016, 0.4210961, 80.92423, 114.2562
-9.867816, 1.969016, 0.2789046, 93.29178, 113.8701
-9.867816, 1.714015, 0.2789046, 93.29178, 133.8992
-10.06769, 1.714015, 0.2858845, 77.74057, 133.9002
-10.06769, 1.969016, 0.2858844, 77.74057, 113.8894
box_3_Hareli(Clone) stack 136 Shelf_1 Rack_1_1_1
-10.2529, 1.353857, 0.2491345, 62.353, 162.2943
-10.45214, 1.353857, 0.2317034, 46.19854, 162.3569
-10.47131, 1.353857, 0.4508663, 50.16349, 161.5893
-10.27207, 1.353857, 0.4682974, 65.8569, 161.5301
-10.47131, 1.353857, 0.4508663, 50.16349, 161.5893
-10.47131, 1.203857, 0.4508663, 50.16349, 173.1117
-10.27207, 1.203857, 0.4682974, 65.8569, 173.0269
-10.27207, 1.353857, 0.4682974, 65.8569, 161.5301
-10.27207, 1.353857, 0.4682974, 65.8569, 161.5301
-10.27207, 1.203857, 0.4682974, 65.8569, 173.0269
-10.2529, 1.203857, 0.2491345, 62.353, 174.1221
-10.2529, 1.353857, 0.2491345, 62.353, 162.2943
-10.45214, 1.203857, 0.2317034, 46.19854, 174.212
-10.2529, 1.203857, 0.2491345, 62.353, 174.1221
-10.27207, 1.203857, 0.4682974, 65.8569, 173.0269
-10.47131, 1.203857, 0.4508663, 50.16349, 173.1117
-10.45214, 1.353857, 0.2317034, 46.19854, 162.3569
-10.45214, 1.203857, 0.2317034, 46.19854, 174.212
-10.47131, 1.203857, 0.4508663, 50.16349, 173.1117
-10.47131, 1.353857, 0.4508663, 50.16349, 161.5893
-10.2529, 1.353857, 0.2491345, 62.353, 162.2943
-10.2529, 1.203857, 0.2491345, 62.353, 174.1221
-10.45214, 1.203857, 0.2317034, 46.19854, 174.212
-10.45214, 1.353857, 0.2317034, 46.19854, 162.3569
box_3_Hareli(Clone) stack 136 Shelf_1 Rack_1_1_1
-10.26404, 1.503857, 0.2382718, 61.21931, 150.4885
-10.46401, 1.503857, 0.2417623, 45.51788, 150.4814
-10.46017, 1.503857, 0.4617289, 51.28176, 150.046
-10.2602, 1.503857, 0.4582384, 66.54396, 150.0527
-10.46017, 1.503857, 0.4617289, 51.28176, 150.046
-10.46017, 1.353857, 0.4617289, 51.28176, 161.5524
-10.2602, 1.353857, 0.4582384, 66.54396, 161.5642
-10.2602, 1.503857, 0.4582384, 66.54396, 150.0527
-10.2602, 1.503857, 0.4582384, 66.54396, 150.0527
-10.2602, 1.353857, 0.4582384, 66.54396, 161.5642
-10.26404, 1.353857, 0.2382719, 61.21931, 162.3333
-10.26404, 1.503857, 0.2382718, 61.21931, 150.4885
-10.46401, 1.353857, 0.2417624, 45.51788, 162.3207
-10.26404, 1.353857, 0.2382719, 61.21931, 162.3333
-10.2602, 1.353857, 0.4582384, 66.54396, 161.5642
-10.46017, 1.353857, 0.4617289, 51.28176, 161.5524
-10.46401, 1.503857, 0.2417623, 45.51788, 150.4814
-10.46401, 1.353857, 0.2417624, 45.51788, 162.3207
-10.46017, 1.353857, 0.4617289, 51.28176, 161.5524
-10.46017, 1.503857, 0.4617289, 51.28176, 150.046
-10.26404, 1.503857, 0.2382718, 61.21931, 150.4885
-10.26404, 1.353857, 0.2382719, 61.21931, 162.3333
-10.46401, 1.353857, 0.2417624, 45.51788, 162.3207
-10.46401, 1.503857, 0.2417623, 45.51788, 150.4814
box_3_Hareli(Clone) stack 136 Shelf_1 Rack_1_1_1
-10.27207, 1.653857, 0.2317034, 60.42976, 138.6468
-10.47131, 1.653857, 0.2491345, 45.13059, 138.6385
-10.45214, 1.653857, 0.4682974, 52.0558, 138.5366
-10.2529, 1.653857, 0.4508663, 66.9411, 138.5445
-10.45214, 1.653857, 0.4682974, 52.0558, 138.5366
-10.45214, 1.503857, 0.4682974, 52.0558, 150.0334
-10.2529, 1.503857, 0.4508663, 66.9411, 150.0669
-10.2529, 1.653857, 0.4508663, 66.9411, 138.5445
-10.2529, 1.653857, 0.4508663, 66.9411, 138.5445
-10.2529, 1.503857, 0.4508663, 66.9411, 150.0669
-10.27207, 1.503857, 0.2317034, 60.42976, 150.5019
-10.27207, 1.653857, 0.2317034, 60.42976, 138.6468
-10.47131, 1.503857, 0.2491345, 45.13059, 150.4664
-10.27207, 1.503857, 0.2317034, 60.42976, 150.5019
-10.2529, 1.503857, 0.4508663, 66.9411, 150.0669
-10.45214, 1.503857, 0.4682974, 52.0558, 150.0334
-10.47131, 1.653857, 0.2491345, 45.13059, 138.6385
-10.47131, 1.503857, 0.2491345, 45.13059, 150.4664
-10.45214, 1.503857, 0.4682974, 52.0558, 150.0334
-10.45214, 1.653857, 0.4682974, 52.0558, 138.5366
-10.27207, 1.653857, 0.2317034, 60.42976, 138.6468
-10.27207, 1.503857, 0.2317034, 60.42976, 150.5019
-10.47131, 1.503857, 0.2491345, 45.13059, 150.4664
-10.47131, 1.653857, 0.2491345, 45.13059, 138.6385
box_5_LMRR(Clone) stack 138 Shelf_2 Rack_1_1_1
-9.185777, 2.531555, 0.2044918, 145.9466, 69.04276
-9.385654, 2.531555, 0.2114717, 130.194, 69.10355
-9.375735, 2.531555, 0.495509, 134.9219, 71.48622
-9.175858, 2.531555, 0.488529, 150.1086, 71.42973
-9.375735, 2.531555, 0.495509, 134.9219, 71.48622
-9.375735, 2.389055, 0.495509, 134.9219, 82.37032
-9.175858, 2.389055, 0.4885291, 150.1086, 82.32352
-9.175858, 2.531555, 0.488529, 150.1086, 71.42973
-9.175858, 2.531555, 0.488529, 150.1086, 71.42973
-9.175858, 2.389055, 0.4885291, 150.1086, 82.32352
-9.185777, 2.389055, 0.2044918, 145.9466, 80.34557
-9.185777, 2.531555, 0.2044918, 145.9466, 69.04276
-9.385654, 2.389055, 0.2114717, 130.194, 80.39597
-9.185777, 2.389055, 0.2044918, 145.9466, 80.34557
-9.175858, 2.389055, 0.4885291, 150.1086, 82.32352
-9.375735, 2.389055, 0.495509, 134.9219, 82.37032
-9.385654, 2.531555, 0.2114717, 130.194, 69.10355
-9.385654, 2.389055, 0.2114717, 130.194, 80.39597
-9.375735, 2.389055, 0.495509, 134.9219, 82.37032
-9.375735, 2.531555, 0.495509, 134.9219, 71.48622
-9.185777, 2.531555, 0.2044918, 145.9466, 69.04276
-9.185777, 2.389055, 0.2044918, 145.9466, 80.34557
-9.385654, 2.389055, 0.2114717, 130.194, 80.39597
-9.385654, 2.531555, 0.2114717, 130.194, 69.10355
box_5_LMRR(Clone) stack 138 Shelf_2 Rack_1_1_1
-9.180756, 2.674055, 0.2078952, 146.3869, 57.77469
-9.380756, 2.674055, 0.2078952, 130.5304, 57.77469
-9.380756, 2.674055, 0.4921055, 134.4927, 60.56989
-9.180756, 2.674055, 0.4921055, 149.7753, 60.56989
-9.380756, 2.674055, 0.4921055, 134.4927, 60.56989
-9.380756, 2.531555, 0.4921056, 134.4927, 71.45871
-9.180756, 2.531555, 0.4921056, 149.7753, 71.45871
-9.180756, 2.674055, 0.4921055, 149.7753, 60.56989
-9.180756, 2.674055, 0.4921055, 149.7753, 60.56989
-9.180756, 2.531555, 0.4921056, 149.7753, 71.45871
-9.180756, 2.531555, 0.2078952, 146.3869, 69.07242
-9.180756, 2.674055, 0.2078952, 146.3869, 57.77469
-9.380756, 2.531555, 0.2078952, 130.5304, 69.07242
-9.180756, 2.531555, 0.2078952, 146.3869, 69.07242
-9.180756, 2.531555, 0.4921056, 149.7753, 71.45871
-9.380756, 2.531555, 0.4921056, 134.4927, 71.45871
-9.380756, 2.674055, 0.2078952, 130.5304, 57.77469
-9.380756, 2.531555, 0.2078952, 130.5304, 69.07242
-9.380756, 2.531555, 0.4921056, 134.4927, 71.45871
-9.380756, 2.674055, 0.4921055, 134.4927, 60.56989
-9.180756, 2.674055, 0.2078952, 146.3869, 57.77469
-9.180756, 2.531555, 0.2078952, 146.3869, 69.07242
-9.380756, 2.531555, 0.2078952, 130.5304, 69.07242
-9.380756, 2.674055, 0.2078952, 130.5304, 57.77469
box_8_lizol(Clone) stack 139 Shelf_2 Rack_1_1_1
-9.561111, 2.565368, 0.2319989, 116.6244, 66.60945
-9.760838, 2.565368, 0.2215317, 100.6478, 66.51503
-9.773754, 2.565368, 0.4680019, 104.0454, 68.67131
-9.574028, 2.565368, 0.4784691, 119.5151, 68.75989
-9.773754, 2.565368, 0.4680019, 104.0454, 68.67131
-9.773754, 2.389118, 0.4680019, 104.0454, 82.18053
-9.574028, 2.389118, 0.4784691, 119.5151, 82.25104
-9.574028, 2.565368, 0.4784691, 119.5151, 68.75989
-9.574028, 2.565368, 0.4784691, 119.5151, 68.75989
-9.574028, 2.389118, 0.4784691, 119.5151, 82.25104
-9.561111, 2.389118, 0.2319989, 116.6244, 80.53859
-9.561111, 2.565368, 0.2319989, 116.6244, 66.60945
-9.760838, 2.389118, 0.2215317, 100.6478, 80.46341
-9.561111, 2.389118, 0.2319989, 116.6244, 80.53859
-9.574028, 2.389118, 0.4784691, 119.5151, 82.25104
-9.773754, 2.389118, 0.4680019, 104.0454, 82.18053
-9.760838, 2.565368, 0.2215317, 100.6478, 66.51503
-9.760838, 2.389118, 0.2215317, 100.6478, 80.46341
-9.773754, 2.389118, 0.4680019, 104.0454, 82.18053
-9.773754, 2.565368, 0.4680019, 104.0454, 68.67131
-9.561111, 2.565368, 0.2319989, 116.6244, 66.60945
-9.561111, 2.389118, 0.2319989, 116.6244, 80.53859
-9.760838, 2.389118, 0.2215317, 100.6478, 80.46341
-9.760838, 2.565368, 0.2215317, 100.6478, 66.51503
box_8_lizol(Clone) stack 139 Shelf_2 Rack_1_1_1
-9.58088, 2.741618, 0.2168193, 114.8118, 52.5154
-9.779784, 2.741618, 0.237725, 99.44857, 52.74236
-9.753985, 2.741618, 0.4831815, 105.8208, 55.31665
-9.555081, 2.741618, 0.4622758, 120.719, 55.10368
-9.753985, 2.741618, 0.4831815, 105.8208, 55.31665
-9.753985, 2.565368, 0.4831815, 105.8208, 68.7997
-9.555081, 2.565368, 0.4622758, 120.719, 68.62276
-9.555081, 2.741618, 0.4622758, 120.719, 55.10368
-9.555081, 2.741618, 0.4622758, 120.719, 55.10368
-9.555081, 2.565368, 0.4622758, 120.719, 68.62276
-9.58088, 2.565368, 0.2168193, 114.8118, 66.47241
-9.58088, 2.741618, 0.2168193, 114.8118, 52.5154
-9.779784, 2.565368, 0.237725, 99.44857, 66.661
-9.58088, 2.565368, 0.2168193, 114.8118, 66.47241
-9.555081, 2.565368, 0.4622758, 120.719, 68.62276
-9.753985, 2.565368, 0.4831815, 105.8208, 68.7997
-9.779784, 2.741618, 0.237725, 99.44857, 52.74236
-9.779784, 2.565368, 0.237725, 99.44857, 66.661
-9.753985, 2.565368, 0.4831815, 105.8208, 68.7997
-9.753985, 2.741618, 0.4831815, 105.8208, 55.31665
-9.58088, 2.741618, 0.2168193, 114.8118, 52.5154
-9.58088, 2.565368, 0.2168193, 114.8118, 66.47241
-9.779784, 2.565368, 0.237725, 99.44857, 66.661
-9.779784, 2.741618, 0.237725, 99.44857, 52.74236
box_8_lizol(Clone) stack 139 Shelf_2 Rack_1_1_1
-9.559068, 2.917868, 0.2338724, 116.8163, 38.7749
-9.758581, 2.917868, 0.2199211, 100.7968, 38.59781
-9.775798, 2.917868, 0.4661284, 103.8561, 41.63057
-9.576284, 2.917868, 0.4800797, 119.3671, 41.79674
-9.775798, 2.917868, 0.4661284, 103.8561, 41.63057
-9.775798, 2.741618, 0.4661284, 103.8561, 55.14302
-9.576284, 2.741618, 0.4800797, 119.3671, 55.28513
-9.576284, 2.917868, 0.4800797, 119.3671, 41.79674
-9.576284, 2.917868, 0.4800797, 119.3671, 41.79674
-9.576284, 2.741618, 0.4800797, 119.3671, 55.28513
-9.559068, 2.741618, 0.2338724, 116.8163, 52.70061
-9.559068, 2.917868, 0.2338724, 116.8163, 38.7749
-9.758581, 2.741618, 0.2199211, 100.7968, 52.54915
-9.559068, 2.741618, 0.2338724, 116.8163, 52.70061
-9.576284, 2.741618, 0.4800797, 119.3671, 55.28513
-9.775798, 2.741618, 0.4661284, 103.8561, 55.14302
-9.758581, 2.917868, 0.2199211, 100.7968, 38.59781
-9.758581, 2.741618, 0.2199211, 100.7968, 52.54915
-9.775798, 2.741618, 0.4661284, 103.8561, 55.14302
-9.775798, 2.917868, 0.4661284, 103.8561, 41.63057
-9.559068, 2.917868, 0.2338724, 116.8163, 38.7749
-9.559068, 2.741618, 0.2338724, 116.8163, 52.70061
-9.758581, 2.741618, 0.2199211, 100.7968, 52.54915
-9.758581, 2.917868, 0.2199211, 100.7968, 38.59781
box_8_lizol(Clone) stack 139 Shelf_2 Rack_1_1_1
-9.58088, 3.094118, 0.2168193, 114.8118, 24.6013
-9.779784, 3.094118, 0.237725, 99.44857, 24.90509
-9.753985, 3.094118, 0.4831815, 105.8208, 28.35056
-9.555081, 3.094118, 0.4622758, 120.719, 28.06554
-9.753985, 3.094118, 0.4831815, 105.8208, 28.35056
-9.753985, 2.917868, 0.4831815, 105.8208, 41.83359
-9.555081, 2.917868, 0.4622758, 120.719, 41.58461
-9.555081, 3.094118, 0.4622758, 120.719, 28.06554
-9.555081, 3.094118, 0.4622758, 120.719, 28.06554
-9.555081, 2.917868, 0.4622758, 120.719, 41.58461
-9.58088, 2.917868, 0.2168193, 114.8118, 38.55835
-9.58088, 3.094118, 0.2168193, 114.8118, 24.6013
-9.779784, 2.917868, 0.237725, 99.44857, 38.8237
-9.58088, 2.917868, 0.2168193, 114.8118, 38.55835
-9.555081, 2.917868, 0.4622758, 120.719, 41.58461
-9.753985, 2.917868, 0.4831815, 105.8208, 41.83359
-9.779784, 3.094118, 0.237725, 99.44857, 24.90509
-9.779784, 2.917868, 0.237725, 99.44857, 38.8237
-9.753985, 2.917868, 0.4831815, 105.8208, 41.83359
-9.753985, 3.094118, 0.4831815, 105.8208, 28.35056
-9.58088, 3.094118, 0.2168193, 114.8118, 24.6013
-9.58088, 2.917868, 0.2168193, 114.8118, 38.55835
-9.779784, 2.917868, 0.237725, 99.44857, 38.8237
-9.779784, 3.094118, 0.237725, 99.44857, 24.90509
box_3_Hareli(Clone) stack 140 Shelf_2 Rack_1_1_1
-9.956803, 2.538451, 0.2332926, 85.37904, 68.74805
-10.15632, 2.538451, 0.2472439, 69.92661, 68.86955
-10.14097, 2.538451, 0.4667081, 75.87201, 70.72386
-9.941457, 2.538451, 0.4527568, 90.90098, 70.60909
-10.14097, 2.538451, 0.4667081, 75.87201, 70.72386
-10.14097, 2.388451, 0.4667081, 75.87201, 82.22295
-9.941457, 2.388451, 0.4527568, 90.90098, 82.12871
-9.941457, 2.538451, 0.4527568, 90.90098, 70.60909
-9.941457, 2.538451, 0.4527568, 90.90098, 70.60909
-9.941457, 2.388451, 0.4527568, 90.90098, 82.12871
-9.956803, 2.388451, 0.2332927, 85.37904, 80.60062
-9.956803, 2.538451, 0.2332926, 85.37904, 68.74805
-10.15632, 2.388451, 0.247244, 69.92661, 80.70038
-9.956803, 2.388451, 0.2332927, 85.37904, 80.60062
-9.941457, 2.388451, 0.4527568, 90.90098, 82.12871
-10.14097, 2.388451, 0.4667081, 75.87201, 82.22295
-10.15632, 2.538451, 0.2472439, 69.92661, 68.86955
-10.15632, 2.388451, 0.247244, 69.92661, 80.70038
-10.14097, 2.388451, 0.4667081, 75.87201, 82.22295
-10.14097, 2.538451, 0.4667081, 75.87201, 70.72386
-9.956803, 2.538451, 0.2332926, 85.37904, 68.74805
-9.956803, 2.388451, 0.2332927, 85.37904, 80.60062
-10.15632, 2.388451, 0.247244, 69.92661, 80.70038
-10.15632, 2.538451, 0.2472439, 69.92661, 68.86955
box_3_Hareli(Clone) stack 140 Shelf_2 Rack_1_1_1
-9.950821, 2.688451, 0.2382718, 85.95274, 56.94664
-10.15079, 2.688451, 0.2417623, 70.23999, 56.98248
-10.14695, 2.688451, 0.4617289, 75.30863, 59.17654
-9.946981, 2.688451, 0.4582384, 90.5815, 59.14267
-10.14695, 2.688451, 0.4617289, 75.30863, 59.17654
-10.14695, 2.538451, 0.4617289, 75.30863, 70.68292
-9.946981, 2.538451, 0.4582384, 90.5815, 70.65422
-9.946981, 2.688451, 0.4582384, 90.5815, 59.14267
-9.946981, 2.688451, 0.4582384, 90.5815, 59.14267
-9.946981, 2.538451, 0.4582384, 90.5815, 70.65422
-9.950821, 2.538451, 0.2382719, 85.95274, 68.79146
-9.950821, 2.688451, 0.2382718, 85.95274, 56.94664
-10.15079, 2.538451, 0.2417624, 70.23999, 68.82185
-9.950821, 2.538451, 0.2382719, 85.95274, 68.79146
-9.946981, 2.538451, 0.4582384, 90.5815, 70.65422
-10.14695, 2.538451, 0.4617289, 75.30863, 70.68292
-10.15079, 2.688451, 0.2417623, 70.23999, 56.98248
-10.15079, 2.538451, 0.2417624, 70.23999, 68.82185
-10.14695, 2.538451, 0.4617289, 75.30863, 70.68292
-10.14695, 2.688451, 0.4617289, 75.30863, 59.17654
-9.950821, 2.688451, 0.2382718, 85.95274, 56.94664
-9.950821, 2.538451, 0.2382719, 85.95274, 68.79146
-10.15079, 2.538451, 0.2417624, 70.23999, 68.82185
-10.15079, 2.688451, 0.2417623, 70.23999, 56.98248
box_7_litchi(Clone) stack 145 Shelf_1 Rack_1_1_2
-10.91419, 1.414419, 0.2432683, 10.03098, 157.5362
-11.09976, 1.414419, 0.4567324, 2.067633, 156.9208
-10.90024, 1.414419, 0.4427811, 16.98393, 156.96
-11.09976, 1.414419, 0.4567324, 2.067633, 156.9208
-11.09976, 1.204419, 0.4567324, 2.067633, 173.04
-10.90024, 1.204419, 0.4427811, 16.98393, 173.108
-10.90024, 1.414419, 0.4427811, 16.98393, 156.96
-10.90024, 1.414419, 0.4427811, 16.98393, 156.96
-10.90024, 1.204419, 0.4427811, 16.98393, 173.108
-10.91419, 1.204419, 0.2432683, 10.03098, 174.108
-10.91419, 1.414419, 0.2432683, 10.03098, 157.5362
-10.91419, 1.204419, 0.2432683, 10.03098, 174.108
-10.90024, 1.204419, 0.4427811, 16.98393, 173.108
-11.09976, 1.204419, 0.4567324, 2.067633, 173.04
-11.09976, 1.204419, 0.4567324, 2.067633, 173.04
-11.09976, 1.414419, 0.4567324, 2.067633, 156.9208
-10.91419, 1.414419, 0.2432683, 10.03098, 157.5362
-10.91419, 1.204419, 0.2432683, 10.03098, 174.108
box_7_litchi(Clone) stack 145 Shelf_1 Rack_1_1_2
-10.90524, 1.624419, 0.2517608, 10.99299, 140.9577
-11.1087, 1.624419, 0.4482399, 1.121192, 140.8078
-10.90873, 1.624419, 0.4517304, 16.58715, 140.8052
-11.1087, 1.624419, 0.4482399, 1.121192, 140.8078
-11.1087, 1.414419, 0.4482399, 1.121192, 156.9446
-10.90873, 1.414419, 0.4517304, 16.58715, 156.9348
-10.90873, 1.624419, 0.4517304, 16.58715, 140.8052
-10.90873, 1.624419, 0.4517304, 16.58715, 140.8052
-10.90873, 1.414419, 0.4517304, 16.58715, 156.9348
-10.90524, 1.414419, 0.2517608, 10.99299, 157.511
-10.90524, 1.624419, 0.2517608, 10.99299, 140.9577
-10.90524, 1.414419, 0.2517608, 10.99299, 157.511
-10.90873, 1.414419, 0.4517304, 16.58715, 156.9348
-11.1087, 1.414419, 0.4482399, 1.121192, 156.9446
-11.1087, 1.414419, 0.4482399, 1.121192, 156.9446
-11.1087, 1.624419, 0.4482399, 1.121192, 140.8078
-10.90524, 1.624419, 0.2517608, 10.99299, 140.9577
-10.90524, 1.414419, 0.2517608, 10.99299, 157.511
