box4_Fairever(Clone) stack 119 Shelf_1 Rack_1_1_0
-8.24642, 1.369311, 0.2235528, 477.639, 161.1636
-8.26702, 1.369311, 0.4590169, 468.9019, 160.3757
-8.26702, 1.369311, 0.4590169, 468.9019, 160.3757
-8.26702, 1.204311, 0.4590169, 468.9019, 173.0372
-8.24642, 1.204311, 0.2235527, 477.639, 174.2182
-8.26702, 1.204311, 0.4590169, 468.9019, 173.0372
-8.24642, 1.369311, 0.2235528, 477.639, 161.1636
-8.24642, 1.204311, 0.2235527, 477.639, 174.2182
-8.26702, 1.204311, 0.4590169, 468.9019, 173.0372
-8.26702, 1.369311, 0.4590169, 468.9019, 160.3757
-8.24642, 1.204311, 0.2235527, 477.639, 174.2182
-8.24642, 1.369311, 0.2235528, 477.639, 161.1636
box4_Fairever(Clone) stack 119 Shelf_1 Rack_1_1_0
-8.252915, 1.534311, 0.2284006, 476.9736, 148.1007
-8.261165, 1.534311, 0.4646202, 469.187, 147.7052
-8.261165, 1.534311, 0.4646202, 469.187, 147.7052
-8.261165, 1.369311, 0.4646202, 469.187, 160.3575
-8.252915, 1.369311, 0.2284006, 476.9736, 161.1469
-8.261165, 1.369311, 0.4646202, 469.187, 160.3575
-8.252915, 1.534311, 0.2284006, 476.9736, 148.1007
-8.252915, 1.369311, 0.2284006, 476.9736, 161.1469
-8.261165, 1.369311, 0.4646202, 469.187, 160.3575
-8.261165, 1.534311, 0.4646202, 469.187, 147.7052
-8.252915, 1.369311, 0.2284006, 476.9736, 161.1469
-8.252915, 1.534311, 0.2284006, 476.9736, 148.1007
box4_Fairever(Clone) stack 119 Shelf_1 Rack_1_1_0
-8.257101, 1.699311, 0.2318186, 476.5361, 135.0544
-8.257101, 1.699311, 0.4681821, 469.3941, 135.0528
-8.257101, 1.699311, 0.4681821, 469.3941, 135.0528
-8.257101, 1.534311, 0.4681821, 469.3941, 147.6994
-8.257101, 1.534311, 0.2318186, 476.5361, 148.0948
-8.257101, 1.534311, 0.4681821, 469.3941, 147.6994
-8.257101, 1.699311, 0.2318186, 476.5361, 135.0544
-8.257101, 1.534311, 0.2318186, 476.5361, 148.0948
-8.257101, 1.534311, 0.4681821, 469.3941, 147.6994
-8.257101, 1.699311, 0.4681821, 469.3941, 135.0528
-8.257101, 1.534311, 0.2318186, 476.5361, 148.0948
-8.257101, 1.699311, 0.2318186, 476.5361, 135.0544
box4_Fairever(Clone) stack 119 Shelf_1 Rack_1_1_0
-8.255023, 1.864311, 0.2300913, 476.7542, 122.0111
-8.259148, 1.864311, 0.4664189, 469.289, 122.4034
-8.259148, 1.864311, 0.4664189, 469.289, 122.4034
-8.259148, 1.699311, 0.4664189, 469.289, 135.0528
-8.255023, 1.699311, 0.2300914, 476.7542, 135.0545
-8.259148, 1.699311, 0.4664189, 469.289, 135.0528
-8.255023, 1.864311, 0.2300913, 476.7542, 122.0111
-8.255023, 1.699311, 0.2300914, 476.7542, 135.0545
-8.259148, 1.699311, 0.4664189, 469.289, 135.0528
-8.259148, 1.864311, 0.4664189, 469.289, 122.4034
-8.255023, 1.699311, 0.2300914, 476.7542, 135.0545
-8.255023, 1.864311, 0.2300913, 476.7542, 122.0111
box4_Fairever(Clone) stack 119 Shelf_1 Rack_1_1_0
-8.257101, 2.029311, 0.2318186, 476.5361, 108.9737
-8.257101, 2.029311, 0.4681821, 469.3941, 109.7596
-8.257101, 2.029311, 0.4681821, 469.3941, 109.7596
-8.257101, 1.864311, 0.4681821, 469.3941, 122.4062
-8.257101, 1.864311, 0.2318186, 476.5361, 122.0141
-8.257101, 1.864311, 0.4681821, 469.3941, 122.4062
-8.257101, 2.029311, 0.2318186, 476.5361, 108.9737
-8.257101, 1.864311, 0.2318186, 476.5361, 122.0141
-8.257101, 1.864311, 0.4681821, 469.3941, 122.4062
-8.257101, 2.029311, 0.4681821, 469.3941, 109.7596
-8.257101, 1.864311, 0.2318186, 476.5361, 122.0141
-8.257101, 2.029311, 0.2318186, 476.5361, 108.9737
box_6_melody(Clone) stack 128 Shelf_0 Rack_1_1_1
-9.908854, 0.2073492, 0.2430817, 345.8371, 252.7931
-10.10736, 0.2073492, 0.2187079, 330.4617, 253.1719
-10.13661, 0.2073492, 0.456919, 325.4598, 249.5708
-9.938103, 0.2073492, 0.4812929, 340.3837, 249.2147
-10.13661, 0.2073492, 0.456919, 325.4598, 249.5708
-10.13661, 0.01984931, 0.456919, 325.4598, 263.9626
-9.938103, 0.01984931, 0.4812929, 340.3837, 263.5618
-9.938103, 0.2073492, 0.4812929, 340.3837, 249.2147
-9.938103, 0.2073492, 0.4812929, 340.3837, 249.2147
-9.938103, 0.01984931, 0.4812929, 340.3837, 263.5618
-9.908854, 0.01984931, 0.2430817, 345.8371, 267.5897
-9.908854, 0.2073492, 0.2430817, 345.8371, 252.7931
-10.10736, 0.01984931, 0.2187079, 330.4617, 268.0161
-9.908854, 0.01984931, 0.2430817, 345.8371, 267.5897
-9.938103, 0.01984931, 0.4812929, 340.3837, 263.5618
-10.13661, 0.01984931, 0.456919, 325.4598, 263.9626
-10.10736, 0.2073492, 0.2187079, 330.4617, 253.1719
-10.10736, 0.01984931, 0.2187079, 330.4617, 268.0161
-10.13661, 0.01984931, 0.456919, 325.4598, 263.9626
-10.13661, 0.2073492, 0.456919, 325.4598, 249.5708
-9.908854, 0.2073492, 0.2430817, 345.8371, 252.7931
-9.908854, 0.01984931, 0.2430817, 345.8371, 267.5897
-10.10736, 0.01984931, 0.2187079, 330.4617, 268.0161
-10.10736, 0.2073492, 0.2187079, 330.4617, 253.1719
box_6_melody(Clone) stack 128 Shelf_0 Rack_1_1_1
-9.933572, 0.3948492, 0.2217414, 344.1788, 238.2864
-10.13281, 0.3948492, 0.2391725, 328.2087, 238.0495
-10.11189, 0.3948492, 0.4782594, 327.1194, 234.9062
-9.912655, 0.3948492, 0.4608282, 342.5988, 235.1289
-10.11189, 0.3948492, 0.4782594, 327.1194, 234.9062
-10.11189, 0.2073492, 0.4782594, 327.1194, 249.2589
-9.912655, 0.2073492, 0.4608282, 342.5988, 249.5135
-9.912655, 0.3948492, 0.4608282, 342.5988, 235.1289
-9.912655, 0.3948492, 0.4608282, 342.5988, 235.1289
-9.912655, 0.2073492, 0.4608282, 342.5988, 249.5135
-9.933572, 0.2073492, 0.2217414, 344.1788, 253.1246
-9.933572, 0.3948492, 0.2217414, 344.1788, 238.2864
-10.13281, 0.2073492, 0.2391725, 328.2087, 252.8537
-9.933572, 0.2073492, 0.2217414, 344.1788, 253.1246
-9.912655, 0.2073492, 0.4608282, 342.5988, 249.5135
-10.11189, 0.2073492, 0.4782594, 327.1194, 249.2589
-10.13281, 0.3948492, 0.2391725, 328.2087, 238.0495
-10.13281, 0.2073492, 0.2391725, 328.2087, 252.8537
-10.11189, 0.2073492, 0.4782594, 327.1194, 249.2589
-10.11189, 0.3948492, 0.4782594, 327.1194, 234.9062
-9.933572, 0.3948492, 0.2217414, 344.1788, 238.2864
-9.933572, 0.2073492, 0.2217414, 344.1788, 253.1246
-10.13281, 0.2073492, 0.2391725, 328.2087, 252.8537
-10.13281, 0.3948492, 0.2391725, 328.2087, 238.0495
box_6_melody(Clone) stack 128 Shelf_0 Rack_1_1_1
-9.92915, 0.5823491, 0.2249312, 344.4848, 223.4109
-10.12888, 0.5823491, 0.2353984, 328.5634, 223.2891
-10.11632, 0.5823491, 0.4750696, 326.8161, 220.5883
-9.91659, 0.5823491, 0.4646024, 342.2475, 220.7028
-10.11632, 0.5823491, 0.4750696, 326.8161, 220.5883
-10.11632, 0.3948492, 0.4750696, 326.8161, 234.9469
-9.91659, 0.3948492, 0.4646024, 342.2475, 235.0806
-9.91659, 0.5823491, 0.4646024, 342.2475, 220.7028
-9.91659, 0.5823491, 0.4646024, 342.2475, 220.7028
-9.91659, 0.3948492, 0.4646024, 342.2475, 235.0806
-9.92915, 0.3948492, 0.2249312, 344.4848, 238.2429
-9.92915, 0.5823491, 0.2249312, 344.4848, 223.4109
-10.12888, 0.3948492, 0.2353984, 328.5634, 238.1007
-9.92915, 0.3948492, 0.2249312, 344.4848, 238.2429
-9.91659, 0.3948492, 0.4646024, 342.2475, 235.0806
-10.11632, 0.3948492, 0.4750696, 326.8161, 234.9469
-10.12888, 0.5823491, 0.2353984, 328.5634, 223.2891
-10.12888, 0.3948492, 0.2353984, 328.5634, 238.1007
-10.11632, 0.3948492, 0.4750696, 326.8161, 234.9469
-10.11632, 0.5823491, 0.4750696, 326.8161, 220.5883
-9.92915, 0.5823491, 0.2249312, 344.4848, 223.4109
-9.92915, 0.3948492, 0.2249312, 344.4848, 238.2429
-10.12888, 0.3948492, 0.2353984, 328.5634, 238.1007
-10.12888, 0.5823491, 0.2353984, 328.5634, 223.2891
box_6_melody(Clone) stack 128 Shelf_0 Rack_1_1_1
-9.912655, 0.7698491, 0.2391725, 345.5914, 208.441
-10.11189, 0.7698491, 0.2217414, 330.0669, 208.6098
-10.13281, 0.7698491, 0.4608282, 325.7087, 206.3595
-9.933572, 0.7698491, 0.4782594, 340.7694, 206.2008
-10.13281, 0.7698491, 0.4608282, 325.7087, 206.3595
-10.13281, 0.5823491, 0.4608282, 325.7087, 220.7442
-9.933572, 0.5823491, 0.4782594, 340.7694, 220.5535
-9.933572, 0.7698491, 0.4782594, 340.7694, 206.2008
-9.933572, 0.7698491, 0.4782594, 340.7694, 206.2008
-9.933572, 0.5823491, 0.4782594, 340.7694, 220.5535
-9.912655, 0.5823491, 0.2391725, 345.5914, 223.2452
-9.912655, 0.7698491, 0.2391725, 345.5914, 208.441
-10.11189, 0.5823491, 0.2217414, 330.0669, 223.4481
-9.912655, 0.5823491, 0.2391725, 345.5914, 223.2452
-9.933572, 0.5823491, 0.4782594, 340.7694, 220.5535
-10.13281, 0.5823491, 0.4608282, 325.7087, 220.7442
-10.11189, 0.7698491, 0.2217414, 330.0669, 208.6098
-10.11189, 0.5823491, 0.2217414, 330.0669, 223.4481
-10.13281, 0.5823491, 0.4608282, 325.7087, 220.7442
-10.13281, 0.7698491, 0.4608282, 325.7087, 206.3595
-9.912655, 0.7698491, 0.2391725, 345.5914, 208.441
-9.912655, 0.5823491, 0.2391725, 345.5914, 223.2452
-10.11189, 0.5823491, 0.2217414, 330.0669, 223.4481
-10.11189, 0.7698491, 0.2217414, 330.0669, 208.6098
box_2_Parle-G(Clone) stack 129 Shelf_0 Rack_1_1_1
-9.52623, 0.274422, 0.2841088, 375.3018, 246.8962
-9.7262, 0.274422, 0.2806183, 359.6605, 246.9473
-9.728561, 0.274422, 0.4158919, 357.3966, 244.9998
-9.528591, 0.274422, 0.4193824, 372.767, 244.9505
-9.728561, 0.274422, 0.4158919, 357.3966, 244.9998
-9.728561, 0.01942197, 0.4158919, 357.3966, 264.6761
-9.528591, 0.01942197, 0.4193824, 372.767, 264.6179
-9.528591, 0.274422, 0.4193824, 372.767, 244.9505
-9.528591, 0.274422, 0.4193824, 372.767, 244.9505
-9.528591, 0.01942197, 0.4193824, 372.767, 264.6179
-9.52623, 0.01942196, 0.2841088, 375.3018, 266.9116
-9.52623, 0.274422, 0.2841088, 375.3018, 246.8962
-9.7262, 0.01942196, 0.2806184, 359.6605, 266.9719
-9.52623, 0.01942196, 0.2841088, 375.3018, 266.9116
-9.528591, 0.01942197, 0.4193824, 372.767, 264.6179
-9.728561, 0.01942197, 0.4158919, 357.3966, 264.6761
-9.7262, 0.274422, 0.2806183, 359.6605, 246.9473
-9.7262, 0.01942196, 0.2806184, 359.6605, 266.9719
-9.728561, 0.01942197, 0.4158919, 357.3966, 264.6761
-9.728561, 0.274422, 0.4158919, 357.3966, 244.9998
-9.52623, 0.274422, 0.2841088, 375.3018, 246.8962
-9.52623, 0.01942196, 0.2841088, 375.3018, 266.9116
-9.7262, 0.01942196, 0.2806184, 359.6605, 266.9719
-9.7262, 0.274422, 0.2806183, 359.6605, 246.9473
box_2_Parle-G(Clone) stack 129 Shelf_0 Rack_1_1_1
-9.520872, 0.5294219, 0.2931767, 375.5616, 226.7719
-9.719777, 0.5294219, 0.272271, 360.2963, 227.0233
-9.733919, 0.5294219, 0.406824, 357.1198, 225.4291
-9.535014, 0.5294219, 0.4277297, 372.1298, 225.1863
-9.733919, 0.5294219, 0.406824, 357.1198, 225.4291
-9.733919, 0.2744219, 0.406824, 357.1198, 245.1283
-9.535014, 0.2744219, 0.4277297, 372.1298, 244.8326
-9.535014, 0.5294219, 0.4277297, 372.1298, 225.1863
-9.535014, 0.5294219, 0.4277297, 372.1298, 225.1863
-9.535014, 0.2744219, 0.4277297, 372.1298, 244.8326
-9.520872, 0.2744219, 0.2931767, 375.5616, 246.7636
-9.520872, 0.5294219, 0.2931767, 375.5616, 226.7719
-9.719777, 0.2744219, 0.272271, 360.2963, 247.0698
-9.520872, 0.2744219, 0.2931767, 375.5616, 246.7636
-9.535014, 0.2744219, 0.4277297, 372.1298, 244.8326
-9.733919, 0.2744219, 0.406824, 357.1198, 245.1283
-9.719777, 0.5294219, 0.272271, 360.2963, 227.0233
-9.719777, 0.2744219, 0.272271, 360.2963, 247.0698
-9.733919, 0.2744219, 0.406824, 357.1198, 245.1283
-9.733919, 0.5294219, 0.406824, 357.1198, 225.4291
-9.520872, 0.5294219, 0.2931767, 375.5616, 226.7719
-9.520872, 0.2744219, 0.2931767, 375.5616, 246.7636
-9.719777, 0.2744219, 0.272271, 360.2963, 247.0698
-9.719777, 0.5294219, 0.272271, 360.2963, 227.0233
box_2_Parle-G(Clone) stack 129 Shelf_0 Rack_1_1_1
-9.525096, 0.784422, 0.2858844, 375.3594, 206.8487
-9.724974, 0.784422, 0.2789046, 359.7836, 206.9144
-9.729695, 0.784422, 0.4141163, 357.3359, 205.6636
-9.529818, 0.784422, 0.4210961, 372.6432, 205.6002
-9.729695, 0.784422, 0.4141163, 357.3359, 205.6636
-9.729695, 0.5294219, 0.4141163, 357.3359, 225.3443
-9.529818, 0.5294219, 0.4210962, 372.6432, 225.2632
-9.529818, 0.784422, 0.4210961, 372.6432, 205.6002
-9.529818, 0.784422, 0.4210961, 372.6432, 205.6002
-9.529818, 0.5294219, 0.4210962, 372.6432, 225.2632
-9.525096, 0.5294219, 0.2858845, 375.3594, 226.8595
-9.525096, 0.784422, 0.2858844, 375.3594, 206.8487
-9.724974, 0.5294219, 0.2789046, 359.7836, 226.9434
-9.525096, 0.5294219, 0.2858845, 375.3594, 226.8595
-9.529818, 0.5294219, 0.4210962, 372.6432, 225.2632
-9.729695, 0.5294219, 0.4141163, 357.3359, 225.3443
-9.724974, 0.784422, 0.2789046, 359.7836, 206.9144
-9.724974, 0.5294219, 0.2789046, 359.7836, 226.9434
-9.729695, 0.5294219, 0.4141163, 357.3359, 225.3443
-9.729695, 0.784422, 0.4141163, 357.3359, 205.6636
-9.525096, 0.784422, 0.2858844, 375.3594, 206.8487
-9.525096, 0.5294219, 0.2858845, 375.3594, 226.8595
-9.724974, 0.5294219, 0.2789046, 359.7836, 226.9434
-9.724974, 0.784422, 0.2789046, 359.7836, 206.9144
box_5_LMRR(Clone) stack 130 Shelf_0 Rack_1_1_1
-9.144822, 0.162368, 0.2028563, 407.0145, 256.9882
-9.344547, 0.162368, 0.2133235, 390.9604, 256.8196
-9.329673, 0.162368, 0.4971444, 386.6431, 252.4192
-9.129948, 0.162368, 0.4866772, 402.1108, 252.5758
-9.329673, 0.162368, 0.4971444, 386.6431, 252.4192
-9.329673, 0.019868, 0.4971444, 386.6431, 263.301
-9.129948, 0.019868, 0.4866772, 402.1108, 263.4721
-9.129948, 0.162368, 0.4866772, 402.1108, 252.5758
-9.129948, 0.162368, 0.4866772, 402.1108, 252.5758
-9.129948, 0.019868, 0.4866772, 402.1108, 263.4721
-9.144822, 0.019868, 0.2028564, 407.0145, 268.2935
-9.144822, 0.162368, 0.2028563, 407.0145, 256.9882
-9.344547, 0.019868, 0.2133235, 390.9604, 268.1092
-9.144822, 0.019868, 0.2028564, 407.0145, 268.2935
-9.129948, 0.019868, 0.4866772, 402.1108, 263.4721
-9.329673, 0.019868, 0.4971444, 386.6431, 263.301
-9.344547, 0.162368, 0.2133235, 390.9604, 256.8196
-9.344547, 0.019868, 0.2133235, 390.9604, 268.1092
-9.329673, 0.019868, 0.4971444, 386.6431, 263.301
-9.329673, 0.162368, 0.4971444, 386.6431, 252.4192
-9.144822, 0.162368, 0.2028563, 407.0145, 256.9882
-9.144822, 0.019868, 0.2028564, 407.0145, 268.2935
-9.344547, 0.019868, 0.2133235, 390.9604, 268.1092
-9.344547, 0.162368, 0.2133235, 390.9604, 256.8196
box_5_LMRR(Clone) stack 130 Shelf_0 Rack_1_1_1
-9.139743, 0.304868, 0.2061716, 407.3441, 245.6344
-9.339712, 0.304868, 0.209662, 391.4166, 245.5834
-9.334752, 0.304868, 0.4938292, 386.317, 241.5823
-9.134783, 0.304868, 0.4903387, 401.6657, 241.6297
-9.334752, 0.304868, 0.4938292, 386.317, 241.5823
-9.334752, 0.162368, 0.4938292, 386.317, 252.4687
-9.134783, 0.162368, 0.4903387, 401.6657, 252.521
-9.134783, 0.304868, 0.4903387, 401.6657, 241.6297
-9.134783, 0.304868, 0.4903387, 401.6657, 241.6297
-9.134783, 0.162368, 0.4903387, 401.6657, 252.521
-9.139743, 0.162368, 0.2061716, 407.3441, 256.9348
-9.139743, 0.304868, 0.2061716, 407.3441, 245.6344
-9.339712, 0.162368, 0.2096621, 391.4166, 256.8785
-9.139743, 0.162368, 0.2061716, 407.3441, 256.9348
-9.134783, 0.162368, 0.4903387, 401.6657, 252.521
-9.334752, 0.162368, 0.4938292, 386.317, 252.4687
-9.339712, 0.304868, 0.209662, 391.4166, 245.5834
-9.339712, 0.162368, 0.2096621, 391.4166, 256.8785
-9.334752, 0.162368, 0.4938292, 386.317, 252.4687
-9.334752, 0.304868, 0.4938292, 386.317, 241.5823
-9.139743, 0.304868, 0.2061716, 407.3441, 245.6344
-9.139743, 0.162368, 0.2061716, 407.3441, 256.9348
-9.339712, 0.162368, 0.2096621, 391.4166, 256.8785
-9.339712, 0.304868, 0.209662, 391.4166, 245.5834
box_5_LMRR(Clone) stack 130 Shelf_0 Rack_1_1_1
-9.127579, 0.447368, 0.215217, 408.1078, 234.2155
-9.327091, 0.447368, 0.2012657, 392.5862, 234.3986
-9.346916, 0.447368, 0.4847837, 385.5554, 230.8062
-9.147404, 0.447368, 0.498735, 400.5294, 230.6362
-9.346916, 0.447368, 0.4847837, 385.5554, 230.8062
-9.346916, 0.304868, 0.4847838, 385.5554, 241.7052
-9.147404, 0.304868, 0.498735, 400.5294, 241.5158
-9.147404, 0.447368, 0.498735, 400.5294, 230.6362
-9.147404, 0.447368, 0.498735, 400.5294, 230.6362
-9.147404, 0.304868, 0.498735, 400.5294, 241.5158
-9.127579, 0.3048679, 0.215217, 408.1078, 245.5023
-9.127579, 0.447368, 0.215217, 408.1078, 234.2155
-9.327091, 0.3048679, 0.2012657, 392.5862, 245.7063
-9.127579, 0.3048679, 0.215217, 408.1078, 245.5023
-9.147404, 0.304868, 0.498735, 400.5294, 241.5158
-9.346916, 0.304868, 0.4847838, 385.5554, 241.7052
-9.327091, 0.447368, 0.2012657, 392.5862, 234.3986
-9.327091, 0.3048679, 0.2012657, 392.5862, 245.7063
-9.346916, 0.304868, 0.4847838, 385.5554, 241.7052
-9.346916, 0.447368, 0.4847837, 385.5554, 230.8062
-9.127579, 0.447368, 0.215217, 408.1078, 234.2155
-9.127579, 0.3048679, 0.215217, 408.1078, 245.5023
-9.327091, 0.3048679, 0.2012657, 392.5862, 245.7063
-9.327091, 0.447368, 0.2012657, 392.5862, 234.3986
box_5_LMRR(Clone) stack 130 Shelf_0 Rack_1_1_1
-9.142268, 0.5898679, 0.2044918, 407.181, 223.0534
-9.342146, 0.5898679, 0.2114717, 391.1876, 222.9722
-9.332227, 0.589868, 0.495509, 386.4786, 219.7914
-9.132349, 0.589868, 0.488529, 401.889, 219.8668
-9.332227, 0.589868, 0.495509, 386.4786, 219.7914
-9.332227, 0.447368, 0.495509, 386.4786, 230.6754
-9.132349, 0.447368, 0.4885291, 401.889, 230.7605
-9.132349, 0.589868, 0.488529, 401.889, 219.8668
-9.132349, 0.589868, 0.488529, 401.889, 219.8668
-9.132349, 0.447368, 0.4885291, 401.889, 230.7605
-9.142268, 0.4473679, 0.2044918, 407.181, 234.3562
-9.142268, 0.5898679, 0.2044918, 407.181, 223.0534
-9.342146, 0.4473679, 0.2114717, 391.1876, 234.2646
-9.142268, 0.4473679, 0.2044918, 407.181, 234.3562
-9.132349, 0.447368, 0.4885291, 401.889, 230.7605
-9.332227, 0.447368, 0.495509, 386.4786, 230.6754
-9.342146, 0.5898679, 0.2114717, 391.1876, 222.9722
-9.342146, 0.4473679, 0.2114717, 391.1876, 234.2646
-9.332227, 0.447368, 0.495509, 386.4786, 230.6754
-9.332227, 0.589868, 0.495509, 386.4786, 219.7914
-9.142268, 0.5898679, 0.2044918, 407.181, 223.0534
-9.142268, 0.4473679, 0.2044918, 407.181, 234.3562
-9.342146, 0.4473679, 0.2114717, 391.1876, 234.2646
-9.342146, 0.5898679, 0.2114717, 391.1876, 222.9722
box_5_LMRR(Clone) stack 130 Shelf_0 Rack_1_1_1
-9.142268, 0.7323679, 0.2044918, 407.181, 211.7506
-9.342146, 0.7323679, 0.2114717, 391.1876, 211.6798
-9.332227, 0.732368, 0.495509, 386.4786, 208.9073
-9.132349, 0.732368, 0.488529, 401.889, 208.973
-9.332227, 0.732368, 0.495509, 386.4786, 208.9073
-9.332227, 0.5898679, 0.495509, 386.4786, 219.7914
-9.132349, 0.5898679, 0.4885291, 401.889, 219.8668
-9.132349, 0.732368, 0.488529, 401.889, 208.973
-9.132349, 0.732368, 0.488529, 401.889, 208.973
-9.132349, 0.5898679, 0.4885291, 401.889, 219.8668
-9.142268, 0.5898679, 0.2044918, 407.181, 223.0534
-9.142268, 0.7323679, 0.2044918, 407.181, 211.7506
-9.342146, 0.5898679, 0.2114717, 391.1876, 222.9722
-9.142268, 0.5898679, 0.2044918, 407.181, 223.0534
-9.132349, 0.5898679, 0.4885291, 401.889, 219.8668
-9.332227, 0.5898679, 0.495509, 386.4786, 219.7914
-9.342146, 0.7323679, 0.2114717, 391.1876, 211.6798
-9.342146, 0.5898679, 0.2114717, 391.1876, 222.9722
-9.332227, 0.5898679, 0.495509, 386.4786, 219.7914
-9.332227, 0.732368, 0.495509, 386.4786, 208.9073
-9.142268, 0.7323679, 0.2044918, 407.181, 211.7506
-9.142268, 0.5898679, 0.2044918, 407.181, 223.0534
-9.342146, 0.5898679, 0.2114717, 391.1876, 222.9722
-9.342146, 0.7323679, 0.2114717, 391.1876, 211.6798
box_5_LMRR(Clone) stack 131 Shelf_0 Rack_1_1_1
-8.74907, 0.162368, 0.2044918, 438.3687, 256.9618
-8.948948, 0.162368, 0.2114717, 422.3465, 256.8494
-8.939029, 0.1623681, 0.495509, 416.5108, 252.4436
-8.739151, 0.1623681, 0.488529, 431.948, 252.548
-8.939029, 0.1623681, 0.495509, 416.5108, 252.4436
-8.939029, 0.01986802, 0.495509, 416.5108, 263.3277
-8.739151, 0.01986802, 0.4885291, 431.948, 263.4418
-8.739151, 0.1623681, 0.488529, 431.948, 252.548
-8.739151, 0.1623681, 0.488529, 431.948, 252.548
-8.739151, 0.01986802, 0.4885291, 431.948, 263.4418
-8.74907, 0.01986799, 0.2044918, 438.3687, 268.2646
-8.74907, 0.162368, 0.2044918, 438.3687, 256.9618
-8.948948, 0.01986799, 0.2114717, 422.3465, 268.1418
-8.74907, 0.01986799, 0.2044918, 438.3687, 268.2646
-8.739151, 0.01986802, 0.4885291, 431.948, 263.4418
-8.939029, 0.01986802, 0.495509, 416.5108, 263.3277
-8.948948, 0.162368, 0.2114717, 422.3465, 256.8494
-8.948948, 0.01986799, 0.2114717, 422.3465, 268.1418
-8.939029, 0.01986802, 0.495509, 416.5108, 263.3277
-8.939029, 0.1623681, 0.495509, 416.5108, 252.4436
-8.74907, 0.162368, 0.2044918, 438.3687, 256.9618
-8.74907, 0.01986799, 0.2044918, 438.3687, 268.2646
-8.948948, 0.01986799, 0.2114717, 422.3465, 268.1418
-8.948948, 0.162368, 0.2114717, 422.3465, 256.8494
box_5_LMRR(Clone) stack 131 Shelf_0 Rack_1_1_1
-8.74907, 0.304868, 0.2044918, 438.3687, 245.659
-8.948948, 0.304868, 0.2114717, 422.3465, 245.557
-8.939029, 0.304868, 0.495509, 416.5108, 241.5595
-8.739151, 0.304868, 0.488529, 431.948, 241.6543
-8.939029, 0.304868, 0.495509, 416.5108, 241.5595
-8.939029, 0.162368, 0.495509, 416.5108, 252.4436
-8.739151, 0.162368, 0.4885291, 431.948, 252.548
-8.739151, 0.304868, 0.488529, 431.948, 241.6543
-8.739151, 0.304868, 0.488529, 431.948, 241.6543
-8.739151, 0.162368, 0.4885291, 431.948, 252.548
-8.74907, 0.162368, 0.2044918, 438.3687, 256.9619
-8.74907, 0.304868, 0.2044918, 438.3687, 245.659
-8.948948, 0.162368, 0.2114717, 422.3465, 256.8494
-8.74907, 0.162368, 0.2044918, 438.3687, 256.9619
-8.739151, 0.162368, 0.4885291, 431.948, 252.548
-8.939029, 0.162368, 0.495509, 416.5108, 252.4436
-8.948948, 0.304868, 0.2114717, 422.3465, 245.557
-8.948948, 0.162368, 0.2114717, 422.3465, 256.8494
-8.939029, 0.162368, 0.495509, 416.5108, 252.4436
-8.939029, 0.304868, 0.495509, 416.5108, 241.5595
-8.74907, 0.304868, 0.2044918, 438.3687, 245.659
-8.74907, 0.162368, 0.2044918, 438.3687, 256.9619
-8.948948, 0.162368, 0.2114717, 422.3465, 256.8494
-8.948948, 0.304868, 0.2114717, 422.3465, 245.557
box_1_Parle-G-GOLD(Clone) stack 132 Shelf_1 Rack_1_1_1
-8.733068, 1.376249, 0.2373341, 438.7748, 160.5682
-8.932307, 1.376249, 0.2547652, 422.6209, 160.5097
-8.914118, 1.376249, 0.4626667, 419.1626, 159.8317
-8.714879, 1.376249, 0.4452356, 434.8785, 159.8872
-8.914118, 1.376249, 0.4626667, 419.1626, 159.8317
-8.914118, 1.203749, 0.4626667, 419.1626, 173.0625
-8.714879, 1.203749, 0.4452356, 434.8785, 173.1475
-8.714879, 1.376249, 0.4452356, 434.8785, 159.8872
-8.714879, 1.376249, 0.4452356, 434.8785, 159.8872
-8.714879, 1.203749, 0.4452356, 434.8785, 173.1475
-8.733068, 1.203749, 0.237334, 438.7748, 174.1914
-8.733068, 1.376249, 0.2373341, 438.7748, 160.5682
-8.932307, 1.203749, 0.2547652, 422.6209, 174.1017
-8.733068, 1.203749, 0.237334, 438.7748, 174.1914
-8.714879, 1.203749, 0.4452356, 434.8785, 173.1475
-8.914118, 1.203749, 0.4626667, 419.1626, 173.0625
-8.932307, 1.376249, 0.2547652, 422.6209, 160.5097
-8.932307, 1.203749, 0.2547652, 422.6209, 174.1017
-8.914118, 1.203749, 0.4626667, 419.1626, 173.0625
-8.914118, 1.376249, 0.4626667, 419.1626, 159.8317
-8.733068, 1.376249, 0.2373341, 438.7748, 160.5682
-8.733068, 1.203749, 0.237334, 438.7748, 174.1914
-8.932307, 1.203749, 0.2547652, 422.6209, 174.1017
-8.932307, 1.376249, 0.2547652, 422.6209, 160.5097
box_1_Parle-G-GOLD(Clone) stack 132 Shelf_1 Rack_1_1_1
-8.713234, 1.548749, 0.256677, 439.8325, 146.9147
-8.912138, 1.548749, 0.2357713, 424.6708, 146.9475
-8.933952, 1.548749, 0.4433237, 418.0816, 146.6297
-8.735048, 1.548749, 0.4642295, 432.8588, 146.5986
-8.933952, 1.548749, 0.4433237, 418.0816, 146.6297
-8.933952, 1.376249, 0.4433237, 418.0816, 159.8933
-8.735048, 1.376249, 0.4642295, 432.8588, 159.8268
-8.735048, 1.548749, 0.4642295, 432.8588, 146.5986
-8.735048, 1.548749, 0.4642295, 432.8588, 146.5986
-8.735048, 1.376249, 0.4642295, 432.8588, 159.8268
-8.713234, 1.376249, 0.256677, 439.8325, 160.5033
-8.713234, 1.548749, 0.256677, 439.8325, 146.9147
-8.912138, 1.376249, 0.2357713, 424.6708, 160.5735
-8.713234, 1.376249, 0.256677, 439.8325, 160.5033
-8.735048, 1.376249, 0.4642295, 432.8588, 159.8268
-8.933952, 1.376249, 0.4433237, 418.0816, 159.8933
-8.912138, 1.548749, 0.2357713, 424.6708, 146.9475
-8.912138, 1.376249, 0.2357713, 424.6708, 160.5735
-8.933952, 1.376249, 0.4433237, 418.0816, 159.8933
-8.933952, 1.548749, 0.4433237, 418.0816, 146.6297
-8.713234, 1.548749, 0.256677, 439.8325, 146.9147
-8.713234, 1.376249, 0.256677, 439.8325, 160.5033
-8.912138, 1.376249, 0.2357713, 424.6708, 160.5735
-8.912138, 1.548749, 0.2357713, 424.6708, 146.9475
box_1_Parle-G-GOLD(Clone) stack 132 Shelf_1 Rack_1_1_1
-8.733068, 1.721249, 0.2373341, 438.7748, 133.3218
-8.932307, 1.721249, 0.2547652, 422.6209, 133.3257
-8.914118, 1.721249, 0.4626667, 419.1626, 133.3702
-8.714879, 1.721249, 0.4452356, 434.8785, 133.3665
-8.914118, 1.721249, 0.4626667, 419.1626, 133.3702
-8.914118, 1.548749, 0.4626667, 419.1626, 146.601
-8.714879, 1.548749, 0.4452356, 434.8785, 146.6269
-8.714879, 1.721249, 0.4452356, 434.8785, 133.3665
-8.714879, 1.721249, 0.4452356, 434.8785, 133.3665
-8.714879, 1.548749, 0.4452356, 434.8785, 146.6269
-8.733068, 1.548749, 0.237334, 438.7748, 146.945
-8.733068, 1.721249, 0.2373341, 438.7748, 133.3218
-8.932307, 1.548749, 0.2547652, 422.6209, 146.9177
-8.733068, 1.548749, 0.237334, 438.7748, 146.945
-8.714879, 1.548749, 0.4452356, 434.8785, 146.6269
-8.914118, 1.548749, 0.4626667, 419.1626, 146.601
-8.932307, 1.721249, 0.2547652, 422.6209, 133.3257
-8.932307, 1.548749, 0.2547652, 422.6209, 146.9177
-8.914118, 1.548749, 0.4626667, 419.1626, 146.601
-8.914118, 1.721249, 0.4626667, 419.1626, 133.3702
-8.733068, 1.721249, 0.2373341, 438.7748, 133.3218
-8.733068, 1.548749, 0.237334, 438.7748, 146.945
-8.932307, 1.548749, 0.2547652, 422.6209, 146.9177
-8.932307, 1.721249, 0.2547652, 422.6209, 133.3257
box_1_Parle-G-GOLD(Clone) stack 132 Shelf_1 Rack_1_1_1
-8.716558, 1.893749, 0.2528824, 439.6702, 119.7299
-8.916071, 1.893749, 0.2389311, 424.2835, 119.7018
-8.930629, 1.893749, 0.4471184, 418.2505, 120.1098
-8.731115, 1.893749, 0.4610697, 433.2383, 120.1364
-8.930629, 1.893749, 0.4471184, 418.2505, 120.1098
-8.930629, 1.721249, 0.4471184, 418.2505, 133.3669
-8.731115, 1.721249, 0.4610697, 433.2383, 133.3698
-8.731115, 1.893749, 0.4610697, 433.2383, 120.1364
-8.731115, 1.893749, 0.4610697, 433.2383, 120.1364
-8.731115, 1.721249, 0.4610697, 433.2383, 133.3698
-8.716558, 1.721249, 0.2528824, 439.6702, 133.3253
-8.716558, 1.893749, 0.2528824, 439.6702, 119.7299
-8.916071, 1.721249, 0.2389311, 424.2835, 133.3222
-8.716558, 1.721249, 0.2528824, 439.6702, 133.3253
-8.731115, 1.721249, 0.4610697, 433.2383, 133.3698
-8.930629, 1.721249, 0.4471184, 418.2505, 133.3669
-8.916071, 1.893749, 0.2389311, 424.2835, 119.7018
-8.916071, 1.721249, 0.2389311, 424.2835, 133.3222
-8.930629, 1.721249, 0.4471184, 418.2505, 133.3669
-8.930629, 1.893749, 0.4471184, 418.2505, 120.1098
-8.716558, 1.893749, 0.2528824, 439.6702, 119.7299
-8.716558, 1.721249, 0.2528824, 439.6702, 133.3253
-8.916071, 1.721249, 0.2389311, 424.2835, 133.3222
-8.916071, 1.893749, 0.2389311, 424.2835, 119.7018
box_1_Parle-G-GOLD(Clone) stack 132 Shelf_1 Rack_1_1_1
-8.720013, 2.066249, 0.249206, 439.4942, 106.1206
-8.91989, 2.066249, 0.2422261, 423.9022, 106.0941
-8.927174, 2.06625, 0.4507947, 418.432, 106.8659
-8.727296, 2.06625, 0.4577746, 433.613, 106.891
-8.927174, 2.06625, 0.4507947, 418.432, 106.8659
-8.927174, 1.893749, 0.4507947, 418.432, 120.1168
-8.727296, 1.893749, 0.4577746, 433.613, 120.1301
-8.727296, 2.06625, 0.4577746, 433.613, 106.891
-8.727296, 2.06625, 0.4577746, 433.613, 106.891
-8.727296, 1.893749, 0.4577746, 433.613, 120.1301
-8.720013, 1.893749, 0.249206, 439.4942, 119.7225
-8.720013, 2.066249, 0.249206, 439.4942, 106.1206
-8.91989, 1.893749, 0.2422261, 423.9022, 119.7085
-8.720013, 1.893749, 0.249206, 439.4942, 119.7225
-8.727296, 1.893749, 0.4577746, 433.613, 120.1301
-8.927174, 1.893749, 0.4507947, 418.432, 120.1168
-8.91989, 2.066249, 0.2422261, 423.9022, 106.0941
-8.91989, 1.893749, 0.2422261, 423.9022, 119.7085
-8.927174, 1.893749, 0.4507947, 418.432, 120.1168
-8.927174, 2.06625, 0.4507947, 418.432, 106.8659
-8.720013, 2.066249, 0.249206, 439.4942, 106.1206
-8.720013, 1.893749, 0.249206, 439.4942, 119.7225
-8.91989, 1.893749, 0.2422261, 423.9022, 119.7085
-8.91989, 2.066249, 0.2422261, 423.9022, 106.0941
box4_Fairever(Clone) stack 133 Shelf_1 Rack_1_1_1
-9.083028, 1.369311, 0.2429189, 411.0111, 161.097
-9.281933, 1.369311, 0.2220132, 395.7423, 161.1689
-9.30664, 1.369311, 0.4570819, 389.1626, 160.382
-9.107735, 1.369311, 0.4779876, 403.991, 160.3143
-9.30664, 1.369311, 0.4570819, 389.1626, 160.382
-9.30664, 1.204311, 0.4570819, 389.1626, 173.0466
-9.107735, 1.204311, 0.4779876, 403.991, 172.9451
-9.107735, 1.369311, 0.4779876, 403.991, 160.3143
-9.107735, 1.369311, 0.4779876, 403.991, 160.3143
-9.107735, 1.204311, 0.4779876, 403.991, 172.9451
-9.083028, 1.204311, 0.2429189, 411.0111, 174.1183
-9.083028, 1.369311, 0.2429189, 411.0111, 161.097
-9.281933, 1.204311, 0.2220132, 395.7423, 174.2262
-9.083028, 1.204311, 0.2429189, 411.0111, 174.1183
-9.107735, 1.204311, 0.4779876, 403.991, 172.9451
-9.30664, 1.204311, 0.4570819, 389.1626, 173.0466
-9.281933, 1.369311, 0.2220132, 395.7423, 161.1689
-9.281933, 1.204311, 0.2220132, 395.7423, 174.2262
-9.30664, 1.204311, 0.4570819, 389.1626, 173.0466
-9.30664, 1.369311, 0.4570819, 389.1626, 160.382
-9.083028, 1.369311, 0.2429189, 411.0111, 161.097
-9.083028, 1.204311, 0.2429189, 411.0111, 174.1183
-9.281933, 1.204311, 0.2220132, 395.7423, 174.2262
-9.281933, 1.369311, 0.2220132, 395.7423, 161.1689
box4_Fairever(Clone) stack 133 Shelf_1 Rack_1_1_1
-9.105515, 1.534311, 0.2235528, 409.6687, 148.1091
-9.304753, 1.534311, 0.2409839, 393.5522, 148.079
-9.284153, 1.534311, 0.476448, 390.5157, 147.686
-9.084914, 1.534311, 0.4590169, 406.14, 147.7143
-9.284153, 1.534311, 0.476448, 390.5157, 147.686
-9.284153, 1.369311, 0.476448, 390.5157, 160.3193
-9.084914, 1.369311, 0.4590169, 406.14, 160.3757
-9.084914, 1.534311, 0.4590169, 406.14, 147.7143
-9.084914, 1.534311, 0.4590169, 406.14, 147.7143
-9.084914, 1.369311, 0.4590169, 406.14, 160.3757
-9.105515, 1.369311, 0.2235527, 409.6687, 161.1636
-9.105515, 1.534311, 0.2235528, 409.6687, 148.1091
-9.304753, 1.369311, 0.2409839, 393.5522, 161.1036
-9.105515, 1.369311, 0.2235527, 409.6687, 161.1636
-9.084914, 1.369311, 0.4590169, 406.14, 160.3757
-9.284153, 1.369311, 0.476448, 390.5157, 160.3193
-9.304753, 1.534311, 0.2409839, 393.5522, 148.079
-9.304753, 1.369311, 0.2409839, 393.5522, 161.1036
-9.284153, 1.369311, 0.476448, 390.5157, 160.3193
-9.284153, 1.534311, 0.476448, 390.5157, 147.686
-9.105515, 1.534311, 0.2235528, 409.6687, 148.1091
-9.105515, 1.369311, 0.2235527, 409.6687, 161.1636
-9.304753, 1.369311, 0.2409839, 393.5522, 161.1036
-9.304753, 1.534311, 0.2409839, 393.5522, 148.079
box4_Fairever(Clone) stack 133 Shelf_1 Rack_1_1_1
-9.083028, 1.699311, 0.2429189, 411.0111, 135.0544
-9.281933, 1.699311, 0.2220132, 395.7423, 135.0545
-9.30664, 1.699311, 0.4570819, 389.1626, 135.0529
-9.107735, 1.699311, 0.4779876, 403.991, 135.0527
-9.30664, 1.699311, 0.4570819, 389.1626, 135.0529
-9.30664, 1.534311, 0.4570819, 389.1626, 147.7174
-9.107735, 1.534311, 0.4779876, 403.991, 147.6835
-9.107735, 1.699311, 0.4779876, 403.991, 135.0527
-9.107735, 1.699311, 0.4779876, 403.991, 135.0527
-9.107735, 1.534311, 0.4779876, 403.991, 147.6835
-9.083028, 1.534311, 0.2429189, 411.0111, 148.0757
-9.083028, 1.699311, 0.2429189, 411.0111, 135.0544
-9.281933, 1.534311, 0.2220132, 395.7423, 148.1117
-9.083028, 1.534311, 0.2429189, 411.0111, 148.0757
-9.107735, 1.534311, 0.4779876, 403.991, 147.6835
-9.30664, 1.534311, 0.4570819, 389.1626, 147.7174
-9.281933, 1.699311, 0.2220132, 395.7423, 135.0545
-9.281933, 1.534311, 0.2220132, 395.7423, 148.1117
-9.30664, 1.534311, 0.4570819, 389.1626, 147.7174
-9.30664, 1.699311, 0.4570819, 389.1626, 135.0529
-9.083028, 1.699311, 0.2429189, 411.0111, 135.0544
-9.083028, 1.534311, 0.2429189, 411.0111, 148.0757
-9.281933, 1.534311, 0.2220132, 395.7423, 148.1117
-9.281933, 1.699311, 0.2220132, 395.7423, 135.0545
box4_Fairever(Clone) stack 133 Shelf_1 Rack_1_1_1
-9.083028, 1.864311, 0.2429189, 411.0111, 122.0331
-9.281933, 1.864311, 0.2220132, 395.7423, 121.9973
-9.30664, 1.864311, 0.4570819, 389.1626, 122.3883
-9.107735, 1.864311, 0.4779876, 403.991, 122.422
-9.30664, 1.864311, 0.4570819, 389.1626, 122.3883
-9.30664, 1.699311, 0.4570819, 389.1626, 135.0529
-9.107735, 1.699311, 0.4779876, 403.991, 135.0527
-9.107735, 1.864311, 0.4779876, 403.991, 122.422
-9.107735, 1.864311, 0.4779876, 403.991, 122.422
-9.107735, 1.699311, 0.4779876, 403.991, 135.0527
-9.083028, 1.699311, 0.2429189, 411.0111, 135.0544
-9.083028, 1.864311, 0.2429189, 411.0111, 122.0331
-9.281933, 1.699311, 0.2220132, 395.7423, 135.0545
-9.083028, 1.699311, 0.2429189, 411.0111, 135.0544
-9.107735, 1.699311, 0.4779876, 403.991, 135.0527
-9.30664, 1.699311, 0.4570819, 389.1626, 135.0529
-9.281933, 1.864311, 0.2220132, 395.7423, 121.9973
-9.281933, 1.699311, 0.2220132, 395.7423, 135.0545
-9.30664, 1.699311, 0.4570819, 389.1626, 135.0529
-9.30664, 1.864311, 0.4570819, 389.1626, 122.3883
-9.083028, 1.864311, 0.2429189, 411.0111, 122.0331
-9.083028, 1.699311, 0.2429189, 411.0111, 135.0544
-9.281933, 1.699311, 0.2220132, 395.7423, 135.0545
-9.281933, 1.864311, 0.2220132, 395.7423, 121.9973
box4_Fairever(Clone) stack 133 Shelf_1 Rack_1_1_1
-9.083028, 2.029311, 0.2429189, 411.0111, 109.0117
-9.281933, 2.029311, 0.2220132, 395.7423, 108.9401
-9.30664, 2.029311, 0.4570819, 389.1626, 109.7237
-9.107735, 2.029311, 0.4779876, 403.991, 109.7912
-9.30664, 2.029311, 0.4570819, 389.1626, 109.7237
-9.30664, 1.864311, 0.4570819, 389.1626, 122.3883
-9.107735, 1.864311, 0.4779876, 403.991, 122.4219
-9.107735, 2.029311, 0.4779876, 403.991, 109.7912
-9.107735, 2.029311, 0.4779876, 403.991, 109.7912
-9.107735, 1.864311, 0.4779876, 403.991, 122.4219
-9.083028, 1.864311, 0.2429189, 411.0111, 122.033
-9.083028, 2.029311, 0.2429189, 411.0111, 109.0117
-9.281933, 1.864311, 0.2220132, 395.7423, 121.9973
-9.083028, 1.864311, 0.2429189, 411.0111, 122.033
-9.107735, 1.864311, 0.4779876, 403.991, 122.4219
-9.30664, 1.864311, 0.4570819, 389.1626, 122.3883
-9.281933, 2.029311, 0.2220132, 395.7423, 108.9401
-9.281933, 1.864311, 0.2220132, 395.7423, 121.9973
-9.30664, 1.864311, 0.4570819, 389.1626, 122.3883
-9.30664, 2.029311, 0.4570819, 389.1626, 109.7237
-9.083028, 2.029311, 0.2429189, 411.0111, 109.0117
-9.083028, 1.864311, 0.2429189, 411.0111, 122.033
-9.281933, 1.864311, 0.2220132, 395.7423, 121.9973
-9.281933, 2.029311, 0.2220132, 395.7423, 108.9401
box_1_Parle-G-GOLD(Clone) stack 134 Shelf_1 Rack_1_1_1
-9.487058, 1.376249, 0.2474137, 379.044, 160.5344
-9.687027, 1.376249, 0.2439232, 363.3289, 160.5461
-9.690669, 1.376249, 0.4525871, 359.7553, 159.8638
-9.4907, 1.376249, 0.4560776, 375.0524, 159.8527
-9.690669, 1.376249, 0.4525871, 359.7553, 159.8638
-9.690669, 1.203749, 0.4525871, 359.7553, 173.1116
-9.4907, 1.203749, 0.4560776, 375.0524, 173.0946
-9.4907, 1.376249, 0.4560776, 375.0524, 159.8527
-9.4907, 1.376249, 0.4560776, 375.0524, 159.8527
-9.4907, 1.203749, 0.4560776, 375.0524, 173.0946
-9.487058, 1.203749, 0.2474137, 379.044, 174.1395
-9.487058, 1.376249, 0.2474137, 379.044, 160.5344
-9.687027, 1.203749, 0.2439232, 363.3289, 174.1575
-9.487058, 1.203749, 0.2474137, 379.044, 174.1395
-9.4907, 1.203749, 0.4560776, 375.0524, 173.0946
-9.690669, 1.203749, 0.4525871, 359.7553, 173.1116
-9.687027, 1.376249, 0.2439232, 363.3289, 160.5461
-9.687027, 1.203749, 0.2439232, 363.3289, 174.1575
-9.690669, 1.203749, 0.4525871, 359.7553, 173.1116
-9.690669, 1.376249, 0.4525871, 359.7553, 159.8638
-9.487058, 1.376249, 0.2474137, 379.044, 160.5344
-9.487058, 1.203749, 0.2474137, 379.044, 174.1395
-9.687027, 1.203749, 0.2439232, 363.3289, 174.1575
-9.687027, 1.376249, 0.2439232, 363.3289, 160.5461
box_1_Parle-G-GOLD(Clone) stack 134 Shelf_1 Rack_1_1_1
-9.4907, 1.548749, 0.2439232, 378.8205, 146.9347
-9.690669, 1.548749, 0.2474137, 362.9851, 146.9292
-9.687027, 1.548749, 0.4560776, 359.9814, 146.6107
-9.487058, 1.548749, 0.4525871, 375.3925, 146.6159
-9.687027, 1.548749, 0.4560776, 359.9814, 146.6107
-9.687027, 1.376249, 0.4560776, 359.9814, 159.8527
-9.487058, 1.376249, 0.4525871, 375.3925, 159.8638
-9.487058, 1.548749, 0.4525871, 375.3925, 146.6159
-9.487058, 1.548749, 0.4525871, 375.3925, 146.6159
-9.487058, 1.376249, 0.4525871, 375.3925, 159.8638
-9.4907, 1.376249, 0.2439232, 378.8205, 160.5461
-9.4907, 1.548749, 0.2439232, 378.8205, 146.9347
-9.690669, 1.376249, 0.2474137, 362.9851, 160.5344
-9.4907, 1.376249, 0.2439232, 378.8205, 160.5461
-9.487058, 1.376249, 0.4525871, 375.3925, 159.8638
-9.687027, 1.376249, 0.4560776, 359.9814, 159.8527
-9.690669, 1.548749, 0.2474137, 362.9851, 146.9292
-9.690669, 1.376249, 0.2474137, 362.9851, 160.5344
-9.687027, 1.376249, 0.4560776, 359.9814, 159.8527
-9.687027, 1.548749, 0.4560776, 359.9814, 146.6107
-9.4907, 1.548749, 0.2439232, 378.8205, 146.9347
-9.4907, 1.376249, 0.2439232, 378.8205, 160.5461
-9.690669, 1.376249, 0.2474137, 362.9851, 160.5344
-9.690669, 1.548749, 0.2474137, 362.9851, 146.9292
box_1_Parle-G-GOLD(Clone) stack 134 Shelf_1 Rack_1_1_1
-9.4907, 1.721249, 0.2439232, 378.8205, 133.3233
-9.690669, 1.721249, 0.2474137, 362.9851, 133.3241
-9.687027, 1.721249, 0.4560776, 359.9814, 133.3688
-9.487058, 1.721249, 0.4525871, 375.3925, 133.3681
-9.687027, 1.721249, 0.4560776, 359.9814, 133.3688
-9.687027, 1.548749, 0.4560776, 359.9814, 146.6107
-9.487058, 1.548749, 0.4525871, 375.3925, 146.6159
-9.487058, 1.721249, 0.4525871, 375.3925, 133.3681
-9.487058, 1.721249, 0.4525871, 375.3925, 133.3681
-9.487058, 1.548749, 0.4525871, 375.3925, 146.6159
-9.4907, 1.548749, 0.2439232, 378.8205, 146.9347
-9.4907, 1.721249, 0.2439232, 378.8205, 133.3233
-9.690669, 1.548749, 0.2474137, 362.9851, 146.9292
-9.4907, 1.548749, 0.2439232, 378.8205, 146.9347
-9.487058, 1.548749, 0.4525871, 375.3925, 146.6159
-9.687027, 1.548749, 0.4560776, 359.9814, 146.6107
-9.690669, 1.721249, 0.2474137, 362.9851, 133.3241
-9.690669, 1.548749, 0.2474137, 362.9851, 146.9292
-9.687027, 1.548749, 0.4560776, 359.9814, 146.6107
-9.687027, 1.721249, 0.4560776, 359.9814, 133.3688
-9.4907, 1.721249, 0.2439232, 378.8205, 133.3233
-9.4907, 1.548749, 0.2439232, 378.8205, 146.9347
-9.690669, 1.548749, 0.2474137, 362.9851, 146.9292
-9.690669, 1.721249, 0.2474137, 362.9851, 133.3241
box_2_Parle-G(Clone) stack 135 Shelf_1 Rack_1_1_1
-9.864228, 1.459016, 0.2841088, 348.7717, 153.9153
-10.0642, 1.459016, 0.2806183, 333.1183, 153.924
-10.06656, 1.459016, 0.4158919, 331.3161, 153.5947
-9.86659, 1.459016, 0.4193824, 346.6982, 153.5864
-10.06656, 1.459016, 0.4158919, 331.3161, 153.5947
-10.06656, 1.204015, 0.4158919, 331.3161, 173.271
-9.86659, 1.204015, 0.4193824, 346.6982, 173.2538
-9.86659, 1.459016, 0.4193824, 346.6982, 153.5864
-9.86659, 1.459016, 0.4193824, 346.6982, 153.5864
-9.86659, 1.204015, 0.4193824, 346.6982, 173.2538
-9.864228, 1.204015, 0.2841088, 348.7717, 173.9307
-9.864228, 1.459016, 0.2841088, 348.7717, 153.9153
-10.0642, 1.204015, 0.2806184, 333.1183, 173.9485
-9.864228, 1.204015, 0.2841088, 348.7717, 173.9307
-9.86659, 1.204015, 0.4193824, 346.6982, 173.2538
-10.06656, 1.204015, 0.4158919, 331.3161, 173.271
-10.0642, 1.459016, 0.2806183, 333.1183, 153.924
-10.0642, 1.204015, 0.2806184, 333.1183, 173.9485
-10.06656, 1.204015, 0.4158919, 331.3161, 173.271
-10.06656, 1.459016, 0.4158919, 331.3161, 153.5947
-9.864228, 1.459016, 0.2841088, 348.7717, 153.9153
-9.864228, 1.204015, 0.2841088, 348.7717, 173.9307
-10.0642, 1.204015, 0.2806184, 333.1183, 173.9485
-10.0642, 1.459016, 0.2806183, 333.1183, 153.924
box_2_Parle-G(Clone) stack 135 Shelf_1 Rack_1_1_1
-9.865394, 1.714015, 0.2823533, 348.7052, 133.8997
-10.06539, 1.714015, 0.2823533, 333.0032, 133.8997
-10.06539, 1.714015, 0.4176474, 331.3854, 133.9188
-9.865394, 1.714015, 0.4176474, 346.8143, 133.9188
-10.06539, 1.714015, 0.4176474, 331.3854, 133.9188
-10.06539, 1.459015, 0.4176475, 331.3854, 153.5905
-9.865394, 1.459015, 0.4176475, 346.8143, 153.5905
-9.865394, 1.714015, 0.4176474, 346.8143, 133.9188
-9.865394, 1.714015, 0.4176474, 346.8143, 133.9188
-9.865394, 1.459015, 0.4176475, 346.8143, 153.5905
-9.865394, 1.459015, 0.2823533, 348.7052, 153.9197
-9.865394, 1.714015, 0.2823533, 348.7052, 133.8997
-10.06539, 1.459015, 0.2823533, 333.0032, 153.9197
-9.865394, 1.459015, 0.2823533, 348.7052, 153.9197
-9.865394, 1.459015, 0.4176475, 346.8143, 153.5905
-10.06539, 1.459015, 0.4176475, 331.3854, 153.5905
-10.06539, 1.714015, 0.2823533, 333.0032, 133.8997
-10.06539, 1.459015, 0.2823533, 333.0032, 153.9197
-10.06539, 1.459015, 0.4176475, 331.3854, 153.5905
-10.06539, 1.714015, 0.4176474, 331.3854, 133.9188
-9.865394, 1.714015, 0.2823533, 348.7052, 133.8997
-9.865394, 1.459015, 0.2823533, 348.7052, 153.9197
-10.06539, 1.459015, 0.2823533, 333.0032, 153.9197
-10.06539, 1.714015, 0.2823533, 333.0032, 133.8997
box_2_Parle-G(Clone) stack 135 Shelf_1 Rack_1_1_1
-9.867816, 1.969016, 0.2789046, 348.564, 113.8701
-10.06769, 1.969016, 0.2858844, 332.7798, 113.8894
-10.06297, 1.969016, 0.4210961, 331.5317, 114.2562
-9.863094, 1.969016, 0.4141163, 347.0403, 114.2376
-10.06297, 1.969016, 0.4210961, 331.5317, 114.2562
-10.06297, 1.714015, 0.4210962, 331.5317, 133.9193
-9.863094, 1.714015, 0.4141163, 347.0403, 133.9183
-9.863094, 1.969016, 0.4141163, 347.0403, 114.2376
-9.863094, 1.969016, 0.4141163, 347.0403, 114.2376
-9.863094, 1.714015, 0.4141163, 347.0403, 133.9183
-9.867816, 1.714015, 0.2789046, 348.564, 133.8992
-9.867816, 1.969016, 0.2789046, 348.564, 113.8701
-10.06769, 1.714015, 0.2858845, 332.7798, 133.9002
-9.867816, 1.714015, 0.2789046, 348.564, 133.8992
-9.863094, 1.714015, 0.4141163, 347.0403, 133.9183
-10.06297, 1.714015, 0.4210962, 331.5317, 133.9193
-10.06769, 1.969016, 0.2858844, 332.7798, 113.8894
-10.06769, 1.714015, 0.2858845, 332.7798, 133.9002
-10.06297, 1.714015, 0.4210962, 331.5317, 133.9193
-10.06297, 1.969016, 0.4210961, 331.5317, 114.2562
-9.867816, 1.969016, 0.2789046, 348.564, 113.8701
-9.867816, 1.714015, 0.2789046, 348.564, 133.8992
-10.06769, 1.714015, 0.2858845, 332.7798, 133.9002
-10.06769, 1.969016, 0.2858844, 332.7798, 113.8894
box_3_Hareli(Clone) stack 136 Shelf_1 Rack_1_1_1
-10.2529, 1.353857, 0.2491345, 318.624, 162.2943
-10.45214, 1.353857, 0.2317034, 303.058, 162.3569
-10.47131, 1.353857, 0.4508663, 299.8157, 161.5893
-10.27207, 1.353857, 0.4682974, 314.9532, 161.5301
-10.47131, 1.353857, 0.4508663, 299.8157, 161.5893
-10.47131, 1.203857, 0.4508663, 299.8157, 173.1117
-10.27207, 1.203857, 0.4682974, 314.9532, 173.0269
-10.27207, 1.353857, 0.4682974, 314.9532, 161.5301
-10.27207, 1.353857, 0.4682974, 314.9532, 161.5301
-10.27207, 1.203857, 0.4682974, 314.9532, 173.0269
-10.2529, 1.203857, 0.2491345, 318.624, 174.1221
-10.2529, 1.353857, 0.2491345, 318.624, 162.2943
-10.45214, 1.203857, 0.2317034, 303.058, 174.212
-10.2529, 1.203857, 0.2491345, 318.624, 174.1221
-10.27207, 1.203857, 0.4682974, 314.9532, 173.0269
-10.47131, 1.203857, 0.4508663, 299.8157, 173.1117
-10.45214, 1.353857, 0.2317034, 303.058, 162.3569
-10.45214, 1.203857, 0.2317034, 303.058, 174.212
-10.47131, 1.203857, 0.4508663, 299.8157, 173.1117
-10.47131, 1.353857, 0.4508663, 299.8157, 161.5893
-10.2529, 1.353857, 0.2491345, 318.624, 162.2943
-10.2529, 1.203857, 0.2491345, 318.624, 174.1221
-10.45214, 1.203857, 0.2317034, 303.058, 174.212
-10.45214, 1.353857, 0.2317034, 303.058, 162.3569
box_3_Hareli(Clone) stack 136 Shelf_1 Rack_1_1_1
-10.26404, 1.503857, 0.2382718, 317.8567, 150.4885
-10.46401, 1.503857, 0.2417623, 302.0374, 150.4814
-10.46017, 1.503857, 0.4617289, 300.5873, 150.046
-10.2602, 1.503857, 0.4582384, 315.9608, 150.0527
-10.46017, 1.503857, 0.4617289, 300.5873, 150.046
-10.46017, 1.353857, 0.4617289, 300.5873, 161.5524
-10.2602, 1.353857, 0.4582384, 315.9608, 161.5642
-10.2602, 1.503857, 0.4582384, 315.9608, 150.0527
-10.2602, 1.503857, 0.4582384, 315.9608, 150.0527
-10.2602, 1.353857, 0.4582384, 315.9608, 161.5642
-10.26404, 1.353857, 0.2382719, 317.8567, 162.3333
-10.26404, 1.503857, 0.2382718, 317.8567, 150.4885
-10.46401, 1.353857, 0.2417624, 302.0374, 162.3207
-10.26404, 1.353857, 0.2382719, 317.8567, 162.3333
-10.2602, 1.353857, 0.4582384, 315.9608, 161.5642
-10.46017, 1.353857, 0.4617289, 300.5873, 161.5524
-10.46401, 1.503857, 0.2417623, 302.0374, 150.4814
-10.46401, 1.353857, 0.2417624, 302.0374, 162.3207
-10.46017, 1.353857, 0.4617289, 300.5873, 161.5524
-10.46017, 1.503857, 0.4617289, 300.5873, 150.046
-10.26404, 1.503857, 0.2382718, 317.8567, 150.4885
-10.26404, 1.353857, 0.2382719, 317.8567, 162.3333
-10.46401, 1.353857, 0.2417624, 302.0374, 162.3207
-10.46401, 1.503857, 0.2417623, 302.0374, 150.4814
box_3_Hareli(Clone) stack 136 Shelf_1 Rack_1_1_1
-10.27207, 1.653857, 0.2317034, 317.2892, 138.6468
-10.47131, 1.653857, 0.2491345, 301.4016, 138.6385
-10.45214, 1.653857, 0.4682974, 301.1522, 138.5366
-10.2529, 1.653857, 0.4508663, 316.5934, 138.5445
-10.45214, 1.653857, 0.4682974, 301.1522, 138.5366
-10.45214, 1.503857, 0.4682974, 301.1522, 150.0334
-10.2529, 1.503857, 0.4508663, 316.5934, 150.0669
-10.2529, 1.653857, 0.4508663, 316.5934, 138.5445
-10.2529, 1.653857, 0.4508663, 316.5934, 138.5445
-10.2529, 1.503857, 0.4508663, 316.5934, 150.0669
-10.27207, 1.503857, 0.2317034, 317.2892, 150.5019
-10.27207, 1.653857, 0.2317034, 317.2892, 138.6468
-10.47131, 1.503857, 0.2491345, 301.4016, 150.4664
-10.27207, 1.503857, 0.2317034, 317.2892, 150.5019
-10.2529, 1.503857, 0.4508663, 316.5934, 150.0669
-10.45214, 1.503857, 0.4682974, 301.1522, 150.0334
-10.47131, 1.653857, 0.2491345, 301.4016, 138.6385
-10.47131, 1.503857, 0.2491345, 301.4016, 150.4664
-10.45214, 1.503857, 0.4682974, 301.1522, 150.0334
-10.45214, 1.653857, 0.4682974, 301.1522, 138.5366
-10.27207, 1.653857, 0.2317034, 317.2892, 138.6468
-10.27207, 1.503857, 0.2317034, 317.2892, 150.5019
-10.47131, 1.503857, 0.2491345, 301.4016, 150.4664
-10.47131, 1.653857, 0.2491345, 301.4016, 138.6385
box_5_LMRR(Clone) stack 138 Shelf_2 Rack_1_1_1
-9.185777, 2.531555, 0.2044918, 403.73, 69.04276
-9.385654, 2.531555, 0.2114717, 387.7397, 69.10355
-9.375735, 2.531555, 0.495509, 383.1554, 71.48622
-9.175858, 2.531555, 0.488529, 398.5629, 71.42973
-9.375735, 2.531555, 0.495509, 383.1554, 71.48622
-9.375735, 2.389055, 0.495509, 383.1554, 82.37032
-9.175858, 2.389055, 0.4885291, 398.5629, 82.32352
-9.175858, 2.531555, 0.488529, 398.5629, 71.42973
-9.175858, 2.531555, 0.488529, 398.5629, 71.42973
-9.175858, 2.389055, 0.4885291, 398.5629, 82.32352
-9.185777, 2.389055, 0.2044918, 403.73, 80.34557
-9.185777, 2.531555, 0.2044918, 403.73, 69.04276
-9.385654, 2.389055, 0.2114717, 387.7397, 80.39597
-9.185777, 2.389055, 0.2044918, 403.73, 80.34557
-9.175858, 2.389055, 0.4885291, 398.5629, 82.32352
-9.375735, 2.389055, 0.495509, 383.1554, 82.37032
-9.385654, 2.531555, 0.2114717, 387.7397, 69.10355
-9.385654, 2.389055, 0.2114717, 387.7397, 80.39597
-9.375735, 2.389055, 0.495509, 383.1554, 82.37032
-9.375735, 2.531555, 0.495509, 383.1554, 71.48622
-9.185777, 2.531555, 0.2044918, 403.73, 69.04276
-9.185777, 2.389055, 0.2044918, 403.73, 80.34557
-9.385654, 2.389055, 0.2114717, 387.7397, 80.39597
-9.385654, 2.531555, 0.2114717, 387.7397, 69.10355
box_5_LMRR(Clone) stack 138 Shelf_2 Rack_1_1_1
-9.180756, 2.674055, 0.2078952, 404.0544, 57.77469
-9.380756, 2.674055, 0.2078952, 388.1979, 57.77469
-9.380756, 2.674055, 0.4921055, 382.8338, 60.56989
-9.180756, 2.674055, 0.4921055, 398.1164, 60.56989
-9.380756, 2.674055, 0.4921055, 382.8338, 60.56989
-9.380756, 2.531555, 0.4921056, 382.8338, 71.45871
-9.180756, 2.531555, 0.4921056, 398.1164, 71.45871
-9.180756, 2.674055, 0.4921055, 398.1164, 60.56989
-9.180756, 2.674055, 0.4921055, 398.1164, 60.56989
-9.180756, 2.531555, 0.4921056, 398.1164, 71.45871
-9.180756, 2.531555, 0.2078952, 404.0544, 69.07242
-9.180756, 2.674055, 0.2078952, 404.0544, 57.77469
-9.380756, 2.531555, 0.2078952, 388.1979, 69.07242
-9.180756, 2.531555, 0.2078952, 404.0544, 69.07242
-9.180756, 2.531555, 0.4921056, 398.1164, 71.45871
-9.380756, 2.531555, 0.4921056, 382.8338, 71.45871
-9.380756, 2.674055, 0.2078952, 388.1979, 57.77469
-9.380756, 2.531555, 0.2078952, 388.1979, 69.07242
-9.380756, 2.531555, 0.4921056, 382.8338, 71.45871
-9.380756, 2.674055, 0.4921055, 382.8338, 60.56989
-9.180756, 2.674055, 0.2078952, 404.0544, 57.77469
-9.180756, 2.531555, 0.2078952, 404.0544, 69.07242
-9.380756, 2.531555, 0.2078952, 388.1979, 69.07242
-9.380756, 2.674055, 0.2078952, 388.1979, 57.77469
box_8_lizol(Clone) stack 139 Shelf_2 Rack_1_1_1
-9.561111, 2.565368, 0.2319989, 373.4738, 66.60945
-9.760838, 2.565368, 0.2215317, 357.8518, 66.51503
-9.773754, 2.565368, 0.4680019, 353.1512, 68.67131
-9.574028, 2.565368, 0.4784691, 368.2882, 68.75989
-9.773754, 2.565368, 0.4680019, 353.1512, 68.67131
-9.773754, 2.389118, 0.4680019, 353.1512, 82.18053
-9.574028, 2.389118, 0.4784691, 368.2882, 82.25104
-9.574028, 2.565368, 0.4784691, 368.2882, 68.75989
-9.574028, 2.565368, 0.4784691, 368.2882, 68.75989
-9.574028, 2.389118, 0.4784691, 368.2882, 82.25104
-9.561111, 2.389118, 0.2319989, 373.4738, 80.53859
-9.561111, 2.565368, 0.2319989, 373.4738, 66.60945
-9.760838, 2.389118, 0.2215317, 357.8518, 80.46341
-9.561111, 2.389118, 0.2319989, 373.4738, 80.53859
-9.574028, 2.389118, 0.4784691, 368.2882, 82.25104
-9.773754, 2.389118, 0.4680019, 353.1512, 82.18053
-9.760838, 2.565368, 0.2215317, 357.8518, 66.51503
-9.760838, 2.389118, 0.2215317, 357.8518, 80.46341
-9.773754, 2.389118, 0.4680019, 353.1512, 82.18053
-9.773754, 2.565368, 0.4680019, 353.1512, 68.67131
-9.561111, 2.565368, 0.2319989, 373.4738, 66.60945
-9.561111, 2.389118, 0.2319989, 373.4738, 80.53859
-9.760838, 2.389118, 0.2215317, 357.8518, 80.46341
-9.760838, 2.565368, 0.2215317, 357.8518, 66.51503
box_8_lizol(Clone) stack 139 Shelf_2 Rack_1_1_1
-9.58088, 2.741618, 0.2168193, 372.1758, 52.5154
-9.779784, 2.741618, 0.237725, 356.1044, 52.74236
-9.753985, 2.741618, 0.4831815, 354.4445, 55.31665
-9.555081, 2.741618, 0.4622758, 370.0071, 55.10368
-9.753985, 2.741618, 0.4831815, 354.4445, 55.31665
-9.753985, 2.565368, 0.4831815, 354.4445, 68.7997
-9.555081, 2.565368, 0.4622758, 370.0071, 68.62276
-9.555081, 2.741618, 0.4622758, 370.0071, 55.10368
-9.555081, 2.741618, 0.4622758, 370.0071, 55.10368
-9.555081, 2.565368, 0.4622758, 370.0071, 68.62276
-9.58088, 2.565368, 0.2168193, 372.1758, 66.47241
-9.58088, 2.741618, 0.2168193, 372.1758, 52.5154
-9.779784, 2.565368, 0.237725, 356.1044, 66.661
-9.58088, 2.565368, 0.2168193, 372.1758, 66.47241
-9.555081, 2.565368, 0.4622758, 370.0071, 68.62276
-9.753985, 2.565368, 0.4831815, 354.4445, 68.7997
-9.779784, 2.741618, 0.237725, 356.1044, 52.74236
-9.779784, 2.565368, 0.237725, 356.1044, 66.661
-9.753985, 2.565368, 0.4831815, 354.4445, 68.7997
-9.753985, 2.741618, 0.4831815, 354.4445, 55.31665
-9.58088, 2.741618, 0.2168193, 372.1758, 52.5154
-9.58088, 2.565368, 0.2168193, 372.1758, 66.47241
-9.779784, 2.565368, 0.237725, 356.1044, 66.661
-9.779784, 2.741618, 0.237725, 356.1044, 52.74236
box_8_lizol(Clone) stack 139 Shelf_2 Rack_1_1_1
-9.559068, 2.917868, 0.2338724, 373.6024, 38.7749
-9.758581, 2.917868, 0.2199211, 358.0555, 38.59781
-9.775798, 2.917868, 0.4661284, 353.0216, 41.63057
-9.576284, 2.917868, 0.4800797, 368.0891, 41.79674
-9.775798, 2.917868, 0.4661284, 353.0216, 41.63057
-9.775798, 2.741618, 0.4661284, 353.0216, 55.14302
-9.576284, 2.741618, 0.4800797, 368.0891, 55.28513
-9.576284, 2.917868, 0.4800797, 368.0891, 41.79674
-9.576284, 2.917868, 0.4800797, 368.0891, 41.79674
-9.576284, 2.741618, 0.4800797, 368.0891, 55.28513
-9.559068, 2.741618, 0.2338724, 373.6024, 52.70061
-9.559068, 2.917868, 0.2338724, 373.6024, 38.7749
-9.758581, 2.741618, 0.2199211, 358.0555, 52.54915
-9.559068, 2.741618, 0.2338724, 373.6024, 52.70061
-9.576284, 2.741618, 0.4800797, 368.0891, 55.28513
-9.775798, 2.741618, 0.4661284, 353.0216, 55.14302
-9.758581, 2.917868, 0.2199211, 358.0555, 38.59781
-9.758581, 2.741618, 0.2199211, 358.0555, 52.54915
-9.775798, 2.741618, 0.4661284, 353.0216, 55.14302
-9.775798, 2.917868, 0.4661284, 353.0216, 41.63057
-9.559068, 2.917868, 0.2338724, 373.6024, 38.7749
-9.559068, 2.741618, 0.2338724, 373.6024, 52.70061
-9.758581, 2.741618, 0.2199211, 358.0555, 52.54915
-9.758581, 2.917868, 0.2199211, 358.0555, 38.59781
box_8_lizol(Clone) stack 139 Shelf_2 Rack_1_1_1
-9.58088, 3.094118, 0.2168193, 372.1758, 24.6013
-9.779784, 3.094118, 0.237725, 356.1044, 24.90509
-9.753985, 3.094118, 0.4831815, 354.4445, 28.35056
-9.555081, 3.094118, 0.4622758, 370.0071, 28.06554
-9.753985, 3.094118, 0.4831815, 354.4445, 28.35056
-9.753985, 2.917868, 0.4831815, 354.4445, 41.83359
-9.555081, 2.917868, 0.4622758, 370.0071, 41.58461
-9.555081, 3.094118, 0.4622758, 370.0071, 28.06554
-9.555081, 3.094118, 0.4622758, 370.0071, 28.06554
-9.555081, 2.917868, 0.4622758, 370.0071, 41.58461
-9.58088, 2.917868, 0.2168193, 372.1758, 38.55835
-9.58088, 3.094118, 0.2168193, 372.1758, 24.6013
-9.779784, 2.917868, 0.237725, 356.1044, 38.8237
-9.58088, 2.917868, 0.2168193, 372.1758, 38.55835
-9.555081, 2.917868, 0.4622758, 370.0071, 41.58461
-9.753985, 2.917868, 0.4831815, 354.4445, 41.83359
-9.779784, 3.094118, 0.237725, 356.1044, 24.90509
-9.779784, 2.917868, 0.237725, 356.1044, 38.8237
-9.753985, 2.917868, 0.4831815, 354.4445, 41.83359
-9.753985, 3.094118, 0.4831815, 354.4445, 28.35056
-9.58088, 3.094118, 0.2168193, 372.1758, 24.6013
-9.58088, 2.917868, 0.2168193, 372.1758, 38.55835
-9.779784, 2.917868, 0.237725, 356.1044, 38.8237
-9.779784, 3.094118, 0.237725, 356.1044, 24.90509
box_3_Hareli(Clone) stack 140 Shelf_2 Rack_1_1_1
-9.956803, 2.538451, 0.2332926, 342.1847, 68.74805
-10.15632, 2.538451, 0.2472439, 326.2613, 68.86955
-10.14097, 2.538451, 0.4667081, 325.019, 70.72386
-9.941457, 2.538451, 0.4527568, 340.4928, 70.60909
-10.14097, 2.538451, 0.4667081, 325.019, 70.72386
-10.14097, 2.388451, 0.4667081, 325.019, 82.22295
-9.941457, 2.388451, 0.4527568, 340.4928, 82.12871
-9.941457, 2.538451, 0.4527568, 340.4928, 70.60909
-9.941457, 2.538451, 0.4527568, 340.4928, 70.60909
-9.941457, 2.388451, 0.4527568, 340.4928, 82.12871
-9.956803, 2.388451, 0.2332927, 342.1847, 80.60062
-9.956803, 2.538451, 0.2332926, 342.1847, 68.74805
-10.15632, 2.388451, 0.247244, 326.2613, 80.70038
-9.956803, 2.388451, 0.2332927, 342.1847, 80.60062
-9.941457, 2.388451, 0.4527568, 340.4928, 82.12871
-10.14097, 2.388451, 0.4667081, 325.019, 82.22295
-10.15632, 2.538451, 0.2472439, 326.2613, 68.86955
-10.15632, 2.388451, 0.247244, 326.2613, 80.70038
-10.14097, 2.388451, 0.4667081, 325.019, 82.22295
-10.14097, 2.538451, 0.4667081, 325.019, 70.72386
-9.956803, 2.538451, 0.2332926, 342.1847, 68.74805
-9.956803, 2.388451, 0.2332927, 342.1847, 80.60062
-10.15632, 2.388451, 0.247244, 326.2613, 80.70038
-10.15632, 2.538451, 0.2472439, 326.2613, 68.86955
box_3_Hareli(Clone) stack 140 Shelf_2 Rack_1_1_1
-9.950821, 2.688451, 0.2382718, 342.5901, 56.94664
-10.15079, 2.688451, 0.2417623, 326.7596, 56.98248
-10.14695, 2.688451, 0.4617289, 324.6142, 59.17654
-9.946981, 2.688451, 0.4582384, 339.9983, 59.14267
-10.14695, 2.688451, 0.4617289, 324.6142, 59.17654
-10.14695, 2.538451, 0.4617289, 324.6142, 70.68292
-9.946981, 2.538451, 0.4582384, 339.9983, 70.65422
-9.946981, 2.688451, 0.4582384, 339.9983, 59.14267
-9.946981, 2.688451, 0.4582384, 339.9983, 59.14267
-9.946981, 2.538451, 0.4582384, 339.9983, 70.65422
-9.950821, 2.538451, 0.2382719, 342.5901, 68.79146
-9.950821, 2.688451, 0.2382718, 342.5901, 56.94664
-10.15079, 2.538451, 0.2417624, 326.7596, 68.82185
-9.950821, 2.538451, 0.2382719, 342.5901, 68.79146
-9.946981, 2.538451, 0.4582384, 339.9983, 70.65422
-10.14695, 2.538451, 0.4617289, 324.6142, 70.68292
-10.15079, 2.688451, 0.2417623, 326.7596, 56.98248
-10.15079, 2.538451, 0.2417624, 326.7596, 68.82185
-10.14695, 2.538451, 0.4617289, 324.6142, 70.68292
-10.14695, 2.688451, 0.4617289, 324.6142, 59.17654
-9.950821, 2.688451, 0.2382718, 342.5901, 56.94664
-9.950821, 2.538451, 0.2382719, 342.5901, 68.79146
-10.15079, 2.538451, 0.2417624, 326.7596, 68.82185
-10.15079, 2.688451, 0.2417623, 326.7596, 56.98248
box_6_melody(Clone) stack 143 Shelf_0 Rack_1_1_2
-11.61188, 0.2073492, 0.2391725, 211.4276, 252.8537
-11.81112, 0.2073492, 0.2217414, 195.5947, 253.1246
-11.83203, 0.2073493, 0.4608282, 195.3475, 249.5135
-11.63279, 0.2073493, 0.4782594, 210.698, 249.2589
-11.83203, 0.2073493, 0.4608282, 195.3475, 249.5135
-11.83203, 0.01984931, 0.4608282, 195.3475, 263.8982
-11.63279, 0.01984931, 0.4782594, 210.698, 263.6115
-11.63279, 0.2073493, 0.4782594, 210.698, 249.2589
-11.63279, 0.2073493, 0.4782594, 210.698, 249.2589
-11.63279, 0.01984931, 0.4782594, 210.698, 263.6115
-11.61188, 0.01984931, 0.2391725, 211.4276, 267.6579
-11.61188, 0.2073492, 0.2391725, 211.4276, 252.8537
-11.81112, 0.01984931, 0.2217414, 195.5947, 267.9629
-11.61188, 0.01984931, 0.2391725, 211.4276, 267.6579
-11.63279, 0.01984931, 0.4782594, 210.698, 263.6115
-11.83203, 0.01984931, 0.4608282, 195.3475, 263.8982
-11.81112, 0.2073492, 0.2217414, 195.5947, 253.1246
-11.81112, 0.01984931, 0.2217414, 195.5947, 267.9629
-11.83203, 0.01984931, 0.4608282, 195.3475, 263.8982
-11.83203, 0.2073493, 0.4608282, 195.3475, 249.5135
-11.61188, 0.2073492, 0.2391725, 211.4276, 252.8537
-11.61188, 0.01984931, 0.2391725, 211.4276, 267.6579
-11.81112, 0.01984931, 0.2217414, 195.5947, 267.9629
-11.81112, 0.2073492, 0.2217414, 195.5947, 253.1246
box_6_melody(Clone) stack 143 Shelf_0 Rack_1_1_2
-11.60996, 0.3948492, 0.2411106, 211.5863, 238.0232
-11.80886, 0.3948492, 0.2202049, 195.7639, 238.3073
-11.83395, 0.3948492, 0.4588902, 195.1892, 235.1537
-11.63505, 0.3948492, 0.4797959, 210.5313, 234.8866
-11.83395, 0.3948492, 0.4588902, 195.1892, 235.1537
-11.83395, 0.2073492, 0.4588902, 195.1892, 249.5419
-11.63505, 0.2073492, 0.4797959, 210.5313, 249.2365
-11.63505, 0.3948492, 0.4797959, 210.5313, 234.8866
-11.63505, 0.3948492, 0.4797959, 210.5313, 234.8866
-11.63505, 0.2073492, 0.4797959, 210.5313, 249.2365
-11.60996, 0.2073492, 0.2411106, 211.5863, 252.8237
-11.60996, 0.3948492, 0.2411106, 211.5863, 238.0232
-11.80886, 0.2073492, 0.2202049, 195.7639, 253.1486
-11.60996, 0.2073492, 0.2411106, 211.5863, 252.8237
-11.63505, 0.2073492, 0.4797959, 210.5313, 249.2365
-11.83395, 0.2073492, 0.4588902, 195.1892, 249.5419
-11.80886, 0.3948492, 0.2202049, 195.7639, 238.3073
-11.80886, 0.2073492, 0.2202049, 195.7639, 253.1486
-11.83395, 0.2073492, 0.4588902, 195.1892, 249.5419
-11.83395, 0.3948492, 0.4588902, 195.1892, 235.1537
-11.60996, 0.3948492, 0.2411106, 211.5863, 238.0232
-11.60996, 0.2073492, 0.2411106, 211.5863, 252.8237
-11.80886, 0.2073492, 0.2202049, 195.7639, 253.1486
-11.80886, 0.3948492, 0.2202049, 195.7639, 238.3073
box_6_melody(Clone) stack 143 Shelf_0 Rack_1_1_2
-11.63279, 0.5823491, 0.2217414, 209.7066, 223.4481
-11.83203, 0.5823491, 0.2391725, 194.045, 223.2452
-11.81112, 0.5823491, 0.4782594, 197.0479, 220.5535
-11.61188, 0.5823491, 0.4608282, 212.2374, 220.7442
-11.81112, 0.5823491, 0.4782594, 197.0479, 220.5535
-11.81112, 0.3948492, 0.4782594, 197.0479, 234.9062
-11.61188, 0.3948492, 0.4608282, 212.2374, 235.1289
-11.61188, 0.5823491, 0.4608282, 212.2374, 220.7442
-11.61188, 0.5823491, 0.4608282, 212.2374, 220.7442
-11.61188, 0.3948492, 0.4608282, 212.2374, 235.1289
-11.63279, 0.3948492, 0.2217414, 209.7066, 238.2864
-11.63279, 0.5823491, 0.2217414, 209.7066, 223.4481
-11.83203, 0.3948492, 0.2391725, 194.045, 238.0495
-11.63279, 0.3948492, 0.2217414, 209.7066, 238.2864
-11.61188, 0.3948492, 0.4608282, 212.2374, 235.1289
-11.81112, 0.3948492, 0.4782594, 197.0479, 234.9062
-11.83203, 0.5823491, 0.2391725, 194.045, 223.2452
-11.83203, 0.3948492, 0.2391725, 194.045, 238.0495
-11.81112, 0.3948492, 0.4782594, 197.0479, 234.9062
-11.81112, 0.5823491, 0.4782594, 197.0479, 220.5535
-11.63279, 0.5823491, 0.2217414, 209.7066, 223.4481
-11.63279, 0.3948492, 0.2217414, 209.7066, 238.2864
-11.83203, 0.3948492, 0.2391725, 194.045, 238.0495
-11.83203, 0.5823491, 0.2391725, 194.045, 223.2452
box_6_melody(Clone) stack 143 Shelf_0 Rack_1_1_2
-11.62406, 0.7698491, 0.2282733, 210.4229, 208.5464
-11.82403, 0.7698491, 0.2317638, 194.6323, 208.5126
-11.81985, 0.7698491, 0.4717274, 196.3432, 206.2602
-11.61988, 0.7698491, 0.4682369, 211.6506, 206.292
-11.81985, 0.7698491, 0.4717274, 196.3432, 206.2602
-11.81985, 0.5823491, 0.4717274, 196.3432, 220.6249
-11.61988, 0.5823491, 0.4682369, 211.6506, 220.663
-11.61988, 0.7698491, 0.4682369, 211.6506, 206.292
-11.61988, 0.7698491, 0.4682369, 211.6506, 206.292
-11.61988, 0.5823491, 0.4682369, 211.6506, 220.663
-11.62406, 0.5823491, 0.2282734, 210.4229, 223.3719
-11.62406, 0.7698491, 0.2282733, 210.4229, 208.5464
-11.82403, 0.5823491, 0.2317638, 194.6323, 223.3313
-11.62406, 0.5823491, 0.2282734, 210.4229, 223.3719
-11.61988, 0.5823491, 0.4682369, 211.6506, 220.663
-11.81985, 0.5823491, 0.4717274, 196.3432, 220.6249
-11.82403, 0.7698491, 0.2317638, 194.6323, 208.5126
-11.82403, 0.5823491, 0.2317638, 194.6323, 223.3313
-11.81985, 0.5823491, 0.4717274, 196.3432, 220.6249
-11.81985, 0.7698491, 0.4717274, 196.3432, 206.2602
-11.62406, 0.7698491, 0.2282733, 210.4229, 208.5464
-11.62406, 0.5823491, 0.2282734, 210.4229, 223.3719
-11.82403, 0.5823491, 0.2317638, 194.6323, 223.3313
-11.82403, 0.7698491, 0.2317638, 194.6323, 208.5126
box_1_Parle-G-GOLD(Clone) stack 144 Shelf_0 Rack_1_1_2
-11.2386, 0.1916559, 0.2586173, 240.8978, 253.7888
-11.43711, 0.1916559, 0.2342434, 225.217, 254.1701
-11.46254, 0.1916559, 0.4413835, 223.6534, 251.0059
-11.26403, 0.1916559, 0.4657574, 238.924, 250.6446
-11.46254, 0.1916559, 0.4413835, 223.6534, 251.0059
-11.46254, 0.0191559, 0.4413835, 223.6534, 264.2728
-11.26403, 0.0191559, 0.4657574, 238.924, 263.8701
-11.26403, 0.1916559, 0.4657574, 238.924, 250.6446
-11.26403, 0.1916559, 0.4657574, 238.924, 250.6446
-11.26403, 0.0191559, 0.4657574, 238.924, 263.8701
-11.2386, 0.0191559, 0.2586173, 240.8978, 267.374
-11.2386, 0.1916559, 0.2586173, 240.8978, 253.7888
-11.43711, 0.0191559, 0.2342434, 225.217, 267.7988
-11.2386, 0.0191559, 0.2586173, 240.8978, 267.374
-11.26403, 0.0191559, 0.4657574, 238.924, 263.8701
-11.46254, 0.0191559, 0.4413835, 223.6534, 264.2728
-11.43711, 0.1916559, 0.2342434, 225.217, 254.1701
-11.43711, 0.0191559, 0.2342434, 225.217, 267.7988
-11.46254, 0.0191559, 0.4413835, 223.6534, 264.2728
-11.46254, 0.1916559, 0.4413835, 223.6534, 251.0059
-11.2386, 0.1916559, 0.2586173, 240.8978, 253.7888
-11.2386, 0.0191559, 0.2586173, 240.8978, 267.374
-11.43711, 0.0191559, 0.2342434, 225.217, 267.7988
-11.43711, 0.1916559, 0.2342434, 225.217, 254.1701
box_1_Parle-G-GOLD(Clone) stack 144 Shelf_0 Rack_1_1_2
-11.25057, 0.3641559, 0.2456525, 239.9549, 240.383
-11.45057, 0.3641559, 0.2456525, 224.1771, 240.383
-11.45057, 0.3641559, 0.4543482, 224.5997, 237.5686
-11.25057, 0.3641559, 0.4543482, 239.9561, 237.5686
-11.45057, 0.3641559, 0.4543482, 224.5997, 237.5686
-11.45057, 0.1916559, 0.4543482, 224.5997, 250.8134
-11.25057, 0.1916559, 0.4543482, 239.9561, 250.8134
-11.25057, 0.3641559, 0.4543482, 239.9561, 237.5686
-11.25057, 0.3641559, 0.4543482, 239.9561, 237.5686
-11.25057, 0.1916559, 0.4543482, 239.9561, 250.8134
-11.25057, 0.1916559, 0.2456525, 239.9549, 253.9913
-11.25057, 0.3641559, 0.2456525, 239.9549, 240.383
-11.45057, 0.1916559, 0.2456525, 224.1771, 253.9913
-11.25057, 0.1916559, 0.2456525, 239.9549, 253.9913
-11.25057, 0.1916559, 0.4543482, 239.9561, 250.8134
-11.45057, 0.1916559, 0.4543482, 224.5997, 250.8134
-11.45057, 0.3641559, 0.2456525, 224.1771, 240.383
-11.45057, 0.1916559, 0.2456525, 224.1771, 253.9913
-11.45057, 0.1916559, 0.4543482, 224.5997, 250.8134
-11.45057, 0.3641559, 0.4543482, 224.5997, 237.5686
-11.25057, 0.3641559, 0.2456525, 239.9549, 240.383
-11.25057, 0.1916559, 0.2456525, 239.9549, 253.9913
-11.45057, 0.1916559, 0.2456525, 224.1771, 253.9913
-11.45057, 0.3641559, 0.2456525, 224.1771, 240.383
box_1_Parle-G-GOLD(Clone) stack 144 Shelf_0 Rack_1_1_2
-11.24186, 0.5366558, 0.2547652, 240.6416, 226.6649
-11.4411, 0.5366558, 0.2373341, 224.9081, 226.8752
-11.45929, 0.5366558, 0.4452356, 223.9119, 224.428
-11.26005, 0.5366558, 0.4626667, 239.2294, 224.2287
-11.45929, 0.5366558, 0.4452356, 223.9119, 224.428
-11.45929, 0.3641559, 0.4452356, 223.9119, 237.6883
-11.26005, 0.3641559, 0.4626667, 239.2294, 237.4595
-11.26005, 0.5366558, 0.4626667, 239.2294, 224.2287
-11.26005, 0.5366558, 0.4626667, 239.2294, 224.2287
-11.26005, 0.3641559, 0.4626667, 239.2294, 237.4595
-11.24186, 0.3641559, 0.2547652, 240.6416, 240.2569
-11.24186, 0.5366558, 0.2547652, 240.6416, 226.6649
-11.4411, 0.3641559, 0.237334, 224.9081, 240.4984
-11.24186, 0.3641559, 0.2547652, 240.6416, 240.2569
-11.26005, 0.3641559, 0.4626667, 239.2294, 237.4595
-11.45929, 0.3641559, 0.4452356, 223.9119, 237.6883
-11.4411, 0.5366558, 0.2373341, 224.9081, 226.8752
-11.4411, 0.3641559, 0.237334, 224.9081, 240.4984
-11.45929, 0.3641559, 0.4452356, 223.9119, 237.6883
-11.45929, 0.5366558, 0.4452356, 223.9119, 224.428
-11.24186, 0.5366558, 0.2547652, 240.6416, 226.6649
-11.24186, 0.3641559, 0.2547652, 240.6416, 240.2569
-11.4411, 0.3641559, 0.237334, 224.9081, 240.4984
-11.4411, 0.5366558, 0.2373341, 224.9081, 226.8752
box_1_Parle-G-GOLD(Clone) stack 144 Shelf_0 Rack_1_1_2
-11.24354, 0.7091558, 0.2528824, 240.5094, 213.0922
-11.44305, 0.7091558, 0.2389311, 224.7571, 213.2355
-11.45761, 0.7091558, 0.4471184, 224.0448, 211.1493
-11.25809, 0.7091558, 0.4610697, 239.3791, 211.0135
-11.45761, 0.7091558, 0.4471184, 224.0448, 211.1493
-11.45761, 0.5366558, 0.4471184, 224.0448, 224.4064
-11.25809, 0.5366558, 0.4610697, 239.3791, 224.2469
-11.25809, 0.7091558, 0.4610697, 239.3791, 211.0135
-11.25809, 0.7091558, 0.4610697, 239.3791, 211.0135
-11.25809, 0.5366558, 0.4610697, 239.3791, 224.2469
-11.24354, 0.5366558, 0.2528824, 240.5094, 226.6876
-11.24354, 0.7091558, 0.2528824, 240.5094, 213.0922
-11.44305, 0.5366558, 0.2389311, 224.7571, 226.8559
-11.24354, 0.5366558, 0.2528824, 240.5094, 226.6876
-11.25809, 0.5366558, 0.4610697, 239.3791, 224.2469
-11.45761, 0.5366558, 0.4471184, 224.0448, 224.4064
-11.44305, 0.7091558, 0.2389311, 224.7571, 213.2355
-11.44305, 0.5366558, 0.2389311, 224.7571, 226.8559
-11.45761, 0.5366558, 0.4471184, 224.0448, 224.4064
-11.45761, 0.7091558, 0.4471184, 224.0448, 211.1493
-11.24354, 0.7091558, 0.2528824, 240.5094, 213.0922
-11.24354, 0.5366558, 0.2528824, 240.5094, 226.6876
-11.44305, 0.5366558, 0.2389311, 224.7571, 226.8559
-11.44305, 0.7091558, 0.2389311, 224.7571, 213.2355
box_1_Parle-G-GOLD(Clone) stack 144 Shelf_0 Rack_1_1_2
-11.2386, 0.8816558, 0.2586173, 240.8978, 199.4483
-11.43711, 0.8816558, 0.2342434, 225.217, 199.6551
-11.46254, 0.8816558, 0.4413835, 223.6534, 197.9384
-11.26403, 0.8816558, 0.4657574, 238.924, 197.7424
-11.46254, 0.8816558, 0.4413835, 223.6534, 197.9384
-11.46254, 0.7091558, 0.4413835, 223.6534, 211.2053
-11.26403, 0.7091558, 0.4657574, 238.924, 210.9679
-11.26403, 0.8816558, 0.4657574, 238.924, 197.7424
-11.26403, 0.8816558, 0.4657574, 238.924, 197.7424
-11.26403, 0.7091558, 0.4657574, 238.924, 210.9679
-11.2386, 0.7091558, 0.2586173, 240.8978, 213.0334
-11.2386, 0.8816558, 0.2586173, 240.8978, 199.4483
-11.43711, 0.7091558, 0.2342434, 225.217, 213.2838
-11.2386, 0.7091558, 0.2586173, 240.8978, 213.0334
-11.26403, 0.7091558, 0.4657574, 238.924, 210.9679
-11.46254, 0.7091558, 0.4413835, 223.6534, 211.2053
-11.43711, 0.8816558, 0.2342434, 225.217, 199.6551
-11.43711, 0.7091558, 0.2342434, 225.217, 213.2838
-11.46254, 0.7091558, 0.4413835, 223.6534, 211.2053
-11.46254, 0.8816558, 0.4413835, 223.6534, 197.9384
-11.2386, 0.8816558, 0.2586173, 240.8978, 199.4483
-11.2386, 0.7091558, 0.2586173, 240.8978, 213.0334
-11.43711, 0.7091558, 0.2342434, 225.217, 213.2838
-11.43711, 0.8816558, 0.2342434, 225.217, 199.6551
box_7_litchi(Clone) stack 145 Shelf_1 Rack_1_1_2
-10.91419, 1.414419, 0.2432683, 266.4997, 157.5362
-11.11371, 1.414419, 0.2572196, 250.7356, 157.4949
-11.09976, 1.414419, 0.4567324, 251.5326, 156.9208
-10.90024, 1.414419, 0.4427811, 266.8949, 156.96
-11.09976, 1.414419, 0.4567324, 251.5326, 156.9208
-11.09976, 1.204419, 0.4567324, 251.5326, 173.04
-10.90024, 1.204419, 0.4427811, 266.8949, 173.108
-10.90024, 1.414419, 0.4427811, 266.8949, 156.96
-10.90024, 1.414419, 0.4427811, 266.8949, 156.96
-10.90024, 1.204419, 0.4427811, 266.8949, 173.108
-10.91419, 1.204419, 0.2432683, 266.4997, 174.108
-10.91419, 1.414419, 0.2432683, 266.4997, 157.5362
-11.11371, 1.204419, 0.2572196, 250.7356, 174.0364
-10.91419, 1.204419, 0.2432683, 266.4997, 174.108
-10.90024, 1.204419, 0.4427811, 266.8949, 173.108
-11.09976, 1.204419, 0.4567324, 251.5326, 173.04
-11.11371, 1.414419, 0.2572196, 250.7356, 157.4949
-11.11371, 1.204419, 0.2572196, 250.7356, 174.0364
-11.09976, 1.204419, 0.4567324, 251.5326, 173.04
-11.09976, 1.414419, 0.4567324, 251.5326, 156.9208
-10.91419, 1.414419, 0.2432683, 266.4997, 157.5362
-10.91419, 1.204419, 0.2432683, 266.4997, 174.108
-11.11371, 1.204419, 0.2572196, 250.7356, 174.0364
-11.11371, 1.414419, 0.2572196, 250.7356, 157.4949
box_7_litchi(Clone) stack 145 Shelf_1 Rack_1_1_2
-10.90524, 1.624419, 0.2517608, 267.1755, 140.9577
-11.10521, 1.624419, 0.2482703, 251.4181, 140.9604
-11.1087, 1.624419, 0.4482399, 250.8574, 140.8078
-10.90873, 1.624419, 0.4517304, 266.2118, 140.8052
-11.1087, 1.624419, 0.4482399, 250.8574, 140.8078
-11.1087, 1.414419, 0.4482399, 250.8574, 156.9446
-10.90873, 1.414419, 0.4517304, 266.2118, 156.9348
-10.90873, 1.624419, 0.4517304, 266.2118, 140.8052
-10.90873, 1.624419, 0.4517304, 266.2118, 140.8052
-10.90873, 1.414419, 0.4517304, 266.2118, 156.9348
-10.90524, 1.414419, 0.2517608, 267.1755, 157.511
-10.90524, 1.624419, 0.2517608, 267.1755, 140.9577
-11.10521, 1.414419, 0.2482704, 251.4181, 157.5214
-10.90524, 1.414419, 0.2517608, 267.1755, 157.511
-10.90873, 1.414419, 0.4517304, 266.2118, 156.9348
-11.1087, 1.414419, 0.4482399, 250.8574, 156.9446
-11.10521, 1.624419, 0.2482703, 251.4181, 140.9604
-11.10521, 1.414419, 0.2482704, 251.4181, 157.5214
-11.1087, 1.414419, 0.4482399, 250.8574, 156.9446
-11.1087, 1.624419, 0.4482399, 250.8574, 140.8078
-10.90524, 1.624419, 0.2517608, 267.1755, 140.9577
-10.90524, 1.414419, 0.2517608, 267.1755, 157.511
-11.10521, 1.414419, 0.2482704, 251.4181, 157.5214
-11.10521, 1.624419, 0.2482703, 251.4181, 140.9604
box_8_lizol(Clone) stack 146 Shelf_1 Rack_1_1_2
-11.30358, 1.380775, 0.2231813, 235.7609, 160.2579
-11.50346, 1.380775, 0.2301612, 219.9644, 160.2347
-11.49484, 1.380775, 0.4768194, 221.2545, 159.4404
-11.29496, 1.380775, 0.4698395, 236.5545, 159.4622
-11.49484, 1.380775, 0.4768194, 221.2545, 159.4404
-11.49484, 1.204525, 0.4768195, 221.2545, 172.9344
-11.29496, 1.204525, 0.4698395, 236.5545, 172.9682
-11.29496, 1.380775, 0.4698395, 236.5545, 159.4622
-11.29496, 1.380775, 0.4698395, 236.5545, 159.4622
-11.29496, 1.204525, 0.4698395, 236.5545, 172.9682
-11.30358, 1.204525, 0.2231813, 235.7609, 174.2032
-11.30358, 1.380775, 0.2231813, 235.7609, 160.2579
-11.50346, 1.204525, 0.2301612, 219.9644, 174.1672
-11.30358, 1.204525, 0.2231813, 235.7609, 174.2032
-11.29496, 1.204525, 0.4698395, 236.5545, 172.9682
-11.49484, 1.204525, 0.4768195, 221.2545, 172.9344
-11.50346, 1.380775, 0.2301612, 219.9644, 160.2347
-11.50346, 1.204525, 0.2301612, 219.9644, 174.1672
-11.49484, 1.204525, 0.4768195, 221.2545, 172.9344
-11.49484, 1.380775, 0.4768194, 221.2545, 159.4404
-11.30358, 1.380775, 0.2231813, 235.7609, 160.2579
-11.30358, 1.204525, 0.2231813, 235.7609, 174.2032
-11.50346, 1.204525, 0.2301612, 219.9644, 174.1672
-11.50346, 1.380775, 0.2301612, 219.9644, 160.2347
box_5_LMRR(Clone) stack 147 Shelf_1 Rack_1_1_2
-11.70386, 1.346961, 0.1982208, 203.9709, 163.0255
-11.90277, 1.346961, 0.2191265, 188.324, 162.9482
-11.87306, 1.346961, 0.5017799, 192.4491, 161.9434
-11.67415, 1.346961, 0.4808742, 207.543, 162.0153
-11.87306, 1.346961, 0.5017799, 192.4491, 161.9434
-11.87306, 1.204461, 0.5017799, 192.4491, 172.8188
-11.67415, 1.204461, 0.4808742, 207.543, 172.9196
-11.67415, 1.346961, 0.4808742, 207.543, 162.0153
-11.67415, 1.346961, 0.4808742, 207.543, 162.0153
-11.67415, 1.204461, 0.4808742, 207.543, 172.9196
-11.70386, 1.204461, 0.1982208, 203.9709, 174.3377
-11.70386, 1.346961, 0.1982208, 203.9709, 163.0255
-11.90277, 1.204461, 0.2191265, 188.324, 174.2292
-11.70386, 1.204461, 0.1982208, 203.9709, 174.3377
-11.67415, 1.204461, 0.4808742, 207.543, 172.9196
-11.87306, 1.204461, 0.5017799, 192.4491, 172.8188
-11.90277, 1.346961, 0.2191265, 188.324, 162.9482
-11.90277, 1.204461, 0.2191265, 188.324, 174.2292
-11.87306, 1.204461, 0.5017799, 192.4491, 172.8188
-11.87306, 1.346961, 0.5017799, 192.4491, 161.9434
-11.70386, 1.346961, 0.1982208, 203.9709, 163.0255
-11.70386, 1.204461, 0.1982208, 203.9709, 174.3377
-11.90277, 1.204461, 0.2191265, 188.324, 174.2292
-11.90277, 1.346961, 0.2191265, 188.324, 162.9482
box_6_melody(Clone) stack 148 Shelf_1 Rack_1_1_2
-12.06002, 1.391943, 0.2430817, 176.0771, 159.3105
-12.25853, 1.391943, 0.2187079, 160.1557, 159.3886
-12.28778, 1.391943, 0.456919, 160.3438, 158.6454
-12.08927, 1.391943, 0.4812929, 175.7809, 158.5719
-12.28778, 1.391943, 0.456919, 160.3438, 158.6454
-12.28778, 1.204443, 0.456919, 160.3438, 173.0373
-12.08927, 1.204443, 0.4812929, 175.7809, 172.919
-12.08927, 1.391943, 0.4812929, 175.7809, 158.5719
-12.08927, 1.391943, 0.4812929, 175.7809, 158.5719
-12.08927, 1.204443, 0.4812929, 175.7809, 172.919
-12.06002, 1.204443, 0.2430817, 176.0771, 174.1071
-12.06002, 1.391943, 0.2430817, 176.0771, 159.3105
-12.25853, 1.204443, 0.2187079, 160.1557, 174.2328
-12.06002, 1.204443, 0.2430817, 176.0771, 174.1071
-12.08927, 1.204443, 0.4812929, 175.7809, 172.919
-12.28778, 1.204443, 0.456919, 160.3438, 173.0373
-12.25853, 1.391943, 0.2187079, 160.1557, 159.3886
-12.25853, 1.204443, 0.2187079, 160.1557, 174.2328
-12.28778, 1.204443, 0.456919, 160.3438, 173.0373
-12.28778, 1.391943, 0.456919, 160.3438, 158.6454
-12.06002, 1.391943, 0.2430817, 176.0771, 159.3105
-12.06002, 1.204443, 0.2430817, 176.0771, 174.1071
-12.25853, 1.204443, 0.2187079, 160.1557, 174.2328
-12.25853, 1.391943, 0.2187079, 160.1557, 159.3886
box_6_melody(Clone) stack 148 Shelf_1 Rack_1_1_2
-12.06002, 1.579443, 0.2430817, 176.0771, 144.5138
-12.25853, 1.579443, 0.2187079, 160.1557, 144.5444
-12.28778, 1.579443, 0.456919, 160.3438, 144.2536
-12.08927, 1.579443, 0.4812929, 175.7809, 144.2248
-12.28778, 1.579443, 0.456919, 160.3438, 144.2536
-12.28778, 1.391943, 0.456919, 160.3438, 158.6454
-12.08927, 1.391943, 0.4812929, 175.7809, 158.5719
-12.08927, 1.579443, 0.4812929, 175.7809, 144.2248
-12.08927, 1.579443, 0.4812929, 175.7809, 144.2248
-12.08927, 1.391943, 0.4812929, 175.7809, 158.5719
-12.06002, 1.391943, 0.2430817, 176.0771, 159.3104
-12.06002, 1.579443, 0.2430817, 176.0771, 144.5138
-12.25853, 1.391943, 0.2187079, 160.1557, 159.3886
-12.06002, 1.391943, 0.2430817, 176.0771, 159.3104
-12.08927, 1.391943, 0.4812929, 175.7809, 158.5719
-12.28778, 1.391943, 0.456919, 160.3438, 158.6454
-12.25853, 1.579443, 0.2187079, 160.1557, 144.5444
-12.25853, 1.391943, 0.2187079, 160.1557, 159.3886
-12.28778, 1.391943, 0.456919, 160.3438, 158.6454
-12.28778, 1.579443, 0.456919, 160.3438, 144.2536
-12.06002, 1.579443, 0.2430817, 176.0771, 144.5138
-12.06002, 1.391943, 0.2430817, 176.0771, 159.3104
-12.25853, 1.391943, 0.2187079, 160.1557, 159.3886
-12.25853, 1.579443, 0.2187079, 160.1557, 144.5444
box_6_melody(Clone) stack 148 Shelf_1 Rack_1_1_2
-12.06977, 1.766943, 0.2335633, 175.2264, 129.7106
-12.26965, 1.766943, 0.2265834, 159.3591, 129.7057
-12.27802, 1.766943, 0.4664374, 161.1883, 129.8679
-12.07815, 1.766943, 0.4734173, 176.5681, 129.8725
-12.27802, 1.766943, 0.4664374, 161.1883, 129.8679
-12.27802, 1.579443, 0.4664374, 161.1883, 144.2423
-12.07815, 1.579443, 0.4734173, 176.5681, 144.2341
-12.07815, 1.766943, 0.4734173, 176.5681, 129.8725
-12.07815, 1.766943, 0.4734173, 176.5681, 129.8725
-12.07815, 1.579443, 0.4734173, 176.5681, 144.2341
-12.06977, 1.579443, 0.2335634, 175.2264, 144.5257
-12.06977, 1.766943, 0.2335633, 175.2264, 129.7106
-12.26965, 1.579443, 0.2265835, 159.3591, 144.5345
-12.06977, 1.579443, 0.2335634, 175.2264, 144.5257
-12.07815, 1.579443, 0.4734173, 176.5681, 144.2341
-12.27802, 1.579443, 0.4664374, 161.1883, 144.2423
-12.26965, 1.766943, 0.2265834, 159.3591, 129.7057
-12.26965, 1.579443, 0.2265835, 159.3591, 144.5345
-12.27802, 1.579443, 0.4664374, 161.1883, 144.2423
-12.27802, 1.766943, 0.4664374, 161.1883, 129.8679
-12.06977, 1.766943, 0.2335633, 175.2264, 129.7106
-12.06977, 1.579443, 0.2335634, 175.2264, 144.5257
-12.26965, 1.579443, 0.2265835, 159.3591, 144.5345
-12.26965, 1.766943, 0.2265834, 159.3591, 129.7057
box_6_melody(Clone) stack 148 Shelf_1 Rack_1_1_2
-12.07182, 1.954443, 0.2317638, 175.0492, 114.8906
-12.27179, 1.954443, 0.2282733, 159.2078, 114.8814
-12.27598, 1.954443, 0.4682369, 161.3634, 115.4981
-12.07601, 1.954443, 0.4717274, 176.7184, 115.5068
-12.27598, 1.954443, 0.4682369, 161.3634, 115.4981
-12.27598, 1.766943, 0.4682369, 161.3634, 129.8691
-12.07601, 1.766943, 0.4717274, 176.7184, 129.8714
-12.07601, 1.954443, 0.4717274, 176.7184, 115.5068
-12.07601, 1.954443, 0.4717274, 176.7184, 115.5068
-12.07601, 1.766943, 0.4717274, 176.7184, 129.8714
-12.07182, 1.766943, 0.2317638, 175.0492, 129.7093
-12.07182, 1.954443, 0.2317638, 175.0492, 114.8906
-12.27179, 1.766943, 0.2282734, 159.2078, 129.7069
-12.07182, 1.766943, 0.2317638, 175.0492, 129.7093
-12.07601, 1.766943, 0.4717274, 176.7184, 129.8714
-12.27598, 1.766943, 0.4682369, 161.3634, 129.8691
-12.27179, 1.954443, 0.2282733, 159.2078, 114.8814
-12.27179, 1.766943, 0.2282734, 159.2078, 129.7069
-12.27598, 1.766943, 0.4682369, 161.3634, 129.8691
-12.27598, 1.954443, 0.4682369, 161.3634, 115.4981
-12.07182, 1.954443, 0.2317638, 175.0492, 114.8906
-12.07182, 1.766943, 0.2317638, 175.0492, 129.7093
-12.27179, 1.766943, 0.2282734, 159.2078, 129.7069
-12.27179, 1.954443, 0.2282733, 159.2078, 114.8814
box_3_Hareli(Clone) stack 149 Shelf_2 Rack_1_1_2
-12.40108, 2.538451, 0.2349175, 149.0644, 68.76222
-12.60081, 2.538451, 0.2453847, 133.4329, 68.85338
-12.58929, 2.538451, 0.4650832, 137.3077, 70.71053
-12.38957, 2.538451, 0.454616, 152.5049, 70.6244
-12.58929, 2.538451, 0.4650832, 137.3077, 70.71053
-12.58929, 2.388451, 0.4650832, 137.3077, 82.21201
-12.38957, 2.388451, 0.4546161, 152.5049, 82.14131
-12.38957, 2.538451, 0.454616, 152.5049, 70.6244
-12.38957, 2.538451, 0.454616, 152.5049, 70.6244
-12.38957, 2.388451, 0.4546161, 152.5049, 82.14131
-12.40108, 2.388451, 0.2349175, 149.0644, 80.61227
-12.40108, 2.538451, 0.2349175, 149.0644, 68.76222
-12.60081, 2.388451, 0.2453847, 133.4329, 80.6871
-12.40108, 2.388451, 0.2349175, 149.0644, 80.61227
-12.38957, 2.388451, 0.4546161, 152.5049, 82.14131
-12.58929, 2.388451, 0.4650832, 137.3077, 82.21201
-12.60081, 2.538451, 0.2453847, 133.4329, 68.85338
-12.60081, 2.388451, 0.2453847, 133.4329, 80.6871
-12.58929, 2.388451, 0.4650832, 137.3077, 82.21201
-12.58929, 2.538451, 0.4650832, 137.3077, 70.71053
-12.40108, 2.538451, 0.2349175, 149.0644, 68.76222
-12.40108, 2.388451, 0.2349175, 149.0644, 80.61227
-12.60081, 2.388451, 0.2453847, 133.4329, 80.6871
-12.60081, 2.538451, 0.2453847, 133.4329, 68.85338
box_3_Hareli(Clone) stack 149 Shelf_2 Rack_1_1_2
-12.39909, 2.688451, 0.2365774, 149.2417, 56.92923
-12.59896, 2.688451, 0.2435573, 133.5526, 57.00089
-12.59129, 2.688451, 0.4634233, 137.133, 59.19295
-12.39141, 2.688451, 0.4564434, 152.384, 59.12526
-12.59129, 2.688451, 0.4634233, 137.133, 59.19295
-12.59129, 2.538451, 0.4634234, 137.133, 70.69685
-12.39141, 2.538451, 0.4564435, 152.384, 70.63943
-12.39141, 2.688451, 0.4564434, 152.384, 59.12526
-12.39141, 2.688451, 0.4564434, 152.384, 59.12526
-12.39141, 2.538451, 0.4564435, 152.384, 70.63943
-12.39909, 2.538451, 0.2365774, 149.2417, 68.77669
-12.39909, 2.688451, 0.2365774, 149.2417, 56.92923
-12.59896, 2.538451, 0.2435573, 133.5526, 68.83748
-12.39909, 2.538451, 0.2365774, 149.2417, 68.77669
-12.39141, 2.538451, 0.4564435, 152.384, 70.63943
-12.59129, 2.538451, 0.4634234, 137.133, 70.69685
-12.59896, 2.688451, 0.2435573, 133.5526, 57.00089
-12.59896, 2.538451, 0.2435573, 133.5526, 68.83748
-12.59129, 2.538451, 0.4634234, 137.133, 70.69685
-12.59129, 2.688451, 0.4634233, 137.133, 59.19295
-12.39909, 2.688451, 0.2365774, 149.2417, 56.92923
-12.39909, 2.538451, 0.2365774, 149.2417, 68.77669
-12.59896, 2.538451, 0.2435573, 133.5526, 68.83748
-12.59896, 2.688451, 0.2435573, 133.5526, 57.00089
box_3_Hareli(Clone) stack 149 Shelf_2 Rack_1_1_2
-12.38776, 2.838451, 0.2472439, 150.2626, 45.20787
-12.58727, 2.838451, 0.2332926, 134.3328, 45.04289
-12.60262, 2.838451, 0.4527568, 136.1225, 47.56982
-12.4031, 2.838451, 0.4667081, 151.6024, 47.72568
-12.60262, 2.838451, 0.4527568, 136.1225, 47.56982
-12.60262, 2.688451, 0.4527568, 136.1225, 59.08945
-12.4031, 2.688451, 0.4667081, 151.6024, 59.22475
-12.4031, 2.838451, 0.4667081, 151.6024, 47.72568
-12.4031, 2.838451, 0.4667081, 151.6024, 47.72568
-12.4031, 2.688451, 0.4667081, 151.6024, 59.22475
-12.38776, 2.688451, 0.247244, 150.2626, 57.03871
-12.38776, 2.838451, 0.2472439, 150.2626, 45.20787
-12.58727, 2.688451, 0.2332927, 134.3328, 56.89546
-12.38776, 2.688451, 0.247244, 150.2626, 57.03871
-12.4031, 2.688451, 0.4667081, 151.6024, 59.22475
-12.60262, 2.688451, 0.4527568, 136.1225, 59.08945
-12.58727, 2.838451, 0.2332926, 134.3328, 45.04289
-12.58727, 2.688451, 0.2332927, 134.3328, 56.89546
-12.60262, 2.688451, 0.4527568, 136.1225, 59.08945
-12.60262, 2.838451, 0.4527568, 136.1225, 47.56982
-12.38776, 2.838451, 0.2472439, 150.2626, 45.20787
-12.38776, 2.688451, 0.247244, 150.2626, 57.03871
-12.58727, 2.688451, 0.2332927, 134.3328, 56.89546
-12.58727, 2.838451, 0.2332926, 134.3328, 45.04289
box_3_Hareli(Clone) stack 149 Shelf_2 Rack_1_1_2
-12.38776, 2.988451, 0.2472439, 150.2626, 33.37703
-12.58727, 2.988451, 0.2332926, 134.3328, 33.19031
-12.60262, 2.988451, 0.4527568, 136.1225, 36.0502
-12.4031, 2.988451, 0.4667081, 151.6024, 36.22658
-12.60262, 2.988451, 0.4527568, 136.1225, 36.0502
-12.60262, 2.838451, 0.4527568, 136.1225, 47.56981
-12.4031, 2.838451, 0.4667081, 151.6024, 47.72566
-12.4031, 2.988451, 0.4667081, 151.6024, 36.22658
-12.4031, 2.988451, 0.4667081, 151.6024, 36.22658
-12.4031, 2.838451, 0.4667081, 151.6024, 47.72566
-12.38776, 2.838451, 0.247244, 150.2626, 45.20787
-12.38776, 2.988451, 0.2472439, 150.2626, 33.37703
-12.58727, 2.838451, 0.2332927, 134.3328, 45.04289
-12.38776, 2.838451, 0.247244, 150.2626, 45.20787
-12.4031, 2.838451, 0.4667081, 151.6024, 47.72566
-12.60262, 2.838451, 0.4527568, 136.1225, 47.56981
-12.58727, 2.988451, 0.2332926, 134.3328, 33.19031
-12.58727, 2.838451, 0.2332927, 134.3328, 45.04289
-12.60262, 2.838451, 0.4527568, 136.1225, 47.56981
-12.60262, 2.988451, 0.4527568, 136.1225, 36.0502
-12.38776, 2.988451, 0.2472439, 150.2626, 33.37703
-12.38776, 2.838451, 0.247244, 150.2626, 45.20787
-12.58727, 2.838451, 0.2332927, 134.3328, 45.04289
-12.58727, 2.988451, 0.2332926, 134.3328, 33.19031
box_3_Hareli(Clone) stack 149 Shelf_2 Rack_1_1_2
-12.38424, 3.138451, 0.2510558, 150.5851, 21.60301
-12.58314, 3.138451, 0.2301501, 134.6154, 21.2907
-12.60614, 3.138451, 0.448945, 135.8013, 24.47665
-12.40723, 3.138451, 0.4698507, 151.3215, 24.77173
-12.60614, 3.138451, 0.448945, 135.8013, 24.47665
-12.60614, 2.988451, 0.448945, 135.8013, 36.00189
-12.40723, 2.988451, 0.4698507, 151.3215, 36.2662
-12.40723, 3.138451, 0.4698507, 151.3215, 24.77173
-12.40723, 3.138451, 0.4698507, 151.3215, 24.77173
-12.40723, 2.988451, 0.4698507, 151.3215, 36.2662
-12.38424, 2.988451, 0.2510558, 150.5851, 33.42793
-12.38424, 3.138451, 0.2510558, 150.5851, 21.60301
-12.58314, 2.988451, 0.2301501, 134.6154, 33.14818
-12.38424, 2.988451, 0.2510558, 150.5851, 33.42793
-12.40723, 2.988451, 0.4698507, 151.3215, 36.2662
-12.60614, 2.988451, 0.448945, 135.8013, 36.00189
-12.58314, 3.138451, 0.2301501, 134.6154, 21.2907
-12.58314, 2.988451, 0.2301501, 134.6154, 33.14818
-12.60614, 2.988451, 0.448945, 135.8013, 36.00189
-12.60614, 3.138451, 0.448945, 135.8013, 24.47665
-12.38424, 3.138451, 0.2510558, 150.5851, 21.60301
-12.38424, 2.988451, 0.2510558, 150.5851, 33.42793
-12.58314, 2.988451, 0.2301501, 134.6154, 33.14818
-12.58314, 3.138451, 0.2301501, 134.6154, 21.2907
box_8_lizol(Clone) stack 151 Shelf_2 Rack_1_1_2
-11.60643, 2.565368, 0.2357813, 211.8448, 66.64349
-11.80567, 2.565368, 0.2183502, 196.0057, 66.48627
-11.82718, 2.565368, 0.4642195, 195.7387, 68.63925
-11.62794, 2.565368, 0.4816506, 211.0817, 68.78677
-11.82718, 2.565368, 0.4642195, 195.7387, 68.63925
-11.82718, 2.389118, 0.4642195, 195.7387, 82.15498
-11.62794, 2.389118, 0.4816506, 211.0817, 82.27245
-11.62794, 2.565368, 0.4816506, 211.0817, 68.78677
-11.62794, 2.565368, 0.4816506, 211.0817, 68.78677
-11.62794, 2.389118, 0.4816506, 211.0817, 82.27245
-11.60643, 2.389118, 0.2357813, 211.8448, 80.5657
-11.60643, 2.565368, 0.2357813, 211.8448, 66.64349
-11.80567, 2.389118, 0.2183501, 196.0057, 80.44051
-11.60643, 2.389118, 0.2357813, 211.8448, 80.5657
-11.62794, 2.389118, 0.4816506, 211.0817, 82.27245
-11.82718, 2.389118, 0.4642195, 195.7387, 82.15498
-11.80567, 2.565368, 0.2183502, 196.0057, 66.48627
-11.80567, 2.389118, 0.2183501, 196.0057, 80.44051
-11.82718, 2.389118, 0.4642195, 195.7387, 82.15498
-11.82718, 2.565368, 0.4642195, 195.7387, 68.63925
-11.60643, 2.565368, 0.2357813, 211.8448, 66.64349
-11.60643, 2.389118, 0.2357813, 211.8448, 80.5657
-11.80567, 2.389118, 0.2183501, 196.0057, 80.44051
-11.80567, 2.565368, 0.2183502, 196.0057, 66.48627
box_8_lizol(Clone) stack 151 Shelf_2 Rack_1_1_2
-11.60643, 2.741618, 0.2357813, 211.8448, 52.72131
-11.80567, 2.741618, 0.2183502, 196.0057, 52.53204
-11.82718, 2.741618, 0.4642195, 195.7387, 55.12355
-11.62794, 2.741618, 0.4816506, 211.0817, 55.30109
-11.82718, 2.741618, 0.4642195, 195.7387, 55.12355
-11.82718, 2.565368, 0.4642195, 195.7387, 68.63925
-11.62794, 2.565368, 0.4816506, 211.0817, 68.78677
-11.62794, 2.741618, 0.4816506, 211.0817, 55.30109
-11.62794, 2.741618, 0.4816506, 211.0817, 55.30109
-11.62794, 2.565368, 0.4816506, 211.0817, 68.78677
-11.60643, 2.565368, 0.2357813, 211.8448, 66.64349
-11.60643, 2.741618, 0.2357813, 211.8448, 52.72131
-11.80567, 2.565368, 0.2183501, 196.0057, 66.48627
-11.60643, 2.565368, 0.2357813, 211.8448, 66.64349
-11.62794, 2.565368, 0.4816506, 211.0817, 68.78677
-11.82718, 2.565368, 0.4642195, 195.7387, 68.63925
-11.80567, 2.741618, 0.2183502, 196.0057, 52.53204
-11.80567, 2.565368, 0.2183501, 196.0057, 66.48627
-11.82718, 2.565368, 0.4642195, 195.7387, 68.63925
-11.82718, 2.741618, 0.4642195, 195.7387, 55.12355
-11.60643, 2.741618, 0.2357813, 211.8448, 52.72131
-11.60643, 2.565368, 0.2357813, 211.8448, 66.64349
-11.80567, 2.565368, 0.2183501, 196.0057, 66.48627
-11.80567, 2.741618, 0.2183502, 196.0057, 52.53204
box_8_lizol(Clone) stack 151 Shelf_2 Rack_1_1_2
-11.60446, 2.917868, 0.237725, 212.0081, 38.8237
-11.80336, 2.917868, 0.2168193, 196.1799, 38.55835
-11.82916, 2.917868, 0.4622758, 195.576, 41.58461
-11.63026, 2.917868, 0.4831815, 210.9105, 41.83359
-11.82916, 2.917868, 0.4622758, 195.576, 41.58461
-11.82916, 2.741618, 0.4622758, 195.576, 55.10368
-11.63026, 2.741618, 0.4831815, 210.9105, 55.31665
-11.63026, 2.917868, 0.4831815, 210.9105, 41.83359
-11.63026, 2.917868, 0.4831815, 210.9105, 41.83359
-11.63026, 2.741618, 0.4831815, 210.9105, 55.31665
-11.60446, 2.741618, 0.237725, 212.0081, 52.74236
-11.60446, 2.917868, 0.237725, 212.0081, 38.8237
-11.80336, 2.741618, 0.2168193, 196.1799, 52.5154
-11.60446, 2.741618, 0.237725, 212.0081, 52.74236
-11.63026, 2.741618, 0.4831815, 210.9105, 55.31665
-11.82916, 2.741618, 0.4622758, 195.576, 55.10368
-11.80336, 2.917868, 0.2168193, 196.1799, 38.55835
-11.80336, 2.741618, 0.2168193, 196.1799, 52.5154
-11.82916, 2.741618, 0.4622758, 195.576, 55.10368
-11.82916, 2.917868, 0.4622758, 195.576, 41.58461
-11.60446, 2.917868, 0.237725, 212.0081, 38.8237
-11.60446, 2.741618, 0.237725, 212.0081, 52.74236
-11.80336, 2.741618, 0.2168193, 196.1799, 52.5154
-11.80336, 2.917868, 0.2168193, 196.1799, 38.55835
box_8_lizol(Clone) stack 151 Shelf_2 Rack_1_1_2
-11.60252, 3.094118, 0.2397029, 212.1687, 24.93373
-11.80102, 3.094118, 0.2153291, 196.3564, 24.57957
-11.8311, 3.094118, 0.4602979, 195.4158, 28.03847
-11.63259, 3.094118, 0.4846717, 210.7373, 28.37083
-11.8311, 3.094118, 0.4602979, 195.4158, 28.03847
-11.8311, 2.917868, 0.4602979, 195.4158, 41.56097
-11.63259, 2.917868, 0.4846717, 210.7373, 41.8513
-11.63259, 3.094118, 0.4846717, 210.7373, 28.37083
-11.63259, 3.094118, 0.4846717, 210.7373, 28.37083
-11.63259, 2.917868, 0.4846717, 210.7373, 41.8513
-11.60252, 2.917868, 0.2397029, 212.1687, 38.84872
-11.60252, 3.094118, 0.2397029, 212.1687, 24.93373
-11.80102, 2.917868, 0.215329, 196.3564, 38.53937
-11.60252, 2.917868, 0.2397029, 212.1687, 38.84872
-11.63259, 2.917868, 0.4846717, 210.7373, 41.8513
-11.8311, 2.917868, 0.4602979, 195.4158, 41.56097
-11.80102, 3.094118, 0.2153291, 196.3564, 24.57957
-11.80102, 2.917868, 0.215329, 196.3564, 38.53937
-11.8311, 2.917868, 0.4602979, 195.4158, 41.56097
-11.8311, 3.094118, 0.4602979, 195.4158, 28.03847
-11.60252, 3.094118, 0.2397029, 212.1687, 24.93373
-11.60252, 2.917868, 0.2397029, 212.1687, 38.84872
-11.80102, 2.917868, 0.215329, 196.3564, 38.53937
-11.80102, 3.094118, 0.2153291, 196.3564, 24.57957
box_7_litchi(Clone) stack 152 Shelf_2 Rack_1_1_2
-11.24554, 2.599012, 0.2500004, 240.3518, 64.11862
-11.44554, 2.599012, 0.2500004, 224.5829, 64.11862
-11.44554, 2.599012, 0.4500003, 224.9777, 65.93376
-11.24554, 2.599012, 0.4500003, 240.3428, 65.93376
-11.44554, 2.599012, 0.4500003, 224.9777, 65.93376
-11.44554, 2.389012, 0.4500004, 224.9777, 82.06693
-11.24554, 2.389012, 0.4500004, 240.3428, 82.06693
-11.24554, 2.599012, 0.4500003, 240.3428, 65.93376
-11.24554, 2.599012, 0.4500003, 240.3428, 65.93376
-11.24554, 2.389012, 0.4500004, 240.3428, 82.06693
-11.24554, 2.389012, 0.2500004, 240.3518, 80.67577
-11.24554, 2.599012, 0.2500004, 240.3518, 64.11862
-11.44554, 2.389012, 0.2500004, 224.5829, 80.67577
-11.24554, 2.389012, 0.2500004, 240.3518, 80.67577
-11.24554, 2.389012, 0.4500004, 240.3428, 82.06693
-11.44554, 2.389012, 0.4500004, 224.9777, 82.06693
-11.44554, 2.599012, 0.2500004, 224.5829, 64.11862
-11.44554, 2.389012, 0.2500004, 224.5829, 80.67577
-11.44554, 2.389012, 0.4500004, 224.9777, 82.06693
-11.44554, 2.599012, 0.4500003, 224.9777, 65.93376
-11.24554, 2.599012, 0.2500004, 240.3518, 64.11862
-11.24554, 2.389012, 0.2500004, 240.3518, 80.67577
-11.44554, 2.389012, 0.2500004, 224.5829, 80.67577
-11.44554, 2.599012, 0.2500004, 224.5829, 64.11862
box_7_litchi(Clone) stack 152 Shelf_2 Rack_1_1_2
-11.25654, 2.809012, 0.2400953, 239.4838, 47.44748
-11.45544, 2.809012, 0.2610011, 223.8254, 47.68767
-11.43454, 2.809012, 0.4599054, 225.8408, 49.90851
-11.23563, 2.809012, 0.4389997, 241.1052, 49.68042
-11.43454, 2.809012, 0.4599054, 225.8408, 49.90851
-11.43454, 2.599012, 0.4599054, 225.8408, 66.02124
-11.23563, 2.599012, 0.4389997, 241.1052, 65.83635
-11.23563, 2.809012, 0.4389997, 241.1052, 49.68042
-11.23563, 2.809012, 0.4389997, 241.1052, 49.68042
-11.23563, 2.599012, 0.4389997, 241.1052, 65.83635
-11.25654, 2.599012, 0.2400953, 239.4838, 64.02625
-11.25654, 2.809012, 0.2400953, 239.4838, 47.44748
-11.45544, 2.599012, 0.2610011, 223.8254, 64.22093
-11.25654, 2.599012, 0.2400953, 239.4838, 64.02625
-11.23563, 2.599012, 0.4389997, 241.1052, 65.83635
-11.43454, 2.599012, 0.4599054, 225.8408, 66.02124
-11.45544, 2.809012, 0.2610011, 223.8254, 47.68767
-11.45544, 2.599012, 0.2610011, 223.8254, 64.22093
-11.43454, 2.599012, 0.4599054, 225.8408, 66.02124
-11.43454, 2.809012, 0.4599054, 225.8408, 49.90851
-11.25654, 2.809012, 0.2400953, 239.4838, 47.44748
-11.25654, 2.599012, 0.2400953, 239.4838, 64.02625
-11.45544, 2.599012, 0.2610011, 223.8254, 64.22093
-11.45544, 2.809012, 0.2610011, 223.8254, 47.68767
box_7_litchi(Clone) stack 152 Shelf_2 Rack_1_1_2
-11.23881, 3.019012, 0.2572196, 240.8817, 31.10286
-11.43832, 3.019012, 0.2432683, 225.139, 30.91222
-11.45227, 3.019012, 0.4427811, 224.4462, 33.57368
-11.25276, 3.019012, 0.4567324, 239.7883, 33.7547
-11.45227, 3.019012, 0.4427811, 224.4462, 33.57368
-11.45227, 2.809012, 0.4427811, 224.4462, 49.72177
-11.25276, 2.809012, 0.4567324, 239.7883, 49.87396
-11.25276, 3.019012, 0.4567324, 239.7883, 33.7547
-11.25276, 3.019012, 0.4567324, 239.7883, 33.7547
-11.25276, 2.809012, 0.4567324, 239.7883, 49.87396
-11.23881, 2.809012, 0.2572196, 240.8817, 47.64432
-11.23881, 3.019012, 0.2572196, 240.8817, 31.10286
-11.43832, 2.809012, 0.2432683, 225.139, 47.48402
-11.23881, 2.809012, 0.2572196, 240.8817, 47.64432
-11.25276, 2.809012, 0.4567324, 239.7883, 49.87396
-11.45227, 2.809012, 0.4427811, 224.4462, 49.72177
-11.43832, 3.019012, 0.2432683, 225.139, 30.91222
-11.43832, 2.809012, 0.2432683, 225.139, 47.48402
-11.45227, 2.809012, 0.4427811, 224.4462, 49.72177
-11.45227, 3.019012, 0.4427811, 224.4462, 33.57368
-11.23881, 3.019012, 0.2572196, 240.8817, 31.10286
-11.23881, 2.809012, 0.2572196, 240.8817, 47.64432
-11.43832, 2.809012, 0.2432683, 225.139, 47.48402
-11.43832, 3.019012, 0.2432683, 225.139, 30.91222
