box_8_lizol(Clone) stack 115 Shelf_0 Rack_1_1_0
-6.611214, 0.1961813, 0.2248697, 353.815, 253.9594
-6.811183, 0.1961813, 0.2283601, 337.9514, 253.9046
-6.806876, 0.1961813, 0.4751311, 335.1961, 250.1597
-6.606906, 0.1961813, 0.4716406, 350.5587, 250.211
-6.806876, 0.1961813, 0.4751311, 335.1961, 250.1597
-6.806876, 0.01993132, 0.4751311, 335.1961, 263.6566
-6.606906, 0.01993132, 0.4716406, 350.5587, 263.7139
-6.606906, 0.1961813, 0.4716406, 350.5587, 250.211
-6.606906, 0.1961813, 0.4716406, 350.5587, 250.211
-6.606906, 0.01993132, 0.4716406, 350.5587, 263.7139
-6.611214, 0.01993129, 0.2248697, 353.815, 267.9016
-6.611214, 0.1961813, 0.2248697, 353.815, 253.9594
-6.811183, 0.01993129, 0.2283601, 337.9514, 267.8405
-6.611214, 0.01993129, 0.2248697, 353.815, 267.9016
-6.606906, 0.01993132, 0.4716406, 350.5587, 263.7139
-6.806876, 0.01993132, 0.4751311, 335.1961, 263.6566
-6.811183, 0.1961813, 0.2283601, 337.9514, 253.9046
-6.811183, 0.01993129, 0.2283601, 337.9514, 267.8405
-6.806876, 0.01993132, 0.4751311, 335.1961, 263.6566
-6.806876, 0.1961813, 0.4751311, 335.1961, 250.1597
-6.611214, 0.1961813, 0.2248697, 353.815, 253.9594
-6.611214, 0.01993129, 0.2248697, 353.815, 267.9016
-6.811183, 0.01993129, 0.2283601, 337.9514, 267.8405
-6.811183, 0.1961813, 0.2283601, 337.9514, 253.9046
box_3_Hareli(Clone) stack 116 Shelf_0 Rack_1_1_0
-6.990609, 0.1692639, 0.2472439, 323.5565, 255.7325
-7.190121, 0.1692639, 0.2332926, 307.9451, 255.9543
-7.205468, 0.1692639, 0.4527568, 304.8579, 252.5567
-7.005955, 0.1692639, 0.4667081, 320.037, 252.3471
-7.205468, 0.1692639, 0.4527568, 304.8579, 252.5567
-7.205468, 0.01926389, 0.4527568, 304.8579, 264.0763
-7.005955, 0.01926389, 0.4667081, 320.037, 263.8462
-7.005955, 0.1692639, 0.4667081, 320.037, 252.3471
-7.005955, 0.1692639, 0.4667081, 320.037, 252.3471
-7.005955, 0.01926389, 0.4667081, 320.037, 263.8462
-6.990609, 0.01926386, 0.247244, 323.5565, 267.5634
-6.990609, 0.1692639, 0.2472439, 323.5565, 255.7325
-7.190121, 0.01926386, 0.2332927, 307.9451, 267.8069
-6.990609, 0.01926386, 0.247244, 323.5565, 267.5634
-7.005955, 0.01926389, 0.4667081, 320.037, 263.8462
-7.205468, 0.01926389, 0.4527568, 304.8579, 264.0763
-7.190121, 0.1692639, 0.2332926, 307.9451, 255.9543
-7.190121, 0.01926386, 0.2332927, 307.9451, 267.8069
-7.205468, 0.01926389, 0.4527568, 304.8579, 264.0763
-7.205468, 0.1692639, 0.4527568, 304.8579, 252.5567
-6.990609, 0.1692639, 0.2472439, 323.5565, 255.7325
-6.990609, 0.01926386, 0.247244, 323.5565, 267.5634
-7.190121, 0.01926386, 0.2332927, 307.9451, 267.8069
-7.190121, 0.1692639, 0.2332926, 307.9451, 255.9543
box_1_Parle-G-GOLD(Clone) stack 117 Shelf_0 Rack_1_1_0
-7.368715, 0.1916559, 0.2474137, 293.7332, 253.9638
-7.568684, 0.1916559, 0.2439232, 277.979, 254.0184
-7.572326, 0.1916559, 0.4525871, 276.6849, 250.8396
-7.372357, 0.1916559, 0.4560776, 292.0191, 250.7878
-7.572326, 0.1916559, 0.4525871, 276.6849, 250.8396
-7.572326, 0.01915592, 0.4525871, 276.6849, 264.0874
-7.372357, 0.01915592, 0.4560776, 292.0191, 264.0298
-7.372357, 0.1916559, 0.4560776, 292.0191, 250.7878
-7.372357, 0.1916559, 0.4560776, 292.0191, 250.7878
-7.372357, 0.01915592, 0.4560776, 292.0191, 264.0298
-7.368715, 0.01915589, 0.2474137, 293.7332, 267.5689
-7.368715, 0.1916559, 0.2474137, 293.7332, 253.9638
-7.568684, 0.01915589, 0.2439232, 277.979, 267.6298
-7.368715, 0.01915589, 0.2474137, 293.7332, 267.5689
-7.372357, 0.01915592, 0.4560776, 292.0191, 264.0298
-7.572326, 0.01915592, 0.4525871, 276.6849, 264.0874
-7.568684, 0.1916559, 0.2439232, 277.979, 254.0184
-7.568684, 0.01915589, 0.2439232, 277.979, 267.6298
-7.572326, 0.01915592, 0.4525871, 276.6849, 264.0874
-7.572326, 0.1916559, 0.4525871, 276.6849, 250.8396
-7.368715, 0.1916559, 0.2474137, 293.7332, 253.9638
-7.368715, 0.01915589, 0.2474137, 293.7332, 267.5689
-7.568684, 0.01915589, 0.2439232, 277.979, 267.6298
-7.568684, 0.1916559, 0.2439232, 277.979, 254.0184
box_1_Parle-G-GOLD(Clone) stack 117 Shelf_0 Rack_1_1_0
-7.372357, 0.3641559, 0.2439232, 293.4705, 240.407
-7.572326, 0.3641559, 0.2474137, 277.6743, 240.3586
-7.568684, 0.3641559, 0.4560776, 276.9481, 237.5459
-7.368715, 0.3641559, 0.4525871, 292.3221, 237.5917
-7.568684, 0.3641559, 0.4560776, 276.9481, 237.5459
-7.568684, 0.1916559, 0.4560776, 276.9481, 250.7878
-7.368715, 0.1916559, 0.4525871, 292.3221, 250.8396
-7.368715, 0.3641559, 0.4525871, 292.3221, 237.5917
-7.368715, 0.3641559, 0.4525871, 292.3221, 237.5917
-7.368715, 0.1916559, 0.4525871, 292.3221, 250.8396
-7.372357, 0.1916559, 0.2439232, 293.4705, 254.0184
-7.372357, 0.3641559, 0.2439232, 293.4705, 240.407
-7.572326, 0.1916559, 0.2474137, 277.6743, 253.9638
-7.372357, 0.1916559, 0.2439232, 293.4705, 254.0184
-7.368715, 0.1916559, 0.4525871, 292.3221, 250.8396
-7.568684, 0.1916559, 0.4560776, 276.9481, 250.7878
-7.572326, 0.3641559, 0.2474137, 277.6743, 240.3586
-7.572326, 0.1916559, 0.2474137, 277.6743, 253.9638
-7.568684, 0.1916559, 0.4560776, 276.9481, 250.7878
-7.568684, 0.3641559, 0.4560776, 276.9481, 237.5459
-7.372357, 0.3641559, 0.2439232, 293.4705, 240.407
-7.372357, 0.1916559, 0.2439232, 293.4705, 254.0184
-7.572326, 0.1916559, 0.2474137, 277.6743, 253.9638
-7.572326, 0.3641559, 0.2474137, 277.6743, 240.3586
box4_Fairever(Clone) stack 118 Shelf_0 Rack_1_1_0
-7.730128, 0.1847178, 0.2429189, 265.2433, 254.5816
-7.929032, 0.1847178, 0.2220132, 249.5728, 254.9113
-7.953739, 0.1847178, 0.4570819, 247.3885, 251.3055
-7.754835, 0.1847178, 0.4779876, 262.5949, 250.9953
-7.953739, 0.1847178, 0.4570819, 247.3885, 251.3055
-7.953739, 0.01971789, 0.4570819, 247.3885, 263.97
-7.754835, 0.01971789, 0.4779876, 262.5949, 263.626
-7.754835, 0.1847178, 0.4779876, 262.5949, 250.9953
-7.754835, 0.1847178, 0.4779876, 262.5949, 250.9953
-7.754835, 0.01971789, 0.4779876, 262.5949, 263.626
-7.730128, 0.01971789, 0.2429189, 265.2433, 267.6029
-7.730128, 0.1847178, 0.2429189, 265.2433, 254.5816
-7.929032, 0.01971789, 0.2220132, 249.5728, 267.9686
-7.730128, 0.01971789, 0.2429189, 265.2433, 267.6029
-7.754835, 0.01971789, 0.4779876, 262.5949, 263.626
-7.953739, 0.01971789, 0.4570819, 247.3885, 263.97
-7.929032, 0.1847178, 0.2220132, 249.5728, 254.9113
-7.929032, 0.01971789, 0.2220132, 249.5728, 267.9686
-7.953739, 0.01971789, 0.4570819, 247.3885, 263.97
-7.953739, 0.1847178, 0.4570819, 247.3885, 251.3055
-7.730128, 0.1847178, 0.2429189, 265.2433, 254.5816
-7.730128, 0.01971789, 0.2429189, 265.2433, 267.6029
-7.929032, 0.01971789, 0.2220132, 249.5728, 267.9686
-7.929032, 0.1847178, 0.2220132, 249.5728, 254.9113
box4_Fairever(Clone) stack 118 Shelf_0 Rack_1_1_0
-7.744011, 0.3497178, 0.2300913, 264.1885, 241.7404
-7.943981, 0.3497178, 0.2335818, 248.377, 241.6913
-7.939856, 0.3497179, 0.4699094, 248.4402, 238.4711
-7.739886, 0.3497179, 0.4664189, 263.7744, 238.5172
-7.939856, 0.3497179, 0.4699094, 248.4402, 238.4711
-7.939856, 0.1847179, 0.4699094, 248.4402, 251.1149
-7.739886, 0.1847179, 0.4664189, 263.7744, 251.1667
-7.739886, 0.3497179, 0.4664189, 263.7744, 238.5172
-7.739886, 0.3497179, 0.4664189, 263.7744, 238.5172
-7.739886, 0.1847179, 0.4664189, 263.7744, 251.1667
-7.744011, 0.1847178, 0.2300914, 264.1885, 254.7837
-7.744011, 0.3497178, 0.2300913, 264.1885, 241.7404
-7.943981, 0.1847178, 0.2335818, 248.377, 254.7287
-7.744011, 0.1847178, 0.2300914, 264.1885, 254.7837
-7.739886, 0.1847179, 0.4664189, 263.7744, 251.1667
-7.939856, 0.1847179, 0.4699094, 248.4402, 251.1149
-7.943981, 0.3497178, 0.2335818, 248.377, 241.6913
-7.943981, 0.1847178, 0.2335818, 248.377, 254.7287
-7.939856, 0.1847179, 0.4699094, 248.4402, 251.1149
-7.939856, 0.3497179, 0.4699094, 248.4402, 238.4711
-7.744011, 0.3497178, 0.2300913, 264.1885, 241.7404
-7.744011, 0.1847178, 0.2300914, 264.1885, 254.7837
-7.943981, 0.1847178, 0.2335818, 248.377, 254.7287
-7.943981, 0.3497178, 0.2335818, 248.377, 241.6913
box4_Fairever(Clone) stack 118 Shelf_0 Rack_1_1_0
-7.728276, 0.5147178, 0.2448864, 265.3829, 228.5148
-7.926785, 0.5147178, 0.2205126, 249.7525, 228.8155
-7.955591, 0.5147178, 0.4551143, 247.2482, 225.9992
-7.757082, 0.5147178, 0.4794882, 262.4187, 225.7163
-7.955591, 0.5147178, 0.4551143, 247.2482, 225.9992
-7.955591, 0.3497178, 0.4551143, 247.2482, 238.667
-7.757082, 0.3497178, 0.4794882, 262.4187, 238.3447
-7.757082, 0.5147178, 0.4794882, 262.4187, 225.7163
-7.757082, 0.5147178, 0.4794882, 262.4187, 225.7163
-7.757082, 0.3497178, 0.4794882, 262.4187, 238.3447
-7.728276, 0.3497178, 0.2448865, 265.3829, 241.5327
-7.728276, 0.5147178, 0.2448864, 265.3829, 228.5148
-7.926785, 0.3497178, 0.2205126, 249.7525, 241.8753
-7.728276, 0.3497178, 0.2448865, 265.3829, 241.5327
-7.757082, 0.3497178, 0.4794882, 262.4187, 238.3447
-7.955591, 0.3497178, 0.4551143, 247.2482, 238.667
-7.926785, 0.5147178, 0.2205126, 249.7525, 228.8155
-7.926785, 0.3497178, 0.2205126, 249.7525, 241.8753
-7.955591, 0.3497178, 0.4551143, 247.2482, 238.667
-7.955591, 0.5147178, 0.4551143, 247.2482, 225.9992
-7.728276, 0.5147178, 0.2448864, 265.3829, 228.5148
-7.728276, 0.3497178, 0.2448865, 265.3829, 241.5327
-7.926785, 0.3497178, 0.2205126, 249.7525, 241.8753
-7.926785, 0.5147178, 0.2205126, 249.7525, 228.8155
box4_Fairever(Clone) stack 118 Shelf_0 Rack_1_1_0
-7.733933, 0.6797177, 0.2390821, 264.9557, 215.5583
-7.933446, 0.6797177, 0.2251308, 249.2196, 215.7065
-7.949934, 0.6797178, 0.4609186, 247.6768, 213.2733
-7.750421, 0.6797178, 0.4748699, 262.942, 213.134
-7.949934, 0.6797178, 0.4609186, 247.6768, 213.2733
-7.949934, 0.5147178, 0.4609186, 247.6768, 225.9317
-7.750421, 0.5147178, 0.4748699, 262.942, 225.7698
-7.750421, 0.6797178, 0.4748699, 262.942, 213.134
-7.750421, 0.6797178, 0.4748699, 262.942, 213.134
-7.750421, 0.5147178, 0.4748699, 262.942, 225.7698
-7.733933, 0.5147178, 0.2390821, 264.9557, 228.5862
-7.733933, 0.6797177, 0.2390821, 264.9557, 215.5583
-7.933446, 0.5147178, 0.2251309, 249.2196, 228.7583
-7.733933, 0.5147178, 0.2390821, 264.9557, 228.5862
-7.750421, 0.5147178, 0.4748699, 262.942, 225.7698
-7.949934, 0.5147178, 0.4609186, 247.6768, 225.9317
-7.933446, 0.6797177, 0.2251308, 249.2196, 215.7065
-7.933446, 0.5147178, 0.2251309, 249.2196, 228.7583
-7.949934, 0.5147178, 0.4609186, 247.6768, 225.9317
-7.949934, 0.6797178, 0.4609186, 247.6768, 213.2733
-7.733933, 0.6797177, 0.2390821, 264.9557, 215.5583
-7.733933, 0.5147178, 0.2390821, 264.9557, 228.5862
-7.933446, 0.5147178, 0.2251309, 249.2196, 228.7583
-7.933446, 0.6797177, 0.2251308, 249.2196, 215.7065
box4_Fairever(Clone) stack 118 Shelf_0 Rack_1_1_0
-7.732014, 0.8447177, 0.2409839, 265.1009, 202.5135
-7.931253, 0.8447177, 0.2235528, 249.3951, 202.6687
-7.951853, 0.8447177, 0.4590169, 247.5314, 200.631
-7.752614, 0.8447177, 0.476448, 262.7694, 200.485
-7.951853, 0.8447177, 0.4590169, 247.5314, 200.631
-7.951853, 0.6797177, 0.4590169, 247.5314, 213.2924
-7.752614, 0.6797177, 0.476448, 262.7694, 213.1182
-7.752614, 0.8447177, 0.476448, 262.7694, 200.485
-7.752614, 0.8447177, 0.476448, 262.7694, 200.485
-7.752614, 0.6797177, 0.476448, 262.7694, 213.1182
-7.732014, 0.6797177, 0.2409839, 265.1009, 215.5382
-7.732014, 0.8447177, 0.2409839, 265.1009, 202.5135
-7.931253, 0.6797177, 0.2235527, 249.3951, 215.7233
-7.732014, 0.6797177, 0.2409839, 265.1009, 215.5382
-7.752614, 0.6797177, 0.476448, 262.7694, 213.1182
-7.951853, 0.6797177, 0.4590169, 247.5314, 213.2924
-7.931253, 0.8447177, 0.2235528, 249.3951, 202.6687
-7.931253, 0.6797177, 0.2235527, 249.3951, 215.7233
-7.951853, 0.6797177, 0.4590169, 247.5314, 213.2924
-7.951853, 0.8447177, 0.4590169, 247.5314, 200.631
-7.732014, 0.8447177, 0.2409839, 265.1009, 202.5135
-7.732014, 0.6797177, 0.2409839, 265.1009, 215.5382
-7.931253, 0.6797177, 0.2235527, 249.3951, 215.7233
-7.931253, 0.8447177, 0.2235528, 249.3951, 202.6687
box4_Fairever(Clone) stack 119 Shelf_1 Rack_1_1_0
-8.047181, 1.369311, 0.2409839, 240.2225, 161.1036
-8.24642, 1.369311, 0.2235528, 224.4595, 161.1636
-8.26702, 1.369311, 0.4590169, 223.3467, 160.3757
-8.067781, 1.369311, 0.476448, 238.6386, 160.3193
-8.26702, 1.369311, 0.4590169, 223.3467, 160.3757
-8.26702, 1.204311, 0.4590169, 223.3467, 173.0372
-8.067781, 1.204311, 0.476448, 238.6386, 172.9525
-8.067781, 1.369311, 0.476448, 238.6386, 160.3193
-8.067781, 1.369311, 0.476448, 238.6386, 160.3193
-8.067781, 1.204311, 0.476448, 238.6386, 172.9525
-8.047181, 1.204311, 0.2409839, 240.2225, 174.1282
-8.047181, 1.369311, 0.2409839, 240.2225, 161.1036
-8.24642, 1.204311, 0.2235527, 224.4595, 174.2182
-8.047181, 1.204311, 0.2409839, 240.2225, 174.1282
-8.067781, 1.204311, 0.476448, 238.6386, 172.9525
-8.26702, 1.204311, 0.4590169, 223.3467, 173.0372
-8.24642, 1.369311, 0.2235528, 224.4595, 161.1636
-8.24642, 1.204311, 0.2235527, 224.4595, 174.2182
-8.26702, 1.204311, 0.4590169, 223.3467, 173.0372
-8.26702, 1.369311, 0.4590169, 223.3467, 160.3757
-8.047181, 1.369311, 0.2409839, 240.2225, 161.1036
-8.047181, 1.204311, 0.2409839, 240.2225, 174.1282
-8.24642, 1.204311, 0.2235527, 224.4595, 174.2182
-8.24642, 1.369311, 0.2235528, 224.4595, 161.1636
box4_Fairever(Clone) stack 119 Shelf_1 Rack_1_1_0
-8.053037, 1.534311, 0.2353805, 239.7601, 148.0886
-8.252915, 1.534311, 0.2284006, 223.9559, 148.1007
-8.261165, 1.534311, 0.4646202, 223.8076, 147.7052
-8.061286, 1.534311, 0.4716001, 239.1353, 147.6938
-8.261165, 1.534311, 0.4646202, 223.8076, 147.7052
-8.261165, 1.369311, 0.4646202, 223.8076, 160.3575
-8.061286, 1.369311, 0.4716001, 239.1353, 160.335
-8.061286, 1.534311, 0.4716001, 239.1353, 147.6938
-8.061286, 1.534311, 0.4716001, 239.1353, 147.6938
-8.061286, 1.369311, 0.4716001, 239.1353, 160.335
-8.053037, 1.369311, 0.2353805, 239.7601, 161.1229
-8.053037, 1.534311, 0.2353805, 239.7601, 148.0886
-8.252915, 1.369311, 0.2284006, 223.9559, 161.1469
-8.053037, 1.369311, 0.2353805, 239.7601, 161.1229
-8.061286, 1.369311, 0.4716001, 239.1353, 160.335
-8.261165, 1.369311, 0.4646202, 223.8076, 160.3575
-8.252915, 1.534311, 0.2284006, 223.9559, 148.1007
-8.252915, 1.369311, 0.2284006, 223.9559, 161.1469
-8.261165, 1.369311, 0.4646202, 223.8076, 160.3575
-8.261165, 1.534311, 0.4646202, 223.8076, 147.7052
-8.053037, 1.534311, 0.2353805, 239.7601, 148.0886
-8.053037, 1.369311, 0.2353805, 239.7601, 161.1229
-8.252915, 1.369311, 0.2284006, 223.9559, 161.1469
-8.252915, 1.534311, 0.2284006, 223.9559, 148.1007
box4_Fairever(Clone) stack 119 Shelf_1 Rack_1_1_0
-8.0571, 1.699311, 0.2318186, 239.4389, 135.0544
-8.257101, 1.699311, 0.2318186, 223.6323, 135.0544
-8.257101, 1.699311, 0.4681821, 224.1265, 135.0528
-8.0571, 1.699311, 0.4681821, 239.4558, 135.0528
-8.257101, 1.699311, 0.4681821, 224.1265, 135.0528
-8.257101, 1.534311, 0.4681821, 224.1265, 147.6994
-8.0571, 1.534311, 0.4681821, 239.4558, 147.6994
-8.0571, 1.699311, 0.4681821, 239.4558, 135.0528
-8.0571, 1.699311, 0.4681821, 239.4558, 135.0528
-8.0571, 1.534311, 0.4681821, 239.4558, 147.6994
-8.0571, 1.534311, 0.2318186, 239.4389, 148.0948
-8.0571, 1.699311, 0.2318186, 239.4389, 135.0544
-8.257101, 1.534311, 0.2318186, 223.6323, 148.0948
-8.0571, 1.534311, 0.2318186, 239.4389, 148.0948
-8.0571, 1.534311, 0.4681821, 239.4558, 147.6994
-8.257101, 1.534311, 0.4681821, 224.1265, 147.6994
-8.257101, 1.699311, 0.2318186, 223.6323, 135.0544
-8.257101, 1.534311, 0.2318186, 223.6323, 148.0948
-8.257101, 1.534311, 0.4681821, 224.1265, 147.6994
-8.257101, 1.699311, 0.4681821, 224.1265, 135.0528
-8.0571, 1.699311, 0.2318186, 239.4389, 135.0544
-8.0571, 1.534311, 0.2318186, 239.4389, 148.0948
-8.257101, 1.534311, 0.2318186, 223.6323, 148.0948
-8.257101, 1.699311, 0.2318186, 223.6323, 135.0544
box4_Fairever(Clone) stack 119 Shelf_1 Rack_1_1_0
-8.055054, 1.864311, 0.2335818, 239.6007, 122.0171
-8.255023, 1.864311, 0.2300913, 223.7928, 122.0111
-8.259148, 1.864311, 0.4664189, 223.966, 122.4034
-8.059178, 1.864311, 0.4699094, 239.2967, 122.409
-8.259148, 1.864311, 0.4664189, 223.966, 122.4034
-8.259148, 1.699311, 0.4664189, 223.966, 135.0528
-8.059178, 1.699311, 0.4699094, 239.2967, 135.0528
-8.059178, 1.864311, 0.4699094, 239.2967, 122.409
-8.059178, 1.864311, 0.4699094, 239.2967, 122.409
-8.059178, 1.699311, 0.4699094, 239.2967, 135.0528
-8.055054, 1.699311, 0.2335818, 239.6007, 135.0544
-8.055054, 1.864311, 0.2335818, 239.6007, 122.0171
-8.255023, 1.699311, 0.2300914, 223.7928, 135.0545
-8.055054, 1.699311, 0.2335818, 239.6007, 135.0544
-8.059178, 1.699311, 0.4699094, 239.2967, 135.0528
-8.259148, 1.699311, 0.4664189, 223.966, 135.0528
-8.255023, 1.864311, 0.2300913, 223.7928, 122.0111
-8.255023, 1.699311, 0.2300914, 223.7928, 135.0545
-8.259148, 1.699311, 0.4664189, 223.966, 135.0528
-8.259148, 1.864311, 0.4664189, 223.966, 122.4034
-8.055054, 1.864311, 0.2335818, 239.6007, 122.0171
-8.055054, 1.699311, 0.2335818, 239.6007, 135.0544
-8.255023, 1.699311, 0.2300914, 223.7928, 135.0545
-8.255023, 1.864311, 0.2300913, 223.7928, 122.0111
box4_Fairever(Clone) stack 119 Shelf_1 Rack_1_1_0
-8.0571, 2.029311, 0.2318186, 239.4389, 108.9737
-8.257101, 2.029311, 0.2318186, 223.6323, 108.9737
-8.257101, 2.029311, 0.4681821, 224.1265, 109.7596
-8.0571, 2.029311, 0.4681821, 239.4558, 109.7596
-8.257101, 2.029311, 0.4681821, 224.1265, 109.7596
-8.257101, 1.864311, 0.4681821, 224.1265, 122.4062
-8.0571, 1.864311, 0.4681821, 239.4558, 122.4062
-8.0571, 2.029311, 0.4681821, 239.4558, 109.7596
-8.0571, 2.029311, 0.4681821, 239.4558, 109.7596
-8.0571, 1.864311, 0.4681821, 239.4558, 122.4062
-8.0571, 1.864311, 0.2318186, 239.4389, 122.0141
-8.0571, 2.029311, 0.2318186, 239.4389, 108.9737
-8.257101, 1.864311, 0.2318186, 223.6323, 122.0141
-8.0571, 1.864311, 0.2318186, 239.4389, 122.0141
-8.0571, 1.864311, 0.4681821, 239.4558, 122.4062
-8.257101, 1.864311, 0.4681821, 224.1265, 122.4062
-8.257101, 2.029311, 0.2318186, 223.6323, 108.9737
-8.257101, 1.864311, 0.2318186, 223.6323, 122.0141
-8.257101, 1.864311, 0.4681821, 224.1265, 122.4062
-8.257101, 2.029311, 0.4681821, 224.1265, 109.7596
-8.0571, 2.029311, 0.2318186, 239.4389, 108.9737
-8.0571, 1.864311, 0.2318186, 239.4389, 122.0141
-8.257101, 1.864311, 0.2318186, 223.6323, 122.0141
-8.257101, 2.029311, 0.2318186, 223.6323, 108.9737
box_3_Hareli(Clone) stack 120 Shelf_1 Rack_1_1_0
-7.651932, 1.353857, 0.2510558, 271.3807, 162.2874
-7.850837, 1.353857, 0.2301501, 255.7438, 162.3625
-7.873833, 1.353857, 0.448945, 253.5358, 161.5959
-7.674929, 1.353857, 0.4698507, 268.7417, 161.5249
-7.873833, 1.353857, 0.448945, 253.5358, 161.5959
-7.873833, 1.203857, 0.448945, 253.5358, 173.1211
-7.674929, 1.203857, 0.4698507, 268.7417, 173.0193
-7.674929, 1.353857, 0.4698507, 268.7417, 161.5249
-7.674929, 1.353857, 0.4698507, 268.7417, 161.5249
-7.674929, 1.203857, 0.4698507, 268.7417, 173.0193
-7.651932, 1.203857, 0.2510558, 271.3807, 174.1123
-7.651932, 1.353857, 0.2510558, 271.3807, 162.2874
-7.850837, 1.203857, 0.2301501, 255.7438, 174.22
-7.651932, 1.203857, 0.2510558, 271.3807, 174.1123
-7.674929, 1.203857, 0.4698507, 268.7417, 173.0193
-7.873833, 1.203857, 0.448945, 253.5358, 173.1211
-7.850837, 1.353857, 0.2301501, 255.7438, 162.3625
-7.850837, 1.203857, 0.2301501, 255.7438, 174.22
-7.873833, 1.203857, 0.448945, 253.5358, 173.1211
-7.873833, 1.353857, 0.448945, 253.5358, 161.5959
-7.651932, 1.353857, 0.2510558, 271.3807, 162.2874
-7.651932, 1.203857, 0.2510558, 271.3807, 174.1123
-7.850837, 1.203857, 0.2301501, 255.7438, 174.22
-7.850837, 1.353857, 0.2301501, 255.7438, 162.3625
box_3_Hareli(Clone) stack 120 Shelf_1 Rack_1_1_0
-7.668777, 1.503857, 0.2349175, 270.1167, 150.4953
-7.868503, 1.503857, 0.2453847, 254.3186, 150.474
-7.856989, 1.503857, 0.4650832, 254.7994, 150.0396
-7.657263, 1.503857, 0.454616, 270.154, 150.0597
-7.856989, 1.503857, 0.4650832, 254.7994, 150.0396
-7.856989, 1.353857, 0.4650832, 254.7994, 161.541
-7.657263, 1.353857, 0.4546161, 270.154, 161.5766
-7.657263, 1.503857, 0.454616, 270.154, 150.0597
-7.657263, 1.503857, 0.454616, 270.154, 150.0597
-7.657263, 1.353857, 0.4546161, 270.154, 161.5766
-7.668777, 1.353857, 0.2349175, 270.1167, 162.3453
-7.668777, 1.503857, 0.2349175, 270.1167, 150.4953
-7.868503, 1.353857, 0.2453847, 254.3186, 162.3077
-7.668777, 1.353857, 0.2349175, 270.1167, 162.3453
-7.657263, 1.353857, 0.4546161, 270.154, 161.5766
-7.856989, 1.353857, 0.4650832, 254.7994, 161.541
-7.868503, 1.503857, 0.2453847, 254.3186, 150.474
-7.868503, 1.353857, 0.2453847, 254.3186, 162.3077
-7.856989, 1.353857, 0.4650832, 254.7994, 161.541
-7.856989, 1.503857, 0.4650832, 254.7994, 150.0396
-7.668777, 1.503857, 0.2349175, 270.1167, 150.4953
-7.668777, 1.353857, 0.2349175, 270.1167, 162.3453
-7.868503, 1.353857, 0.2453847, 254.3186, 162.3077
-7.868503, 1.503857, 0.2453847, 254.3186, 150.474
box_3_Hareli(Clone) stack 120 Shelf_1 Rack_1_1_0
-7.662883, 1.653857, 0.2400003, 270.5619, 138.6428
-7.862883, 1.653857, 0.2400003, 254.7724, 138.6428
-7.862883, 1.653857, 0.4600004, 254.3568, 138.5403
-7.662883, 1.653857, 0.4600004, 269.7021, 138.5403
-7.862883, 1.653857, 0.4600004, 254.3568, 138.5403
-7.862883, 1.503857, 0.4600004, 254.3568, 150.0493
-7.662883, 1.503857, 0.4600004, 269.7021, 150.0493
-7.662883, 1.653857, 0.4600004, 269.7021, 138.5403
-7.662883, 1.653857, 0.4600004, 269.7021, 138.5403
-7.662883, 1.503857, 0.4600004, 269.7021, 150.0493
-7.662883, 1.503857, 0.2400004, 270.5619, 150.485
-7.662883, 1.653857, 0.2400003, 270.5619, 138.6428
-7.862883, 1.503857, 0.2400004, 254.7724, 150.485
-7.662883, 1.503857, 0.2400004, 270.5619, 150.485
-7.662883, 1.503857, 0.4600004, 269.7021, 150.0493
-7.862883, 1.503857, 0.4600004, 254.3568, 150.0493
-7.862883, 1.653857, 0.2400003, 254.7724, 138.6428
-7.862883, 1.503857, 0.2400004, 254.7724, 150.485
-7.862883, 1.503857, 0.4600004, 254.3568, 150.0493
-7.862883, 1.653857, 0.4600004, 254.3568, 138.5403
-7.662883, 1.653857, 0.2400003, 270.5619, 138.6428
-7.662883, 1.503857, 0.2400004, 270.5619, 150.485
-7.862883, 1.503857, 0.2400004, 254.7724, 150.485
-7.862883, 1.653857, 0.2400003, 254.7724, 138.6428
box_8_lizol(Clone) stack 121 Shelf_1 Rack_1_1_0
-7.275177, 1.380775, 0.2215317, 301.3192, 160.2634
-7.474903, 1.380775, 0.2319989, 285.4503, 160.2285
-7.461986, 1.380775, 0.4784691, 285.0099, 159.4353
-7.26226, 1.380775, 0.4680019, 300.3787, 159.468
-7.461986, 1.380775, 0.4784691, 285.0099, 159.4353
-7.461986, 1.204525, 0.4784691, 285.0099, 172.9264
-7.26226, 1.204525, 0.4680019, 300.3787, 172.9771
-7.26226, 1.380775, 0.4680019, 300.3787, 159.468
-7.26226, 1.380775, 0.4680019, 300.3787, 159.468
-7.26226, 1.204525, 0.4680019, 300.3787, 172.9771
-7.275177, 1.204525, 0.2215317, 301.3192, 174.2117
-7.275177, 1.380775, 0.2215317, 301.3192, 160.2634
-7.474903, 1.204525, 0.2319989, 285.4503, 174.1577
-7.275177, 1.204525, 0.2215317, 301.3192, 174.2117
-7.26226, 1.204525, 0.4680019, 300.3787, 172.9771
-7.461986, 1.204525, 0.4784691, 285.0099, 172.9264
-7.474903, 1.380775, 0.2319989, 285.4503, 160.2285
-7.474903, 1.204525, 0.2319989, 285.4503, 174.1577
-7.461986, 1.204525, 0.4784691, 285.0099, 172.9264
-7.461986, 1.380775, 0.4784691, 285.0099, 159.4353
-7.275177, 1.380775, 0.2215317, 301.3192, 160.2634
-7.275177, 1.204525, 0.2215317, 301.3192, 174.2117
-7.474903, 1.204525, 0.2319989, 285.4503, 174.1577
-7.474903, 1.380775, 0.2319989, 285.4503, 160.2285
box_8_lizol(Clone) stack 121 Shelf_1 Rack_1_1_0
-7.260217, 1.557025, 0.2338724, 302.4017, 146.2966
-7.45973, 1.557025, 0.2199211, 286.7237, 146.3174
-7.476946, 1.557025, 0.4661284, 283.934, 145.9614
-7.277433, 1.557025, 0.4800797, 299.1244, 145.9419
-7.476946, 1.557025, 0.4661284, 283.934, 145.9614
-7.476946, 1.380775, 0.4661284, 283.934, 159.4738
-7.277433, 1.380775, 0.4800797, 299.1244, 159.4303
-7.277433, 1.557025, 0.4800797, 299.1244, 145.9419
-7.277433, 1.557025, 0.4800797, 299.1244, 145.9419
-7.277433, 1.380775, 0.4800797, 299.1244, 159.4303
-7.260217, 1.380775, 0.2338724, 302.4017, 160.2223
-7.260217, 1.557025, 0.2338724, 302.4017, 146.2966
-7.45973, 1.380775, 0.2199211, 286.7237, 160.2688
-7.260217, 1.380775, 0.2338724, 302.4017, 160.2223
-7.277433, 1.380775, 0.4800797, 299.1244, 159.4303
-7.476946, 1.380775, 0.4661284, 283.934, 159.4738
-7.45973, 1.557025, 0.2199211, 286.7237, 146.3174
-7.45973, 1.380775, 0.2199211, 286.7237, 160.2688
-7.476946, 1.380775, 0.4661284, 283.934, 159.4738
-7.476946, 1.557025, 0.4661284, 283.934, 145.9614
-7.260217, 1.557025, 0.2338724, 302.4017, 146.2966
-7.260217, 1.380775, 0.2338724, 302.4017, 160.2223
-7.45973, 1.380775, 0.2199211, 286.7237, 160.2688
-7.45973, 1.557025, 0.2199211, 286.7237, 146.3174
box_8_lizol(Clone) stack 121 Shelf_1 Rack_1_1_0
-7.272949, 1.733275, 0.2231813, 301.4822, 132.3672
-7.472827, 1.733275, 0.2301612, 285.6253, 132.3696
-7.464214, 1.733275, 0.4768194, 284.8488, 132.4524
-7.264336, 1.733275, 0.4698395, 300.2054, 132.4501
-7.464214, 1.733275, 0.4768194, 284.8488, 132.4524
-7.464214, 1.557025, 0.4768195, 284.8488, 145.9464
-7.264336, 1.557025, 0.4698395, 300.2054, 145.9562
-7.264336, 1.733275, 0.4698395, 300.2054, 132.4501
-7.264336, 1.733275, 0.4698395, 300.2054, 132.4501
-7.264336, 1.557025, 0.4698395, 300.2054, 145.9562
-7.272949, 1.557025, 0.2231813, 301.4822, 146.3126
-7.272949, 1.733275, 0.2231813, 301.4822, 132.3672
-7.472827, 1.557025, 0.2301612, 285.6253, 146.3022
-7.272949, 1.557025, 0.2231813, 301.4822, 146.3126
-7.264336, 1.557025, 0.4698395, 300.2054, 145.9562
-7.464214, 1.557025, 0.4768195, 284.8488, 145.9464
-7.472827, 1.733275, 0.2301612, 285.6253, 132.3696
-7.472827, 1.557025, 0.2301612, 285.6253, 146.3022
-7.464214, 1.557025, 0.4768195, 284.8488, 145.9464
-7.464214, 1.733275, 0.4768194, 284.8488, 132.4524
-7.272949, 1.733275, 0.2231813, 301.4822, 132.3672
-7.272949, 1.557025, 0.2231813, 301.4822, 146.3126
-7.472827, 1.557025, 0.2301612, 285.6253, 146.3022
-7.472827, 1.733275, 0.2301612, 285.6253, 132.3696
box_8_lizol(Clone) stack 121 Shelf_1 Rack_1_1_0
-7.260217, 1.909525, 0.2338724, 302.4017, 118.4452
-7.45973, 1.909525, 0.2199211, 286.7237, 118.4148
-7.476946, 1.909525, 0.4661284, 283.934, 118.9365
-7.277433, 1.909525, 0.4800797, 299.1244, 118.9651
-7.476946, 1.909525, 0.4661284, 283.934, 118.9365
-7.476946, 1.733275, 0.4661284, 283.934, 132.4489
-7.277433, 1.733275, 0.4800797, 299.1244, 132.4535
-7.277433, 1.909525, 0.4800797, 299.1244, 118.9651
-7.277433, 1.909525, 0.4800797, 299.1244, 118.9651
-7.277433, 1.733275, 0.4800797, 299.1244, 132.4535
-7.260217, 1.733275, 0.2338724, 302.4017, 132.3709
-7.260217, 1.909525, 0.2338724, 302.4017, 118.4452
-7.45973, 1.733275, 0.2199211, 286.7237, 132.3661
-7.260217, 1.733275, 0.2338724, 302.4017, 132.3709
-7.277433, 1.733275, 0.4800797, 299.1244, 132.4535
-7.476946, 1.733275, 0.4661284, 283.934, 132.4489
-7.45973, 1.909525, 0.2199211, 286.7237, 118.4148
-7.45973, 1.733275, 0.2199211, 286.7237, 132.3661
-7.476946, 1.733275, 0.4661284, 283.934, 132.4489
-7.476946, 1.909525, 0.4661284, 283.934, 118.9365
-7.260217, 1.909525, 0.2338724, 302.4017, 118.4452
-7.260217, 1.733275, 0.2338724, 302.4017, 132.3709
-7.45973, 1.733275, 0.2199211, 286.7237, 132.3661
-7.45973, 1.909525, 0.2199211, 286.7237, 118.4148
box_8_lizol(Clone) stack 123 Shelf_2 Rack_1_1_0
-6.625596, 2.565368, 0.2283601, 352.6255, 66.57664
-6.825565, 2.565368, 0.2248697, 336.8587, 66.54515
-6.829873, 2.565368, 0.4716406, 333.4767, 68.70213
-6.629903, 2.565368, 0.4751311, 348.7484, 68.73167
-6.829873, 2.565368, 0.4716406, 333.4767, 68.70213
-6.829873, 2.389118, 0.4716406, 333.4767, 82.20506
-6.629903, 2.389118, 0.4751311, 348.7484, 82.22858
-6.629903, 2.565368, 0.4751311, 348.7484, 68.73167
-6.629903, 2.565368, 0.4751311, 348.7484, 68.73167
-6.629903, 2.389118, 0.4751311, 348.7484, 82.22858
-6.625596, 2.389118, 0.2283601, 352.6255, 80.51248
-6.625596, 2.565368, 0.2283601, 352.6255, 66.57664
-6.825565, 2.389118, 0.2248697, 336.8587, 80.4874
-6.625596, 2.389118, 0.2283601, 352.6255, 80.51248
-6.629903, 2.389118, 0.4751311, 348.7484, 82.22858
-6.829873, 2.389118, 0.4716406, 333.4767, 82.20506
-6.825565, 2.565368, 0.2248697, 336.8587, 66.54515
-6.825565, 2.389118, 0.2248697, 336.8587, 80.4874
-6.829873, 2.389118, 0.4716406, 333.4767, 82.20506
-6.829873, 2.565368, 0.4716406, 333.4767, 68.70213
-6.625596, 2.565368, 0.2283601, 352.6255, 66.57664
-6.625596, 2.389118, 0.2283601, 352.6255, 80.51248
-6.825565, 2.389118, 0.2248697, 336.8587, 80.4874
-6.825565, 2.565368, 0.2248697, 336.8587, 66.54515
box_8_lizol(Clone) stack 123 Shelf_2 Rack_1_1_0
-6.625596, 2.741618, 0.2283601, 352.6255, 52.64084
-6.825565, 2.741618, 0.2248697, 336.8587, 52.60294
-6.829873, 2.741618, 0.4716406, 333.4767, 55.19922
-6.629903, 2.741618, 0.4751311, 348.7484, 55.23479
-6.829873, 2.741618, 0.4716406, 333.4767, 55.19922
-6.829873, 2.565368, 0.4716406, 333.4767, 68.70213
-6.629903, 2.565368, 0.4751311, 348.7484, 68.73167
-6.629903, 2.741618, 0.4751311, 348.7484, 55.23479
-6.629903, 2.741618, 0.4751311, 348.7484, 55.23479
-6.629903, 2.565368, 0.4751311, 348.7484, 68.73167
-6.625596, 2.565368, 0.2283601, 352.6255, 66.57664
-6.625596, 2.741618, 0.2283601, 352.6255, 52.64084
-6.825565, 2.565368, 0.2248697, 336.8587, 66.54515
-6.625596, 2.565368, 0.2283601, 352.6255, 66.57664
-6.629903, 2.565368, 0.4751311, 348.7484, 68.73167
-6.829873, 2.565368, 0.4716406, 333.4767, 68.70213
-6.825565, 2.741618, 0.2248697, 336.8587, 52.60294
-6.825565, 2.565368, 0.2248697, 336.8587, 66.54515
-6.829873, 2.565368, 0.4716406, 333.4767, 68.70213
-6.829873, 2.741618, 0.4716406, 333.4767, 55.19922
-6.625596, 2.741618, 0.2283601, 352.6255, 52.64084
-6.625596, 2.565368, 0.2283601, 352.6255, 66.57664
-6.825565, 2.565368, 0.2248697, 336.8587, 66.54515
-6.825565, 2.741618, 0.2248697, 336.8587, 52.60294
box_8_lizol(Clone) stack 123 Shelf_2 Rack_1_1_0
-6.625596, 2.917868, 0.2283601, 352.6255, 38.70502
-6.825565, 2.917868, 0.2248697, 336.8587, 38.66069
-6.829873, 2.917868, 0.4716406, 333.4767, 41.6963
-6.629903, 2.917868, 0.4751311, 348.7484, 41.73787
-6.829873, 2.917868, 0.4716406, 333.4767, 41.6963
-6.829873, 2.741618, 0.4716406, 333.4767, 55.19922
-6.629903, 2.741618, 0.4751311, 348.7484, 55.23479
-6.629903, 2.917868, 0.4751311, 348.7484, 41.73787
-6.629903, 2.917868, 0.4751311, 348.7484, 41.73787
-6.629903, 2.741618, 0.4751311, 348.7484, 55.23479
-6.625596, 2.741618, 0.2283601, 352.6255, 52.64084
-6.625596, 2.917868, 0.2283601, 352.6255, 38.70502
-6.825565, 2.741618, 0.2248697, 336.8587, 52.60294
-6.625596, 2.741618, 0.2283601, 352.6255, 52.64084
-6.629903, 2.741618, 0.4751311, 348.7484, 55.23479
-6.829873, 2.741618, 0.4716406, 333.4767, 55.19922
-6.825565, 2.917868, 0.2248697, 336.8587, 38.66069
-6.825565, 2.741618, 0.2248697, 336.8587, 52.60294
-6.829873, 2.741618, 0.4716406, 333.4767, 55.19922
-6.829873, 2.917868, 0.4716406, 333.4767, 41.6963
-6.625596, 2.917868, 0.2283601, 352.6255, 38.70502
-6.625596, 2.741618, 0.2283601, 352.6255, 52.64084
-6.825565, 2.741618, 0.2248697, 336.8587, 52.60294
-6.825565, 2.917868, 0.2248697, 336.8587, 38.66069
box_8_lizol(Clone) stack 123 Shelf_2 Rack_1_1_0
-6.623488, 3.094118, 0.2301612, 352.7653, 24.79536
-6.823367, 3.094118, 0.2231813, 337.0543, 24.69392
-6.83198, 3.094118, 0.4698395, 333.3369, 28.16882
-6.632102, 3.094118, 0.4768194, 348.5567, 28.26398
-6.83198, 3.094118, 0.4698395, 333.3369, 28.16882
-6.83198, 2.917868, 0.4698395, 333.3369, 41.67484
-6.632102, 2.917868, 0.4768195, 348.5567, 41.75797
-6.632102, 3.094118, 0.4768194, 348.5567, 28.26398
-6.632102, 3.094118, 0.4768194, 348.5567, 28.26398
-6.632102, 2.917868, 0.4768195, 348.5567, 41.75797
-6.623488, 2.917868, 0.2301612, 352.7653, 38.72787
-6.623488, 3.094118, 0.2301612, 352.7653, 24.79536
-6.823367, 2.917868, 0.2231813, 337.0543, 38.63925
-6.623488, 2.917868, 0.2301612, 352.7653, 38.72787
-6.632102, 2.917868, 0.4768195, 348.5567, 41.75797
-6.83198, 2.917868, 0.4698395, 333.3369, 41.67484
-6.823367, 3.094118, 0.2231813, 337.0543, 24.69392
-6.823367, 2.917868, 0.2231813, 337.0543, 38.63925
-6.83198, 2.917868, 0.4698395, 333.3369, 41.67484
-6.83198, 3.094118, 0.4698395, 333.3369, 28.16882
-6.623488, 3.094118, 0.2301612, 352.7653, 24.79536
-6.623488, 2.917868, 0.2301612, 352.7653, 38.72787
-6.823367, 2.917868, 0.2231813, 337.0543, 38.63925
-6.823367, 3.094118, 0.2231813, 337.0543, 24.69392
box_7_litchi(Clone) stack 124 Shelf_2 Rack_1_1_0
-7.000133, 2.599012, 0.2517608, 322.7562, 64.13501
-7.200102, 2.599012, 0.2482703, 307.0243, 64.10249
-7.203592, 2.599012, 0.4482399, 305.0396, 65.9182
-7.003623, 2.599012, 0.4517304, 320.3697, 65.94907
-7.203592, 2.599012, 0.4482399, 305.0396, 65.9182
-7.203592, 2.389012, 0.4482399, 305.0396, 82.05499
-7.003623, 2.389012, 0.4517304, 320.3697, 82.07864
-7.003623, 2.599012, 0.4517304, 320.3697, 65.94907
-7.003623, 2.599012, 0.4517304, 320.3697, 65.94907
-7.003623, 2.389012, 0.4517304, 320.3697, 82.07864
-7.000133, 2.389012, 0.2517608, 322.7562, 80.68834
-7.000133, 2.599012, 0.2517608, 322.7562, 64.13501
-7.200102, 2.389012, 0.2482704, 307.0243, 80.66342
-7.000133, 2.389012, 0.2517608, 322.7562, 80.68834
-7.003623, 2.389012, 0.4517304, 320.3697, 82.07864
-7.203592, 2.389012, 0.4482399, 305.0396, 82.05499
-7.200102, 2.599012, 0.2482703, 307.0243, 64.10249
-7.200102, 2.389012, 0.2482704, 307.0243, 80.66342
-7.203592, 2.389012, 0.4482399, 305.0396, 82.05499
-7.203592, 2.599012, 0.4482399, 305.0396, 65.9182
-7.000133, 2.599012, 0.2517608, 322.7562, 64.13501
-7.000133, 2.389012, 0.2517608, 322.7562, 80.68834
-7.200102, 2.389012, 0.2482704, 307.0243, 80.66342
-7.200102, 2.599012, 0.2482703, 307.0243, 64.10249
box_7_litchi(Clone) stack 124 Shelf_2 Rack_1_1_0
-6.995131, 2.809012, 0.2572196, 323.0909, 47.64432
-7.194643, 2.809012, 0.2432683, 307.4992, 47.48402
-7.208594, 2.809012, 0.4427811, 304.7004, 49.72177
-7.009082, 2.809012, 0.4567324, 319.8992, 49.87396
-7.208594, 2.809012, 0.4427811, 304.7004, 49.72177
-7.208594, 2.599012, 0.4427811, 304.7004, 65.86984
-7.009082, 2.599012, 0.4567324, 319.8992, 65.99324
-7.009082, 2.809012, 0.4567324, 319.8992, 49.87396
-7.009082, 2.809012, 0.4567324, 319.8992, 49.87396
-7.009082, 2.599012, 0.4567324, 319.8992, 65.99324
-6.995131, 2.599012, 0.2572196, 323.0909, 64.18579
-6.995131, 2.809012, 0.2572196, 323.0909, 47.64432
-7.194643, 2.599012, 0.2432683, 307.4992, 64.05585
-6.995131, 2.599012, 0.2572196, 323.0909, 64.18579
-7.009082, 2.599012, 0.4567324, 319.8992, 65.99324
-7.208594, 2.599012, 0.4427811, 304.7004, 65.86984
-7.194643, 2.809012, 0.2432683, 307.4992, 47.48402
-7.194643, 2.599012, 0.2432683, 307.4992, 64.05585
-7.208594, 2.599012, 0.4427811, 304.7004, 65.86984
-7.208594, 2.809012, 0.4427811, 304.7004, 49.72177
-6.995131, 2.809012, 0.2572196, 323.0909, 47.64432
-6.995131, 2.599012, 0.2572196, 323.0909, 64.18579
-7.194643, 2.599012, 0.2432683, 307.4992, 64.05585
-7.194643, 2.809012, 0.2432683, 307.4992, 47.48402
box_7_litchi(Clone) stack 125 Shelf_2 Rack_1_1_0
-7.392639, 2.599012, 0.2400953, 291.8963, 64.02625
-7.591544, 2.599012, 0.2610011, 276.0942, 64.22093
-7.570638, 2.599012, 0.4599054, 276.7802, 66.02124
-7.371733, 2.599012, 0.4389997, 292.1811, 65.83635
-7.570638, 2.599012, 0.4599054, 276.7802, 66.02124
-7.570638, 2.389012, 0.4599054, 276.7802, 82.13397
-7.371733, 2.389012, 0.4389997, 292.1811, 81.99226
-7.371733, 2.599012, 0.4389997, 292.1811, 65.83635
-7.371733, 2.599012, 0.4389997, 292.1811, 65.83635
-7.371733, 2.389012, 0.4389997, 292.1811, 81.99226
-7.392639, 2.389012, 0.2400953, 291.8963, 80.60498
-7.392639, 2.599012, 0.2400953, 291.8963, 64.02625
-7.591544, 2.389012, 0.2610011, 276.0942, 80.7542
-7.392639, 2.389012, 0.2400953, 291.8963, 80.60498
-7.371733, 2.389012, 0.4389997, 292.1811, 81.99226
-7.570638, 2.389012, 0.4599054, 276.7802, 82.13397
-7.591544, 2.599012, 0.2610011, 276.0942, 64.22093
-7.591544, 2.389012, 0.2610011, 276.0942, 80.7542
-7.570638, 2.389012, 0.4599054, 276.7802, 82.13397
-7.570638, 2.599012, 0.4599054, 276.7802, 66.02124
-7.392639, 2.599012, 0.2400953, 291.8963, 64.02625
-7.392639, 2.389012, 0.2400953, 291.8963, 80.60498
-7.591544, 2.389012, 0.2610011, 276.0942, 80.7542
-7.591544, 2.599012, 0.2610011, 276.0942, 64.22093
box_7_litchi(Clone) stack 125 Shelf_2 Rack_1_1_0
-7.388858, 2.809012, 0.2432683, 292.173, 47.48402
-7.58837, 2.809012, 0.2572196, 276.3621, 47.64432
-7.574419, 2.809012, 0.4567324, 276.5049, 49.87396
-7.374907, 2.809012, 0.4427811, 291.9117, 49.72177
-7.574419, 2.809012, 0.4567324, 276.5049, 49.87396
-7.574419, 2.599012, 0.4567324, 276.5049, 65.99324
-7.374907, 2.599012, 0.4427811, 291.9117, 65.86984
-7.374907, 2.809012, 0.4427811, 291.9117, 49.72177
-7.374907, 2.809012, 0.4427811, 291.9117, 49.72177
-7.374907, 2.599012, 0.4427811, 291.9117, 65.86984
-7.388858, 2.599012, 0.2432683, 292.173, 64.05585
-7.388858, 2.809012, 0.2432683, 292.173, 47.48402
-7.58837, 2.599012, 0.2572196, 276.3621, 64.18579
-7.388858, 2.599012, 0.2432683, 292.173, 64.05585
-7.374907, 2.599012, 0.4427811, 291.9117, 65.86984
-7.574419, 2.599012, 0.4567324, 276.5049, 65.99324
-7.58837, 2.809012, 0.2572196, 276.3621, 47.64432
-7.58837, 2.599012, 0.2572196, 276.3621, 64.18579
-7.574419, 2.599012, 0.4567324, 276.5049, 65.99324
-7.574419, 2.809012, 0.4567324, 276.5049, 49.87396
-7.388858, 2.809012, 0.2432683, 292.173, 47.48402
-7.388858, 2.599012, 0.2432683, 292.173, 64.05585
-7.58837, 2.599012, 0.2572196, 276.3621, 64.18579
-7.58837, 2.809012, 0.2572196, 276.3621, 47.64432
box_7_litchi(Clone) stack 125 Shelf_2 Rack_1_1_0
-7.388858, 3.019012, 0.2432683, 292.173, 30.91222
-7.58837, 3.019012, 0.2572196, 276.3621, 31.10286
-7.574419, 3.019012, 0.4567324, 276.5049, 33.7547
-7.374907, 3.019012, 0.4427811, 291.9117, 33.57368
-7.574419, 3.019012, 0.4567324, 276.5049, 33.7547
-7.574419, 2.809012, 0.4567324, 276.5049, 49.87396
-7.374907, 2.809012, 0.4427811, 291.9117, 49.72177
-7.374907, 3.019012, 0.4427811, 291.9117, 33.57368
-7.374907, 3.019012, 0.4427811, 291.9117, 33.57368
-7.374907, 2.809012, 0.4427811, 291.9117, 49.72177
-7.388858, 2.809012, 0.2432683, 292.173, 47.48402
-7.388858, 3.019012, 0.2432683, 292.173, 30.91222
-7.58837, 2.809012, 0.2572196, 276.3621, 47.64432
-7.388858, 2.809012, 0.2432683, 292.173, 47.48402
-7.374907, 2.809012, 0.4427811, 291.9117, 49.72177
-7.574419, 2.809012, 0.4567324, 276.5049, 49.87396
-7.58837, 3.019012, 0.2572196, 276.3621, 31.10286
-7.58837, 2.809012, 0.2572196, 276.3621, 47.64432
-7.574419, 2.809012, 0.4567324, 276.5049, 49.87396
-7.574419, 3.019012, 0.4567324, 276.5049, 33.7547
-7.388858, 3.019012, 0.2432683, 292.173, 30.91222
-7.388858, 2.809012, 0.2432683, 292.173, 47.48402
-7.58837, 2.809012, 0.2572196, 276.3621, 47.64432
-7.58837, 3.019012, 0.2572196, 276.3621, 31.10286
box_7_litchi(Clone) stack 125 Shelf_2 Rack_1_1_0
-7.370197, 3.229012, 0.2629327, 293.5073, 14.65164
-7.568706, 3.229012, 0.2385588, 278.0041, 14.26559
-7.59308, 3.229012, 0.4370681, 275.1609, 17.33942
-7.394571, 3.229012, 0.4614419, 290.2794, 17.70609
-7.59308, 3.229012, 0.4370681, 275.1609, 17.33942
-7.59308, 3.019012, 0.4370681, 275.1609, 33.49936
-7.394571, 3.019012, 0.4614419, 290.2794, 33.81566
-7.394571, 3.229012, 0.4614419, 290.2794, 17.70609
-7.394571, 3.229012, 0.4614419, 290.2794, 17.70609
-7.394571, 3.019012, 0.4614419, 290.2794, 33.81566
-7.370197, 3.019012, 0.2629327, 293.5073, 31.18071
-7.370197, 3.229012, 0.2629327, 293.5073, 14.65164
-7.568706, 3.019012, 0.2385588, 278.0041, 30.84772
-7.370197, 3.019012, 0.2629327, 293.5073, 31.18071
-7.394571, 3.019012, 0.4614419, 290.2794, 33.81566
-7.59308, 3.019012, 0.4370681, 275.1609, 33.49936
-7.568706, 3.229012, 0.2385588, 278.0041, 14.26559
-7.568706, 3.019012, 0.2385588, 278.0041, 30.84772
-7.59308, 3.019012, 0.4370681, 275.1609, 33.49936
-7.59308, 3.229012, 0.4370681, 275.1609, 17.33942
-7.370197, 3.229012, 0.2629327, 293.5073, 14.65164
-7.370197, 3.019012, 0.2629327, 293.5073, 31.18071
-7.568706, 3.019012, 0.2385588, 278.0041, 30.84772
-7.568706, 3.229012, 0.2385588, 278.0041, 14.26559
box_1_Parle-G-GOLD(Clone) stack 126 Shelf_2 Rack_1_1_0
-7.746872, 2.560843, 0.2528824, 263.8907, 67.15372
-7.946384, 2.560843, 0.2389311, 248.1813, 67.02914
-7.960942, 2.560843, 0.4471184, 246.8444, 68.84169
-7.76143, 2.560843, 0.4610697, 262.1379, 68.9597
-7.960942, 2.560843, 0.4471184, 246.8444, 68.84169
-7.960942, 2.388343, 0.4471184, 246.8444, 82.09882
-7.76143, 2.388343, 0.4610697, 262.1379, 82.19319
-7.76143, 2.560843, 0.4610697, 262.1379, 68.9597
-7.76143, 2.560843, 0.4610697, 262.1379, 68.9597
-7.76143, 2.388343, 0.4610697, 262.1379, 82.19319
-7.746872, 2.388343, 0.2528824, 263.8907, 80.7491
-7.746872, 2.560843, 0.2528824, 263.8907, 67.15372
-7.946384, 2.388343, 0.2389311, 248.1813, 80.64948
-7.746872, 2.388343, 0.2528824, 263.8907, 80.7491
-7.76143, 2.388343, 0.4610697, 262.1379, 82.19319
-7.960942, 2.388343, 0.4471184, 246.8444, 82.09882
-7.946384, 2.560843, 0.2389311, 248.1813, 67.02914
-7.946384, 2.388343, 0.2389311, 248.1813, 80.64948
-7.960942, 2.388343, 0.4471184, 246.8444, 82.09882
-7.960942, 2.560843, 0.4471184, 246.8444, 68.84169
-7.746872, 2.560843, 0.2528824, 263.8907, 67.15372
-7.746872, 2.388343, 0.2528824, 263.8907, 80.7491
-7.946384, 2.388343, 0.2389311, 248.1813, 80.64948
-7.946384, 2.560843, 0.2389311, 248.1813, 67.02914
box_1_Parle-G-GOLD(Clone) stack 126 Shelf_2 Rack_1_1_0
-7.752101, 2.733343, 0.2474137, 263.4954, 53.4998
-7.952071, 2.733343, 0.2439232, 247.7273, 53.46239
-7.955713, 2.733343, 0.4525871, 247.2412, 55.64014
-7.755744, 2.733343, 0.4560776, 262.5886, 55.67558
-7.955713, 2.733343, 0.4525871, 247.2412, 55.64014
-7.955713, 2.560843, 0.4525871, 247.2412, 68.888
-7.755744, 2.560843, 0.4560776, 262.5886, 68.91753
-7.755744, 2.733343, 0.4560776, 262.5886, 55.67558
-7.755744, 2.733343, 0.4560776, 262.5886, 55.67558
-7.755744, 2.560843, 0.4560776, 262.5886, 68.91753
-7.752101, 2.560843, 0.2474137, 263.4954, 67.10495
-7.752101, 2.733343, 0.2474137, 263.4954, 53.4998
-7.952071, 2.560843, 0.2439232, 247.7273, 67.07379
-7.752101, 2.560843, 0.2474137, 263.4954, 67.10495
-7.755744, 2.560843, 0.4560776, 262.5886, 68.91753
-7.955713, 2.560843, 0.4525871, 247.2412, 68.888
-7.952071, 2.733343, 0.2439232, 247.7273, 53.46239
-7.952071, 2.560843, 0.2439232, 247.7273, 67.07379
-7.955713, 2.560843, 0.4525871, 247.2412, 68.888
-7.955713, 2.733343, 0.4525871, 247.2412, 55.64014
-7.752101, 2.733343, 0.2474137, 263.4954, 53.4998
-7.752101, 2.560843, 0.2474137, 263.4954, 67.10495
-7.952071, 2.560843, 0.2439232, 247.7273, 67.07379
-7.952071, 2.733343, 0.2439232, 247.7273, 53.46239
box_1_Parle-G-GOLD(Clone) stack 126 Shelf_2 Rack_1_1_0
-7.765362, 2.905843, 0.2357713, 262.4839, 39.74887
-7.964267, 2.905843, 0.256677, 246.7536, 40.01035
-7.942452, 2.905843, 0.4642295, 248.2473, 42.53009
-7.743547, 2.905843, 0.4433237, 263.5633, 42.28235
-7.942452, 2.905843, 0.4642295, 248.2473, 42.53009
-7.942452, 2.733343, 0.4642295, 248.2473, 55.75824
-7.743547, 2.733343, 0.4433237, 263.5633, 55.54593
-7.743547, 2.905843, 0.4433237, 263.5633, 42.28235
-7.743547, 2.905843, 0.4433237, 263.5633, 42.28235
-7.743547, 2.733343, 0.4433237, 263.5633, 55.54593
-7.765362, 2.733343, 0.2357713, 262.4839, 53.37489
-7.765362, 2.905843, 0.2357713, 262.4839, 39.74887
-7.964267, 2.733343, 0.256677, 246.7536, 53.59894
-7.765362, 2.733343, 0.2357713, 262.4839, 53.37489
-7.743547, 2.733343, 0.4433237, 263.5633, 55.54593
-7.942452, 2.733343, 0.4642295, 248.2473, 55.75824
-7.964267, 2.905843, 0.256677, 246.7536, 40.01035
-7.964267, 2.733343, 0.256677, 246.7536, 53.59894
-7.942452, 2.733343, 0.4642295, 248.2473, 55.75824
-7.942452, 2.905843, 0.4642295, 248.2473, 42.53009
-7.765362, 2.905843, 0.2357713, 262.4839, 39.74887
-7.765362, 2.733343, 0.2357713, 262.4839, 53.37489
-7.964267, 2.733343, 0.256677, 246.7536, 53.59894
-7.964267, 2.905843, 0.256677, 246.7536, 40.01035
box_1_Parle-G-GOLD(Clone) stack 126 Shelf_2 Rack_1_1_0
-7.753907, 3.078343, 0.2456525, 263.3584, 26.26436
-7.953907, 3.078343, 0.2456525, 247.5807, 26.26436
-7.953907, 3.078343, 0.4543482, 247.3782, 29.16832
-7.753907, 3.078343, 0.4543482, 262.7346, 29.16832
-7.953907, 3.078343, 0.4543482, 247.3782, 29.16832
-7.953907, 2.905843, 0.4543482, 247.3782, 42.41316
-7.753907, 2.905843, 0.4543482, 262.7346, 42.41316
-7.753907, 3.078343, 0.4543482, 262.7346, 29.16832
-7.753907, 3.078343, 0.4543482, 262.7346, 29.16832
-7.753907, 2.905843, 0.4543482, 262.7346, 42.41316
-7.753907, 2.905843, 0.2456525, 263.3584, 39.87263
-7.753907, 3.078343, 0.2456525, 263.3584, 26.26436
-7.953907, 2.905843, 0.2456525, 247.5807, 39.87263
-7.753907, 2.905843, 0.2456525, 263.3584, 39.87263
-7.753907, 2.905843, 0.4543482, 262.7346, 42.41316
-7.953907, 2.905843, 0.4543482, 247.3782, 42.41316
-7.953907, 3.078343, 0.2456525, 247.5807, 26.26436
-7.953907, 2.905843, 0.2456525, 247.5807, 39.87263
-7.953907, 2.905843, 0.4543482, 247.3782, 42.41316
-7.953907, 3.078343, 0.4543482, 247.3782, 29.16832
-7.753907, 3.078343, 0.2456525, 263.3584, 26.26436
-7.753907, 2.905843, 0.2456525, 263.3584, 39.87263
-7.953907, 2.905843, 0.2456525, 247.5807, 39.87263
-7.953907, 3.078343, 0.2456525, 247.5807, 26.26436
box_6_melody(Clone) stack 128 Shelf_0 Rack_1_1_1
-9.908854, 0.2073492, 0.2430817, 93.30791, 252.7931
-10.10736, 0.2073492, 0.2187079, 77.12035, 253.1719
-10.13661, 0.2073492, 0.456919, 79.83881, 249.5708
-9.938103, 0.2073492, 0.4812929, 95.52617, 249.2147
-10.13661, 0.2073492, 0.456919, 79.83881, 249.5708
-10.13661, 0.01984931, 0.456919, 79.83881, 263.9626
-9.938103, 0.01984931, 0.4812929, 95.52617, 263.5618
-9.938103, 0.2073492, 0.4812929, 95.52617, 249.2147
-9.938103, 0.2073492, 0.4812929, 95.52617, 249.2147
-9.938103, 0.01984931, 0.4812929, 95.52617, 263.5618
-9.908854, 0.01984931, 0.2430817, 93.30791, 267.5897
-9.908854, 0.2073492, 0.2430817, 93.30791, 252.7931
-10.10736, 0.01984931, 0.2187079, 77.12035, 268.0161
-9.908854, 0.01984931, 0.2430817, 93.30791, 267.5897
-9.938103, 0.01984931, 0.4812929, 95.52617, 263.5618
-10.13661, 0.01984931, 0.456919, 79.83881, 263.9626
-10.10736, 0.2073492, 0.2187079, 77.12035, 253.1719
-10.10736, 0.01984931, 0.2187079, 77.12035, 268.0161
-10.13661, 0.01984931, 0.456919, 79.83881, 263.9626
-10.13661, 0.2073492, 0.456919, 79.83881, 249.5708
-9.908854, 0.2073492, 0.2430817, 93.30791, 252.7931
-9.908854, 0.01984931, 0.2430817, 93.30791, 267.5897
-10.10736, 0.01984931, 0.2187079, 77.12035, 268.0161
-10.10736, 0.2073492, 0.2187079, 77.12035, 253.1719
box_6_melody(Clone) stack 128 Shelf_0 Rack_1_1_1
-9.933572, 0.3948492, 0.2217414, 90.93886, 238.2864
-10.13281, 0.3948492, 0.2391725, 75.54966, 238.0495
-10.11189, 0.3948492, 0.4782594, 82.16699, 234.9062
-9.912655, 0.3948492, 0.4608282, 97.10044, 235.1289
-10.11189, 0.3948492, 0.4782594, 82.16699, 234.9062
-10.11189, 0.2073492, 0.4782594, 82.16699, 249.2589
-9.912655, 0.2073492, 0.4608282, 97.10044, 249.5135
-9.912655, 0.3948492, 0.4608282, 97.10044, 235.1289
-9.912655, 0.3948492, 0.4608282, 97.10044, 235.1289
-9.912655, 0.2073492, 0.4608282, 97.10044, 249.5135
-9.933572, 0.2073492, 0.2217414, 90.93886, 253.1246
-9.933572, 0.3948492, 0.2217414, 90.93886, 238.2864
-10.13281, 0.2073492, 0.2391725, 75.54966, 252.8537
-9.933572, 0.2073492, 0.2217414, 90.93886, 253.1246
-9.912655, 0.2073492, 0.4608282, 97.10044, 249.5135
-10.11189, 0.2073492, 0.4782594, 82.16699, 249.2589
-10.13281, 0.3948492, 0.2391725, 75.54966, 238.0495
-10.13281, 0.2073492, 0.2391725, 75.54966, 252.8537
-10.11189, 0.2073492, 0.4782594, 82.16699, 249.2589
-10.11189, 0.3948492, 0.4782594, 82.16699, 234.9062
-9.933572, 0.3948492, 0.2217414, 90.93886, 238.2864
-9.933572, 0.2073492, 0.2217414, 90.93886, 253.1246
-10.13281, 0.2073492, 0.2391725, 75.54966, 252.8537
-10.13281, 0.3948492, 0.2391725, 75.54966, 238.0495
box_6_melody(Clone) stack 128 Shelf_0 Rack_1_1_1
-9.92915, 0.5823491, 0.2249312, 91.35136, 223.4109
-10.12888, 0.5823491, 0.2353984, 75.7788, 223.2891
-10.11632, 0.5823491, 0.4750696, 81.76406, 220.5883
-9.91659, 0.5823491, 0.4646024, 96.86767, 220.7028
-10.11632, 0.5823491, 0.4750696, 81.76406, 220.5883
-10.11632, 0.3948492, 0.4750696, 81.76406, 234.9469
-9.91659, 0.3948492, 0.4646024, 96.86767, 235.0806
-9.91659, 0.5823491, 0.4646024, 96.86767, 220.7028
-9.91659, 0.5823491, 0.4646024, 96.86767, 220.7028
-9.91659, 0.3948492, 0.4646024, 96.86767, 235.0806
-9.92915, 0.3948492, 0.2249312, 91.35136, 238.2429
-9.92915, 0.5823491, 0.2249312, 91.35136, 223.4109
-10.12888, 0.3948492, 0.2353984, 75.7788, 238.1007
-9.92915, 0.3948492, 0.2249312, 91.35136, 238.2429
-9.91659, 0.3948492, 0.4646024, 96.86767, 235.0806
-10.11632, 0.3948492, 0.4750696, 81.76406, 234.9469
-10.12888, 0.5823491, 0.2353984, 75.7788, 223.2891
-10.12888, 0.3948492, 0.2353984, 75.7788, 238.1007
-10.11632, 0.3948492, 0.4750696, 81.76406, 234.9469
-10.11632, 0.5823491, 0.4750696, 81.76406, 220.5883
-9.92915, 0.5823491, 0.2249312, 91.35136, 223.4109
-9.92915, 0.3948492, 0.2249312, 91.35136, 238.2429
-10.12888, 0.3948492, 0.2353984, 75.7788, 238.1007
-10.12888, 0.5823491, 0.2353984, 75.7788, 223.2891
box_6_melody(Clone) stack 128 Shelf_0 Rack_1_1_1
-9.912655, 0.7698491, 0.2391725, 92.93229, 208.441
-10.11189, 0.7698491, 0.2217414, 76.82692, 208.6098
-10.13281, 0.7698491, 0.4608282, 80.21046, 206.3595
-9.933572, 0.7698491, 0.4782594, 95.8171, 206.2008
-10.13281, 0.7698491, 0.4608282, 80.21046, 206.3595
-10.13281, 0.5823491, 0.4608282, 80.21046, 220.7442
-9.933572, 0.5823491, 0.4782594, 95.8171, 220.5535
-9.933572, 0.7698491, 0.4782594, 95.8171, 206.2008
-9.933572, 0.7698491, 0.4782594, 95.8171, 206.2008
-9.933572, 0.5823491, 0.4782594, 95.8171, 220.5535
-9.912655, 0.5823491, 0.2391725, 92.93229, 223.2452
-9.912655, 0.7698491, 0.2391725, 92.93229, 208.441
-10.11189, 0.5823491, 0.2217414, 76.82692, 223.4481
-9.912655, 0.5823491, 0.2391725, 92.93229, 223.2452
-9.933572, 0.5823491, 0.4782594, 95.8171, 220.5535
-10.13281, 0.5823491, 0.4608282, 80.21046, 220.7442
-10.11189, 0.7698491, 0.2217414, 76.82692, 208.6098
-10.11189, 0.5823491, 0.2217414, 76.82692, 223.4481
-10.13281, 0.5823491, 0.4608282, 80.21046, 220.7442
-10.13281, 0.7698491, 0.4608282, 80.21046, 206.3595
-9.912655, 0.7698491, 0.2391725, 92.93229, 208.441
-9.912655, 0.5823491, 0.2391725, 92.93229, 223.2452
-10.11189, 0.5823491, 0.2217414, 76.82692, 223.4481
-10.11189, 0.7698491, 0.2217414, 76.82692, 208.6098
box_2_Parle-G(Clone) stack 129 Shelf_0 Rack_1_1_1
-9.52623, 0.274422, 0.2841088, 124.128, 246.8962
-9.7262, 0.274422, 0.2806183, 108.3719, 246.9473
-9.728561, 0.274422, 0.4158919, 110.4796, 244.9998
-9.528591, 0.274422, 0.4193824, 125.9608, 244.9505
-9.728561, 0.274422, 0.4158919, 110.4796, 244.9998
-9.728561, 0.01942197, 0.4158919, 110.4796, 264.6761
-9.528591, 0.01942197, 0.4193824, 125.9608, 264.6179
-9.528591, 0.274422, 0.4193824, 125.9608, 244.9505
-9.528591, 0.274422, 0.4193824, 125.9608, 244.9505
-9.528591, 0.01942197, 0.4193824, 125.9608, 264.6179
-9.52623, 0.01942196, 0.2841088, 124.128, 266.9116
-9.52623, 0.274422, 0.2841088, 124.128, 246.8962
-9.7262, 0.01942196, 0.2806184, 108.3719, 266.9719
-9.52623, 0.01942196, 0.2841088, 124.128, 266.9116
-9.528591, 0.01942197, 0.4193824, 125.9608, 264.6179
-9.728561, 0.01942197, 0.4158919, 110.4796, 264.6761
-9.7262, 0.274422, 0.2806183, 108.3719, 246.9473
-9.7262, 0.01942196, 0.2806184, 108.3719, 266.9719
-9.728561, 0.01942197, 0.4158919, 110.4796, 264.6761
-9.728561, 0.274422, 0.4158919, 110.4796, 244.9998
-9.52623, 0.274422, 0.2841088, 124.128, 246.8962
-9.52623, 0.01942196, 0.2841088, 124.128, 266.9116
-9.7262, 0.01942196, 0.2806184, 108.3719, 266.9719
-9.7262, 0.274422, 0.2806183, 108.3719, 246.9473
box_2_Parle-G(Clone) stack 129 Shelf_0 Rack_1_1_1
-9.520872, 0.5294219, 0.2931767, 124.6853, 226.7719
-9.719777, 0.5294219, 0.272271, 108.7329, 227.0233
-9.733919, 0.5294219, 0.406824, 109.9145, 225.4291
-9.535014, 0.5294219, 0.4277297, 125.5882, 225.1863
-9.733919, 0.5294219, 0.406824, 109.9145, 225.4291
-9.733919, 0.2744219, 0.406824, 109.9145, 245.1283
-9.535014, 0.2744219, 0.4277297, 125.5882, 244.8326
-9.535014, 0.5294219, 0.4277297, 125.5882, 225.1863
-9.535014, 0.5294219, 0.4277297, 125.5882, 225.1863
-9.535014, 0.2744219, 0.4277297, 125.5882, 244.8326
-9.520872, 0.2744219, 0.2931767, 124.6853, 246.7636
-9.520872, 0.5294219, 0.2931767, 124.6853, 226.7719
-9.719777, 0.2744219, 0.272271, 108.7329, 247.0698
-9.520872, 0.2744219, 0.2931767, 124.6853, 246.7636
-9.535014, 0.2744219, 0.4277297, 125.5882, 244.8326
-9.733919, 0.2744219, 0.406824, 109.9145, 245.1283
-9.719777, 0.5294219, 0.272271, 108.7329, 227.0233
-9.719777, 0.2744219, 0.272271, 108.7329, 247.0698
-9.733919, 0.2744219, 0.406824, 109.9145, 245.1283
-9.733919, 0.5294219, 0.406824, 109.9145, 225.4291
-9.520872, 0.5294219, 0.2931767, 124.6853, 226.7719
-9.520872, 0.2744219, 0.2931767, 124.6853, 246.7636
-9.719777, 0.2744219, 0.272271, 108.7329, 247.0698
-9.719777, 0.5294219, 0.272271, 108.7329, 227.0233
box_2_Parle-G(Clone) stack 129 Shelf_0 Rack_1_1_1
-9.525096, 0.784422, 0.2858844, 124.2439, 206.8487
-9.724974, 0.784422, 0.2789046, 108.4387, 206.9144
-9.729695, 0.784422, 0.4141163, 110.3625, 205.6636
-9.529818, 0.784422, 0.4210961, 125.8914, 205.6002
-9.729695, 0.784422, 0.4141163, 110.3625, 205.6636
-9.729695, 0.5294219, 0.4141163, 110.3625, 225.3443
-9.529818, 0.5294219, 0.4210962, 125.8914, 225.2632
-9.529818, 0.784422, 0.4210961, 125.8914, 205.6002
-9.529818, 0.784422, 0.4210961, 125.8914, 205.6002
-9.529818, 0.5294219, 0.4210962, 125.8914, 225.2632
-9.525096, 0.5294219, 0.2858845, 124.2439, 226.8595
-9.525096, 0.784422, 0.2858844, 124.2439, 206.8487
-9.724974, 0.5294219, 0.2789046, 108.4387, 226.9434
-9.525096, 0.5294219, 0.2858845, 124.2439, 226.8595
-9.529818, 0.5294219, 0.4210962, 125.8914, 225.2632
-9.729695, 0.5294219, 0.4141163, 110.3625, 225.3443
-9.724974, 0.784422, 0.2789046, 108.4387, 206.9144
-9.724974, 0.5294219, 0.2789046, 108.4387, 226.9434
-9.729695, 0.5294219, 0.4141163, 110.3625, 225.3443
-9.729695, 0.784422, 0.4141163, 110.3625, 205.6636
-9.525096, 0.784422, 0.2858844, 124.2439, 206.8487
-9.525096, 0.5294219, 0.2858845, 124.2439, 226.8595
-9.724974, 0.5294219, 0.2789046, 108.4387, 226.9434
-9.724974, 0.784422, 0.2789046, 108.4387, 206.9144
box_5_LMRR(Clone) stack 130 Shelf_0 Rack_1_1_1
-9.144822, 0.162368, 0.2028563, 153.1422, 256.9882
-9.344547, 0.162368, 0.2133235, 137.4389, 256.8196
-9.329673, 0.162368, 0.4971444, 142.2795, 252.4192
-9.129948, 0.162368, 0.4866772, 157.4213, 252.5758
-9.329673, 0.162368, 0.4971444, 142.2795, 252.4192
-9.329673, 0.019868, 0.4971444, 142.2795, 263.301
-9.129948, 0.019868, 0.4866772, 157.4213, 263.4721
-9.129948, 0.162368, 0.4866772, 157.4213, 252.5758
-9.129948, 0.162368, 0.4866772, 157.4213, 252.5758
-9.129948, 0.019868, 0.4866772, 157.4213, 263.4721
-9.144822, 0.019868, 0.2028564, 153.1422, 268.2935
-9.144822, 0.162368, 0.2028563, 153.1422, 256.9882
-9.344547, 0.019868, 0.2133235, 137.4389, 268.1092
-9.144822, 0.019868, 0.2028564, 153.1422, 268.2935
-9.129948, 0.019868, 0.4866772, 157.4213, 263.4721
-9.329673, 0.019868, 0.4971444, 142.2795, 263.301
-9.344547, 0.162368, 0.2133235, 137.4389, 256.8196
-9.344547, 0.019868, 0.2133235, 137.4389, 268.1092
-9.329673, 0.019868, 0.4971444, 142.2795, 263.301
-9.329673, 0.162368, 0.4971444, 142.2795, 252.4192
-9.144822, 0.162368, 0.2028563, 153.1422, 256.9882
-9.144822, 0.019868, 0.2028564, 153.1422, 268.2935
-9.344547, 0.019868, 0.2133235, 137.4389, 268.1092
-9.344547, 0.162368, 0.2133235, 137.4389, 256.8196
box_5_LMRR(Clone) stack 130 Shelf_0 Rack_1_1_1
-9.139743, 0.304868, 0.2061716, 153.583, 245.6344
-9.339712, 0.304868, 0.209662, 137.7725, 245.5834
-9.334752, 0.304868, 0.4938292, 141.8503, 241.5823
-9.134783, 0.304868, 0.4903387, 157.0903, 241.6297
-9.334752, 0.304868, 0.4938292, 141.8503, 241.5823
-9.334752, 0.162368, 0.4938292, 141.8503, 252.4687
-9.134783, 0.162368, 0.4903387, 157.0903, 252.521
-9.134783, 0.304868, 0.4903387, 157.0903, 241.6297
-9.134783, 0.304868, 0.4903387, 157.0903, 241.6297
-9.134783, 0.162368, 0.4903387, 157.0903, 252.521
-9.139743, 0.162368, 0.2061716, 153.583, 256.9348
-9.139743, 0.304868, 0.2061716, 153.583, 245.6344
-9.339712, 0.162368, 0.2096621, 137.7725, 256.8785
-9.139743, 0.162368, 0.2061716, 153.583, 256.9348
-9.134783, 0.162368, 0.4903387, 157.0903, 252.521
-9.334752, 0.162368, 0.4938292, 141.8503, 252.4687
-9.339712, 0.304868, 0.209662, 137.7725, 245.5834
-9.339712, 0.162368, 0.2096621, 137.7725, 256.8785
-9.334752, 0.162368, 0.4938292, 141.8503, 252.4687
-9.334752, 0.304868, 0.4938292, 141.8503, 241.5823
-9.139743, 0.304868, 0.2061716, 153.583, 245.6344
-9.139743, 0.162368, 0.2061716, 153.583, 256.9348
-9.339712, 0.162368, 0.2096621, 137.7725, 256.8785
-9.339712, 0.304868, 0.209662, 137.7725, 245.5834
box_5_LMRR(Clone) stack 130 Shelf_0 Rack_1_1_1
-9.127579, 0.447368, 0.215217, 154.6497, 234.2155
-9.327091, 0.447368, 0.2012657, 138.6605, 234.3986
-9.346916, 0.447368, 0.4847837, 140.8067, 230.8062
-9.147404, 0.447368, 0.498735, 156.2152, 230.6362
-9.346916, 0.447368, 0.4847837, 140.8067, 230.8062
-9.346916, 0.304868, 0.4847838, 140.8067, 241.7052
-9.147404, 0.304868, 0.498735, 156.2152, 241.5158
-9.147404, 0.447368, 0.498735, 156.2152, 230.6362
-9.147404, 0.447368, 0.498735, 156.2152, 230.6362
-9.147404, 0.304868, 0.498735, 156.2152, 241.5158
-9.127579, 0.3048679, 0.215217, 154.6497, 245.5023
-9.127579, 0.447368, 0.215217, 154.6497, 234.2155
-9.327091, 0.3048679, 0.2012657, 138.6605, 245.7063
-9.127579, 0.3048679, 0.215217, 154.6497, 245.5023
-9.147404, 0.304868, 0.498735, 156.2152, 241.5158
-9.346916, 0.304868, 0.4847838, 140.8067, 241.7052
-9.327091, 0.447368, 0.2012657, 138.6605, 234.3986
-9.327091, 0.3048679, 0.2012657, 138.6605, 245.7063
-9.346916, 0.304868, 0.4847838, 140.8067, 241.7052
-9.346916, 0.447368, 0.4847837, 140.8067, 230.8062
-9.127579, 0.447368, 0.215217, 154.6497, 234.2155
-9.127579, 0.3048679, 0.215217, 154.6497, 245.5023
-9.327091, 0.3048679, 0.2012657, 138.6605, 245.7063
-9.327091, 0.447368, 0.2012657, 138.6605, 234.3986
box_5_LMRR(Clone) stack 130 Shelf_0 Rack_1_1_1
-9.142268, 0.5898679, 0.2044918, 153.3635, 223.0534
-9.342146, 0.5898679, 0.2114717, 137.6041, 222.9722
-9.332227, 0.589868, 0.495509, 142.0641, 219.7914
-9.132349, 0.589868, 0.488529, 157.2572, 219.8668
-9.332227, 0.589868, 0.495509, 142.0641, 219.7914
-9.332227, 0.447368, 0.495509, 142.0641, 230.6754
-9.132349, 0.447368, 0.4885291, 157.2572, 230.7605
-9.132349, 0.589868, 0.488529, 157.2572, 219.8668
-9.132349, 0.589868, 0.488529, 157.2572, 219.8668
-9.132349, 0.447368, 0.4885291, 157.2572, 230.7605
-9.142268, 0.4473679, 0.2044918, 153.3635, 234.3562
-9.142268, 0.5898679, 0.2044918, 153.3635, 223.0534
-9.342146, 0.4473679, 0.2114717, 137.6041, 234.2646
-9.142268, 0.4473679, 0.2044918, 153.3635, 234.3562
-9.132349, 0.447368, 0.4885291, 157.2572, 230.7605
-9.332227, 0.447368, 0.495509, 142.0641, 230.6754
-9.342146, 0.5898679, 0.2114717, 137.6041, 222.9722
-9.342146, 0.4473679, 0.2114717, 137.6041, 234.2646
-9.332227, 0.447368, 0.495509, 142.0641, 230.6754
-9.332227, 0.589868, 0.495509, 142.0641, 219.7914
-9.142268, 0.5898679, 0.2044918, 153.3635, 223.0534
-9.142268, 0.4473679, 0.2044918, 153.3635, 234.3562
-9.342146, 0.4473679, 0.2114717, 137.6041, 234.2646
-9.342146, 0.5898679, 0.2114717, 137.6041, 222.9722
box_5_LMRR(Clone) stack 130 Shelf_0 Rack_1_1_1
-9.142268, 0.7323679, 0.2044918, 153.3635, 211.7506
-9.342146, 0.7323679, 0.2114717, 137.6041, 211.6798
-9.332227, 0.732368, 0.495509, 142.0641, 208.9073
-9.132349, 0.732368, 0.488529, 157.2572, 208.973
-9.332227, 0.732368, 0.495509, 142.0641, 208.9073
-9.332227, 0.5898679, 0.495509, 142.0641, 219.7914
-9.132349, 0.5898679, 0.4885291, 157.2572, 219.8668
-9.132349, 0.732368, 0.488529, 157.2572, 208.973
-9.132349, 0.732368, 0.488529, 157.2572, 208.973
-9.132349, 0.5898679, 0.4885291, 157.2572, 219.8668
-9.142268, 0.5898679, 0.2044918, 153.3635, 223.0534
-9.142268, 0.7323679, 0.2044918, 153.3635, 211.7506
-9.342146, 0.5898679, 0.2114717, 137.6041, 222.9722
-9.142268, 0.5898679, 0.2044918, 153.3635, 223.0534
-9.132349, 0.5898679, 0.4885291, 157.2572, 219.8668
-9.332227, 0.5898679, 0.495509, 142.0641, 219.7914
-9.342146, 0.7323679, 0.2114717, 137.6041, 211.6798
-9.342146, 0.5898679, 0.2114717, 137.6041, 222.9722
-9.332227, 0.5898679, 0.495509, 142.0641, 219.7914
-9.332227, 0.732368, 0.495509, 142.0641, 208.9073
-9.142268, 0.7323679, 0.2044918, 153.3635, 211.7506
-9.142268, 0.5898679, 0.2044918, 153.3635, 223.0534
-9.342146, 0.5898679, 0.2114717, 137.6041, 222.9722
-9.342146, 0.7323679, 0.2114717, 137.6041, 211.6798
box_5_LMRR(Clone) stack 131 Shelf_0 Rack_1_1_1
-8.74907, 0.162368, 0.2044918, 184.5512, 256.9618
-8.948948, 0.162368, 0.2114717, 168.763, 256.8494
-8.939029, 0.1623681, 0.495509, 172.0964, 252.4436
-8.739151, 0.1623681, 0.488529, 187.3162, 252.548
-8.939029, 0.1623681, 0.495509, 172.0964, 252.4436
-8.939029, 0.01986802, 0.495509, 172.0964, 263.3277
-8.739151, 0.01986802, 0.4885291, 187.3162, 263.4418
-8.739151, 0.1623681, 0.488529, 187.3162, 252.548
-8.739151, 0.1623681, 0.488529, 187.3162, 252.548
-8.739151, 0.01986802, 0.4885291, 187.3162, 263.4418
-8.74907, 0.01986799, 0.2044918, 184.5512, 268.2646
-8.74907, 0.162368, 0.2044918, 184.5512, 256.9618
-8.948948, 0.01986799, 0.2114717, 168.763, 268.1418
-8.74907, 0.01986799, 0.2044918, 184.5512, 268.2646
-8.739151, 0.01986802, 0.4885291, 187.3162, 263.4418
-8.939029, 0.01986802, 0.495509, 172.0964, 263.3277
-8.948948, 0.162368, 0.2114717, 168.763, 256.8494
-8.948948, 0.01986799, 0.2114717, 168.763, 268.1418
-8.939029, 0.01986802, 0.495509, 172.0964, 263.3277
-8.939029, 0.1623681, 0.495509, 172.0964, 252.4436
-8.74907, 0.162368, 0.2044918, 184.5512, 256.9618
-8.74907, 0.01986799, 0.2044918, 184.5512, 268.2646
-8.948948, 0.01986799, 0.2114717, 168.763, 268.1418
-8.948948, 0.162368, 0.2114717, 168.763, 256.8494
box_5_LMRR(Clone) stack 131 Shelf_0 Rack_1_1_1
-8.74907, 0.304868, 0.2044918, 184.5512, 245.659
-8.948948, 0.304868, 0.2114717, 168.763, 245.557
-8.939029, 0.304868, 0.495509, 172.0964, 241.5595
-8.739151, 0.304868, 0.488529, 187.3162, 241.6543
-8.939029, 0.304868, 0.495509, 172.0964, 241.5595
-8.939029, 0.162368, 0.495509, 172.0964, 252.4436
-8.739151, 0.162368, 0.4885291, 187.3162, 252.548
-8.739151, 0.304868, 0.488529, 187.3162, 241.6543
-8.739151, 0.304868, 0.488529, 187.3162, 241.6543
-8.739151, 0.162368, 0.4885291, 187.3162, 252.548
-8.74907, 0.162368, 0.2044918, 184.5512, 256.9619
-8.74907, 0.304868, 0.2044918, 184.5512, 245.659
-8.948948, 0.162368, 0.2114717, 168.763, 256.8494
-8.74907, 0.162368, 0.2044918, 184.5512, 256.9619
-8.739151, 0.162368, 0.4885291, 187.3162, 252.548
-8.939029, 0.162368, 0.495509, 172.0964, 252.4436
-8.948948, 0.304868, 0.2114717, 168.763, 245.557
-8.948948, 0.162368, 0.2114717, 168.763, 256.8494
-8.939029, 0.162368, 0.495509, 172.0964, 252.4436
-8.939029, 0.304868, 0.495509, 172.0964, 241.5595
-8.74907, 0.304868, 0.2044918, 184.5512, 245.659
-8.74907, 0.162368, 0.2044918, 184.5512, 256.9619
-8.948948, 0.162368, 0.2114717, 168.763, 256.8494
-8.948948, 0.304868, 0.2114717, 168.763, 245.557
box_1_Parle-G-GOLD(Clone) stack 132 Shelf_1 Rack_1_1_1
-8.733068, 1.376249, 0.2373341, 186.0546, 160.5682
-8.932307, 1.376249, 0.2547652, 170.4792, 160.5097
-8.914118, 1.376249, 0.4626667, 173.722, 159.8317
-8.714879, 1.376249, 0.4452356, 188.8898, 159.8872
-8.914118, 1.376249, 0.4626667, 173.722, 159.8317
-8.914118, 1.203749, 0.4626667, 173.722, 173.0625
-8.714879, 1.203749, 0.4452356, 188.8898, 173.1475
-8.714879, 1.376249, 0.4452356, 188.8898, 159.8872
-8.714879, 1.376249, 0.4452356, 188.8898, 159.8872
-8.714879, 1.203749, 0.4452356, 188.8898, 173.1475
-8.733068, 1.203749, 0.237334, 186.0546, 174.1914
-8.733068, 1.376249, 0.2373341, 186.0546, 160.5682
-8.932307, 1.203749, 0.2547652, 170.4792, 174.1017
-8.733068, 1.203749, 0.237334, 186.0546, 174.1914
-8.714879, 1.203749, 0.4452356, 188.8898, 173.1475
-8.914118, 1.203749, 0.4626667, 173.722, 173.0625
-8.932307, 1.376249, 0.2547652, 170.4792, 160.5097
-8.932307, 1.203749, 0.2547652, 170.4792, 174.1017
-8.914118, 1.203749, 0.4626667, 173.722, 173.0625
-8.914118, 1.376249, 0.4626667, 173.722, 159.8317
-8.733068, 1.376249, 0.2373341, 186.0546, 160.5682
-8.733068, 1.203749, 0.237334, 186.0546, 174.1914
-8.932307, 1.203749, 0.2547652, 170.4792, 174.1017
-8.932307, 1.376249, 0.2547652, 170.4792, 160.5097
box_1_Parle-G-GOLD(Clone) stack 132 Shelf_1 Rack_1_1_1
-8.713234, 1.548749, 0.256677, 187.7541, 146.9147
-8.912138, 1.548749, 0.2357713, 171.8986, 146.9475
-8.933952, 1.548749, 0.4433237, 172.0326, 146.6297
-8.735048, 1.548749, 0.4642295, 187.4672, 146.5986
-8.933952, 1.548749, 0.4433237, 172.0326, 146.6297
-8.933952, 1.376249, 0.4433237, 172.0326, 159.8933
-8.735048, 1.376249, 0.4642295, 187.4672, 159.8268
-8.735048, 1.548749, 0.4642295, 187.4672, 146.5986
-8.735048, 1.548749, 0.4642295, 187.4672, 146.5986
-8.735048, 1.376249, 0.4642295, 187.4672, 159.8268
-8.713234, 1.376249, 0.256677, 187.7541, 160.5033
-8.713234, 1.548749, 0.256677, 187.7541, 146.9147
-8.912138, 1.376249, 0.2357713, 171.8986, 160.5735
-8.713234, 1.376249, 0.256677, 187.7541, 160.5033
-8.735048, 1.376249, 0.4642295, 187.4672, 159.8268
-8.933952, 1.376249, 0.4433237, 172.0326, 159.8933
-8.912138, 1.548749, 0.2357713, 171.8986, 146.9475
-8.912138, 1.376249, 0.2357713, 171.8986, 160.5735
-8.933952, 1.376249, 0.4433237, 172.0326, 159.8933
-8.933952, 1.548749, 0.4433237, 172.0326, 146.6297
-8.713234, 1.548749, 0.256677, 187.7541, 146.9147
-8.713234, 1.376249, 0.256677, 187.7541, 160.5033
-8.912138, 1.376249, 0.2357713, 171.8986, 160.5735
-8.912138, 1.548749, 0.2357713, 171.8986, 146.9475
box_1_Parle-G-GOLD(Clone) stack 132 Shelf_1 Rack_1_1_1
-8.733068, 1.721249, 0.2373341, 186.0546, 133.3218
-8.932307, 1.721249, 0.2547652, 170.4792, 133.3257
-8.914118, 1.721249, 0.4626667, 173.722, 133.3702
-8.714879, 1.721249, 0.4452356, 188.8898, 133.3665
-8.914118, 1.721249, 0.4626667, 173.722, 133.3702
-8.914118, 1.548749, 0.4626667, 173.722, 146.601
-8.714879, 1.548749, 0.4452356, 188.8898, 146.6269
-8.714879, 1.721249, 0.4452356, 188.8898, 133.3665
-8.714879, 1.721249, 0.4452356, 188.8898, 133.3665
-8.714879, 1.548749, 0.4452356, 188.8898, 146.6269
-8.733068, 1.548749, 0.237334, 186.0546, 146.945
-8.733068, 1.721249, 0.2373341, 186.0546, 133.3218
-8.932307, 1.548749, 0.2547652, 170.4792, 146.9177
-8.733068, 1.548749, 0.237334, 186.0546, 146.945
-8.714879, 1.548749, 0.4452356, 188.8898, 146.6269
-8.914118, 1.548749, 0.4626667, 173.722, 146.601
-8.932307, 1.721249, 0.2547652, 170.4792, 133.3257
-8.932307, 1.548749, 0.2547652, 170.4792, 146.9177
-8.914118, 1.548749, 0.4626667, 173.722, 146.601
-8.914118, 1.721249, 0.4626667, 173.722, 133.3702
-8.733068, 1.721249, 0.2373341, 186.0546, 133.3218
-8.733068, 1.548749, 0.237334, 186.0546, 146.945
-8.932307, 1.548749, 0.2547652, 170.4792, 146.9177
-8.932307, 1.721249, 0.2547652, 170.4792, 133.3257
box_1_Parle-G-GOLD(Clone) stack 132 Shelf_1 Rack_1_1_1
-8.716558, 1.893749, 0.2528824, 187.4661, 119.7299
-8.916071, 1.893749, 0.2389311, 171.6164, 119.7018
-8.930629, 1.893749, 0.4471184, 172.3211, 120.1098
-8.731115, 1.893749, 0.4610697, 187.7476, 120.1364
-8.930629, 1.893749, 0.4471184, 172.3211, 120.1098
-8.930629, 1.721249, 0.4471184, 172.3211, 133.3669
-8.731115, 1.721249, 0.4610697, 187.7476, 133.3698
-8.731115, 1.893749, 0.4610697, 187.7476, 120.1364
-8.731115, 1.893749, 0.4610697, 187.7476, 120.1364
-8.731115, 1.721249, 0.4610697, 187.7476, 133.3698
-8.716558, 1.721249, 0.2528824, 187.4661, 133.3253
-8.716558, 1.893749, 0.2528824, 187.4661, 119.7299
-8.916071, 1.721249, 0.2389311, 171.6164, 133.3222
-8.716558, 1.721249, 0.2528824, 187.4661, 133.3253
-8.731115, 1.721249, 0.4610697, 187.7476, 133.3698
-8.930629, 1.721249, 0.4471184, 172.3211, 133.3669
-8.916071, 1.893749, 0.2389311, 171.6164, 119.7018
-8.916071, 1.721249, 0.2389311, 171.6164, 133.3222
-8.930629, 1.721249, 0.4471184, 172.3211, 133.3669
-8.930629, 1.893749, 0.4471184, 172.3211, 120.1098
-8.716558, 1.893749, 0.2528824, 187.4661, 119.7299
-8.716558, 1.721249, 0.2528824, 187.4661, 133.3253
-8.916071, 1.721249, 0.2389311, 171.6164, 133.3222
-8.916071, 1.893749, 0.2389311, 171.6164, 119.7018
box_1_Parle-G-GOLD(Clone) stack 132 Shelf_1 Rack_1_1_1
-8.720013, 2.066249, 0.249206, 187.1683, 106.1206
-8.91989, 2.066249, 0.2422261, 171.3445, 106.0941
-8.927174, 2.06625, 0.4507947, 172.6184, 106.8659
-8.727296, 2.06625, 0.4577746, 188.0188, 106.891
-8.927174, 2.06625, 0.4507947, 172.6184, 106.8659
-8.927174, 1.893749, 0.4507947, 172.6184, 120.1168
-8.727296, 1.893749, 0.4577746, 188.0188, 120.1301
-8.727296, 2.06625, 0.4577746, 188.0188, 106.891
-8.727296, 2.06625, 0.4577746, 188.0188, 106.891
-8.727296, 1.893749, 0.4577746, 188.0188, 120.1301
-8.720013, 1.893749, 0.249206, 187.1683, 119.7225
-8.720013, 2.066249, 0.249206, 187.1683, 106.1206
-8.91989, 1.893749, 0.2422261, 171.3445, 119.7085
-8.720013, 1.893749, 0.249206, 187.1683, 119.7225
-8.727296, 1.893749, 0.4577746, 188.0188, 120.1301
-8.927174, 1.893749, 0.4507947, 172.6184, 120.1168
-8.91989, 2.066249, 0.2422261, 171.3445, 106.0941
-8.91989, 1.893749, 0.2422261, 171.3445, 119.7085
-8.927174, 1.893749, 0.4507947, 172.6184, 120.1168
-8.927174, 2.06625, 0.4507947, 172.6184, 106.8659
-8.720013, 2.066249, 0.249206, 187.1683, 106.1206
-8.720013, 1.893749, 0.249206, 187.1683, 119.7225
-8.91989, 1.893749, 0.2422261, 171.3445, 119.7085
-8.91989, 2.066249, 0.2422261, 171.3445, 106.0941
box4_Fairever(Clone) stack 133 Shelf_1 Rack_1_1_1
-9.083028, 1.369311, 0.2429189, 158.4765, 161.097
-9.281933, 1.369311, 0.2220132, 142.5114, 161.1689
-9.30664, 1.369311, 0.4570819, 143.5466, 160.382
-9.107735, 1.369311, 0.4779876, 159.0301, 160.3143
-9.30664, 1.369311, 0.4570819, 143.5466, 160.382
-9.30664, 1.204311, 0.4570819, 143.5466, 173.0466
-9.107735, 1.204311, 0.4779876, 159.0301, 172.9451
-9.107735, 1.369311, 0.4779876, 159.0301, 160.3143
-9.107735, 1.369311, 0.4779876, 159.0301, 160.3143
-9.107735, 1.204311, 0.4779876, 159.0301, 172.9451
-9.083028, 1.204311, 0.2429189, 158.4765, 174.1183
-9.083028, 1.369311, 0.2429189, 158.4765, 161.097
-9.281933, 1.204311, 0.2220132, 142.5114, 174.2262
-9.083028, 1.204311, 0.2429189, 158.4765, 174.1183
-9.107735, 1.204311, 0.4779876, 159.0301, 172.9451
-9.30664, 1.204311, 0.4570819, 143.5466, 173.0466
-9.281933, 1.369311, 0.2220132, 142.5114, 161.1689
-9.281933, 1.204311, 0.2220132, 142.5114, 174.2262
-9.30664, 1.204311, 0.4570819, 143.5466, 173.0466
-9.30664, 1.369311, 0.4570819, 143.5466, 160.382
-9.083028, 1.369311, 0.2429189, 158.4765, 161.097
-9.083028, 1.204311, 0.2429189, 158.4765, 174.1183
-9.281933, 1.204311, 0.2220132, 142.5114, 174.2262
-9.281933, 1.369311, 0.2220132, 142.5114, 161.1689
box4_Fairever(Clone) stack 133 Shelf_1 Rack_1_1_1
-9.105515, 1.534311, 0.2235528, 156.4892, 148.1091
-9.304753, 1.534311, 0.2409839, 140.9534, 148.079
-9.284153, 1.534311, 0.476448, 145.5067, 147.686
-9.084914, 1.534311, 0.4590169, 160.5848, 147.7143
-9.284153, 1.534311, 0.476448, 145.5067, 147.686
-9.284153, 1.369311, 0.476448, 145.5067, 160.3193
-9.084914, 1.369311, 0.4590169, 160.5848, 160.3757
-9.084914, 1.534311, 0.4590169, 160.5848, 147.7143
-9.084914, 1.534311, 0.4590169, 160.5848, 147.7143
-9.084914, 1.369311, 0.4590169, 160.5848, 160.3757
-9.105515, 1.369311, 0.2235527, 156.4892, 161.1636
-9.105515, 1.534311, 0.2235528, 156.4892, 148.1091
-9.304753, 1.369311, 0.2409839, 140.9534, 161.1036
-9.105515, 1.369311, 0.2235527, 156.4892, 161.1636
-9.084914, 1.369311, 0.4590169, 160.5848, 160.3757
-9.284153, 1.369311, 0.476448, 145.5067, 160.3193
-9.304753, 1.534311, 0.2409839, 140.9534, 148.079
-9.304753, 1.369311, 0.2409839, 140.9534, 161.1036
-9.284153, 1.369311, 0.476448, 145.5067, 160.3193
-9.284153, 1.534311, 0.476448, 145.5067, 147.686
-9.105515, 1.534311, 0.2235528, 156.4892, 148.1091
-9.105515, 1.369311, 0.2235527, 156.4892, 161.1636
-9.304753, 1.369311, 0.2409839, 140.9534, 161.1036
-9.304753, 1.534311, 0.2409839, 140.9534, 148.079
box4_Fairever(Clone) stack 133 Shelf_1 Rack_1_1_1
-9.083028, 1.699311, 0.2429189, 158.4765, 135.0544
-9.281933, 1.699311, 0.2220132, 142.5114, 135.0545
-9.30664, 1.699311, 0.4570819, 143.5466, 135.0529
-9.107735, 1.699311, 0.4779876, 159.0301, 135.0527
-9.30664, 1.699311, 0.4570819, 143.5466, 135.0529
-9.30664, 1.534311, 0.4570819, 143.5466, 147.7174
-9.107735, 1.534311, 0.4779876, 159.0301, 147.6835
-9.107735, 1.699311, 0.4779876, 159.0301, 135.0527
-9.107735, 1.699311, 0.4779876, 159.0301, 135.0527
-9.107735, 1.534311, 0.4779876, 159.0301, 147.6835
-9.083028, 1.534311, 0.2429189, 158.4765, 148.0757
-9.083028, 1.699311, 0.2429189, 158.4765, 135.0544
-9.281933, 1.534311, 0.2220132, 142.5114, 148.1117
-9.083028, 1.534311, 0.2429189, 158.4765, 148.0757
-9.107735, 1.534311, 0.4779876, 159.0301, 147.6835
-9.30664, 1.534311, 0.4570819, 143.5466, 147.7174
-9.281933, 1.699311, 0.2220132, 142.5114, 135.0545
-9.281933, 1.534311, 0.2220132, 142.5114, 148.1117
-9.30664, 1.534311, 0.4570819, 143.5466, 147.7174
-9.30664, 1.699311, 0.4570819, 143.5466, 135.0529
-9.083028, 1.699311, 0.2429189, 158.4765, 135.0544
-9.083028, 1.534311, 0.2429189, 158.4765, 148.0757
-9.281933, 1.534311, 0.2220132, 142.5114, 148.1117
-9.281933, 1.699311, 0.2220132, 142.5114, 135.0545
box4_Fairever(Clone) stack 133 Shelf_1 Rack_1_1_1
-9.083028, 1.864311, 0.2429189, 158.4765, 122.0331
-9.281933, 1.864311, 0.2220132, 142.5114, 121.9973
-9.30664, 1.864311, 0.4570819, 143.5466, 122.3883
-9.107735, 1.864311, 0.4779876, 159.0301, 122.422
-9.30664, 1.864311, 0.4570819, 143.5466, 122.3883
-9.30664, 1.699311, 0.4570819, 143.5466, 135.0529
-9.107735, 1.699311, 0.4779876, 159.0301, 135.0527
-9.107735, 1.864311, 0.4779876, 159.0301, 122.422
-9.107735, 1.864311, 0.4779876, 159.0301, 122.422
-9.107735, 1.699311, 0.4779876, 159.0301, 135.0527
-9.083028, 1.699311, 0.2429189, 158.4765, 135.0544
-9.083028, 1.864311, 0.2429189, 158.4765, 122.0331
-9.281933, 1.699311, 0.2220132, 142.5114, 135.0545
-9.083028, 1.699311, 0.2429189, 158.4765, 135.0544
-9.107735, 1.699311, 0.4779876, 159.0301, 135.0527
-9.30664, 1.699311, 0.4570819, 143.5466, 135.0529
-9.281933, 1.864311, 0.2220132, 142.5114, 121.9973
-9.281933, 1.699311, 0.2220132, 142.5114, 135.0545
-9.30664, 1.699311, 0.4570819, 143.5466, 135.0529
-9.30664, 1.864311, 0.4570819, 143.5466, 122.3883
-9.083028, 1.864311, 0.2429189, 158.4765, 122.0331
-9.083028, 1.699311, 0.2429189, 158.4765, 135.0544
-9.281933, 1.699311, 0.2220132, 142.5114, 135.0545
-9.281933, 1.864311, 0.2220132, 142.5114, 121.9973
box4_Fairever(Clone) stack 133 Shelf_1 Rack_1_1_1
-9.083028, 2.029311, 0.2429189, 158.4765, 109.0117
-9.281933, 2.029311, 0.2220132, 142.5114, 108.9401
-9.30664, 2.029311, 0.4570819, 143.5466, 109.7237
-9.107735, 2.029311, 0.4779876, 159.0301, 109.7912
-9.30664, 2.029311, 0.4570819, 143.5466, 109.7237
-9.30664, 1.864311, 0.4570819, 143.5466, 122.3883
-9.107735, 1.864311, 0.4779876, 159.0301, 122.4219
-9.107735, 2.029311, 0.4779876, 159.0301, 109.7912
-9.107735, 2.029311, 0.4779876, 159.0301, 109.7912
-9.107735, 1.864311, 0.4779876, 159.0301, 122.4219
-9.083028, 1.864311, 0.2429189, 158.4765, 122.033
-9.083028, 2.029311, 0.2429189, 158.4765, 109.0117
-9.281933, 1.864311, 0.2220132, 142.5114, 121.9973
-9.083028, 1.864311, 0.2429189, 158.4765, 122.033
-9.107735, 1.864311, 0.4779876, 159.0301, 122.4219
-9.30664, 1.864311, 0.4570819, 143.5466, 122.3883
-9.281933, 2.029311, 0.2220132, 142.5114, 108.9401
-9.281933, 1.864311, 0.2220132, 142.5114, 121.9973
-9.30664, 1.864311, 0.4570819, 143.5466, 122.3883
-9.30664, 2.029311, 0.4570819, 143.5466, 109.7237
-9.083028, 2.029311, 0.2429189, 158.4765, 109.0117
-9.083028, 1.864311, 0.2429189, 158.4765, 122.033
-9.281933, 1.864311, 0.2220132, 142.5114, 121.9973
-9.281933, 2.029311, 0.2220132, 142.5114, 108.9401
box_1_Parle-G-GOLD(Clone) stack 134 Shelf_1 Rack_1_1_1
-9.487058, 1.376249, 0.2474137, 126.6587, 160.5344
-9.687027, 1.376249, 0.2439232, 110.8277, 160.5461
-9.690669, 1.376249, 0.4525871, 113.998, 159.8638
-9.4907, 1.376249, 0.4560776, 129.4049, 159.8527
-9.690669, 1.376249, 0.4525871, 113.998, 159.8638
-9.690669, 1.203749, 0.4525871, 113.998, 173.1116
-9.4907, 1.203749, 0.4560776, 129.4049, 173.0946
-9.4907, 1.376249, 0.4560776, 129.4049, 159.8527
-9.4907, 1.376249, 0.4560776, 129.4049, 159.8527
-9.4907, 1.203749, 0.4560776, 129.4049, 173.0946
-9.487058, 1.203749, 0.2474137, 126.6587, 174.1395
-9.487058, 1.376249, 0.2474137, 126.6587, 160.5344
-9.687027, 1.203749, 0.2439232, 110.8277, 174.1575
-9.487058, 1.203749, 0.2474137, 126.6587, 174.1395
-9.4907, 1.203749, 0.4560776, 129.4049, 173.0946
-9.690669, 1.203749, 0.4525871, 113.998, 173.1116
-9.687027, 1.376249, 0.2439232, 110.8277, 160.5461
-9.687027, 1.203749, 0.2439232, 110.8277, 174.1575
-9.690669, 1.203749, 0.4525871, 113.998, 173.1116
-9.690669, 1.376249, 0.4525871, 113.998, 159.8638
-9.487058, 1.376249, 0.2474137, 126.6587, 160.5344
-9.487058, 1.203749, 0.2474137, 126.6587, 174.1395
-9.687027, 1.203749, 0.2439232, 110.8277, 174.1575
-9.687027, 1.376249, 0.2439232, 110.8277, 160.5461
box_1_Parle-G-GOLD(Clone) stack 134 Shelf_1 Rack_1_1_1
-9.4907, 1.548749, 0.2439232, 126.3192, 146.9347
-9.690669, 1.548749, 0.2474137, 110.5997, 146.9292
-9.687027, 1.548749, 0.4560776, 114.3339, 146.6107
-9.487058, 1.548749, 0.4525871, 129.6352, 146.6159
-9.687027, 1.548749, 0.4560776, 114.3339, 146.6107
-9.687027, 1.376249, 0.4560776, 114.3339, 159.8527
-9.487058, 1.376249, 0.4525871, 129.6352, 159.8638
-9.487058, 1.548749, 0.4525871, 129.6352, 146.6159
-9.487058, 1.548749, 0.4525871, 129.6352, 146.6159
-9.487058, 1.376249, 0.4525871, 129.6352, 159.8638
-9.4907, 1.376249, 0.2439232, 126.3192, 160.5461
-9.4907, 1.548749, 0.2439232, 126.3192, 146.9347
-9.690669, 1.376249, 0.2474137, 110.5997, 160.5344
-9.4907, 1.376249, 0.2439232, 126.3192, 160.5461
-9.487058, 1.376249, 0.4525871, 129.6352, 159.8638
-9.687027, 1.376249, 0.4560776, 114.3339, 159.8527
-9.690669, 1.548749, 0.2474137, 110.5997, 146.9292
-9.690669, 1.376249, 0.2474137, 110.5997, 160.5344
-9.687027, 1.376249, 0.4560776, 114.3339, 159.8527
-9.687027, 1.548749, 0.4560776, 114.3339, 146.6107
-9.4907, 1.548749, 0.2439232, 126.3192, 146.9347
-9.4907, 1.376249, 0.2439232, 126.3192, 160.5461
-9.690669, 1.376249, 0.2474137, 110.5997, 160.5344
-9.690669, 1.548749, 0.2474137, 110.5997, 146.9292
box_1_Parle-G-GOLD(Clone) stack 134 Shelf_1 Rack_1_1_1
-9.4907, 1.721249, 0.2439232, 126.3192, 133.3233
-9.690669, 1.721249, 0.2474137, 110.5997, 133.3241
-9.687027, 1.721249, 0.4560776, 114.3339, 133.3688
-9.487058, 1.721249, 0.4525871, 129.6352, 133.3681
-9.687027, 1.721249, 0.4560776, 114.3339, 133.3688
-9.687027, 1.548749, 0.4560776, 114.3339, 146.6107
-9.487058, 1.548749, 0.4525871, 129.6352, 146.6159
-9.487058, 1.721249, 0.4525871, 129.6352, 133.3681
-9.487058, 1.721249, 0.4525871, 129.6352, 133.3681
-9.487058, 1.548749, 0.4525871, 129.6352, 146.6159
-9.4907, 1.548749, 0.2439232, 126.3192, 146.9347
-9.4907, 1.721249, 0.2439232, 126.3192, 133.3233
-9.690669, 1.548749, 0.2474137, 110.5997, 146.9292
-9.4907, 1.548749, 0.2439232, 126.3192, 146.9347
-9.487058, 1.548749, 0.4525871, 129.6352, 146.6159
-9.687027, 1.548749, 0.4560776, 114.3339, 146.6107
-9.690669, 1.721249, 0.2474137, 110.5997, 133.3241
-9.690669, 1.548749, 0.2474137, 110.5997, 146.9292
-9.687027, 1.548749, 0.4560776, 114.3339, 146.6107
-9.687027, 1.721249, 0.4560776, 114.3339, 133.3688
-9.4907, 1.721249, 0.2439232, 126.3192, 133.3233
-9.4907, 1.548749, 0.2439232, 126.3192, 146.9347
-9.690669, 1.548749, 0.2474137, 110.5997, 146.9292
-9.690669, 1.721249, 0.2474137, 110.5997, 133.3241
box_2_Parle-G(Clone) stack 135 Shelf_1 Rack_1_1_1
-9.864228, 1.459016, 0.2841088, 97.59795, 153.9153
-10.0642, 1.459016, 0.2806183, 81.82969, 153.924
-10.06656, 1.459016, 0.4158919, 84.3991, 153.5947
-9.86659, 1.459016, 0.4193824, 99.89203, 153.5864
-10.06656, 1.459016, 0.4158919, 84.3991, 153.5947
-10.06656, 1.204015, 0.4158919, 84.3991, 173.271
-9.86659, 1.204015, 0.4193824, 99.89203, 173.2538
-9.86659, 1.459016, 0.4193824, 99.89203, 153.5864
-9.86659, 1.459016, 0.4193824, 99.89203, 153.5864
-9.86659, 1.204015, 0.4193824, 99.89203, 173.2538
-9.864228, 1.204015, 0.2841088, 97.59795, 173.9307
-9.864228, 1.459016, 0.2841088, 97.59795, 153.9153
-10.0642, 1.204015, 0.2806184, 81.82969, 173.9485
-9.864228, 1.204015, 0.2841088, 97.59795, 173.9307
-9.86659, 1.204015, 0.4193824, 99.89203, 173.2538
-10.06656, 1.204015, 0.4158919, 84.3991, 173.271
-10.0642, 1.459016, 0.2806183, 81.82969, 153.924
-10.0642, 1.204015, 0.2806184, 81.82969, 173.9485
-10.06656, 1.204015, 0.4158919, 84.3991, 173.271
-10.06656, 1.459016, 0.4158919, 84.3991, 153.5947
-9.864228, 1.459016, 0.2841088, 97.59795, 153.9153
-9.864228, 1.204015, 0.2841088, 97.59795, 173.9307
-10.0642, 1.204015, 0.2806184, 81.82969, 173.9485
-10.0642, 1.459016, 0.2806183, 81.82969, 153.924
box_2_Parle-G(Clone) stack 135 Shelf_1 Rack_1_1_1
-9.865394, 1.714015, 0.2823533, 97.47371, 133.8997
-10.06539, 1.714015, 0.2823533, 81.77167, 133.8997
-10.06539, 1.714015, 0.4176474, 84.5241, 133.9188
-9.865394, 1.714015, 0.4176474, 99.95299, 133.9188
-10.06539, 1.714015, 0.4176474, 84.5241, 133.9188
-10.06539, 1.459015, 0.4176475, 84.5241, 153.5905
-9.865394, 1.459015, 0.4176475, 99.95299, 153.5905
-9.865394, 1.714015, 0.4176474, 99.95299, 133.9188
-9.865394, 1.714015, 0.4176474, 99.95299, 133.9188
-9.865394, 1.459015, 0.4176475, 99.95299, 153.5905
-9.865394, 1.459015, 0.2823533, 97.47371, 153.9197
-9.865394, 1.714015, 0.2823533, 97.47371, 133.8997
-10.06539, 1.459015, 0.2823533, 81.77167, 153.9197
-9.865394, 1.459015, 0.2823533, 97.47371, 153.9197
-9.865394, 1.459015, 0.4176475, 99.95299, 153.5905
-10.06539, 1.459015, 0.4176475, 84.5241, 153.5905
-10.06539, 1.714015, 0.2823533, 81.77167, 133.8997
-10.06539, 1.459015, 0.2823533, 81.77167, 153.9197
-10.06539, 1.459015, 0.4176475, 84.5241, 153.5905
-10.06539, 1.714015, 0.4176474, 84.5241, 133.9188
-9.865394, 1.714015, 0.2823533, 97.47371, 133.8997
-9.865394, 1.459015, 0.2823533, 97.47371, 153.9197
-10.06539, 1.459015, 0.2823533, 81.77167, 153.9197
-10.06539, 1.714015, 0.2823533, 81.77167, 133.8997
box_2_Parle-G(Clone) stack 135 Shelf_1 Rack_1_1_1
-9.867816, 1.969016, 0.2789046, 97.2191, 113.8701
-10.06769, 1.969016, 0.2858844, 81.66431, 113.8894
-10.06297, 1.969016, 0.4210961, 84.77979, 114.2562
-9.863094, 1.969016, 0.4141163, 100.0668, 114.2376
-10.06297, 1.969016, 0.4210961, 84.77979, 114.2562
-10.06297, 1.714015, 0.4210962, 84.77979, 133.9193
-9.863094, 1.714015, 0.4141163, 100.0668, 133.9183
-9.863094, 1.969016, 0.4141163, 100.0668, 114.2376
-9.863094, 1.969016, 0.4141163, 100.0668, 114.2376
-9.863094, 1.714015, 0.4141163, 100.0668, 133.9183
-9.867816, 1.714015, 0.2789046, 97.2191, 133.8992
-9.867816, 1.969016, 0.2789046, 97.2191, 113.8701
-10.06769, 1.714015, 0.2858845, 81.66431, 133.9002
-9.867816, 1.714015, 0.2789046, 97.2191, 133.8992
-9.863094, 1.714015, 0.4141163, 100.0668, 133.9183
-10.06297, 1.714015, 0.4210962, 84.77979, 133.9193
-10.06769, 1.969016, 0.2858844, 81.66431, 113.8894
-10.06769, 1.714015, 0.2858845, 81.66431, 133.9002
-10.06297, 1.714015, 0.4210962, 84.77979, 133.9193
-10.06297, 1.969016, 0.4210961, 84.77979, 114.2562
-9.867816, 1.969016, 0.2789046, 97.2191, 113.8701
-9.867816, 1.714015, 0.2789046, 97.2191, 133.8992
-10.06769, 1.714015, 0.2858845, 81.66431, 133.9002
-10.06769, 1.969016, 0.2858844, 81.66431, 113.8894
box_3_Hareli(Clone) stack 136 Shelf_1 Rack_1_1_1
-10.2529, 1.353857, 0.2491345, 66.29569, 162.2943
-10.45214, 1.353857, 0.2317034, 50.15028, 162.3569
-10.47131, 1.353857, 0.4508663, 54.00436, 161.5893
-10.27207, 1.353857, 0.4682974, 69.68921, 161.5301
-10.47131, 1.353857, 0.4508663, 54.00436, 161.5893
-10.47131, 1.203857, 0.4508663, 54.00436, 173.1117
-10.27207, 1.203857, 0.4682974, 69.68921, 173.0269
-10.27207, 1.353857, 0.4682974, 69.68921, 161.5301
-10.27207, 1.353857, 0.4682974, 69.68921, 161.5301
-10.27207, 1.203857, 0.4682974, 69.68921, 173.0269
-10.2529, 1.203857, 0.2491345, 66.29569, 174.1221
-10.2529, 1.353857, 0.2491345, 66.29569, 162.2943
-10.45214, 1.203857, 0.2317034, 50.15028, 174.212
-10.2529, 1.203857, 0.2491345, 66.29569, 174.1221
-10.27207, 1.203857, 0.4682974, 69.68921, 173.0269
-10.47131, 1.203857, 0.4508663, 54.00436, 173.1117
-10.45214, 1.353857, 0.2317034, 50.15028, 162.3569
-10.45214, 1.203857, 0.2317034, 50.15028, 174.212
-10.47131, 1.203857, 0.4508663, 54.00436, 173.1117
-10.47131, 1.353857, 0.4508663, 54.00436, 161.5893
-10.2529, 1.353857, 0.2491345, 66.29569, 162.2943
-10.2529, 1.203857, 0.2491345, 66.29569, 174.1221
-10.45214, 1.203857, 0.2317034, 50.15028, 174.212
-10.45214, 1.353857, 0.2317034, 50.15028, 162.3569
box_3_Hareli(Clone) stack 136 Shelf_1 Rack_1_1_1
-10.26404, 1.503857, 0.2382718, 65.16765, 150.4885
-10.46401, 1.503857, 0.2417623, 49.46438, 150.4814
-10.46017, 1.503857, 0.4617289, 55.11729, 150.046
-10.2602, 1.503857, 0.4582384, 70.38121, 150.0527
-10.46017, 1.503857, 0.4617289, 55.11729, 150.046
-10.46017, 1.353857, 0.4617289, 55.11729, 161.5524
-10.2602, 1.353857, 0.4582384, 70.38121, 161.5642
-10.2602, 1.503857, 0.4582384, 70.38121, 150.0527
-10.2602, 1.503857, 0.4582384, 70.38121, 150.0527
-10.2602, 1.353857, 0.4582384, 70.38121, 161.5642
-10.26404, 1.353857, 0.2382719, 65.16765, 162.3333
-10.26404, 1.503857, 0.2382718, 65.16765, 150.4885
-10.46401, 1.353857, 0.2417624, 49.46438, 162.3207
-10.26404, 1.353857, 0.2382719, 65.16765, 162.3333
-10.2602, 1.353857, 0.4582384, 70.38121, 161.5642
-10.46017, 1.353857, 0.4617289, 55.11729, 161.5524
-10.46401, 1.503857, 0.2417623, 49.46438, 150.4814
-10.46401, 1.353857, 0.2417624, 49.46438, 162.3207
-10.46017, 1.353857, 0.4617289, 55.11729, 161.5524
-10.46017, 1.503857, 0.4617289, 55.11729, 150.046
-10.26404, 1.503857, 0.2382718, 65.16765, 150.4885
-10.26404, 1.353857, 0.2382719, 65.16765, 162.3333
-10.46401, 1.353857, 0.2417624, 49.46438, 162.3207
-10.46401, 1.503857, 0.2417623, 49.46438, 150.4814
box_3_Hareli(Clone) stack 136 Shelf_1 Rack_1_1_1
-10.27207, 1.653857, 0.2317034, 64.3815, 138.6468
-10.47131, 1.653857, 0.2491345, 49.07328, 138.6385
-10.45214, 1.653857, 0.4682974, 55.88811, 138.5366
-10.2529, 1.653857, 0.4508663, 70.78197, 138.5445
-10.45214, 1.653857, 0.4682974, 55.88811, 138.5366
-10.45214, 1.503857, 0.4682974, 55.88811, 150.0334
-10.2529, 1.503857, 0.4508663, 70.78197, 150.0669
-10.2529, 1.653857, 0.4508663, 70.78197, 138.5445
-10.2529, 1.653857, 0.4508663, 70.78197, 138.5445
-10.2529, 1.503857, 0.4508663, 70.78197, 150.0669
-10.27207, 1.503857, 0.2317034, 64.3815, 150.5019
-10.27207, 1.653857, 0.2317034, 64.3815, 138.6468
-10.47131, 1.503857, 0.2491345, 49.07328, 150.4664
-10.27207, 1.503857, 0.2317034, 64.3815, 150.5019
-10.2529, 1.503857, 0.4508663, 70.78197, 150.0669
-10.45214, 1.503857, 0.4682974, 55.88811, 150.0334
-10.47131, 1.653857, 0.2491345, 49.07328, 138.6385
-10.47131, 1.503857, 0.2491345, 49.07328, 150.4664
-10.45214, 1.503857, 0.4682974, 55.88811, 150.0334
-10.45214, 1.653857, 0.4682974, 55.88811, 138.5366
-10.27207, 1.653857, 0.2317034, 64.3815, 138.6468
-10.27207, 1.503857, 0.2317034, 64.3815, 150.5019
-10.47131, 1.503857, 0.2491345, 49.07328, 150.4664
-10.47131, 1.653857, 0.2491345, 49.07328, 138.6385
box_5_LMRR(Clone) stack 138 Shelf_2 Rack_1_1_1
-9.185777, 2.531555, 0.2044918, 149.9125, 69.04276
-9.385654, 2.531555, 0.2114717, 134.1563, 69.10355
-9.375735, 2.531555, 0.495509, 138.741, 71.48622
-9.175858, 2.531555, 0.488529, 153.9311, 71.42973
-9.375735, 2.531555, 0.495509, 138.741, 71.48622
-9.375735, 2.389055, 0.495509, 138.741, 82.37032
-9.175858, 2.389055, 0.4885291, 153.9311, 82.32352
-9.175858, 2.531555, 0.488529, 153.9311, 71.42973
-9.175858, 2.531555, 0.488529, 153.9311, 71.42973
-9.175858, 2.389055, 0.4885291, 153.9311, 82.32352
-9.185777, 2.389055, 0.2044918, 149.9125, 80.34557
-9.185777, 2.531555, 0.2044918, 149.9125, 69.04276
-9.385654, 2.389055, 0.2114717, 134.1563, 80.39597
-9.185777, 2.389055, 0.2044918, 149.9125, 80.34557
-9.175858, 2.389055, 0.4885291, 153.9311, 82.32352
-9.375735, 2.389055, 0.495509, 138.741, 82.37032
-9.385654, 2.531555, 0.2114717, 134.1563, 69.10355
-9.385654, 2.389055, 0.2114717, 134.1563, 80.39597
-9.375735, 2.389055, 0.495509, 138.741, 82.37032
-9.375735, 2.531555, 0.495509, 138.741, 71.48622
-9.185777, 2.531555, 0.2044918, 149.9125, 69.04276
-9.185777, 2.389055, 0.2044918, 149.9125, 80.34557
-9.385654, 2.389055, 0.2114717, 134.1563, 80.39597
-9.385654, 2.531555, 0.2114717, 134.1563, 69.10355
box_5_LMRR(Clone) stack 138 Shelf_2 Rack_1_1_1
-9.180756, 2.674055, 0.2078952, 150.3511, 57.77469
-9.380756, 2.674055, 0.2078952, 134.4946, 57.77469
-9.380756, 2.674055, 0.4921055, 138.3134, 60.56989
-9.180756, 2.674055, 0.4921055, 153.596, 60.56989
-9.380756, 2.674055, 0.4921055, 138.3134, 60.56989
-9.380756, 2.531555, 0.4921056, 138.3134, 71.45871
-9.180756, 2.531555, 0.4921056, 153.596, 71.45871
-9.180756, 2.674055, 0.4921055, 153.596, 60.56989
-9.180756, 2.674055, 0.4921055, 153.596, 60.56989
-9.180756, 2.531555, 0.4921056, 153.596, 71.45871
-9.180756, 2.531555, 0.2078952, 150.3511, 69.07242
-9.180756, 2.674055, 0.2078952, 150.3511, 57.77469
-9.380756, 2.531555, 0.2078952, 134.4946, 69.07242
-9.180756, 2.531555, 0.2078952, 150.3511, 69.07242
-9.180756, 2.531555, 0.4921056, 153.596, 71.45871
-9.380756, 2.531555, 0.4921056, 138.3134, 71.45871
-9.380756, 2.674055, 0.2078952, 134.4946, 57.77469
-9.380756, 2.531555, 0.2078952, 134.4946, 69.07242
-9.380756, 2.531555, 0.4921056, 138.3134, 71.45871
-9.380756, 2.674055, 0.4921055, 138.3134, 60.56989
-9.180756, 2.674055, 0.2078952, 150.3511, 57.77469
-9.180756, 2.531555, 0.2078952, 150.3511, 69.07242
-9.380756, 2.531555, 0.2078952, 134.4946, 69.07242
-9.380756, 2.674055, 0.2078952, 134.4946, 57.77469
box_8_lizol(Clone) stack 139 Shelf_2 Rack_1_1_1
-9.561111, 2.565368, 0.2319989, 120.576, 66.60945
-9.760838, 2.565368, 0.2215317, 104.6049, 66.51503
-9.773754, 2.565368, 0.4680019, 107.8778, 68.67131
-9.574028, 2.565368, 0.4784691, 123.3424, 68.75989
-9.773754, 2.565368, 0.4680019, 107.8778, 68.67131
-9.773754, 2.389118, 0.4680019, 107.8778, 82.18053
-9.574028, 2.389118, 0.4784691, 123.3424, 82.25104
-9.574028, 2.565368, 0.4784691, 123.3424, 68.75989
-9.574028, 2.565368, 0.4784691, 123.3424, 68.75989
-9.574028, 2.389118, 0.4784691, 123.3424, 82.25104
-9.561111, 2.389118, 0.2319989, 120.576, 80.53859
-9.561111, 2.565368, 0.2319989, 120.576, 66.60945
-9.760838, 2.389118, 0.2215317, 104.6049, 80.46341
-9.561111, 2.389118, 0.2319989, 120.576, 80.53859
-9.574028, 2.389118, 0.4784691, 123.3424, 82.25104
-9.773754, 2.389118, 0.4680019, 107.8778, 82.18053
-9.760838, 2.565368, 0.2215317, 104.6049, 66.51503
-9.760838, 2.389118, 0.2215317, 104.6049, 80.46341
-9.773754, 2.389118, 0.4680019, 107.8778, 82.18053
-9.773754, 2.565368, 0.4680019, 107.8778, 68.67131
-9.561111, 2.565368, 0.2319989, 120.576, 66.60945
-9.561111, 2.389118, 0.2319989, 120.576, 80.53859
-9.760838, 2.389118, 0.2215317, 104.6049, 80.46341
-9.760838, 2.565368, 0.2215317, 104.6049, 66.51503
box_8_lizol(Clone) stack 139 Shelf_2 Rack_1_1_1
-9.58088, 2.741618, 0.2168193, 118.7713, 52.5154
-9.779784, 2.741618, 0.237725, 103.3972, 52.74236
-9.753985, 2.741618, 0.4831815, 109.6458, 55.31665
-9.555081, 2.741618, 0.4622758, 124.5542, 55.10368
-9.753985, 2.741618, 0.4831815, 109.6458, 55.31665
-9.753985, 2.565368, 0.4831815, 109.6458, 68.7997
-9.555081, 2.565368, 0.4622758, 124.5542, 68.62276
-9.555081, 2.741618, 0.4622758, 124.5542, 55.10368
-9.555081, 2.741618, 0.4622758, 124.5542, 55.10368
-9.555081, 2.565368, 0.4622758, 124.5542, 68.62276
-9.58088, 2.565368, 0.2168193, 118.7713, 66.47241
-9.58088, 2.741618, 0.2168193, 118.7713, 52.5154
-9.779784, 2.565368, 0.237725, 103.3972, 66.661
-9.58088, 2.565368, 0.2168193, 118.7713, 66.47241
-9.555081, 2.565368, 0.4622758, 124.5542, 68.62276
-9.753985, 2.565368, 0.4831815, 109.6458, 68.7997
-9.779784, 2.741618, 0.237725, 103.3972, 52.74236
-9.779784, 2.565368, 0.237725, 103.3972, 66.661
-9.753985, 2.565368, 0.4831815, 109.6458, 68.7997
-9.753985, 2.741618, 0.4831815, 109.6458, 55.31665
-9.58088, 2.741618, 0.2168193, 118.7713, 52.5154
-9.58088, 2.565368, 0.2168193, 118.7713, 66.47241
-9.779784, 2.565368, 0.237725, 103.3972, 66.661
-9.779784, 2.741618, 0.237725, 103.3972, 52.74236
box_8_lizol(Clone) stack 139 Shelf_2 Rack_1_1_1
-9.559068, 2.917868, 0.2338724, 120.767, 38.7749
-9.758581, 2.917868, 0.2199211, 104.7547, 38.59781
-9.775798, 2.917868, 0.4661284, 107.6895, 41.63057
-9.576284, 2.917868, 0.4800797, 123.1937, 41.79674
-9.775798, 2.917868, 0.4661284, 107.6895, 41.63057
-9.775798, 2.741618, 0.4661284, 107.6895, 55.14302
-9.576284, 2.741618, 0.4800797, 123.1937, 55.28513
-9.576284, 2.917868, 0.4800797, 123.1937, 41.79674
-9.576284, 2.917868, 0.4800797, 123.1937, 41.79674
-9.576284, 2.741618, 0.4800797, 123.1937, 55.28513
-9.559068, 2.741618, 0.2338724, 120.767, 52.70061
-9.559068, 2.917868, 0.2338724, 120.767, 38.7749
-9.758581, 2.741618, 0.2199211, 104.7547, 52.54915
-9.559068, 2.741618, 0.2338724, 120.767, 52.70061
-9.576284, 2.741618, 0.4800797, 123.1937, 55.28513
-9.775798, 2.741618, 0.4661284, 107.6895, 55.14302
-9.758581, 2.917868, 0.2199211, 104.7547, 38.59781
-9.758581, 2.741618, 0.2199211, 104.7547, 52.54915
-9.775798, 2.741618, 0.4661284, 107.6895, 55.14302
-9.775798, 2.917868, 0.4661284, 107.6895, 41.63057
-9.559068, 2.917868, 0.2338724, 120.767, 38.7749
-9.559068, 2.741618, 0.2338724, 120.767, 52.70061
-9.758581, 2.741618, 0.2199211, 104.7547, 52.54915
-9.758581, 2.917868, 0.2199211, 104.7547, 38.59781
box_8_lizol(Clone) stack 139 Shelf_2 Rack_1_1_1
-9.58088, 3.094118, 0.2168193, 118.7713, 24.6013
-9.779784, 3.094118, 0.237725, 103.3972, 24.90509
-9.753985, 3.094118, 0.4831815, 109.6458, 28.35056
-9.555081, 3.094118, 0.4622758, 124.5542, 28.06554
-9.753985, 3.094118, 0.4831815, 109.6458, 28.35056
-9.753985, 2.917868, 0.4831815, 109.6458, 41.83359
-9.555081, 2.917868, 0.4622758, 124.5542, 41.58461
-9.555081, 3.094118, 0.4622758, 124.5542, 28.06554
-9.555081, 3.094118, 0.4622758, 124.5542, 28.06554
-9.555081, 2.917868, 0.4622758, 124.5542, 41.58461
-9.58088, 2.917868, 0.2168193, 118.7713, 38.55835
-9.58088, 3.094118, 0.2168193, 118.7713, 24.6013
-9.779784, 2.917868, 0.237725, 103.3972, 38.8237
-9.58088, 2.917868, 0.2168193, 118.7713, 38.55835
-9.555081, 2.917868, 0.4622758, 124.5542, 41.58461
-9.753985, 2.917868, 0.4831815, 109.6458, 41.83359
-9.779784, 3.094118, 0.237725, 103.3972, 24.90509
-9.779784, 2.917868, 0.237725, 103.3972, 38.8237
-9.753985, 2.917868, 0.4831815, 109.6458, 41.83359
-9.753985, 3.094118, 0.4831815, 109.6458, 28.35056
-9.58088, 3.094118, 0.2168193, 118.7713, 24.6013
-9.58088, 2.917868, 0.2168193, 118.7713, 38.55835
-9.779784, 2.917868, 0.237725, 103.3972, 38.8237
-9.779784, 3.094118, 0.237725, 103.3972, 24.90509
box_3_Hareli(Clone) stack 140 Shelf_2 Rack_1_1_1
-9.956803, 2.538451, 0.2332926, 89.32995, 68.74805
-10.15632, 2.538451, 0.2472439, 73.87029, 68.86955
-10.14097, 2.538451, 0.4667081, 79.70509, 70.72386
-9.941457, 2.538451, 0.4527568, 94.74091, 70.60909
-10.14097, 2.538451, 0.4667081, 79.70509, 70.72386
-10.14097, 2.388451, 0.4667081, 79.70509, 82.22295
-9.941457, 2.388451, 0.4527568, 94.74091, 82.12871
-9.941457, 2.538451, 0.4527568, 94.74091, 70.60909
-9.941457, 2.538451, 0.4527568, 94.74091, 70.60909
-9.941457, 2.388451, 0.4527568, 94.74091, 82.12871
-9.956803, 2.388451, 0.2332927, 89.32995, 80.60062
-9.956803, 2.538451, 0.2332926, 89.32995, 68.74805
-10.15632, 2.388451, 0.247244, 73.87029, 80.70038
-9.956803, 2.388451, 0.2332927, 89.32995, 80.60062
-9.941457, 2.388451, 0.4527568, 94.74091, 82.12871
-10.14097, 2.388451, 0.4667081, 79.70509, 82.22295
-10.15632, 2.538451, 0.2472439, 73.87029, 68.86955
-10.15632, 2.388451, 0.247244, 73.87029, 80.70038
-10.14097, 2.388451, 0.4667081, 79.70509, 82.22295
-10.14097, 2.538451, 0.4667081, 79.70509, 70.72386
-9.956803, 2.538451, 0.2332926, 89.32995, 68.74805
-9.956803, 2.388451, 0.2332927, 89.32995, 80.60062
-10.15632, 2.388451, 0.247244, 73.87029, 80.70038
-10.15632, 2.538451, 0.2472439, 73.87029, 68.86955
box_3_Hareli(Clone) stack 140 Shelf_2 Rack_1_1_1
-9.950821, 2.688451, 0.2382718, 89.90106, 56.94664
-10.15079, 2.688451, 0.2417623, 74.18651, 56.98248
-10.14695, 2.688451, 0.4617289, 79.14417, 59.17654
-9.946981, 2.688451, 0.4582384, 94.41873, 59.14267
-10.14695, 2.688451, 0.4617289, 79.14417, 59.17654
-10.14695, 2.538451, 0.4617289, 79.14417, 70.68292
-9.946981, 2.538451, 0.4582384, 94.41873, 70.65422
-9.946981, 2.688451, 0.4582384, 94.41873, 59.14267
-9.946981, 2.688451, 0.4582384, 94.41873, 59.14267
-9.946981, 2.538451, 0.4582384, 94.41873, 70.65422
-9.950821, 2.538451, 0.2382719, 89.90106, 68.79146
-9.950821, 2.688451, 0.2382718, 89.90106, 56.94664
-10.15079, 2.538451, 0.2417624, 74.18651, 68.82185
-9.950821, 2.538451, 0.2382719, 89.90106, 68.79146
-9.946981, 2.538451, 0.4582384, 94.41873, 70.65422
-10.14695, 2.538451, 0.4617289, 79.14417, 70.68292
-10.15079, 2.688451, 0.2417623, 74.18651, 56.98248
-10.15079, 2.538451, 0.2417624, 74.18651, 68.82185
-10.14695, 2.538451, 0.4617289, 79.14417, 70.68292
-10.14695, 2.688451, 0.4617289, 79.14417, 59.17654
-9.950821, 2.688451, 0.2382718, 89.90106, 56.94664
-9.950821, 2.538451, 0.2382719, 89.90106, 68.79146
-10.15079, 2.538451, 0.2417624, 74.18651, 68.82185
-10.15079, 2.688451, 0.2417623, 74.18651, 56.98248
box_7_litchi(Clone) stack 145 Shelf_1 Rack_1_1_2
-10.91419, 1.414419, 0.2432683, 13.9767, 157.5362
-11.09976, 1.414419, 0.4567324, 5.905609, 156.9208
-10.90024, 1.414419, 0.4427811, 20.82878, 156.96
-11.09976, 1.414419, 0.4567324, 5.905609, 156.9208
-11.09976, 1.204419, 0.4567324, 5.905609, 173.04
-10.90024, 1.204419, 0.4427811, 20.82878, 173.108
-10.90024, 1.414419, 0.4427811, 20.82878, 156.96
-10.90024, 1.414419, 0.4427811, 20.82878, 156.96
-10.90024, 1.204419, 0.4427811, 20.82878, 173.108
-10.91419, 1.204419, 0.2432683, 13.9767, 174.108
-10.91419, 1.414419, 0.2432683, 13.9767, 157.5362
-10.91419, 1.204419, 0.2432683, 13.9767, 174.108
-10.90024, 1.204419, 0.4427811, 20.82878, 173.108
-11.09976, 1.204419, 0.4567324, 5.905609, 173.04
-11.09976, 1.204419, 0.4567324, 5.905609, 173.04
-11.09976, 1.414419, 0.4567324, 5.905609, 156.9208
-10.91419, 1.414419, 0.2432683, 13.9767, 157.5362
-10.91419, 1.204419, 0.2432683, 13.9767, 174.108
box_7_litchi(Clone) stack 145 Shelf_1 Rack_1_1_2
-10.90524, 1.624419, 0.2517608, 14.93433, 140.9577
-11.1087, 1.624419, 0.4482399, 4.963346, 140.8078
-10.90873, 1.624419, 0.4517304, 20.42759, 140.8052
-11.1087, 1.624419, 0.4482399, 4.963346, 140.8078
-11.1087, 1.414419, 0.4482399, 4.963346, 156.9446
-10.90873, 1.414419, 0.4517304, 20.42759, 156.9348
-10.90873, 1.624419, 0.4517304, 20.42759, 140.8052
-10.90873, 1.624419, 0.4517304, 20.42759, 140.8052
-10.90873, 1.414419, 0.4517304, 20.42759, 156.9348
-10.90524, 1.414419, 0.2517608, 14.93433, 157.511
-10.90524, 1.624419, 0.2517608, 14.93433, 140.9577
-10.90524, 1.414419, 0.2517608, 14.93433, 157.511
-10.90873, 1.414419, 0.4517304, 20.42759, 156.9348
-11.1087, 1.414419, 0.4482399, 4.963346, 156.9446
-11.1087, 1.414419, 0.4482399, 4.963346, 156.9446
-11.1087, 1.624419, 0.4482399, 4.963346, 140.8078
-10.90524, 1.624419, 0.2517608, 14.93433, 140.9577
-10.90524, 1.414419, 0.2517608, 14.93433, 157.511
