box4_Fairever(Clone) stack 119 Shelf_1 Rack_1_1_0
-8.24642, 1.369311, 0.2235528, 465.7711, 161.1636
-8.26702, 1.369311, 0.4590169, 457.3914, 160.3757
-8.067781, 1.369311, 0.476448, 472.1627, 160.3193
-8.26702, 1.369311, 0.4590169, 457.3914, 160.3757
-8.26702, 1.204311, 0.4590169, 457.3914, 173.0372
-8.067781, 1.204311, 0.476448, 472.1627, 172.9525
-8.067781, 1.369311, 0.476448, 472.1627, 160.3193
-8.067781, 1.369311, 0.476448, 472.1627, 160.3193
-8.067781, 1.204311, 0.476448, 472.1627, 172.9525
-8.24642, 1.204311, 0.2235527, 465.7711, 174.2182
-8.067781, 1.204311, 0.476448, 472.1627, 172.9525
-8.26702, 1.204311, 0.4590169, 457.3914, 173.0372
-8.24642, 1.369311, 0.2235528, 465.7711, 161.1636
-8.24642, 1.204311, 0.2235527, 465.7711, 174.2182
-8.26702, 1.204311, 0.4590169, 457.3914, 173.0372
-8.26702, 1.369311, 0.4590169, 457.3914, 160.3757
-8.24642, 1.204311, 0.2235527, 465.7711, 174.2182
-8.24642, 1.369311, 0.2235528, 465.7711, 161.1636
box4_Fairever(Clone) stack 119 Shelf_1 Rack_1_1_0
-8.252915, 1.534311, 0.2284006, 465.1133, 148.1007
-8.261165, 1.534311, 0.4646202, 457.6848, 147.7052
-8.061286, 1.534311, 0.4716001, 472.804, 147.6938
-8.261165, 1.534311, 0.4646202, 457.6848, 147.7052
-8.261165, 1.369311, 0.4646202, 457.6848, 160.3575
-8.061286, 1.369311, 0.4716001, 472.804, 160.335
-8.061286, 1.534311, 0.4716001, 472.804, 147.6938
-8.061286, 1.534311, 0.4716001, 472.804, 147.6938
-8.061286, 1.369311, 0.4716001, 472.804, 160.335
-8.252915, 1.369311, 0.2284006, 465.1133, 161.1469
-8.061286, 1.369311, 0.4716001, 472.804, 160.335
-8.261165, 1.369311, 0.4646202, 457.6848, 160.3575
-8.252915, 1.534311, 0.2284006, 465.1133, 148.1007
-8.252915, 1.369311, 0.2284006, 465.1133, 161.1469
-8.261165, 1.369311, 0.4646202, 457.6848, 160.3575
-8.261165, 1.534311, 0.4646202, 457.6848, 147.7052
-8.252915, 1.369311, 0.2284006, 465.1133, 161.1469
-8.252915, 1.534311, 0.2284006, 465.1133, 148.1007
box4_Fairever(Clone) stack 119 Shelf_1 Rack_1_1_0
-8.257101, 1.699311, 0.2318186, 464.6812, 135.0544
-8.257101, 1.699311, 0.4681821, 457.8972, 135.0528
-8.0571, 1.699311, 0.4681821, 473.2265, 135.0528
-8.257101, 1.699311, 0.4681821, 457.8972, 135.0528
-8.257101, 1.534311, 0.4681821, 457.8972, 147.6994
-8.0571, 1.534311, 0.4681821, 473.2265, 147.6994
-8.0571, 1.699311, 0.4681821, 473.2265, 135.0528
-8.0571, 1.699311, 0.4681821, 473.2265, 135.0528
-8.0571, 1.534311, 0.4681821, 473.2265, 147.6994
-8.257101, 1.534311, 0.2318186, 464.6812, 148.0948
-8.0571, 1.534311, 0.4681821, 473.2265, 147.6994
-8.257101, 1.534311, 0.4681821, 457.8972, 147.6994
-8.257101, 1.699311, 0.2318186, 464.6812, 135.0544
-8.257101, 1.534311, 0.2318186, 464.6812, 148.0948
-8.257101, 1.534311, 0.4681821, 457.8972, 147.6994
-8.257101, 1.699311, 0.4681821, 457.8972, 135.0528
-8.257101, 1.534311, 0.2318186, 464.6812, 148.0948
-8.257101, 1.699311, 0.2318186, 464.6812, 135.0544
box4_Fairever(Clone) stack 119 Shelf_1 Rack_1_1_0
-8.255023, 1.864311, 0.2300913, 464.8966, 122.0111
-8.259148, 1.864311, 0.4664189, 457.7894, 122.4034
-8.059178, 1.864311, 0.4699094, 473.0158, 122.409
-8.259148, 1.864311, 0.4664189, 457.7894, 122.4034
-8.259148, 1.699311, 0.4664189, 457.7894, 135.0528
-8.059178, 1.699311, 0.4699094, 473.0158, 135.0528
-8.059178, 1.864311, 0.4699094, 473.0158, 122.409
-8.059178, 1.864311, 0.4699094, 473.0158, 122.409
-8.059178, 1.699311, 0.4699094, 473.0158, 135.0528
-8.255023, 1.699311, 0.2300914, 464.8966, 135.0545
-8.059178, 1.699311, 0.4699094, 473.0158, 135.0528
-8.259148, 1.699311, 0.4664189, 457.7894, 135.0528
-8.255023, 1.864311, 0.2300913, 464.8966, 122.0111
-8.255023, 1.699311, 0.2300914, 464.8966, 135.0545
-8.259148, 1.699311, 0.4664189, 457.7894, 135.0528
-8.259148, 1.864311, 0.4664189, 457.7894, 122.4034
-8.255023, 1.699311, 0.2300914, 464.8966, 135.0545
-8.255023, 1.864311, 0.2300913, 464.8966, 122.0111
box4_Fairever(Clone) stack 119 Shelf_1 Rack_1_1_0
-8.257101, 2.029311, 0.2318186, 464.6812, 108.9737
-8.257101, 2.029311, 0.4681821, 457.8972, 109.7596
-8.0571, 2.029311, 0.4681821, 473.2265, 109.7596
-8.257101, 2.029311, 0.4681821, 457.8972, 109.7596
-8.257101, 1.864311, 0.4681821, 457.8972, 122.4062
-8.0571, 1.864311, 0.4681821, 473.2265, 122.4062
-8.0571, 2.029311, 0.4681821, 473.2265, 109.7596
-8.0571, 2.029311, 0.4681821, 473.2265, 109.7596
-8.0571, 1.864311, 0.4681821, 473.2265, 122.4062
-8.257101, 1.864311, 0.2318186, 464.6812, 122.0141
-8.0571, 1.864311, 0.4681821, 473.2265, 122.4062
-8.257101, 1.864311, 0.4681821, 457.8972, 122.4062
-8.257101, 2.029311, 0.2318186, 464.6812, 108.9737
-8.257101, 1.864311, 0.2318186, 464.6812, 122.0141
-8.257101, 1.864311, 0.4681821, 457.8972, 122.4062
-8.257101, 2.029311, 0.4681821, 457.8972, 109.7596
-8.257101, 1.864311, 0.2318186, 464.6812, 122.0141
-8.257101, 2.029311, 0.2318186, 464.6812, 108.9737
box_6_melody(Clone) stack 128 Shelf_0 Rack_1_1_1
-9.908854, 0.2073492, 0.2430817, 333.9997, 252.7931
-10.10736, 0.2073492, 0.2187079, 318.5862, 253.1719
-10.13661, 0.2073492, 0.456919, 313.9463, 249.5708
-9.938103, 0.2073492, 0.4812929, 328.906, 249.2147
-10.13661, 0.2073492, 0.456919, 313.9463, 249.5708
-10.13661, 0.01984931, 0.456919, 313.9463, 263.9626
-9.938103, 0.01984931, 0.4812929, 328.906, 263.5618
-9.938103, 0.2073492, 0.4812929, 328.906, 249.2147
-9.938103, 0.2073492, 0.4812929, 328.906, 249.2147
-9.938103, 0.01984931, 0.4812929, 328.906, 263.5618
-9.908854, 0.01984931, 0.2430817, 333.9997, 267.5897
-9.908854, 0.2073492, 0.2430817, 333.9997, 252.7931
-10.10736, 0.01984931, 0.2187079, 318.5862, 268.0161
-9.908854, 0.01984931, 0.2430817, 333.9997, 267.5897
-9.938103, 0.01984931, 0.4812929, 328.906, 263.5618
-10.13661, 0.01984931, 0.456919, 313.9463, 263.9626
-10.10736, 0.2073492, 0.2187079, 318.5862, 253.1719
-10.10736, 0.01984931, 0.2187079, 318.5862, 268.0161
-10.13661, 0.01984931, 0.456919, 313.9463, 263.9626
-10.13661, 0.2073492, 0.456919, 313.9463, 249.5708
-9.908854, 0.2073492, 0.2430817, 333.9997, 252.7931
-9.908854, 0.01984931, 0.2430817, 333.9997, 267.5897
-10.10736, 0.01984931, 0.2187079, 318.5862, 268.0161
-10.10736, 0.2073492, 0.2187079, 318.5862, 253.1719
box_6_melody(Clone) stack 128 Shelf_0 Rack_1_1_1
-9.933572, 0.3948492, 0.2217414, 332.3082, 238.2864
-10.13281, 0.3948492, 0.2391725, 316.3653, 238.0495
-10.11189, 0.3948492, 0.4782594, 315.6371, 234.9062
-9.912655, 0.3948492, 0.4608282, 331.0909, 235.1289
-10.11189, 0.3948492, 0.4782594, 315.6371, 234.9062
-10.11189, 0.2073492, 0.4782594, 315.6371, 249.2589
-9.912655, 0.2073492, 0.4608282, 331.0909, 249.5135
-9.912655, 0.3948492, 0.4608282, 331.0909, 235.1289
-9.912655, 0.3948492, 0.4608282, 331.0909, 235.1289
-9.912655, 0.2073492, 0.4608282, 331.0909, 249.5135
-9.933572, 0.2073492, 0.2217414, 332.3082, 253.1246
-9.933572, 0.3948492, 0.2217414, 332.3082, 238.2864
-10.13281, 0.2073492, 0.2391725, 316.3653, 252.8537
-9.933572, 0.2073492, 0.2217414, 332.3082, 253.1246
-9.912655, 0.2073492, 0.4608282, 331.0909, 249.5135
-10.11189, 0.2073492, 0.4782594, 315.6371, 249.2589
-10.13281, 0.3948492, 0.2391725, 316.3653, 238.0495
-10.13281, 0.2073492, 0.2391725, 316.3653, 252.8537
-10.11189, 0.2073492, 0.4782594, 315.6371, 249.2589
-10.11189, 0.3948492, 0.4782594, 315.6371, 234.9062
-9.933572, 0.3948492, 0.2217414, 332.3082, 238.2864
-9.933572, 0.2073492, 0.2217414, 332.3082, 253.1246
-10.13281, 0.2073492, 0.2391725, 316.3653, 252.8537
-10.13281, 0.3948492, 0.2391725, 316.3653, 238.0495
box_6_melody(Clone) stack 128 Shelf_0 Rack_1_1_1
-9.92915, 0.5823491, 0.2249312, 332.6191, 223.4109
-10.12888, 0.5823491, 0.2353984, 316.7141, 223.2891
-10.11632, 0.5823491, 0.4750696, 315.3293, 220.5883
-9.91659, 0.5823491, 0.4646024, 330.7453, 220.7028
-10.11632, 0.5823491, 0.4750696, 315.3293, 220.5883
-10.11632, 0.3948492, 0.4750696, 315.3293, 234.9469
-9.91659, 0.3948492, 0.4646024, 330.7453, 235.0806
-9.91659, 0.5823491, 0.4646024, 330.7453, 220.7028
-9.91659, 0.5823491, 0.4646024, 330.7453, 220.7028
-9.91659, 0.3948492, 0.4646024, 330.7453, 235.0806
-9.92915, 0.3948492, 0.2249312, 332.6191, 238.2429
-9.92915, 0.5823491, 0.2249312, 332.6191, 223.4109
-10.12888, 0.3948492, 0.2353984, 316.7141, 238.1007
-9.92915, 0.3948492, 0.2249312, 332.6191, 238.2429
-9.91659, 0.3948492, 0.4646024, 330.7453, 235.0806
-10.11632, 0.3948492, 0.4750696, 315.3293, 234.9469
-10.12888, 0.5823491, 0.2353984, 316.7141, 223.2891
-10.12888, 0.3948492, 0.2353984, 316.7141, 238.1007
-10.11632, 0.3948492, 0.4750696, 315.3293, 234.9469
-10.11632, 0.5823491, 0.4750696, 315.3293, 220.5883
-9.92915, 0.5823491, 0.2249312, 332.6191, 223.4109
-9.92915, 0.3948492, 0.2249312, 332.6191, 238.2429
-10.12888, 0.3948492, 0.2353984, 316.7141, 238.1007
-10.12888, 0.5823491, 0.2353984, 316.7141, 223.2891
box_6_melody(Clone) stack 128 Shelf_0 Rack_1_1_1
-9.912655, 0.7698491, 0.2391725, 333.7479, 208.441
-10.11189, 0.7698491, 0.2217414, 318.1962, 208.6098
-10.13281, 0.7698491, 0.4608282, 314.201, 206.3595
-9.933572, 0.7698491, 0.4782594, 329.2872, 206.2008
-10.13281, 0.7698491, 0.4608282, 314.201, 206.3595
-10.13281, 0.5823491, 0.4608282, 314.201, 220.7442
-9.933572, 0.5823491, 0.4782594, 329.2872, 220.5535
-9.933572, 0.7698491, 0.4782594, 329.2872, 206.2008
-9.933572, 0.7698491, 0.4782594, 329.2872, 206.2008
-9.933572, 0.5823491, 0.4782594, 329.2872, 220.5535
-9.912655, 0.5823491, 0.2391725, 333.7479, 223.2452
-9.912655, 0.7698491, 0.2391725, 333.7479, 208.441
-10.11189, 0.5823491, 0.2217414, 318.1962, 223.4481
-9.912655, 0.5823491, 0.2391725, 333.7479, 223.2452
-9.933572, 0.5823491, 0.4782594, 329.2872, 220.5535
-10.13281, 0.5823491, 0.4608282, 314.201, 220.7442
-10.11189, 0.7698491, 0.2217414, 318.1962, 208.6098
-10.11189, 0.5823491, 0.2217414, 318.1962, 223.4481
-10.13281, 0.5823491, 0.4608282, 314.201, 220.7442
-10.13281, 0.7698491, 0.4608282, 314.201, 206.3595
-9.912655, 0.7698491, 0.2391725, 333.7479, 208.441
-9.912655, 0.5823491, 0.2391725, 333.7479, 223.2452
-10.11189, 0.5823491, 0.2217414, 318.1962, 223.4481
-10.11189, 0.7698491, 0.2217414, 318.1962, 208.6098
box_2_Parle-G(Clone) stack 129 Shelf_0 Rack_1_1_1
-9.52623, 0.274422, 0.2841088, 363.528, 246.8962
-9.7262, 0.274422, 0.2806183, 347.8813, 246.9473
-9.728561, 0.274422, 0.4158919, 345.8223, 244.9998
-9.528591, 0.274422, 0.4193824, 361.1979, 244.9505
-9.728561, 0.274422, 0.4158919, 345.8223, 244.9998
-9.728561, 0.01942197, 0.4158919, 345.8223, 264.6761
-9.528591, 0.01942197, 0.4193824, 361.1979, 264.6179
-9.528591, 0.274422, 0.4193824, 361.1979, 244.9505
-9.528591, 0.274422, 0.4193824, 361.1979, 244.9505
-9.528591, 0.01942197, 0.4193824, 361.1979, 264.6179
-9.52623, 0.01942196, 0.2841088, 363.528, 266.9116
-9.52623, 0.274422, 0.2841088, 363.528, 246.8962
-9.7262, 0.01942196, 0.2806184, 347.8813, 266.9719
-9.52623, 0.01942196, 0.2841088, 363.528, 266.9116
-9.528591, 0.01942197, 0.4193824, 361.1979, 264.6179
-9.728561, 0.01942197, 0.4158919, 345.8223, 264.6761
-9.7262, 0.274422, 0.2806183, 347.8813, 246.9473
-9.7262, 0.01942196, 0.2806184, 347.8813, 266.9719
-9.728561, 0.01942197, 0.4158919, 345.8223, 264.6761
-9.728561, 0.274422, 0.4158919, 345.8223, 244.9998
-9.52623, 0.274422, 0.2841088, 363.528, 246.8962
-9.52623, 0.01942196, 0.2841088, 363.528, 266.9116
-9.7262, 0.01942196, 0.2806184, 347.8813, 266.9719
-9.7262, 0.274422, 0.2806183, 347.8813, 246.9473
box_2_Parle-G(Clone) stack 129 Shelf_0 Rack_1_1_1
-9.520872, 0.5294219, 0.2931767, 363.8017, 226.7719
-9.719777, 0.5294219, 0.272271, 348.5042, 227.0233
-9.733919, 0.5294219, 0.406824, 345.532, 225.4291
-9.535014, 0.5294219, 0.4277297, 360.5731, 225.1863
-9.733919, 0.5294219, 0.406824, 345.532, 225.4291
-9.733919, 0.2744219, 0.406824, 345.532, 245.1283
-9.535014, 0.2744219, 0.4277297, 360.5731, 244.8326
-9.535014, 0.5294219, 0.4277297, 360.5731, 225.1863
-9.535014, 0.5294219, 0.4277297, 360.5731, 225.1863
-9.535014, 0.2744219, 0.4277297, 360.5731, 244.8326
-9.520872, 0.2744219, 0.2931767, 363.8017, 246.7636
-9.520872, 0.5294219, 0.2931767, 363.8017, 226.7719
-9.719777, 0.2744219, 0.272271, 348.5042, 247.0698
-9.520872, 0.2744219, 0.2931767, 363.8017, 246.7636
-9.535014, 0.2744219, 0.4277297, 360.5731, 244.8326
-9.733919, 0.2744219, 0.406824, 345.532, 245.1283
-9.719777, 0.5294219, 0.272271, 348.5042, 227.0233
-9.719777, 0.2744219, 0.272271, 348.5042, 247.0698
-9.733919, 0.2744219, 0.406824, 345.532, 245.1283
-9.733919, 0.5294219, 0.406824, 345.532, 225.4291
-9.520872, 0.5294219, 0.2931767, 363.8017, 226.7719
-9.520872, 0.2744219, 0.2931767, 363.8017, 246.7636
-9.719777, 0.2744219, 0.272271, 348.5042, 247.0698
-9.719777, 0.5294219, 0.272271, 348.5042, 227.0233
box_2_Parle-G(Clone) stack 129 Shelf_0 Rack_1_1_1
-9.525096, 0.784422, 0.2858844, 363.5883, 206.8487
-9.724974, 0.784422, 0.2789046, 348.0018, 206.9144
-9.729695, 0.784422, 0.4141163, 345.759, 205.6636
-9.529818, 0.784422, 0.4210961, 361.0767, 205.6002
-9.729695, 0.784422, 0.4141163, 345.759, 205.6636
-9.729695, 0.5294219, 0.4141163, 345.759, 225.3443
-9.529818, 0.5294219, 0.4210962, 361.0767, 225.2632
-9.529818, 0.784422, 0.4210961, 361.0767, 205.6002
-9.529818, 0.784422, 0.4210961, 361.0767, 205.6002
-9.529818, 0.5294219, 0.4210962, 361.0767, 225.2632
-9.525096, 0.5294219, 0.2858845, 363.5883, 226.8595
-9.525096, 0.784422, 0.2858844, 363.5883, 206.8487
-9.724974, 0.5294219, 0.2789046, 348.0018, 226.9434
-9.525096, 0.5294219, 0.2858845, 363.5883, 226.8595
-9.529818, 0.5294219, 0.4210962, 361.0767, 225.2632
-9.729695, 0.5294219, 0.4141163, 345.759, 225.3443
-9.724974, 0.784422, 0.2789046, 348.0018, 206.9144
-9.724974, 0.5294219, 0.2789046, 348.0018, 226.9434
-9.729695, 0.5294219, 0.4141163, 345.759, 225.3443
-9.729695, 0.784422, 0.4141163, 345.759, 205.6636
-9.525096, 0.784422, 0.2858844, 363.5883, 206.8487
-9.525096, 0.5294219, 0.2858845, 363.5883, 226.8595
-9.724974, 0.5294219, 0.2789046, 348.0018, 226.9434
-9.724974, 0.784422, 0.2789046, 348.0018, 206.9144
box_5_LMRR(Clone) stack 130 Shelf_0 Rack_1_1_1
-9.144822, 0.162368, 0.2028563, 395.1142, 256.9882
-9.344547, 0.162368, 0.2133235, 379.0765, 256.8196
-9.329673, 0.162368, 0.4971444, 375.1885, 252.4192
-9.129948, 0.162368, 0.4866772, 390.641, 252.5758
-9.329673, 0.162368, 0.4971444, 375.1885, 252.4192
-9.329673, 0.019868, 0.4971444, 375.1885, 263.301
-9.129948, 0.019868, 0.4866772, 390.641, 263.4721
-9.129948, 0.162368, 0.4866772, 390.641, 252.5758
-9.129948, 0.162368, 0.4866772, 390.641, 252.5758
-9.129948, 0.019868, 0.4866772, 390.641, 263.4721
-9.144822, 0.019868, 0.2028564, 395.1142, 268.2935
-9.144822, 0.162368, 0.2028563, 395.1142, 256.9882
-9.344547, 0.019868, 0.2133235, 379.0765, 268.1092
-9.144822, 0.019868, 0.2028564, 395.1142, 268.2935
-9.129948, 0.019868, 0.4866772, 390.641, 263.4721
-9.329673, 0.019868, 0.4971444, 375.1885, 263.301
-9.344547, 0.162368, 0.2133235, 379.0765, 256.8196
-9.344547, 0.019868, 0.2133235, 379.0765, 268.1092
-9.329673, 0.019868, 0.4971444, 375.1885, 263.301
-9.329673, 0.162368, 0.4971444, 375.1885, 252.4192
-9.144822, 0.162368, 0.2028563, 395.1142, 256.9882
-9.144822, 0.019868, 0.2028564, 395.1142, 268.2935
-9.344547, 0.019868, 0.2133235, 379.0765, 268.1092
-9.344547, 0.162368, 0.2133235, 379.0765, 256.8196
box_5_LMRR(Clone) stack 130 Shelf_0 Rack_1_1_1
-9.139743, 0.304868, 0.2061716, 395.449, 245.6344
-9.339712, 0.304868, 0.209662, 379.527, 245.5834
-9.334752, 0.304868, 0.4938292, 374.8576, 241.5823
-9.134783, 0.304868, 0.4903387, 390.2012, 241.6297
-9.334752, 0.304868, 0.4938292, 374.8576, 241.5823
-9.334752, 0.162368, 0.4938292, 374.8576, 252.4687
-9.134783, 0.162368, 0.4903387, 390.2012, 252.521
-9.134783, 0.304868, 0.4903387, 390.2012, 241.6297
-9.134783, 0.304868, 0.4903387, 390.2012, 241.6297
-9.134783, 0.162368, 0.4903387, 390.2012, 252.521
-9.139743, 0.162368, 0.2061716, 395.449, 256.9348
-9.139743, 0.304868, 0.2061716, 395.449, 245.6344
-9.339712, 0.162368, 0.2096621, 379.527, 256.8785
-9.139743, 0.162368, 0.2061716, 395.449, 256.9348
-9.134783, 0.162368, 0.4903387, 390.2012, 252.521
-9.334752, 0.162368, 0.4938292, 374.8576, 252.4687
-9.339712, 0.304868, 0.209662, 379.527, 245.5834
-9.339712, 0.162368, 0.2096621, 379.527, 256.8785
-9.334752, 0.162368, 0.4938292, 374.8576, 252.4687
-9.334752, 0.304868, 0.4938292, 374.8576, 241.5823
-9.139743, 0.304868, 0.2061716, 395.449, 245.6344
-9.139743, 0.162368, 0.2061716, 395.449, 256.9348
-9.339712, 0.162368, 0.2096621, 379.527, 256.8785
-9.339712, 0.304868, 0.209662, 379.527, 245.5834
box_5_LMRR(Clone) stack 130 Shelf_0 Rack_1_1_1
-9.127579, 0.447368, 0.215217, 396.2268, 234.2155
-9.327091, 0.447368, 0.2012657, 380.6834, 234.3986
-9.346916, 0.447368, 0.4847837, 374.0827, 230.8062
-9.147404, 0.447368, 0.498735, 389.0771, 230.6362
-9.346916, 0.447368, 0.4847837, 374.0827, 230.8062
-9.346916, 0.304868, 0.4847838, 374.0827, 241.7052
-9.147404, 0.304868, 0.498735, 389.0771, 241.5158
-9.147404, 0.447368, 0.498735, 389.0771, 230.6362
-9.147404, 0.447368, 0.498735, 389.0771, 230.6362
-9.147404, 0.304868, 0.498735, 389.0771, 241.5158
-9.127579, 0.3048679, 0.215217, 396.2268, 245.5023
-9.127579, 0.447368, 0.215217, 396.2268, 234.2155
-9.327091, 0.3048679, 0.2012657, 380.6834, 245.7063
-9.127579, 0.3048679, 0.215217, 396.2268, 245.5023
-9.147404, 0.304868, 0.498735, 389.0771, 241.5158
-9.346916, 0.304868, 0.4847838, 374.0827, 241.7052
-9.327091, 0.447368, 0.2012657, 380.6834, 234.3986
-9.327091, 0.3048679, 0.2012657, 380.6834, 245.7063
-9.346916, 0.304868, 0.4847838, 374.0827, 241.7052
-9.346916, 0.447368, 0.4847837, 374.0827, 230.8062
-9.127579, 0.447368, 0.215217, 396.2268, 234.2155
-9.127579, 0.3048679, 0.215217, 396.2268, 245.5023
-9.327091, 0.3048679, 0.2012657, 380.6834, 245.7063
-9.327091, 0.447368, 0.2012657, 380.6834, 234.3986
box_5_LMRR(Clone) stack 130 Shelf_0 Rack_1_1_1
-9.142268, 0.5898679, 0.2044918, 395.2832, 223.0534
-9.342146, 0.5898679, 0.2114717, 379.3008, 222.9722
-9.332227, 0.589868, 0.495509, 375.0216, 219.7914
-9.132349, 0.589868, 0.488529, 390.4218, 219.8668
-9.332227, 0.589868, 0.495509, 375.0216, 219.7914
-9.332227, 0.447368, 0.495509, 375.0216, 230.6754
-9.132349, 0.447368, 0.4885291, 390.4218, 230.7605
-9.132349, 0.589868, 0.488529, 390.4218, 219.8668
-9.132349, 0.589868, 0.488529, 390.4218, 219.8668
-9.132349, 0.447368, 0.4885291, 390.4218, 230.7605
-9.142268, 0.4473679, 0.2044918, 395.2832, 234.3562
-9.142268, 0.5898679, 0.2044918, 395.2832, 223.0534
-9.342146, 0.4473679, 0.2114717, 379.3008, 234.2646
-9.142268, 0.4473679, 0.2044918, 395.2832, 234.3562
-9.132349, 0.447368, 0.4885291, 390.4218, 230.7605
-9.332227, 0.447368, 0.495509, 375.0216, 230.6754
-9.342146, 0.5898679, 0.2114717, 379.3008, 222.9722
-9.342146, 0.4473679, 0.2114717, 379.3008, 234.2646
-9.332227, 0.447368, 0.495509, 375.0216, 230.6754
-9.332227, 0.589868, 0.495509, 375.0216, 219.7914
-9.142268, 0.5898679, 0.2044918, 395.2832, 223.0534
-9.142268, 0.4473679, 0.2044918, 395.2832, 234.3562
-9.342146, 0.4473679, 0.2114717, 379.3008, 234.2646
-9.342146, 0.5898679, 0.2114717, 379.3008, 222.9722
box_5_LMRR(Clone) stack 130 Shelf_0 Rack_1_1_1
-9.142268, 0.7323679, 0.2044918, 395.2832, 211.7506
-9.342146, 0.7323679, 0.2114717, 379.3008, 211.6798
-9.332227, 0.732368, 0.495509, 375.0216, 208.9073
-9.132349, 0.732368, 0.488529, 390.4218, 208.973
-9.332227, 0.732368, 0.495509, 375.0216, 208.9073
-9.332227, 0.5898679, 0.495509, 375.0216, 219.7914
-9.132349, 0.5898679, 0.4885291, 390.4218, 219.8668
-9.132349, 0.732368, 0.488529, 390.4218, 208.973
-9.132349, 0.732368, 0.488529, 390.4218, 208.973
-9.132349, 0.5898679, 0.4885291, 390.4218, 219.8668
-9.142268, 0.5898679, 0.2044918, 395.2832, 223.0534
-9.142268, 0.7323679, 0.2044918, 395.2832, 211.7506
-9.342146, 0.5898679, 0.2114717, 379.3008, 222.9722
-9.142268, 0.5898679, 0.2044918, 395.2832, 223.0534
-9.132349, 0.5898679, 0.4885291, 390.4218, 219.8668
-9.332227, 0.5898679, 0.495509, 375.0216, 219.7914
-9.342146, 0.7323679, 0.2114717, 379.3008, 211.6798
-9.342146, 0.5898679, 0.2114717, 379.3008, 222.9722
-9.332227, 0.5898679, 0.495509, 375.0216, 219.7914
-9.332227, 0.732368, 0.495509, 375.0216, 208.9073
-9.142268, 0.7323679, 0.2044918, 395.2832, 211.7506
-9.142268, 0.5898679, 0.2044918, 395.2832, 223.0534
-9.342146, 0.5898679, 0.2114717, 379.3008, 222.9722
-9.342146, 0.7323679, 0.2114717, 379.3008, 211.6798
box_5_LMRR(Clone) stack 131 Shelf_0 Rack_1_1_1
-8.74907, 0.162368, 0.2044918, 426.4709, 256.9618
-8.948948, 0.162368, 0.2114717, 410.4597, 256.8494
-8.939029, 0.1623681, 0.495509, 405.0538, 252.4436
-8.739151, 0.1623681, 0.488529, 420.4808, 252.548
-8.939029, 0.1623681, 0.495509, 405.0538, 252.4436
-8.939029, 0.01986802, 0.495509, 405.0538, 263.3277
-8.739151, 0.01986802, 0.4885291, 420.4808, 263.4418
-8.739151, 0.1623681, 0.488529, 420.4808, 252.548
-8.739151, 0.1623681, 0.488529, 420.4808, 252.548
-8.739151, 0.01986802, 0.4885291, 420.4808, 263.4418
-8.74907, 0.01986799, 0.2044918, 426.4709, 268.2646
-8.74907, 0.162368, 0.2044918, 426.4709, 256.9618
-8.948948, 0.01986799, 0.2114717, 410.4597, 268.1418
-8.74907, 0.01986799, 0.2044918, 426.4709, 268.2646
-8.739151, 0.01986802, 0.4885291, 420.4808, 263.4418
-8.939029, 0.01986802, 0.495509, 405.0538, 263.3277
-8.948948, 0.162368, 0.2114717, 410.4597, 256.8494
-8.948948, 0.01986799, 0.2114717, 410.4597, 268.1418
-8.939029, 0.01986802, 0.495509, 405.0538, 263.3277
-8.939029, 0.1623681, 0.495509, 405.0538, 252.4436
-8.74907, 0.162368, 0.2044918, 426.4709, 256.9618
-8.74907, 0.01986799, 0.2044918, 426.4709, 268.2646
-8.948948, 0.01986799, 0.2114717, 410.4597, 268.1418
-8.948948, 0.162368, 0.2114717, 410.4597, 256.8494
box_5_LMRR(Clone) stack 131 Shelf_0 Rack_1_1_1
-8.74907, 0.304868, 0.2044918, 426.4709, 245.659
-8.948948, 0.304868, 0.2114717, 410.4597, 245.557
-8.939029, 0.304868, 0.495509, 405.0538, 241.5595
-8.739151, 0.304868, 0.488529, 420.4808, 241.6543
-8.939029, 0.304868, 0.495509, 405.0538, 241.5595
-8.939029, 0.162368, 0.495509, 405.0538, 252.4436
-8.739151, 0.162368, 0.4885291, 420.4808, 252.548
-8.739151, 0.304868, 0.488529, 420.4808, 241.6543
-8.739151, 0.304868, 0.488529, 420.4808, 241.6543
-8.739151, 0.162368, 0.4885291, 420.4808, 252.548
-8.74907, 0.162368, 0.2044918, 426.4709, 256.9619
-8.74907, 0.304868, 0.2044918, 426.4709, 245.659
-8.948948, 0.162368, 0.2114717, 410.4597, 256.8494
-8.74907, 0.162368, 0.2044918, 426.4709, 256.9619
-8.739151, 0.162368, 0.4885291, 420.4808, 252.548
-8.939029, 0.162368, 0.495509, 405.0538, 252.4436
-8.948948, 0.304868, 0.2114717, 410.4597, 245.557
-8.948948, 0.162368, 0.2114717, 410.4597, 256.8494
-8.939029, 0.162368, 0.495509, 405.0538, 252.4436
-8.939029, 0.304868, 0.495509, 405.0538, 241.5595
-8.74907, 0.304868, 0.2044918, 426.4709, 245.659
-8.74907, 0.162368, 0.2044918, 426.4709, 256.9619
-8.948948, 0.162368, 0.2114717, 410.4597, 256.8494
-8.948948, 0.304868, 0.2114717, 410.4597, 245.557
box_1_Parle-G-GOLD(Clone) stack 132 Shelf_1 Rack_1_1_1
-8.733068, 1.376249, 0.2373341, 426.9285, 160.5682
-8.932307, 1.376249, 0.2547652, 410.8018, 160.5097
-8.914118, 1.376249, 0.4626667, 407.6575, 159.8317
-8.714879, 1.376249, 0.4452356, 423.3477, 159.8872
-8.914118, 1.376249, 0.4626667, 407.6575, 159.8317
-8.914118, 1.203749, 0.4626667, 407.6575, 173.0625
-8.714879, 1.203749, 0.4452356, 423.3477, 173.1475
-8.714879, 1.376249, 0.4452356, 423.3477, 159.8872
-8.714879, 1.376249, 0.4452356, 423.3477, 159.8872
-8.714879, 1.203749, 0.4452356, 423.3477, 173.1475
-8.733068, 1.203749, 0.237334, 426.9285, 174.1914
-8.733068, 1.376249, 0.2373341, 426.9285, 160.5682
-8.932307, 1.203749, 0.2547652, 410.8018, 174.1017
-8.733068, 1.203749, 0.237334, 426.9285, 174.1914
-8.714879, 1.203749, 0.4452356, 423.3477, 173.1475
-8.914118, 1.203749, 0.4626667, 407.6575, 173.0625
-8.932307, 1.376249, 0.2547652, 410.8018, 160.5097
-8.932307, 1.203749, 0.2547652, 410.8018, 174.1017
-8.914118, 1.203749, 0.4626667, 407.6575, 173.0625
-8.914118, 1.376249, 0.4626667, 407.6575, 159.8317
-8.733068, 1.376249, 0.2373341, 426.9285, 160.5682
-8.733068, 1.203749, 0.237334, 426.9285, 174.1914
-8.932307, 1.203749, 0.2547652, 410.8018, 174.1017
-8.932307, 1.376249, 0.2547652, 410.8018, 160.5097
box_1_Parle-G-GOLD(Clone) stack 132 Shelf_1 Rack_1_1_1
-8.713234, 1.548749, 0.256677, 428.0162, 146.9147
-8.912138, 1.548749, 0.2357713, 412.822, 146.9475
-8.933952, 1.548749, 0.4433237, 406.548, 146.6297
-8.735048, 1.548749, 0.4642295, 421.356, 146.5986
-8.933952, 1.548749, 0.4433237, 406.548, 146.6297
-8.933952, 1.376249, 0.4433237, 406.548, 159.8933
-8.735048, 1.376249, 0.4642295, 421.356, 159.8268
-8.735048, 1.548749, 0.4642295, 421.356, 146.5986
-8.735048, 1.548749, 0.4642295, 421.356, 146.5986
-8.735048, 1.376249, 0.4642295, 421.356, 159.8268
-8.713234, 1.376249, 0.256677, 428.0162, 160.5033
-8.713234, 1.548749, 0.256677, 428.0162, 146.9147
-8.912138, 1.376249, 0.2357713, 412.822, 160.5735
-8.713234, 1.376249, 0.256677, 428.0162, 160.5033
-8.735048, 1.376249, 0.4642295, 421.356, 159.8268
-8.933952, 1.376249, 0.4433237, 406.548, 159.8933
-8.912138, 1.548749, 0.2357713, 412.822, 146.9475
-8.912138, 1.376249, 0.2357713, 412.822, 160.5735
-8.933952, 1.376249, 0.4433237, 406.548, 159.8933
-8.933952, 1.548749, 0.4433237, 406.548, 146.6297
-8.713234, 1.548749, 0.256677, 428.0162, 146.9147
-8.713234, 1.376249, 0.256677, 428.0162, 160.5033
-8.912138, 1.376249, 0.2357713, 412.822, 160.5735
-8.912138, 1.548749, 0.2357713, 412.822, 146.9475
box_1_Parle-G-GOLD(Clone) stack 132 Shelf_1 Rack_1_1_1
-8.733068, 1.721249, 0.2373341, 426.9285, 133.3218
-8.932307, 1.721249, 0.2547652, 410.8018, 133.3257
-8.914118, 1.721249, 0.4626667, 407.6575, 133.3702
-8.714879, 1.721249, 0.4452356, 423.3477, 133.3665
-8.914118, 1.721249, 0.4626667, 407.6575, 133.3702
-8.914118, 1.548749, 0.4626667, 407.6575, 146.601
-8.714879, 1.548749, 0.4452356, 423.3477, 146.6269
-8.714879, 1.721249, 0.4452356, 423.3477, 133.3665
-8.714879, 1.721249, 0.4452356, 423.3477, 133.3665
-8.714879, 1.548749, 0.4452356, 423.3477, 146.6269
-8.733068, 1.548749, 0.237334, 426.9285, 146.945
-8.733068, 1.721249, 0.2373341, 426.9285, 133.3218
-8.932307, 1.548749, 0.2547652, 410.8018, 146.9177
-8.733068, 1.548749, 0.237334, 426.9285, 146.945
-8.714879, 1.548749, 0.4452356, 423.3477, 146.6269
-8.914118, 1.548749, 0.4626667, 407.6575, 146.601
-8.932307, 1.721249, 0.2547652, 410.8018, 133.3257
-8.932307, 1.548749, 0.2547652, 410.8018, 146.9177
-8.914118, 1.548749, 0.4626667, 407.6575, 146.601
-8.914118, 1.721249, 0.4626667, 407.6575, 133.3702
-8.733068, 1.721249, 0.2373341, 426.9285, 133.3218
-8.733068, 1.548749, 0.237334, 426.9285, 146.945
-8.932307, 1.548749, 0.2547652, 410.8018, 146.9177
-8.932307, 1.721249, 0.2547652, 410.8018, 133.3257
box_1_Parle-G-GOLD(Clone) stack 132 Shelf_1 Rack_1_1_1
-8.716558, 1.893749, 0.2528824, 427.8481, 119.7299
-8.916071, 1.893749, 0.2389311, 412.4397, 119.7018
-8.930629, 1.893749, 0.4471184, 406.7225, 120.1098
-8.731115, 1.893749, 0.4610697, 421.7309, 120.1364
-8.930629, 1.893749, 0.4471184, 406.7225, 120.1098
-8.930629, 1.721249, 0.4471184, 406.7225, 133.3669
-8.731115, 1.721249, 0.4610697, 421.7309, 133.3698
-8.731115, 1.893749, 0.4610697, 421.7309, 120.1364
-8.731115, 1.893749, 0.4610697, 421.7309, 120.1364
-8.731115, 1.721249, 0.4610697, 421.7309, 133.3698
-8.716558, 1.721249, 0.2528824, 427.8481, 133.3253
-8.716558, 1.893749, 0.2528824, 427.8481, 119.7299
-8.916071, 1.721249, 0.2389311, 412.4397, 133.3222
-8.716558, 1.721249, 0.2528824, 427.8481, 133.3253
-8.731115, 1.721249, 0.4610697, 421.7309, 133.3698
-8.930629, 1.721249, 0.4471184, 406.7225, 133.3669
-8.916071, 1.893749, 0.2389311, 412.4397, 119.7018
-8.916071, 1.721249, 0.2389311, 412.4397, 133.3222
-8.930629, 1.721249, 0.4471184, 406.7225, 133.3669
-8.930629, 1.893749, 0.4471184, 406.7225, 120.1098
-8.716558, 1.893749, 0.2528824, 427.8481, 119.7299
-8.716558, 1.721249, 0.2528824, 427.8481, 133.3253
-8.916071, 1.721249, 0.2389311, 412.4397, 133.3222
-8.916071, 1.893749, 0.2389311, 412.4397, 119.7018
box_1_Parle-G-GOLD(Clone) stack 132 Shelf_1 Rack_1_1_1
-8.720013, 2.066249, 0.249206, 427.6664, 106.1206
-8.91989, 2.066249, 0.2422261, 412.0634, 106.0941
-8.927174, 2.06625, 0.4507947, 406.9095, 106.8659
-8.727296, 2.06625, 0.4577746, 422.1007, 106.891
-8.927174, 2.06625, 0.4507947, 406.9095, 106.8659
-8.927174, 1.893749, 0.4507947, 406.9095, 120.1168
-8.727296, 1.893749, 0.4577746, 422.1007, 120.1301
-8.727296, 2.06625, 0.4577746, 422.1007, 106.891
-8.727296, 2.06625, 0.4577746, 422.1007, 106.891
-8.727296, 1.893749, 0.4577746, 422.1007, 120.1301
-8.720013, 1.893749, 0.249206, 427.6664, 119.7225
-8.720013, 2.066249, 0.249206, 427.6664, 106.1206
-8.91989, 1.893749, 0.2422261, 412.0634, 119.7085
-8.720013, 1.893749, 0.249206, 427.6664, 119.7225
-8.727296, 1.893749, 0.4577746, 422.1007, 120.1301
-8.927174, 1.893749, 0.4507947, 406.9095, 120.1168
-8.91989, 2.066249, 0.2422261, 412.0634, 106.0941
-8.91989, 1.893749, 0.2422261, 412.0634, 119.7085
-8.927174, 1.893749, 0.4507947, 406.9095, 120.1168
-8.927174, 2.06625, 0.4507947, 406.9095, 106.8659
-8.720013, 2.066249, 0.249206, 427.6664, 106.1206
-8.720013, 1.893749, 0.249206, 427.6664, 119.7225
-8.91989, 1.893749, 0.2422261, 412.0634, 119.7085
-8.91989, 2.066249, 0.2422261, 412.0634, 106.0941
box4_Fairever(Clone) stack 133 Shelf_1 Rack_1_1_1
-9.083028, 1.369311, 0.2429189, 399.1735, 161.097
-9.281933, 1.369311, 0.2220132, 383.872, 161.1689
-9.30664, 1.369311, 0.4570819, 377.6493, 160.382
-9.107735, 1.369311, 0.4779876, 392.5084, 160.3143
-9.30664, 1.369311, 0.4570819, 377.6493, 160.382
-9.30664, 1.204311, 0.4570819, 377.6493, 173.0466
-9.107735, 1.204311, 0.4779876, 392.5084, 172.9451
-9.107735, 1.369311, 0.4779876, 392.5084, 160.3143
-9.107735, 1.369311, 0.4779876, 392.5084, 160.3143
-9.107735, 1.204311, 0.4779876, 392.5084, 172.9451
-9.083028, 1.204311, 0.2429189, 399.1735, 174.1183
-9.083028, 1.369311, 0.2429189, 399.1735, 161.097
-9.281933, 1.204311, 0.2220132, 383.872, 174.2262
-9.083028, 1.204311, 0.2429189, 399.1735, 174.1183
-9.107735, 1.204311, 0.4779876, 392.5084, 172.9451
-9.30664, 1.204311, 0.4570819, 377.6493, 173.0466
-9.281933, 1.369311, 0.2220132, 383.872, 161.1689
-9.281933, 1.204311, 0.2220132, 383.872, 174.2262
-9.30664, 1.204311, 0.4570819, 377.6493, 173.0466
-9.30664, 1.369311, 0.4570819, 377.6493, 160.382
-9.083028, 1.369311, 0.2429189, 399.1735, 161.097
-9.083028, 1.204311, 0.2429189, 399.1735, 174.1183
-9.281933, 1.204311, 0.2220132, 383.872, 174.2262
-9.281933, 1.369311, 0.2220132, 383.872, 161.1689
box4_Fairever(Clone) stack 133 Shelf_1 Rack_1_1_1
-9.105515, 1.534311, 0.2235528, 397.8008, 148.1091
-9.304753, 1.534311, 0.2409839, 381.7116, 148.079
-9.284153, 1.534311, 0.476448, 379.0308, 147.686
-9.084914, 1.534311, 0.4590169, 394.6295, 147.7143
-9.284153, 1.534311, 0.476448, 379.0308, 147.686
-9.284153, 1.369311, 0.476448, 379.0308, 160.3193
-9.084914, 1.369311, 0.4590169, 394.6295, 160.3757
-9.084914, 1.534311, 0.4590169, 394.6295, 147.7143
-9.084914, 1.534311, 0.4590169, 394.6295, 147.7143
-9.084914, 1.369311, 0.4590169, 394.6295, 160.3757
-9.105515, 1.369311, 0.2235527, 397.8008, 161.1636
-9.105515, 1.534311, 0.2235528, 397.8008, 148.1091
-9.304753, 1.369311, 0.2409839, 381.7116, 161.1036
-9.105515, 1.369311, 0.2235527, 397.8008, 161.1636
-9.084914, 1.369311, 0.4590169, 394.6295, 160.3757
-9.284153, 1.369311, 0.476448, 379.0308, 160.3193
-9.304753, 1.534311, 0.2409839, 381.7116, 148.079
-9.304753, 1.369311, 0.2409839, 381.7116, 161.1036
-9.284153, 1.369311, 0.476448, 379.0308, 160.3193
-9.284153, 1.534311, 0.476448, 379.0308, 147.686
-9.105515, 1.534311, 0.2235528, 397.8008, 148.1091
-9.105515, 1.369311, 0.2235527, 397.8008, 161.1636
-9.304753, 1.369311, 0.2409839, 381.7116, 161.1036
-9.304753, 1.534311, 0.2409839, 381.7116, 148.079
box4_Fairever(Clone) stack 133 Shelf_1 Rack_1_1_1
-9.083028, 1.699311, 0.2429189, 399.1735, 135.0544
-9.281933, 1.699311, 0.2220132, 383.872, 135.0545
-9.30664, 1.699311, 0.4570819, 377.6493, 135.0529
-9.107735, 1.699311, 0.4779876, 392.5084, 135.0527
-9.30664, 1.699311, 0.4570819, 377.6493, 135.0529
-9.30664, 1.534311, 0.4570819, 377.6493, 147.7174
-9.107735, 1.534311, 0.4779876, 392.5084, 147.6835
-9.107735, 1.699311, 0.4779876, 392.5084, 135.0527
-9.107735, 1.699311, 0.4779876, 392.5084, 135.0527
-9.107735, 1.534311, 0.4779876, 392.5084, 147.6835
-9.083028, 1.534311, 0.2429189, 399.1735, 148.0757
-9.083028, 1.699311, 0.2429189, 399.1735, 135.0544
-9.281933, 1.534311, 0.2220132, 383.872, 148.1117
-9.083028, 1.534311, 0.2429189, 399.1735, 148.0757
-9.107735, 1.534311, 0.4779876, 392.5084, 147.6835
-9.30664, 1.534311, 0.4570819, 377.6493, 147.7174
-9.281933, 1.699311, 0.2220132, 383.872, 135.0545
-9.281933, 1.534311, 0.2220132, 383.872, 148.1117
-9.30664, 1.534311, 0.4570819, 377.6493, 147.7174
-9.30664, 1.699311, 0.4570819, 377.6493, 135.0529
-9.083028, 1.699311, 0.2429189, 399.1735, 135.0544
-9.083028, 1.534311, 0.2429189, 399.1735, 148.0757
-9.281933, 1.534311, 0.2220132, 383.872, 148.1117
-9.281933, 1.699311, 0.2220132, 383.872, 135.0545
box4_Fairever(Clone) stack 133 Shelf_1 Rack_1_1_1
-9.083028, 1.864311, 0.2429189, 399.1735, 122.0331
-9.281933, 1.864311, 0.2220132, 383.872, 121.9973
-9.30664, 1.864311, 0.4570819, 377.6493, 122.3883
-9.107735, 1.864311, 0.4779876, 392.5084, 122.422
-9.30664, 1.864311, 0.4570819, 377.6493, 122.3883
-9.30664, 1.699311, 0.4570819, 377.6493, 135.0529
-9.107735, 1.699311, 0.4779876, 392.5084, 135.0527
-9.107735, 1.864311, 0.4779876, 392.5084, 122.422
-9.107735, 1.864311, 0.4779876, 392.5084, 122.422
-9.107735, 1.699311, 0.4779876, 392.5084, 135.0527
-9.083028, 1.699311, 0.2429189, 399.1735, 135.0544
-9.083028, 1.864311, 0.2429189, 399.1735, 122.0331
-9.281933, 1.699311, 0.2220132, 383.872, 135.0545
-9.083028, 1.699311, 0.2429189, 399.1735, 135.0544
-9.107735, 1.699311, 0.4779876, 392.5084, 135.0527
-9.30664, 1.699311, 0.4570819, 377.6493, 135.0529
-9.281933, 1.864311, 0.2220132, 383.872, 121.9973
-9.281933, 1.699311, 0.2220132, 383.872, 135.0545
-9.30664, 1.699311, 0.4570819, 377.6493, 135.0529
-9.30664, 1.864311, 0.4570819, 377.6493, 122.3883
-9.083028, 1.864311, 0.2429189, 399.1735, 122.0331
-9.083028, 1.699311, 0.2429189, 399.1735, 135.0544
-9.281933, 1.699311, 0.2220132, 383.872, 135.0545
-9.281933, 1.864311, 0.2220132, 383.872, 121.9973
box4_Fairever(Clone) stack 133 Shelf_1 Rack_1_1_1
-9.083028, 2.029311, 0.2429189, 399.1735, 109.0117
-9.281933, 2.029311, 0.2220132, 383.872, 108.9401
-9.30664, 2.029311, 0.4570819, 377.6493, 109.7237
-9.107735, 2.029311, 0.4779876, 392.5084, 109.7912
-9.30664, 2.029311, 0.4570819, 377.6493, 109.7237
-9.30664, 1.864311, 0.4570819, 377.6493, 122.3883
-9.107735, 1.864311, 0.4779876, 392.5084, 122.4219
-9.107735, 2.029311, 0.4779876, 392.5084, 109.7912
-9.107735, 2.029311, 0.4779876, 392.5084, 109.7912
-9.107735, 1.864311, 0.4779876, 392.5084, 122.4219
-9.083028, 1.864311, 0.2429189, 399.1735, 122.033
-9.083028, 2.029311, 0.2429189, 399.1735, 109.0117
-9.281933, 1.864311, 0.2220132, 383.872, 121.9973
-9.083028, 1.864311, 0.2429189, 399.1735, 122.033
-9.107735, 1.864311, 0.4779876, 392.5084, 122.4219
-9.30664, 1.864311, 0.4570819, 377.6493, 122.3883
-9.281933, 2.029311, 0.2220132, 383.872, 108.9401
-9.281933, 1.864311, 0.2220132, 383.872, 121.9973
-9.30664, 1.864311, 0.4570819, 377.6493, 122.3883
-9.30664, 2.029311, 0.4570819, 377.6493, 109.7237
-9.083028, 2.029311, 0.2429189, 399.1735, 109.0117
-9.083028, 1.864311, 0.2429189, 399.1735, 122.033
-9.281933, 1.864311, 0.2220132, 383.872, 121.9973
-9.281933, 2.029311, 0.2220132, 383.872, 108.9401
box_1_Parle-G-GOLD(Clone) stack 134 Shelf_1 Rack_1_1_1
-9.487058, 1.376249, 0.2474137, 367.2134, 160.5344
-9.687027, 1.376249, 0.2439232, 351.4929, 160.5461
-9.690669, 1.376249, 0.4525871, 348.2353, 159.8638
-9.4907, 1.376249, 0.4560776, 363.5376, 159.8527
-9.690669, 1.376249, 0.4525871, 348.2353, 159.8638
-9.690669, 1.203749, 0.4525871, 348.2353, 173.1116
-9.4907, 1.203749, 0.4560776, 363.5376, 173.0946
-9.4907, 1.376249, 0.4560776, 363.5376, 159.8527
-9.4907, 1.376249, 0.4560776, 363.5376, 159.8527
-9.4907, 1.203749, 0.4560776, 363.5376, 173.0946
-9.487058, 1.203749, 0.2474137, 367.2134, 174.1395
-9.487058, 1.376249, 0.2474137, 367.2134, 160.5344
-9.687027, 1.203749, 0.2439232, 351.4929, 174.1575
-9.487058, 1.203749, 0.2474137, 367.2134, 174.1395
-9.4907, 1.203749, 0.4560776, 363.5376, 173.0946
-9.690669, 1.203749, 0.4525871, 348.2353, 173.1116
-9.687027, 1.376249, 0.2439232, 351.4929, 160.5461
-9.687027, 1.203749, 0.2439232, 351.4929, 174.1575
-9.690669, 1.203749, 0.4525871, 348.2353, 173.1116
-9.690669, 1.376249, 0.4525871, 348.2353, 159.8638
-9.487058, 1.376249, 0.2474137, 367.2134, 160.5344
-9.487058, 1.203749, 0.2474137, 367.2134, 174.1395
-9.687027, 1.203749, 0.2439232, 351.4929, 174.1575
-9.687027, 1.376249, 0.2439232, 351.4929, 160.5461
box_1_Parle-G-GOLD(Clone) stack 134 Shelf_1 Rack_1_1_1
-9.4907, 1.548749, 0.2439232, 366.9844, 146.9347
-9.690669, 1.548749, 0.2474137, 351.1544, 146.9292
-9.687027, 1.548749, 0.4560776, 348.4666, 146.6107
-9.487058, 1.548749, 0.4525871, 363.8726, 146.6159
-9.687027, 1.548749, 0.4560776, 348.4666, 146.6107
-9.687027, 1.376249, 0.4560776, 348.4666, 159.8527
-9.487058, 1.376249, 0.4525871, 363.8726, 159.8638
-9.487058, 1.548749, 0.4525871, 363.8726, 146.6159
-9.487058, 1.548749, 0.4525871, 363.8726, 146.6159
-9.487058, 1.376249, 0.4525871, 363.8726, 159.8638
-9.4907, 1.376249, 0.2439232, 366.9844, 160.5461
-9.4907, 1.548749, 0.2439232, 366.9844, 146.9347
-9.690669, 1.376249, 0.2474137, 351.1544, 160.5344
-9.4907, 1.376249, 0.2439232, 366.9844, 160.5461
-9.487058, 1.376249, 0.4525871, 363.8726, 159.8638
-9.687027, 1.376249, 0.4560776, 348.4666, 159.8527
-9.690669, 1.548749, 0.2474137, 351.1544, 146.9292
-9.690669, 1.376249, 0.2474137, 351.1544, 160.5344
-9.687027, 1.376249, 0.4560776, 348.4666, 159.8527
-9.687027, 1.548749, 0.4560776, 348.4666, 146.6107
-9.4907, 1.548749, 0.2439232, 366.9844, 146.9347
-9.4907, 1.376249, 0.2439232, 366.9844, 160.5461
-9.690669, 1.376249, 0.2474137, 351.1544, 160.5344
-9.690669, 1.548749, 0.2474137, 351.1544, 146.9292
box_1_Parle-G-GOLD(Clone) stack 134 Shelf_1 Rack_1_1_1
-9.4907, 1.721249, 0.2439232, 366.9844, 133.3233
-9.690669, 1.721249, 0.2474137, 351.1544, 133.3241
-9.687027, 1.721249, 0.4560776, 348.4666, 133.3688
-9.487058, 1.721249, 0.4525871, 363.8726, 133.3681
-9.687027, 1.721249, 0.4560776, 348.4666, 133.3688
-9.687027, 1.548749, 0.4560776, 348.4666, 146.6107
-9.487058, 1.548749, 0.4525871, 363.8726, 146.6159
-9.487058, 1.721249, 0.4525871, 363.8726, 133.3681
-9.487058, 1.721249, 0.4525871, 363.8726, 133.3681
-9.487058, 1.548749, 0.4525871, 363.8726, 146.6159
-9.4907, 1.548749, 0.2439232, 366.9844, 146.9347
-9.4907, 1.721249, 0.2439232, 366.9844, 133.3233
-9.690669, 1.548749, 0.2474137, 351.1544, 146.9292
-9.4907, 1.548749, 0.2439232, 366.9844, 146.9347
-9.487058, 1.548749, 0.4525871, 363.8726, 146.6159
-9.687027, 1.548749, 0.4560776, 348.4666, 146.6107
-9.690669, 1.721249, 0.2474137, 351.1544, 133.3241
-9.690669, 1.548749, 0.2474137, 351.1544, 146.9292
-9.687027, 1.548749, 0.4560776, 348.4666, 146.6107
-9.687027, 1.721249, 0.4560776, 348.4666, 133.3688
-9.4907, 1.721249, 0.2439232, 366.9844, 133.3233
-9.4907, 1.548749, 0.2439232, 366.9844, 146.9347
-9.690669, 1.548749, 0.2474137, 351.1544, 146.9292
-9.690669, 1.721249, 0.2474137, 351.1544, 133.3241
box_2_Parle-G(Clone) stack 135 Shelf_1 Rack_1_1_1
-9.864228, 1.459016, 0.2841088, 336.9979, 153.9153
-10.0642, 1.459016, 0.2806183, 321.3391, 153.924
-10.06656, 1.459016, 0.4158919, 319.7418, 153.5947
-9.86659, 1.459016, 0.4193824, 335.1291, 153.5864
-10.06656, 1.459016, 0.4158919, 319.7418, 153.5947
-10.06656, 1.204015, 0.4158919, 319.7418, 173.271
-9.86659, 1.204015, 0.4193824, 335.1291, 173.2538
-9.86659, 1.459016, 0.4193824, 335.1291, 153.5864
-9.86659, 1.459016, 0.4193824, 335.1291, 153.5864
-9.86659, 1.204015, 0.4193824, 335.1291, 173.2538
-9.864228, 1.204015, 0.2841088, 336.9979, 173.9307
-9.864228, 1.459016, 0.2841088, 336.9979, 153.9153
-10.0642, 1.204015, 0.2806184, 321.3391, 173.9485
-9.864228, 1.204015, 0.2841088, 336.9979, 173.9307
-9.86659, 1.204015, 0.4193824, 335.1291, 173.2538
-10.06656, 1.204015, 0.4158919, 319.7418, 173.271
-10.0642, 1.459016, 0.2806183, 321.3391, 153.924
-10.0642, 1.204015, 0.2806184, 321.3391, 173.9485
-10.06656, 1.204015, 0.4158919, 319.7418, 173.271
-10.06656, 1.459016, 0.4158919, 319.7418, 153.5947
-9.864228, 1.459016, 0.2841088, 336.9979, 153.9153
-9.864228, 1.204015, 0.2841088, 336.9979, 173.9307
-10.0642, 1.204015, 0.2806184, 321.3391, 173.9485
-10.0642, 1.459016, 0.2806183, 321.3391, 153.924
box_2_Parle-G(Clone) stack 135 Shelf_1 Rack_1_1_1
-9.865394, 1.714015, 0.2823533, 336.9287, 133.8997
-10.06539, 1.714015, 0.2823533, 321.2267, 133.8997
-10.06539, 1.714015, 0.4176474, 319.8137, 133.9188
-9.865394, 1.714015, 0.4176474, 335.2426, 133.9188
-10.06539, 1.714015, 0.4176474, 319.8137, 133.9188
-10.06539, 1.459015, 0.4176475, 319.8137, 153.5905
-9.865394, 1.459015, 0.4176475, 335.2426, 153.5905
-9.865394, 1.714015, 0.4176474, 335.2426, 133.9188
-9.865394, 1.714015, 0.4176474, 335.2426, 133.9188
-9.865394, 1.459015, 0.4176475, 335.2426, 153.5905
-9.865394, 1.459015, 0.2823533, 336.9287, 153.9197
-9.865394, 1.714015, 0.2823533, 336.9287, 133.8997
-10.06539, 1.459015, 0.2823533, 321.2267, 153.9197
-9.865394, 1.459015, 0.2823533, 336.9287, 153.9197
-9.865394, 1.459015, 0.4176475, 335.2426, 153.5905
-10.06539, 1.459015, 0.4176475, 319.8137, 153.5905
-10.06539, 1.714015, 0.2823533, 321.2267, 133.8997
-10.06539, 1.459015, 0.2823533, 321.2267, 153.9197
-10.06539, 1.459015, 0.4176475, 319.8137, 153.5905
-10.06539, 1.714015, 0.4176474, 319.8137, 133.9188
-9.865394, 1.714015, 0.2823533, 336.9287, 133.8997
-9.865394, 1.459015, 0.2823533, 336.9287, 153.9197
-10.06539, 1.459015, 0.2823533, 321.2267, 153.9197
-10.06539, 1.714015, 0.2823533, 321.2267, 133.8997
box_2_Parle-G(Clone) stack 135 Shelf_1 Rack_1_1_1
-9.867816, 1.969016, 0.2789046, 336.7822, 113.8701
-10.06769, 1.969016, 0.2858844, 321.0087, 113.8894
-10.06297, 1.969016, 0.4210961, 319.9651, 114.2562
-9.863094, 1.969016, 0.4141163, 335.4633, 114.2376
-10.06297, 1.969016, 0.4210961, 319.9651, 114.2562
-10.06297, 1.714015, 0.4210962, 319.9651, 133.9193
-9.863094, 1.714015, 0.4141163, 335.4633, 133.9183
-9.863094, 1.969016, 0.4141163, 335.4633, 114.2376
-9.863094, 1.969016, 0.4141163, 335.4633, 114.2376
-9.863094, 1.714015, 0.4141163, 335.4633, 133.9183
-9.867816, 1.714015, 0.2789046, 336.7822, 133.8992
-9.867816, 1.969016, 0.2789046, 336.7822, 113.8701
-10.06769, 1.714015, 0.2858845, 321.0087, 133.9002
-9.867816, 1.714015, 0.2789046, 336.7822, 133.8992
-9.863094, 1.714015, 0.4141163, 335.4633, 133.9183
-10.06297, 1.714015, 0.4210962, 319.9651, 133.9193
-10.06769, 1.969016, 0.2858844, 321.0087, 113.8894
-10.06769, 1.714015, 0.2858845, 321.0087, 133.9002
-10.06297, 1.714015, 0.4210962, 319.9651, 133.9193
-10.06297, 1.969016, 0.4210961, 319.9651, 114.2562
-9.867816, 1.969016, 0.2789046, 336.7822, 113.8701
-9.867816, 1.714015, 0.2789046, 336.7822, 133.8992
-10.06769, 1.714015, 0.2858845, 321.0087, 133.9002
-10.06769, 1.969016, 0.2858844, 321.0087, 113.8894
box_3_Hareli(Clone) stack 136 Shelf_1 Rack_1_1_1
-10.2529, 1.353857, 0.2491345, 306.7961, 162.2943
-10.45214, 1.353857, 0.2317034, 291.2029, 162.3569
-10.47131, 1.353857, 0.4508663, 288.2933, 161.5893
-10.27207, 1.353857, 0.4682974, 303.4565, 161.5301
-10.47131, 1.353857, 0.4508663, 288.2933, 161.5893
-10.47131, 1.203857, 0.4508663, 288.2933, 173.1117
-10.27207, 1.203857, 0.4682974, 303.4565, 173.0269
-10.27207, 1.353857, 0.4682974, 303.4565, 161.5301
-10.27207, 1.353857, 0.4682974, 303.4565, 161.5301
-10.27207, 1.203857, 0.4682974, 303.4565, 173.0269
-10.2529, 1.203857, 0.2491345, 306.7961, 174.1221
-10.2529, 1.353857, 0.2491345, 306.7961, 162.2943
-10.45214, 1.203857, 0.2317034, 291.2029, 174.212
-10.2529, 1.203857, 0.2491345, 306.7961, 174.1221
-10.27207, 1.203857, 0.4682974, 303.4565, 173.0269
-10.47131, 1.203857, 0.4508663, 288.2933, 173.1117
-10.45214, 1.353857, 0.2317034, 291.2029, 162.3569
-10.45214, 1.203857, 0.2317034, 291.2029, 174.212
-10.47131, 1.203857, 0.4508663, 288.2933, 173.1117
-10.47131, 1.353857, 0.4508663, 288.2933, 161.5893
-10.2529, 1.353857, 0.2491345, 306.7961, 162.2943
-10.2529, 1.203857, 0.2491345, 306.7961, 174.1221
-10.45214, 1.203857, 0.2317034, 291.2029, 174.212
-10.45214, 1.353857, 0.2317034, 291.2029, 162.3569
box_3_Hareli(Clone) stack 136 Shelf_1 Rack_1_1_1
-10.26404, 1.503857, 0.2382718, 306.0118, 150.4885
-10.46401, 1.503857, 0.2417623, 290.198, 150.4814
-10.46017, 1.503857, 0.4617289, 289.0808, 150.046
-10.2602, 1.503857, 0.4582384, 304.4492, 150.0527
-10.46017, 1.503857, 0.4617289, 289.0808, 150.046
-10.46017, 1.353857, 0.4617289, 289.0808, 161.5524
-10.2602, 1.353857, 0.4582384, 304.4492, 161.5642
-10.2602, 1.503857, 0.4582384, 304.4492, 150.0527
-10.2602, 1.503857, 0.4582384, 304.4492, 150.0527
-10.2602, 1.353857, 0.4582384, 304.4492, 161.5642
-10.26404, 1.353857, 0.2382719, 306.0118, 162.3333
-10.26404, 1.503857, 0.2382718, 306.0118, 150.4885
-10.46401, 1.353857, 0.2417624, 290.198, 162.3207
-10.26404, 1.353857, 0.2382719, 306.0118, 162.3333
-10.2602, 1.353857, 0.4582384, 304.4492, 161.5642
-10.46017, 1.353857, 0.4617289, 289.0808, 161.5524
-10.46401, 1.503857, 0.2417623, 290.198, 150.4814
-10.46401, 1.353857, 0.2417624, 290.198, 162.3207
-10.46017, 1.353857, 0.4617289, 289.0808, 161.5524
-10.46017, 1.503857, 0.4617289, 289.0808, 150.046
-10.26404, 1.503857, 0.2382718, 306.0118, 150.4885
-10.26404, 1.353857, 0.2382719, 306.0118, 162.3333
-10.46401, 1.353857, 0.2417624, 290.198, 162.3207
-10.46401, 1.503857, 0.2417623, 290.198, 150.4814
box_3_Hareli(Clone) stack 136 Shelf_1 Rack_1_1_1
-10.27207, 1.653857, 0.2317034, 305.4341, 138.6468
-10.47131, 1.653857, 0.2491345, 289.5736, 138.6385
-10.45214, 1.653857, 0.4682974, 289.6553, 138.5366
-10.2529, 1.653857, 0.4508663, 305.0709, 138.5445
-10.45214, 1.653857, 0.4682974, 289.6553, 138.5366
-10.45214, 1.503857, 0.4682974, 289.6553, 150.0334
-10.2529, 1.503857, 0.4508663, 305.0709, 150.0669
-10.2529, 1.653857, 0.4508663, 305.0709, 138.5445
-10.2529, 1.653857, 0.4508663, 305.0709, 138.5445
-10.2529, 1.503857, 0.4508663, 305.0709, 150.0669
-10.27207, 1.503857, 0.2317034, 305.4341, 150.5019
-10.27207, 1.653857, 0.2317034, 305.4341, 138.6468
-10.47131, 1.503857, 0.2491345, 289.5736, 150.4664
-10.27207, 1.503857, 0.2317034, 305.4341, 150.5019
-10.2529, 1.503857, 0.4508663, 305.0709, 150.0669
-10.45214, 1.503857, 0.4682974, 289.6553, 150.0334
-10.47131, 1.653857, 0.2491345, 289.5736, 138.6385
-10.47131, 1.503857, 0.2491345, 289.5736, 150.4664
-10.45214, 1.503857, 0.4682974, 289.6553, 150.0334
-10.45214, 1.653857, 0.4682974, 289.6553, 138.5366
-10.27207, 1.653857, 0.2317034, 305.4341, 138.6468
-10.27207, 1.503857, 0.2317034, 305.4341, 150.5019
-10.47131, 1.503857, 0.2491345, 289.5736, 150.4664
-10.47131, 1.653857, 0.2491345, 289.5736, 138.6385
box_5_LMRR(Clone) stack 138 Shelf_2 Rack_1_1_1
-9.185777, 2.531555, 0.2044918, 391.8322, 69.04276
-9.385654, 2.531555, 0.2114717, 375.853, 69.10355
-9.375735, 2.531555, 0.495509, 371.6984, 71.48622
-9.175858, 2.531555, 0.488529, 387.0957, 71.42973
-9.375735, 2.531555, 0.495509, 371.6984, 71.48622
-9.375735, 2.389055, 0.495509, 371.6984, 82.37032
-9.175858, 2.389055, 0.4885291, 387.0957, 82.32352
-9.175858, 2.531555, 0.488529, 387.0957, 71.42973
-9.175858, 2.531555, 0.488529, 387.0957, 71.42973
-9.175858, 2.389055, 0.4885291, 387.0957, 82.32352
-9.185777, 2.389055, 0.2044918, 391.8322, 80.34557
-9.185777, 2.531555, 0.2044918, 391.8322, 69.04276
-9.385654, 2.389055, 0.2114717, 375.853, 80.39597
-9.185777, 2.389055, 0.2044918, 391.8322, 80.34557
-9.175858, 2.389055, 0.4885291, 387.0957, 82.32352
-9.375735, 2.389055, 0.495509, 371.6984, 82.37032
-9.385654, 2.531555, 0.2114717, 375.853, 69.10355
-9.385654, 2.389055, 0.2114717, 375.853, 80.39597
-9.375735, 2.389055, 0.495509, 371.6984, 82.37032
-9.375735, 2.531555, 0.495509, 371.6984, 71.48622
-9.185777, 2.531555, 0.2044918, 391.8322, 69.04276
-9.185777, 2.389055, 0.2044918, 391.8322, 80.34557
-9.385654, 2.389055, 0.2114717, 375.853, 80.39597
-9.385654, 2.531555, 0.2114717, 375.853, 69.10355
box_5_LMRR(Clone) stack 138 Shelf_2 Rack_1_1_1
-9.180756, 2.674055, 0.2078952, 392.162, 57.77469
-9.380756, 2.674055, 0.2078952, 376.3055, 57.77469
-9.380756, 2.674055, 0.4921055, 371.3719, 60.56989
-9.180756, 2.674055, 0.4921055, 386.6544, 60.56989
-9.380756, 2.674055, 0.4921055, 371.3719, 60.56989
-9.380756, 2.531555, 0.4921056, 371.3719, 71.45871
-9.180756, 2.531555, 0.4921056, 386.6544, 71.45871
-9.180756, 2.674055, 0.4921055, 386.6544, 60.56989
-9.180756, 2.674055, 0.4921055, 386.6544, 60.56989
-9.180756, 2.531555, 0.4921056, 386.6544, 71.45871
-9.180756, 2.531555, 0.2078952, 392.162, 69.07242
-9.180756, 2.674055, 0.2078952, 392.162, 57.77469
-9.380756, 2.531555, 0.2078952, 376.3055, 69.07242
-9.180756, 2.531555, 0.2078952, 392.162, 69.07242
-9.180756, 2.531555, 0.4921056, 386.6544, 71.45871
-9.380756, 2.531555, 0.4921056, 371.3719, 71.45871
-9.380756, 2.674055, 0.2078952, 376.3055, 57.77469
-9.380756, 2.531555, 0.2078952, 376.3055, 69.07242
-9.380756, 2.531555, 0.4921056, 371.3719, 71.45871
-9.380756, 2.674055, 0.4921055, 371.3719, 60.56989
-9.180756, 2.674055, 0.2078952, 392.162, 57.77469
-9.180756, 2.531555, 0.2078952, 392.162, 69.07242
-9.380756, 2.531555, 0.2078952, 376.3055, 69.07242
-9.380756, 2.674055, 0.2078952, 376.3055, 57.77469
box_8_lizol(Clone) stack 139 Shelf_2 Rack_1_1_1
-9.561111, 2.565368, 0.2319989, 361.6192, 66.60945
-9.760838, 2.565368, 0.2215317, 345.9808, 66.51503
-9.773754, 2.565368, 0.4680019, 341.6539, 68.67131
-9.574028, 2.565368, 0.4784691, 356.8063, 68.75989
-9.773754, 2.565368, 0.4680019, 341.6539, 68.67131
-9.773754, 2.389118, 0.4680019, 341.6539, 82.18053
-9.574028, 2.389118, 0.4784691, 356.8063, 82.25104
-9.574028, 2.565368, 0.4784691, 356.8063, 68.75989
-9.574028, 2.565368, 0.4784691, 356.8063, 68.75989
-9.574028, 2.389118, 0.4784691, 356.8063, 82.25104
-9.561111, 2.389118, 0.2319989, 361.6192, 80.53859
-9.561111, 2.565368, 0.2319989, 361.6192, 66.60945
-9.760838, 2.389118, 0.2215317, 345.9808, 80.46341
-9.561111, 2.389118, 0.2319989, 361.6192, 80.53859
-9.574028, 2.389118, 0.4784691, 356.8063, 82.25104
-9.773754, 2.389118, 0.4680019, 341.6539, 82.18053
-9.760838, 2.565368, 0.2215317, 345.9808, 66.51503
-9.760838, 2.389118, 0.2215317, 345.9808, 80.46341
-9.773754, 2.389118, 0.4680019, 341.6539, 82.18053
-9.773754, 2.565368, 0.4680019, 341.6539, 68.67131
-9.561111, 2.565368, 0.2319989, 361.6192, 66.60945
-9.561111, 2.389118, 0.2319989, 361.6192, 80.53859
-9.760838, 2.389118, 0.2215317, 345.9808, 80.46341
-9.760838, 2.565368, 0.2215317, 345.9808, 66.51503
box_8_lizol(Clone) stack 139 Shelf_2 Rack_1_1_1
-9.58088, 2.741618, 0.2168193, 360.2974, 52.5154
-9.779784, 2.741618, 0.237725, 344.2587, 52.74236
-9.753985, 2.741618, 0.4831815, 342.9695, 55.31665
-9.555081, 2.741618, 0.4622758, 358.5014, 55.10368
-9.753985, 2.741618, 0.4831815, 342.9695, 55.31665
-9.753985, 2.565368, 0.4831815, 342.9695, 68.7997
-9.555081, 2.565368, 0.4622758, 358.5014, 68.62276
-9.555081, 2.741618, 0.4622758, 358.5014, 55.10368
-9.555081, 2.741618, 0.4622758, 358.5014, 55.10368
-9.555081, 2.565368, 0.4622758, 358.5014, 68.62276
-9.58088, 2.565368, 0.2168193, 360.2974, 66.47241
-9.58088, 2.741618, 0.2168193, 360.2974, 52.5154
-9.779784, 2.565368, 0.237725, 344.2587, 66.661
-9.58088, 2.565368, 0.2168193, 360.2974, 66.47241
-9.555081, 2.565368, 0.4622758, 358.5014, 68.62276
-9.753985, 2.565368, 0.4831815, 342.9695, 68.7997
-9.779784, 2.741618, 0.237725, 344.2587, 52.74236
-9.779784, 2.565368, 0.237725, 344.2587, 66.661
-9.753985, 2.565368, 0.4831815, 342.9695, 68.7997
-9.753985, 2.741618, 0.4831815, 342.9695, 55.31665
-9.58088, 2.741618, 0.2168193, 360.2974, 52.5154
-9.58088, 2.565368, 0.2168193, 360.2974, 66.47241
-9.779784, 2.565368, 0.237725, 344.2587, 66.661
-9.779784, 2.741618, 0.237725, 344.2587, 52.74236
box_8_lizol(Clone) stack 139 Shelf_2 Rack_1_1_1
-9.559068, 2.917868, 0.2338724, 361.7507, 38.7749
-9.758581, 2.917868, 0.2199211, 346.1819, 38.59781
-9.775798, 2.917868, 0.4661284, 341.5216, 41.63057
-9.576284, 2.917868, 0.4800797, 356.6096, 41.79674
-9.775798, 2.917868, 0.4661284, 341.5216, 41.63057
-9.775798, 2.741618, 0.4661284, 341.5216, 55.14302
-9.576284, 2.741618, 0.4800797, 356.6096, 55.28513
-9.576284, 2.917868, 0.4800797, 356.6096, 41.79674
-9.576284, 2.917868, 0.4800797, 356.6096, 41.79674
-9.576284, 2.741618, 0.4800797, 356.6096, 55.28513
-9.559068, 2.741618, 0.2338724, 361.7507, 52.70061
-9.559068, 2.917868, 0.2338724, 361.7507, 38.7749
-9.758581, 2.741618, 0.2199211, 346.1819, 52.54915
-9.559068, 2.741618, 0.2338724, 361.7507, 52.70061
-9.576284, 2.741618, 0.4800797, 356.6096, 55.28513
-9.775798, 2.741618, 0.4661284, 341.5216, 55.14302
-9.758581, 2.917868, 0.2199211, 346.1819, 38.59781
-9.758581, 2.741618, 0.2199211, 346.1819, 52.54915
-9.775798, 2.741618, 0.4661284, 341.5216, 55.14302
-9.775798, 2.917868, 0.4661284, 341.5216, 41.63057
-9.559068, 2.917868, 0.2338724, 361.7507, 38.7749
-9.559068, 2.741618, 0.2338724, 361.7507, 52.70061
-9.758581, 2.741618, 0.2199211, 346.1819, 52.54915
-9.758581, 2.917868, 0.2199211, 346.1819, 38.59781
box_8_lizol(Clone) stack 139 Shelf_2 Rack_1_1_1
-9.58088, 3.094118, 0.2168193, 360.2974, 24.6013
-9.779784, 3.094118, 0.237725, 344.2587, 24.90509
-9.753985, 3.094118, 0.4831815, 342.9695, 28.35056
-9.555081, 3.094118, 0.4622758, 358.5014, 28.06554
-9.753985, 3.094118, 0.4831815, 342.9695, 28.35056
-9.753985, 2.917868, 0.4831815, 342.9695, 41.83359
-9.555081, 2.917868, 0.4622758, 358.5014, 41.58461
-9.555081, 3.094118, 0.4622758, 358.5014, 28.06554
-9.555081, 3.094118, 0.4622758, 358.5014, 28.06554
-9.555081, 2.917868, 0.4622758, 358.5014, 41.58461
-9.58088, 2.917868, 0.2168193, 360.2974, 38.55835
-9.58088, 3.094118, 0.2168193, 360.2974, 24.6013
-9.779784, 2.917868, 0.237725, 344.2587, 38.8237
-9.58088, 2.917868, 0.2168193, 360.2974, 38.55835
-9.555081, 2.917868, 0.4622758, 358.5014, 41.58461
-9.753985, 2.917868, 0.4831815, 342.9695, 41.83359
-9.779784, 3.094118, 0.237725, 344.2587, 24.90509
-9.779784, 2.917868, 0.237725, 344.2587, 38.8237
-9.753985, 2.917868, 0.4831815, 342.9695, 41.83359
-9.753985, 3.094118, 0.4831815, 342.9695, 28.35056
-9.58088, 3.094118, 0.2168193, 360.2974, 24.6013
-9.58088, 2.917868, 0.2168193, 360.2974, 38.55835
-9.779784, 2.917868, 0.237725, 344.2587, 38.8237
-9.779784, 3.094118, 0.237725, 344.2587, 24.90509
box_3_Hareli(Clone) stack 140 Shelf_2 Rack_1_1_1
-9.956803, 2.538451, 0.2332926, 330.3321, 68.74805
-10.15632, 2.538451, 0.2472439, 314.4304, 68.86955
-10.14097, 2.538451, 0.4667081, 313.5198, 70.72386
-9.941457, 2.538451, 0.4527568, 328.9731, 70.60909
-10.14097, 2.538451, 0.4667081, 313.5198, 70.72386
-10.14097, 2.388451, 0.4667081, 313.5198, 82.22295
-9.941457, 2.388451, 0.4527568, 328.9731, 82.12871
-9.941457, 2.538451, 0.4527568, 328.9731, 70.60909
-9.941457, 2.538451, 0.4527568, 328.9731, 70.60909
-9.941457, 2.388451, 0.4527568, 328.9731, 82.12871
-9.956803, 2.388451, 0.2332927, 330.3321, 80.60062
-9.956803, 2.538451, 0.2332926, 330.3321, 68.74805
-10.15632, 2.388451, 0.247244, 314.4304, 80.70038
-9.956803, 2.388451, 0.2332927, 330.3321, 80.60062
-9.941457, 2.388451, 0.4527568, 328.9731, 82.12871
-10.14097, 2.388451, 0.4667081, 313.5198, 82.22295
-10.15632, 2.538451, 0.2472439, 314.4304, 68.86955
-10.15632, 2.388451, 0.247244, 314.4304, 80.70038
-10.14097, 2.388451, 0.4667081, 313.5198, 82.22295
-10.14097, 2.538451, 0.4667081, 313.5198, 70.72386
-9.956803, 2.538451, 0.2332926, 330.3321, 68.74805
-9.956803, 2.388451, 0.2332927, 330.3321, 80.60062
-10.15632, 2.388451, 0.247244, 314.4304, 80.70038
-10.15632, 2.538451, 0.2472439, 314.4304, 68.86955
box_3_Hareli(Clone) stack 140 Shelf_2 Rack_1_1_1
-9.950821, 2.688451, 0.2382718, 330.7452, 56.94664
-10.15079, 2.688451, 0.2417623, 314.9201, 56.98248
-10.14695, 2.688451, 0.4617289, 313.1077, 59.17654
-9.946981, 2.688451, 0.4582384, 328.4868, 59.14267
-10.14695, 2.688451, 0.4617289, 313.1077, 59.17654
-10.14695, 2.538451, 0.4617289, 313.1077, 70.68292
-9.946981, 2.538451, 0.4582384, 328.4868, 70.65422
-9.946981, 2.688451, 0.4582384, 328.4868, 59.14267
-9.946981, 2.688451, 0.4582384, 328.4868, 59.14267
-9.946981, 2.538451, 0.4582384, 328.4868, 70.65422
-9.950821, 2.538451, 0.2382719, 330.7452, 68.79146
-9.950821, 2.688451, 0.2382718, 330.7452, 56.94664
-10.15079, 2.538451, 0.2417624, 314.9201, 68.82185
-9.950821, 2.538451, 0.2382719, 330.7452, 68.79146
-9.946981, 2.538451, 0.4582384, 328.4868, 70.65422
-10.14695, 2.538451, 0.4617289, 313.1077, 70.68292
-10.15079, 2.688451, 0.2417623, 314.9201, 56.98248
-10.15079, 2.538451, 0.2417624, 314.9201, 68.82185
-10.14695, 2.538451, 0.4617289, 313.1077, 70.68292
-10.14695, 2.688451, 0.4617289, 313.1077, 59.17654
-9.950821, 2.688451, 0.2382718, 330.7452, 56.94664
-9.950821, 2.538451, 0.2382719, 330.7452, 68.79146
-10.15079, 2.538451, 0.2417624, 314.9201, 68.82185
-10.15079, 2.688451, 0.2417623, 314.9201, 56.98248
box_6_melody(Clone) stack 143 Shelf_0 Rack_1_1_2
-11.61188, 0.2073492, 0.2391725, 199.5842, 252.8537
-11.81112, 0.2073492, 0.2217414, 183.724, 253.1246
-11.83203, 0.2073493, 0.4608282, 183.8397, 249.5135
-11.63279, 0.2073493, 0.4782594, 199.2158, 249.2589
-11.83203, 0.2073493, 0.4608282, 183.8397, 249.5135
-11.83203, 0.01984931, 0.4608282, 183.8397, 263.8982
-11.63279, 0.01984931, 0.4782594, 199.2158, 263.6115
-11.63279, 0.2073493, 0.4782594, 199.2158, 249.2589
-11.63279, 0.2073493, 0.4782594, 199.2158, 249.2589
-11.63279, 0.01984931, 0.4782594, 199.2158, 263.6115
-11.61188, 0.01984931, 0.2391725, 199.5842, 267.6579
-11.61188, 0.2073492, 0.2391725, 199.5842, 252.8537
-11.81112, 0.01984931, 0.2217414, 183.724, 267.9629
-11.61188, 0.01984931, 0.2391725, 199.5842, 267.6579
-11.63279, 0.01984931, 0.4782594, 199.2158, 263.6115
-11.83203, 0.01984931, 0.4608282, 183.8397, 263.8982
-11.81112, 0.2073492, 0.2217414, 183.724, 253.1246
-11.81112, 0.01984931, 0.2217414, 183.724, 267.9629
-11.83203, 0.01984931, 0.4608282, 183.8397, 263.8982
-11.83203, 0.2073493, 0.4608282, 183.8397, 249.5135
-11.61188, 0.2073492, 0.2391725, 199.5842, 252.8537
-11.61188, 0.01984931, 0.2391725, 199.5842, 267.6579
-11.81112, 0.01984931, 0.2217414, 183.724, 267.9629
-11.81112, 0.2073492, 0.2217414, 183.724, 253.1246
box_6_melody(Clone) stack 143 Shelf_0 Rack_1_1_2
-11.60996, 0.3948492, 0.2411106, 199.7459, 238.0232
-11.80886, 0.3948492, 0.2202049, 183.8909, 238.3073
-11.83395, 0.3948492, 0.4588902, 183.6786, 235.1537
-11.63505, 0.3948492, 0.4797959, 199.0514, 234.8866
-11.83395, 0.3948492, 0.4588902, 183.6786, 235.1537
-11.83395, 0.2073492, 0.4588902, 183.6786, 249.5419
-11.63505, 0.2073492, 0.4797959, 199.0514, 249.2365
-11.63505, 0.3948492, 0.4797959, 199.0514, 234.8866
-11.63505, 0.3948492, 0.4797959, 199.0514, 234.8866
-11.63505, 0.2073492, 0.4797959, 199.0514, 249.2365
-11.60996, 0.2073492, 0.2411106, 199.7459, 252.8237
-11.60996, 0.3948492, 0.2411106, 199.7459, 238.0232
-11.80886, 0.2073492, 0.2202049, 183.8909, 253.1486
-11.60996, 0.2073492, 0.2411106, 199.7459, 252.8237
-11.63505, 0.2073492, 0.4797959, 199.0514, 249.2365
-11.83395, 0.2073492, 0.4588902, 183.6786, 249.5419
-11.80886, 0.3948492, 0.2202049, 183.8909, 238.3073
-11.80886, 0.2073492, 0.2202049, 183.8909, 253.1486
-11.83395, 0.2073492, 0.4588902, 183.6786, 249.5419
-11.83395, 0.3948492, 0.4588902, 183.6786, 235.1537
-11.60996, 0.3948492, 0.2411106, 199.7459, 238.0232
-11.60996, 0.2073492, 0.2411106, 199.7459, 252.8237
-11.80886, 0.2073492, 0.2202049, 183.8909, 253.1486
-11.80886, 0.3948492, 0.2202049, 183.8909, 238.3073
box_6_melody(Clone) stack 143 Shelf_0 Rack_1_1_2
-11.63279, 0.5823491, 0.2217414, 197.836, 223.4481
-11.83203, 0.5823491, 0.2391725, 182.2016, 223.2452
-11.81112, 0.5823491, 0.4782594, 185.5657, 220.5535
-11.61188, 0.5823491, 0.4608282, 200.7296, 220.7442
-11.81112, 0.5823491, 0.4782594, 185.5657, 220.5535
-11.81112, 0.3948492, 0.4782594, 185.5657, 234.9062
-11.61188, 0.3948492, 0.4608282, 200.7296, 235.1289
-11.61188, 0.5823491, 0.4608282, 200.7296, 220.7442
-11.61188, 0.5823491, 0.4608282, 200.7296, 220.7442
-11.61188, 0.3948492, 0.4608282, 200.7296, 235.1289
-11.63279, 0.3948492, 0.2217414, 197.836, 238.2864
-11.63279, 0.5823491, 0.2217414, 197.836, 223.4481
-11.83203, 0.3948492, 0.2391725, 182.2016, 238.0495
-11.63279, 0.3948492, 0.2217414, 197.836, 238.2864
-11.61188, 0.3948492, 0.4608282, 200.7296, 235.1289
-11.81112, 0.3948492, 0.4782594, 185.5657, 234.9062
-11.83203, 0.5823491, 0.2391725, 182.2016, 223.2452
-11.83203, 0.3948492, 0.2391725, 182.2016, 238.0495
-11.81112, 0.3948492, 0.4782594, 185.5657, 234.9062
-11.81112, 0.5823491, 0.4782594, 185.5657, 220.5535
-11.63279, 0.5823491, 0.2217414, 197.836, 223.4481
-11.63279, 0.3948492, 0.2217414, 197.836, 238.2864
-11.83203, 0.3948492, 0.2391725, 182.2016, 238.0495
-11.83203, 0.5823491, 0.2391725, 182.2016, 223.2452
box_6_melody(Clone) stack 143 Shelf_0 Rack_1_1_2
-11.62406, 0.7698491, 0.2282733, 198.5625, 208.5464
-11.82403, 0.7698491, 0.2317638, 182.7773, 208.5126
-11.81985, 0.7698491, 0.4717274, 184.8515, 206.2602
-11.61988, 0.7698491, 0.4682369, 200.1537, 206.292
-11.81985, 0.7698491, 0.4717274, 184.8515, 206.2602
-11.81985, 0.5823491, 0.4717274, 184.8515, 220.6249
-11.61988, 0.5823491, 0.4682369, 200.1537, 220.663
-11.61988, 0.7698491, 0.4682369, 200.1537, 206.292
-11.61988, 0.7698491, 0.4682369, 200.1537, 206.292
-11.61988, 0.5823491, 0.4682369, 200.1537, 220.663
-11.62406, 0.5823491, 0.2282734, 198.5625, 223.3719
-11.62406, 0.7698491, 0.2282733, 198.5625, 208.5464
-11.82403, 0.5823491, 0.2317638, 182.7773, 223.3313
-11.62406, 0.5823491, 0.2282734, 198.5625, 223.3719
-11.61988, 0.5823491, 0.4682369, 200.1537, 220.663
-11.81985, 0.5823491, 0.4717274, 184.8515, 220.6249
-11.82403, 0.7698491, 0.2317638, 182.7773, 208.5126
-11.82403, 0.5823491, 0.2317638, 182.7773, 223.3313
-11.81985, 0.5823491, 0.4717274, 184.8515, 220.6249
-11.81985, 0.7698491, 0.4717274, 184.8515, 206.2602
-11.62406, 0.7698491, 0.2282733, 198.5625, 208.5464
-11.62406, 0.5823491, 0.2282734, 198.5625, 223.3719
-11.82403, 0.5823491, 0.2317638, 182.7773, 223.3313
-11.82403, 0.7698491, 0.2317638, 182.7773, 208.5126
box_1_Parle-G-GOLD(Clone) stack 144 Shelf_0 Rack_1_1_2
-11.2386, 0.1916559, 0.2586173, 229.0846, 253.7888
-11.43711, 0.1916559, 0.2342434, 213.3659, 254.1701
-11.46254, 0.1916559, 0.4413835, 212.1169, 251.0059
-11.26403, 0.1916559, 0.4657574, 227.4235, 250.6446
-11.46254, 0.1916559, 0.4413835, 212.1169, 251.0059
-11.46254, 0.0191559, 0.4413835, 212.1169, 264.2728
-11.26403, 0.0191559, 0.4657574, 227.4235, 263.8701
-11.26403, 0.1916559, 0.4657574, 227.4235, 250.6446
-11.26403, 0.1916559, 0.4657574, 227.4235, 250.6446
-11.26403, 0.0191559, 0.4657574, 227.4235, 263.8701
-11.2386, 0.0191559, 0.2586173, 229.0846, 267.374
-11.2386, 0.1916559, 0.2586173, 229.0846, 253.7888
-11.43711, 0.0191559, 0.2342434, 213.3659, 267.7988
-11.2386, 0.0191559, 0.2586173, 229.0846, 267.374
-11.26403, 0.0191559, 0.4657574, 227.4235, 263.8701
-11.46254, 0.0191559, 0.4413835, 212.1169, 264.2728
-11.43711, 0.1916559, 0.2342434, 213.3659, 254.1701
-11.43711, 0.0191559, 0.2342434, 213.3659, 267.7988
-11.46254, 0.0191559, 0.4413835, 212.1169, 264.2728
-11.46254, 0.1916559, 0.4413835, 212.1169, 251.0059
-11.2386, 0.1916559, 0.2586173, 229.0846, 253.7888
-11.2386, 0.0191559, 0.2586173, 229.0846, 267.374
-11.43711, 0.0191559, 0.2342434, 213.3659, 267.7988
-11.43711, 0.1916559, 0.2342434, 213.3659, 254.1701
box_1_Parle-G-GOLD(Clone) stack 144 Shelf_0 Rack_1_1_2
-11.25057, 0.3641559, 0.2456525, 228.1216, 240.383
-11.45057, 0.3641559, 0.2456525, 212.3438, 240.383
-11.45057, 0.3641559, 0.4543482, 213.0824, 237.5686
-11.25057, 0.3641559, 0.4543482, 228.4388, 237.5686
-11.45057, 0.3641559, 0.4543482, 213.0824, 237.5686
-11.45057, 0.1916559, 0.4543482, 213.0824, 250.8134
-11.25057, 0.1916559, 0.4543482, 228.4388, 250.8134
-11.25057, 0.3641559, 0.4543482, 228.4388, 237.5686
-11.25057, 0.3641559, 0.4543482, 228.4388, 237.5686
-11.25057, 0.1916559, 0.4543482, 228.4388, 250.8134
-11.25057, 0.1916559, 0.2456525, 228.1216, 253.9913
-11.25057, 0.3641559, 0.2456525, 228.1216, 240.383
-11.45057, 0.1916559, 0.2456525, 212.3438, 253.9913
-11.25057, 0.1916559, 0.2456525, 228.1216, 253.9913
-11.25057, 0.1916559, 0.4543482, 228.4388, 250.8134
-11.45057, 0.1916559, 0.4543482, 213.0824, 250.8134
-11.45057, 0.3641559, 0.2456525, 212.3438, 240.383
-11.45057, 0.1916559, 0.2456525, 212.3438, 253.9913
-11.45057, 0.1916559, 0.4543482, 213.0824, 250.8134
-11.45057, 0.3641559, 0.4543482, 213.0824, 237.5686
-11.25057, 0.3641559, 0.2456525, 228.1216, 240.383
-11.25057, 0.1916559, 0.2456525, 228.1216, 253.9913
-11.45057, 0.1916559, 0.2456525, 212.3438, 253.9913
-11.45057, 0.3641559, 0.2456525, 212.3438, 240.383
box_1_Parle-G-GOLD(Clone) stack 144 Shelf_0 Rack_1_1_2
-11.24186, 0.5366558, 0.2547652, 228.8223, 226.6649
-11.4411, 0.5366558, 0.2373341, 213.0618, 226.8752
-11.45929, 0.5366558, 0.4452356, 212.3811, 224.428
-11.26005, 0.5366558, 0.4626667, 227.7243, 224.2287
-11.45929, 0.5366558, 0.4452356, 212.3811, 224.428
-11.45929, 0.3641559, 0.4452356, 212.3811, 237.6883
-11.26005, 0.3641559, 0.4626667, 227.7243, 237.4595
-11.26005, 0.5366558, 0.4626667, 227.7243, 224.2287
-11.26005, 0.5366558, 0.4626667, 227.7243, 224.2287
-11.26005, 0.3641559, 0.4626667, 227.7243, 237.4595
-11.24186, 0.3641559, 0.2547652, 228.8223, 240.2569
-11.24186, 0.5366558, 0.2547652, 228.8223, 226.6649
-11.4411, 0.3641559, 0.237334, 213.0618, 240.4984
-11.24186, 0.3641559, 0.2547652, 228.8223, 240.2569
-11.26005, 0.3641559, 0.4626667, 227.7243, 237.4595
-11.45929, 0.3641559, 0.4452356, 212.3811, 237.6883
-11.4411, 0.5366558, 0.2373341, 213.0618, 226.8752
-11.4411, 0.3641559, 0.237334, 213.0618, 240.4984
-11.45929, 0.3641559, 0.4452356, 212.3811, 237.6883
-11.45929, 0.5366558, 0.4452356, 212.3811, 224.428
-11.24186, 0.5366558, 0.2547652, 228.8223, 226.6649
-11.24186, 0.3641559, 0.2547652, 228.8223, 240.2569
-11.4411, 0.3641559, 0.237334, 213.0618, 240.4984
-11.4411, 0.5366558, 0.2373341, 213.0618, 226.8752
box_1_Parle-G-GOLD(Clone) stack 144 Shelf_0 Rack_1_1_2
-11.24354, 0.7091558, 0.2528824, 228.6873, 213.0922
-11.44305, 0.7091558, 0.2389311, 212.9133, 213.2355
-11.45761, 0.7091558, 0.4471184, 212.5168, 211.1493
-11.25809, 0.7091558, 0.4610697, 227.8716, 211.0135
-11.45761, 0.7091558, 0.4471184, 212.5168, 211.1493
-11.45761, 0.5366558, 0.4471184, 212.5168, 224.4064
-11.25809, 0.5366558, 0.4610697, 227.8716, 224.2469
-11.25809, 0.7091558, 0.4610697, 227.8716, 211.0135
-11.25809, 0.7091558, 0.4610697, 227.8716, 211.0135
-11.25809, 0.5366558, 0.4610697, 227.8716, 224.2469
-11.24354, 0.5366558, 0.2528824, 228.6873, 226.6876
-11.24354, 0.7091558, 0.2528824, 228.6873, 213.0922
-11.44305, 0.5366558, 0.2389311, 212.9133, 226.8559
-11.24354, 0.5366558, 0.2528824, 228.6873, 226.6876
-11.25809, 0.5366558, 0.4610697, 227.8716, 224.2469
-11.45761, 0.5366558, 0.4471184, 212.5168, 224.4064
-11.44305, 0.7091558, 0.2389311, 212.9133, 213.2355
-11.44305, 0.5366558, 0.2389311, 212.9133, 226.8559
-11.45761, 0.5366558, 0.4471184, 212.5168, 224.4064
-11.45761, 0.7091558, 0.4471184, 212.5168, 211.1493
-11.24354, 0.7091558, 0.2528824, 228.6873, 213.0922
-11.24354, 0.5366558, 0.2528824, 228.6873, 226.6876
-11.44305, 0.5366558, 0.2389311, 212.9133, 226.8559
-11.44305, 0.7091558, 0.2389311, 212.9133, 213.2355
box_1_Parle-G-GOLD(Clone) stack 144 Shelf_0 Rack_1_1_2
-11.2386, 0.8816558, 0.2586173, 229.0846, 199.4483
-11.43711, 0.8816558, 0.2342434, 213.3659, 199.6551
-11.46254, 0.8816558, 0.4413835, 212.1169, 197.9384
-11.26403, 0.8816558, 0.4657574, 227.4235, 197.7424
-11.46254, 0.8816558, 0.4413835, 212.1169, 197.9384
-11.46254, 0.7091558, 0.4413835, 212.1169, 211.2053
-11.26403, 0.7091558, 0.4657574, 227.4235, 210.9679
-11.26403, 0.8816558, 0.4657574, 227.4235, 197.7424
-11.26403, 0.8816558, 0.4657574, 227.4235, 197.7424
-11.26403, 0.7091558, 0.4657574, 227.4235, 210.9679
-11.2386, 0.7091558, 0.2586173, 229.0846, 213.0334
-11.2386, 0.8816558, 0.2586173, 229.0846, 199.4483
-11.43711, 0.7091558, 0.2342434, 213.3659, 213.2838
-11.2386, 0.7091558, 0.2586173, 229.0846, 213.0334
-11.26403, 0.7091558, 0.4657574, 227.4235, 210.9679
-11.46254, 0.7091558, 0.4413835, 212.1169, 211.2053
-11.43711, 0.8816558, 0.2342434, 213.3659, 199.6551
-11.43711, 0.7091558, 0.2342434, 213.3659, 213.2838
-11.46254, 0.7091558, 0.4413835, 212.1169, 211.2053
-11.46254, 0.8816558, 0.4413835, 212.1169, 197.9384
-11.2386, 0.8816558, 0.2586173, 229.0846, 199.4483
-11.2386, 0.7091558, 0.2586173, 229.0846, 213.0334
-11.43711, 0.7091558, 0.2342434, 213.3659, 213.2838
-11.43711, 0.8816558, 0.2342434, 213.3659, 199.6551
box_7_litchi(Clone) stack 145 Shelf_1 Rack_1_1_2
-10.91419, 1.414419, 0.2432683, 254.6626, 157.5362
-11.11371, 1.414419, 0.2572196, 238.9203, 157.4949
-11.09976, 1.414419, 0.4567324, 240.0187, 156.9208
-10.90024, 1.414419, 0.4427811, 255.3605, 156.96
-11.09976, 1.414419, 0.4567324, 240.0187, 156.9208
-11.09976, 1.204419, 0.4567324, 240.0187, 173.04
-10.90024, 1.204419, 0.4427811, 255.3605, 173.108
-10.90024, 1.414419, 0.4427811, 255.3605, 156.96
-10.90024, 1.414419, 0.4427811, 255.3605, 156.96
-10.90024, 1.204419, 0.4427811, 255.3605, 173.108
-10.91419, 1.204419, 0.2432683, 254.6626, 174.108
-10.91419, 1.414419, 0.2432683, 254.6626, 157.5362
-11.11371, 1.204419, 0.2572196, 238.9203, 174.0364
-10.91419, 1.204419, 0.2432683, 254.6626, 174.108
-10.90024, 1.204419, 0.4427811, 255.3605, 173.108
-11.09976, 1.204419, 0.4567324, 240.0187, 173.04
-11.11371, 1.414419, 0.2572196, 238.9203, 157.4949
-11.11371, 1.204419, 0.2572196, 238.9203, 174.0364
-11.09976, 1.204419, 0.4567324, 240.0187, 173.04
-11.09976, 1.414419, 0.4567324, 240.0187, 156.9208
-10.91419, 1.414419, 0.2432683, 254.6626, 157.5362
-10.91419, 1.204419, 0.2432683, 254.6626, 174.108
-11.11371, 1.204419, 0.2572196, 238.9203, 174.0364
-11.11371, 1.414419, 0.2572196, 238.9203, 157.4949
box_7_litchi(Clone) stack 145 Shelf_1 Rack_1_1_2
-10.90524, 1.624419, 0.2517608, 255.3517, 140.9577
-11.10521, 1.624419, 0.2482703, 239.5888, 140.9604
-11.1087, 1.624419, 0.4482399, 239.3311, 140.8078
-10.90873, 1.624419, 0.4517304, 254.6906, 140.8052
-11.1087, 1.624419, 0.4482399, 239.3311, 140.8078
-11.1087, 1.414419, 0.4482399, 239.3311, 156.9446
-10.90873, 1.414419, 0.4517304, 254.6906, 156.9348
-10.90873, 1.624419, 0.4517304, 254.6906, 140.8052
-10.90873, 1.624419, 0.4517304, 254.6906, 140.8052
-10.90873, 1.414419, 0.4517304, 254.6906, 156.9348
-10.90524, 1.414419, 0.2517608, 255.3517, 157.511
-10.90524, 1.624419, 0.2517608, 255.3517, 140.9577
-11.10521, 1.414419, 0.2482704, 239.5888, 157.5214
-10.90524, 1.414419, 0.2517608, 255.3517, 157.511
-10.90873, 1.414419, 0.4517304, 254.6906, 156.9348
-11.1087, 1.414419, 0.4482399, 239.3311, 156.9446
-11.10521, 1.624419, 0.2482703, 239.5888, 140.9604
-11.10521, 1.414419, 0.2482704, 239.5888, 157.5214
-11.1087, 1.414419, 0.4482399, 239.3311, 156.9446
-11.1087, 1.624419, 0.4482399, 239.3311, 140.8078
-10.90524, 1.624419, 0.2517608, 255.3517, 140.9577
-10.90524, 1.414419, 0.2517608, 255.3517, 157.511
-11.10521, 1.414419, 0.2482704, 239.5888, 157.5214
-11.10521, 1.624419, 0.2482703, 239.5888, 140.9604
box_8_lizol(Clone) stack 146 Shelf_1 Rack_1_1_2
-11.30358, 1.380775, 0.2231813, 223.8925, 160.2579
-11.50346, 1.380775, 0.2301612, 208.1069, 160.2347
-11.49484, 1.380775, 0.4768194, 209.7702, 159.4404
-11.29496, 1.380775, 0.4698395, 225.0599, 159.4622
-11.49484, 1.380775, 0.4768194, 209.7702, 159.4404
-11.49484, 1.204525, 0.4768195, 209.7702, 172.9344
-11.29496, 1.204525, 0.4698395, 225.0599, 172.9682
-11.29496, 1.380775, 0.4698395, 225.0599, 159.4622
-11.29496, 1.380775, 0.4698395, 225.0599, 159.4622
-11.29496, 1.204525, 0.4698395, 225.0599, 172.9682
-11.30358, 1.204525, 0.2231813, 223.8925, 174.2032
-11.30358, 1.380775, 0.2231813, 223.8925, 160.2579
-11.50346, 1.204525, 0.2301612, 208.1069, 174.1672
-11.30358, 1.204525, 0.2231813, 223.8925, 174.2032
-11.29496, 1.204525, 0.4698395, 225.0599, 172.9682
-11.49484, 1.204525, 0.4768195, 209.7702, 172.9344
-11.50346, 1.380775, 0.2301612, 208.1069, 160.2347
-11.50346, 1.204525, 0.2301612, 208.1069, 174.1672
-11.49484, 1.204525, 0.4768195, 209.7702, 172.9344
-11.49484, 1.380775, 0.4768194, 209.7702, 159.4404
-11.30358, 1.380775, 0.2231813, 223.8925, 160.2579
-11.30358, 1.204525, 0.2231813, 223.8925, 174.2032
-11.50346, 1.204525, 0.2301612, 208.1069, 174.1672
-11.50346, 1.380775, 0.2301612, 208.1069, 160.2347
box_5_LMRR(Clone) stack 147 Shelf_1 Rack_1_1_2
-11.70386, 1.346961, 0.1982208, 192.0632, 163.0255
-11.90277, 1.346961, 0.2191265, 176.4492, 162.9482
-11.87306, 1.346961, 0.5017799, 181.0013, 161.9434
-11.67415, 1.346961, 0.4808742, 196.0646, 162.0153
-11.87306, 1.346961, 0.5017799, 181.0013, 161.9434
-11.87306, 1.204461, 0.5017799, 181.0013, 172.8188
-11.67415, 1.204461, 0.4808742, 196.0646, 172.9196
-11.67415, 1.346961, 0.4808742, 196.0646, 162.0153
-11.67415, 1.346961, 0.4808742, 196.0646, 162.0153
-11.67415, 1.204461, 0.4808742, 196.0646, 172.9196
-11.70386, 1.204461, 0.1982208, 192.0632, 174.3377
-11.70386, 1.346961, 0.1982208, 192.0632, 163.0255
-11.90277, 1.204461, 0.2191265, 176.4492, 174.2292
-11.70386, 1.204461, 0.1982208, 192.0632, 174.3377
-11.67415, 1.204461, 0.4808742, 196.0646, 172.9196
-11.87306, 1.204461, 0.5017799, 181.0013, 172.8188
-11.90277, 1.346961, 0.2191265, 176.4492, 162.9482
-11.90277, 1.204461, 0.2191265, 176.4492, 174.2292
-11.87306, 1.204461, 0.5017799, 181.0013, 172.8188
-11.87306, 1.346961, 0.5017799, 181.0013, 161.9434
-11.70386, 1.346961, 0.1982208, 192.0632, 163.0255
-11.70386, 1.204461, 0.1982208, 192.0632, 174.3377
-11.90277, 1.204461, 0.2191265, 176.4492, 174.2292
-11.90277, 1.346961, 0.2191265, 176.4492, 162.9482
box_6_melody(Clone) stack 148 Shelf_1 Rack_1_1_2
-12.06002, 1.391943, 0.2430817, 164.2397, 159.3105
-12.25853, 1.391943, 0.2187079, 148.2802, 159.3886
-12.28778, 1.391943, 0.456919, 148.8302, 158.6454
-12.08927, 1.391943, 0.4812929, 164.3032, 158.5719
-12.28778, 1.391943, 0.456919, 148.8302, 158.6454
-12.28778, 1.204443, 0.456919, 148.8302, 173.0373
-12.08927, 1.204443, 0.4812929, 164.3032, 172.919
-12.08927, 1.391943, 0.4812929, 164.3032, 158.5719
-12.08927, 1.391943, 0.4812929, 164.3032, 158.5719
-12.08927, 1.204443, 0.4812929, 164.3032, 172.919
-12.06002, 1.204443, 0.2430817, 164.2397, 174.1071
-12.06002, 1.391943, 0.2430817, 164.2397, 159.3105
-12.25853, 1.204443, 0.2187079, 148.2802, 174.2328
-12.06002, 1.204443, 0.2430817, 164.2397, 174.1071
-12.08927, 1.204443, 0.4812929, 164.3032, 172.919
-12.28778, 1.204443, 0.456919, 148.8302, 173.0373
-12.25853, 1.391943, 0.2187079, 148.2802, 159.3886
-12.25853, 1.204443, 0.2187079, 148.2802, 174.2328
-12.28778, 1.204443, 0.456919, 148.8302, 173.0373
-12.28778, 1.391943, 0.456919, 148.8302, 158.6454
-12.06002, 1.391943, 0.2430817, 164.2397, 159.3105
-12.06002, 1.204443, 0.2430817, 164.2397, 174.1071
-12.25853, 1.204443, 0.2187079, 148.2802, 174.2328
-12.25853, 1.391943, 0.2187079, 148.2802, 159.3886
box_6_melody(Clone) stack 148 Shelf_1 Rack_1_1_2
-12.06002, 1.579443, 0.2430817, 164.2397, 144.5138
-12.25853, 1.579443, 0.2187079, 148.2802, 144.5444
-12.28778, 1.579443, 0.456919, 148.8302, 144.2536
-12.08927, 1.579443, 0.4812929, 164.3032, 144.2248
-12.28778, 1.579443, 0.456919, 148.8302, 144.2536
-12.28778, 1.391943, 0.456919, 148.8302, 158.6454
-12.08927, 1.391943, 0.4812929, 164.3032, 158.5719
-12.08927, 1.579443, 0.4812929, 164.3032, 144.2248
-12.08927, 1.579443, 0.4812929, 164.3032, 144.2248
-12.08927, 1.391943, 0.4812929, 164.3032, 158.5719
-12.06002, 1.391943, 0.2430817, 164.2397, 159.3104
-12.06002, 1.579443, 0.2430817, 164.2397, 144.5138
-12.25853, 1.391943, 0.2187079, 148.2802, 159.3886
-12.06002, 1.391943, 0.2430817, 164.2397, 159.3104
-12.08927, 1.391943, 0.4812929, 164.3032, 158.5719
-12.28778, 1.391943, 0.456919, 148.8302, 158.6454
-12.25853, 1.579443, 0.2187079, 148.2802, 144.5444
-12.25853, 1.391943, 0.2187079, 148.2802, 159.3886
-12.28778, 1.391943, 0.456919, 148.8302, 158.6454
-12.28778, 1.579443, 0.456919, 148.8302, 144.2536
-12.06002, 1.579443, 0.2430817, 164.2397, 144.5138
-12.06002, 1.391943, 0.2430817, 164.2397, 159.3104
-12.25853, 1.391943, 0.2187079, 148.2802, 159.3886
-12.25853, 1.579443, 0.2187079, 148.2802, 144.5444
box_6_melody(Clone) stack 148 Shelf_1 Rack_1_1_2
-12.06977, 1.766943, 0.2335633, 163.3742, 129.7106
-12.26965, 1.766943, 0.2265834, 147.4959, 129.7057
-12.27802, 1.766943, 0.4664374, 149.6888, 129.8679
-12.07815, 1.766943, 0.4734173, 165.0788, 129.8725
-12.27802, 1.766943, 0.4664374, 149.6888, 129.8679
-12.27802, 1.579443, 0.4664374, 149.6888, 144.2423
-12.07815, 1.579443, 0.4734173, 165.0788, 144.2341
-12.07815, 1.766943, 0.4734173, 165.0788, 129.8725
-12.07815, 1.766943, 0.4734173, 165.0788, 129.8725
-12.07815, 1.579443, 0.4734173, 165.0788, 144.2341
-12.06977, 1.579443, 0.2335634, 163.3742, 144.5257
-12.06977, 1.766943, 0.2335633, 163.3742, 129.7106
-12.26965, 1.579443, 0.2265835, 147.4959, 144.5345
-12.06977, 1.579443, 0.2335634, 163.3742, 144.5257
-12.07815, 1.579443, 0.4734173, 165.0788, 144.2341
-12.27802, 1.579443, 0.4664374, 149.6888, 144.2423
-12.26965, 1.766943, 0.2265834, 147.4959, 129.7057
-12.26965, 1.579443, 0.2265835, 147.4959, 144.5345
-12.27802, 1.579443, 0.4664374, 149.6888, 144.2423
-12.27802, 1.766943, 0.4664374, 149.6888, 129.8679
-12.06977, 1.766943, 0.2335633, 163.3742, 129.7106
-12.06977, 1.579443, 0.2335634, 163.3742, 144.5257
-12.26965, 1.579443, 0.2265835, 147.4959, 144.5345
-12.26965, 1.766943, 0.2265834, 147.4959, 129.7057
box_6_melody(Clone) stack 148 Shelf_1 Rack_1_1_2
-12.07182, 1.954443, 0.2317638, 163.1942, 114.8906
-12.27179, 1.954443, 0.2282733, 147.3474, 114.8814
-12.27598, 1.954443, 0.4682369, 149.8665, 115.4981
-12.07601, 1.954443, 0.4717274, 165.2266, 115.5068
-12.27598, 1.954443, 0.4682369, 149.8665, 115.4981
-12.27598, 1.766943, 0.4682369, 149.8665, 129.8691
-12.07601, 1.766943, 0.4717274, 165.2266, 129.8714
-12.07601, 1.954443, 0.4717274, 165.2266, 115.5068
-12.07601, 1.954443, 0.4717274, 165.2266, 115.5068
-12.07601, 1.766943, 0.4717274, 165.2266, 129.8714
-12.07182, 1.766943, 0.2317638, 163.1942, 129.7093
-12.07182, 1.954443, 0.2317638, 163.1942, 114.8906
-12.27179, 1.766943, 0.2282734, 147.3474, 129.7069
-12.07182, 1.766943, 0.2317638, 163.1942, 129.7093
-12.07601, 1.766943, 0.4717274, 165.2266, 129.8714
-12.27598, 1.766943, 0.4682369, 149.8665, 129.8691
-12.27179, 1.954443, 0.2282733, 147.3474, 114.8814
-12.27179, 1.766943, 0.2282734, 147.3474, 129.7069
-12.27598, 1.766943, 0.4682369, 149.8665, 129.8691
-12.27598, 1.954443, 0.4682369, 149.8665, 115.4981
-12.07182, 1.954443, 0.2317638, 163.1942, 114.8906
-12.07182, 1.766943, 0.2317638, 163.1942, 129.7093
-12.27179, 1.766943, 0.2282734, 147.3474, 129.7069
-12.27179, 1.954443, 0.2282733, 147.3474, 114.8814
box_3_Hareli(Clone) stack 149 Shelf_2 Rack_1_1_2
-12.40108, 2.538451, 0.2349175, 137.2143, 68.76222
-12.60081, 2.538451, 0.2453847, 121.5991, 68.85338
-12.58929, 2.538451, 0.4650832, 125.8062, 70.71053
-12.38957, 2.538451, 0.454616, 140.988, 70.6244
-12.58929, 2.538451, 0.4650832, 125.8062, 70.71053
-12.58929, 2.388451, 0.4650832, 125.8062, 82.21201
-12.38957, 2.388451, 0.4546161, 140.988, 82.14131
-12.38957, 2.538451, 0.454616, 140.988, 70.6244
-12.38957, 2.538451, 0.454616, 140.988, 70.6244
-12.38957, 2.388451, 0.4546161, 140.988, 82.14131
-12.40108, 2.388451, 0.2349175, 137.2143, 80.61227
-12.40108, 2.538451, 0.2349175, 137.2143, 68.76222
-12.60081, 2.388451, 0.2453847, 121.5991, 80.6871
-12.40108, 2.388451, 0.2349175, 137.2143, 80.61227
-12.38957, 2.388451, 0.4546161, 140.988, 82.14131
-12.58929, 2.388451, 0.4650832, 125.8062, 82.21201
-12.60081, 2.538451, 0.2453847, 121.5991, 68.85338
-12.60081, 2.388451, 0.2453847, 121.5991, 80.6871
-12.58929, 2.388451, 0.4650832, 125.8062, 82.21201
-12.58929, 2.538451, 0.4650832, 125.8062, 70.71053
-12.40108, 2.538451, 0.2349175, 137.2143, 68.76222
-12.40108, 2.388451, 0.2349175, 137.2143, 80.61227
-12.60081, 2.388451, 0.2453847, 121.5991, 80.6871
-12.60081, 2.538451, 0.2453847, 121.5991, 68.85338
box_3_Hareli(Clone) stack 149 Shelf_2 Rack_1_1_2
-12.39909, 2.688451, 0.2365774, 137.3942, 56.92923
-12.59896, 2.688451, 0.2435573, 121.716, 57.00089
-12.59129, 2.688451, 0.4634233, 125.6291, 59.19295
-12.39141, 2.688451, 0.4564434, 140.8698, 59.12526
-12.59129, 2.688451, 0.4634233, 125.6291, 59.19295
-12.59129, 2.538451, 0.4634234, 125.6291, 70.69685
-12.39141, 2.538451, 0.4564435, 140.8698, 70.63943
-12.39141, 2.688451, 0.4564434, 140.8698, 59.12526
-12.39141, 2.688451, 0.4564434, 140.8698, 59.12526
-12.39141, 2.538451, 0.4564435, 140.8698, 70.63943
-12.39909, 2.538451, 0.2365774, 137.3942, 68.77669
-12.39909, 2.688451, 0.2365774, 137.3942, 56.92923
-12.59896, 2.538451, 0.2435573, 121.716, 68.83748
-12.39909, 2.538451, 0.2365774, 137.3942, 68.77669
-12.39141, 2.538451, 0.4564435, 140.8698, 70.63943
-12.59129, 2.538451, 0.4634234, 125.6291, 70.69685
-12.59896, 2.688451, 0.2435573, 121.716, 57.00089
-12.59896, 2.538451, 0.2435573, 121.716, 68.83748
-12.59129, 2.538451, 0.4634234, 125.6291, 70.69685
-12.59129, 2.688451, 0.4634233, 125.6291, 59.19295
-12.39909, 2.688451, 0.2365774, 137.3942, 56.92923
-12.39909, 2.538451, 0.2365774, 137.3942, 68.77669
-12.59896, 2.538451, 0.2435573, 121.716, 68.83748
-12.59896, 2.688451, 0.2435573, 121.716, 57.00089
box_3_Hareli(Clone) stack 149 Shelf_2 Rack_1_1_2
-12.38776, 2.838451, 0.2472439, 138.4317, 45.20787
-12.58727, 2.838451, 0.2332926, 122.4802, 45.04289
-12.60262, 2.838451, 0.4527568, 124.6028, 47.56982
-12.4031, 2.838451, 0.4667081, 140.1033, 47.72568
-12.60262, 2.838451, 0.4527568, 124.6028, 47.56982
-12.60262, 2.688451, 0.4527568, 124.6028, 59.08945
-12.4031, 2.688451, 0.4667081, 140.1033, 59.22475
-12.4031, 2.838451, 0.4667081, 140.1033, 47.72568
-12.4031, 2.838451, 0.4667081, 140.1033, 47.72568
-12.4031, 2.688451, 0.4667081, 140.1033, 59.22475
-12.38776, 2.688451, 0.247244, 138.4317, 57.03871
-12.38776, 2.838451, 0.2472439, 138.4317, 45.20787
-12.58727, 2.688451, 0.2332927, 122.4802, 56.89546
-12.38776, 2.688451, 0.247244, 138.4317, 57.03871
-12.4031, 2.688451, 0.4667081, 140.1033, 59.22475
-12.60262, 2.688451, 0.4527568, 124.6028, 59.08945
-12.58727, 2.838451, 0.2332926, 122.4802, 45.04289
-12.58727, 2.688451, 0.2332927, 122.4802, 56.89546
-12.60262, 2.688451, 0.4527568, 124.6028, 59.08945
-12.60262, 2.838451, 0.4527568, 124.6028, 47.56982
-12.38776, 2.838451, 0.2472439, 138.4317, 45.20787
-12.38776, 2.688451, 0.247244, 138.4317, 57.03871
-12.58727, 2.688451, 0.2332927, 122.4802, 56.89546
-12.58727, 2.838451, 0.2332926, 122.4802, 45.04289
box_3_Hareli(Clone) stack 149 Shelf_2 Rack_1_1_2
-12.38776, 2.988451, 0.2472439, 138.4317, 33.37703
-12.58727, 2.988451, 0.2332926, 122.4802, 33.19031
-12.60262, 2.988451, 0.4527568, 124.6028, 36.0502
-12.4031, 2.988451, 0.4667081, 140.1033, 36.22658
-12.60262, 2.988451, 0.4527568, 124.6028, 36.0502
-12.60262, 2.838451, 0.4527568, 124.6028, 47.56981
-12.4031, 2.838451, 0.4667081, 140.1033, 47.72566
-12.4031, 2.988451, 0.4667081, 140.1033, 36.22658
-12.4031, 2.988451, 0.4667081, 140.1033, 36.22658
-12.4031, 2.838451, 0.4667081, 140.1033, 47.72566
-12.38776, 2.838451, 0.247244, 138.4317, 45.20787
-12.38776, 2.988451, 0.2472439, 138.4317, 33.37703
-12.58727, 2.838451, 0.2332927, 122.4802, 45.04289
-12.38776, 2.838451, 0.247244, 138.4317, 45.20787
-12.4031, 2.838451, 0.4667081, 140.1033, 47.72566
-12.60262, 2.838451, 0.4527568, 124.6028, 47.56981
-12.58727, 2.988451, 0.2332926, 122.4802, 33.19031
-12.58727, 2.838451, 0.2332927, 122.4802, 45.04289
-12.60262, 2.838451, 0.4527568, 124.6028, 47.56981
-12.60262, 2.988451, 0.4527568, 124.6028, 36.0502
-12.38776, 2.988451, 0.2472439, 138.4317, 33.37703
-12.38776, 2.838451, 0.247244, 138.4317, 45.20787
-12.58727, 2.838451, 0.2332927, 122.4802, 45.04289
-12.58727, 2.988451, 0.2332926, 122.4802, 33.19031
box_3_Hareli(Clone) stack 149 Shelf_2 Rack_1_1_2
-12.38424, 3.138451, 0.2510558, 138.7602, 21.60301
-12.58314, 3.138451, 0.2301501, 122.7579, 21.2907
-12.60614, 3.138451, 0.448945, 124.276, 24.47665
-12.40723, 3.138451, 0.4698507, 139.827, 24.77173
-12.60614, 3.138451, 0.448945, 124.276, 24.47665
-12.60614, 2.988451, 0.448945, 124.276, 36.00189
-12.40723, 2.988451, 0.4698507, 139.827, 36.2662
-12.40723, 3.138451, 0.4698507, 139.827, 24.77173
-12.40723, 3.138451, 0.4698507, 139.827, 24.77173
-12.40723, 2.988451, 0.4698507, 139.827, 36.2662
-12.38424, 2.988451, 0.2510558, 138.7602, 33.42793
-12.38424, 3.138451, 0.2510558, 138.7602, 21.60301
-12.58314, 2.988451, 0.2301501, 122.7579, 33.14818
-12.38424, 2.988451, 0.2510558, 138.7602, 33.42793
-12.40723, 2.988451, 0.4698507, 139.827, 36.2662
-12.60614, 2.988451, 0.448945, 124.276, 36.00189
-12.58314, 3.138451, 0.2301501, 122.7579, 21.2907
-12.58314, 2.988451, 0.2301501, 122.7579, 33.14818
-12.60614, 2.988451, 0.448945, 124.276, 36.00189
-12.60614, 3.138451, 0.448945, 124.276, 24.47665
-12.38424, 3.138451, 0.2510558, 138.7602, 21.60301
-12.38424, 2.988451, 0.2510558, 138.7602, 33.42793
-12.58314, 2.988451, 0.2301501, 122.7579, 33.14818
-12.58314, 3.138451, 0.2301501, 122.7579, 21.2907
box_8_lizol(Clone) stack 151 Shelf_2 Rack_1_1_2
-11.60643, 2.565368, 0.2357813, 199.996, 66.64349
-11.80567, 2.565368, 0.2183502, 184.1297, 66.48627
-11.82718, 2.565368, 0.4642195, 184.2359, 68.63925
-11.62794, 2.565368, 0.4816506, 199.6045, 68.78677
-11.82718, 2.565368, 0.4642195, 184.2359, 68.63925
-11.82718, 2.389118, 0.4642195, 184.2359, 82.15498
-11.62794, 2.389118, 0.4816506, 199.6045, 82.27245
-11.62794, 2.565368, 0.4816506, 199.6045, 68.78677
-11.62794, 2.565368, 0.4816506, 199.6045, 68.78677
-11.62794, 2.389118, 0.4816506, 199.6045, 82.27245
-11.60643, 2.389118, 0.2357813, 199.996, 80.5657
-11.60643, 2.565368, 0.2357813, 199.996, 66.64349
-11.80567, 2.389118, 0.2183501, 184.1297, 80.44051
-11.60643, 2.389118, 0.2357813, 199.996, 80.5657
-11.62794, 2.389118, 0.4816506, 199.6045, 82.27245
-11.82718, 2.389118, 0.4642195, 184.2359, 82.15498
-11.80567, 2.565368, 0.2183502, 184.1297, 66.48627
-11.80567, 2.389118, 0.2183501, 184.1297, 80.44051
-11.82718, 2.389118, 0.4642195, 184.2359, 82.15498
-11.82718, 2.565368, 0.4642195, 184.2359, 68.63925
-11.60643, 2.565368, 0.2357813, 199.996, 66.64349
-11.60643, 2.389118, 0.2357813, 199.996, 80.5657
-11.80567, 2.389118, 0.2183501, 184.1297, 80.44051
-11.80567, 2.565368, 0.2183502, 184.1297, 66.48627
box_8_lizol(Clone) stack 151 Shelf_2 Rack_1_1_2
-11.60643, 2.741618, 0.2357813, 199.996, 52.72131
-11.80567, 2.741618, 0.2183502, 184.1297, 52.53204
-11.82718, 2.741618, 0.4642195, 184.2359, 55.12355
-11.62794, 2.741618, 0.4816506, 199.6045, 55.30109
-11.82718, 2.741618, 0.4642195, 184.2359, 55.12355
-11.82718, 2.565368, 0.4642195, 184.2359, 68.63925
-11.62794, 2.565368, 0.4816506, 199.6045, 68.78677
-11.62794, 2.741618, 0.4816506, 199.6045, 55.30109
-11.62794, 2.741618, 0.4816506, 199.6045, 55.30109
-11.62794, 2.565368, 0.4816506, 199.6045, 68.78677
-11.60643, 2.565368, 0.2357813, 199.996, 66.64349
-11.60643, 2.741618, 0.2357813, 199.996, 52.72131
-11.80567, 2.565368, 0.2183501, 184.1297, 66.48627
-11.60643, 2.565368, 0.2357813, 199.996, 66.64349
-11.62794, 2.565368, 0.4816506, 199.6045, 68.78677
-11.82718, 2.565368, 0.4642195, 184.2359, 68.63925
-11.80567, 2.741618, 0.2183502, 184.1297, 52.53204
-11.80567, 2.565368, 0.2183501, 184.1297, 66.48627
-11.82718, 2.565368, 0.4642195, 184.2359, 68.63925
-11.82718, 2.741618, 0.4642195, 184.2359, 55.12355
-11.60643, 2.741618, 0.2357813, 199.996, 52.72131
-11.60643, 2.565368, 0.2357813, 199.996, 66.64349
-11.80567, 2.565368, 0.2183501, 184.1297, 66.48627
-11.80567, 2.741618, 0.2183502, 184.1297, 52.53204
box_8_lizol(Clone) stack 151 Shelf_2 Rack_1_1_2
-11.60446, 2.917868, 0.237725, 200.1624, 38.8237
-11.80336, 2.917868, 0.2168193, 184.3015, 38.55835
-11.82916, 2.917868, 0.4622758, 184.0704, 41.58461
-11.63026, 2.917868, 0.4831815, 199.4355, 41.83359
-11.82916, 2.917868, 0.4622758, 184.0704, 41.58461
-11.82916, 2.741618, 0.4622758, 184.0704, 55.10368
-11.63026, 2.741618, 0.4831815, 199.4355, 55.31665
-11.63026, 2.917868, 0.4831815, 199.4355, 41.83359
-11.63026, 2.917868, 0.4831815, 199.4355, 41.83359
-11.63026, 2.741618, 0.4831815, 199.4355, 55.31665
-11.60446, 2.741618, 0.237725, 200.1624, 52.74236
-11.60446, 2.917868, 0.237725, 200.1624, 38.8237
-11.80336, 2.741618, 0.2168193, 184.3015, 52.5154
-11.60446, 2.741618, 0.237725, 200.1624, 52.74236
-11.63026, 2.741618, 0.4831815, 199.4355, 55.31665
-11.82916, 2.741618, 0.4622758, 184.0704, 55.10368
-11.80336, 2.917868, 0.2168193, 184.3015, 38.55835
-11.80336, 2.741618, 0.2168193, 184.3015, 52.5154
-11.82916, 2.741618, 0.4622758, 184.0704, 55.10368
-11.82916, 2.917868, 0.4622758, 184.0704, 41.58461
-11.60446, 2.917868, 0.237725, 200.1624, 38.8237
-11.60446, 2.741618, 0.237725, 200.1624, 52.74236
-11.80336, 2.741618, 0.2168193, 184.3015, 52.5154
-11.80336, 2.917868, 0.2168193, 184.3015, 38.55835
box_8_lizol(Clone) stack 151 Shelf_2 Rack_1_1_2
-11.60252, 3.094118, 0.2397029, 200.3261, 24.93373
-11.80102, 3.094118, 0.2153291, 184.4756, 24.57957
-11.8311, 3.094118, 0.4602979, 183.9072, 28.03847
-11.63259, 3.094118, 0.4846717, 199.2645, 28.37083
-11.8311, 3.094118, 0.4602979, 183.9072, 28.03847
-11.8311, 2.917868, 0.4602979, 183.9072, 41.56097
-11.63259, 2.917868, 0.4846717, 199.2645, 41.8513
-11.63259, 3.094118, 0.4846717, 199.2645, 28.37083
-11.63259, 3.094118, 0.4846717, 199.2645, 28.37083
-11.63259, 2.917868, 0.4846717, 199.2645, 41.8513
-11.60252, 2.917868, 0.2397029, 200.3261, 38.84872
-11.60252, 3.094118, 0.2397029, 200.3261, 24.93373
-11.80102, 2.917868, 0.215329, 184.4756, 38.53937
-11.60252, 2.917868, 0.2397029, 200.3261, 38.84872
-11.63259, 2.917868, 0.4846717, 199.2645, 41.8513
-11.8311, 2.917868, 0.4602979, 183.9072, 41.56097
-11.80102, 3.094118, 0.2153291, 184.4756, 24.57957
-11.80102, 2.917868, 0.215329, 184.4756, 38.53937
-11.8311, 2.917868, 0.4602979, 183.9072, 41.56097
-11.8311, 3.094118, 0.4602979, 183.9072, 28.03847
-11.60252, 3.094118, 0.2397029, 200.3261, 24.93373
-11.60252, 2.917868, 0.2397029, 200.3261, 38.84872
-11.80102, 2.917868, 0.215329, 184.4756, 38.53937
-11.80102, 3.094118, 0.2153291, 184.4756, 24.57957
box_7_litchi(Clone) stack 152 Shelf_2 Rack_1_1_2
-11.24554, 2.599012, 0.2500004, 228.5252, 64.11862
-11.44554, 2.599012, 0.2500004, 212.7563, 64.11862
-11.44554, 2.599012, 0.4500003, 213.454, 65.93376
-11.24554, 2.599012, 0.4500003, 228.819, 65.93376
-11.44554, 2.599012, 0.4500003, 213.454, 65.93376
-11.44554, 2.389012, 0.4500004, 213.454, 82.06693
-11.24554, 2.389012, 0.4500004, 228.819, 82.06693
-11.24554, 2.599012, 0.4500003, 228.819, 65.93376
-11.24554, 2.599012, 0.4500003, 228.819, 65.93376
-11.24554, 2.389012, 0.4500004, 228.819, 82.06693
-11.24554, 2.389012, 0.2500004, 228.5252, 80.67577
-11.24554, 2.599012, 0.2500004, 228.5252, 64.11862
-11.44554, 2.389012, 0.2500004, 212.7563, 80.67577
-11.24554, 2.389012, 0.2500004, 228.5252, 80.67577
-11.24554, 2.389012, 0.4500004, 228.819, 82.06693
-11.44554, 2.389012, 0.4500004, 213.454, 82.06693
-11.44554, 2.599012, 0.2500004, 212.7563, 64.11862
-11.44554, 2.389012, 0.2500004, 212.7563, 80.67577
-11.44554, 2.389012, 0.4500004, 213.454, 82.06693
-11.44554, 2.599012, 0.4500003, 213.454, 65.93376
-11.24554, 2.599012, 0.2500004, 228.5252, 64.11862
-11.24554, 2.389012, 0.2500004, 228.5252, 80.67577
-11.44554, 2.389012, 0.2500004, 212.7563, 80.67577
-11.44554, 2.599012, 0.2500004, 212.7563, 64.11862
box_7_litchi(Clone) stack 152 Shelf_2 Rack_1_1_2
-11.25654, 2.809012, 0.2400953, 227.6417, 47.44748
-11.45544, 2.809012, 0.2610011, 212.0159, 47.68767
-11.43454, 2.809012, 0.4599054, 214.3317, 49.90851
-11.23563, 2.809012, 0.4389997, 229.5652, 49.68042
-11.43454, 2.809012, 0.4599054, 214.3317, 49.90851
-11.43454, 2.599012, 0.4599054, 214.3317, 66.02124
-11.23563, 2.599012, 0.4389997, 229.5652, 65.83635
-11.23563, 2.809012, 0.4389997, 229.5652, 49.68042
-11.23563, 2.809012, 0.4389997, 229.5652, 49.68042
-11.23563, 2.599012, 0.4389997, 229.5652, 65.83635
-11.25654, 2.599012, 0.2400953, 227.6417, 64.02625
-11.25654, 2.809012, 0.2400953, 227.6417, 47.44748
-11.45544, 2.599012, 0.2610011, 212.0159, 64.22093
-11.25654, 2.599012, 0.2400953, 227.6417, 64.02625
-11.23563, 2.599012, 0.4389997, 229.5652, 65.83635
-11.43454, 2.599012, 0.4599054, 214.3317, 66.02124
-11.45544, 2.809012, 0.2610011, 212.0159, 47.68767
-11.45544, 2.599012, 0.2610011, 212.0159, 64.22093
-11.43454, 2.599012, 0.4599054, 214.3317, 66.02124
-11.43454, 2.809012, 0.4599054, 214.3317, 49.90851
-11.25654, 2.809012, 0.2400953, 227.6417, 47.44748
-11.25654, 2.599012, 0.2400953, 227.6417, 64.02625
-11.45544, 2.599012, 0.2610011, 212.0159, 64.22093
-11.45544, 2.809012, 0.2610011, 212.0159, 47.68767
box_7_litchi(Clone) stack 152 Shelf_2 Rack_1_1_2
-11.23881, 3.019012, 0.2572196, 229.0663, 31.10286
-11.43832, 3.019012, 0.2432683, 213.3019, 30.91222
-11.45227, 3.019012, 0.4427811, 212.9118, 33.57368
-11.25276, 3.019012, 0.4567324, 228.2745, 33.7547
-11.45227, 3.019012, 0.4427811, 212.9118, 33.57368
-11.45227, 2.809012, 0.4427811, 212.9118, 49.72177
-11.25276, 2.809012, 0.4567324, 228.2745, 49.87396
-11.25276, 3.019012, 0.4567324, 228.2745, 33.7547
-11.25276, 3.019012, 0.4567324, 228.2745, 33.7547
-11.25276, 2.809012, 0.4567324, 228.2745, 49.87396
-11.23881, 2.809012, 0.2572196, 229.0663, 47.64432
-11.23881, 3.019012, 0.2572196, 229.0663, 31.10286
-11.43832, 2.809012, 0.2432683, 213.3019, 47.48402
-11.23881, 2.809012, 0.2572196, 229.0663, 47.64432
-11.25276, 2.809012, 0.4567324, 228.2745, 49.87396
-11.45227, 2.809012, 0.4427811, 212.9118, 49.72177
-11.43832, 3.019012, 0.2432683, 213.3019, 30.91222
-11.43832, 2.809012, 0.2432683, 213.3019, 47.48402
-11.45227, 2.809012, 0.4427811, 212.9118, 49.72177
-11.45227, 3.019012, 0.4427811, 212.9118, 33.57368
-11.23881, 3.019012, 0.2572196, 229.0663, 31.10286
-11.23881, 2.809012, 0.2572196, 229.0663, 47.64432
-11.43832, 2.809012, 0.2432683, 213.3019, 47.48402
-11.43832, 3.019012, 0.2432683, 213.3019, 30.91222
