box_5_LMRR(Clone) stack 78 Shelf_0 Rack_0_1_0
2.472138, 0.162368, 0.2078952, 325.0015, 256.907
2.272138, 0.162368, 0.2078952, 309.1451, 256.907
2.272138, 0.1623681, 0.4921055, 306.6424, 252.4945
2.472138, 0.1623681, 0.4921055, 321.9249, 252.4945
2.272138, 0.1623681, 0.4921055, 306.6424, 252.4945
2.272138, 0.01986802, 0.4921056, 306.6424, 263.3833
2.472138, 0.01986802, 0.4921056, 321.9249, 263.3833
2.472138, 0.1623681, 0.4921055, 321.9249, 252.4945
2.472138, 0.1623681, 0.4921055, 321.9249, 252.4945
2.472138, 0.01986802, 0.4921056, 321.9249, 263.3833
2.472138, 0.01986799, 0.2078952, 325.0015, 268.2047
2.472138, 0.162368, 0.2078952, 325.0015, 256.907
2.272138, 0.01986799, 0.2078952, 309.1451, 268.2047
2.472138, 0.01986799, 0.2078952, 325.0015, 268.2047
2.472138, 0.01986802, 0.4921056, 321.9249, 263.3833
2.272138, 0.01986802, 0.4921056, 306.6424, 263.3833
2.272138, 0.162368, 0.2078952, 309.1451, 256.907
2.272138, 0.01986799, 0.2078952, 309.1451, 268.2047
2.272138, 0.01986802, 0.4921056, 306.6424, 263.3833
2.272138, 0.1623681, 0.4921055, 306.6424, 252.4945
2.472138, 0.162368, 0.2078952, 325.0015, 256.907
2.472138, 0.01986799, 0.2078952, 325.0015, 268.2047
2.272138, 0.01986799, 0.2078952, 309.1451, 268.2047
2.272138, 0.162368, 0.2078952, 309.1451, 256.907
box_5_LMRR(Clone) stack 78 Shelf_0 Rack_0_1_0
2.461982, 0.304868, 0.2012657, 324.2702, 245.7062
2.262469, 0.304868, 0.215217, 308.3124, 245.5023
2.282294, 0.304868, 0.498735, 307.3615, 241.5158
2.481807, 0.304868, 0.4847837, 322.7409, 241.7052
2.282294, 0.304868, 0.498735, 307.3615, 241.5158
2.282294, 0.162368, 0.498735, 307.3615, 252.3954
2.481807, 0.162368, 0.4847838, 322.7409, 252.6042
2.481807, 0.304868, 0.4847837, 322.7409, 241.7052
2.481807, 0.304868, 0.4847837, 322.7409, 241.7052
2.481807, 0.162368, 0.4847838, 322.7409, 252.6042
2.461982, 0.162368, 0.2012657, 324.2702, 257.0139
2.461982, 0.304868, 0.2012657, 324.2702, 245.7062
2.262469, 0.162368, 0.215217, 308.3124, 256.7892
2.461982, 0.162368, 0.2012657, 324.2702, 257.0139
2.481807, 0.162368, 0.4847838, 322.7409, 252.6042
2.282294, 0.162368, 0.498735, 307.3615, 252.3954
2.262469, 0.304868, 0.215217, 308.3124, 245.5023
2.262469, 0.162368, 0.215217, 308.3124, 256.7892
2.282294, 0.162368, 0.498735, 307.3615, 252.3954
2.282294, 0.304868, 0.498735, 307.3615, 241.5158
2.461982, 0.304868, 0.2012657, 324.2702, 245.7062
2.461982, 0.162368, 0.2012657, 324.2702, 257.0139
2.262469, 0.162368, 0.215217, 308.3124, 256.7892
2.262469, 0.304868, 0.215217, 308.3124, 245.5023
box_5_LMRR(Clone) stack 78 Shelf_0 Rack_0_1_0
2.456736, 0.447368, 0.1982208, 323.8877, 234.4386
2.257832, 0.447368, 0.2191265, 307.9101, 234.1644
2.28754, 0.447368, 0.5017799, 307.7358, 230.5991
2.486444, 0.447368, 0.4808742, 323.137, 230.854
2.28754, 0.447368, 0.5017799, 307.7358, 230.5991
2.28754, 0.304868, 0.5017799, 307.7358, 241.4745
2.486444, 0.304868, 0.4808742, 323.137, 241.7584
2.486444, 0.447368, 0.4808742, 323.137, 230.854
2.486444, 0.447368, 0.4808742, 323.137, 230.854
2.486444, 0.304868, 0.4808742, 323.137, 241.7584
2.456736, 0.304868, 0.1982208, 323.8877, 245.7508
2.456736, 0.447368, 0.1982208, 323.8877, 234.4386
2.257832, 0.304868, 0.2191265, 307.9101, 245.4453
2.456736, 0.304868, 0.1982208, 323.8877, 245.7508
2.486444, 0.304868, 0.4808742, 323.137, 241.7584
2.28754, 0.304868, 0.5017799, 307.7358, 241.4745
2.257832, 0.447368, 0.2191265, 307.9101, 234.1644
2.257832, 0.304868, 0.2191265, 307.9101, 245.4453
2.28754, 0.304868, 0.5017799, 307.7358, 241.4745
2.28754, 0.447368, 0.5017799, 307.7358, 230.5991
2.456736, 0.447368, 0.1982208, 323.8877, 234.4386
2.456736, 0.304868, 0.1982208, 323.8877, 245.7508
2.257832, 0.304868, 0.2191265, 307.9101, 245.4453
2.257832, 0.447368, 0.2191265, 307.9101, 234.1644
box_5_LMRR(Clone) stack 78 Shelf_0 Rack_0_1_0
2.461982, 0.5898679, 0.2012657, 324.2702, 223.091
2.262469, 0.5898679, 0.215217, 308.3124, 222.9287
2.282294, 0.5898679, 0.498735, 307.3615, 219.7566
2.481807, 0.5898679, 0.4847837, 322.7409, 219.9073
2.282294, 0.5898679, 0.498735, 307.3615, 219.7566
2.282294, 0.447368, 0.498735, 307.3615, 230.6362
2.481807, 0.447368, 0.4847838, 322.7409, 230.8062
2.481807, 0.5898679, 0.4847837, 322.7409, 219.9073
2.481807, 0.5898679, 0.4847837, 322.7409, 219.9073
2.481807, 0.447368, 0.4847838, 322.7409, 230.8062
2.461982, 0.4473679, 0.2012657, 324.2702, 234.3986
2.461982, 0.5898679, 0.2012657, 324.2702, 223.091
2.262469, 0.4473679, 0.215217, 308.3124, 234.2155
2.461982, 0.4473679, 0.2012657, 324.2702, 234.3986
2.481807, 0.447368, 0.4847838, 322.7409, 230.8062
2.282294, 0.447368, 0.498735, 307.3615, 230.6362
2.262469, 0.5898679, 0.215217, 308.3124, 222.9287
2.262469, 0.4473679, 0.215217, 308.3124, 234.2155
2.282294, 0.447368, 0.498735, 307.3615, 230.6362
2.282294, 0.5898679, 0.498735, 307.3615, 219.7566
2.461982, 0.5898679, 0.2012657, 324.2702, 223.091
2.461982, 0.4473679, 0.2012657, 324.2702, 234.3986
2.262469, 0.4473679, 0.215217, 308.3124, 234.2155
2.262469, 0.5898679, 0.215217, 308.3124, 222.9287
box_5_LMRR(Clone) stack 78 Shelf_0 Rack_0_1_0
2.459372, 0.7323679, 0.1997204, 324.0803, 211.799
2.260133, 0.7323679, 0.2171515, 308.11, 211.6224
2.284904, 0.7323679, 0.5002804, 307.5475, 208.8624
2.484143, 0.7323679, 0.4828492, 322.94, 209.0266
2.284904, 0.7323679, 0.5002804, 307.5475, 208.8624
2.284904, 0.5898679, 0.5002804, 307.5475, 219.7399
2.484143, 0.5898679, 0.4828492, 322.94, 219.9282
2.484143, 0.7323679, 0.4828492, 322.94, 209.0266
2.484143, 0.7323679, 0.4828492, 322.94, 209.0266
2.484143, 0.5898679, 0.4828492, 322.94, 219.9282
2.459372, 0.5898679, 0.1997204, 324.0803, 223.109
2.459372, 0.7323679, 0.1997204, 324.0803, 211.799
2.260133, 0.5898679, 0.2171515, 308.11, 222.9063
2.459372, 0.5898679, 0.1997204, 324.0803, 223.109
2.484143, 0.5898679, 0.4828492, 322.94, 219.9282
2.284904, 0.5898679, 0.5002804, 307.5475, 219.7399
2.260133, 0.7323679, 0.2171515, 308.11, 211.6224
2.260133, 0.5898679, 0.2171515, 308.11, 222.9063
2.284904, 0.5898679, 0.5002804, 307.5475, 219.7399
2.284904, 0.7323679, 0.5002804, 307.5475, 208.8624
2.459372, 0.7323679, 0.1997204, 324.0803, 211.799
2.459372, 0.5898679, 0.1997204, 324.0803, 223.109
2.260133, 0.5898679, 0.2171515, 308.11, 222.9063
2.260133, 0.7323679, 0.2171515, 308.11, 211.6224
box_5_LMRR(Clone) stack 79 Shelf_0 Rack_0_1_0
2.083604, 0.162368, 0.209662, 294.1851, 256.8785
1.883635, 0.162368, 0.2061716, 278.3524, 256.9348
1.878675, 0.162368, 0.4903387, 276.585, 252.521
2.078644, 0.162368, 0.4938292, 291.8456, 252.4687
1.878675, 0.162368, 0.4903387, 276.585, 252.521
1.878675, 0.01986802, 0.4903387, 276.585, 263.4122
2.078644, 0.01986802, 0.4938292, 291.8456, 263.3551
2.078644, 0.162368, 0.4938292, 291.8456, 252.4687
2.078644, 0.162368, 0.4938292, 291.8456, 252.4687
2.078644, 0.01986802, 0.4938292, 291.8456, 263.3551
2.083604, 0.01986799, 0.2096621, 294.1851, 268.1736
2.083604, 0.162368, 0.209662, 294.1851, 256.8785
1.883635, 0.01986799, 0.2061716, 278.3524, 268.235
2.083604, 0.01986799, 0.2096621, 294.1851, 268.1736
2.078644, 0.01986802, 0.4938292, 291.8456, 263.3551
1.878675, 0.01986802, 0.4903387, 276.585, 263.4122
1.883635, 0.162368, 0.2061716, 278.3524, 256.9348
1.883635, 0.01986799, 0.2061716, 278.3524, 268.235
1.878675, 0.01986802, 0.4903387, 276.585, 263.4122
1.878675, 0.162368, 0.4903387, 276.585, 252.521
2.083604, 0.162368, 0.209662, 294.1851, 256.8785
2.083604, 0.01986799, 0.2096621, 294.1851, 268.1736
1.883635, 0.01986799, 0.2061716, 278.3524, 268.235
1.883635, 0.162368, 0.2061716, 278.3524, 256.9348
box_5_LMRR(Clone) stack 79 Shelf_0 Rack_0_1_0
2.095446, 0.304868, 0.2191265, 295.0548, 245.4453
1.896541, 0.304868, 0.1982208, 279.4173, 245.7508
1.866833, 0.304868, 0.4808742, 275.7231, 241.7584
2.065737, 0.304868, 0.5017799, 290.8082, 241.4745
1.866833, 0.304868, 0.4808742, 275.7231, 241.7584
1.866833, 0.162368, 0.4808742, 275.7231, 252.6628
2.065737, 0.162368, 0.5017799, 290.8082, 252.3499
2.065737, 0.304868, 0.5017799, 290.8082, 241.4745
2.065737, 0.304868, 0.5017799, 290.8082, 241.4745
2.065737, 0.162368, 0.5017799, 290.8082, 252.3499
2.095446, 0.162368, 0.2191265, 295.0548, 256.7263
2.095446, 0.304868, 0.2191265, 295.0548, 245.4453
1.896541, 0.162368, 0.1982208, 279.4173, 257.063
2.095446, 0.162368, 0.2191265, 295.0548, 256.7263
2.065737, 0.162368, 0.5017799, 290.8082, 252.3499
1.866833, 0.162368, 0.4808742, 275.7231, 252.6628
1.896541, 0.304868, 0.1982208, 279.4173, 245.7508
1.896541, 0.162368, 0.1982208, 279.4173, 257.063
1.866833, 0.162368, 0.4808742, 275.7231, 252.6628
1.866833, 0.304868, 0.4808742, 275.7231, 241.7584
2.095446, 0.304868, 0.2191265, 295.0548, 245.4453
2.095446, 0.162368, 0.2191265, 295.0548, 256.7263
1.896541, 0.162368, 0.1982208, 279.4173, 257.063
1.896541, 0.304868, 0.1982208, 279.4173, 245.7508
box_3_Hareli(Clone) stack 80 Shelf_0 Rack_0_1_0
1.712119, 0.1692639, 0.2435573, 264.6294, 255.7911
1.512241, 0.1692639, 0.2365774, 248.8651, 255.902
1.504563, 0.1692639, 0.4564434, 248.0264, 252.5012
1.704441, 0.1692639, 0.4634233, 263.3484, 252.3964
1.504563, 0.1692639, 0.4564434, 248.0264, 252.5012
1.504563, 0.01926389, 0.4564435, 248.0264, 264.0154
1.704441, 0.01926389, 0.4634234, 263.3484, 263.9003
1.704441, 0.1692639, 0.4634233, 263.3484, 252.3964
1.704441, 0.1692639, 0.4634233, 263.3484, 252.3964
1.704441, 0.01926389, 0.4634234, 263.3484, 263.9003
1.712119, 0.01926386, 0.2435573, 264.6294, 267.6276
1.712119, 0.1692639, 0.2435573, 264.6294, 255.7911
1.512241, 0.01926386, 0.2365774, 248.8651, 267.7495
1.712119, 0.01926386, 0.2435573, 264.6294, 267.6276
1.704441, 0.01926389, 0.4634234, 263.3484, 263.9003
1.504563, 0.01926389, 0.4564435, 248.0264, 264.0154
1.512241, 0.1692639, 0.2365774, 248.8651, 255.902
1.512241, 0.01926386, 0.2365774, 248.8651, 267.7495
1.504563, 0.01926389, 0.4564435, 248.0264, 264.0154
1.504563, 0.1692639, 0.4564434, 248.0264, 252.5012
1.712119, 0.1692639, 0.2435573, 264.6294, 255.7911
1.712119, 0.01926386, 0.2435573, 264.6294, 267.6276
1.512241, 0.01926386, 0.2365774, 248.8651, 267.7495
1.512241, 0.1692639, 0.2365774, 248.8651, 255.902
box_3_Hareli(Clone) stack 81 Shelf_1 Rack_0_1_0
2.880088, 1.353857, 0.2491345, 356.7088, 162.2943
2.680849, 1.353857, 0.2317034, 341.2302, 162.3569
2.661675, 1.353857, 0.4508663, 336.9169, 161.5893
2.860914, 1.353857, 0.4682974, 351.9718, 161.5301
2.661675, 1.353857, 0.4508663, 336.9169, 161.5893
2.661675, 1.203857, 0.4508663, 336.9169, 173.1117
2.860914, 1.203857, 0.4682974, 351.9718, 173.0269
2.860914, 1.353857, 0.4682974, 351.9718, 161.5301
2.860914, 1.353857, 0.4682974, 351.9718, 161.5301
2.860914, 1.203857, 0.4682974, 351.9718, 173.0269
2.880088, 1.203857, 0.2491345, 356.7088, 174.1221
2.880088, 1.353857, 0.2491345, 356.7088, 162.2943
2.680849, 1.203857, 0.2317034, 341.2302, 174.212
2.880088, 1.203857, 0.2491345, 356.7088, 174.1221
2.860914, 1.203857, 0.4682974, 351.9718, 173.0269
2.661675, 1.203857, 0.4508663, 336.9169, 173.1117
2.680849, 1.353857, 0.2317034, 341.2302, 162.3569
2.680849, 1.203857, 0.2317034, 341.2302, 174.212
2.661675, 1.203857, 0.4508663, 336.9169, 173.1117
2.661675, 1.353857, 0.4508663, 336.9169, 161.5893
2.880088, 1.353857, 0.2491345, 356.7088, 162.2943
2.880088, 1.203857, 0.2491345, 356.7088, 174.1221
2.680849, 1.203857, 0.2317034, 341.2302, 174.212
2.680849, 1.353857, 0.2317034, 341.2302, 162.3569
box_3_Hareli(Clone) stack 81 Shelf_1 Rack_0_1_0
2.881832, 1.503857, 0.2510558, 356.8168, 150.4625
2.682928, 1.503857, 0.2301501, 341.4152, 150.505
2.659931, 1.503857, 0.448945, 336.8068, 150.0706
2.858836, 1.503857, 0.4698507, 351.7903, 150.0304
2.659931, 1.503857, 0.448945, 336.8068, 150.0706
2.659931, 1.353857, 0.448945, 336.8068, 161.5959
2.858836, 1.353857, 0.4698507, 351.7903, 161.5249
2.858836, 1.503857, 0.4698507, 351.7903, 150.0304
2.858836, 1.503857, 0.4698507, 351.7903, 150.0304
2.858836, 1.353857, 0.4698507, 351.7903, 161.5249
2.881832, 1.353857, 0.2510558, 356.8168, 162.2874
2.881832, 1.503857, 0.2510558, 356.8168, 150.4625
2.682928, 1.353857, 0.2301501, 341.4152, 162.3625
2.881832, 1.353857, 0.2510558, 356.8168, 162.2874
2.858836, 1.353857, 0.4698507, 351.7903, 161.5249
2.659931, 1.353857, 0.448945, 336.8068, 161.5959
2.682928, 1.503857, 0.2301501, 341.4152, 150.505
2.682928, 1.353857, 0.2301501, 341.4152, 162.3625
2.659931, 1.353857, 0.448945, 336.8068, 161.5959
2.659931, 1.503857, 0.448945, 336.8068, 150.0706
2.881832, 1.503857, 0.2510558, 356.8168, 150.4625
2.881832, 1.353857, 0.2510558, 356.8168, 162.2874
2.682928, 1.353857, 0.2301501, 341.4152, 162.3625
2.682928, 1.503857, 0.2301501, 341.4152, 150.505
box_3_Hareli(Clone) stack 81 Shelf_1 Rack_0_1_0
2.864988, 1.653857, 0.2349175, 355.7343, 138.6453
2.665262, 1.653857, 0.2453847, 339.8184, 138.6403
2.676776, 1.653857, 0.4650832, 337.8987, 138.5381
2.876502, 1.653857, 0.454616, 353.3646, 138.5428
2.676776, 1.653857, 0.4650832, 337.8987, 138.5381
2.676776, 1.503857, 0.4650832, 337.8987, 150.0396
2.876502, 1.503857, 0.4546161, 353.3646, 150.0597
2.876502, 1.653857, 0.454616, 353.3646, 138.5428
2.876502, 1.653857, 0.454616, 353.3646, 138.5428
2.876502, 1.503857, 0.4546161, 353.3646, 150.0597
2.864988, 1.503857, 0.2349175, 355.7343, 150.4953
2.864988, 1.653857, 0.2349175, 355.7343, 138.6453
2.665262, 1.503857, 0.2453847, 339.8184, 150.474
2.864988, 1.503857, 0.2349175, 355.7343, 150.4953
2.876502, 1.503857, 0.4546161, 353.3646, 150.0597
2.676776, 1.503857, 0.4650832, 337.8987, 150.0396
2.665262, 1.653857, 0.2453847, 339.8184, 138.6403
2.665262, 1.503857, 0.2453847, 339.8184, 150.474
2.676776, 1.503857, 0.4650832, 337.8987, 150.0396
2.676776, 1.653857, 0.4650832, 337.8987, 138.5381
2.864988, 1.653857, 0.2349175, 355.7343, 138.6453
2.864988, 1.503857, 0.2349175, 355.7343, 150.4953
2.665262, 1.503857, 0.2453847, 339.8184, 150.474
2.665262, 1.653857, 0.2453847, 339.8184, 138.6403
box_3_Hareli(Clone) stack 81 Shelf_1 Rack_0_1_0
2.883542, 1.803857, 0.2530072, 356.9216, 126.8147
2.685033, 1.803857, 0.2286334, 341.6019, 126.7885
2.658221, 1.803857, 0.4469935, 336.6996, 127.0181
2.856731, 1.803857, 0.4713674, 351.6074, 127.043
2.658221, 1.803857, 0.4469935, 336.6996, 127.0181
2.658221, 1.653857, 0.4469935, 336.6996, 138.5463
2.856731, 1.653857, 0.4713674, 351.6074, 138.5352
2.856731, 1.803857, 0.4713674, 351.6074, 127.043
2.856731, 1.803857, 0.4713674, 351.6074, 127.043
2.856731, 1.653857, 0.4713674, 351.6074, 138.5352
2.883542, 1.653857, 0.2530072, 356.9216, 138.6366
2.883542, 1.803857, 0.2530072, 356.9216, 126.8147
2.685033, 1.653857, 0.2286334, 341.6019, 138.6483
2.883542, 1.653857, 0.2530072, 356.9216, 138.6366
2.856731, 1.653857, 0.4713674, 351.6074, 138.5352
2.658221, 1.653857, 0.4469935, 336.6996, 138.5463
2.685033, 1.803857, 0.2286334, 341.6019, 126.7885
2.685033, 1.653857, 0.2286334, 341.6019, 138.6483
2.658221, 1.653857, 0.4469935, 336.6996, 138.5463
2.658221, 1.803857, 0.4469935, 336.6996, 127.0181
2.883542, 1.803857, 0.2530072, 356.9216, 126.8147
2.883542, 1.653857, 0.2530072, 356.9216, 138.6366
2.685033, 1.653857, 0.2286334, 341.6019, 138.6483
2.685033, 1.803857, 0.2286334, 341.6019, 126.7885
box_3_Hareli(Clone) stack 81 Shelf_1 Rack_0_1_0
2.87466, 1.953857, 0.2435573, 356.366, 114.968
2.674782, 1.953857, 0.2365774, 340.686, 114.9496
2.667104, 1.953857, 0.4564434, 337.2645, 115.5136
2.866982, 1.953857, 0.4634233, 352.5069, 115.531
2.667104, 1.953857, 0.4564434, 337.2645, 115.5136
2.667104, 1.803857, 0.4564435, 337.2645, 127.0278
2.866982, 1.803857, 0.4634234, 352.5069, 127.0349
2.866982, 1.953857, 0.4634233, 352.5069, 115.531
2.866982, 1.953857, 0.4634233, 352.5069, 115.531
2.866982, 1.803857, 0.4634234, 352.5069, 127.0349
2.87466, 1.803857, 0.2435573, 356.366, 126.8046
2.87466, 1.953857, 0.2435573, 356.366, 114.968
2.674782, 1.803857, 0.2365774, 340.686, 126.797
2.87466, 1.803857, 0.2435573, 356.366, 126.8046
2.866982, 1.803857, 0.4634234, 352.5069, 127.0349
2.667104, 1.803857, 0.4564435, 337.2645, 127.0278
2.674782, 1.953857, 0.2365774, 340.686, 114.9496
2.674782, 1.803857, 0.2365774, 340.686, 126.797
2.667104, 1.803857, 0.4564435, 337.2645, 127.0278
2.667104, 1.953857, 0.4564434, 337.2645, 115.5136
2.87466, 1.953857, 0.2435573, 356.366, 114.968
2.87466, 1.803857, 0.2435573, 356.366, 126.8046
2.674782, 1.803857, 0.2365774, 340.686, 126.797
2.674782, 1.953857, 0.2365774, 340.686, 114.9496
box_1_Parle-G-GOLD(Clone) stack 83 Shelf_1 Rack_0_1_0
2.104232, 1.376249, 0.249206, 295.5301, 160.5284
1.904354, 1.376249, 0.2422261, 279.8058, 160.5518
1.897071, 1.376249, 0.4507947, 278.1834, 159.8695
2.096949, 1.376249, 0.4577746, 293.4896, 159.8473
1.897071, 1.376249, 0.4507947, 278.1834, 159.8695
1.897071, 1.203749, 0.4507947, 278.1834, 173.1204
2.096949, 1.203749, 0.4577746, 293.4896, 173.0863
2.096949, 1.376249, 0.4577746, 293.4896, 159.8473
2.096949, 1.376249, 0.4577746, 293.4896, 159.8473
2.096949, 1.203749, 0.4577746, 293.4896, 173.0863
2.104232, 1.203749, 0.249206, 295.5301, 174.1303
2.104232, 1.376249, 0.249206, 295.5301, 160.5284
1.904354, 1.203749, 0.2422261, 279.8058, 174.1662
2.104232, 1.203749, 0.249206, 295.5301, 174.1303
2.096949, 1.203749, 0.4577746, 293.4896, 173.0863
1.897071, 1.203749, 0.4507947, 278.1834, 173.1204
1.904354, 1.376249, 0.2422261, 279.8058, 160.5518
1.904354, 1.203749, 0.2422261, 279.8058, 174.1662
1.897071, 1.203749, 0.4507947, 278.1834, 173.1204
1.897071, 1.376249, 0.4507947, 278.1834, 159.8695
2.104232, 1.376249, 0.249206, 295.5301, 160.5284
2.104232, 1.203749, 0.249206, 295.5301, 174.1303
1.904354, 1.203749, 0.2422261, 279.8058, 174.1662
1.904354, 1.376249, 0.2422261, 279.8058, 160.5518
box_1_Parle-G-GOLD(Clone) stack 83 Shelf_1 Rack_0_1_0
2.112623, 1.548749, 0.2586173, 296.1223, 146.9117
1.914114, 1.548749, 0.2342434, 280.6187, 146.9499
1.88868, 1.548749, 0.4413835, 277.5841, 146.6326
2.087189, 1.548749, 0.4657574, 292.6868, 146.5964
1.88868, 1.548749, 0.4413835, 277.5841, 146.6326
1.88868, 1.376249, 0.4413835, 277.5841, 159.8995
2.087189, 1.376249, 0.4657574, 292.6868, 159.8219
2.087189, 1.548749, 0.4657574, 292.6868, 146.5964
2.087189, 1.548749, 0.4657574, 292.6868, 146.5964
2.087189, 1.376249, 0.4657574, 292.6868, 159.8219
2.112623, 1.376249, 0.2586173, 296.1223, 160.4968
2.112623, 1.548749, 0.2586173, 296.1223, 146.9117
1.914114, 1.376249, 0.2342434, 280.6187, 160.5786
2.112623, 1.376249, 0.2586173, 296.1223, 160.4968
2.087189, 1.376249, 0.4657574, 292.6868, 159.8219
1.88868, 1.376249, 0.4413835, 277.5841, 159.8995
1.914114, 1.548749, 0.2342434, 280.6187, 146.9499
1.914114, 1.376249, 0.2342434, 280.6187, 160.5786
1.88868, 1.376249, 0.4413835, 277.5841, 159.8995
1.88868, 1.548749, 0.4413835, 277.5841, 146.6326
2.112623, 1.548749, 0.2586173, 296.1223, 146.9117
2.112623, 1.376249, 0.2586173, 296.1223, 160.4968
1.914114, 1.376249, 0.2342434, 280.6187, 160.5786
1.914114, 1.548749, 0.2342434, 280.6187, 146.9499
box_1_Parle-G-GOLD(Clone) stack 83 Shelf_1 Rack_0_1_0
2.100652, 1.721249, 0.2456525, 295.2735, 133.3237
1.900652, 1.721249, 0.2456525, 279.4958, 133.3237
1.900652, 1.721249, 0.4543482, 278.4409, 133.3684
2.100652, 1.721249, 0.4543482, 293.7973, 133.3684
1.900652, 1.721249, 0.4543482, 278.4409, 133.3684
1.900652, 1.548749, 0.4543482, 278.4409, 146.6133
2.100652, 1.548749, 0.4543482, 293.7973, 146.6133
2.100652, 1.721249, 0.4543482, 293.7973, 133.3684
2.100652, 1.721249, 0.4543482, 293.7973, 133.3684
2.100652, 1.548749, 0.4543482, 293.7973, 146.6133
2.100652, 1.548749, 0.2456525, 295.2735, 146.932
2.100652, 1.721249, 0.2456525, 295.2735, 133.3237
1.900652, 1.548749, 0.2456525, 279.4958, 146.932
2.100652, 1.548749, 0.2456525, 295.2735, 146.932
2.100652, 1.548749, 0.4543482, 293.7973, 146.6133
1.900652, 1.548749, 0.4543482, 278.4409, 146.6133
1.900652, 1.721249, 0.2456525, 279.4958, 133.3237
1.900652, 1.548749, 0.2456525, 279.4958, 146.932
1.900652, 1.548749, 0.4543482, 278.4409, 146.6133
1.900652, 1.721249, 0.4543482, 278.4409, 133.3684
2.100652, 1.721249, 0.2456525, 295.2735, 133.3237
2.100652, 1.548749, 0.2456525, 295.2735, 146.932
1.900652, 1.548749, 0.2456525, 279.4958, 146.932
1.900652, 1.721249, 0.2456525, 279.4958, 133.3237
box_1_Parle-G-GOLD(Clone) stack 83 Shelf_1 Rack_0_1_0
2.096949, 1.893749, 0.2422261, 295.0062, 119.7085
1.897071, 1.893749, 0.249206, 279.195, 119.7225
1.904354, 1.893749, 0.4577746, 278.7083, 120.1301
2.104232, 1.893749, 0.4507947, 294.0969, 120.1168
1.904354, 1.893749, 0.4577746, 278.7083, 120.1301
1.904354, 1.721249, 0.4577746, 278.7083, 133.3691
2.104232, 1.721249, 0.4507947, 294.0969, 133.3677
2.104232, 1.893749, 0.4507947, 294.0969, 120.1168
2.104232, 1.893749, 0.4507947, 294.0969, 120.1168
2.104232, 1.721249, 0.4507947, 294.0969, 133.3677
2.096949, 1.721249, 0.2422261, 295.0062, 133.3229
2.096949, 1.893749, 0.2422261, 295.0062, 119.7085
1.897071, 1.721249, 0.249206, 279.195, 133.3244
2.096949, 1.721249, 0.2422261, 295.0062, 133.3229
2.104232, 1.721249, 0.4507947, 294.0969, 133.3677
1.904354, 1.721249, 0.4577746, 278.7083, 133.3691
1.897071, 1.893749, 0.249206, 279.195, 119.7225
1.897071, 1.721249, 0.249206, 279.195, 133.3244
1.904354, 1.721249, 0.4577746, 278.7083, 133.3691
1.904354, 1.893749, 0.4577746, 278.7083, 120.1301
2.096949, 1.893749, 0.2422261, 295.0062, 119.7085
2.096949, 1.721249, 0.2422261, 295.0062, 133.3229
1.897071, 1.721249, 0.249206, 279.195, 133.3244
1.897071, 1.893749, 0.249206, 279.195, 119.7225
box_1_Parle-G-GOLD(Clone) stack 83 Shelf_1 Rack_0_1_0
2.112623, 2.066249, 0.2586173, 296.1223, 106.1563
1.914114, 2.066249, 0.2342434, 280.6187, 106.0637
1.88868, 2.066249, 0.4413835, 277.5841, 106.832
2.087189, 2.066249, 0.4657574, 292.6868, 106.9197
1.88868, 2.066249, 0.4413835, 277.5841, 106.832
1.88868, 1.893749, 0.4413835, 277.5841, 120.0988
2.087189, 1.893749, 0.4657574, 292.6868, 120.1452
2.087189, 2.066249, 0.4657574, 292.6868, 106.9197
2.087189, 2.066249, 0.4657574, 292.6868, 106.9197
2.087189, 1.893749, 0.4657574, 292.6868, 120.1452
2.112623, 1.893749, 0.2586173, 296.1223, 119.7414
2.112623, 2.066249, 0.2586173, 296.1223, 106.1563
1.914114, 1.893749, 0.2342434, 280.6187, 119.6924
2.112623, 1.893749, 0.2586173, 296.1223, 119.7414
2.087189, 1.893749, 0.4657574, 292.6868, 120.1452
1.88868, 1.893749, 0.4413835, 277.5841, 120.0988
1.914114, 2.066249, 0.2342434, 280.6187, 106.0637
1.914114, 1.893749, 0.2342434, 280.6187, 119.6924
1.88868, 1.893749, 0.4413835, 277.5841, 120.0988
1.88868, 2.066249, 0.4413835, 277.5841, 106.832
2.112623, 2.066249, 0.2586173, 296.1223, 106.1563
2.112623, 1.893749, 0.2586173, 296.1223, 119.7414
1.914114, 1.893749, 0.2342434, 280.6187, 119.6924
1.914114, 2.066249, 0.2342434, 280.6187, 106.0637
box_6_melody(Clone) stack 84 Shelf_1 Rack_0_1_0
1.720952, 1.391943, 0.2430817, 265.3281, 159.3105
1.522443, 1.391943, 0.2187079, 249.6937, 159.3886
1.493194, 1.391943, 0.456919, 247.1533, 158.6454
1.691703, 1.391943, 0.4812929, 262.3206, 158.5719
1.493194, 1.391943, 0.456919, 247.1533, 158.6454
1.493194, 1.204443, 0.456919, 247.1533, 173.0373
1.691703, 1.204443, 0.4812929, 262.3206, 172.919
1.691703, 1.391943, 0.4812929, 262.3206, 158.5719
1.691703, 1.391943, 0.4812929, 262.3206, 158.5719
1.691703, 1.204443, 0.4812929, 262.3206, 172.919
1.720952, 1.204443, 0.2430817, 265.3281, 174.1071
1.720952, 1.391943, 0.2430817, 265.3281, 159.3105
1.522443, 1.204443, 0.2187079, 249.6937, 174.2328
1.720952, 1.204443, 0.2430817, 265.3281, 174.1071
1.691703, 1.204443, 0.4812929, 262.3206, 172.919
1.493194, 1.204443, 0.456919, 247.1533, 173.0373
1.522443, 1.391943, 0.2187079, 249.6937, 159.3886
1.522443, 1.204443, 0.2187079, 249.6937, 174.2328
1.493194, 1.204443, 0.456919, 247.1533, 173.0373
1.493194, 1.391943, 0.456919, 247.1533, 158.6454
1.720952, 1.391943, 0.2430817, 265.3281, 159.3105
1.720952, 1.204443, 0.2430817, 265.3281, 174.1071
1.522443, 1.204443, 0.2187079, 249.6937, 174.2328
1.522443, 1.391943, 0.2187079, 249.6937, 159.3886
box_6_melody(Clone) stack 84 Shelf_1 Rack_0_1_0
1.702824, 1.579443, 0.2265834, 263.9495, 144.5345
1.502946, 1.579443, 0.2335633, 248.1342, 144.5257
1.511322, 1.579443, 0.4734173, 248.5267, 144.2341
1.7112, 1.579443, 0.4664374, 263.8576, 144.2423
1.511322, 1.579443, 0.4734173, 248.5267, 144.2341
1.511322, 1.391943, 0.4734173, 248.5267, 158.5956
1.7112, 1.391943, 0.4664374, 263.8576, 158.6166
1.7112, 1.579443, 0.4664374, 263.8576, 144.2423
1.7112, 1.579443, 0.4664374, 263.8576, 144.2423
1.7112, 1.391943, 0.4664374, 263.8576, 158.6166
1.702824, 1.391943, 0.2265835, 263.9495, 159.3633
1.702824, 1.579443, 0.2265834, 263.9495, 144.5345
1.502946, 1.391943, 0.2335634, 248.1342, 159.3409
1.702824, 1.391943, 0.2265835, 263.9495, 159.3633
1.7112, 1.391943, 0.4664374, 263.8576, 158.6166
1.511322, 1.391943, 0.4734173, 248.5267, 158.5956
1.502946, 1.579443, 0.2335633, 248.1342, 144.5257
1.502946, 1.391943, 0.2335634, 248.1342, 159.3409
1.511322, 1.391943, 0.4734173, 248.5267, 158.5956
1.511322, 1.579443, 0.4734173, 248.5267, 144.2341
1.702824, 1.579443, 0.2265834, 263.9495, 144.5345
1.702824, 1.391943, 0.2265835, 263.9495, 159.3633
1.502946, 1.391943, 0.2335634, 248.1342, 159.3409
1.502946, 1.579443, 0.2335633, 248.1342, 144.5257
box_6_melody(Clone) stack 84 Shelf_1 Rack_0_1_0
1.698459, 1.766943, 0.223317, 263.6144, 129.7034
1.498946, 1.766943, 0.2372683, 247.8143, 129.7131
1.515687, 1.766943, 0.4766837, 248.8574, 129.8746
1.7152, 1.766943, 0.4627324, 264.1757, 129.8655
1.515687, 1.766943, 0.4766837, 248.8574, 129.8746
1.515687, 1.579443, 0.4766838, 248.8574, 144.2302
1.7152, 1.579443, 0.4627325, 264.1757, 144.2467
1.7152, 1.766943, 0.4627324, 264.1757, 129.8655
1.7152, 1.766943, 0.4627324, 264.1757, 129.8655
1.7152, 1.579443, 0.4627325, 264.1757, 144.2467
1.698459, 1.579443, 0.223317, 263.6144, 144.5386
1.698459, 1.766943, 0.223317, 263.6144, 129.7034
1.498946, 1.579443, 0.2372683, 247.8143, 144.5211
1.698459, 1.579443, 0.223317, 263.6144, 144.5386
1.7152, 1.579443, 0.4627325, 264.1757, 144.2467
1.515687, 1.579443, 0.4766838, 248.8574, 144.2302
1.498946, 1.766943, 0.2372683, 247.8143, 129.7131
1.498946, 1.579443, 0.2372683, 247.8143, 144.5211
1.515687, 1.579443, 0.4766838, 248.8574, 144.2302
1.515687, 1.766943, 0.4766837, 248.8574, 129.8746
1.698459, 1.766943, 0.223317, 263.6144, 129.7034
1.698459, 1.579443, 0.223317, 263.6144, 144.5386
1.498946, 1.579443, 0.2372683, 247.8143, 144.5211
1.498946, 1.766943, 0.2372683, 247.8143, 129.7131
box_6_melody(Clone) stack 84 Shelf_1 Rack_0_1_0
1.7152, 1.954443, 0.2372683, 264.8932, 114.9052
1.515687, 1.954443, 0.223317, 249.1533, 114.8682
1.498946, 1.954443, 0.4627324, 247.5891, 115.4843
1.698459, 1.954443, 0.4766837, 262.8509, 115.5191
1.498946, 1.954443, 0.4627324, 247.5891, 115.4843
1.498946, 1.766943, 0.4627325, 247.5891, 129.8655
1.698459, 1.766943, 0.4766838, 262.8509, 129.8746
1.698459, 1.954443, 0.4766837, 262.8509, 115.5191
1.698459, 1.954443, 0.4766837, 262.8509, 115.5191
1.698459, 1.766943, 0.4766838, 262.8509, 129.8746
1.7152, 1.766943, 0.2372683, 264.8932, 129.7131
1.7152, 1.954443, 0.2372683, 264.8932, 114.9052
1.515687, 1.766943, 0.223317, 249.1533, 129.7034
1.7152, 1.766943, 0.2372683, 264.8932, 129.7131
1.698459, 1.766943, 0.4766838, 262.8509, 129.8746
1.498946, 1.766943, 0.4627325, 247.5891, 129.8655
1.515687, 1.954443, 0.223317, 249.1533, 114.8682
1.515687, 1.766943, 0.223317, 249.1533, 129.7034
1.498946, 1.766943, 0.4627325, 247.5891, 129.8655
1.498946, 1.954443, 0.4627324, 247.5891, 115.4843
1.7152, 1.954443, 0.2372683, 264.8932, 114.9052
1.7152, 1.766943, 0.2372683, 264.8932, 129.7131
1.515687, 1.766943, 0.223317, 249.1533, 129.7034
1.515687, 1.954443, 0.223317, 249.1533, 114.8682
box4_Fairever(Clone) stack 85 Shelf_1 Rack_0_1_0
1.308248, 1.369311, 0.226747, 232.7438, 161.1526
1.108523, 1.369311, 0.2372142, 216.9802, 161.1166
1.120893, 1.369311, 0.4732538, 218.6214, 160.3296
1.320619, 1.369311, 0.4627866, 233.9115, 160.3635
1.120893, 1.369311, 0.4732538, 218.6214, 160.3296
1.120893, 1.204311, 0.4732538, 218.6214, 172.968
1.320619, 1.204311, 0.4627866, 233.9115, 173.0188
1.320619, 1.369311, 0.4627866, 233.9115, 160.3635
1.320619, 1.369311, 0.4627866, 233.9115, 160.3635
1.320619, 1.204311, 0.4627866, 233.9115, 173.0188
1.308248, 1.204311, 0.226747, 232.7438, 174.2017
1.308248, 1.369311, 0.226747, 232.7438, 161.1526
1.108523, 1.204311, 0.2372142, 216.9802, 174.1477
1.308248, 1.204311, 0.226747, 232.7438, 174.2017
1.320619, 1.204311, 0.4627866, 233.9115, 173.0188
1.120893, 1.204311, 0.4732538, 218.6214, 172.968
1.108523, 1.369311, 0.2372142, 216.9802, 161.1166
1.108523, 1.204311, 0.2372142, 216.9802, 174.1477
1.120893, 1.204311, 0.4732538, 218.6214, 172.968
1.120893, 1.369311, 0.4732538, 218.6214, 160.3296
1.308248, 1.369311, 0.226747, 232.7438, 161.1526
1.308248, 1.204311, 0.226747, 232.7438, 174.2017
1.108523, 1.204311, 0.2372142, 216.9802, 174.1477
1.108523, 1.369311, 0.2372142, 216.9802, 161.1166
box4_Fairever(Clone) stack 85 Shelf_1 Rack_0_1_0
1.320619, 1.534311, 0.2372142, 233.7308, 148.0855
1.120893, 1.534311, 0.226747, 217.9268, 148.1035
1.108523, 1.534311, 0.4627866, 217.644, 147.7082
1.308248, 1.534311, 0.4732538, 232.9722, 147.6912
1.108523, 1.534311, 0.4627866, 217.644, 147.7082
1.108523, 1.369311, 0.4627866, 217.644, 160.3635
1.308248, 1.369311, 0.4732538, 232.9722, 160.3296
1.308248, 1.534311, 0.4732538, 232.9722, 147.6912
1.308248, 1.534311, 0.4732538, 232.9722, 147.6912
1.308248, 1.369311, 0.4732538, 232.9722, 160.3296
1.320619, 1.369311, 0.2372142, 233.7308, 161.1166
1.320619, 1.534311, 0.2372142, 233.7308, 148.0855
1.120893, 1.369311, 0.226747, 217.9268, 161.1526
1.320619, 1.369311, 0.2372142, 233.7308, 161.1166
1.308248, 1.369311, 0.4732538, 232.9722, 160.3296
1.108523, 1.369311, 0.4627866, 217.644, 160.3635
1.120893, 1.534311, 0.226747, 217.9268, 148.1035
1.120893, 1.369311, 0.226747, 217.9268, 161.1526
1.108523, 1.369311, 0.4627866, 217.644, 160.3635
1.108523, 1.534311, 0.4627866, 217.644, 147.7082
1.320619, 1.534311, 0.2372142, 233.7308, 148.0855
1.320619, 1.369311, 0.2372142, 233.7308, 161.1166
1.120893, 1.369311, 0.226747, 217.9268, 161.1526
1.120893, 1.534311, 0.226747, 217.9268, 148.1035
box4_Fairever(Clone) stack 85 Shelf_1 Rack_0_1_0
1.32449, 1.699311, 0.2409839, 234.0395, 135.0544
1.125251, 1.699311, 0.2235528, 218.2623, 135.0545
1.104651, 1.699311, 0.4590169, 217.3361, 135.0529
1.30389, 1.699311, 0.476448, 232.6413, 135.0527
1.104651, 1.699311, 0.4590169, 217.3361, 135.0529
1.104651, 1.534311, 0.4590169, 217.3361, 147.7143
1.30389, 1.534311, 0.476448, 232.6413, 147.686
1.30389, 1.699311, 0.476448, 232.6413, 135.0527
1.30389, 1.699311, 0.476448, 232.6413, 135.0527
1.30389, 1.534311, 0.476448, 232.6413, 147.686
1.32449, 1.534311, 0.2409839, 234.0395, 148.079
1.32449, 1.699311, 0.2409839, 234.0395, 135.0544
1.125251, 1.534311, 0.2235527, 218.2623, 148.109
1.32449, 1.534311, 0.2409839, 234.0395, 148.079
1.30389, 1.534311, 0.476448, 232.6413, 147.686
1.104651, 1.534311, 0.4590169, 217.3361, 147.7143
1.125251, 1.699311, 0.2235528, 218.2623, 135.0545
1.125251, 1.534311, 0.2235527, 218.2623, 148.109
1.104651, 1.534311, 0.4590169, 217.3361, 147.7143
1.104651, 1.699311, 0.4590169, 217.3361, 135.0529
1.32449, 1.699311, 0.2409839, 234.0395, 135.0544
1.32449, 1.534311, 0.2409839, 234.0395, 148.079
1.125251, 1.534311, 0.2235527, 218.2623, 148.109
1.125251, 1.699311, 0.2235528, 218.2623, 135.0545
box4_Fairever(Clone) stack 85 Shelf_1 Rack_0_1_0
1.316618, 1.864311, 0.2335818, 233.4117, 122.0171
1.116648, 1.864311, 0.2300913, 217.601, 122.0111
1.112523, 1.864311, 0.4664189, 217.9611, 122.4034
1.312493, 1.864311, 0.4699094, 233.2944, 122.409
1.112523, 1.864311, 0.4664189, 217.9611, 122.4034
1.112523, 1.699311, 0.4664189, 217.9611, 135.0528
1.312493, 1.699311, 0.4699094, 233.2944, 135.0528
1.312493, 1.864311, 0.4699094, 233.2944, 122.409
1.312493, 1.864311, 0.4699094, 233.2944, 122.409
1.312493, 1.699311, 0.4699094, 233.2944, 135.0528
1.316618, 1.699311, 0.2335818, 233.4117, 135.0544
1.316618, 1.864311, 0.2335818, 233.4117, 122.0171
1.116648, 1.699311, 0.2300914, 217.601, 135.0545
1.316618, 1.699311, 0.2335818, 233.4117, 135.0544
1.312493, 1.699311, 0.4699094, 233.2944, 135.0528
1.112523, 1.699311, 0.4664189, 217.9611, 135.0528
1.116648, 1.864311, 0.2300913, 217.601, 122.0111
1.116648, 1.699311, 0.2300914, 217.601, 135.0545
1.112523, 1.699311, 0.4664189, 217.9611, 135.0528
1.112523, 1.864311, 0.4664189, 217.9611, 122.4034
1.316618, 1.864311, 0.2335818, 233.4117, 122.0171
1.316618, 1.699311, 0.2335818, 233.4117, 135.0544
1.116648, 1.699311, 0.2300914, 217.601, 135.0545
1.116648, 1.864311, 0.2300913, 217.601, 122.0111
box_7_litchi(Clone) stack 86 Shelf_2 Rack_0_1_0
1.353975, 2.599012, 0.2535512, 236.373, 64.15167
1.154097, 2.599012, 0.2465713, 220.6034, 64.08665
1.147117, 2.599012, 0.4464495, 220.5636, 65.90234
1.346995, 2.599012, 0.4534294, 235.9297, 65.96407
1.147117, 2.599012, 0.4464495, 220.5636, 65.90234
1.147117, 2.389012, 0.4464495, 220.5636, 82.04285
1.346995, 2.389012, 0.4534294, 235.9297, 82.09015
1.346995, 2.599012, 0.4534294, 235.9297, 65.96407
1.346995, 2.599012, 0.4534294, 235.9297, 65.96407
1.346995, 2.389012, 0.4534294, 235.9297, 82.09015
1.353975, 2.389012, 0.2535512, 236.373, 80.70111
1.353975, 2.599012, 0.2535512, 236.373, 64.15167
1.154097, 2.389012, 0.2465713, 220.6034, 80.65128
1.353975, 2.389012, 0.2535512, 236.373, 80.70111
1.346995, 2.389012, 0.4534294, 235.9297, 82.09015
1.147117, 2.389012, 0.4464495, 220.5636, 82.04285
1.154097, 2.599012, 0.2465713, 220.6034, 64.08665
1.154097, 2.389012, 0.2465713, 220.6034, 80.65128
1.147117, 2.389012, 0.4464495, 220.5636, 82.04285
1.147117, 2.599012, 0.4464495, 220.5636, 65.90234
1.353975, 2.599012, 0.2535512, 236.373, 64.15167
1.353975, 2.389012, 0.2535512, 236.373, 80.70111
1.154097, 2.389012, 0.2465713, 220.6034, 80.65128
1.154097, 2.599012, 0.2465713, 220.6034, 64.08665
box_7_litchi(Clone) stack 86 Shelf_2 Rack_0_1_0
1.355643, 2.809012, 0.255371, 236.5052, 47.62312
1.155917, 2.809012, 0.2449038, 220.7427, 47.50285
1.14545, 2.809012, 0.4446297, 220.4308, 49.74196
1.345176, 2.809012, 0.4550969, 235.7909, 49.85616
1.14545, 2.809012, 0.4446297, 220.4308, 49.74196
1.14545, 2.599012, 0.4446297, 220.4308, 65.88623
1.345176, 2.599012, 0.4550969, 235.7909, 65.97881
1.345176, 2.809012, 0.4550969, 235.7909, 49.85616
1.345176, 2.809012, 0.4550969, 235.7909, 49.85616
1.345176, 2.599012, 0.4550969, 235.7909, 65.97881
1.355643, 2.599012, 0.255371, 236.5052, 64.16859
1.355643, 2.809012, 0.255371, 236.5052, 47.62312
1.155917, 2.599012, 0.2449038, 220.7427, 64.07111
1.355643, 2.599012, 0.255371, 236.5052, 64.16859
1.345176, 2.599012, 0.4550969, 235.7909, 65.97881
1.14545, 2.599012, 0.4446297, 220.4308, 65.88623
1.155917, 2.809012, 0.2449038, 220.7427, 47.50285
1.155917, 2.599012, 0.2449038, 220.7427, 64.07111
1.14545, 2.599012, 0.4446297, 220.4308, 65.88623
1.14545, 2.809012, 0.4446297, 220.4308, 49.74196
1.355643, 2.809012, 0.255371, 236.5052, 47.62312
1.355643, 2.599012, 0.255371, 236.5052, 64.16859
1.155917, 2.599012, 0.2449038, 220.7427, 64.07111
1.155917, 2.809012, 0.2449038, 220.7427, 47.50285
box_7_litchi(Clone) stack 86 Shelf_2 Rack_0_1_0
1.339546, 3.019012, 0.2400953, 235.2274, 30.86876
1.140641, 3.019012, 0.2610011, 219.5807, 31.15442
1.161547, 3.019012, 0.4599054, 221.7042, 33.79579
1.360451, 3.019012, 0.4389997, 236.9574, 33.52451
1.161547, 3.019012, 0.4599054, 221.7042, 33.79579
1.161547, 2.809012, 0.4599054, 221.7042, 49.90851
1.360451, 2.809012, 0.4389997, 236.9574, 49.68042
1.360451, 3.019012, 0.4389997, 236.9574, 33.52451
1.360451, 3.019012, 0.4389997, 236.9574, 33.52451
1.360451, 2.809012, 0.4389997, 236.9574, 49.68042
1.339546, 2.809012, 0.2400953, 235.2274, 47.44748
1.339546, 3.019012, 0.2400953, 235.2274, 30.86876
1.140641, 2.809012, 0.2610011, 219.5807, 47.68767
1.339546, 2.809012, 0.2400953, 235.2274, 47.44748
1.360451, 2.809012, 0.4389997, 236.9574, 49.68042
1.161547, 2.809012, 0.4599054, 221.7042, 49.90851
1.140641, 3.019012, 0.2610011, 219.5807, 31.15442
1.140641, 2.809012, 0.2610011, 219.5807, 47.68767
1.161547, 2.809012, 0.4599054, 221.7042, 49.90851
1.161547, 3.019012, 0.4599054, 221.7042, 33.79579
1.339546, 3.019012, 0.2400953, 235.2274, 30.86876
1.339546, 2.809012, 0.2400953, 235.2274, 47.44748
1.140641, 2.809012, 0.2610011, 219.5807, 47.68767
1.140641, 3.019012, 0.2610011, 219.5807, 31.15442
box_7_litchi(Clone) stack 86 Shelf_2 Rack_0_1_0
1.339546, 3.229012, 0.2400953, 235.2274, 14.29001
1.140641, 3.229012, 0.2610011, 219.5807, 14.62114
1.161547, 3.229012, 0.4599054, 221.7042, 17.68304
1.360451, 3.229012, 0.4389997, 236.9574, 17.36856
1.161547, 3.229012, 0.4599054, 221.7042, 17.68304
1.161547, 3.019012, 0.4599054, 221.7042, 33.79579
1.360451, 3.019012, 0.4389997, 236.9574, 33.52451
1.360451, 3.229012, 0.4389997, 236.9574, 17.36856
1.360451, 3.229012, 0.4389997, 236.9574, 17.36856
1.360451, 3.019012, 0.4389997, 236.9574, 33.52451
1.339546, 3.019012, 0.2400953, 235.2274, 30.86876
1.339546, 3.229012, 0.2400953, 235.2274, 14.29001
1.140641, 3.019012, 0.2610011, 219.5807, 31.15442
1.339546, 3.019012, 0.2400953, 235.2274, 30.86876
1.360451, 3.019012, 0.4389997, 236.9574, 33.52451
1.161547, 3.019012, 0.4599054, 221.7042, 33.79579
1.140641, 3.229012, 0.2610011, 219.5807, 14.62114
1.140641, 3.019012, 0.2610011, 219.5807, 31.15442
1.161547, 3.019012, 0.4599054, 221.7042, 33.79579
1.161547, 3.229012, 0.4599054, 221.7042, 17.68304
1.339546, 3.229012, 0.2400953, 235.2274, 14.29001
1.339546, 3.019012, 0.2400953, 235.2274, 30.86876
1.140641, 3.019012, 0.2610011, 219.5807, 31.15442
1.140641, 3.229012, 0.2610011, 219.5807, 14.62114
box_1_Parle-G-GOLD(Clone) stack 87 Shelf_2 Rack_0_1_0
1.74073, 2.560843, 0.2528824, 266.8542, 67.15372
1.541217, 2.560843, 0.2389311, 251.1503, 67.02914
1.526659, 2.560843, 0.4471184, 249.7342, 68.84169
1.726172, 2.560843, 0.4610697, 265.0226, 68.9597
1.526659, 2.560843, 0.4471184, 249.7342, 68.84169
1.526659, 2.388343, 0.4471184, 249.7342, 82.09882
1.726172, 2.388343, 0.4610697, 265.0226, 82.19319
1.726172, 2.560843, 0.4610697, 265.0226, 68.9597
1.726172, 2.560843, 0.4610697, 265.0226, 68.9597
1.726172, 2.388343, 0.4610697, 265.0226, 82.19319
1.74073, 2.388343, 0.2528824, 266.8542, 80.7491
1.74073, 2.560843, 0.2528824, 266.8542, 67.15372
1.541217, 2.388343, 0.2389311, 251.1503, 80.64948
1.74073, 2.388343, 0.2528824, 266.8542, 80.7491
1.726172, 2.388343, 0.4610697, 265.0226, 82.19319
1.526659, 2.388343, 0.4471184, 249.7342, 82.09882
1.541217, 2.560843, 0.2389311, 251.1503, 67.02914
1.541217, 2.388343, 0.2389311, 251.1503, 80.64948
1.526659, 2.388343, 0.4471184, 249.7342, 82.09882
1.526659, 2.560843, 0.4471184, 249.7342, 68.84169
1.74073, 2.560843, 0.2528824, 266.8542, 67.15372
1.74073, 2.388343, 0.2528824, 266.8542, 80.7491
1.541217, 2.388343, 0.2389311, 251.1503, 80.64948
1.541217, 2.560843, 0.2389311, 251.1503, 67.02914
box_1_Parle-G-GOLD(Clone) stack 87 Shelf_2 Rack_0_1_0
1.742409, 2.733343, 0.2547652, 266.9799, 53.57848
1.54317, 2.733343, 0.2373341, 251.3069, 53.39168
1.524981, 2.733343, 0.4452356, 249.6075, 55.5654
1.72422, 2.733343, 0.4626667, 264.8678, 55.7424
1.524981, 2.733343, 0.4452356, 249.6075, 55.5654
1.524981, 2.560843, 0.4452356, 249.6075, 68.82573
1.72422, 2.560843, 0.4626667, 264.8678, 68.97318
1.72422, 2.733343, 0.4626667, 264.8678, 55.7424
1.72422, 2.733343, 0.4626667, 264.8678, 55.7424
1.72422, 2.560843, 0.4626667, 264.8678, 68.97318
1.742409, 2.560843, 0.2547652, 266.9799, 67.17049
1.742409, 2.733343, 0.2547652, 266.9799, 53.57848
1.54317, 2.560843, 0.237334, 251.3069, 67.01486
1.742409, 2.560843, 0.2547652, 266.9799, 67.17049
1.72422, 2.560843, 0.4626667, 264.8678, 68.97318
1.524981, 2.560843, 0.4452356, 249.6075, 68.82573
1.54317, 2.733343, 0.2373341, 251.3069, 53.39168
1.54317, 2.560843, 0.237334, 251.3069, 67.01486
1.524981, 2.560843, 0.4452356, 249.6075, 68.82573
1.524981, 2.733343, 0.4452356, 249.6075, 55.5654
1.742409, 2.733343, 0.2547652, 266.9799, 53.57848
1.742409, 2.560843, 0.2547652, 266.9799, 67.17049
1.54317, 2.560843, 0.237334, 251.3069, 67.01486
1.54317, 2.733343, 0.2373341, 251.3069, 53.39168
box_3_Hareli(Clone) stack 88 Shelf_2 Rack_0_1_0
2.109324, 2.538451, 0.2332926, 296.0487, 68.74805
1.909811, 2.538451, 0.2472439, 280.2099, 68.86955
1.925158, 2.538451, 0.4667081, 280.2589, 70.72386
2.12467, 2.538451, 0.4527568, 295.6528, 70.60909
1.925158, 2.538451, 0.4667081, 280.2589, 70.72386
1.925158, 2.388451, 0.4667081, 280.2589, 82.22295
2.12467, 2.388451, 0.4527568, 295.6528, 82.12871
2.12467, 2.538451, 0.4527568, 295.6528, 70.60909
2.12467, 2.538451, 0.4527568, 295.6528, 70.60909
2.12467, 2.388451, 0.4527568, 295.6528, 82.12871
2.109324, 2.388451, 0.2332927, 296.0487, 80.60062
2.109324, 2.538451, 0.2332926, 296.0487, 68.74805
1.909811, 2.388451, 0.247244, 280.2099, 80.70038
2.109324, 2.388451, 0.2332927, 296.0487, 80.60062
2.12467, 2.388451, 0.4527568, 295.6528, 82.12871
1.925158, 2.388451, 0.4667081, 280.2589, 82.22295
1.909811, 2.538451, 0.2472439, 280.2099, 68.86955
1.909811, 2.388451, 0.247244, 280.2099, 80.70038
1.925158, 2.388451, 0.4667081, 280.2589, 82.22295
1.925158, 2.538451, 0.4667081, 280.2589, 70.72386
2.109324, 2.538451, 0.2332926, 296.0487, 68.74805
2.109324, 2.388451, 0.2332927, 296.0487, 80.60062
1.909811, 2.388451, 0.247244, 280.2099, 80.70038
1.909811, 2.538451, 0.2472439, 280.2099, 68.86955
box_3_Hareli(Clone) stack 88 Shelf_2 Rack_0_1_0
2.115306, 2.688451, 0.2382718, 296.4844, 56.94664
1.915336, 2.688451, 0.2417623, 280.675, 56.98248
1.919176, 2.688451, 0.4617289, 279.8257, 59.17654
2.119145, 2.688451, 0.4582384, 295.1898, 59.14267
1.919176, 2.688451, 0.4617289, 279.8257, 59.17654
1.919176, 2.538451, 0.4617289, 279.8257, 70.68292
2.119145, 2.538451, 0.4582384, 295.1898, 70.65422
2.119145, 2.688451, 0.4582384, 295.1898, 59.14267
2.119145, 2.688451, 0.4582384, 295.1898, 59.14267
2.119145, 2.538451, 0.4582384, 295.1898, 70.65422
2.115306, 2.538451, 0.2382719, 296.4844, 68.79146
2.115306, 2.688451, 0.2382718, 296.4844, 56.94664
1.915336, 2.538451, 0.2417624, 280.675, 68.82185
2.115306, 2.538451, 0.2382719, 296.4844, 68.79146
2.119145, 2.538451, 0.4582384, 295.1898, 70.65422
1.919176, 2.538451, 0.4617289, 279.8257, 70.68292
1.915336, 2.688451, 0.2417623, 280.675, 56.98248
1.915336, 2.538451, 0.2417624, 280.675, 68.82185
1.919176, 2.538451, 0.4617289, 279.8257, 70.68292
1.919176, 2.688451, 0.4617289, 279.8257, 59.17654
2.115306, 2.688451, 0.2382718, 296.4844, 56.94664
2.115306, 2.538451, 0.2382719, 296.4844, 68.79146
1.915336, 2.538451, 0.2417624, 280.675, 68.82185
1.915336, 2.688451, 0.2417623, 280.675, 56.98248
box_3_Hareli(Clone) stack 88 Shelf_2 Rack_0_1_0
2.107273, 2.838451, 0.2317034, 295.8984, 45.02405
1.908034, 2.838451, 0.2491345, 280.0598, 45.23019
1.927208, 2.838451, 0.4682974, 280.4079, 47.74339
2.126447, 2.838451, 0.4508663, 295.8029, 47.54866
1.927208, 2.838451, 0.4682974, 280.4079, 47.74339
1.927208, 2.688451, 0.4682974, 280.4079, 59.24014
2.126447, 2.688451, 0.4508663, 295.8029, 59.07108
2.126447, 2.838451, 0.4508663, 295.8029, 47.54866
2.126447, 2.838451, 0.4508663, 295.8029, 47.54866
2.126447, 2.688451, 0.4508663, 295.8029, 59.07108
2.107273, 2.688451, 0.2317034, 295.8984, 56.87909
2.107273, 2.838451, 0.2317034, 295.8984, 45.02405
1.908034, 2.688451, 0.2491345, 280.0598, 57.05807
2.107273, 2.688451, 0.2317034, 295.8984, 56.87909
2.126447, 2.688451, 0.4508663, 295.8029, 59.07108
1.927208, 2.688451, 0.4682974, 280.4079, 59.24014
1.908034, 2.838451, 0.2491345, 280.0598, 45.23019
1.908034, 2.688451, 0.2491345, 280.0598, 57.05807
1.927208, 2.688451, 0.4682974, 280.4079, 59.24014
1.927208, 2.838451, 0.4682974, 280.4079, 47.74339
2.107273, 2.838451, 0.2317034, 295.8984, 45.02405
2.107273, 2.688451, 0.2317034, 295.8984, 56.87909
1.908034, 2.688451, 0.2491345, 280.0598, 57.05807
1.908034, 2.838451, 0.2491345, 280.0598, 45.23019
box_3_Hareli(Clone) stack 88 Shelf_2 Rack_0_1_0
2.121019, 2.988451, 0.2435573, 296.8959, 33.32776
1.921141, 2.988451, 0.2365774, 281.1613, 33.23434
1.913463, 2.988451, 0.4564434, 279.4141, 36.09686
2.113341, 2.988451, 0.4634233, 294.7081, 36.1851
1.913463, 2.988451, 0.4564434, 279.4141, 36.09686
1.913463, 2.838451, 0.4564435, 279.4141, 47.61104
2.113341, 2.838451, 0.4634234, 294.7081, 47.68901
2.113341, 2.988451, 0.4634233, 294.7081, 36.1851
2.113341, 2.988451, 0.4634233, 294.7081, 36.1851
2.113341, 2.838451, 0.4634234, 294.7081, 47.68901
2.121019, 2.838451, 0.2435573, 296.8959, 45.16434
2.121019, 2.988451, 0.2435573, 296.8959, 33.32776
1.921141, 2.838451, 0.2365774, 281.1613, 45.08177
2.121019, 2.838451, 0.2435573, 296.8959, 45.16434
2.113341, 2.838451, 0.4634234, 294.7081, 47.68901
1.913463, 2.838451, 0.4564435, 279.4141, 47.61104
1.921141, 2.988451, 0.2365774, 281.1613, 33.23434
1.921141, 2.838451, 0.2365774, 281.1613, 45.08177
1.913463, 2.838451, 0.4564435, 279.4141, 47.61104
1.913463, 2.988451, 0.4564434, 279.4141, 36.09686
2.121019, 2.988451, 0.2435573, 296.8959, 33.32776
2.121019, 2.838451, 0.2435573, 296.8959, 45.16434
1.921141, 2.838451, 0.2365774, 281.1613, 45.08177
1.921141, 2.988451, 0.2365774, 281.1613, 33.23434
box_8_lizol(Clone) stack 89 Shelf_2 Rack_0_1_0
2.487803, 2.565368, 0.2215317, 326.0884, 66.51503
2.288077, 2.565368, 0.2319989, 310.1852, 66.60945
2.300994, 2.565368, 0.4784691, 308.9671, 68.75989
2.50072, 2.565368, 0.4680019, 324.3679, 68.67131
2.300994, 2.565368, 0.4784691, 308.9671, 68.75989
2.300994, 2.389118, 0.4784691, 308.9671, 82.25104
2.50072, 2.389118, 0.4680019, 324.3679, 82.18053
2.50072, 2.565368, 0.4680019, 324.3679, 68.67131
2.50072, 2.565368, 0.4680019, 324.3679, 68.67131
2.50072, 2.389118, 0.4680019, 324.3679, 82.18053
2.487803, 2.389118, 0.2215317, 326.0884, 80.46341
2.487803, 2.565368, 0.2215317, 326.0884, 66.51503
2.288077, 2.389118, 0.2319989, 310.1852, 80.53859
2.487803, 2.389118, 0.2215317, 326.0884, 80.46341
2.50072, 2.389118, 0.4680019, 324.3679, 82.18053
2.300994, 2.389118, 0.4784691, 308.9671, 82.25104
2.288077, 2.565368, 0.2319989, 310.1852, 66.60945
2.288077, 2.389118, 0.2319989, 310.1852, 80.53859
2.300994, 2.389118, 0.4784691, 308.9671, 82.25104
2.300994, 2.565368, 0.4784691, 308.9671, 68.75989
2.487803, 2.565368, 0.2215317, 326.0884, 66.51503
2.487803, 2.389118, 0.2215317, 326.0884, 80.46341
2.288077, 2.389118, 0.2319989, 310.1852, 80.53859
2.288077, 2.565368, 0.2319989, 310.1852, 66.60945
box_2_Parle-G(Clone) stack 90 Shelf_0 Rack_0_1_1
-0.7993499, 0.2744219, 0.2931767, 67.5736, 246.7636
-0.9982544, 0.2744219, 0.272271, 51.46469, 247.0698
-1.012396, 0.2744219, 0.406824, 53.6384, 245.1283
-0.813492, 0.2744219, 0.4277297, 69.46313, 244.8326
-1.012396, 0.2744219, 0.406824, 53.6384, 245.1283
-1.012396, 0.01942196, 0.406824, 53.6384, 264.8275
-0.813492, 0.01942196, 0.4277297, 69.46313, 264.4789
-0.813492, 0.2744219, 0.4277297, 69.46313, 244.8326
-0.813492, 0.2744219, 0.4277297, 69.46313, 244.8326
-0.813492, 0.01942196, 0.4277297, 69.46313, 264.4789
-0.7993499, 0.01942196, 0.2931767, 67.5736, 266.7553
-0.7993499, 0.2744219, 0.2931767, 67.5736, 246.7636
-0.9982544, 0.01942196, 0.272271, 51.46469, 267.1162
-0.7993499, 0.01942196, 0.2931767, 67.5736, 266.7553
-0.813492, 0.01942196, 0.4277297, 69.46313, 264.4789
-1.012396, 0.01942196, 0.406824, 53.6384, 264.8275
-0.9982544, 0.2744219, 0.272271, 51.46469, 247.0698
-0.9982544, 0.01942196, 0.272271, 51.46469, 267.1162
-1.012396, 0.01942196, 0.406824, 53.6384, 264.8275
-1.012396, 0.2744219, 0.406824, 53.6384, 245.1283
-0.7993499, 0.2744219, 0.2931767, 67.5736, 246.7636
-0.7993499, 0.01942196, 0.2931767, 67.5736, 266.7553
-0.9982544, 0.01942196, 0.272271, 51.46469, 267.1162
-0.9982544, 0.2744219, 0.272271, 51.46469, 247.0698
box_2_Parle-G(Clone) stack 90 Shelf_0 Rack_0_1_1
-0.7993499, 0.5294219, 0.2931767, 67.5736, 226.7719
-0.9982544, 0.5294219, 0.272271, 51.46469, 227.0233
-1.012396, 0.5294219, 0.406824, 53.6384, 225.4291
-0.813492, 0.5294219, 0.4277297, 69.46313, 225.1863
-1.012396, 0.5294219, 0.406824, 53.6384, 225.4291
-1.012396, 0.2744219, 0.406824, 53.6384, 245.1283
-0.813492, 0.2744219, 0.4277297, 69.46313, 244.8326
-0.813492, 0.5294219, 0.4277297, 69.46313, 225.1863
-0.813492, 0.5294219, 0.4277297, 69.46313, 225.1863
-0.813492, 0.2744219, 0.4277297, 69.46313, 244.8326
-0.7993499, 0.2744219, 0.2931767, 67.5736, 246.7636
-0.7993499, 0.5294219, 0.2931767, 67.5736, 226.7719
-0.9982544, 0.2744219, 0.272271, 51.46469, 247.0698
-0.7993499, 0.2744219, 0.2931767, 67.5736, 246.7636
-0.813492, 0.2744219, 0.4277297, 69.46313, 244.8326
-1.012396, 0.2744219, 0.406824, 53.6384, 245.1283
-0.9982544, 0.5294219, 0.272271, 51.46469, 227.0233
-0.9982544, 0.2744219, 0.272271, 51.46469, 247.0698
-1.012396, 0.2744219, 0.406824, 53.6384, 245.1283
-1.012396, 0.5294219, 0.406824, 53.6384, 225.4291
-0.7993499, 0.5294219, 0.2931767, 67.5736, 226.7719
-0.7993499, 0.2744219, 0.2931767, 67.5736, 246.7636
-0.9982544, 0.2744219, 0.272271, 51.46469, 247.0698
-0.9982544, 0.5294219, 0.272271, 51.46469, 227.0233
box_2_Parle-G(Clone) stack 90 Shelf_0 Rack_0_1_1
-0.813492, 0.7844219, 0.272271, 65.98952, 206.9769
-1.012396, 0.7844219, 0.2931767, 50.87099, 206.7802
-0.9982544, 0.7844219, 0.4277297, 55.22824, 205.5401
-0.7993499, 0.7844219, 0.406824, 70.0966, 205.7299
-0.9982544, 0.7844219, 0.4277297, 55.22824, 205.5401
-0.9982544, 0.5294219, 0.4277297, 55.22824, 225.1863
-0.7993499, 0.5294219, 0.406824, 70.0966, 225.4291
-0.7993499, 0.7844219, 0.406824, 70.0966, 205.7299
-0.7993499, 0.7844219, 0.406824, 70.0966, 205.7299
-0.7993499, 0.5294219, 0.406824, 70.0966, 225.4291
-0.813492, 0.5294219, 0.272271, 65.98952, 227.0233
-0.813492, 0.7844219, 0.272271, 65.98952, 206.9769
-1.012396, 0.5294219, 0.2931767, 50.87099, 226.7719
-0.813492, 0.5294219, 0.272271, 65.98952, 227.0233
-0.7993499, 0.5294219, 0.406824, 70.0966, 225.4291
-0.9982544, 0.5294219, 0.4277297, 55.22824, 225.1863
-1.012396, 0.7844219, 0.2931767, 50.87099, 206.7802
-1.012396, 0.5294219, 0.2931767, 50.87099, 226.7719
-0.9982544, 0.5294219, 0.4277297, 55.22824, 225.1863
-0.9982544, 0.7844219, 0.4277297, 55.22824, 205.5401
-0.813492, 0.7844219, 0.272271, 65.98952, 206.9769
-0.813492, 0.5294219, 0.272271, 65.98952, 227.0233
-1.012396, 0.5294219, 0.2931767, 50.87099, 226.7719
-1.012396, 0.7844219, 0.2931767, 50.87099, 206.7802
box_8_lizol(Clone) stack 92 Shelf_0 Rack_0_1_1
-0.04045259, 0.1961813, 0.2199211, 125.9788, 254.037
-0.2399654, 0.1961813, 0.2338724, 110.4246, 253.8183
-0.2227489, 0.1961813, 0.4800797, 115.8113, 250.087
-0.0232361, 0.1961813, 0.4661284, 130.8858, 250.2922
-0.2227489, 0.1961813, 0.4800797, 115.8113, 250.087
-0.2227489, 0.01993132, 0.4800797, 115.8113, 263.5754
-0.0232361, 0.01993132, 0.4661284, 130.8858, 263.8046
-0.0232361, 0.1961813, 0.4661284, 130.8858, 250.2922
-0.0232361, 0.1961813, 0.4661284, 130.8858, 250.2922
-0.0232361, 0.01993132, 0.4661284, 130.8858, 263.8046
-0.04045259, 0.01993129, 0.2199211, 125.9788, 267.9884
-0.04045259, 0.1961813, 0.2199211, 125.9788, 254.037
-0.2399654, 0.01993129, 0.2338724, 110.4246, 267.744
-0.04045259, 0.01993129, 0.2199211, 125.9788, 267.9884
-0.0232361, 0.01993132, 0.4661284, 130.8858, 263.8046
-0.2227489, 0.01993132, 0.4800797, 115.8113, 263.5754
-0.2399654, 0.1961813, 0.2338724, 110.4246, 253.8183
-0.2399654, 0.01993129, 0.2338724, 110.4246, 267.744
-0.2227489, 0.01993132, 0.4800797, 115.8113, 263.5754
-0.2227489, 0.1961813, 0.4800797, 115.8113, 250.087
-0.04045259, 0.1961813, 0.2199211, 125.9788, 254.037
-0.04045259, 0.01993129, 0.2199211, 125.9788, 267.9884
-0.2399654, 0.01993129, 0.2338724, 110.4246, 267.744
-0.2399654, 0.1961813, 0.2338724, 110.4246, 253.8183
box_8_lizol(Clone) stack 92 Shelf_0 Rack_0_1_1
-0.02735492, 0.3724313, 0.2301612, 127.168, 239.9439
-0.2272331, 0.3724313, 0.2231813, 111.2493, 240.0405
-0.2358465, 0.3724313, 0.4698395, 114.6452, 236.7315
-0.03596842, 0.3724313, 0.4768194, 130.0599, 236.6409
-0.2358465, 0.3724313, 0.4698395, 114.6452, 236.7315
-0.2358465, 0.1961813, 0.4698395, 114.6452, 250.2375
-0.03596842, 0.1961813, 0.4768195, 130.0599, 250.1349
-0.03596842, 0.3724313, 0.4768194, 130.0599, 236.6409
-0.03596842, 0.3724313, 0.4768194, 130.0599, 236.6409
-0.03596842, 0.1961813, 0.4768195, 130.0599, 250.1349
-0.02735492, 0.1961813, 0.2301612, 127.168, 253.8764
-0.02735492, 0.3724313, 0.2301612, 127.168, 239.9439
-0.2272331, 0.1961813, 0.2231813, 111.2493, 253.9859
-0.02735492, 0.1961813, 0.2301612, 127.168, 253.8764
-0.03596842, 0.1961813, 0.4768195, 130.0599, 250.1349
-0.2358465, 0.1961813, 0.4698395, 114.6452, 250.2375
-0.2272331, 0.3724313, 0.2231813, 111.2493, 240.0405
-0.2272331, 0.1961813, 0.2231813, 111.2493, 253.9859
-0.2358465, 0.1961813, 0.4698395, 114.6452, 250.2375
-0.2358465, 0.3724313, 0.4698395, 114.6452, 236.7315
-0.02735492, 0.3724313, 0.2301612, 127.168, 239.9439
-0.02735492, 0.1961813, 0.2301612, 127.168, 253.8764
-0.2272331, 0.1961813, 0.2231813, 111.2493, 253.9859
-0.2272331, 0.3724313, 0.2231813, 111.2493, 240.0405
box_8_lizol(Clone) stack 92 Shelf_0 Rack_0_1_1
-0.02527931, 0.5486813, 0.2319989, 127.3594, 225.9894
-0.2250052, 0.5486813, 0.2215317, 111.3976, 226.115
-0.2379222, 0.5486813, 0.4680019, 114.4567, 223.2462
-0.03819626, 0.5486813, 0.4784691, 129.9125, 223.1283
-0.2379222, 0.5486813, 0.4680019, 114.4567, 223.2462
-0.2379222, 0.3724313, 0.4680019, 114.4567, 236.7554
-0.03819626, 0.3724313, 0.4784691, 129.9125, 236.6195
-0.03819626, 0.5486813, 0.4784691, 129.9125, 223.1283
-0.03819626, 0.5486813, 0.4784691, 129.9125, 223.1283
-0.03819626, 0.3724313, 0.4784691, 129.9125, 236.6195
-0.02527931, 0.3724313, 0.2319989, 127.3594, 239.9185
-0.02527931, 0.5486813, 0.2319989, 127.3594, 225.9894
-0.2250052, 0.3724313, 0.2215317, 111.3976, 240.0634
-0.02527931, 0.3724313, 0.2319989, 127.3594, 239.9185
-0.03819626, 0.3724313, 0.4784691, 129.9125, 236.6195
-0.2379222, 0.3724313, 0.4680019, 114.4567, 236.7554
-0.2250052, 0.5486813, 0.2215317, 111.3976, 226.115
-0.2250052, 0.3724313, 0.2215317, 111.3976, 240.0634
-0.2379222, 0.3724313, 0.4680019, 114.4567, 236.7554
-0.2379222, 0.5486813, 0.4680019, 114.4567, 223.2462
-0.02527931, 0.5486813, 0.2319989, 127.3594, 225.9894
-0.02527931, 0.3724313, 0.2319989, 127.3594, 239.9185
-0.2250052, 0.3724313, 0.2215317, 111.3976, 240.0634
-0.2250052, 0.5486813, 0.2215317, 111.3976, 226.115
box_7_litchi(Clone) stack 94 Shelf_1 Rack_0_1_1
-0.818454, 1.414419, 0.2432683, 64.93419, 157.5362
-1.017967, 1.414419, 0.2572196, 49.53944, 157.4949
-1.004015, 1.414419, 0.4567324, 55.47157, 156.9208
-0.8045027, 1.414419, 0.4427811, 70.48333, 156.96
-1.004015, 1.414419, 0.4567324, 55.47157, 156.9208
-1.004015, 1.204419, 0.4567324, 55.47157, 173.04
-0.8045027, 1.204419, 0.4427811, 70.48333, 173.108
-0.8045027, 1.414419, 0.4427811, 70.48333, 156.96
-0.8045027, 1.414419, 0.4427811, 70.48333, 156.96
-0.8045027, 1.204419, 0.4427811, 70.48333, 173.108
-0.818454, 1.204419, 0.2432683, 64.93419, 174.108
-0.818454, 1.414419, 0.2432683, 64.93419, 157.5362
-1.017967, 1.204419, 0.2572196, 49.53944, 174.0364
-0.818454, 1.204419, 0.2432683, 64.93419, 174.108
-0.8045027, 1.204419, 0.4427811, 70.48333, 173.108
-1.004015, 1.204419, 0.4567324, 55.47157, 173.04
-1.017967, 1.414419, 0.2572196, 49.53944, 157.4949
-1.017967, 1.204419, 0.2572196, 49.53944, 174.0364
-1.004015, 1.204419, 0.4567324, 55.47157, 173.04
-1.004015, 1.414419, 0.4567324, 55.47157, 156.9208
-0.818454, 1.414419, 0.2432683, 64.93419, 157.5362
-0.818454, 1.204419, 0.2432683, 64.93419, 174.108
-1.017967, 1.204419, 0.2572196, 49.53944, 174.0364
-1.017967, 1.414419, 0.2572196, 49.53944, 157.4949
box_7_litchi(Clone) stack 94 Shelf_1 Rack_0_1_1
-0.8095047, 1.624419, 0.2517608, 65.83495, 140.9577
-1.009474, 1.624419, 0.2482703, 49.98513, 140.9604
-1.012965, 1.624419, 0.4482399, 54.58321, 140.8078
-0.8129952, 1.624419, 0.4517304, 70.02524, 140.8052
-1.012965, 1.624419, 0.4482399, 54.58321, 140.8078
-1.012965, 1.414419, 0.4482399, 54.58321, 156.9446
-0.8129952, 1.414419, 0.4517304, 70.02524, 156.9348
-0.8129952, 1.624419, 0.4517304, 70.02524, 140.8052
-0.8129952, 1.624419, 0.4517304, 70.02524, 140.8052
-0.8129952, 1.414419, 0.4517304, 70.02524, 156.9348
-0.8095047, 1.414419, 0.2517608, 65.83495, 157.511
-0.8095047, 1.624419, 0.2517608, 65.83495, 140.9577
-1.009474, 1.414419, 0.2482704, 49.98513, 157.5214
-0.8095047, 1.414419, 0.2517608, 65.83495, 157.511
-0.8129952, 1.414419, 0.4517304, 70.02524, 156.9348
-1.012965, 1.414419, 0.4482399, 54.58321, 156.9446
-1.009474, 1.624419, 0.2482703, 49.98513, 140.9604
-1.009474, 1.414419, 0.2482704, 49.98513, 157.5214
-1.012965, 1.414419, 0.4482399, 54.58321, 156.9446
-1.012965, 1.624419, 0.4482399, 54.58321, 140.8078
-0.8095047, 1.624419, 0.2517608, 65.83495, 140.9577
-0.8095047, 1.414419, 0.2517608, 65.83495, 157.511
-1.009474, 1.414419, 0.2482704, 49.98513, 157.5214
-1.009474, 1.624419, 0.2482703, 49.98513, 140.9604
box_7_litchi(Clone) stack 95 Shelf_1 Rack_0_1_1
-0.4251851, 1.414419, 0.2482703, 96.06308, 157.5214
-0.6251546, 1.414419, 0.2517608, 80.36642, 157.511
-0.6216642, 1.414419, 0.4517304, 84.7209, 156.9348
-0.4216946, 1.414419, 0.4482399, 100.0175, 156.9446
-0.6216642, 1.414419, 0.4517304, 84.7209, 156.9348
-0.6216642, 1.204419, 0.4517304, 84.7209, 173.0644
-0.4216946, 1.204419, 0.4482399, 100.0175, 173.0814
-0.4216946, 1.414419, 0.4482399, 100.0175, 156.9446
-0.4216946, 1.414419, 0.4482399, 100.0175, 156.9446
-0.4216946, 1.204419, 0.4482399, 100.0175, 173.0814
-0.4251851, 1.204419, 0.2482704, 96.06308, 174.0823
-0.4251851, 1.414419, 0.2482703, 96.06308, 157.5214
-0.6251546, 1.204419, 0.2517608, 80.36642, 174.0644
-0.4251851, 1.204419, 0.2482704, 96.06308, 174.0823
-0.4216946, 1.204419, 0.4482399, 100.0175, 173.0814
-0.6216642, 1.204419, 0.4517304, 84.7209, 173.0644
-0.6251546, 1.414419, 0.2517608, 80.36642, 157.511
-0.6251546, 1.204419, 0.2517608, 80.36642, 174.0644
-0.6216642, 1.204419, 0.4517304, 84.7209, 173.0644
-0.6216642, 1.414419, 0.4517304, 84.7209, 156.9348
-0.4251851, 1.414419, 0.2482703, 96.06308, 157.5214
-0.4251851, 1.204419, 0.2482704, 96.06308, 174.0823
-0.6251546, 1.204419, 0.2517608, 80.36642, 174.0644
-0.6251546, 1.414419, 0.2517608, 80.36642, 157.511
box_7_litchi(Clone) stack 95 Shelf_1 Rack_0_1_1
-0.4135196, 1.624419, 0.2610011, 97.22198, 140.9505
-0.612424, 1.624419, 0.2400953, 81.12643, 140.9669
-0.6333297, 1.624419, 0.4389997, 83.56998, 140.8147
-0.4344253, 1.624419, 0.4599054, 99.24956, 140.7991
-0.6333297, 1.624419, 0.4389997, 83.56998, 140.8147
-0.6333297, 1.414419, 0.4389997, 83.56998, 156.9706
-0.4344253, 1.414419, 0.4599054, 99.24956, 156.9119
-0.4344253, 1.624419, 0.4599054, 99.24956, 140.7991
-0.4344253, 1.624419, 0.4599054, 99.24956, 140.7991
-0.4344253, 1.414419, 0.4599054, 99.24956, 156.9119
-0.4135196, 1.414419, 0.2610011, 97.22198, 157.4837
-0.4135196, 1.624419, 0.2610011, 97.22198, 140.9505
-0.612424, 1.414419, 0.2400953, 81.12643, 157.5456
-0.4135196, 1.414419, 0.2610011, 97.22198, 157.4837
-0.4344253, 1.414419, 0.4599054, 99.24956, 156.9119
-0.6333297, 1.414419, 0.4389997, 83.56998, 156.9706
-0.612424, 1.624419, 0.2400953, 81.12643, 140.9669
-0.612424, 1.414419, 0.2400953, 81.12643, 157.5456
-0.6333297, 1.414419, 0.4389997, 83.56998, 156.9706
-0.6333297, 1.624419, 0.4389997, 83.56998, 140.8147
-0.4135196, 1.624419, 0.2610011, 97.22198, 140.9505
-0.4135196, 1.414419, 0.2610011, 97.22198, 157.4837
-0.612424, 1.414419, 0.2400953, 81.12643, 157.5456
-0.612424, 1.624419, 0.2400953, 81.12643, 140.9669
box_7_litchi(Clone) stack 95 Shelf_1 Rack_0_1_1
-0.4119831, 1.834419, 0.2629327, 97.37908, 124.4199
-0.6104923, 1.834419, 0.2385588, 81.24684, 124.386
-0.6348662, 1.834419, 0.4370681, 83.41298, 124.6562
-0.436357, 1.834419, 0.4614419, 99.12904, 124.6884
-0.6348662, 1.834419, 0.4370681, 83.41298, 124.6562
-0.6348662, 1.624419, 0.4370681, 83.41298, 140.8161
-0.436357, 1.624419, 0.4614419, 99.12904, 140.798
-0.436357, 1.834419, 0.4614419, 99.12904, 124.6884
-0.436357, 1.834419, 0.4614419, 99.12904, 124.6884
-0.436357, 1.624419, 0.4614419, 99.12904, 140.798
-0.4119831, 1.624419, 0.2629327, 97.37908, 140.949
-0.4119831, 1.834419, 0.2629327, 97.37908, 124.4199
-0.6104923, 1.624419, 0.2385588, 81.24684, 140.9681
-0.4119831, 1.624419, 0.2629327, 97.37908, 140.949
-0.436357, 1.624419, 0.4614419, 99.12904, 140.798
-0.6348662, 1.624419, 0.4370681, 83.41298, 140.8161
-0.6104923, 1.834419, 0.2385588, 81.24684, 124.386
-0.6104923, 1.624419, 0.2385588, 81.24684, 140.9681
-0.6348662, 1.624419, 0.4370681, 83.41298, 140.8161
-0.6348662, 1.834419, 0.4370681, 83.41298, 124.6562
-0.4119831, 1.834419, 0.2629327, 97.37908, 124.4199
-0.4119831, 1.624419, 0.2629327, 97.37908, 140.949
-0.6104923, 1.624419, 0.2385588, 81.24684, 140.9681
-0.6104923, 1.834419, 0.2385588, 81.24684, 124.386
box_7_litchi(Clone) stack 95 Shelf_1 Rack_0_1_1
-0.4287953, 2.044419, 0.2449038, 95.71455, 107.8266
-0.6285211, 2.044419, 0.255371, 80.17685, 107.8639
-0.618054, 2.044419, 0.4550969, 85.06498, 108.5574
-0.4183281, 2.044419, 0.4446297, 100.2116, 108.5219
-0.618054, 2.044419, 0.4550969, 85.06498, 108.5574
-0.618054, 1.834419, 0.4550969, 85.06498, 124.6801
-0.4183281, 1.834419, 0.4446297, 100.2116, 124.6662
-0.4183281, 2.044419, 0.4446297, 100.2116, 108.5219
-0.4183281, 2.044419, 0.4446297, 100.2116, 108.5219
-0.4183281, 1.834419, 0.4446297, 100.2116, 124.6662
-0.4287953, 1.834419, 0.2449038, 95.71455, 124.3948
-0.4287953, 2.044419, 0.2449038, 95.71455, 107.8266
-0.6285211, 1.834419, 0.255371, 80.17685, 124.4094
-0.4287953, 1.834419, 0.2449038, 95.71455, 124.3948
-0.4183281, 1.834419, 0.4446297, 100.2116, 124.6662
-0.618054, 1.834419, 0.4550969, 85.06498, 124.6801
-0.6285211, 2.044419, 0.255371, 80.17685, 107.8639
-0.6285211, 1.834419, 0.255371, 80.17685, 124.4094
-0.618054, 1.834419, 0.4550969, 85.06498, 124.6801
-0.618054, 2.044419, 0.4550969, 85.06498, 108.5574
-0.4287953, 2.044419, 0.2449038, 95.71455, 107.8266
-0.4287953, 1.834419, 0.2449038, 95.71455, 124.3948
-0.6285211, 1.834419, 0.255371, 80.17685, 124.4094
-0.6285211, 2.044419, 0.255371, 80.17685, 107.8639
box_6_melody(Clone) stack 96 Shelf_1 Rack_0_1_1
-0.03353472, 1.391943, 0.2411106, 126.8428, 159.3168
-0.2324391, 1.391943, 0.2202049, 110.7867, 159.3838
-0.257526, 1.391943, 0.4588902, 112.8061, 158.6395
-0.05862157, 1.391943, 0.4797959, 128.3679, 158.5764
-0.257526, 1.391943, 0.4588902, 112.8061, 158.6395
-0.257526, 1.204443, 0.4588902, 112.8061, 173.0277
-0.05862157, 1.204443, 0.4797959, 128.3679, 172.9263
-0.05862157, 1.391943, 0.4797959, 128.3679, 158.5764
-0.05862157, 1.391943, 0.4797959, 128.3679, 158.5764
-0.05862157, 1.204443, 0.4797959, 128.3679, 172.9263
-0.03353472, 1.204443, 0.2411106, 126.8428, 174.1172
-0.03353472, 1.391943, 0.2411106, 126.8428, 159.3168
-0.2324391, 1.204443, 0.2202049, 110.7867, 174.2251
-0.03353472, 1.204443, 0.2411106, 126.8428, 174.1172
-0.05862157, 1.204443, 0.4797959, 128.3679, 172.9263
-0.257526, 1.204443, 0.4588902, 112.8061, 173.0277
-0.2324391, 1.391943, 0.2202049, 110.7867, 159.3838
-0.2324391, 1.204443, 0.2202049, 110.7867, 174.2251
-0.257526, 1.204443, 0.4588902, 112.8061, 173.0277
-0.257526, 1.391943, 0.4588902, 112.8061, 158.6395
-0.03353472, 1.391943, 0.2411106, 126.8428, 159.3168
-0.03353472, 1.204443, 0.2411106, 126.8428, 174.1172
-0.2324391, 1.204443, 0.2202049, 110.7867, 174.2251
-0.2324391, 1.391943, 0.2202049, 110.7867, 159.3838
box_6_melody(Clone) stack 96 Shelf_1 Rack_0_1_1
-0.03938707, 1.579443, 0.2353984, 126.2953, 144.5234
-0.239113, 1.579443, 0.2249312, 110.3393, 144.5366
-0.2516736, 1.579443, 0.4646024, 113.3477, 144.2445
-0.05194771, 1.579443, 0.4750696, 128.8116, 144.2321
-0.2516736, 1.579443, 0.4646024, 113.3477, 144.2445
-0.2516736, 1.391943, 0.4646024, 113.3477, 158.6222
-0.05194771, 1.391943, 0.4750696, 128.8116, 158.5906
-0.05194771, 1.579443, 0.4750696, 128.8116, 144.2321
-0.05194771, 1.579443, 0.4750696, 128.8116, 144.2321
-0.05194771, 1.391943, 0.4750696, 128.8116, 158.5906
-0.03938707, 1.391943, 0.2353984, 126.2953, 159.335
-0.03938707, 1.579443, 0.2353984, 126.2953, 144.5234
-0.239113, 1.391943, 0.2249312, 110.3393, 159.3686
-0.03938707, 1.391943, 0.2353984, 126.2953, 159.335
-0.05194771, 1.391943, 0.4750696, 128.8116, 158.5906
-0.2516736, 1.391943, 0.4646024, 113.3477, 158.6222
-0.239113, 1.579443, 0.2249312, 110.3393, 144.5366
-0.239113, 1.391943, 0.2249312, 110.3393, 159.3686
-0.2516736, 1.391943, 0.4646024, 113.3477, 158.6222
-0.2516736, 1.579443, 0.4646024, 113.3477, 144.2445
-0.03938707, 1.579443, 0.2353984, 126.2953, 144.5234
-0.03938707, 1.391943, 0.2353984, 126.2953, 159.335
-0.239113, 1.391943, 0.2249312, 110.3393, 159.3686
-0.239113, 1.579443, 0.2249312, 110.3393, 144.5366
box_6_melody(Clone) stack 96 Shelf_1 Rack_0_1_1
-0.03353472, 1.766943, 0.2411106, 126.8428, 129.7158
-0.2324391, 1.766943, 0.2202049, 110.7867, 129.7012
-0.257526, 1.766943, 0.4588902, 112.8061, 129.863
-0.05862157, 1.766943, 0.4797959, 128.3679, 129.8767
-0.257526, 1.766943, 0.4588902, 112.8061, 129.863
-0.257526, 1.579443, 0.4588902, 112.8061, 144.2512
-0.05862157, 1.579443, 0.4797959, 128.3679, 144.2266
-0.05862157, 1.766943, 0.4797959, 128.3679, 129.8767
-0.05862157, 1.766943, 0.4797959, 128.3679, 129.8767
-0.05862157, 1.579443, 0.4797959, 128.3679, 144.2266
-0.03353472, 1.579443, 0.2411106, 126.8428, 144.5163
-0.03353472, 1.766943, 0.2411106, 126.8428, 129.7158
-0.2324391, 1.579443, 0.2202049, 110.7867, 144.5425
-0.03353472, 1.579443, 0.2411106, 126.8428, 144.5163
-0.05862157, 1.579443, 0.4797959, 128.3679, 144.2266
-0.257526, 1.579443, 0.4588902, 112.8061, 144.2512
-0.2324391, 1.766943, 0.2202049, 110.7867, 129.7012
-0.2324391, 1.579443, 0.2202049, 110.7867, 144.5425
-0.257526, 1.579443, 0.4588902, 112.8061, 144.2512
-0.257526, 1.766943, 0.4588902, 112.8061, 129.863
-0.03353472, 1.766943, 0.2411106, 126.8428, 129.7158
-0.03353472, 1.579443, 0.2411106, 126.8428, 144.5163
-0.2324391, 1.579443, 0.2202049, 110.7867, 144.5425
-0.2324391, 1.766943, 0.2202049, 110.7867, 129.7012
box_6_melody(Clone) stack 96 Shelf_1 Rack_0_1_1
-0.05636956, 1.954443, 0.2217414, 124.7466, 114.864
-0.2556085, 1.954443, 0.2391725, 109.2798, 114.9102
-0.2346911, 1.954443, 0.4782594, 114.8683, 115.523
-0.03545217, 1.954443, 0.4608282, 129.8747, 115.4796
-0.2346911, 1.954443, 0.4782594, 114.8683, 115.523
-0.2346911, 1.766943, 0.4782594, 114.8683, 129.8757
-0.03545217, 1.766943, 0.4608282, 129.8747, 129.8643
-0.03545217, 1.954443, 0.4608282, 129.8747, 115.4796
-0.03545217, 1.954443, 0.4608282, 129.8747, 115.4796
-0.03545217, 1.766943, 0.4608282, 129.8747, 129.8643
-0.05636956, 1.766943, 0.2217414, 124.7466, 129.7023
-0.05636956, 1.954443, 0.2217414, 124.7466, 114.864
-0.2556085, 1.766943, 0.2391725, 109.2798, 129.7145
-0.05636956, 1.766943, 0.2217414, 124.7466, 129.7023
-0.03545217, 1.766943, 0.4608282, 129.8747, 129.8643
-0.2346911, 1.766943, 0.4782594, 114.8683, 129.8757
-0.2556085, 1.954443, 0.2391725, 109.2798, 114.9102
-0.2556085, 1.766943, 0.2391725, 109.2798, 129.7145
-0.2346911, 1.766943, 0.4782594, 114.8683, 129.8757
-0.2346911, 1.954443, 0.4782594, 114.8683, 115.523
-0.05636956, 1.954443, 0.2217414, 124.7466, 114.864
-0.05636956, 1.766943, 0.2217414, 124.7466, 129.7023
-0.2556085, 1.766943, 0.2391725, 109.2798, 129.7145
-0.2556085, 1.954443, 0.2391725, 109.2798, 114.9102
box_2_Parle-G(Clone) stack 98 Shelf_2 Rack_0_1_1
-0.8245748, 2.643609, 0.2841088, 65.38909, 60.9344
-1.024544, 2.643609, 0.2806183, 49.60617, 60.90054
-1.026906, 2.643609, 0.4158919, 52.73618, 62.18962
-0.8269359, 2.643609, 0.4193824, 68.24326, 62.22232
-1.026906, 2.643609, 0.4158919, 52.73618, 62.18962
-1.026906, 2.388609, 0.4158919, 52.73618, 81.86583
-0.8269359, 2.388609, 0.4193824, 68.24326, 81.88966
-0.8269359, 2.643609, 0.4193824, 68.24326, 62.22232
-0.8269359, 2.643609, 0.4193824, 68.24326, 62.22232
-0.8269359, 2.388609, 0.4193824, 68.24326, 81.88966
-0.8245748, 2.388609, 0.2841088, 65.38909, 80.94981
-0.8245748, 2.643609, 0.2841088, 65.38909, 60.9344
-1.024544, 2.388609, 0.2806184, 49.60617, 80.92511
-0.8245748, 2.388609, 0.2841088, 65.38909, 80.94981
-0.8269359, 2.388609, 0.4193824, 68.24326, 81.88966
-1.026906, 2.388609, 0.4158919, 52.73618, 81.86583
-1.024544, 2.643609, 0.2806183, 49.60617, 60.90054
-1.024544, 2.388609, 0.2806184, 49.60617, 80.92511
-1.026906, 2.388609, 0.4158919, 52.73618, 81.86583
-1.026906, 2.643609, 0.4158919, 52.73618, 62.18962
-0.8245748, 2.643609, 0.2841088, 65.38909, 60.9344
-0.8245748, 2.388609, 0.2841088, 65.38909, 80.94981
-1.024544, 2.388609, 0.2806184, 49.60617, 80.92511
-1.024544, 2.643609, 0.2806183, 49.60617, 60.90054
box_2_Parle-G(Clone) stack 98 Shelf_2 Rack_0_1_1
-0.8333589, 2.898609, 0.272271, 64.42772, 40.77303
-1.032263, 2.898609, 0.2931767, 49.31345, 41.03043
-1.018121, 2.898609, 0.4277297, 53.69762, 42.65401
-0.8192168, 2.898609, 0.406824, 68.56185, 42.40544
-1.018121, 2.898609, 0.4277297, 53.69762, 42.65401
-1.018121, 2.64361, 0.4277297, 53.69762, 62.30031
-0.8192168, 2.64361, 0.406824, 68.56185, 62.10461
-0.8192168, 2.898609, 0.406824, 68.56185, 42.40544
-0.8192168, 2.898609, 0.406824, 68.56185, 42.40544
-0.8192168, 2.64361, 0.406824, 68.56185, 62.10461
-0.8333589, 2.64361, 0.272271, 64.42772, 60.8195
-0.8333589, 2.898609, 0.272271, 64.42772, 40.77303
-1.032263, 2.64361, 0.2931767, 49.31345, 61.02214
-0.8333589, 2.64361, 0.272271, 64.42772, 60.8195
-0.8192168, 2.64361, 0.406824, 68.56185, 62.10461
-1.018121, 2.64361, 0.4277297, 53.69762, 62.30031
-1.032263, 2.898609, 0.2931767, 49.31345, 41.03043
-1.032263, 2.64361, 0.2931767, 49.31345, 61.02214
-1.018121, 2.64361, 0.4277297, 53.69762, 62.30031
-1.018121, 2.898609, 0.4277297, 53.69762, 42.65401
-0.8333589, 2.898609, 0.272271, 64.42772, 40.77303
-0.8333589, 2.64361, 0.272271, 64.42772, 60.8195
-1.032263, 2.64361, 0.2931767, 49.31345, 61.02214
-1.032263, 2.898609, 0.2931767, 49.31345, 41.03043
box_2_Parle-G(Clone) stack 98 Shelf_2 Rack_0_1_1
-0.8257401, 3.15361, 0.2823533, 65.2575, 20.87735
-1.02574, 3.15361, 0.2823533, 49.55552, 20.87735
-1.02574, 3.15361, 0.4176474, 52.86834, 22.86253
-0.8257401, 3.15361, 0.4176474, 68.2972, 22.86253
-1.02574, 3.15361, 0.4176474, 52.86834, 22.86253
-1.02574, 2.89861, 0.4176475, 52.86834, 42.53427
-0.8257401, 2.89861, 0.4176475, 68.2972, 42.53427
-0.8257401, 3.15361, 0.4176474, 68.2972, 22.86253
-0.8257401, 3.15361, 0.4176474, 68.2972, 22.86253
-0.8257401, 2.89861, 0.4176475, 68.2972, 42.53427
-0.8257401, 2.89861, 0.2823533, 65.2575, 40.89734
-0.8257401, 3.15361, 0.2823533, 65.2575, 20.87735
-1.02574, 2.89861, 0.2823533, 49.55552, 40.89734
-0.8257401, 2.89861, 0.2823533, 65.2575, 40.89734
-0.8257401, 2.89861, 0.4176475, 68.2972, 42.53427
-1.02574, 2.89861, 0.4176475, 52.86834, 42.53427
-1.02574, 3.15361, 0.2823533, 49.55552, 20.87735
-1.02574, 2.89861, 0.2823533, 49.55552, 40.89734
-1.02574, 2.89861, 0.4176475, 52.86834, 42.53427
-1.02574, 3.15361, 0.4176474, 52.86834, 22.86253
-0.8257401, 3.15361, 0.2823533, 65.2575, 20.87735
-0.8257401, 2.89861, 0.2823533, 65.2575, 40.89734
-1.02574, 2.89861, 0.2823533, 49.55552, 40.89734
-1.02574, 3.15361, 0.2823533, 49.55552, 20.87735
box_2_Parle-G(Clone) stack 99 Shelf_2 Rack_0_1_1
-0.4313183, 2.643609, 0.2950445, 96.46185, 61.04021
-0.6298276, 2.643609, 0.2706706, 80.39458, 60.80396
-0.6463158, 2.643609, 0.4049563, 81.88071, 62.0871
-0.4478065, 2.643609, 0.4293302, 97.66634, 62.31523
-0.6463158, 2.643609, 0.4049563, 81.88071, 62.0871
-0.6463158, 2.388609, 0.4049563, 81.88071, 81.791
-0.4478065, 2.388609, 0.4293302, 97.66634, 81.9575
-0.4478065, 2.643609, 0.4293302, 97.66634, 62.31523
-0.4478065, 2.643609, 0.4293302, 97.66634, 62.31523
-0.4478065, 2.388609, 0.4293302, 97.66634, 81.9575
-0.4313183, 2.388609, 0.2950445, 96.46185, 81.02702
-0.4313183, 2.643609, 0.2950445, 96.46185, 61.04021
-0.6298276, 2.388609, 0.2706706, 80.39458, 80.85461
-0.4313183, 2.388609, 0.2950445, 96.46185, 81.02702
-0.4478065, 2.388609, 0.4293302, 97.66634, 81.9575
-0.6463158, 2.388609, 0.4049563, 81.88071, 81.791
-0.6298276, 2.643609, 0.2706706, 80.39458, 60.80396
-0.6298276, 2.388609, 0.2706706, 80.39458, 80.85461
-0.6463158, 2.388609, 0.4049563, 81.88071, 81.791
-0.6463158, 2.643609, 0.4049563, 81.88071, 62.0871
-0.4313183, 2.643609, 0.2950445, 96.46185, 61.04021
-0.4313183, 2.388609, 0.2950445, 96.46185, 81.02702
-0.6298276, 2.388609, 0.2706706, 80.39458, 80.85461
-0.6298276, 2.643609, 0.2706706, 80.39458, 60.80396
box_2_Parle-G(Clone) stack 99 Shelf_2 Rack_0_1_1
-0.4354137, 2.898609, 0.2876796, 96.00233, 40.96291
-0.6351396, 2.898609, 0.2772124, 80.11398, 40.83403
-0.6422204, 2.898609, 0.4123212, 82.34669, 42.47093
-0.4424945, 2.898609, 0.4227883, 97.95623, 42.59537
-0.6422204, 2.898609, 0.4123212, 82.34669, 42.47093
-0.6422204, 2.64361, 0.4123212, 82.34669, 62.15617
-0.4424945, 2.64361, 0.4227883, 97.95623, 62.25414
-0.4424945, 2.898609, 0.4227883, 97.95623, 42.59537
-0.4424945, 2.898609, 0.4227883, 97.95623, 42.59537
-0.4424945, 2.64361, 0.4227883, 97.95623, 62.25414
-0.4354137, 2.64361, 0.2876796, 96.00233, 60.96895
-0.4354137, 2.898609, 0.2876796, 96.00233, 40.96291
-0.6351396, 2.64361, 0.2772124, 80.11398, 60.86751
-0.4354137, 2.64361, 0.2876796, 96.00233, 60.96895
-0.4424945, 2.64361, 0.4227883, 97.95623, 62.25414
-0.6422204, 2.64361, 0.4123212, 82.34669, 62.15617
-0.6351396, 2.898609, 0.2772124, 80.11398, 40.83403
-0.6351396, 2.64361, 0.2772124, 80.11398, 60.86751
-0.6422204, 2.64361, 0.4123212, 82.34669, 62.15617
-0.6422204, 2.898609, 0.4123212, 82.34669, 42.47093
-0.4354137, 2.898609, 0.2876796, 96.00233, 40.96291
-0.4354137, 2.64361, 0.2876796, 96.00233, 60.96895
-0.6351396, 2.64361, 0.2772124, 80.11398, 60.86751
-0.6351396, 2.898609, 0.2772124, 80.11398, 40.83403
box_2_Parle-G(Clone) stack 99 Shelf_2 Rack_0_1_1
-0.4388171, 3.15361, 0.2823533, 95.63477, 20.87735
-0.6388171, 3.15361, 0.2823533, 79.9328, 20.87735
-0.6388171, 3.15361, 0.4176474, 82.71721, 22.86253
-0.4388171, 3.15361, 0.4176474, 98.14603, 22.86253
-0.6388171, 3.15361, 0.4176474, 82.71721, 22.86253
-0.6388171, 2.89861, 0.4176475, 82.71721, 42.53427
-0.4388171, 2.89861, 0.4176475, 98.14603, 42.53427
-0.4388171, 3.15361, 0.4176474, 98.14603, 22.86253
-0.4388171, 3.15361, 0.4176474, 98.14603, 22.86253
-0.4388171, 2.89861, 0.4176475, 98.14603, 42.53427
-0.4388171, 2.89861, 0.2823533, 95.63477, 40.89734
-0.4388171, 3.15361, 0.2823533, 95.63477, 20.87735
-0.6388171, 2.89861, 0.2823533, 79.9328, 40.89734
-0.4388171, 2.89861, 0.2823533, 95.63477, 40.89734
-0.4388171, 2.89861, 0.4176475, 98.14603, 42.53427
-0.6388171, 2.89861, 0.4176475, 82.71721, 42.53427
-0.6388171, 3.15361, 0.2823533, 79.9328, 20.87735
-0.6388171, 2.89861, 0.2823533, 79.9328, 40.89734
-0.6388171, 2.89861, 0.4176475, 82.71721, 42.53427
-0.6388171, 3.15361, 0.4176474, 82.71721, 22.86253
-0.4388171, 3.15361, 0.2823533, 95.63477, 20.87735
-0.4388171, 2.89861, 0.2823533, 95.63477, 40.89734
-0.6388171, 2.89861, 0.2823533, 79.9328, 40.89734
-0.6388171, 3.15361, 0.2823533, 79.9328, 20.87735
box_5_LMRR(Clone) stack 100 Shelf_2 Rack_0_1_1
-0.03543629, 2.531555, 0.2133235, 126.2769, 69.11966
-0.2351622, 2.531555, 0.2028563, 110.2743, 69.02849
-0.2500366, 2.531555, 0.4866772, 113.8292, 71.41473
-0.0503107, 2.531555, 0.4971444, 129.249, 71.49944
-0.2500366, 2.531555, 0.4866772, 113.8292, 71.41473
-0.2500366, 2.389055, 0.4866772, 113.8292, 82.31107
-0.0503107, 2.389055, 0.4971444, 129.249, 82.38127
-0.0503107, 2.531555, 0.4971444, 129.249, 71.49944
-0.0503107, 2.531555, 0.4971444, 129.249, 71.49944
-0.0503107, 2.389055, 0.4971444, 129.249, 82.38127
-0.03543629, 2.389055, 0.2133235, 126.2769, 80.4093
-0.03543629, 2.531555, 0.2133235, 126.2769, 69.11966
-0.2351622, 2.389055, 0.2028564, 110.2743, 80.33376
-0.03543629, 2.389055, 0.2133235, 126.2769, 80.4093
-0.0503107, 2.389055, 0.4971444, 129.249, 82.38127
-0.2500366, 2.389055, 0.4866772, 113.8292, 82.31107
-0.2351622, 2.531555, 0.2028563, 110.2743, 69.02849
-0.2351622, 2.389055, 0.2028564, 110.2743, 80.33376
-0.2500366, 2.389055, 0.4866772, 113.8292, 82.31107
-0.2500366, 2.531555, 0.4866772, 113.8292, 71.41473
-0.03543629, 2.531555, 0.2133235, 126.2769, 69.11966
-0.03543629, 2.389055, 0.2133235, 126.2769, 80.4093
-0.2351622, 2.389055, 0.2028564, 110.2743, 80.33376
-0.2351622, 2.531555, 0.2028563, 110.2743, 69.02849
box_5_LMRR(Clone) stack 100 Shelf_2 Rack_0_1_1
-0.05550224, 2.674055, 0.1997204, 124.4797, 57.69118
-0.2547412, 2.674055, 0.2171515, 108.9686, 57.86902
-0.2299706, 2.674055, 0.5002804, 115.5792, 60.64729
-0.03073168, 2.674055, 0.4828492, 130.545, 60.48206
-0.2299706, 2.674055, 0.5002804, 115.5792, 60.64729
-0.2299706, 2.531555, 0.5002804, 115.5792, 71.5248
-0.03073168, 2.531555, 0.4828492, 130.545, 71.38373
-0.03073168, 2.674055, 0.4828492, 130.545, 60.48206
-0.03073168, 2.674055, 0.4828492, 130.545, 60.48206
-0.03073168, 2.531555, 0.4828492, 130.545, 71.38373
-0.05550224, 2.531555, 0.1997204, 124.4797, 69.00113
-0.05550224, 2.674055, 0.1997204, 124.4797, 57.69118
-0.2547412, 2.531555, 0.2171515, 108.9686, 69.15297
-0.05550224, 2.531555, 0.1997204, 124.4797, 69.00113
-0.03073168, 2.531555, 0.4828492, 130.545, 71.38373
-0.2299706, 2.531555, 0.5002804, 115.5792, 71.5248
-0.2547412, 2.674055, 0.2171515, 108.9686, 57.86902
-0.2547412, 2.531555, 0.2171515, 108.9686, 69.15297
-0.2299706, 2.531555, 0.5002804, 115.5792, 71.5248
-0.2299706, 2.674055, 0.5002804, 115.5792, 60.64729
-0.05550224, 2.674055, 0.1997204, 124.4797, 57.69118
-0.05550224, 2.531555, 0.1997204, 124.4797, 69.00113
-0.2547412, 2.531555, 0.2171515, 108.9686, 69.15297
-0.2547412, 2.674055, 0.2171515, 108.9686, 57.86902
box_6_melody(Clone) stack 101 Shelf_2 Rack_0_1_1
0.3460718, 2.576536, 0.2430817, 156.8289, 65.8278
0.1475626, 2.576536, 0.2187079, 140.8456, 65.60535
0.1183139, 2.576536, 0.456919, 141.6222, 67.72006
0.3168232, 2.576536, 0.4812929, 157.1175, 67.92918
0.1183139, 2.576536, 0.456919, 141.6222, 67.72006
0.1183139, 2.389036, 0.456919, 141.6222, 82.11194
0.3168232, 2.389036, 0.4812929, 157.1175, 82.27632
0.3168232, 2.576536, 0.4812929, 157.1175, 67.92918
0.3168232, 2.576536, 0.4812929, 157.1175, 67.92918
0.3168232, 2.389036, 0.4812929, 157.1175, 82.27632
0.3460718, 2.389036, 0.2430817, 156.8289, 80.62444
0.3460718, 2.576536, 0.2430817, 156.8289, 65.8278
0.1475626, 2.389036, 0.2187079, 140.8456, 80.44957
0.3460718, 2.389036, 0.2430817, 156.8289, 80.62444
0.3168232, 2.389036, 0.4812929, 157.1175, 82.27632
0.1183139, 2.389036, 0.456919, 141.6222, 82.11194
0.1475626, 2.576536, 0.2187079, 140.8456, 65.60535
0.1475626, 2.389036, 0.2187079, 140.8456, 80.44957
0.1183139, 2.389036, 0.456919, 141.6222, 82.11194
0.1183139, 2.576536, 0.456919, 141.6222, 67.72006
0.3460718, 2.576536, 0.2430817, 156.8289, 65.8278
0.3460718, 2.389036, 0.2430817, 156.8289, 80.62444
0.1475626, 2.389036, 0.2187079, 140.8456, 80.44957
0.1475626, 2.576536, 0.2187079, 140.8456, 65.60535
box_6_melody(Clone) stack 101 Shelf_2 Rack_0_1_1
0.3403201, 2.764036, 0.2372683, 156.311, 50.96692
0.1408072, 2.764036, 0.223317, 140.3714, 50.81233
0.1240657, 2.764036, 0.4627324, 142.1364, 53.38889
0.3235785, 2.764036, 0.4766837, 157.586, 53.53418
0.1240657, 2.764036, 0.4627324, 142.1364, 53.38889
0.1240657, 2.576536, 0.4627325, 142.1364, 67.77005
0.3235785, 2.576536, 0.4766838, 157.586, 67.88974
0.3235785, 2.764036, 0.4766837, 157.586, 53.53418
0.3235785, 2.764036, 0.4766837, 157.586, 53.53418
0.3235785, 2.576536, 0.4766838, 157.586, 67.88974
0.3403201, 2.576536, 0.2372683, 156.311, 65.77487
0.3403201, 2.764036, 0.2372683, 156.311, 50.96692
0.1408072, 2.576536, 0.223317, 140.3714, 65.64752
0.3403201, 2.576536, 0.2372683, 156.311, 65.77487
0.3235785, 2.576536, 0.4766838, 157.586, 67.88974
0.1240657, 2.576536, 0.4627325, 142.1364, 67.77005
0.1408072, 2.764036, 0.223317, 140.3714, 50.81233
0.1408072, 2.576536, 0.223317, 140.3714, 65.64752
0.1240657, 2.576536, 0.4627325, 142.1364, 67.77005
0.1240657, 2.764036, 0.4627324, 142.1364, 53.38889
0.3403201, 2.764036, 0.2372683, 156.311, 50.96692
0.3403201, 2.576536, 0.2372683, 156.311, 65.77487
0.1408072, 2.576536, 0.223317, 140.3714, 65.64752
0.1408072, 2.764036, 0.223317, 140.3714, 50.81233
box_6_melody(Clone) stack 101 Shelf_2 Rack_0_1_1
0.3403201, 2.951536, 0.2372683, 156.311, 36.15898
0.1408072, 2.951536, 0.223317, 140.3714, 35.97714
0.1240657, 2.951536, 0.4627324, 142.1364, 39.00774
0.3235785, 2.951536, 0.4766837, 157.586, 39.17863
0.1240657, 2.951536, 0.4627324, 142.1364, 39.00774
0.1240657, 2.764036, 0.4627325, 142.1364, 53.38889
0.3235785, 2.764036, 0.4766838, 157.586, 53.53418
0.3235785, 2.951536, 0.4766837, 157.586, 39.17863
0.3235785, 2.951536, 0.4766837, 157.586, 39.17863
0.3235785, 2.764036, 0.4766838, 157.586, 53.53418
0.3403201, 2.764036, 0.2372683, 156.311, 50.96692
0.3403201, 2.951536, 0.2372683, 156.311, 36.15898
0.1408072, 2.764036, 0.223317, 140.3714, 50.81233
0.3403201, 2.764036, 0.2372683, 156.311, 50.96692
0.3235785, 2.764036, 0.4766838, 157.586, 53.53418
0.1240657, 2.764036, 0.4627325, 142.1364, 53.38889
0.1408072, 2.951536, 0.223317, 140.3714, 35.97714
0.1408072, 2.764036, 0.223317, 140.3714, 50.81233
0.1240657, 2.764036, 0.4627325, 142.1364, 53.38889
0.1240657, 2.951536, 0.4627324, 142.1364, 39.00774
0.3403201, 2.951536, 0.2372683, 156.311, 36.15898
0.3403201, 2.764036, 0.2372683, 156.311, 50.96692
0.1408072, 2.764036, 0.223317, 140.3714, 50.81233
0.1408072, 2.951536, 0.223317, 140.3714, 35.97714
box_6_melody(Clone) stack 101 Shelf_2 Rack_0_1_1
0.3321929, 3.139036, 0.2300003, 155.5884, 21.24219
0.1321929, 3.139036, 0.2300003, 139.7781, 21.24219
0.1321929, 3.139036, 0.4700004, 142.8501, 24.729
0.3321929, 3.139036, 0.4700004, 158.1757, 24.729
0.1321929, 3.139036, 0.4700004, 142.8501, 24.729
0.1321929, 2.951536, 0.4700004, 142.8501, 39.09683
0.3321929, 2.951536, 0.4700004, 158.1757, 39.09683
0.3321929, 3.139036, 0.4700004, 158.1757, 24.729
0.3321929, 3.139036, 0.4700004, 158.1757, 24.729
0.3321929, 2.951536, 0.4700004, 158.1757, 39.09683
0.3321929, 2.951536, 0.2300003, 155.5884, 36.06433
0.3321929, 3.139036, 0.2300003, 155.5884, 21.24219
0.1321929, 2.951536, 0.2300003, 139.7781, 36.06433
0.3321929, 2.951536, 0.2300003, 155.5884, 36.06433
0.3321929, 2.951536, 0.4700004, 158.1757, 39.09683
0.1321929, 2.951536, 0.4700004, 142.8501, 39.09683
0.1321929, 3.139036, 0.2300003, 139.7781, 21.24219
0.1321929, 2.951536, 0.2300003, 139.7781, 36.06433
0.1321929, 2.951536, 0.4700004, 142.8501, 39.09683
0.1321929, 3.139036, 0.4700004, 142.8501, 24.729
0.3321929, 3.139036, 0.2300003, 155.5884, 21.24219
0.3321929, 2.951536, 0.2300003, 155.5884, 36.06433
0.1321929, 2.951536, 0.2300003, 139.7781, 36.06433
0.1321929, 3.139036, 0.2300003, 139.7781, 21.24219
box4_Fairever(Clone) stack 102 Shelf_0 Rack_0_1_2
-1.482923, 0.1847178, 0.2372142, 12.31738, 254.6714
-1.695019, 0.1847178, 0.4627866, 2.615132, 251.2207
-1.495293, 0.1847178, 0.4732538, 18.23063, 251.0654
-1.695019, 0.1847178, 0.4627866, 2.615132, 251.2207
-1.695019, 0.01971789, 0.4627866, 2.615132, 263.876
-1.495293, 0.01971789, 0.4732538, 18.23063, 263.7038
-1.495293, 0.1847178, 0.4732538, 18.23063, 251.0654
-1.495293, 0.1847178, 0.4732538, 18.23063, 251.0654
-1.495293, 0.01971789, 0.4732538, 18.23063, 263.7038
-1.482923, 0.01971789, 0.2372142, 12.31738, 267.7025
-1.482923, 0.1847178, 0.2372142, 12.31738, 254.6714
-1.482923, 0.01971789, 0.2372142, 12.31738, 267.7025
-1.495293, 0.01971789, 0.4732538, 18.23063, 263.7038
-1.695019, 0.01971789, 0.4627866, 2.615132, 263.876
-1.695019, 0.01971789, 0.4627866, 2.615132, 263.876
-1.695019, 0.1847178, 0.4627866, 2.615132, 251.2207
-1.482923, 0.1847178, 0.2372142, 12.31738, 254.6714
-1.482923, 0.01971789, 0.2372142, 12.31738, 267.7025
box4_Fairever(Clone) stack 102 Shelf_0 Rack_0_1_2
-1.495293, 0.3497178, 0.226747, 11.02497, 241.7874
-1.682649, 0.3497178, 0.4732538, 3.879848, 238.4269
-1.482923, 0.3497178, 0.4627866, 18.88269, 238.5653
-1.682649, 0.3497178, 0.4732538, 3.879848, 238.4269
-1.682649, 0.1847179, 0.4732538, 3.879848, 251.0654
-1.482923, 0.1847179, 0.4627866, 18.88269, 251.2207
-1.482923, 0.3497178, 0.4627866, 18.88269, 238.5653
-1.482923, 0.3497178, 0.4627866, 18.88269, 238.5653
-1.482923, 0.1847179, 0.4627866, 18.88269, 251.2207
-1.495293, 0.1847179, 0.226747, 11.02497, 254.8365
-1.495293, 0.3497178, 0.226747, 11.02497, 241.7874
-1.495293, 0.1847179, 0.226747, 11.02497, 254.8365
-1.482923, 0.1847179, 0.4627866, 18.88269, 251.2207
-1.682649, 0.1847179, 0.4732538, 3.879848, 251.0654
-1.682649, 0.1847179, 0.4732538, 3.879848, 251.0654
-1.682649, 0.3497178, 0.4732538, 3.879848, 238.4269
-1.495293, 0.3497178, 0.226747, 11.02497, 241.7874
-1.495293, 0.1847179, 0.226747, 11.02497, 254.8365
box_7_litchi(Clone) stack 106 Shelf_1 Rack_0_1_2
-1.408676, 1.414419, 0.2535512, 18.65707, 157.5057
-1.608555, 1.414419, 0.2465713, 2.687745, 157.5264
-1.615535, 1.414419, 0.4464495, 8.227472, 156.9496
-1.415656, 1.414419, 0.4534294, 23.78333, 156.93
-1.615535, 1.414419, 0.4464495, 8.227472, 156.9496
-1.615535, 1.204419, 0.4464495, 8.227472, 173.0901
-1.415656, 1.204419, 0.4534294, 23.78333, 173.0561
-1.415656, 1.414419, 0.4534294, 23.78333, 156.93
-1.415656, 1.414419, 0.4534294, 23.78333, 156.93
-1.415656, 1.204419, 0.4534294, 23.78333, 173.0561
-1.408676, 1.204419, 0.2535512, 18.65707, 174.0552
-1.408676, 1.414419, 0.2535512, 18.65707, 157.5057
-1.608555, 1.204419, 0.2465713, 2.687745, 174.091
-1.408676, 1.204419, 0.2535512, 18.65707, 174.0552
-1.415656, 1.204419, 0.4534294, 23.78333, 173.0561
-1.615535, 1.204419, 0.4464495, 8.227472, 173.0901
-1.608555, 1.414419, 0.2465713, 2.687745, 157.5264
-1.608555, 1.204419, 0.2465713, 2.687745, 174.091
-1.615535, 1.204419, 0.4464495, 8.227472, 173.0901
-1.615535, 1.414419, 0.4464495, 8.227472, 156.9496
-1.408676, 1.414419, 0.2535512, 18.65707, 157.5057
-1.408676, 1.204419, 0.2535512, 18.65707, 174.0552
-1.608555, 1.204419, 0.2465713, 2.687745, 174.091
-1.608555, 1.414419, 0.2465713, 2.687745, 157.5264
box_7_litchi(Clone) stack 106 Shelf_1 Rack_0_1_2
-1.419325, 1.624419, 0.2432683, 17.51743, 140.9644
-1.618837, 1.624419, 0.2572196, 2.209511, 140.9534
-1.604886, 1.624419, 0.4567324, 9.349694, 140.8015
-1.405373, 1.624419, 0.4427811, 24.27896, 140.8119
-1.604886, 1.624419, 0.4567324, 9.349694, 140.8015
-1.604886, 1.414419, 0.4567324, 9.349694, 156.9208
-1.405373, 1.414419, 0.4427811, 24.27896, 156.96
-1.405373, 1.624419, 0.4427811, 24.27896, 140.8119
-1.405373, 1.624419, 0.4427811, 24.27896, 140.8119
-1.405373, 1.414419, 0.4427811, 24.27896, 156.96
-1.419325, 1.414419, 0.2432683, 17.51743, 157.5362
-1.419325, 1.624419, 0.2432683, 17.51743, 140.9644
-1.618837, 1.414419, 0.2572196, 2.209511, 157.4949
-1.419325, 1.414419, 0.2432683, 17.51743, 157.5362
-1.405373, 1.414419, 0.4427811, 24.27896, 156.96
-1.604886, 1.414419, 0.4567324, 9.349694, 156.9208
-1.618837, 1.624419, 0.2572196, 2.209511, 140.9534
-1.618837, 1.414419, 0.2572196, 2.209511, 157.4949
-1.604886, 1.414419, 0.4567324, 9.349694, 156.9208
-1.604886, 1.624419, 0.4567324, 9.349694, 140.8015
-1.419325, 1.624419, 0.2432683, 17.51743, 140.9644
-1.419325, 1.414419, 0.2432683, 17.51743, 157.5362
-1.618837, 1.414419, 0.2572196, 2.209511, 157.4949
-1.618837, 1.624419, 0.2572196, 2.209511, 140.9534
box_7_litchi(Clone) stack 106 Shelf_1 Rack_0_1_2
-1.410375, 1.834419, 0.2517608, 18.47109, 124.4044
-1.610345, 1.834419, 0.2482703, 2.59954, 124.3995
-1.613835, 1.834419, 0.4482399, 8.411164, 124.671
-1.413866, 1.834419, 0.4517304, 23.87382, 124.6756
-1.613835, 1.834419, 0.4482399, 8.411164, 124.671
-1.613835, 1.624419, 0.4482399, 8.411164, 140.8078
-1.413866, 1.624419, 0.4517304, 23.87382, 140.8052
-1.413866, 1.834419, 0.4517304, 23.87382, 124.6756
-1.413866, 1.834419, 0.4517304, 23.87382, 124.6756
-1.413866, 1.624419, 0.4517304, 23.87382, 140.8052
-1.410375, 1.624419, 0.2517608, 18.47109, 140.9577
-1.410375, 1.834419, 0.2517608, 18.47109, 124.4044
-1.610345, 1.624419, 0.2482704, 2.59954, 140.9604
-1.410375, 1.624419, 0.2517608, 18.47109, 140.9577
-1.413866, 1.624419, 0.4517304, 23.87382, 140.8052
-1.613835, 1.624419, 0.4482399, 8.411164, 140.8078
-1.610345, 1.834419, 0.2482703, 2.59954, 124.3995
-1.610345, 1.624419, 0.2482704, 2.59954, 140.9604
-1.613835, 1.624419, 0.4482399, 8.411164, 140.8078
-1.613835, 1.834419, 0.4482399, 8.411164, 124.671
-1.410375, 1.834419, 0.2517608, 18.47109, 124.4044
-1.410375, 1.624419, 0.2517608, 18.47109, 140.9577
-1.610345, 1.624419, 0.2482704, 2.59954, 140.9604
-1.610345, 1.834419, 0.2482703, 2.59954, 124.3995
box_7_litchi(Clone) stack 106 Shelf_1 Rack_0_1_2
-1.400664, 2.044419, 0.2629327, 19.56014, 107.8908
-1.599173, 2.044419, 0.2385588, 3.178296, 107.8039
-1.623547, 2.044419, 0.4370681, 7.332015, 108.4963
-1.425038, 2.044419, 0.4614419, 23.28516, 108.5789
-1.623547, 2.044419, 0.4370681, 7.332015, 108.4963
-1.623547, 1.834419, 0.4370681, 7.332015, 124.6562
-1.425038, 1.834419, 0.4614419, 23.28516, 124.6884
-1.425038, 2.044419, 0.4614419, 23.28516, 108.5789
-1.425038, 2.044419, 0.4614419, 23.28516, 108.5789
-1.425038, 1.834419, 0.4614419, 23.28516, 124.6884
-1.400664, 1.834419, 0.2629327, 19.56014, 124.4199
-1.400664, 2.044419, 0.2629327, 19.56014, 107.8908
-1.599173, 1.834419, 0.2385588, 3.178296, 124.386
-1.400664, 1.834419, 0.2629327, 19.56014, 124.4199
-1.425038, 1.834419, 0.4614419, 23.28516, 124.6884
-1.623547, 1.834419, 0.4370681, 7.332015, 124.6562
-1.599173, 2.044419, 0.2385588, 3.178296, 107.8039
-1.599173, 1.834419, 0.2385588, 3.178296, 124.386
-1.623547, 1.834419, 0.4370681, 7.332015, 124.6562
-1.623547, 2.044419, 0.4370681, 7.332015, 108.4963
-1.400664, 2.044419, 0.2629327, 19.56014, 107.8908
-1.400664, 1.834419, 0.2629327, 19.56014, 124.4199
-1.599173, 1.834419, 0.2385588, 3.178296, 124.386
-1.599173, 2.044419, 0.2385588, 3.178296, 107.8039
