box_8_lizol(Clone) stack 115 Shelf_0 Rack_1_1_0
-6.611214, 0.1961813, 0.2248697, 357.7702, 253.9594
-6.811183, 0.1961813, 0.2283601, 341.9047, 253.9046
-6.806876, 0.1961813, 0.4751311, 339.025, 250.1597
-6.606906, 0.1961813, 0.4716406, 354.3893, 250.211
-6.806876, 0.1961813, 0.4751311, 339.025, 250.1597
-6.806876, 0.01993132, 0.4751311, 339.025, 263.6566
-6.606906, 0.01993132, 0.4716406, 354.3893, 263.7139
-6.606906, 0.1961813, 0.4716406, 354.3893, 250.211
-6.606906, 0.1961813, 0.4716406, 354.3893, 250.211
-6.606906, 0.01993132, 0.4716406, 354.3893, 263.7139
-6.611214, 0.01993129, 0.2248697, 357.7702, 267.9016
-6.611214, 0.1961813, 0.2248697, 357.7702, 253.9594
-6.811183, 0.01993129, 0.2283601, 341.9047, 267.8405
-6.611214, 0.01993129, 0.2248697, 357.7702, 267.9016
-6.606906, 0.01993132, 0.4716406, 354.3893, 263.7139
-6.806876, 0.01993132, 0.4751311, 339.025, 263.6566
-6.811183, 0.1961813, 0.2283601, 341.9047, 253.9046
-6.811183, 0.01993129, 0.2283601, 341.9047, 267.8405
-6.806876, 0.01993132, 0.4751311, 339.025, 263.6566
-6.806876, 0.1961813, 0.4751311, 339.025, 250.1597
-6.611214, 0.1961813, 0.2248697, 357.7702, 253.9594
-6.611214, 0.01993129, 0.2248697, 357.7702, 267.9016
-6.811183, 0.01993129, 0.2283601, 341.9047, 267.8405
-6.811183, 0.1961813, 0.2283601, 341.9047, 253.9046
box_3_Hareli(Clone) stack 116 Shelf_0 Rack_1_1_0
-6.990609, 0.1692639, 0.2472439, 327.5, 255.7325
-7.190121, 0.1692639, 0.2332926, 311.8959, 255.9543
-7.205468, 0.1692639, 0.4527568, 308.6978, 252.5567
-7.005955, 0.1692639, 0.4667081, 323.87, 252.3471
-7.205468, 0.1692639, 0.4527568, 308.6978, 252.5567
-7.205468, 0.01926389, 0.4527568, 308.6978, 264.0763
-7.005955, 0.01926389, 0.4667081, 323.87, 263.8462
-7.005955, 0.1692639, 0.4667081, 323.87, 252.3471
-7.005955, 0.1692639, 0.4667081, 323.87, 252.3471
-7.005955, 0.01926389, 0.4667081, 323.87, 263.8462
-6.990609, 0.01926386, 0.247244, 327.5, 267.5634
-6.990609, 0.1692639, 0.2472439, 327.5, 255.7325
-7.190121, 0.01926386, 0.2332927, 311.8959, 267.8069
-6.990609, 0.01926386, 0.247244, 327.5, 267.5634
-7.005955, 0.01926389, 0.4667081, 323.87, 263.8462
-7.205468, 0.01926389, 0.4527568, 308.6978, 264.0763
-7.190121, 0.1692639, 0.2332926, 311.8959, 255.9543
-7.190121, 0.01926386, 0.2332927, 311.8959, 267.8069
-7.205468, 0.01926389, 0.4527568, 308.6978, 264.0763
-7.205468, 0.1692639, 0.4527568, 308.6978, 252.5567
-6.990609, 0.1692639, 0.2472439, 327.5, 255.7325
-6.990609, 0.01926386, 0.247244, 327.5, 267.5634
-7.190121, 0.01926386, 0.2332927, 311.8959, 267.8069
-7.190121, 0.1692639, 0.2332926, 311.8959, 255.9543
box_1_Parle-G-GOLD(Clone) stack 117 Shelf_0 Rack_1_1_0
-7.368715, 0.1916559, 0.2474137, 297.6767, 253.9638
-7.568684, 0.1916559, 0.2439232, 281.9243, 254.0184
-7.572326, 0.1916559, 0.4525871, 280.5249, 250.8396
-7.372357, 0.1916559, 0.4560776, 295.8573, 250.7878
-7.572326, 0.1916559, 0.4525871, 280.5249, 250.8396
-7.572326, 0.01915592, 0.4525871, 280.5249, 264.0874
-7.372357, 0.01915592, 0.4560776, 295.8573, 264.0298
-7.372357, 0.1916559, 0.4560776, 295.8573, 250.7878
-7.372357, 0.1916559, 0.4560776, 295.8573, 250.7878
-7.372357, 0.01915592, 0.4560776, 295.8573, 264.0298
-7.368715, 0.01915589, 0.2474137, 297.6767, 267.5689
-7.368715, 0.1916559, 0.2474137, 297.6767, 253.9638
-7.568684, 0.01915589, 0.2439232, 281.9243, 267.6298
-7.368715, 0.01915589, 0.2474137, 297.6767, 267.5689
-7.372357, 0.01915592, 0.4560776, 295.8573, 264.0298
-7.572326, 0.01915592, 0.4525871, 280.5249, 264.0874
-7.568684, 0.1916559, 0.2439232, 281.9243, 254.0184
-7.568684, 0.01915589, 0.2439232, 281.9243, 267.6298
-7.572326, 0.01915592, 0.4525871, 280.5249, 264.0874
-7.572326, 0.1916559, 0.4525871, 280.5249, 250.8396
-7.368715, 0.1916559, 0.2474137, 297.6767, 253.9638
-7.368715, 0.01915589, 0.2474137, 297.6767, 267.5689
-7.568684, 0.01915589, 0.2439232, 281.9243, 267.6298
-7.568684, 0.1916559, 0.2439232, 281.9243, 254.0184
box_1_Parle-G-GOLD(Clone) stack 117 Shelf_0 Rack_1_1_0
-7.372357, 0.3641559, 0.2439232, 297.4158, 240.407
-7.572326, 0.3641559, 0.2474137, 281.6178, 240.3586
-7.568684, 0.3641559, 0.4560776, 280.7863, 237.5459
-7.368715, 0.3641559, 0.4525871, 296.162, 237.5917
-7.568684, 0.3641559, 0.4560776, 280.7863, 237.5459
-7.568684, 0.1916559, 0.4560776, 280.7863, 250.7878
-7.368715, 0.1916559, 0.4525871, 296.162, 250.8396
-7.368715, 0.3641559, 0.4525871, 296.162, 237.5917
-7.368715, 0.3641559, 0.4525871, 296.162, 237.5917
-7.368715, 0.1916559, 0.4525871, 296.162, 250.8396
-7.372357, 0.1916559, 0.2439232, 297.4158, 254.0184
-7.372357, 0.3641559, 0.2439232, 297.4158, 240.407
-7.572326, 0.1916559, 0.2474137, 281.6178, 253.9638
-7.372357, 0.1916559, 0.2439232, 297.4158, 254.0184
-7.368715, 0.1916559, 0.4525871, 296.162, 250.8396
-7.568684, 0.1916559, 0.4560776, 280.7863, 250.7878
-7.572326, 0.3641559, 0.2474137, 281.6178, 240.3586
-7.572326, 0.1916559, 0.2474137, 281.6178, 253.9638
-7.568684, 0.1916559, 0.4560776, 280.7863, 250.7878
-7.568684, 0.3641559, 0.4560776, 280.7863, 237.5459
-7.372357, 0.3641559, 0.2439232, 297.4158, 240.407
-7.372357, 0.1916559, 0.2439232, 297.4158, 254.0184
-7.572326, 0.1916559, 0.2474137, 281.6178, 253.9638
-7.572326, 0.3641559, 0.2474137, 281.6178, 240.3586
box4_Fairever(Clone) stack 118 Shelf_0 Rack_1_1_0
-7.730128, 0.1847178, 0.2429189, 269.1891, 254.5816
-7.929032, 0.1847178, 0.2220132, 253.5294, 254.9113
-7.953739, 0.1847178, 0.4570819, 251.2262, 251.3055
-7.754835, 0.1847178, 0.4779876, 266.4224, 250.9953
-7.953739, 0.1847178, 0.4570819, 251.2262, 251.3055
-7.953739, 0.01971789, 0.4570819, 251.2262, 263.97
-7.754835, 0.01971789, 0.4779876, 266.4224, 263.626
-7.754835, 0.1847178, 0.4779876, 266.4224, 250.9953
-7.754835, 0.1847178, 0.4779876, 266.4224, 250.9953
-7.754835, 0.01971789, 0.4779876, 266.4224, 263.626
-7.730128, 0.01971789, 0.2429189, 269.1891, 267.6029
-7.730128, 0.1847178, 0.2429189, 269.1891, 254.5816
-7.929032, 0.01971789, 0.2220132, 253.5294, 267.9686
-7.730128, 0.01971789, 0.2429189, 269.1891, 267.6029
-7.754835, 0.01971789, 0.4779876, 266.4224, 263.626
-7.953739, 0.01971789, 0.4570819, 251.2262, 263.97
-7.929032, 0.1847178, 0.2220132, 253.5294, 254.9113
-7.929032, 0.01971789, 0.2220132, 253.5294, 267.9686
-7.953739, 0.01971789, 0.4570819, 251.2262, 263.97
-7.953739, 0.1847178, 0.4570819, 251.2262, 251.3055
-7.730128, 0.1847178, 0.2429189, 269.1891, 254.5816
-7.730128, 0.01971789, 0.2429189, 269.1891, 267.6029
-7.929032, 0.01971789, 0.2220132, 253.5294, 267.9686
-7.929032, 0.1847178, 0.2220132, 253.5294, 254.9113
box4_Fairever(Clone) stack 118 Shelf_0 Rack_1_1_0
-7.744011, 0.3497178, 0.2300913, 268.141, 241.7404
-7.943981, 0.3497178, 0.2335818, 252.3276, 241.6913
-7.939856, 0.3497179, 0.4699094, 252.2717, 238.4711
-7.739886, 0.3497179, 0.4664189, 267.6075, 238.5172
-7.939856, 0.3497179, 0.4699094, 252.2717, 238.4711
-7.939856, 0.1847179, 0.4699094, 252.2717, 251.1149
-7.739886, 0.1847179, 0.4664189, 267.6075, 251.1667
-7.739886, 0.3497179, 0.4664189, 267.6075, 238.5172
-7.739886, 0.3497179, 0.4664189, 267.6075, 238.5172
-7.739886, 0.1847179, 0.4664189, 267.6075, 251.1667
-7.744011, 0.1847178, 0.2300914, 268.141, 254.7837
-7.744011, 0.3497178, 0.2300913, 268.141, 241.7404
-7.943981, 0.1847178, 0.2335818, 252.3276, 254.7287
-7.744011, 0.1847178, 0.2300914, 268.141, 254.7837
-7.739886, 0.1847179, 0.4664189, 267.6075, 251.1667
-7.939856, 0.1847179, 0.4699094, 252.2717, 251.1149
-7.943981, 0.3497178, 0.2335818, 252.3276, 241.6913
-7.943981, 0.1847178, 0.2335818, 252.3276, 254.7287
-7.939856, 0.1847179, 0.4699094, 252.2717, 251.1149
-7.939856, 0.3497179, 0.4699094, 252.2717, 238.4711
-7.744011, 0.3497178, 0.2300913, 268.141, 241.7404
-7.744011, 0.1847178, 0.2300914, 268.141, 254.7837
-7.943981, 0.1847178, 0.2335818, 252.3276, 254.7287
-7.943981, 0.3497178, 0.2335818, 252.3276, 241.6913
box4_Fairever(Clone) stack 118 Shelf_0 Rack_1_1_0
-7.728276, 0.5147178, 0.2448864, 269.3277, 228.5148
-7.926785, 0.5147178, 0.2205126, 253.7099, 228.8155
-7.955591, 0.5147178, 0.4551143, 251.0869, 225.9992
-7.757082, 0.5147178, 0.4794882, 266.2454, 225.7163
-7.955591, 0.5147178, 0.4551143, 251.0869, 225.9992
-7.955591, 0.3497178, 0.4551143, 251.0869, 238.667
-7.757082, 0.3497178, 0.4794882, 266.2454, 238.3447
-7.757082, 0.5147178, 0.4794882, 266.2454, 225.7163
-7.757082, 0.5147178, 0.4794882, 266.2454, 225.7163
-7.757082, 0.3497178, 0.4794882, 266.2454, 238.3447
-7.728276, 0.3497178, 0.2448865, 269.3277, 241.5327
-7.728276, 0.5147178, 0.2448864, 269.3277, 228.5148
-7.926785, 0.3497178, 0.2205126, 253.7099, 241.8753
-7.728276, 0.3497178, 0.2448865, 269.3277, 241.5327
-7.757082, 0.3497178, 0.4794882, 266.2454, 238.3447
-7.955591, 0.3497178, 0.4551143, 251.0869, 238.667
-7.926785, 0.5147178, 0.2205126, 253.7099, 228.8155
-7.926785, 0.3497178, 0.2205126, 253.7099, 241.8753
-7.955591, 0.3497178, 0.4551143, 251.0869, 238.667
-7.955591, 0.5147178, 0.4551143, 251.0869, 225.9992
-7.728276, 0.5147178, 0.2448864, 269.3277, 228.5148
-7.728276, 0.3497178, 0.2448865, 269.3277, 241.5327
-7.926785, 0.3497178, 0.2205126, 253.7099, 241.8753
-7.926785, 0.5147178, 0.2205126, 253.7099, 228.8155
box4_Fairever(Clone) stack 118 Shelf_0 Rack_1_1_0
-7.733933, 0.6797177, 0.2390821, 268.9034, 215.5583
-7.933446, 0.6797177, 0.2251308, 253.1747, 215.7065
-7.949934, 0.6797178, 0.4609186, 251.5126, 213.2733
-7.750421, 0.6797178, 0.4748699, 266.7709, 213.134
-7.949934, 0.6797178, 0.4609186, 251.5126, 213.2733
-7.949934, 0.5147178, 0.4609186, 251.5126, 225.9317
-7.750421, 0.5147178, 0.4748699, 266.7709, 225.7698
-7.750421, 0.6797178, 0.4748699, 266.7709, 213.134
-7.750421, 0.6797178, 0.4748699, 266.7709, 213.134
-7.750421, 0.5147178, 0.4748699, 266.7709, 225.7698
-7.733933, 0.5147178, 0.2390821, 268.9034, 228.5862
-7.733933, 0.6797177, 0.2390821, 268.9034, 215.5583
-7.933446, 0.5147178, 0.2251309, 253.1747, 228.7583
-7.733933, 0.5147178, 0.2390821, 268.9034, 228.5862
-7.750421, 0.5147178, 0.4748699, 266.7709, 225.7698
-7.949934, 0.5147178, 0.4609186, 251.5126, 225.9317
-7.933446, 0.6797177, 0.2251308, 253.1747, 215.7065
-7.933446, 0.5147178, 0.2251309, 253.1747, 228.7583
-7.949934, 0.5147178, 0.4609186, 251.5126, 225.9317
-7.949934, 0.6797178, 0.4609186, 251.5126, 213.2733
-7.733933, 0.6797177, 0.2390821, 268.9034, 215.5583
-7.733933, 0.5147178, 0.2390821, 268.9034, 228.5862
-7.933446, 0.5147178, 0.2251309, 253.1747, 228.7583
-7.933446, 0.6797177, 0.2251308, 253.1747, 215.7065
box4_Fairever(Clone) stack 118 Shelf_0 Rack_1_1_0
-7.732014, 0.8447177, 0.2409839, 269.0477, 202.5135
-7.931253, 0.8447177, 0.2235528, 253.351, 202.6687
-7.951853, 0.8447177, 0.4590169, 251.3681, 200.631
-7.752614, 0.8447177, 0.476448, 266.5976, 200.485
-7.951853, 0.8447177, 0.4590169, 251.3681, 200.631
-7.951853, 0.6797177, 0.4590169, 251.3681, 213.2924
-7.752614, 0.6797177, 0.476448, 266.5976, 213.1182
-7.752614, 0.8447177, 0.476448, 266.5976, 200.485
-7.752614, 0.8447177, 0.476448, 266.5976, 200.485
-7.752614, 0.6797177, 0.476448, 266.5976, 213.1182
-7.732014, 0.6797177, 0.2409839, 269.0477, 215.5382
-7.732014, 0.8447177, 0.2409839, 269.0477, 202.5135
-7.931253, 0.6797177, 0.2235527, 253.351, 215.7233
-7.732014, 0.6797177, 0.2409839, 269.0477, 215.5382
-7.752614, 0.6797177, 0.476448, 266.5976, 213.1182
-7.951853, 0.6797177, 0.4590169, 251.3681, 213.2924
-7.931253, 0.8447177, 0.2235528, 253.351, 202.6687
-7.931253, 0.6797177, 0.2235527, 253.351, 215.7233
-7.951853, 0.6797177, 0.4590169, 251.3681, 213.2924
-7.951853, 0.8447177, 0.4590169, 251.3681, 200.631
-7.732014, 0.8447177, 0.2409839, 269.0477, 202.5135
-7.732014, 0.6797177, 0.2409839, 269.0477, 215.5382
-7.931253, 0.6797177, 0.2235527, 253.351, 215.7233
-7.931253, 0.8447177, 0.2235528, 253.351, 202.6687
box4_Fairever(Clone) stack 119 Shelf_1 Rack_1_1_0
-8.047181, 1.369311, 0.2409839, 244.1693, 161.1036
-8.24642, 1.369311, 0.2235528, 228.4154, 161.1636
-8.26702, 1.369311, 0.4590169, 227.1835, 160.3757
-8.067781, 1.369311, 0.476448, 242.4668, 160.3193
-8.26702, 1.369311, 0.4590169, 227.1835, 160.3757
-8.26702, 1.204311, 0.4590169, 227.1835, 173.0372
-8.067781, 1.204311, 0.476448, 242.4668, 172.9525
-8.067781, 1.369311, 0.476448, 242.4668, 160.3193
-8.067781, 1.369311, 0.476448, 242.4668, 160.3193
-8.067781, 1.204311, 0.476448, 242.4668, 172.9525
-8.047181, 1.204311, 0.2409839, 244.1693, 174.1282
-8.047181, 1.369311, 0.2409839, 244.1693, 161.1036
-8.24642, 1.204311, 0.2235527, 228.4154, 174.2182
-8.047181, 1.204311, 0.2409839, 244.1693, 174.1282
-8.067781, 1.204311, 0.476448, 242.4668, 172.9525
-8.26702, 1.204311, 0.4590169, 227.1835, 173.0372
-8.24642, 1.369311, 0.2235528, 228.4154, 161.1636
-8.24642, 1.204311, 0.2235527, 228.4154, 174.2182
-8.26702, 1.204311, 0.4590169, 227.1835, 173.0372
-8.26702, 1.369311, 0.4590169, 227.1835, 160.3757
-8.047181, 1.369311, 0.2409839, 244.1693, 161.1036
-8.047181, 1.204311, 0.2409839, 244.1693, 174.1282
-8.24642, 1.204311, 0.2235527, 228.4154, 174.2182
-8.24642, 1.369311, 0.2235528, 228.4154, 161.1636
box4_Fairever(Clone) stack 119 Shelf_1 Rack_1_1_0
-8.053037, 1.534311, 0.2353805, 243.7098, 148.0886
-8.252915, 1.534311, 0.2284006, 227.9092, 148.1007
-8.261165, 1.534311, 0.4646202, 227.6416, 147.7052
-8.061286, 1.534311, 0.4716001, 242.9659, 147.6938
-8.261165, 1.534311, 0.4646202, 227.6416, 147.7052
-8.261165, 1.369311, 0.4646202, 227.6416, 160.3575
-8.061286, 1.369311, 0.4716001, 242.9659, 160.335
-8.061286, 1.534311, 0.4716001, 242.9659, 147.6938
-8.061286, 1.534311, 0.4716001, 242.9659, 147.6938
-8.061286, 1.369311, 0.4716001, 242.9659, 160.335
-8.053037, 1.369311, 0.2353805, 243.7098, 161.1229
-8.053037, 1.534311, 0.2353805, 243.7098, 148.0886
-8.252915, 1.369311, 0.2284006, 227.9092, 161.1469
-8.053037, 1.369311, 0.2353805, 243.7098, 161.1229
-8.061286, 1.369311, 0.4716001, 242.9659, 160.335
-8.261165, 1.369311, 0.4646202, 227.6416, 160.3575
-8.252915, 1.534311, 0.2284006, 227.9092, 148.1007
-8.252915, 1.369311, 0.2284006, 227.9092, 161.1469
-8.261165, 1.369311, 0.4646202, 227.6416, 160.3575
-8.261165, 1.534311, 0.4646202, 227.6416, 147.7052
-8.053037, 1.534311, 0.2353805, 243.7098, 148.0886
-8.053037, 1.369311, 0.2353805, 243.7098, 161.1229
-8.252915, 1.369311, 0.2284006, 227.9092, 161.1469
-8.252915, 1.534311, 0.2284006, 227.9092, 148.1007
box4_Fairever(Clone) stack 119 Shelf_1 Rack_1_1_0
-8.0571, 1.699311, 0.2318186, 243.3904, 135.0544
-8.257101, 1.699311, 0.2318186, 227.5838, 135.0544
-8.257101, 1.699311, 0.4681821, 227.9587, 135.0528
-8.0571, 1.699311, 0.4681821, 243.2881, 135.0528
-8.257101, 1.699311, 0.4681821, 227.9587, 135.0528
-8.257101, 1.534311, 0.4681821, 227.9587, 147.6994
-8.0571, 1.534311, 0.4681821, 243.2881, 147.6994
-8.0571, 1.699311, 0.4681821, 243.2881, 135.0528
-8.0571, 1.699311, 0.4681821, 243.2881, 135.0528
-8.0571, 1.534311, 0.4681821, 243.2881, 147.6994
-8.0571, 1.534311, 0.2318186, 243.3904, 148.0948
-8.0571, 1.699311, 0.2318186, 243.3904, 135.0544
-8.257101, 1.534311, 0.2318186, 227.5838, 148.0948
-8.0571, 1.534311, 0.2318186, 243.3904, 148.0948
-8.0571, 1.534311, 0.4681821, 243.2881, 147.6994
-8.257101, 1.534311, 0.4681821, 227.9587, 147.6994
-8.257101, 1.699311, 0.2318186, 227.5838, 135.0544
-8.257101, 1.534311, 0.2318186, 227.5838, 148.0948
-8.257101, 1.534311, 0.4681821, 227.9587, 147.6994
-8.257101, 1.699311, 0.4681821, 227.9587, 135.0528
-8.0571, 1.699311, 0.2318186, 243.3904, 135.0544
-8.0571, 1.534311, 0.2318186, 243.3904, 148.0948
-8.257101, 1.534311, 0.2318186, 227.5838, 148.0948
-8.257101, 1.699311, 0.2318186, 227.5838, 135.0544
box4_Fairever(Clone) stack 119 Shelf_1 Rack_1_1_0
-8.055054, 1.864311, 0.2335818, 243.5513, 122.0171
-8.255023, 1.864311, 0.2300913, 227.7453, 122.0111
-8.259148, 1.864311, 0.4664189, 227.7991, 122.4034
-8.059178, 1.864311, 0.4699094, 243.1281, 122.409
-8.259148, 1.864311, 0.4664189, 227.7991, 122.4034
-8.259148, 1.699311, 0.4664189, 227.7991, 135.0528
-8.059178, 1.699311, 0.4699094, 243.1281, 135.0528
-8.059178, 1.864311, 0.4699094, 243.1281, 122.409
-8.059178, 1.864311, 0.4699094, 243.1281, 122.409
-8.059178, 1.699311, 0.4699094, 243.1281, 135.0528
-8.055054, 1.699311, 0.2335818, 243.5513, 135.0544
-8.055054, 1.864311, 0.2335818, 243.5513, 122.0171
-8.255023, 1.699311, 0.2300914, 227.7453, 135.0545
-8.055054, 1.699311, 0.2335818, 243.5513, 135.0544
-8.059178, 1.699311, 0.4699094, 243.1281, 135.0528
-8.259148, 1.699311, 0.4664189, 227.7991, 135.0528
-8.255023, 1.864311, 0.2300913, 227.7453, 122.0111
-8.255023, 1.699311, 0.2300914, 227.7453, 135.0545
-8.259148, 1.699311, 0.4664189, 227.7991, 135.0528
-8.259148, 1.864311, 0.4664189, 227.7991, 122.4034
-8.055054, 1.864311, 0.2335818, 243.5513, 122.0171
-8.055054, 1.699311, 0.2335818, 243.5513, 135.0544
-8.255023, 1.699311, 0.2300914, 227.7453, 135.0545
-8.255023, 1.864311, 0.2300913, 227.7453, 122.0111
box4_Fairever(Clone) stack 119 Shelf_1 Rack_1_1_0
-8.0571, 2.029311, 0.2318186, 243.3904, 108.9737
-8.257101, 2.029311, 0.2318186, 227.5838, 108.9737
-8.257101, 2.029311, 0.4681821, 227.9587, 109.7596
-8.0571, 2.029311, 0.4681821, 243.2881, 109.7596
-8.257101, 2.029311, 0.4681821, 227.9587, 109.7596
-8.257101, 1.864311, 0.4681821, 227.9587, 122.4062
-8.0571, 1.864311, 0.4681821, 243.2881, 122.4062
-8.0571, 2.029311, 0.4681821, 243.2881, 109.7596
-8.0571, 2.029311, 0.4681821, 243.2881, 109.7596
-8.0571, 1.864311, 0.4681821, 243.2881, 122.4062
-8.0571, 1.864311, 0.2318186, 243.3904, 122.0141
-8.0571, 2.029311, 0.2318186, 243.3904, 108.9737
-8.257101, 1.864311, 0.2318186, 227.5838, 122.0141
-8.0571, 1.864311, 0.2318186, 243.3904, 122.0141
-8.0571, 1.864311, 0.4681821, 243.2881, 122.4062
-8.257101, 1.864311, 0.4681821, 227.9587, 122.4062
-8.257101, 2.029311, 0.2318186, 227.5838, 108.9737
-8.257101, 1.864311, 0.2318186, 227.5838, 122.0141
-8.257101, 1.864311, 0.4681821, 227.9587, 122.4062
-8.257101, 2.029311, 0.4681821, 227.9587, 109.7596
-8.0571, 2.029311, 0.2318186, 243.3904, 108.9737
-8.0571, 1.864311, 0.2318186, 243.3904, 122.0141
-8.257101, 1.864311, 0.2318186, 227.5838, 122.0141
-8.257101, 2.029311, 0.2318186, 227.5838, 108.9737
box_3_Hareli(Clone) stack 120 Shelf_1 Rack_1_1_0
-7.651932, 1.353857, 0.2510558, 275.3223, 162.2874
-7.850837, 1.353857, 0.2301501, 259.6962, 162.3625
-7.873833, 1.353857, 0.448945, 257.3774, 161.5959
-7.674929, 1.353857, 0.4698507, 272.5731, 161.5249
-7.873833, 1.353857, 0.448945, 257.3774, 161.5959
-7.873833, 1.203857, 0.448945, 257.3774, 173.1211
-7.674929, 1.203857, 0.4698507, 272.5731, 173.0193
-7.674929, 1.353857, 0.4698507, 272.5731, 161.5249
-7.674929, 1.353857, 0.4698507, 272.5731, 161.5249
-7.674929, 1.203857, 0.4698507, 272.5731, 173.0193
-7.651932, 1.203857, 0.2510558, 275.3223, 174.1123
-7.651932, 1.353857, 0.2510558, 275.3223, 162.2874
-7.850837, 1.203857, 0.2301501, 259.6962, 174.22
-7.651932, 1.203857, 0.2510558, 275.3223, 174.1123
-7.674929, 1.203857, 0.4698507, 272.5731, 173.0193
-7.873833, 1.203857, 0.448945, 257.3774, 173.1211
-7.850837, 1.353857, 0.2301501, 259.6962, 162.3625
-7.850837, 1.203857, 0.2301501, 259.6962, 174.22
-7.873833, 1.203857, 0.448945, 257.3774, 173.1211
-7.873833, 1.353857, 0.448945, 257.3774, 161.5959
-7.651932, 1.353857, 0.2510558, 275.3223, 162.2874
-7.651932, 1.203857, 0.2510558, 275.3223, 174.1123
-7.850837, 1.203857, 0.2301501, 259.6962, 174.22
-7.850837, 1.353857, 0.2301501, 259.6962, 162.3625
box_3_Hareli(Clone) stack 120 Shelf_1 Rack_1_1_0
-7.668777, 1.503857, 0.2349175, 274.0667, 150.4953
-7.868503, 1.503857, 0.2453847, 258.2631, 150.474
-7.856989, 1.503857, 0.4650832, 258.6332, 150.0396
-7.657263, 1.503857, 0.454616, 273.9929, 150.0597
-7.856989, 1.503857, 0.4650832, 258.6332, 150.0396
-7.856989, 1.353857, 0.4650832, 258.6332, 161.541
-7.657263, 1.353857, 0.4546161, 273.9929, 161.5766
-7.657263, 1.503857, 0.454616, 273.9929, 150.0597
-7.657263, 1.503857, 0.454616, 273.9929, 150.0597
-7.657263, 1.353857, 0.4546161, 273.9929, 161.5766
-7.668777, 1.353857, 0.2349175, 274.0667, 162.3453
-7.668777, 1.503857, 0.2349175, 274.0667, 150.4953
-7.868503, 1.353857, 0.2453847, 258.2631, 162.3077
-7.668777, 1.353857, 0.2349175, 274.0667, 162.3453
-7.657263, 1.353857, 0.4546161, 273.9929, 161.5766
-7.856989, 1.353857, 0.4650832, 258.6332, 161.541
-7.868503, 1.503857, 0.2453847, 258.2631, 150.474
-7.868503, 1.353857, 0.2453847, 258.2631, 162.3077
-7.856989, 1.353857, 0.4650832, 258.6332, 161.541
-7.856989, 1.503857, 0.4650832, 258.6332, 150.0396
-7.668777, 1.503857, 0.2349175, 274.0667, 150.4953
-7.668777, 1.353857, 0.2349175, 274.0667, 162.3453
-7.868503, 1.353857, 0.2453847, 258.2631, 162.3077
-7.868503, 1.503857, 0.2453847, 258.2631, 150.474
box_3_Hareli(Clone) stack 120 Shelf_1 Rack_1_1_0
-7.662883, 1.653857, 0.2400003, 274.5092, 138.6428
-7.862883, 1.653857, 0.2400003, 258.7197, 138.6428
-7.862883, 1.653857, 0.4600004, 258.1931, 138.5403
-7.662883, 1.653857, 0.4600004, 273.5383, 138.5403
-7.862883, 1.653857, 0.4600004, 258.1931, 138.5403
-7.862883, 1.503857, 0.4600004, 258.1931, 150.0493
-7.662883, 1.503857, 0.4600004, 273.5383, 150.0493
-7.662883, 1.653857, 0.4600004, 273.5383, 138.5403
-7.662883, 1.653857, 0.4600004, 273.5383, 138.5403
-7.662883, 1.503857, 0.4600004, 273.5383, 150.0493
-7.662883, 1.503857, 0.2400004, 274.5092, 150.485
-7.662883, 1.653857, 0.2400003, 274.5092, 138.6428
-7.862883, 1.503857, 0.2400004, 258.7197, 150.485
-7.662883, 1.503857, 0.2400004, 274.5092, 150.485
-7.662883, 1.503857, 0.4600004, 273.5383, 150.0493
-7.862883, 1.503857, 0.4600004, 258.1931, 150.0493
-7.862883, 1.653857, 0.2400003, 258.7197, 138.6428
-7.862883, 1.503857, 0.2400004, 258.7197, 150.485
-7.862883, 1.503857, 0.4600004, 258.1931, 150.0493
-7.862883, 1.653857, 0.4600004, 258.1931, 138.5403
-7.662883, 1.653857, 0.2400003, 274.5092, 138.6428
-7.662883, 1.503857, 0.2400004, 274.5092, 150.485
-7.862883, 1.503857, 0.2400004, 258.7197, 150.485
-7.862883, 1.653857, 0.2400003, 258.7197, 138.6428
box_8_lizol(Clone) stack 121 Shelf_1 Rack_1_1_0
-7.275177, 1.380775, 0.2215317, 305.2762, 160.2634
-7.474903, 1.380775, 0.2319989, 289.4018, 160.2285
-7.461986, 1.380775, 0.4784691, 288.8371, 159.4353
-7.26226, 1.380775, 0.4680019, 304.211, 159.468
-7.461986, 1.380775, 0.4784691, 288.8371, 159.4353
-7.461986, 1.204525, 0.4784691, 288.8371, 172.9264
-7.26226, 1.204525, 0.4680019, 304.211, 172.9771
-7.26226, 1.380775, 0.4680019, 304.211, 159.468
-7.26226, 1.380775, 0.4680019, 304.211, 159.468
-7.26226, 1.204525, 0.4680019, 304.211, 172.9771
-7.275177, 1.204525, 0.2215317, 305.2762, 174.2117
-7.275177, 1.380775, 0.2215317, 305.2762, 160.2634
-7.474903, 1.204525, 0.2319989, 289.4018, 174.1577
-7.275177, 1.204525, 0.2215317, 305.2762, 174.2117
-7.26226, 1.204525, 0.4680019, 304.211, 172.9771
-7.461986, 1.204525, 0.4784691, 288.8371, 172.9264
-7.474903, 1.380775, 0.2319989, 289.4018, 160.2285
-7.474903, 1.204525, 0.2319989, 289.4018, 174.1577
-7.461986, 1.204525, 0.4784691, 288.8371, 172.9264
-7.461986, 1.380775, 0.4784691, 288.8371, 159.4353
-7.275177, 1.380775, 0.2215317, 305.2762, 160.2634
-7.275177, 1.204525, 0.2215317, 305.2762, 174.2117
-7.474903, 1.204525, 0.2319989, 289.4018, 174.1577
-7.474903, 1.380775, 0.2319989, 289.4018, 160.2285
box_8_lizol(Clone) stack 121 Shelf_1 Rack_1_1_0
-7.260217, 1.557025, 0.2338724, 306.3521, 146.2966
-7.45973, 1.557025, 0.2199211, 290.6815, 146.3174
-7.476946, 1.557025, 0.4661284, 287.7672, 145.9614
-7.277433, 1.557025, 0.4800797, 302.9509, 145.9419
-7.476946, 1.557025, 0.4661284, 287.7672, 145.9614
-7.476946, 1.380775, 0.4661284, 287.7672, 159.4738
-7.277433, 1.380775, 0.4800797, 302.9509, 159.4303
-7.277433, 1.557025, 0.4800797, 302.9509, 145.9419
-7.277433, 1.557025, 0.4800797, 302.9509, 145.9419
-7.277433, 1.380775, 0.4800797, 302.9509, 159.4303
-7.260217, 1.380775, 0.2338724, 306.3521, 160.2223
-7.260217, 1.557025, 0.2338724, 306.3521, 146.2966
-7.45973, 1.380775, 0.2199211, 290.6815, 160.2688
-7.260217, 1.380775, 0.2338724, 306.3521, 160.2223
-7.277433, 1.380775, 0.4800797, 302.9509, 159.4303
-7.476946, 1.380775, 0.4661284, 287.7672, 159.4738
-7.45973, 1.557025, 0.2199211, 290.6815, 146.3174
-7.45973, 1.380775, 0.2199211, 290.6815, 160.2688
-7.476946, 1.380775, 0.4661284, 287.7672, 159.4738
-7.476946, 1.557025, 0.4661284, 287.7672, 145.9614
-7.260217, 1.557025, 0.2338724, 306.3521, 146.2966
-7.260217, 1.380775, 0.2338724, 306.3521, 160.2223
-7.45973, 1.380775, 0.2199211, 290.6815, 160.2688
-7.45973, 1.557025, 0.2199211, 290.6815, 146.3174
box_8_lizol(Clone) stack 121 Shelf_1 Rack_1_1_0
-7.272949, 1.733275, 0.2231813, 305.4383, 132.3672
-7.472827, 1.733275, 0.2301612, 289.5778, 132.3696
-7.464214, 1.733275, 0.4768194, 288.6768, 132.4524
-7.264336, 1.733275, 0.4698395, 304.0368, 132.4501
-7.464214, 1.733275, 0.4768194, 288.6768, 132.4524
-7.464214, 1.557025, 0.4768195, 288.6768, 145.9464
-7.264336, 1.557025, 0.4698395, 304.0368, 145.9562
-7.264336, 1.733275, 0.4698395, 304.0368, 132.4501
-7.264336, 1.733275, 0.4698395, 304.0368, 132.4501
-7.264336, 1.557025, 0.4698395, 304.0368, 145.9562
-7.272949, 1.557025, 0.2231813, 305.4383, 146.3126
-7.272949, 1.733275, 0.2231813, 305.4383, 132.3672
-7.472827, 1.557025, 0.2301612, 289.5778, 146.3022
-7.272949, 1.557025, 0.2231813, 305.4383, 146.3126
-7.264336, 1.557025, 0.4698395, 304.0368, 145.9562
-7.464214, 1.557025, 0.4768195, 288.6768, 145.9464
-7.472827, 1.733275, 0.2301612, 289.5778, 132.3696
-7.472827, 1.557025, 0.2301612, 289.5778, 146.3022
-7.464214, 1.557025, 0.4768195, 288.6768, 145.9464
-7.464214, 1.733275, 0.4768194, 288.6768, 132.4524
-7.272949, 1.733275, 0.2231813, 305.4383, 132.3672
-7.272949, 1.557025, 0.2231813, 305.4383, 146.3126
-7.472827, 1.557025, 0.2301612, 289.5778, 146.3022
-7.472827, 1.733275, 0.2301612, 289.5778, 132.3696
box_8_lizol(Clone) stack 121 Shelf_1 Rack_1_1_0
-7.260217, 1.909525, 0.2338724, 306.3521, 118.4452
-7.45973, 1.909525, 0.2199211, 290.6815, 118.4148
-7.476946, 1.909525, 0.4661284, 287.7672, 118.9365
-7.277433, 1.909525, 0.4800797, 302.9509, 118.9651
-7.476946, 1.909525, 0.4661284, 287.7672, 118.9365
-7.476946, 1.733275, 0.4661284, 287.7672, 132.4489
-7.277433, 1.733275, 0.4800797, 302.9509, 132.4535
-7.277433, 1.909525, 0.4800797, 302.9509, 118.9651
-7.277433, 1.909525, 0.4800797, 302.9509, 118.9651
-7.277433, 1.733275, 0.4800797, 302.9509, 132.4535
-7.260217, 1.733275, 0.2338724, 306.3521, 132.3709
-7.260217, 1.909525, 0.2338724, 306.3521, 118.4452
-7.45973, 1.733275, 0.2199211, 290.6815, 132.3661
-7.260217, 1.733275, 0.2338724, 306.3521, 132.3709
-7.277433, 1.733275, 0.4800797, 302.9509, 132.4535
-7.476946, 1.733275, 0.4661284, 287.7672, 132.4489
-7.45973, 1.909525, 0.2199211, 290.6815, 118.4148
-7.45973, 1.733275, 0.2199211, 290.6815, 132.3661
-7.476946, 1.733275, 0.4661284, 287.7672, 132.4489
-7.476946, 1.909525, 0.4661284, 287.7672, 118.9365
-7.260217, 1.909525, 0.2338724, 306.3521, 118.4452
-7.260217, 1.733275, 0.2338724, 306.3521, 132.3709
-7.45973, 1.733275, 0.2199211, 290.6815, 132.3661
-7.45973, 1.909525, 0.2199211, 290.6815, 118.4148
box_8_lizol(Clone) stack 123 Shelf_2 Rack_1_1_0
-6.625596, 2.565368, 0.2283601, 356.5788, 66.57664
-6.825565, 2.565368, 0.2248697, 340.8139, 66.54515
-6.829873, 2.565368, 0.4716406, 337.3073, 68.70213
-6.629903, 2.565368, 0.4751311, 352.5773, 68.73167
-6.829873, 2.565368, 0.4716406, 337.3073, 68.70213
-6.829873, 2.389118, 0.4716406, 337.3073, 82.20506
-6.629903, 2.389118, 0.4751311, 352.5773, 82.22858
-6.629903, 2.565368, 0.4751311, 352.5773, 68.73167
-6.629903, 2.565368, 0.4751311, 352.5773, 68.73167
-6.629903, 2.389118, 0.4751311, 352.5773, 82.22858
-6.625596, 2.389118, 0.2283601, 356.5788, 80.51248
-6.625596, 2.565368, 0.2283601, 356.5788, 66.57664
-6.825565, 2.389118, 0.2248697, 340.8139, 80.4874
-6.625596, 2.389118, 0.2283601, 356.5788, 80.51248
-6.629903, 2.389118, 0.4751311, 352.5773, 82.22858
-6.829873, 2.389118, 0.4716406, 337.3073, 82.20506
-6.825565, 2.565368, 0.2248697, 340.8139, 66.54515
-6.825565, 2.389118, 0.2248697, 340.8139, 80.4874
-6.829873, 2.389118, 0.4716406, 337.3073, 82.20506
-6.829873, 2.565368, 0.4716406, 337.3073, 68.70213
-6.625596, 2.565368, 0.2283601, 356.5788, 66.57664
-6.625596, 2.389118, 0.2283601, 356.5788, 80.51248
-6.825565, 2.389118, 0.2248697, 340.8139, 80.4874
-6.825565, 2.565368, 0.2248697, 340.8139, 66.54515
box_8_lizol(Clone) stack 123 Shelf_2 Rack_1_1_0
-6.625596, 2.741618, 0.2283601, 356.5788, 52.64084
-6.825565, 2.741618, 0.2248697, 340.8139, 52.60294
-6.829873, 2.741618, 0.4716406, 337.3073, 55.19922
-6.629903, 2.741618, 0.4751311, 352.5773, 55.23479
-6.829873, 2.741618, 0.4716406, 337.3073, 55.19922
-6.829873, 2.565368, 0.4716406, 337.3073, 68.70213
-6.629903, 2.565368, 0.4751311, 352.5773, 68.73167
-6.629903, 2.741618, 0.4751311, 352.5773, 55.23479
-6.629903, 2.741618, 0.4751311, 352.5773, 55.23479
-6.629903, 2.565368, 0.4751311, 352.5773, 68.73167
-6.625596, 2.565368, 0.2283601, 356.5788, 66.57664
-6.625596, 2.741618, 0.2283601, 356.5788, 52.64084
-6.825565, 2.565368, 0.2248697, 340.8139, 66.54515
-6.625596, 2.565368, 0.2283601, 356.5788, 66.57664
-6.629903, 2.565368, 0.4751311, 352.5773, 68.73167
-6.829873, 2.565368, 0.4716406, 337.3073, 68.70213
-6.825565, 2.741618, 0.2248697, 340.8139, 52.60294
-6.825565, 2.565368, 0.2248697, 340.8139, 66.54515
-6.829873, 2.565368, 0.4716406, 337.3073, 68.70213
-6.829873, 2.741618, 0.4716406, 337.3073, 55.19922
-6.625596, 2.741618, 0.2283601, 356.5788, 52.64084
-6.625596, 2.565368, 0.2283601, 356.5788, 66.57664
-6.825565, 2.565368, 0.2248697, 340.8139, 66.54515
-6.825565, 2.741618, 0.2248697, 340.8139, 52.60294
box_8_lizol(Clone) stack 123 Shelf_2 Rack_1_1_0
-6.625596, 2.917868, 0.2283601, 356.5788, 38.70502
-6.825565, 2.917868, 0.2248697, 340.8139, 38.66069
-6.829873, 2.917868, 0.4716406, 337.3073, 41.6963
-6.629903, 2.917868, 0.4751311, 352.5773, 41.73787
-6.829873, 2.917868, 0.4716406, 337.3073, 41.6963
-6.829873, 2.741618, 0.4716406, 337.3073, 55.19922
-6.629903, 2.741618, 0.4751311, 352.5773, 55.23479
-6.629903, 2.917868, 0.4751311, 352.5773, 41.73787
-6.629903, 2.917868, 0.4751311, 352.5773, 41.73787
-6.629903, 2.741618, 0.4751311, 352.5773, 55.23479
-6.625596, 2.741618, 0.2283601, 356.5788, 52.64084
-6.625596, 2.917868, 0.2283601, 356.5788, 38.70502
-6.825565, 2.741618, 0.2248697, 340.8139, 52.60294
-6.625596, 2.741618, 0.2283601, 356.5788, 52.64084
-6.629903, 2.741618, 0.4751311, 352.5773, 55.23479
-6.829873, 2.741618, 0.4716406, 337.3073, 55.19922
-6.825565, 2.917868, 0.2248697, 340.8139, 38.66069
-6.825565, 2.741618, 0.2248697, 340.8139, 52.60294
-6.829873, 2.741618, 0.4716406, 337.3073, 55.19922
-6.829873, 2.917868, 0.4716406, 337.3073, 41.6963
-6.625596, 2.917868, 0.2283601, 356.5788, 38.70502
-6.625596, 2.741618, 0.2283601, 356.5788, 52.64084
-6.825565, 2.741618, 0.2248697, 340.8139, 52.60294
-6.825565, 2.917868, 0.2248697, 340.8139, 38.66069
box_8_lizol(Clone) stack 123 Shelf_2 Rack_1_1_0
-6.623488, 3.094118, 0.2301612, 356.7177, 24.79536
-6.823367, 3.094118, 0.2231813, 341.0103, 24.69392
-6.83198, 3.094118, 0.4698395, 337.1683, 28.16882
-6.632102, 3.094118, 0.4768194, 352.3847, 28.26398
-6.83198, 3.094118, 0.4698395, 337.1683, 28.16882
-6.83198, 2.917868, 0.4698395, 337.1683, 41.67484
-6.632102, 2.917868, 0.4768195, 352.3847, 41.75797
-6.632102, 3.094118, 0.4768194, 352.3847, 28.26398
-6.632102, 3.094118, 0.4768194, 352.3847, 28.26398
-6.632102, 2.917868, 0.4768195, 352.3847, 41.75797
-6.623488, 2.917868, 0.2301612, 356.7177, 38.72787
-6.623488, 3.094118, 0.2301612, 356.7177, 24.79536
-6.823367, 2.917868, 0.2231813, 341.0103, 38.63925
-6.623488, 2.917868, 0.2301612, 356.7177, 38.72787
-6.632102, 2.917868, 0.4768195, 352.3847, 41.75797
-6.83198, 2.917868, 0.4698395, 337.1683, 41.67484
-6.823367, 3.094118, 0.2231813, 341.0103, 24.69392
-6.823367, 2.917868, 0.2231813, 341.0103, 38.63925
-6.83198, 2.917868, 0.4698395, 337.1683, 41.67484
-6.83198, 3.094118, 0.4698395, 337.1683, 28.16882
-6.623488, 3.094118, 0.2301612, 356.7177, 24.79536
-6.623488, 2.917868, 0.2301612, 356.7177, 38.72787
-6.823367, 2.917868, 0.2231813, 341.0103, 38.63925
-6.823367, 3.094118, 0.2231813, 341.0103, 24.69392
box_7_litchi(Clone) stack 124 Shelf_2 Rack_1_1_0
-7.000133, 2.599012, 0.2517608, 326.6974, 64.13501
-7.200102, 2.599012, 0.2482703, 310.9673, 64.10249
-7.203592, 2.599012, 0.4482399, 308.8817, 65.9182
-7.003623, 2.599012, 0.4517304, 324.21, 65.94907
-7.203592, 2.599012, 0.4482399, 308.8817, 65.9182
-7.203592, 2.389012, 0.4482399, 308.8817, 82.05499
-7.003623, 2.389012, 0.4517304, 324.21, 82.07864
-7.003623, 2.599012, 0.4517304, 324.21, 65.94907
-7.003623, 2.599012, 0.4517304, 324.21, 65.94907
-7.003623, 2.389012, 0.4517304, 324.21, 82.07864
-7.000133, 2.389012, 0.2517608, 326.6974, 80.68834
-7.000133, 2.599012, 0.2517608, 326.6974, 64.13501
-7.200102, 2.389012, 0.2482704, 310.9673, 80.66342
-7.000133, 2.389012, 0.2517608, 326.6974, 80.68834
-7.003623, 2.389012, 0.4517304, 324.21, 82.07864
-7.203592, 2.389012, 0.4482399, 308.8817, 82.05499
-7.200102, 2.599012, 0.2482703, 310.9673, 64.10249
-7.200102, 2.389012, 0.2482704, 310.9673, 80.66342
-7.203592, 2.389012, 0.4482399, 308.8817, 82.05499
-7.203592, 2.599012, 0.4482399, 308.8817, 65.9182
-7.000133, 2.599012, 0.2517608, 326.6974, 64.13501
-7.000133, 2.389012, 0.2517608, 326.6974, 80.68834
-7.200102, 2.389012, 0.2482704, 310.9673, 80.66342
-7.200102, 2.599012, 0.2482703, 310.9673, 64.10249
box_7_litchi(Clone) stack 124 Shelf_2 Rack_1_1_0
-6.995131, 2.809012, 0.2572196, 327.0293, 47.64432
-7.194643, 2.809012, 0.2432683, 311.4448, 47.48402
-7.208594, 2.809012, 0.4427811, 308.5452, 49.72177
-7.009082, 2.809012, 0.4567324, 323.7371, 49.87396
-7.208594, 2.809012, 0.4427811, 308.5452, 49.72177
-7.208594, 2.599012, 0.4427811, 308.5452, 65.86984
-7.009082, 2.599012, 0.4567324, 323.7371, 65.99324
-7.009082, 2.809012, 0.4567324, 323.7371, 49.87396
-7.009082, 2.809012, 0.4567324, 323.7371, 49.87396
-7.009082, 2.599012, 0.4567324, 323.7371, 65.99324
-6.995131, 2.599012, 0.2572196, 327.0293, 64.18579
-6.995131, 2.809012, 0.2572196, 327.0293, 47.64432
-7.194643, 2.599012, 0.2432683, 311.4448, 64.05585
-6.995131, 2.599012, 0.2572196, 327.0293, 64.18579
-7.009082, 2.599012, 0.4567324, 323.7371, 65.99324
-7.208594, 2.599012, 0.4427811, 308.5452, 65.86984
-7.194643, 2.809012, 0.2432683, 311.4448, 47.48402
-7.194643, 2.599012, 0.2432683, 311.4448, 64.05585
-7.208594, 2.599012, 0.4427811, 308.5452, 65.86984
-7.208594, 2.809012, 0.4427811, 308.5452, 49.72177
-6.995131, 2.809012, 0.2572196, 327.0293, 47.64432
-6.995131, 2.599012, 0.2572196, 327.0293, 64.18579
-7.194643, 2.599012, 0.2432683, 311.4448, 64.05585
-7.194643, 2.809012, 0.2432683, 311.4448, 47.48402
box_7_litchi(Clone) stack 125 Shelf_2 Rack_1_1_0
-7.392639, 2.599012, 0.2400953, 295.8435, 64.02625
-7.591544, 2.599012, 0.2610011, 280.0306, 64.22093
-7.570638, 2.599012, 0.4599054, 280.6165, 66.02124
-7.371733, 2.599012, 0.4389997, 296.0277, 65.83635
-7.570638, 2.599012, 0.4599054, 280.6165, 66.02124
-7.570638, 2.389012, 0.4599054, 280.6165, 82.13397
-7.371733, 2.389012, 0.4389997, 296.0277, 81.99226
-7.371733, 2.599012, 0.4389997, 296.0277, 65.83635
-7.371733, 2.599012, 0.4389997, 296.0277, 65.83635
-7.371733, 2.389012, 0.4389997, 296.0277, 81.99226
-7.392639, 2.389012, 0.2400953, 295.8435, 80.60498
-7.392639, 2.599012, 0.2400953, 295.8435, 64.02625
-7.591544, 2.389012, 0.2610011, 280.0306, 80.7542
-7.392639, 2.389012, 0.2400953, 295.8435, 80.60498
-7.371733, 2.389012, 0.4389997, 296.0277, 81.99226
-7.570638, 2.389012, 0.4599054, 280.6165, 82.13397
-7.591544, 2.599012, 0.2610011, 280.0306, 64.22093
-7.591544, 2.389012, 0.2610011, 280.0306, 80.7542
-7.570638, 2.389012, 0.4599054, 280.6165, 82.13397
-7.570638, 2.599012, 0.4599054, 280.6165, 66.02124
-7.392639, 2.599012, 0.2400953, 295.8435, 64.02625
-7.392639, 2.389012, 0.2400953, 295.8435, 80.60498
-7.591544, 2.389012, 0.2610011, 280.0306, 80.7542
-7.591544, 2.599012, 0.2610011, 280.0306, 64.22093
box_7_litchi(Clone) stack 125 Shelf_2 Rack_1_1_0
-7.388858, 2.809012, 0.2432683, 296.1186, 47.48402
-7.58837, 2.809012, 0.2572196, 280.3004, 47.64432
-7.574419, 2.809012, 0.4567324, 280.3427, 49.87396
-7.374907, 2.809012, 0.4427811, 295.7564, 49.72177
-7.574419, 2.809012, 0.4567324, 280.3427, 49.87396
-7.574419, 2.599012, 0.4567324, 280.3427, 65.99324
-7.374907, 2.599012, 0.4427811, 295.7564, 65.86984
-7.374907, 2.809012, 0.4427811, 295.7564, 49.72177
-7.374907, 2.809012, 0.4427811, 295.7564, 49.72177
-7.374907, 2.599012, 0.4427811, 295.7564, 65.86984
-7.388858, 2.599012, 0.2432683, 296.1186, 64.05585
-7.388858, 2.809012, 0.2432683, 296.1186, 47.48402
-7.58837, 2.599012, 0.2572196, 280.3004, 64.18579
-7.388858, 2.599012, 0.2432683, 296.1186, 64.05585
-7.374907, 2.599012, 0.4427811, 295.7564, 65.86984
-7.574419, 2.599012, 0.4567324, 280.3427, 65.99324
-7.58837, 2.809012, 0.2572196, 280.3004, 47.64432
-7.58837, 2.599012, 0.2572196, 280.3004, 64.18579
-7.574419, 2.599012, 0.4567324, 280.3427, 65.99324
-7.574419, 2.809012, 0.4567324, 280.3427, 49.87396
-7.388858, 2.809012, 0.2432683, 296.1186, 47.48402
-7.388858, 2.599012, 0.2432683, 296.1186, 64.05585
-7.58837, 2.599012, 0.2572196, 280.3004, 64.18579
-7.58837, 2.809012, 0.2572196, 280.3004, 47.64432
box_7_litchi(Clone) stack 125 Shelf_2 Rack_1_1_0
-7.388858, 3.019012, 0.2432683, 296.1186, 30.91222
-7.58837, 3.019012, 0.2572196, 280.3004, 31.10286
-7.574419, 3.019012, 0.4567324, 280.3427, 33.7547
-7.374907, 3.019012, 0.4427811, 295.7564, 33.57368
-7.574419, 3.019012, 0.4567324, 280.3427, 33.7547
-7.574419, 2.809012, 0.4567324, 280.3427, 49.87396
-7.374907, 2.809012, 0.4427811, 295.7564, 49.72177
-7.374907, 3.019012, 0.4427811, 295.7564, 33.57368
-7.374907, 3.019012, 0.4427811, 295.7564, 33.57368
-7.374907, 2.809012, 0.4427811, 295.7564, 49.72177
-7.388858, 2.809012, 0.2432683, 296.1186, 47.48402
-7.388858, 3.019012, 0.2432683, 296.1186, 30.91222
-7.58837, 2.809012, 0.2572196, 280.3004, 47.64432
-7.388858, 2.809012, 0.2432683, 296.1186, 47.48402
-7.374907, 2.809012, 0.4427811, 295.7564, 49.72177
-7.574419, 2.809012, 0.4567324, 280.3427, 49.87396
-7.58837, 3.019012, 0.2572196, 280.3004, 31.10286
-7.58837, 2.809012, 0.2572196, 280.3004, 47.64432
-7.574419, 2.809012, 0.4567324, 280.3427, 49.87396
-7.574419, 3.019012, 0.4567324, 280.3427, 33.7547
-7.388858, 3.019012, 0.2432683, 296.1186, 30.91222
-7.388858, 2.809012, 0.2432683, 296.1186, 47.48402
-7.58837, 2.809012, 0.2572196, 280.3004, 47.64432
-7.58837, 3.019012, 0.2572196, 280.3004, 31.10286
box_7_litchi(Clone) stack 125 Shelf_2 Rack_1_1_0
-7.370197, 3.229012, 0.2629327, 297.4427, 14.65164
-7.568706, 3.229012, 0.2385588, 281.9522, 14.26559
-7.59308, 3.229012, 0.4370681, 279.0085, 17.33942
-7.394571, 3.229012, 0.4614419, 294.115, 17.70609
-7.59308, 3.229012, 0.4370681, 279.0085, 17.33942
-7.59308, 3.019012, 0.4370681, 279.0085, 33.49936
-7.394571, 3.019012, 0.4614419, 294.115, 33.81566
-7.394571, 3.229012, 0.4614419, 294.115, 17.70609
-7.394571, 3.229012, 0.4614419, 294.115, 17.70609
-7.394571, 3.019012, 0.4614419, 294.115, 33.81566
-7.370197, 3.019012, 0.2629327, 297.4427, 31.18071
-7.370197, 3.229012, 0.2629327, 297.4427, 14.65164
-7.568706, 3.019012, 0.2385588, 281.9522, 30.84772
-7.370197, 3.019012, 0.2629327, 297.4427, 31.18071
-7.394571, 3.019012, 0.4614419, 294.115, 33.81566
-7.59308, 3.019012, 0.4370681, 279.0085, 33.49936
-7.568706, 3.229012, 0.2385588, 281.9522, 14.26559
-7.568706, 3.019012, 0.2385588, 281.9522, 30.84772
-7.59308, 3.019012, 0.4370681, 279.0085, 33.49936
-7.59308, 3.229012, 0.4370681, 279.0085, 17.33942
-7.370197, 3.229012, 0.2629327, 297.4427, 14.65164
-7.370197, 3.019012, 0.2629327, 297.4427, 31.18071
-7.568706, 3.019012, 0.2385588, 281.9522, 30.84772
-7.568706, 3.229012, 0.2385588, 281.9522, 14.26559
box_1_Parle-G-GOLD(Clone) stack 126 Shelf_2 Rack_1_1_0
-7.746872, 2.560843, 0.2528824, 267.8313, 67.15372
-7.946384, 2.560843, 0.2389311, 252.1292, 67.02914
-7.960942, 2.560843, 0.4471184, 250.687, 68.84169
-7.76143, 2.560843, 0.4610697, 265.9737, 68.9597
-7.960942, 2.560843, 0.4471184, 250.687, 68.84169
-7.960942, 2.388343, 0.4471184, 250.687, 82.09882
-7.76143, 2.388343, 0.4610697, 265.9737, 82.19319
-7.76143, 2.560843, 0.4610697, 265.9737, 68.9597
-7.76143, 2.560843, 0.4610697, 265.9737, 68.9597
-7.76143, 2.388343, 0.4610697, 265.9737, 82.19319
-7.746872, 2.388343, 0.2528824, 267.8313, 80.7491
-7.746872, 2.560843, 0.2528824, 267.8313, 67.15372
-7.946384, 2.388343, 0.2389311, 252.1292, 80.64948
-7.746872, 2.388343, 0.2528824, 267.8313, 80.7491
-7.76143, 2.388343, 0.4610697, 265.9737, 82.19319
-7.960942, 2.388343, 0.4471184, 250.687, 82.09882
-7.946384, 2.560843, 0.2389311, 252.1292, 67.02914
-7.946384, 2.388343, 0.2389311, 252.1292, 80.64948
-7.960942, 2.388343, 0.4471184, 250.687, 82.09882
-7.960942, 2.560843, 0.4471184, 250.687, 68.84169
-7.746872, 2.560843, 0.2528824, 267.8313, 67.15372
-7.746872, 2.388343, 0.2528824, 267.8313, 80.7491
-7.946384, 2.388343, 0.2389311, 252.1292, 80.64948
-7.946384, 2.560843, 0.2389311, 252.1292, 67.02914
box_1_Parle-G-GOLD(Clone) stack 126 Shelf_2 Rack_1_1_0
-7.752101, 2.733343, 0.2474137, 267.4389, 53.4998
-7.952071, 2.733343, 0.2439232, 251.6725, 53.46239
-7.955713, 2.733343, 0.4525871, 251.0811, 55.64014
-7.755744, 2.733343, 0.4560776, 266.4268, 55.67558
-7.955713, 2.733343, 0.4525871, 251.0811, 55.64014
-7.955713, 2.560843, 0.4525871, 251.0811, 68.888
-7.755744, 2.560843, 0.4560776, 266.4268, 68.91753
-7.755744, 2.733343, 0.4560776, 266.4268, 55.67558
-7.755744, 2.733343, 0.4560776, 266.4268, 55.67558
-7.755744, 2.560843, 0.4560776, 266.4268, 68.91753
-7.752101, 2.560843, 0.2474137, 267.4389, 67.10495
-7.752101, 2.733343, 0.2474137, 267.4389, 53.4998
-7.952071, 2.560843, 0.2439232, 251.6725, 67.07379
-7.752101, 2.560843, 0.2474137, 267.4389, 67.10495
-7.755744, 2.560843, 0.4560776, 266.4268, 68.91753
-7.955713, 2.560843, 0.4525871, 251.0811, 68.888
-7.952071, 2.733343, 0.2439232, 251.6725, 53.46239
-7.952071, 2.560843, 0.2439232, 251.6725, 67.07379
-7.955713, 2.560843, 0.4525871, 251.0811, 68.888
-7.955713, 2.733343, 0.4525871, 251.0811, 55.64014
-7.752101, 2.733343, 0.2474137, 267.4389, 53.4998
-7.752101, 2.560843, 0.2474137, 267.4389, 67.10495
-7.952071, 2.560843, 0.2439232, 251.6725, 67.07379
-7.952071, 2.733343, 0.2439232, 251.6725, 53.46239
box_1_Parle-G-GOLD(Clone) stack 126 Shelf_2 Rack_1_1_0
-7.765362, 2.905843, 0.2357713, 266.4334, 39.74887
-7.964267, 2.905843, 0.256677, 250.6922, 40.01035
-7.942452, 2.905843, 0.4642295, 252.0815, 42.53009
-7.743547, 2.905843, 0.4433237, 267.4077, 42.28235
-7.942452, 2.905843, 0.4642295, 252.0815, 42.53009
-7.942452, 2.733343, 0.4642295, 252.0815, 55.75824
-7.743547, 2.733343, 0.4433237, 267.4077, 55.54593
-7.743547, 2.905843, 0.4433237, 267.4077, 42.28235
-7.743547, 2.905843, 0.4433237, 267.4077, 42.28235
-7.743547, 2.733343, 0.4433237, 267.4077, 55.54593
-7.765362, 2.733343, 0.2357713, 266.4334, 53.37489
-7.765362, 2.905843, 0.2357713, 266.4334, 39.74887
-7.964267, 2.733343, 0.256677, 250.6922, 53.59894
-7.765362, 2.733343, 0.2357713, 266.4334, 53.37489
-7.743547, 2.733343, 0.4433237, 267.4077, 55.54593
-7.942452, 2.733343, 0.4642295, 252.0815, 55.75824
-7.964267, 2.905843, 0.256677, 250.6922, 40.01035
-7.964267, 2.733343, 0.256677, 250.6922, 53.59894
-7.942452, 2.733343, 0.4642295, 252.0815, 55.75824
-7.942452, 2.905843, 0.4642295, 252.0815, 42.53009
-7.765362, 2.905843, 0.2357713, 266.4334, 39.74887
-7.765362, 2.733343, 0.2357713, 266.4334, 53.37489
-7.964267, 2.733343, 0.256677, 250.6922, 53.59894
-7.964267, 2.905843, 0.256677, 250.6922, 40.01035
box_1_Parle-G-GOLD(Clone) stack 126 Shelf_2 Rack_1_1_0
-7.753907, 3.078343, 0.2456525, 267.3028, 26.26436
-7.953907, 3.078343, 0.2456525, 251.525, 26.26436
-7.953907, 3.078343, 0.4543482, 251.2172, 29.16832
-7.753907, 3.078343, 0.4543482, 266.5736, 29.16832
-7.953907, 3.078343, 0.4543482, 251.2172, 29.16832
-7.953907, 2.905843, 0.4543482, 251.2172, 42.41316
-7.753907, 2.905843, 0.4543482, 266.5736, 42.41316
-7.753907, 3.078343, 0.4543482, 266.5736, 29.16832
-7.753907, 3.078343, 0.4543482, 266.5736, 29.16832
-7.753907, 2.905843, 0.4543482, 266.5736, 42.41316
-7.753907, 2.905843, 0.2456525, 267.3028, 39.87263
-7.753907, 3.078343, 0.2456525, 267.3028, 26.26436
-7.953907, 2.905843, 0.2456525, 251.525, 39.87263
-7.753907, 2.905843, 0.2456525, 267.3028, 39.87263
-7.753907, 2.905843, 0.4543482, 266.5736, 42.41316
-7.953907, 2.905843, 0.4543482, 251.2172, 42.41316
-7.953907, 3.078343, 0.2456525, 251.525, 26.26436
-7.953907, 2.905843, 0.2456525, 251.525, 39.87263
-7.953907, 2.905843, 0.4543482, 251.2172, 42.41316
-7.953907, 3.078343, 0.4543482, 251.2172, 29.16832
-7.753907, 3.078343, 0.2456525, 267.3028, 26.26436
-7.753907, 2.905843, 0.2456525, 267.3028, 39.87263
-7.953907, 2.905843, 0.2456525, 251.525, 39.87263
-7.953907, 3.078343, 0.2456525, 251.525, 26.26436
box_6_melody(Clone) stack 128 Shelf_0 Rack_1_1_1
-9.908854, 0.2073492, 0.2430817, 97.25362, 252.7931
-10.10736, 0.2073492, 0.2187079, 81.07874, 253.1719
-10.13661, 0.2073492, 0.456919, 83.67658, 249.5708
-9.938103, 0.2073492, 0.4812929, 99.352, 249.2147
-10.13661, 0.2073492, 0.456919, 83.67658, 249.5708
-10.13661, 0.01984931, 0.456919, 83.67658, 263.9626
-9.938103, 0.01984931, 0.4812929, 99.352, 263.5618
-9.938103, 0.2073492, 0.4812929, 99.352, 249.2147
-9.938103, 0.2073492, 0.4812929, 99.352, 249.2147
-9.938103, 0.01984931, 0.4812929, 99.352, 263.5618
-9.908854, 0.01984931, 0.2430817, 97.25362, 267.5897
-9.908854, 0.2073492, 0.2430817, 97.25362, 252.7931
-10.10736, 0.01984931, 0.2187079, 81.07874, 268.0161
-9.908854, 0.01984931, 0.2430817, 97.25362, 267.5897
-9.938103, 0.01984931, 0.4812929, 99.352, 263.5618
-10.13661, 0.01984931, 0.456919, 83.67658, 263.9626
-10.10736, 0.2073492, 0.2187079, 81.07874, 253.1719
-10.10736, 0.01984931, 0.2187079, 81.07874, 268.0161
-10.13661, 0.01984931, 0.456919, 83.67658, 263.9626
-10.13661, 0.2073492, 0.456919, 83.67658, 249.5708
-9.908854, 0.2073492, 0.2430817, 97.25362, 252.7931
-9.908854, 0.01984931, 0.2430817, 97.25362, 267.5897
-10.10736, 0.01984931, 0.2187079, 81.07874, 268.0161
-10.10736, 0.2073492, 0.2187079, 81.07874, 253.1719
box_6_melody(Clone) stack 128 Shelf_0 Rack_1_1_1
-9.933572, 0.3948492, 0.2217414, 94.89567, 238.2864
-10.13281, 0.3948492, 0.2391725, 79.49738, 238.0495
-10.11189, 0.3948492, 0.4782594, 85.99431, 234.9062
-9.912655, 0.3948492, 0.4608282, 100.9363, 235.1289
-10.11189, 0.3948492, 0.4782594, 85.99431, 234.9062
-10.11189, 0.2073492, 0.4782594, 85.99431, 249.2589
-9.912655, 0.2073492, 0.4608282, 100.9363, 249.5135
-9.912655, 0.3948492, 0.4608282, 100.9363, 235.1289
-9.912655, 0.3948492, 0.4608282, 100.9363, 235.1289
-9.912655, 0.2073492, 0.4608282, 100.9363, 249.5135
-9.933572, 0.2073492, 0.2217414, 94.89567, 253.1246
-9.933572, 0.3948492, 0.2217414, 94.89567, 238.2864
-10.13281, 0.2073492, 0.2391725, 79.49738, 252.8537
-9.933572, 0.2073492, 0.2217414, 94.89567, 253.1246
-9.912655, 0.2073492, 0.4608282, 100.9363, 249.5135
-10.11189, 0.2073492, 0.4782594, 85.99431, 249.2589
-10.13281, 0.3948492, 0.2391725, 79.49738, 238.0495
-10.13281, 0.2073492, 0.2391725, 79.49738, 252.8537
-10.11189, 0.2073492, 0.4782594, 85.99431, 249.2589
-10.11189, 0.3948492, 0.4782594, 85.99431, 234.9062
-9.933572, 0.3948492, 0.2217414, 94.89567, 238.2864
-9.933572, 0.2073492, 0.2217414, 94.89567, 253.1246
-10.13281, 0.2073492, 0.2391725, 79.49738, 252.8537
-10.13281, 0.3948492, 0.2391725, 79.49738, 238.0495
box_6_melody(Clone) stack 128 Shelf_0 Rack_1_1_1
-9.92915, 0.5823491, 0.2249312, 95.30651, 223.4109
-10.12888, 0.5823491, 0.2353984, 79.7285, 223.2891
-10.11632, 0.5823491, 0.4750696, 85.59294, 220.5883
-9.91659, 0.5823491, 0.4646024, 100.7017, 220.7028
-10.11632, 0.5823491, 0.4750696, 85.59294, 220.5883
-10.11632, 0.3948492, 0.4750696, 85.59294, 234.9469
-9.91659, 0.3948492, 0.4646024, 100.7017, 235.0806
-9.91659, 0.5823491, 0.4646024, 100.7017, 220.7028
-9.91659, 0.5823491, 0.4646024, 100.7017, 220.7028
-9.91659, 0.3948492, 0.4646024, 100.7017, 235.0806
-9.92915, 0.3948492, 0.2249312, 95.30651, 238.2429
-9.92915, 0.5823491, 0.2249312, 95.30651, 223.4109
-10.12888, 0.3948492, 0.2353984, 79.7285, 238.1007
-9.92915, 0.3948492, 0.2249312, 95.30651, 238.2429
-9.91659, 0.3948492, 0.4646024, 100.7017, 235.0806
-10.11632, 0.3948492, 0.4750696, 85.59294, 234.9469
-10.12888, 0.5823491, 0.2353984, 79.7285, 223.2891
-10.12888, 0.3948492, 0.2353984, 79.7285, 238.1007
-10.11632, 0.3948492, 0.4750696, 85.59294, 234.9469
-10.11632, 0.5823491, 0.4750696, 85.59294, 220.5883
-9.92915, 0.5823491, 0.2249312, 95.30651, 223.4109
-9.92915, 0.3948492, 0.2249312, 95.30651, 238.2429
-10.12888, 0.3948492, 0.2353984, 79.7285, 238.1007
-10.12888, 0.5823491, 0.2353984, 79.7285, 223.2891
box_6_melody(Clone) stack 128 Shelf_0 Rack_1_1_1
-9.912655, 0.7698491, 0.2391725, 96.88003, 208.441
-10.11189, 0.7698491, 0.2217414, 80.78373, 208.6098
-10.13281, 0.7698491, 0.4608282, 84.04631, 206.3595
-9.933572, 0.7698491, 0.4782594, 99.64442, 206.2008
-10.13281, 0.7698491, 0.4608282, 84.04631, 206.3595
-10.13281, 0.5823491, 0.4608282, 84.04631, 220.7442
-9.933572, 0.5823491, 0.4782594, 99.64442, 220.5535
-9.933572, 0.7698491, 0.4782594, 99.64442, 206.2008
-9.933572, 0.7698491, 0.4782594, 99.64442, 206.2008
-9.933572, 0.5823491, 0.4782594, 99.64442, 220.5535
-9.912655, 0.5823491, 0.2391725, 96.88003, 223.2452
-9.912655, 0.7698491, 0.2391725, 96.88003, 208.441
-10.11189, 0.5823491, 0.2217414, 80.78373, 223.4481
-9.912655, 0.5823491, 0.2391725, 96.88003, 223.2452
-9.933572, 0.5823491, 0.4782594, 99.64442, 220.5535
-10.13281, 0.5823491, 0.4608282, 84.04631, 220.7442
-10.11189, 0.7698491, 0.2217414, 80.78373, 208.6098
-10.11189, 0.5823491, 0.2217414, 80.78373, 223.4481
-10.13281, 0.5823491, 0.4608282, 84.04631, 220.7442
-10.13281, 0.7698491, 0.4608282, 84.04631, 206.3595
-9.912655, 0.7698491, 0.2391725, 96.88003, 208.441
-9.912655, 0.5823491, 0.2391725, 96.88003, 223.2452
-10.11189, 0.5823491, 0.2217414, 80.78373, 223.4481
-10.11189, 0.7698491, 0.2217414, 80.78373, 208.6098
box_2_Parle-G(Clone) stack 129 Shelf_0 Rack_1_1_1
-9.52623, 0.274422, 0.2841088, 128.0526, 246.8962
-9.7262, 0.274422, 0.2806183, 112.2982, 246.9473
-9.728561, 0.274422, 0.4158919, 114.3376, 244.9998
-9.528591, 0.274422, 0.4193824, 129.8171, 244.9505
-9.728561, 0.274422, 0.4158919, 114.3376, 244.9998
-9.728561, 0.01942197, 0.4158919, 114.3376, 264.6761
-9.528591, 0.01942197, 0.4193824, 129.8171, 264.6179
-9.528591, 0.274422, 0.4193824, 129.8171, 244.9505
-9.528591, 0.274422, 0.4193824, 129.8171, 244.9505
-9.528591, 0.01942197, 0.4193824, 129.8171, 264.6179
-9.52623, 0.01942196, 0.2841088, 128.0526, 266.9116
-9.52623, 0.274422, 0.2841088, 128.0526, 246.8962
-9.7262, 0.01942196, 0.2806184, 112.2982, 266.9719
-9.52623, 0.01942196, 0.2841088, 128.0526, 266.9116
-9.528591, 0.01942197, 0.4193824, 129.8171, 264.6179
-9.728561, 0.01942197, 0.4158919, 114.3376, 264.6761
-9.7262, 0.274422, 0.2806183, 112.2982, 246.9473
-9.7262, 0.01942196, 0.2806184, 112.2982, 266.9719
-9.728561, 0.01942197, 0.4158919, 114.3376, 264.6761
-9.728561, 0.274422, 0.4158919, 114.3376, 244.9998
-9.52623, 0.274422, 0.2841088, 128.0526, 246.8962
-9.52623, 0.01942196, 0.2841088, 128.0526, 266.9116
-9.7262, 0.01942196, 0.2806184, 112.2982, 266.9719
-9.7262, 0.274422, 0.2806183, 112.2982, 246.9473
box_2_Parle-G(Clone) stack 129 Shelf_0 Rack_1_1_1
-9.520872, 0.5294219, 0.2931767, 128.6052, 226.7719
-9.719777, 0.5294219, 0.272271, 112.6635, 227.0233
-9.733919, 0.5294219, 0.406824, 113.777, 225.4291
-9.535014, 0.5294219, 0.4277297, 129.4403, 225.1863
-9.733919, 0.5294219, 0.406824, 113.777, 225.4291
-9.733919, 0.2744219, 0.406824, 113.777, 245.1283
-9.535014, 0.2744219, 0.4277297, 129.4403, 244.8326
-9.535014, 0.5294219, 0.4277297, 129.4403, 225.1863
-9.535014, 0.5294219, 0.4277297, 129.4403, 225.1863
-9.535014, 0.2744219, 0.4277297, 129.4403, 244.8326
-9.520872, 0.2744219, 0.2931767, 128.6052, 246.7636
-9.520872, 0.5294219, 0.2931767, 128.6052, 226.7719
-9.719777, 0.2744219, 0.272271, 112.6635, 247.0698
-9.520872, 0.2744219, 0.2931767, 128.6052, 246.7636
-9.535014, 0.2744219, 0.4277297, 129.4403, 244.8326
-9.733919, 0.2744219, 0.406824, 113.777, 245.1283
-9.719777, 0.5294219, 0.272271, 112.6635, 227.0233
-9.719777, 0.2744219, 0.272271, 112.6635, 247.0698
-9.733919, 0.2744219, 0.406824, 113.777, 245.1283
-9.733919, 0.5294219, 0.406824, 113.777, 225.4291
-9.520872, 0.5294219, 0.2931767, 128.6052, 226.7719
-9.520872, 0.2744219, 0.2931767, 128.6052, 246.7636
-9.719777, 0.2744219, 0.272271, 112.6635, 247.0698
-9.719777, 0.5294219, 0.272271, 112.6635, 227.0233
box_2_Parle-G(Clone) stack 129 Shelf_0 Rack_1_1_1
-9.525096, 0.784422, 0.2858844, 128.1675, 206.8487
-9.724974, 0.784422, 0.2789046, 112.3659, 206.9144
-9.729695, 0.784422, 0.4141163, 114.2214, 205.6636
-9.529818, 0.784422, 0.4210961, 129.7468, 205.6002
-9.729695, 0.784422, 0.4141163, 114.2214, 205.6636
-9.729695, 0.5294219, 0.4141163, 114.2214, 225.3443
-9.529818, 0.5294219, 0.4210962, 129.7468, 225.2632
-9.529818, 0.784422, 0.4210961, 129.7468, 205.6002
-9.529818, 0.784422, 0.4210961, 129.7468, 205.6002
-9.529818, 0.5294219, 0.4210962, 129.7468, 225.2632
-9.525096, 0.5294219, 0.2858845, 128.1675, 226.8595
-9.525096, 0.784422, 0.2858844, 128.1675, 206.8487
-9.724974, 0.5294219, 0.2789046, 112.3659, 226.9434
-9.525096, 0.5294219, 0.2858845, 128.1675, 226.8595
-9.529818, 0.5294219, 0.4210962, 129.7468, 225.2632
-9.729695, 0.5294219, 0.4141163, 114.2214, 225.3443
-9.724974, 0.784422, 0.2789046, 112.3659, 206.9144
-9.724974, 0.5294219, 0.2789046, 112.3659, 226.9434
-9.729695, 0.5294219, 0.4141163, 114.2214, 225.3443
-9.729695, 0.784422, 0.4141163, 114.2214, 205.6636
-9.525096, 0.784422, 0.2858844, 128.1675, 206.8487
-9.525096, 0.5294219, 0.2858845, 128.1675, 226.8595
-9.724974, 0.5294219, 0.2789046, 112.3659, 226.9434
-9.724974, 0.784422, 0.2789046, 112.3659, 206.9144
box_5_LMRR(Clone) stack 130 Shelf_0 Rack_1_1_1
-9.144822, 0.162368, 0.2028563, 157.1089, 256.9882
-9.344547, 0.162368, 0.2133235, 141.4001, 256.8196
-9.329673, 0.162368, 0.4971444, 146.0977, 252.4192
-9.129948, 0.162368, 0.4866772, 161.2445, 252.5758
-9.329673, 0.162368, 0.4971444, 146.0977, 252.4192
-9.329673, 0.019868, 0.4971444, 146.0977, 263.301
-9.129948, 0.019868, 0.4866772, 161.2445, 263.4721
-9.129948, 0.162368, 0.4866772, 161.2445, 252.5758
-9.129948, 0.162368, 0.4866772, 161.2445, 252.5758
-9.129948, 0.019868, 0.4866772, 161.2445, 263.4721
-9.144822, 0.019868, 0.2028564, 157.1089, 268.2935
-9.144822, 0.162368, 0.2028563, 157.1089, 256.9882
-9.344547, 0.019868, 0.2133235, 141.4001, 268.1092
-9.144822, 0.019868, 0.2028564, 157.1089, 268.2935
-9.129948, 0.019868, 0.4866772, 161.2445, 263.4721
-9.329673, 0.019868, 0.4971444, 146.0977, 263.301
-9.344547, 0.162368, 0.2133235, 141.4001, 256.8196
-9.344547, 0.019868, 0.2133235, 141.4001, 268.1092
-9.329673, 0.019868, 0.4971444, 146.0977, 263.301
-9.329673, 0.162368, 0.4971444, 146.0977, 252.4192
-9.144822, 0.162368, 0.2028563, 157.1089, 256.9882
-9.144822, 0.019868, 0.2028564, 157.1089, 268.2935
-9.344547, 0.019868, 0.2133235, 141.4001, 268.1092
-9.344547, 0.162368, 0.2133235, 141.4001, 256.8196
box_5_LMRR(Clone) stack 130 Shelf_0 Rack_1_1_1
-9.139743, 0.304868, 0.2061716, 157.548, 245.6344
-9.339712, 0.304868, 0.209662, 141.7357, 245.5834
-9.334752, 0.304868, 0.4938292, 145.67, 241.5823
-9.134783, 0.304868, 0.4903387, 160.9117, 241.6297
-9.334752, 0.304868, 0.4938292, 145.67, 241.5823
-9.334752, 0.162368, 0.4938292, 145.67, 252.4687
-9.134783, 0.162368, 0.4903387, 160.9117, 252.521
-9.134783, 0.304868, 0.4903387, 160.9117, 241.6297
-9.134783, 0.304868, 0.4903387, 160.9117, 241.6297
-9.134783, 0.162368, 0.4903387, 160.9117, 252.521
-9.139743, 0.162368, 0.2061716, 157.548, 256.9348
-9.139743, 0.304868, 0.2061716, 157.548, 245.6344
-9.339712, 0.162368, 0.2096621, 141.7357, 256.8785
-9.139743, 0.162368, 0.2061716, 157.548, 256.9348
-9.134783, 0.162368, 0.4903387, 160.9117, 252.521
-9.334752, 0.162368, 0.4938292, 145.67, 252.4687
-9.339712, 0.304868, 0.209662, 141.7357, 245.5834
-9.339712, 0.162368, 0.2096621, 141.7357, 256.8785
-9.334752, 0.162368, 0.4938292, 145.67, 252.4687
-9.334752, 0.304868, 0.4938292, 145.67, 241.5823
-9.139743, 0.304868, 0.2061716, 157.548, 245.6344
-9.139743, 0.162368, 0.2061716, 157.548, 256.9348
-9.339712, 0.162368, 0.2096621, 141.7357, 256.8785
-9.339712, 0.304868, 0.209662, 141.7357, 245.5834
box_5_LMRR(Clone) stack 130 Shelf_0 Rack_1_1_1
-9.127579, 0.447368, 0.215217, 158.6099, 234.2155
-9.327091, 0.447368, 0.2012657, 142.6281, 234.3986
-9.346916, 0.447368, 0.4847837, 144.6309, 230.8062
-9.147404, 0.447368, 0.498735, 160.0326, 230.6362
-9.346916, 0.447368, 0.4847837, 144.6309, 230.8062
-9.346916, 0.304868, 0.4847838, 144.6309, 241.7052
-9.147404, 0.304868, 0.498735, 160.0326, 241.5158
-9.147404, 0.447368, 0.498735, 160.0326, 230.6362
-9.147404, 0.447368, 0.498735, 160.0326, 230.6362
-9.147404, 0.304868, 0.498735, 160.0326, 241.5158
-9.127579, 0.3048679, 0.215217, 158.6099, 245.5023
-9.127579, 0.447368, 0.215217, 158.6099, 234.2155
-9.327091, 0.3048679, 0.2012657, 142.6281, 245.7063
-9.127579, 0.3048679, 0.215217, 158.6099, 245.5023
-9.147404, 0.304868, 0.498735, 160.0326, 241.5158
-9.346916, 0.304868, 0.4847838, 144.6309, 241.7052
-9.327091, 0.447368, 0.2012657, 142.6281, 234.3986
-9.327091, 0.3048679, 0.2012657, 142.6281, 245.7063
-9.346916, 0.304868, 0.4847838, 144.6309, 241.7052
-9.346916, 0.447368, 0.4847837, 144.6309, 230.8062
-9.127579, 0.447368, 0.215217, 158.6099, 234.2155
-9.127579, 0.3048679, 0.215217, 158.6099, 245.5023
-9.327091, 0.3048679, 0.2012657, 142.6281, 245.7063
-9.327091, 0.447368, 0.2012657, 142.6281, 234.3986
box_5_LMRR(Clone) stack 130 Shelf_0 Rack_1_1_1
-9.142268, 0.5898679, 0.2044918, 157.3293, 223.0534
-9.342146, 0.5898679, 0.2114717, 141.5663, 222.9722
-9.332227, 0.589868, 0.495509, 145.8831, 219.7914
-9.132349, 0.589868, 0.488529, 161.0795, 219.8668
-9.332227, 0.589868, 0.495509, 145.8831, 219.7914
-9.332227, 0.447368, 0.495509, 145.8831, 230.6754
-9.132349, 0.447368, 0.4885291, 161.0795, 230.7605
-9.132349, 0.589868, 0.488529, 161.0795, 219.8668
-9.132349, 0.589868, 0.488529, 161.0795, 219.8668
-9.132349, 0.447368, 0.4885291, 161.0795, 230.7605
-9.142268, 0.4473679, 0.2044918, 157.3293, 234.3562
-9.142268, 0.5898679, 0.2044918, 157.3293, 223.0534
-9.342146, 0.4473679, 0.2114717, 141.5663, 234.2646
-9.142268, 0.4473679, 0.2044918, 157.3293, 234.3562
-9.132349, 0.447368, 0.4885291, 161.0795, 230.7605
-9.332227, 0.447368, 0.495509, 145.8831, 230.6754
-9.342146, 0.5898679, 0.2114717, 141.5663, 222.9722
-9.342146, 0.4473679, 0.2114717, 141.5663, 234.2646
-9.332227, 0.447368, 0.495509, 145.8831, 230.6754
-9.332227, 0.589868, 0.495509, 145.8831, 219.7914
-9.142268, 0.5898679, 0.2044918, 157.3293, 223.0534
-9.142268, 0.4473679, 0.2044918, 157.3293, 234.3562
-9.342146, 0.4473679, 0.2114717, 141.5663, 234.2646
-9.342146, 0.5898679, 0.2114717, 141.5663, 222.9722
box_5_LMRR(Clone) stack 130 Shelf_0 Rack_1_1_1
-9.142268, 0.7323679, 0.2044918, 157.3293, 211.7506
-9.342146, 0.7323679, 0.2114717, 141.5663, 211.6798
-9.332227, 0.732368, 0.495509, 145.8831, 208.9073
-9.132349, 0.732368, 0.488529, 161.0795, 208.973
-9.332227, 0.732368, 0.495509, 145.8831, 208.9073
-9.332227, 0.5898679, 0.495509, 145.8831, 219.7914
-9.132349, 0.5898679, 0.4885291, 161.0795, 219.8668
-9.132349, 0.732368, 0.488529, 161.0795, 208.973
-9.132349, 0.732368, 0.488529, 161.0795, 208.973
-9.132349, 0.5898679, 0.4885291, 161.0795, 219.8668
-9.142268, 0.5898679, 0.2044918, 157.3293, 223.0534
-9.142268, 0.7323679, 0.2044918, 157.3293, 211.7506
-9.342146, 0.5898679, 0.2114717, 141.5663, 222.9722
-9.142268, 0.5898679, 0.2044918, 157.3293, 223.0534
-9.132349, 0.5898679, 0.4885291, 161.0795, 219.8668
-9.332227, 0.5898679, 0.495509, 145.8831, 219.7914
-9.342146, 0.7323679, 0.2114717, 141.5663, 211.6798
-9.342146, 0.5898679, 0.2114717, 141.5663, 222.9722
-9.332227, 0.5898679, 0.495509, 145.8831, 219.7914
-9.332227, 0.732368, 0.495509, 145.8831, 208.9073
-9.142268, 0.7323679, 0.2044918, 157.3293, 211.7506
-9.142268, 0.5898679, 0.2044918, 157.3293, 223.0534
-9.342146, 0.5898679, 0.2114717, 141.5663, 222.9722
-9.342146, 0.7323679, 0.2114717, 141.5663, 211.6798
box_5_LMRR(Clone) stack 131 Shelf_0 Rack_1_1_1
-8.74907, 0.162368, 0.2044918, 188.517, 256.9618
-8.948948, 0.162368, 0.2114717, 172.7252, 256.8494
-8.939029, 0.1623681, 0.495509, 175.9153, 252.4436
-8.739151, 0.1623681, 0.488529, 191.1385, 252.548
-8.939029, 0.1623681, 0.495509, 175.9153, 252.4436
-8.939029, 0.01986802, 0.495509, 175.9153, 263.3277
-8.739151, 0.01986802, 0.4885291, 191.1385, 263.4418
-8.739151, 0.1623681, 0.488529, 191.1385, 252.548
-8.739151, 0.1623681, 0.488529, 191.1385, 252.548
-8.739151, 0.01986802, 0.4885291, 191.1385, 263.4418
-8.74907, 0.01986799, 0.2044918, 188.517, 268.2646
-8.74907, 0.162368, 0.2044918, 188.517, 256.9618
-8.948948, 0.01986799, 0.2114717, 172.7252, 268.1418
-8.74907, 0.01986799, 0.2044918, 188.517, 268.2646
-8.739151, 0.01986802, 0.4885291, 191.1385, 263.4418
-8.939029, 0.01986802, 0.495509, 175.9153, 263.3277
-8.948948, 0.162368, 0.2114717, 172.7252, 256.8494
-8.948948, 0.01986799, 0.2114717, 172.7252, 268.1418
-8.939029, 0.01986802, 0.495509, 175.9153, 263.3277
-8.939029, 0.1623681, 0.495509, 175.9153, 252.4436
-8.74907, 0.162368, 0.2044918, 188.517, 256.9618
-8.74907, 0.01986799, 0.2044918, 188.517, 268.2646
-8.948948, 0.01986799, 0.2114717, 172.7252, 268.1418
-8.948948, 0.162368, 0.2114717, 172.7252, 256.8494
box_5_LMRR(Clone) stack 131 Shelf_0 Rack_1_1_1
-8.74907, 0.304868, 0.2044918, 188.517, 245.659
-8.948948, 0.304868, 0.2114717, 172.7252, 245.557
-8.939029, 0.304868, 0.495509, 175.9153, 241.5595
-8.739151, 0.304868, 0.488529, 191.1385, 241.6543
-8.939029, 0.304868, 0.495509, 175.9153, 241.5595
-8.939029, 0.162368, 0.495509, 175.9153, 252.4436
-8.739151, 0.162368, 0.4885291, 191.1385, 252.548
-8.739151, 0.304868, 0.488529, 191.1385, 241.6543
-8.739151, 0.304868, 0.488529, 191.1385, 241.6543
-8.739151, 0.162368, 0.4885291, 191.1385, 252.548
-8.74907, 0.162368, 0.2044918, 188.517, 256.9619
-8.74907, 0.304868, 0.2044918, 188.517, 245.659
-8.948948, 0.162368, 0.2114717, 172.7252, 256.8494
-8.74907, 0.162368, 0.2044918, 188.517, 256.9619
-8.739151, 0.162368, 0.4885291, 191.1385, 252.548
-8.939029, 0.162368, 0.495509, 175.9153, 252.4436
-8.948948, 0.304868, 0.2114717, 172.7252, 245.557
-8.948948, 0.162368, 0.2114717, 172.7252, 256.8494
-8.939029, 0.162368, 0.495509, 175.9153, 252.4436
-8.939029, 0.304868, 0.495509, 175.9153, 241.5595
-8.74907, 0.304868, 0.2044918, 188.517, 245.659
-8.74907, 0.162368, 0.2044918, 188.517, 256.9619
-8.948948, 0.162368, 0.2114717, 172.7252, 256.8494
-8.948948, 0.304868, 0.2114717, 172.7252, 245.557
box_1_Parle-G-GOLD(Clone) stack 132 Shelf_1 Rack_1_1_1
-8.733068, 1.376249, 0.2373341, 190.0033, 160.5682
-8.932307, 1.376249, 0.2547652, 174.4189, 160.5097
-8.914118, 1.376249, 0.4626667, 177.557, 159.8317
-8.714879, 1.376249, 0.4452356, 192.7333, 159.8872
-8.914118, 1.376249, 0.4626667, 177.557, 159.8317
-8.914118, 1.203749, 0.4626667, 177.557, 173.0625
-8.714879, 1.203749, 0.4452356, 192.7333, 173.1475
-8.714879, 1.376249, 0.4452356, 192.7333, 159.8872
-8.714879, 1.376249, 0.4452356, 192.7333, 159.8872
-8.714879, 1.203749, 0.4452356, 192.7333, 173.1475
-8.733068, 1.203749, 0.237334, 190.0033, 174.1914
-8.733068, 1.376249, 0.2373341, 190.0033, 160.5682
-8.932307, 1.203749, 0.2547652, 174.4189, 174.1017
-8.733068, 1.203749, 0.237334, 190.0033, 174.1914
-8.714879, 1.203749, 0.4452356, 192.7333, 173.1475
-8.914118, 1.203749, 0.4626667, 177.557, 173.0625
-8.932307, 1.376249, 0.2547652, 174.4189, 160.5097
-8.932307, 1.203749, 0.2547652, 174.4189, 174.1017
-8.914118, 1.203749, 0.4626667, 177.557, 173.0625
-8.914118, 1.376249, 0.4626667, 177.557, 159.8317
-8.733068, 1.376249, 0.2373341, 190.0033, 160.5682
-8.733068, 1.203749, 0.237334, 190.0033, 174.1914
-8.932307, 1.203749, 0.2547652, 174.4189, 174.1017
-8.932307, 1.376249, 0.2547652, 174.4189, 160.5097
box_1_Parle-G-GOLD(Clone) stack 132 Shelf_1 Rack_1_1_1
-8.713234, 1.548749, 0.256677, 191.6927, 146.9147
-8.912138, 1.548749, 0.2357713, 175.8481, 146.9475
-8.933952, 1.548749, 0.4433237, 175.8771, 146.6297
-8.735048, 1.548749, 0.4642295, 191.3014, 146.5986
-8.933952, 1.548749, 0.4433237, 175.8771, 146.6297
-8.933952, 1.376249, 0.4433237, 175.8771, 159.8933
-8.735048, 1.376249, 0.4642295, 191.3014, 159.8268
-8.735048, 1.548749, 0.4642295, 191.3014, 146.5986
-8.735048, 1.548749, 0.4642295, 191.3014, 146.5986
-8.735048, 1.376249, 0.4642295, 191.3014, 159.8268
-8.713234, 1.376249, 0.256677, 191.6927, 160.5033
-8.713234, 1.548749, 0.256677, 191.6927, 146.9147
-8.912138, 1.376249, 0.2357713, 175.8481, 160.5735
-8.713234, 1.376249, 0.256677, 191.6927, 160.5033
-8.735048, 1.376249, 0.4642295, 191.3014, 159.8268
-8.933952, 1.376249, 0.4433237, 175.8771, 159.8933
-8.912138, 1.548749, 0.2357713, 175.8481, 146.9475
-8.912138, 1.376249, 0.2357713, 175.8481, 160.5735
-8.933952, 1.376249, 0.4433237, 175.8771, 159.8933
-8.933952, 1.548749, 0.4433237, 175.8771, 146.6297
-8.713234, 1.548749, 0.256677, 191.6927, 146.9147
-8.713234, 1.376249, 0.256677, 191.6927, 160.5033
-8.912138, 1.376249, 0.2357713, 175.8481, 160.5735
-8.912138, 1.548749, 0.2357713, 175.8481, 146.9475
box_1_Parle-G-GOLD(Clone) stack 132 Shelf_1 Rack_1_1_1
-8.733068, 1.721249, 0.2373341, 190.0033, 133.3218
-8.932307, 1.721249, 0.2547652, 174.4189, 133.3257
-8.914118, 1.721249, 0.4626667, 177.557, 133.3702
-8.714879, 1.721249, 0.4452356, 192.7333, 133.3665
-8.914118, 1.721249, 0.4626667, 177.557, 133.3702
-8.914118, 1.548749, 0.4626667, 177.557, 146.601
-8.714879, 1.548749, 0.4452356, 192.7333, 146.6269
-8.714879, 1.721249, 0.4452356, 192.7333, 133.3665
-8.714879, 1.721249, 0.4452356, 192.7333, 133.3665
-8.714879, 1.548749, 0.4452356, 192.7333, 146.6269
-8.733068, 1.548749, 0.237334, 190.0033, 146.945
-8.733068, 1.721249, 0.2373341, 190.0033, 133.3218
-8.932307, 1.548749, 0.2547652, 174.4189, 146.9177
-8.733068, 1.548749, 0.237334, 190.0033, 146.945
-8.714879, 1.548749, 0.4452356, 192.7333, 146.6269
-8.914118, 1.548749, 0.4626667, 177.557, 146.601
-8.932307, 1.721249, 0.2547652, 174.4189, 133.3257
-8.932307, 1.548749, 0.2547652, 174.4189, 146.9177
-8.914118, 1.548749, 0.4626667, 177.557, 146.601
-8.914118, 1.721249, 0.4626667, 177.557, 133.3702
-8.733068, 1.721249, 0.2373341, 190.0033, 133.3218
-8.733068, 1.548749, 0.237334, 190.0033, 146.945
-8.932307, 1.548749, 0.2547652, 174.4189, 146.9177
-8.932307, 1.721249, 0.2547652, 174.4189, 133.3257
box_1_Parle-G-GOLD(Clone) stack 132 Shelf_1 Rack_1_1_1
-8.716558, 1.893749, 0.2528824, 191.4067, 119.7299
-8.916071, 1.893749, 0.2389311, 175.5643, 119.7018
-8.930629, 1.893749, 0.4471184, 176.1637, 120.1098
-8.731115, 1.893749, 0.4610697, 191.5834, 120.1364
-8.930629, 1.893749, 0.4471184, 176.1637, 120.1098
-8.930629, 1.721249, 0.4471184, 176.1637, 133.3669
-8.731115, 1.721249, 0.4610697, 191.5834, 133.3698
-8.731115, 1.893749, 0.4610697, 191.5834, 120.1364
-8.731115, 1.893749, 0.4610697, 191.5834, 120.1364
-8.731115, 1.721249, 0.4610697, 191.5834, 133.3698
-8.716558, 1.721249, 0.2528824, 191.4067, 133.3253
-8.716558, 1.893749, 0.2528824, 191.4067, 119.7299
-8.916071, 1.721249, 0.2389311, 175.5643, 133.3222
-8.716558, 1.721249, 0.2528824, 191.4067, 133.3253
-8.731115, 1.721249, 0.4610697, 191.5834, 133.3698
-8.930629, 1.721249, 0.4471184, 176.1637, 133.3669
-8.916071, 1.893749, 0.2389311, 175.5643, 119.7018
-8.916071, 1.721249, 0.2389311, 175.5643, 133.3222
-8.930629, 1.721249, 0.4471184, 176.1637, 133.3669
-8.930629, 1.893749, 0.4471184, 176.1637, 120.1098
-8.716558, 1.893749, 0.2528824, 191.4067, 119.7299
-8.716558, 1.721249, 0.2528824, 191.4067, 133.3253
-8.916071, 1.721249, 0.2389311, 175.5643, 133.3222
-8.916071, 1.893749, 0.2389311, 175.5643, 119.7018
box_1_Parle-G-GOLD(Clone) stack 132 Shelf_1 Rack_1_1_1
-8.720013, 2.066249, 0.249206, 191.1108, 106.1206
-8.91989, 2.066249, 0.2422261, 175.2907, 106.0941
-8.927174, 2.06625, 0.4507947, 176.4591, 106.8659
-8.727296, 2.06625, 0.4577746, 191.8561, 106.891
-8.927174, 2.06625, 0.4507947, 176.4591, 106.8659
-8.927174, 1.893749, 0.4507947, 176.4591, 120.1168
-8.727296, 1.893749, 0.4577746, 191.8561, 120.1301
-8.727296, 2.06625, 0.4577746, 191.8561, 106.891
-8.727296, 2.06625, 0.4577746, 191.8561, 106.891
-8.727296, 1.893749, 0.4577746, 191.8561, 120.1301
-8.720013, 1.893749, 0.249206, 191.1108, 119.7225
-8.720013, 2.066249, 0.249206, 191.1108, 106.1206
-8.91989, 1.893749, 0.2422261, 175.2907, 119.7085
-8.720013, 1.893749, 0.249206, 191.1108, 119.7225
-8.727296, 1.893749, 0.4577746, 191.8561, 120.1301
-8.927174, 1.893749, 0.4507947, 176.4591, 120.1168
-8.91989, 2.066249, 0.2422261, 175.2907, 106.0941
-8.91989, 1.893749, 0.2422261, 175.2907, 119.7085
-8.927174, 1.893749, 0.4507947, 176.4591, 120.1168
-8.927174, 2.06625, 0.4507947, 176.4591, 106.8659
-8.720013, 2.066249, 0.249206, 191.1108, 106.1206
-8.720013, 1.893749, 0.249206, 191.1108, 119.7225
-8.91989, 1.893749, 0.2422261, 175.2907, 119.7085
-8.91989, 2.066249, 0.2422261, 175.2907, 106.0941
box4_Fairever(Clone) stack 133 Shelf_1 Rack_1_1_1
-9.083028, 1.369311, 0.2429189, 162.4223, 161.097
-9.281933, 1.369311, 0.2220132, 146.4681, 161.1689
-9.30664, 1.369311, 0.4570819, 147.3843, 160.382
-9.107735, 1.369311, 0.4779876, 162.8576, 160.3143
-9.30664, 1.369311, 0.4570819, 147.3843, 160.382
-9.30664, 1.204311, 0.4570819, 147.3843, 173.0466
-9.107735, 1.204311, 0.4779876, 162.8576, 172.9451
-9.107735, 1.369311, 0.4779876, 162.8576, 160.3143
-9.107735, 1.369311, 0.4779876, 162.8576, 160.3143
-9.107735, 1.204311, 0.4779876, 162.8576, 172.9451
-9.083028, 1.204311, 0.2429189, 162.4223, 174.1183
-9.083028, 1.369311, 0.2429189, 162.4223, 161.097
-9.281933, 1.204311, 0.2220132, 146.4681, 174.2262
-9.083028, 1.204311, 0.2429189, 162.4223, 174.1183
-9.107735, 1.204311, 0.4779876, 162.8576, 172.9451
-9.30664, 1.204311, 0.4570819, 147.3843, 173.0466
-9.281933, 1.369311, 0.2220132, 146.4681, 161.1689
-9.281933, 1.204311, 0.2220132, 146.4681, 174.2262
-9.30664, 1.204311, 0.4570819, 147.3843, 173.0466
-9.30664, 1.369311, 0.4570819, 147.3843, 160.382
-9.083028, 1.369311, 0.2429189, 162.4223, 161.097
-9.083028, 1.204311, 0.2429189, 162.4223, 174.1183
-9.281933, 1.204311, 0.2220132, 146.4681, 174.2262
-9.281933, 1.369311, 0.2220132, 146.4681, 161.1689
box4_Fairever(Clone) stack 133 Shelf_1 Rack_1_1_1
-9.105515, 1.534311, 0.2235528, 160.4451, 148.1091
-9.304753, 1.534311, 0.2409839, 144.9002, 148.079
-9.284153, 1.534311, 0.476448, 149.3349, 147.686
-9.084914, 1.534311, 0.4590169, 164.4216, 147.7143
-9.284153, 1.534311, 0.476448, 149.3349, 147.686
-9.284153, 1.369311, 0.476448, 149.3349, 160.3193
-9.084914, 1.369311, 0.4590169, 164.4216, 160.3757
-9.084914, 1.534311, 0.4590169, 164.4216, 147.7143
-9.084914, 1.534311, 0.4590169, 164.4216, 147.7143
-9.084914, 1.369311, 0.4590169, 164.4216, 160.3757
-9.105515, 1.369311, 0.2235527, 160.4451, 161.1636
-9.105515, 1.534311, 0.2235528, 160.4451, 148.1091
-9.304753, 1.369311, 0.2409839, 144.9002, 161.1036
-9.105515, 1.369311, 0.2235527, 160.4451, 161.1636
-9.084914, 1.369311, 0.4590169, 164.4216, 160.3757
-9.284153, 1.369311, 0.476448, 149.3349, 160.3193
-9.304753, 1.534311, 0.2409839, 144.9002, 148.079
-9.304753, 1.369311, 0.2409839, 144.9002, 161.1036
-9.284153, 1.369311, 0.476448, 149.3349, 160.3193
-9.284153, 1.534311, 0.476448, 149.3349, 147.686
-9.105515, 1.534311, 0.2235528, 160.4451, 148.1091
-9.105515, 1.369311, 0.2235527, 160.4451, 161.1636
-9.304753, 1.369311, 0.2409839, 144.9002, 161.1036
-9.304753, 1.534311, 0.2409839, 144.9002, 148.079
box4_Fairever(Clone) stack 133 Shelf_1 Rack_1_1_1
-9.083028, 1.699311, 0.2429189, 162.4223, 135.0544
-9.281933, 1.699311, 0.2220132, 146.4681, 135.0545
-9.30664, 1.699311, 0.4570819, 147.3843, 135.0529
-9.107735, 1.699311, 0.4779876, 162.8576, 135.0527
-9.30664, 1.699311, 0.4570819, 147.3843, 135.0529
-9.30664, 1.534311, 0.4570819, 147.3843, 147.7174
-9.107735, 1.534311, 0.4779876, 162.8576, 147.6835
-9.107735, 1.699311, 0.4779876, 162.8576, 135.0527
-9.107735, 1.699311, 0.4779876, 162.8576, 135.0527
-9.107735, 1.534311, 0.4779876, 162.8576, 147.6835
-9.083028, 1.534311, 0.2429189, 162.4223, 148.0757
-9.083028, 1.699311, 0.2429189, 162.4223, 135.0544
-9.281933, 1.534311, 0.2220132, 146.4681, 148.1117
-9.083028, 1.534311, 0.2429189, 162.4223, 148.0757
-9.107735, 1.534311, 0.4779876, 162.8576, 147.6835
-9.30664, 1.534311, 0.4570819, 147.3843, 147.7174
-9.281933, 1.699311, 0.2220132, 146.4681, 135.0545
-9.281933, 1.534311, 0.2220132, 146.4681, 148.1117
-9.30664, 1.534311, 0.4570819, 147.3843, 147.7174
-9.30664, 1.699311, 0.4570819, 147.3843, 135.0529
-9.083028, 1.699311, 0.2429189, 162.4223, 135.0544
-9.083028, 1.534311, 0.2429189, 162.4223, 148.0757
-9.281933, 1.534311, 0.2220132, 146.4681, 148.1117
-9.281933, 1.699311, 0.2220132, 146.4681, 135.0545
box4_Fairever(Clone) stack 133 Shelf_1 Rack_1_1_1
-9.083028, 1.864311, 0.2429189, 162.4223, 122.0331
-9.281933, 1.864311, 0.2220132, 146.4681, 121.9973
-9.30664, 1.864311, 0.4570819, 147.3843, 122.3883
-9.107735, 1.864311, 0.4779876, 162.8576, 122.422
-9.30664, 1.864311, 0.4570819, 147.3843, 122.3883
-9.30664, 1.699311, 0.4570819, 147.3843, 135.0529
-9.107735, 1.699311, 0.4779876, 162.8576, 135.0527
-9.107735, 1.864311, 0.4779876, 162.8576, 122.422
-9.107735, 1.864311, 0.4779876, 162.8576, 122.422
-9.107735, 1.699311, 0.4779876, 162.8576, 135.0527
-9.083028, 1.699311, 0.2429189, 162.4223, 135.0544
-9.083028, 1.864311, 0.2429189, 162.4223, 122.0331
-9.281933, 1.699311, 0.2220132, 146.4681, 135.0545
-9.083028, 1.699311, 0.2429189, 162.4223, 135.0544
-9.107735, 1.699311, 0.4779876, 162.8576, 135.0527
-9.30664, 1.699311, 0.4570819, 147.3843, 135.0529
-9.281933, 1.864311, 0.2220132, 146.4681, 121.9973
-9.281933, 1.699311, 0.2220132, 146.4681, 135.0545
-9.30664, 1.699311, 0.4570819, 147.3843, 135.0529
-9.30664, 1.864311, 0.4570819, 147.3843, 122.3883
-9.083028, 1.864311, 0.2429189, 162.4223, 122.0331
-9.083028, 1.699311, 0.2429189, 162.4223, 135.0544
-9.281933, 1.699311, 0.2220132, 146.4681, 135.0545
-9.281933, 1.864311, 0.2220132, 146.4681, 121.9973
box4_Fairever(Clone) stack 133 Shelf_1 Rack_1_1_1
-9.083028, 2.029311, 0.2429189, 162.4223, 109.0117
-9.281933, 2.029311, 0.2220132, 146.4681, 108.9401
-9.30664, 2.029311, 0.4570819, 147.3843, 109.7237
-9.107735, 2.029311, 0.4779876, 162.8576, 109.7912
-9.30664, 2.029311, 0.4570819, 147.3843, 109.7237
-9.30664, 1.864311, 0.4570819, 147.3843, 122.3883
-9.107735, 1.864311, 0.4779876, 162.8576, 122.4219
-9.107735, 2.029311, 0.4779876, 162.8576, 109.7912
-9.107735, 2.029311, 0.4779876, 162.8576, 109.7912
-9.107735, 1.864311, 0.4779876, 162.8576, 122.4219
-9.083028, 1.864311, 0.2429189, 162.4223, 122.033
-9.083028, 2.029311, 0.2429189, 162.4223, 109.0117
-9.281933, 1.864311, 0.2220132, 146.4681, 121.9973
-9.083028, 1.864311, 0.2429189, 162.4223, 122.033
-9.107735, 1.864311, 0.4779876, 162.8576, 122.4219
-9.30664, 1.864311, 0.4570819, 147.3843, 122.3883
-9.281933, 2.029311, 0.2220132, 146.4681, 108.9401
-9.281933, 1.864311, 0.2220132, 146.4681, 121.9973
-9.30664, 1.864311, 0.4570819, 147.3843, 122.3883
-9.30664, 2.029311, 0.4570819, 147.3843, 109.7237
-9.083028, 2.029311, 0.2429189, 162.4223, 109.0117
-9.083028, 1.864311, 0.2429189, 162.4223, 122.033
-9.281933, 1.864311, 0.2220132, 146.4681, 121.9973
-9.281933, 2.029311, 0.2220132, 146.4681, 108.9401
box_1_Parle-G-GOLD(Clone) stack 134 Shelf_1 Rack_1_1_1
-9.487058, 1.376249, 0.2474137, 130.6021, 160.5344
-9.687027, 1.376249, 0.2439232, 114.773, 160.5461
-9.690669, 1.376249, 0.4525871, 117.8379, 159.8638
-9.4907, 1.376249, 0.4560776, 133.2431, 159.8527
-9.690669, 1.376249, 0.4525871, 117.8379, 159.8638
-9.690669, 1.203749, 0.4525871, 117.8379, 173.1116
-9.4907, 1.203749, 0.4560776, 133.2431, 173.0946
-9.4907, 1.376249, 0.4560776, 133.2431, 159.8527
-9.4907, 1.376249, 0.4560776, 133.2431, 159.8527
-9.4907, 1.203749, 0.4560776, 133.2431, 173.0946
-9.487058, 1.203749, 0.2474137, 130.6021, 174.1395
-9.487058, 1.376249, 0.2474137, 130.6021, 160.5344
-9.687027, 1.203749, 0.2439232, 114.773, 174.1575
-9.487058, 1.203749, 0.2474137, 130.6021, 174.1395
-9.4907, 1.203749, 0.4560776, 133.2431, 173.0946
-9.690669, 1.203749, 0.4525871, 117.8379, 173.1116
-9.687027, 1.376249, 0.2439232, 114.773, 160.5461
-9.687027, 1.203749, 0.2439232, 114.773, 174.1575
-9.690669, 1.203749, 0.4525871, 117.8379, 173.1116
-9.690669, 1.376249, 0.4525871, 117.8379, 159.8638
-9.487058, 1.376249, 0.2474137, 130.6021, 160.5344
-9.487058, 1.203749, 0.2474137, 130.6021, 174.1395
-9.687027, 1.203749, 0.2439232, 114.773, 174.1575
-9.687027, 1.376249, 0.2439232, 114.773, 160.5461
box_1_Parle-G-GOLD(Clone) stack 134 Shelf_1 Rack_1_1_1
-9.4907, 1.548749, 0.2439232, 130.2645, 146.9347
-9.690669, 1.548749, 0.2474137, 114.5432, 146.9292
-9.687027, 1.548749, 0.4560776, 118.1721, 146.6107
-9.487058, 1.548749, 0.4525871, 133.4751, 146.6159
-9.687027, 1.548749, 0.4560776, 118.1721, 146.6107
-9.687027, 1.376249, 0.4560776, 118.1721, 159.8527
-9.487058, 1.376249, 0.4525871, 133.4751, 159.8638
-9.487058, 1.548749, 0.4525871, 133.4751, 146.6159
-9.487058, 1.548749, 0.4525871, 133.4751, 146.6159
-9.487058, 1.376249, 0.4525871, 133.4751, 159.8638
-9.4907, 1.376249, 0.2439232, 130.2645, 160.5461
-9.4907, 1.548749, 0.2439232, 130.2645, 146.9347
-9.690669, 1.376249, 0.2474137, 114.5432, 160.5344
-9.4907, 1.376249, 0.2439232, 130.2645, 160.5461
-9.487058, 1.376249, 0.4525871, 133.4751, 159.8638
-9.687027, 1.376249, 0.4560776, 118.1721, 159.8527
-9.690669, 1.548749, 0.2474137, 114.5432, 146.9292
-9.690669, 1.376249, 0.2474137, 114.5432, 160.5344
-9.687027, 1.376249, 0.4560776, 118.1721, 159.8527
-9.687027, 1.548749, 0.4560776, 118.1721, 146.6107
-9.4907, 1.548749, 0.2439232, 130.2645, 146.9347
-9.4907, 1.376249, 0.2439232, 130.2645, 160.5461
-9.690669, 1.376249, 0.2474137, 114.5432, 160.5344
-9.690669, 1.548749, 0.2474137, 114.5432, 146.9292
box_1_Parle-G-GOLD(Clone) stack 134 Shelf_1 Rack_1_1_1
-9.4907, 1.721249, 0.2439232, 130.2645, 133.3233
-9.690669, 1.721249, 0.2474137, 114.5432, 133.3241
-9.687027, 1.721249, 0.4560776, 118.1721, 133.3688
-9.487058, 1.721249, 0.4525871, 133.4751, 133.3681
-9.687027, 1.721249, 0.4560776, 118.1721, 133.3688
-9.687027, 1.548749, 0.4560776, 118.1721, 146.6107
-9.487058, 1.548749, 0.4525871, 133.4751, 146.6159
-9.487058, 1.721249, 0.4525871, 133.4751, 133.3681
-9.487058, 1.721249, 0.4525871, 133.4751, 133.3681
-9.487058, 1.548749, 0.4525871, 133.4751, 146.6159
-9.4907, 1.548749, 0.2439232, 130.2645, 146.9347
-9.4907, 1.721249, 0.2439232, 130.2645, 133.3233
-9.690669, 1.548749, 0.2474137, 114.5432, 146.9292
-9.4907, 1.548749, 0.2439232, 130.2645, 146.9347
-9.487058, 1.548749, 0.4525871, 133.4751, 146.6159
-9.687027, 1.548749, 0.4560776, 118.1721, 146.6107
-9.690669, 1.721249, 0.2474137, 114.5432, 133.3241
-9.690669, 1.548749, 0.2474137, 114.5432, 146.9292
-9.687027, 1.548749, 0.4560776, 118.1721, 146.6107
-9.687027, 1.721249, 0.4560776, 118.1721, 133.3688
-9.4907, 1.721249, 0.2439232, 130.2645, 133.3233
-9.4907, 1.548749, 0.2439232, 130.2645, 146.9347
-9.690669, 1.548749, 0.2474137, 114.5432, 146.9292
-9.690669, 1.721249, 0.2474137, 114.5432, 133.3241
box_2_Parle-G(Clone) stack 135 Shelf_1 Rack_1_1_1
-9.864228, 1.459016, 0.2841088, 101.5225, 153.9153
-10.0642, 1.459016, 0.2806183, 85.75601, 153.924
-10.06656, 1.459016, 0.4158919, 88.25713, 153.5947
-9.86659, 1.459016, 0.4193824, 103.7483, 153.5864
-10.06656, 1.459016, 0.4158919, 88.25713, 153.5947
-10.06656, 1.204015, 0.4158919, 88.25713, 173.271
-9.86659, 1.204015, 0.4193824, 103.7483, 173.2538
-9.86659, 1.459016, 0.4193824, 103.7483, 153.5864
-9.86659, 1.459016, 0.4193824, 103.7483, 153.5864
-9.86659, 1.204015, 0.4193824, 103.7483, 173.2538
-9.864228, 1.204015, 0.2841088, 101.5225, 173.9307
-9.864228, 1.459016, 0.2841088, 101.5225, 153.9153
-10.0642, 1.204015, 0.2806184, 85.75601, 173.9485
-9.864228, 1.204015, 0.2841088, 101.5225, 173.9307
-9.86659, 1.204015, 0.4193824, 103.7483, 173.2538
-10.06656, 1.204015, 0.4158919, 88.25713, 173.271
-10.0642, 1.459016, 0.2806183, 85.75601, 153.924
-10.0642, 1.204015, 0.2806184, 85.75601, 173.9485
-10.06656, 1.204015, 0.4158919, 88.25713, 173.271
-10.06656, 1.459016, 0.4158919, 88.25713, 153.5947
-9.864228, 1.459016, 0.2841088, 101.5225, 153.9153
-9.864228, 1.204015, 0.2841088, 101.5225, 173.9307
-10.0642, 1.204015, 0.2806184, 85.75601, 173.9485
-10.0642, 1.459016, 0.2806183, 85.75601, 153.924
box_2_Parle-G(Clone) stack 135 Shelf_1 Rack_1_1_1
-9.865394, 1.714015, 0.2823533, 101.3991, 133.8997
-10.06539, 1.714015, 0.2823533, 85.69711, 133.8997
-10.06539, 1.714015, 0.4176474, 88.38125, 133.9188
-9.865394, 1.714015, 0.4176474, 103.8101, 133.9188
-10.06539, 1.714015, 0.4176474, 88.38125, 133.9188
-10.06539, 1.459015, 0.4176475, 88.38125, 153.5905
-9.865394, 1.459015, 0.4176475, 103.8101, 153.5905
-9.865394, 1.714015, 0.4176474, 103.8101, 133.9188
-9.865394, 1.714015, 0.4176474, 103.8101, 133.9188
-9.865394, 1.459015, 0.4176475, 103.8101, 153.5905
-9.865394, 1.459015, 0.2823533, 101.3991, 153.9197
-9.865394, 1.714015, 0.2823533, 101.3991, 133.8997
-10.06539, 1.459015, 0.2823533, 85.69711, 153.9197
-9.865394, 1.459015, 0.2823533, 101.3991, 153.9197
-9.865394, 1.459015, 0.4176475, 103.8101, 153.5905
-10.06539, 1.459015, 0.4176475, 88.38125, 153.5905
-10.06539, 1.714015, 0.2823533, 85.69711, 133.8997
-10.06539, 1.459015, 0.2823533, 85.69711, 153.9197
-10.06539, 1.459015, 0.4176475, 88.38125, 153.5905
-10.06539, 1.714015, 0.4176474, 88.38125, 133.9188
-9.865394, 1.714015, 0.2823533, 101.3991, 133.8997
-9.865394, 1.459015, 0.2823533, 101.3991, 153.9197
-10.06539, 1.459015, 0.2823533, 85.69711, 153.9197
-10.06539, 1.714015, 0.2823533, 85.69711, 133.8997
box_2_Parle-G(Clone) stack 135 Shelf_1 Rack_1_1_1
-9.867816, 1.969016, 0.2789046, 101.1463, 113.8701
-10.06769, 1.969016, 0.2858844, 85.58793, 113.8894
-10.06297, 1.969016, 0.4210961, 88.63524, 114.2562
-9.863094, 1.969016, 0.4141163, 103.9258, 114.2376
-10.06297, 1.969016, 0.4210961, 88.63524, 114.2562
-10.06297, 1.714015, 0.4210962, 88.63524, 133.9193
-9.863094, 1.714015, 0.4141163, 103.9258, 133.9183
-9.863094, 1.969016, 0.4141163, 103.9258, 114.2376
-9.863094, 1.969016, 0.4141163, 103.9258, 114.2376
-9.863094, 1.714015, 0.4141163, 103.9258, 133.9183
-9.867816, 1.714015, 0.2789046, 101.1463, 133.8992
-9.867816, 1.969016, 0.2789046, 101.1463, 113.8701
-10.06769, 1.714015, 0.2858845, 85.58793, 133.9002
-9.867816, 1.714015, 0.2789046, 101.1463, 133.8992
-9.863094, 1.714015, 0.4141163, 103.9258, 133.9183
-10.06297, 1.714015, 0.4210962, 88.63524, 133.9193
-10.06769, 1.969016, 0.2858844, 85.58793, 113.8894
-10.06769, 1.714015, 0.2858845, 85.58793, 133.9002
-10.06297, 1.714015, 0.4210962, 88.63524, 133.9193
-10.06297, 1.969016, 0.4210961, 88.63524, 114.2562
-9.867816, 1.969016, 0.2789046, 101.1463, 113.8701
-9.867816, 1.714015, 0.2789046, 101.1463, 133.8992
-10.06769, 1.714015, 0.2858845, 85.58793, 133.9002
-10.06769, 1.969016, 0.2858844, 85.58793, 113.8894
box_3_Hareli(Clone) stack 136 Shelf_1 Rack_1_1_1
-10.2529, 1.353857, 0.2491345, 70.23826, 162.2943
-10.45214, 1.353857, 0.2317034, 54.10191, 162.3569
-10.47131, 1.353857, 0.4508663, 57.84509, 161.5893
-10.27207, 1.353857, 0.4682974, 73.52139, 161.5301
-10.47131, 1.353857, 0.4508663, 57.84509, 161.5893
-10.47131, 1.203857, 0.4508663, 57.84509, 173.1117
-10.27207, 1.203857, 0.4682974, 73.52139, 173.0269
-10.27207, 1.353857, 0.4682974, 73.52139, 161.5301
-10.27207, 1.353857, 0.4682974, 73.52139, 161.5301
-10.27207, 1.203857, 0.4682974, 73.52139, 173.0269
-10.2529, 1.203857, 0.2491345, 70.23826, 174.1221
-10.2529, 1.353857, 0.2491345, 70.23826, 162.2943
-10.45214, 1.203857, 0.2317034, 54.10191, 174.212
-10.2529, 1.203857, 0.2491345, 70.23826, 174.1221
-10.27207, 1.203857, 0.4682974, 73.52139, 173.0269
-10.47131, 1.203857, 0.4508663, 57.84509, 173.1117
-10.45214, 1.353857, 0.2317034, 54.10191, 162.3569
-10.45214, 1.203857, 0.2317034, 54.10191, 174.212
-10.47131, 1.203857, 0.4508663, 57.84509, 173.1117
-10.47131, 1.353857, 0.4508663, 57.84509, 161.5893
-10.2529, 1.353857, 0.2491345, 70.23826, 162.2943
-10.2529, 1.203857, 0.2491345, 70.23826, 174.1221
-10.45214, 1.203857, 0.2317034, 54.10191, 174.212
-10.45214, 1.353857, 0.2317034, 54.10191, 162.3569
box_3_Hareli(Clone) stack 136 Shelf_1 Rack_1_1_1
-10.26404, 1.503857, 0.2382718, 69.11584, 150.4885
-10.46401, 1.503857, 0.2417623, 53.41078, 150.4814
-10.46017, 1.503857, 0.4617289, 58.95271, 150.046
-10.2602, 1.503857, 0.4582384, 74.21832, 150.0527
-10.46017, 1.503857, 0.4617289, 58.95271, 150.046
-10.46017, 1.353857, 0.4617289, 58.95271, 161.5524
-10.2602, 1.353857, 0.4582384, 74.21832, 161.5642
-10.2602, 1.503857, 0.4582384, 74.21832, 150.0527
-10.2602, 1.503857, 0.4582384, 74.21832, 150.0527
-10.2602, 1.353857, 0.4582384, 74.21832, 161.5642
-10.26404, 1.353857, 0.2382719, 69.11584, 162.3333
-10.26404, 1.503857, 0.2382718, 69.11584, 150.4885
-10.46401, 1.353857, 0.2417624, 53.41078, 162.3207
-10.26404, 1.353857, 0.2382719, 69.11584, 162.3333
-10.2602, 1.353857, 0.4582384, 74.21832, 161.5642
-10.46017, 1.353857, 0.4617289, 58.95271, 161.5524
-10.46401, 1.503857, 0.2417623, 53.41078, 150.4814
-10.46401, 1.353857, 0.2417624, 53.41078, 162.3207
-10.46017, 1.353857, 0.4617289, 58.95271, 161.5524
-10.46017, 1.503857, 0.4617289, 58.95271, 150.046
-10.26404, 1.503857, 0.2382718, 69.11584, 150.4885
-10.26404, 1.353857, 0.2382719, 69.11584, 162.3333
-10.46401, 1.353857, 0.2417624, 53.41078, 162.3207
-10.46401, 1.503857, 0.2417623, 53.41078, 150.4814
box_3_Hareli(Clone) stack 136 Shelf_1 Rack_1_1_1
-10.27207, 1.653857, 0.2317034, 68.33311, 138.6468
-10.47131, 1.653857, 0.2491345, 53.01584, 138.6385
-10.45214, 1.653857, 0.4682974, 59.72031, 138.5366
-10.2529, 1.653857, 0.4508663, 74.6227, 138.5445
-10.45214, 1.653857, 0.4682974, 59.72031, 138.5366
-10.45214, 1.503857, 0.4682974, 59.72031, 150.0334
-10.2529, 1.503857, 0.4508663, 74.6227, 150.0669
-10.2529, 1.653857, 0.4508663, 74.6227, 138.5445
-10.2529, 1.653857, 0.4508663, 74.6227, 138.5445
-10.2529, 1.503857, 0.4508663, 74.6227, 150.0669
-10.27207, 1.503857, 0.2317034, 68.33311, 150.5019
-10.27207, 1.653857, 0.2317034, 68.33311, 138.6468
-10.47131, 1.503857, 0.2491345, 53.01584, 150.4664
-10.27207, 1.503857, 0.2317034, 68.33311, 150.5019
-10.2529, 1.503857, 0.4508663, 74.6227, 150.0669
-10.45214, 1.503857, 0.4682974, 59.72031, 150.0334
-10.47131, 1.653857, 0.2491345, 53.01584, 138.6385
-10.47131, 1.503857, 0.2491345, 53.01584, 150.4664
-10.45214, 1.503857, 0.4682974, 59.72031, 150.0334
-10.45214, 1.653857, 0.4682974, 59.72031, 138.5366
-10.27207, 1.653857, 0.2317034, 68.33311, 138.6468
-10.27207, 1.503857, 0.2317034, 68.33311, 150.5019
-10.47131, 1.503857, 0.2491345, 53.01584, 150.4664
-10.47131, 1.653857, 0.2491345, 53.01584, 138.6385
box_5_LMRR(Clone) stack 138 Shelf_2 Rack_1_1_1
-9.185777, 2.531555, 0.2044918, 153.8784, 69.04276
-9.385654, 2.531555, 0.2114717, 138.1185, 69.10355
-9.375735, 2.531555, 0.495509, 142.5599, 71.48622
-9.175858, 2.531555, 0.488529, 157.7534, 71.42973
-9.375735, 2.531555, 0.495509, 142.5599, 71.48622
-9.375735, 2.389055, 0.495509, 142.5599, 82.37032
-9.175858, 2.389055, 0.4885291, 157.7534, 82.32352
-9.175858, 2.531555, 0.488529, 157.7534, 71.42973
-9.175858, 2.531555, 0.488529, 157.7534, 71.42973
-9.175858, 2.389055, 0.4885291, 157.7534, 82.32352
-9.185777, 2.389055, 0.2044918, 153.8784, 80.34557
-9.185777, 2.531555, 0.2044918, 153.8784, 69.04276
-9.385654, 2.389055, 0.2114717, 138.1185, 80.39597
-9.185777, 2.389055, 0.2044918, 153.8784, 80.34557
-9.175858, 2.389055, 0.4885291, 157.7534, 82.32352
-9.375735, 2.389055, 0.495509, 142.5599, 82.37032
-9.385654, 2.531555, 0.2114717, 138.1185, 69.10355
-9.385654, 2.389055, 0.2114717, 138.1185, 80.39597
-9.375735, 2.389055, 0.495509, 142.5599, 82.37032
-9.375735, 2.531555, 0.495509, 142.5599, 71.48622
-9.185777, 2.531555, 0.2044918, 153.8784, 69.04276
-9.185777, 2.389055, 0.2044918, 153.8784, 80.34557
-9.385654, 2.389055, 0.2114717, 138.1185, 80.39597
-9.385654, 2.531555, 0.2114717, 138.1185, 69.10355
box_5_LMRR(Clone) stack 138 Shelf_2 Rack_1_1_1
-9.180756, 2.674055, 0.2078952, 154.3152, 57.77469
-9.380756, 2.674055, 0.2078952, 138.4587, 57.77469
-9.380756, 2.674055, 0.4921055, 142.134, 60.56989
-9.180756, 2.674055, 0.4921055, 157.4166, 60.56989
-9.380756, 2.674055, 0.4921055, 142.134, 60.56989
-9.380756, 2.531555, 0.4921056, 142.134, 71.45871
-9.180756, 2.531555, 0.4921056, 157.4166, 71.45871
-9.180756, 2.674055, 0.4921055, 157.4166, 60.56989
-9.180756, 2.674055, 0.4921055, 157.4166, 60.56989
-9.180756, 2.531555, 0.4921056, 157.4166, 71.45871
-9.180756, 2.531555, 0.2078952, 154.3152, 69.07242
-9.180756, 2.674055, 0.2078952, 154.3152, 57.77469
-9.380756, 2.531555, 0.2078952, 138.4587, 69.07242
-9.180756, 2.531555, 0.2078952, 154.3152, 69.07242
-9.180756, 2.531555, 0.4921056, 157.4166, 71.45871
-9.380756, 2.531555, 0.4921056, 142.134, 71.45871
-9.380756, 2.674055, 0.2078952, 138.4587, 57.77469
-9.380756, 2.531555, 0.2078952, 138.4587, 69.07242
-9.380756, 2.531555, 0.4921056, 142.134, 71.45871
-9.380756, 2.674055, 0.4921055, 142.134, 60.56989
-9.180756, 2.674055, 0.2078952, 154.3152, 57.77469
-9.180756, 2.531555, 0.2078952, 154.3152, 69.07242
-9.380756, 2.531555, 0.2078952, 138.4587, 69.07242
-9.380756, 2.674055, 0.2078952, 138.4587, 57.77469
box_8_lizol(Clone) stack 139 Shelf_2 Rack_1_1_1
-9.561111, 2.565368, 0.2319989, 124.5275, 66.60945
-9.760838, 2.565368, 0.2215317, 108.5618, 66.51503
-9.773754, 2.565368, 0.4680019, 111.7102, 68.67131
-9.574028, 2.565368, 0.4784691, 127.1696, 68.75989
-9.773754, 2.565368, 0.4680019, 111.7102, 68.67131
-9.773754, 2.389118, 0.4680019, 111.7102, 82.18053
-9.574028, 2.389118, 0.4784691, 127.1696, 82.25104
-9.574028, 2.565368, 0.4784691, 127.1696, 68.75989
-9.574028, 2.565368, 0.4784691, 127.1696, 68.75989
-9.574028, 2.389118, 0.4784691, 127.1696, 82.25104
-9.561111, 2.389118, 0.2319989, 124.5275, 80.53859
-9.561111, 2.565368, 0.2319989, 124.5275, 66.60945
-9.760838, 2.389118, 0.2215317, 108.5618, 80.46341
-9.561111, 2.389118, 0.2319989, 124.5275, 80.53859
-9.574028, 2.389118, 0.4784691, 127.1696, 82.25104
-9.773754, 2.389118, 0.4680019, 111.7102, 82.18053
-9.760838, 2.565368, 0.2215317, 108.5618, 66.51503
-9.760838, 2.389118, 0.2215317, 108.5618, 80.46341
-9.773754, 2.389118, 0.4680019, 111.7102, 82.18053
-9.773754, 2.565368, 0.4680019, 111.7102, 68.67131
-9.561111, 2.565368, 0.2319989, 124.5275, 66.60945
-9.561111, 2.389118, 0.2319989, 124.5275, 80.53859
-9.760838, 2.389118, 0.2215317, 108.5618, 80.46341
-9.760838, 2.565368, 0.2215317, 108.5618, 66.51503
box_8_lizol(Clone) stack 139 Shelf_2 Rack_1_1_1
-9.58088, 2.741618, 0.2168193, 122.7307, 52.5154
-9.779784, 2.741618, 0.237725, 107.3457, 52.74236
-9.753985, 2.741618, 0.4831815, 113.4708, 55.31665
-9.555081, 2.741618, 0.4622758, 128.3894, 55.10368
-9.753985, 2.741618, 0.4831815, 113.4708, 55.31665
-9.753985, 2.565368, 0.4831815, 113.4708, 68.7997
-9.555081, 2.565368, 0.4622758, 128.3894, 68.62276
-9.555081, 2.741618, 0.4622758, 128.3894, 55.10368
-9.555081, 2.741618, 0.4622758, 128.3894, 55.10368
-9.555081, 2.565368, 0.4622758, 128.3894, 68.62276
-9.58088, 2.565368, 0.2168193, 122.7307, 66.47241
-9.58088, 2.741618, 0.2168193, 122.7307, 52.5154
-9.779784, 2.565368, 0.237725, 107.3457, 66.661
-9.58088, 2.565368, 0.2168193, 122.7307, 66.47241
-9.555081, 2.565368, 0.4622758, 128.3894, 68.62276
-9.753985, 2.565368, 0.4831815, 113.4708, 68.7997
-9.779784, 2.741618, 0.237725, 107.3457, 52.74236
-9.779784, 2.565368, 0.237725, 107.3457, 66.661
-9.753985, 2.565368, 0.4831815, 113.4708, 68.7997
-9.753985, 2.741618, 0.4831815, 113.4708, 55.31665
-9.58088, 2.741618, 0.2168193, 122.7307, 52.5154
-9.58088, 2.565368, 0.2168193, 122.7307, 66.47241
-9.779784, 2.565368, 0.237725, 107.3457, 66.661
-9.779784, 2.741618, 0.237725, 107.3457, 52.74236
box_8_lizol(Clone) stack 139 Shelf_2 Rack_1_1_1
-9.559068, 2.917868, 0.2338724, 124.7175, 38.7749
-9.758581, 2.917868, 0.2199211, 108.7124, 38.59781
-9.775798, 2.917868, 0.4661284, 111.5228, 41.63057
-9.576284, 2.917868, 0.4800797, 127.0201, 41.79674
-9.775798, 2.917868, 0.4661284, 111.5228, 41.63057
-9.775798, 2.741618, 0.4661284, 111.5228, 55.14302
-9.576284, 2.741618, 0.4800797, 127.0201, 55.28513
-9.576284, 2.917868, 0.4800797, 127.0201, 41.79674
-9.576284, 2.917868, 0.4800797, 127.0201, 41.79674
-9.576284, 2.741618, 0.4800797, 127.0201, 55.28513
-9.559068, 2.741618, 0.2338724, 124.7175, 52.70061
-9.559068, 2.917868, 0.2338724, 124.7175, 38.7749
-9.758581, 2.741618, 0.2199211, 108.7124, 52.54915
-9.559068, 2.741618, 0.2338724, 124.7175, 52.70061
-9.576284, 2.741618, 0.4800797, 127.0201, 55.28513
-9.775798, 2.741618, 0.4661284, 111.5228, 55.14302
-9.758581, 2.917868, 0.2199211, 108.7124, 38.59781
-9.758581, 2.741618, 0.2199211, 108.7124, 52.54915
-9.775798, 2.741618, 0.4661284, 111.5228, 55.14302
-9.775798, 2.917868, 0.4661284, 111.5228, 41.63057
-9.559068, 2.917868, 0.2338724, 124.7175, 38.7749
-9.559068, 2.741618, 0.2338724, 124.7175, 52.70061
-9.758581, 2.741618, 0.2199211, 108.7124, 52.54915
-9.758581, 2.917868, 0.2199211, 108.7124, 38.59781
box_8_lizol(Clone) stack 139 Shelf_2 Rack_1_1_1
-9.58088, 3.094118, 0.2168193, 122.7307, 24.6013
-9.779784, 3.094118, 0.237725, 107.3457, 24.90509
-9.753985, 3.094118, 0.4831815, 113.4708, 28.35056
-9.555081, 3.094118, 0.4622758, 128.3894, 28.06554
-9.753985, 3.094118, 0.4831815, 113.4708, 28.35056
-9.753985, 2.917868, 0.4831815, 113.4708, 41.83359
-9.555081, 2.917868, 0.4622758, 128.3894, 41.58461
-9.555081, 3.094118, 0.4622758, 128.3894, 28.06554
-9.555081, 3.094118, 0.4622758, 128.3894, 28.06554
-9.555081, 2.917868, 0.4622758, 128.3894, 41.58461
-9.58088, 2.917868, 0.2168193, 122.7307, 38.55835
-9.58088, 3.094118, 0.2168193, 122.7307, 24.6013
-9.779784, 2.917868, 0.237725, 107.3457, 38.8237
-9.58088, 2.917868, 0.2168193, 122.7307, 38.55835
-9.555081, 2.917868, 0.4622758, 128.3894, 41.58461
-9.753985, 2.917868, 0.4831815, 113.4708, 41.83359
-9.779784, 3.094118, 0.237725, 107.3457, 24.90509
-9.779784, 2.917868, 0.237725, 107.3457, 38.8237
-9.753985, 2.917868, 0.4831815, 113.4708, 41.83359
-9.753985, 3.094118, 0.4831815, 113.4708, 28.35056
-9.58088, 3.094118, 0.2168193, 122.7307, 24.6013
-9.58088, 2.917868, 0.2168193, 122.7307, 38.55835
-9.779784, 2.917868, 0.237725, 107.3457, 38.8237
-9.779784, 3.094118, 0.237725, 107.3457, 24.90509
box_3_Hareli(Clone) stack 140 Shelf_2 Rack_1_1_1
-9.956803, 2.538451, 0.2332926, 93.28073, 68.74805
-10.15632, 2.538451, 0.2472439, 77.81383, 68.86955
-10.14097, 2.538451, 0.4667081, 83.53806, 70.72386
-9.941457, 2.538451, 0.4527568, 98.58072, 70.60909
-10.14097, 2.538451, 0.4667081, 83.53806, 70.72386
-10.14097, 2.388451, 0.4667081, 83.53806, 82.22295
-9.941457, 2.388451, 0.4527568, 98.58072, 82.12871
-9.941457, 2.538451, 0.4527568, 98.58072, 70.60909
-9.941457, 2.538451, 0.4527568, 98.58072, 70.60909
-9.941457, 2.388451, 0.4527568, 98.58072, 82.12871
-9.956803, 2.388451, 0.2332927, 93.28073, 80.60062
-9.956803, 2.538451, 0.2332926, 93.28073, 68.74805
-10.15632, 2.388451, 0.247244, 77.81383, 80.70038
-9.956803, 2.388451, 0.2332927, 93.28073, 80.60062
-9.941457, 2.388451, 0.4527568, 98.58072, 82.12871
-10.14097, 2.388451, 0.4667081, 83.53806, 82.22295
-10.15632, 2.538451, 0.2472439, 77.81383, 68.86955
-10.15632, 2.388451, 0.247244, 77.81383, 80.70038
-10.14097, 2.388451, 0.4667081, 83.53806, 82.22295
-10.14097, 2.538451, 0.4667081, 83.53806, 70.72386
-9.956803, 2.538451, 0.2332926, 93.28073, 68.74805
-9.956803, 2.388451, 0.2332927, 93.28073, 80.60062
-10.15632, 2.388451, 0.247244, 77.81383, 80.70038
-10.15632, 2.538451, 0.2472439, 77.81383, 68.86955
box_3_Hareli(Clone) stack 140 Shelf_2 Rack_1_1_1
-9.950821, 2.688451, 0.2382718, 93.84927, 56.94664
-10.15079, 2.688451, 0.2417623, 78.1329, 56.98248
-10.14695, 2.688451, 0.4617289, 82.97958, 59.17654
-9.946981, 2.688451, 0.4582384, 98.25587, 59.14267
-10.14695, 2.688451, 0.4617289, 82.97958, 59.17654
-10.14695, 2.538451, 0.4617289, 82.97958, 70.68292
-9.946981, 2.538451, 0.4582384, 98.25587, 70.65422
-9.946981, 2.688451, 0.4582384, 98.25587, 59.14267
-9.946981, 2.688451, 0.4582384, 98.25587, 59.14267
-9.946981, 2.538451, 0.4582384, 98.25587, 70.65422
-9.950821, 2.538451, 0.2382719, 93.84927, 68.79146
-9.950821, 2.688451, 0.2382718, 93.84927, 56.94664
-10.15079, 2.538451, 0.2417624, 78.1329, 68.82185
-9.950821, 2.538451, 0.2382719, 93.84927, 68.79146
-9.946981, 2.538451, 0.4582384, 98.25587, 70.65422
-10.14695, 2.538451, 0.4617289, 82.97958, 70.68292
-10.15079, 2.688451, 0.2417623, 78.1329, 56.98248
-10.15079, 2.538451, 0.2417624, 78.1329, 68.82185
-10.14695, 2.538451, 0.4617289, 82.97958, 70.68292
-10.14695, 2.688451, 0.4617289, 82.97958, 59.17654
-9.950821, 2.688451, 0.2382718, 93.84927, 56.94664
-9.950821, 2.538451, 0.2382719, 93.84927, 68.79146
-10.15079, 2.538451, 0.2417624, 78.1329, 68.82185
-10.15079, 2.688451, 0.2417623, 78.1329, 56.98248
box_7_litchi(Clone) stack 145 Shelf_1 Rack_1_1_2
-10.91419, 1.414419, 0.2432683, 17.92232, 157.5362
-11.11371, 1.414419, 0.2572196, 2.613559, 157.4949
-11.09976, 1.414419, 0.4567324, 9.743485, 156.9208
-10.90024, 1.414419, 0.4427811, 24.67349, 156.96
-11.09976, 1.414419, 0.4567324, 9.743485, 156.9208
-11.09976, 1.204419, 0.4567324, 9.743485, 173.04
-10.90024, 1.204419, 0.4427811, 24.67349, 173.108
-10.90024, 1.414419, 0.4427811, 24.67349, 156.96
-10.90024, 1.414419, 0.4427811, 24.67349, 156.96
-10.90024, 1.204419, 0.4427811, 24.67349, 173.108
-10.91419, 1.204419, 0.2432683, 17.92232, 174.108
-10.91419, 1.414419, 0.2432683, 17.92232, 157.5362
-11.11371, 1.204419, 0.2572196, 2.613559, 174.0364
-10.91419, 1.204419, 0.2432683, 17.92232, 174.108
-10.90024, 1.204419, 0.4427811, 24.67349, 173.108
-11.09976, 1.204419, 0.4567324, 9.743485, 173.04
-11.11371, 1.414419, 0.2572196, 2.613559, 157.4949
-11.11371, 1.204419, 0.2572196, 2.613559, 174.0364
-11.09976, 1.204419, 0.4567324, 9.743485, 173.04
-11.09976, 1.414419, 0.4567324, 9.743485, 156.9208
-10.91419, 1.414419, 0.2432683, 17.92232, 157.5362
-10.91419, 1.204419, 0.2432683, 17.92232, 174.108
-11.11371, 1.204419, 0.2572196, 2.613559, 174.0364
-11.11371, 1.414419, 0.2572196, 2.613559, 157.4949
box_7_litchi(Clone) stack 145 Shelf_1 Rack_1_1_2
-10.90524, 1.624419, 0.2517608, 18.87553, 140.9577
-11.10521, 1.624419, 0.2482703, 3.004117, 140.9604
-11.1087, 1.624419, 0.4482399, 8.805385, 140.8078
-10.90873, 1.624419, 0.4517304, 24.26791, 140.8052
-11.1087, 1.624419, 0.4482399, 8.805385, 140.8078
-11.1087, 1.414419, 0.4482399, 8.805385, 156.9446
-10.90873, 1.414419, 0.4517304, 24.26791, 156.9348
-10.90873, 1.624419, 0.4517304, 24.26791, 140.8052
-10.90873, 1.624419, 0.4517304, 24.26791, 140.8052
-10.90873, 1.414419, 0.4517304, 24.26791, 156.9348
-10.90524, 1.414419, 0.2517608, 18.87553, 157.511
-10.90524, 1.624419, 0.2517608, 18.87553, 140.9577
-11.10521, 1.414419, 0.2482704, 3.004117, 157.5214
-10.90524, 1.414419, 0.2517608, 18.87553, 157.511
-10.90873, 1.414419, 0.4517304, 24.26791, 156.9348
-11.1087, 1.414419, 0.4482399, 8.805385, 156.9446
-11.10521, 1.624419, 0.2482703, 3.004117, 140.9604
-11.10521, 1.414419, 0.2482704, 3.004117, 157.5214
-11.1087, 1.414419, 0.4482399, 8.805385, 156.9446
-11.1087, 1.624419, 0.4482399, 8.805385, 140.8078
-10.90524, 1.624419, 0.2517608, 18.87553, 140.9577
-10.90524, 1.414419, 0.2517608, 18.87553, 157.511
-11.10521, 1.414419, 0.2482704, 3.004117, 157.5214
-11.10521, 1.624419, 0.2482703, 3.004117, 140.9604
