box_5_LMRR(Clone) stack 78 Shelf_0 Rack_0_1_0
2.472138, 0.162368, 0.2078952, 344.8221, 256.907
2.272138, 0.162368, 0.2078952, 328.9657, 256.907
2.272138, 0.1623681, 0.4921055, 325.7455, 252.4945
2.472138, 0.1623681, 0.4921055, 341.028, 252.4945
2.272138, 0.1623681, 0.4921055, 325.7455, 252.4945
2.272138, 0.01986802, 0.4921056, 325.7455, 263.3833
2.472138, 0.01986802, 0.4921056, 341.028, 263.3833
2.472138, 0.1623681, 0.4921055, 341.028, 252.4945
2.472138, 0.1623681, 0.4921055, 341.028, 252.4945
2.472138, 0.01986802, 0.4921056, 341.028, 263.3833
2.472138, 0.01986799, 0.2078952, 344.8221, 268.2047
2.472138, 0.162368, 0.2078952, 344.8221, 256.907
2.272138, 0.01986799, 0.2078952, 328.9657, 268.2047
2.472138, 0.01986799, 0.2078952, 344.8221, 268.2047
2.472138, 0.01986802, 0.4921056, 341.028, 263.3833
2.272138, 0.01986802, 0.4921056, 325.7455, 263.3833
2.272138, 0.162368, 0.2078952, 328.9657, 256.907
2.272138, 0.01986799, 0.2078952, 328.9657, 268.2047
2.272138, 0.01986802, 0.4921056, 325.7455, 263.3833
2.272138, 0.1623681, 0.4921055, 325.7455, 252.4945
2.472138, 0.162368, 0.2078952, 344.8221, 256.907
2.472138, 0.01986799, 0.2078952, 344.8221, 268.2047
2.272138, 0.01986799, 0.2078952, 328.9657, 268.2047
2.272138, 0.162368, 0.2078952, 328.9657, 256.907
box_5_LMRR(Clone) stack 78 Shelf_0 Rack_0_1_0
2.461982, 0.304868, 0.2012657, 344.1081, 245.7062
2.262469, 0.304868, 0.215217, 328.1138, 245.5023
2.282294, 0.304868, 0.498735, 326.4486, 241.5158
2.481807, 0.304868, 0.4847837, 341.8618, 241.7052
2.282294, 0.304868, 0.498735, 326.4486, 241.5158
2.282294, 0.162368, 0.498735, 326.4486, 252.3954
2.481807, 0.162368, 0.4847838, 341.8618, 252.6042
2.481807, 0.304868, 0.4847837, 341.8618, 241.7052
2.481807, 0.304868, 0.4847837, 341.8618, 241.7052
2.481807, 0.162368, 0.4847838, 341.8618, 252.6042
2.461982, 0.162368, 0.2012657, 344.1081, 257.0139
2.461982, 0.304868, 0.2012657, 344.1081, 245.7062
2.262469, 0.162368, 0.215217, 328.1138, 256.7892
2.461982, 0.162368, 0.2012657, 344.1081, 257.0139
2.481807, 0.162368, 0.4847838, 341.8618, 252.6042
2.282294, 0.162368, 0.498735, 326.4486, 252.3954
2.262469, 0.304868, 0.215217, 328.1138, 245.5023
2.262469, 0.162368, 0.215217, 328.1138, 256.7892
2.282294, 0.162368, 0.498735, 326.4486, 252.3954
2.282294, 0.304868, 0.498735, 326.4486, 241.5158
2.461982, 0.304868, 0.2012657, 344.1081, 245.7062
2.461982, 0.162368, 0.2012657, 344.1081, 257.0139
2.262469, 0.162368, 0.215217, 328.1138, 256.7892
2.262469, 0.304868, 0.215217, 328.1138, 245.5023
box_5_LMRR(Clone) stack 78 Shelf_0 Rack_0_1_0
2.456736, 0.447368, 0.1982208, 343.7336, 234.4386
2.257832, 0.447368, 0.2191265, 327.7013, 234.1644
2.28754, 0.447368, 0.5017799, 326.8155, 230.5991
2.486444, 0.447368, 0.4808742, 342.2675, 230.854
2.28754, 0.447368, 0.5017799, 326.8155, 230.5991
2.28754, 0.304868, 0.5017799, 326.8155, 241.4745
2.486444, 0.304868, 0.4808742, 342.2675, 241.7584
2.486444, 0.447368, 0.4808742, 342.2675, 230.854
2.486444, 0.447368, 0.4808742, 342.2675, 230.854
2.486444, 0.304868, 0.4808742, 342.2675, 241.7584
2.456736, 0.304868, 0.1982208, 343.7336, 245.7508
2.456736, 0.447368, 0.1982208, 343.7336, 234.4386
2.257832, 0.304868, 0.2191265, 327.7013, 245.4453
2.456736, 0.304868, 0.1982208, 343.7336, 245.7508
2.486444, 0.304868, 0.4808742, 342.2675, 241.7584
2.28754, 0.304868, 0.5017799, 326.8155, 241.4745
2.257832, 0.447368, 0.2191265, 327.7013, 234.1644
2.257832, 0.304868, 0.2191265, 327.7013, 245.4453
2.28754, 0.304868, 0.5017799, 326.8155, 241.4745
2.28754, 0.447368, 0.5017799, 326.8155, 230.5991
2.456736, 0.447368, 0.1982208, 343.7336, 234.4386
2.456736, 0.304868, 0.1982208, 343.7336, 245.7508
2.257832, 0.304868, 0.2191265, 327.7013, 245.4453
2.257832, 0.447368, 0.2191265, 327.7013, 234.1644
box_5_LMRR(Clone) stack 78 Shelf_0 Rack_0_1_0
2.461982, 0.5898679, 0.2012657, 344.1081, 223.091
2.262469, 0.5898679, 0.215217, 328.1138, 222.9287
2.282294, 0.5898679, 0.498735, 326.4486, 219.7566
2.481807, 0.5898679, 0.4847837, 341.8618, 219.9073
2.282294, 0.5898679, 0.498735, 326.4486, 219.7566
2.282294, 0.447368, 0.498735, 326.4486, 230.6362
2.481807, 0.447368, 0.4847838, 341.8618, 230.8062
2.481807, 0.5898679, 0.4847837, 341.8618, 219.9073
2.481807, 0.5898679, 0.4847837, 341.8618, 219.9073
2.481807, 0.447368, 0.4847838, 341.8618, 230.8062
2.461982, 0.4473679, 0.2012657, 344.1081, 234.3986
2.461982, 0.5898679, 0.2012657, 344.1081, 223.091
2.262469, 0.4473679, 0.215217, 328.1138, 234.2155
2.461982, 0.4473679, 0.2012657, 344.1081, 234.3986
2.481807, 0.447368, 0.4847838, 341.8618, 230.8062
2.282294, 0.447368, 0.498735, 326.4486, 230.6362
2.262469, 0.5898679, 0.215217, 328.1138, 222.9287
2.262469, 0.4473679, 0.215217, 328.1138, 234.2155
2.282294, 0.447368, 0.498735, 326.4486, 230.6362
2.282294, 0.5898679, 0.498735, 326.4486, 219.7566
2.461982, 0.5898679, 0.2012657, 344.1081, 223.091
2.461982, 0.4473679, 0.2012657, 344.1081, 234.3986
2.262469, 0.4473679, 0.215217, 328.1138, 234.2155
2.262469, 0.5898679, 0.215217, 328.1138, 222.9287
box_5_LMRR(Clone) stack 78 Shelf_0 Rack_0_1_0
2.459372, 0.7323679, 0.1997204, 343.9222, 211.799
2.260133, 0.7323679, 0.2171515, 327.9064, 211.6224
2.284904, 0.7323679, 0.5002804, 326.6308, 208.8624
2.484143, 0.7323679, 0.4828492, 342.0656, 209.0266
2.284904, 0.7323679, 0.5002804, 326.6308, 208.8624
2.284904, 0.5898679, 0.5002804, 326.6308, 219.7399
2.484143, 0.5898679, 0.4828492, 342.0656, 219.9282
2.484143, 0.7323679, 0.4828492, 342.0656, 209.0266
2.484143, 0.7323679, 0.4828492, 342.0656, 209.0266
2.484143, 0.5898679, 0.4828492, 342.0656, 219.9282
2.459372, 0.5898679, 0.1997204, 343.9222, 223.109
2.459372, 0.7323679, 0.1997204, 343.9222, 211.799
2.260133, 0.5898679, 0.2171515, 327.9064, 222.9063
2.459372, 0.5898679, 0.1997204, 343.9222, 223.109
2.484143, 0.5898679, 0.4828492, 342.0656, 219.9282
2.284904, 0.5898679, 0.5002804, 326.6308, 219.7399
2.260133, 0.7323679, 0.2171515, 327.9064, 211.6224
2.260133, 0.5898679, 0.2171515, 327.9064, 222.9063
2.284904, 0.5898679, 0.5002804, 326.6308, 219.7399
2.284904, 0.7323679, 0.5002804, 326.6308, 208.8624
2.459372, 0.7323679, 0.1997204, 343.9222, 211.799
2.459372, 0.5898679, 0.1997204, 343.9222, 223.109
2.260133, 0.5898679, 0.2171515, 327.9064, 222.9063
2.260133, 0.7323679, 0.2171515, 327.9064, 211.6224
box_5_LMRR(Clone) stack 79 Shelf_0 Rack_0_1_0
2.083604, 0.162368, 0.209662, 314.001, 256.8785
1.883635, 0.162368, 0.2061716, 298.1775, 256.9348
1.878675, 0.162368, 0.4903387, 295.6925, 252.521
2.078644, 0.162368, 0.4938292, 310.9445, 252.4687
1.878675, 0.162368, 0.4903387, 295.6925, 252.521
1.878675, 0.01986802, 0.4903387, 295.6925, 263.4122
2.078644, 0.01986802, 0.4938292, 310.9445, 263.3551
2.078644, 0.162368, 0.4938292, 310.9445, 252.4687
2.078644, 0.162368, 0.4938292, 310.9445, 252.4687
2.078644, 0.01986802, 0.4938292, 310.9445, 263.3551
2.083604, 0.01986799, 0.2096621, 314.001, 268.1736
2.083604, 0.162368, 0.209662, 314.001, 256.8785
1.883635, 0.01986799, 0.2061716, 298.1775, 268.235
2.083604, 0.01986799, 0.2096621, 314.001, 268.1736
2.078644, 0.01986802, 0.4938292, 310.9445, 263.3551
1.878675, 0.01986802, 0.4903387, 295.6925, 263.4122
1.883635, 0.162368, 0.2061716, 298.1775, 256.9348
1.883635, 0.01986799, 0.2061716, 298.1775, 268.235
1.878675, 0.01986802, 0.4903387, 295.6925, 263.4122
1.878675, 0.162368, 0.4903387, 295.6925, 252.521
2.083604, 0.162368, 0.209662, 314.001, 256.8785
2.083604, 0.01986799, 0.2096621, 314.001, 268.1736
1.883635, 0.01986799, 0.2061716, 298.1775, 268.235
1.883635, 0.162368, 0.2061716, 298.1775, 256.9348
box_5_LMRR(Clone) stack 79 Shelf_0 Rack_0_1_0
2.095446, 0.304868, 0.2191265, 314.846, 245.4453
1.896541, 0.304868, 0.1982208, 299.2632, 245.7508
1.866833, 0.304868, 0.4808742, 294.8536, 241.7584
2.065737, 0.304868, 0.5017799, 309.8878, 241.4745
1.866833, 0.304868, 0.4808742, 294.8536, 241.7584
1.866833, 0.162368, 0.4808742, 294.8536, 252.6628
2.065737, 0.162368, 0.5017799, 309.8878, 252.3499
2.065737, 0.304868, 0.5017799, 309.8878, 241.4745
2.065737, 0.304868, 0.5017799, 309.8878, 241.4745
2.065737, 0.162368, 0.5017799, 309.8878, 252.3499
2.095446, 0.162368, 0.2191265, 314.846, 256.7263
2.095446, 0.304868, 0.2191265, 314.846, 245.4453
1.896541, 0.162368, 0.1982208, 299.2632, 257.063
2.095446, 0.162368, 0.2191265, 314.846, 256.7263
2.065737, 0.162368, 0.5017799, 309.8878, 252.3499
1.866833, 0.162368, 0.4808742, 294.8536, 252.6628
1.896541, 0.304868, 0.1982208, 299.2632, 245.7508
1.896541, 0.162368, 0.1982208, 299.2632, 257.063
1.866833, 0.162368, 0.4808742, 294.8536, 252.6628
1.866833, 0.304868, 0.4808742, 294.8536, 241.7584
2.095446, 0.304868, 0.2191265, 314.846, 245.4453
2.095446, 0.162368, 0.2191265, 314.846, 256.7263
1.896541, 0.162368, 0.1982208, 299.2632, 257.063
1.896541, 0.304868, 0.1982208, 299.2632, 245.7508
box_3_Hareli(Clone) stack 80 Shelf_0 Rack_0_1_0
1.712119, 0.1692639, 0.2435573, 284.3571, 255.7911
1.512241, 0.1692639, 0.2365774, 268.6108, 255.902
1.504563, 0.1692639, 0.4564434, 267.2167, 252.5012
1.704441, 0.1692639, 0.4634233, 282.5216, 252.3964
1.504563, 0.1692639, 0.4564434, 267.2167, 252.5012
1.504563, 0.01926389, 0.4564435, 267.2167, 264.0154
1.704441, 0.01926389, 0.4634234, 282.5216, 263.9003
1.704441, 0.1692639, 0.4634233, 282.5216, 252.3964
1.704441, 0.1692639, 0.4634233, 282.5216, 252.3964
1.704441, 0.01926389, 0.4634234, 282.5216, 263.9003
1.712119, 0.01926386, 0.2435573, 284.3571, 267.6276
1.712119, 0.1692639, 0.2435573, 284.3571, 255.7911
1.512241, 0.01926386, 0.2365774, 268.6108, 267.7495
1.712119, 0.01926386, 0.2435573, 284.3571, 267.6276
1.704441, 0.01926389, 0.4634234, 282.5216, 263.9003
1.504563, 0.01926389, 0.4564435, 267.2167, 264.0154
1.512241, 0.1692639, 0.2365774, 268.6108, 255.902
1.512241, 0.01926386, 0.2365774, 268.6108, 267.7495
1.504563, 0.01926389, 0.4564435, 267.2167, 264.0154
1.504563, 0.1692639, 0.4564434, 267.2167, 252.5012
1.712119, 0.1692639, 0.2435573, 284.3571, 255.7911
1.712119, 0.01926386, 0.2435573, 284.3571, 267.6276
1.512241, 0.01926386, 0.2365774, 268.6108, 267.7495
1.512241, 0.1692639, 0.2365774, 268.6108, 255.902
box_3_Hareli(Clone) stack 81 Shelf_1 Rack_0_1_0
2.880088, 1.353857, 0.2491345, 376.422, 162.2943
2.680849, 1.353857, 0.2317034, 360.9886, 162.3569
2.661675, 1.353857, 0.4508663, 356.1209, 161.5893
2.860914, 1.353857, 0.4682974, 371.1331, 161.5301
2.661675, 1.353857, 0.4508663, 356.1209, 161.5893
2.661675, 1.203857, 0.4508663, 356.1209, 173.1117
2.860914, 1.203857, 0.4682974, 371.1331, 173.0269
2.860914, 1.353857, 0.4682974, 371.1331, 161.5301
2.860914, 1.353857, 0.4682974, 371.1331, 161.5301
2.860914, 1.203857, 0.4682974, 371.1331, 173.0269
2.880088, 1.203857, 0.2491345, 376.422, 174.1221
2.880088, 1.353857, 0.2491345, 376.422, 162.2943
2.680849, 1.203857, 0.2317034, 360.9886, 174.212
2.880088, 1.203857, 0.2491345, 376.422, 174.1221
2.860914, 1.203857, 0.4682974, 371.1331, 173.0269
2.661675, 1.203857, 0.4508663, 356.1209, 173.1117
2.680849, 1.353857, 0.2317034, 360.9886, 162.3569
2.680849, 1.203857, 0.2317034, 360.9886, 174.212
2.661675, 1.203857, 0.4508663, 356.1209, 173.1117
2.661675, 1.353857, 0.4508663, 356.1209, 161.5893
2.880088, 1.353857, 0.2491345, 376.422, 162.2943
2.880088, 1.203857, 0.2491345, 376.422, 174.1221
2.680849, 1.203857, 0.2317034, 360.9886, 174.212
2.680849, 1.353857, 0.2317034, 360.9886, 162.3569
box_3_Hareli(Clone) stack 81 Shelf_1 Rack_0_1_0
2.881832, 1.503857, 0.2510558, 376.525, 150.4625
2.682928, 1.503857, 0.2301501, 361.1776, 150.505
2.659931, 1.503857, 0.448945, 356.0155, 150.0706
2.858836, 1.503857, 0.4698507, 370.9478, 150.0304
2.659931, 1.503857, 0.448945, 356.0155, 150.0706
2.659931, 1.353857, 0.448945, 356.0155, 161.5959
2.858836, 1.353857, 0.4698507, 370.9478, 161.5249
2.858836, 1.503857, 0.4698507, 370.9478, 150.0304
2.858836, 1.503857, 0.4698507, 370.9478, 150.0304
2.858836, 1.353857, 0.4698507, 370.9478, 161.5249
2.881832, 1.353857, 0.2510558, 376.525, 162.2874
2.881832, 1.503857, 0.2510558, 376.525, 150.4625
2.682928, 1.353857, 0.2301501, 361.1776, 162.3625
2.881832, 1.353857, 0.2510558, 376.525, 162.2874
2.858836, 1.353857, 0.4698507, 370.9478, 161.5249
2.659931, 1.353857, 0.448945, 356.0155, 161.5959
2.682928, 1.503857, 0.2301501, 361.1776, 150.505
2.682928, 1.353857, 0.2301501, 361.1776, 162.3625
2.659931, 1.353857, 0.448945, 356.0155, 161.5959
2.659931, 1.503857, 0.448945, 356.0155, 150.0706
2.881832, 1.503857, 0.2510558, 376.525, 150.4625
2.881832, 1.353857, 0.2510558, 376.525, 162.2874
2.682928, 1.353857, 0.2301501, 361.1776, 162.3625
2.682928, 1.503857, 0.2301501, 361.1776, 150.505
box_3_Hareli(Clone) stack 81 Shelf_1 Rack_0_1_0
2.864988, 1.653857, 0.2349175, 375.4844, 138.6453
2.665262, 1.653857, 0.2453847, 359.5413, 138.6403
2.676776, 1.653857, 0.4650832, 357.0678, 138.5381
2.876502, 1.653857, 0.454616, 372.5594, 138.5428
2.676776, 1.653857, 0.4650832, 357.0678, 138.5381
2.676776, 1.503857, 0.4650832, 357.0678, 150.0396
2.876502, 1.503857, 0.4546161, 372.5594, 150.0597
2.876502, 1.653857, 0.454616, 372.5594, 138.5428
2.876502, 1.653857, 0.454616, 372.5594, 138.5428
2.876502, 1.503857, 0.4546161, 372.5594, 150.0597
2.864988, 1.503857, 0.2349175, 375.4844, 150.4953
2.864988, 1.653857, 0.2349175, 375.4844, 138.6453
2.665262, 1.503857, 0.2453847, 359.5413, 150.474
2.864988, 1.503857, 0.2349175, 375.4844, 150.4953
2.876502, 1.503857, 0.4546161, 372.5594, 150.0597
2.676776, 1.503857, 0.4650832, 357.0678, 150.0396
2.665262, 1.653857, 0.2453847, 359.5413, 138.6403
2.665262, 1.503857, 0.2453847, 359.5413, 150.474
2.676776, 1.503857, 0.4650832, 357.0678, 150.0396
2.676776, 1.653857, 0.4650832, 357.0678, 138.5381
2.864988, 1.653857, 0.2349175, 375.4844, 138.6453
2.864988, 1.503857, 0.2349175, 375.4844, 150.4953
2.665262, 1.503857, 0.2453847, 359.5413, 150.474
2.665262, 1.653857, 0.2453847, 359.5413, 138.6403
box_3_Hareli(Clone) stack 81 Shelf_1 Rack_0_1_0
2.883542, 1.803857, 0.2530072, 376.6248, 126.8147
2.685033, 1.803857, 0.2286334, 361.3683, 126.7885
2.658221, 1.803857, 0.4469935, 355.9131, 127.0181
2.856731, 1.803857, 0.4713674, 370.7611, 127.043
2.658221, 1.803857, 0.4469935, 355.9131, 127.0181
2.658221, 1.653857, 0.4469935, 355.9131, 138.5463
2.856731, 1.653857, 0.4713674, 370.7611, 138.5352
2.856731, 1.803857, 0.4713674, 370.7611, 127.043
2.856731, 1.803857, 0.4713674, 370.7611, 127.043
2.856731, 1.653857, 0.4713674, 370.7611, 138.5352
2.883542, 1.653857, 0.2530072, 376.6248, 138.6366
2.883542, 1.803857, 0.2530072, 376.6248, 126.8147
2.685033, 1.653857, 0.2286334, 361.3683, 138.6483
2.883542, 1.653857, 0.2530072, 376.6248, 138.6366
2.856731, 1.653857, 0.4713674, 370.7611, 138.5352
2.658221, 1.653857, 0.4469935, 355.9131, 138.5463
2.685033, 1.803857, 0.2286334, 361.3683, 126.7885
2.685033, 1.653857, 0.2286334, 361.3683, 138.6483
2.658221, 1.653857, 0.4469935, 355.9131, 138.5463
2.658221, 1.803857, 0.4469935, 355.9131, 127.0181
2.883542, 1.803857, 0.2530072, 376.6248, 126.8147
2.883542, 1.653857, 0.2530072, 376.6248, 138.6366
2.685033, 1.653857, 0.2286334, 361.3683, 138.6483
2.685033, 1.803857, 0.2286334, 361.3683, 126.7885
box_3_Hareli(Clone) stack 81 Shelf_1 Rack_0_1_0
2.87466, 1.953857, 0.2435573, 376.0937, 114.968
2.674782, 1.953857, 0.2365774, 360.4317, 114.9496
2.667104, 1.953857, 0.4564434, 356.4548, 115.5136
2.866982, 1.953857, 0.4634233, 371.6801, 115.531
2.667104, 1.953857, 0.4564434, 356.4548, 115.5136
2.667104, 1.803857, 0.4564435, 356.4548, 127.0278
2.866982, 1.803857, 0.4634234, 371.6801, 127.0349
2.866982, 1.953857, 0.4634233, 371.6801, 115.531
2.866982, 1.953857, 0.4634233, 371.6801, 115.531
2.866982, 1.803857, 0.4634234, 371.6801, 127.0349
2.87466, 1.803857, 0.2435573, 376.0937, 126.8046
2.87466, 1.953857, 0.2435573, 376.0937, 114.968
2.674782, 1.803857, 0.2365774, 360.4317, 126.797
2.87466, 1.803857, 0.2435573, 376.0937, 126.8046
2.866982, 1.803857, 0.4634234, 371.6801, 127.0349
2.667104, 1.803857, 0.4564435, 356.4548, 127.0278
2.674782, 1.953857, 0.2365774, 360.4317, 114.9496
2.674782, 1.803857, 0.2365774, 360.4317, 126.797
2.667104, 1.803857, 0.4564435, 356.4548, 127.0278
2.667104, 1.953857, 0.4564434, 356.4548, 115.5136
2.87466, 1.953857, 0.2435573, 376.0937, 114.968
2.87466, 1.803857, 0.2435573, 376.0937, 126.8046
2.674782, 1.803857, 0.2365774, 360.4317, 126.797
2.674782, 1.953857, 0.2365774, 360.4317, 114.9496
box_1_Parle-G-GOLD(Clone) stack 83 Shelf_1 Rack_0_1_0
2.104232, 1.376249, 0.249206, 315.243, 160.5284
1.904354, 1.376249, 0.2422261, 299.5369, 160.5518
1.897071, 1.376249, 0.4507947, 297.3876, 159.8695
2.096949, 1.376249, 0.4577746, 312.6766, 159.8473
1.897071, 1.376249, 0.4507947, 297.3876, 159.8695
1.897071, 1.203749, 0.4507947, 297.3876, 173.1204
2.096949, 1.203749, 0.4577746, 312.6766, 173.0863
2.096949, 1.376249, 0.4577746, 312.6766, 159.8473
2.096949, 1.376249, 0.4577746, 312.6766, 159.8473
2.096949, 1.203749, 0.4577746, 312.6766, 173.0863
2.104232, 1.203749, 0.249206, 315.243, 174.1303
2.104232, 1.376249, 0.249206, 315.243, 160.5284
1.904354, 1.203749, 0.2422261, 299.5369, 174.1662
2.104232, 1.203749, 0.249206, 315.243, 174.1303
2.096949, 1.203749, 0.4577746, 312.6766, 173.0863
1.897071, 1.203749, 0.4507947, 297.3876, 173.1204
1.904354, 1.376249, 0.2422261, 299.5369, 160.5518
1.904354, 1.203749, 0.2422261, 299.5369, 174.1662
1.897071, 1.203749, 0.4507947, 297.3876, 173.1204
1.897071, 1.376249, 0.4507947, 297.3876, 159.8695
2.104232, 1.376249, 0.249206, 315.243, 160.5284
2.104232, 1.203749, 0.249206, 315.243, 174.1303
1.904354, 1.203749, 0.2422261, 299.5369, 174.1662
1.904354, 1.376249, 0.2422261, 299.5369, 160.5518
box_1_Parle-G-GOLD(Clone) stack 83 Shelf_1 Rack_0_1_0
2.112623, 1.548749, 0.2586173, 315.8109, 146.9117
1.914114, 1.548749, 0.2342434, 300.3705, 146.9499
1.88868, 1.548749, 0.4413835, 296.8115, 146.6326
2.087189, 1.548749, 0.4657574, 311.8542, 146.5964
1.88868, 1.548749, 0.4413835, 296.8115, 146.6326
1.88868, 1.376249, 0.4413835, 296.8115, 159.8995
2.087189, 1.376249, 0.4657574, 311.8542, 159.8219
2.087189, 1.548749, 0.4657574, 311.8542, 146.5964
2.087189, 1.548749, 0.4657574, 311.8542, 146.5964
2.087189, 1.376249, 0.4657574, 311.8542, 159.8219
2.112623, 1.376249, 0.2586173, 315.8109, 160.4968
2.112623, 1.548749, 0.2586173, 315.8109, 146.9117
1.914114, 1.376249, 0.2342434, 300.3705, 160.5786
2.112623, 1.376249, 0.2586173, 315.8109, 160.4968
2.087189, 1.376249, 0.4657574, 311.8542, 159.8219
1.88868, 1.376249, 0.4413835, 296.8115, 159.8995
1.914114, 1.548749, 0.2342434, 300.3705, 146.9499
1.914114, 1.376249, 0.2342434, 300.3705, 160.5786
1.88868, 1.376249, 0.4413835, 296.8115, 159.8995
1.88868, 1.548749, 0.4413835, 296.8115, 146.6326
2.112623, 1.548749, 0.2586173, 315.8109, 146.9117
2.112623, 1.376249, 0.2586173, 315.8109, 160.4968
1.914114, 1.376249, 0.2342434, 300.3705, 160.5786
1.914114, 1.548749, 0.2342434, 300.3705, 146.9499
box_1_Parle-G-GOLD(Clone) stack 83 Shelf_1 Rack_0_1_0
2.100652, 1.721249, 0.2456525, 314.9957, 133.3237
1.900652, 1.721249, 0.2456525, 299.2179, 133.3237
1.900652, 1.721249, 0.4543482, 297.6364, 133.3684
2.100652, 1.721249, 0.4543482, 312.9928, 133.3684
1.900652, 1.721249, 0.4543482, 297.6364, 133.3684
1.900652, 1.548749, 0.4543482, 297.6364, 146.6133
2.100652, 1.548749, 0.4543482, 312.9928, 146.6133
2.100652, 1.721249, 0.4543482, 312.9928, 133.3684
2.100652, 1.721249, 0.4543482, 312.9928, 133.3684
2.100652, 1.548749, 0.4543482, 312.9928, 146.6133
2.100652, 1.548749, 0.2456525, 314.9957, 146.932
2.100652, 1.721249, 0.2456525, 314.9957, 133.3237
1.900652, 1.548749, 0.2456525, 299.2179, 146.932
2.100652, 1.548749, 0.2456525, 314.9957, 146.932
2.100652, 1.548749, 0.4543482, 312.9928, 146.6133
1.900652, 1.548749, 0.4543482, 297.6364, 146.6133
1.900652, 1.721249, 0.2456525, 299.2179, 133.3237
1.900652, 1.548749, 0.2456525, 299.2179, 146.932
1.900652, 1.548749, 0.4543482, 297.6364, 146.6133
1.900652, 1.721249, 0.4543482, 297.6364, 133.3684
2.100652, 1.721249, 0.2456525, 314.9957, 133.3237
2.100652, 1.548749, 0.2456525, 314.9957, 146.932
1.900652, 1.548749, 0.2456525, 299.2179, 146.932
1.900652, 1.721249, 0.2456525, 299.2179, 133.3237
box_1_Parle-G-GOLD(Clone) stack 83 Shelf_1 Rack_0_1_0
2.096949, 1.893749, 0.2422261, 314.7372, 119.7085
1.897071, 1.893749, 0.249206, 298.908, 119.7225
1.904354, 1.893749, 0.4577746, 297.8954, 120.1301
2.104232, 1.893749, 0.4507947, 313.3011, 120.1168
1.904354, 1.893749, 0.4577746, 297.8954, 120.1301
1.904354, 1.721249, 0.4577746, 297.8954, 133.3691
2.104232, 1.721249, 0.4507947, 313.3011, 133.3677
2.104232, 1.893749, 0.4507947, 313.3011, 120.1168
2.104232, 1.893749, 0.4507947, 313.3011, 120.1168
2.104232, 1.721249, 0.4507947, 313.3011, 133.3677
2.096949, 1.721249, 0.2422261, 314.7372, 133.3229
2.096949, 1.893749, 0.2422261, 314.7372, 119.7085
1.897071, 1.721249, 0.249206, 298.908, 133.3244
2.096949, 1.721249, 0.2422261, 314.7372, 133.3229
2.104232, 1.721249, 0.4507947, 313.3011, 133.3677
1.904354, 1.721249, 0.4577746, 297.8954, 133.3691
1.897071, 1.893749, 0.249206, 298.908, 119.7225
1.897071, 1.721249, 0.249206, 298.908, 133.3244
1.904354, 1.721249, 0.4577746, 297.8954, 133.3691
1.904354, 1.893749, 0.4577746, 297.8954, 120.1301
2.096949, 1.893749, 0.2422261, 314.7372, 119.7085
2.096949, 1.721249, 0.2422261, 314.7372, 133.3229
1.897071, 1.721249, 0.249206, 298.908, 133.3244
1.897071, 1.893749, 0.249206, 298.908, 119.7225
box_1_Parle-G-GOLD(Clone) stack 83 Shelf_1 Rack_0_1_0
2.112623, 2.066249, 0.2586173, 315.8109, 106.1563
1.914114, 2.066249, 0.2342434, 300.3705, 106.0637
1.88868, 2.066249, 0.4413835, 296.8115, 106.832
2.087189, 2.066249, 0.4657574, 311.8542, 106.9197
1.88868, 2.066249, 0.4413835, 296.8115, 106.832
1.88868, 1.893749, 0.4413835, 296.8115, 120.0988
2.087189, 1.893749, 0.4657574, 311.8542, 120.1452
2.087189, 2.066249, 0.4657574, 311.8542, 106.9197
2.087189, 2.066249, 0.4657574, 311.8542, 106.9197
2.087189, 1.893749, 0.4657574, 311.8542, 120.1452
2.112623, 1.893749, 0.2586173, 315.8109, 119.7414
2.112623, 2.066249, 0.2586173, 315.8109, 106.1563
1.914114, 1.893749, 0.2342434, 300.3705, 119.6924
2.112623, 1.893749, 0.2586173, 315.8109, 119.7414
2.087189, 1.893749, 0.4657574, 311.8542, 120.1452
1.88868, 1.893749, 0.4413835, 296.8115, 120.0988
1.914114, 2.066249, 0.2342434, 300.3705, 106.0637
1.914114, 1.893749, 0.2342434, 300.3705, 119.6924
1.88868, 1.893749, 0.4413835, 296.8115, 120.0988
1.88868, 2.066249, 0.4413835, 296.8115, 106.832
2.112623, 2.066249, 0.2586173, 315.8109, 106.1563
2.112623, 1.893749, 0.2586173, 315.8109, 119.7414
1.914114, 1.893749, 0.2342434, 300.3705, 119.6924
1.914114, 2.066249, 0.2342434, 300.3705, 106.0637
box_6_melody(Clone) stack 84 Shelf_1 Rack_0_1_0
1.720952, 1.391943, 0.2430817, 285.0569, 159.3105
1.522443, 1.391943, 0.2187079, 269.486, 159.3886
1.493194, 1.391943, 0.456919, 266.3424, 158.6454
1.691703, 1.391943, 0.4812929, 281.4501, 158.5719
1.493194, 1.391943, 0.456919, 266.3424, 158.6454
1.493194, 1.204443, 0.456919, 266.3424, 173.0373
1.691703, 1.204443, 0.4812929, 281.4501, 172.919
1.691703, 1.391943, 0.4812929, 281.4501, 158.5719
1.691703, 1.391943, 0.4812929, 281.4501, 158.5719
1.691703, 1.204443, 0.4812929, 281.4501, 172.919
1.720952, 1.204443, 0.2430817, 285.0569, 174.1071
1.720952, 1.391943, 0.2430817, 285.0569, 159.3105
1.522443, 1.204443, 0.2187079, 269.486, 174.2328
1.720952, 1.204443, 0.2430817, 285.0569, 174.1071
1.691703, 1.204443, 0.4812929, 281.4501, 172.919
1.493194, 1.204443, 0.456919, 266.3424, 173.0373
1.522443, 1.391943, 0.2187079, 269.486, 159.3886
1.522443, 1.204443, 0.2187079, 269.486, 174.2328
1.493194, 1.204443, 0.456919, 266.3424, 173.0373
1.493194, 1.391943, 0.456919, 266.3424, 158.6454
1.720952, 1.391943, 0.2430817, 285.0569, 159.3105
1.720952, 1.204443, 0.2430817, 285.0569, 174.1071
1.522443, 1.204443, 0.2187079, 269.486, 174.2328
1.522443, 1.391943, 0.2187079, 269.486, 159.3886
box_6_melody(Clone) stack 84 Shelf_1 Rack_0_1_0
1.702824, 1.579443, 0.2265834, 283.7212, 144.5345
1.502946, 1.579443, 0.2335633, 267.8878, 144.5257
1.511322, 1.579443, 0.4734173, 267.6754, 144.2341
1.7112, 1.579443, 0.4664374, 283.0234, 144.2423
1.511322, 1.579443, 0.4734173, 267.6754, 144.2341
1.511322, 1.391943, 0.4734173, 267.6754, 158.5956
1.7112, 1.391943, 0.4664374, 283.0234, 158.6166
1.7112, 1.579443, 0.4664374, 283.0234, 144.2423
1.7112, 1.579443, 0.4664374, 283.0234, 144.2423
1.7112, 1.391943, 0.4664374, 283.0234, 158.6166
1.702824, 1.391943, 0.2265835, 283.7212, 159.3633
1.702824, 1.579443, 0.2265834, 283.7212, 144.5345
1.502946, 1.391943, 0.2335634, 267.8878, 159.3409
1.702824, 1.391943, 0.2265835, 283.7212, 159.3633
1.7112, 1.391943, 0.4664374, 283.0234, 158.6166
1.511322, 1.391943, 0.4734173, 267.6754, 158.5956
1.502946, 1.579443, 0.2335633, 267.8878, 144.5257
1.502946, 1.391943, 0.2335634, 267.8878, 159.3409
1.511322, 1.391943, 0.4734173, 267.6754, 158.5956
1.511322, 1.579443, 0.4734173, 267.6754, 144.2341
1.702824, 1.579443, 0.2265834, 283.7212, 144.5345
1.702824, 1.391943, 0.2265835, 283.7212, 159.3633
1.502946, 1.391943, 0.2335634, 267.8878, 159.3409
1.502946, 1.579443, 0.2335633, 267.8878, 144.5257
box_6_melody(Clone) stack 84 Shelf_1 Rack_0_1_0
1.698459, 1.766943, 0.223317, 283.3946, 129.7034
1.498946, 1.766943, 0.2372683, 267.5583, 129.7131
1.515687, 1.766943, 0.4766837, 267.9981, 129.8746
1.7152, 1.766943, 0.4627324, 283.3506, 129.8655
1.515687, 1.766943, 0.4766837, 267.9981, 129.8746
1.515687, 1.579443, 0.4766838, 267.9981, 144.2302
1.7152, 1.579443, 0.4627325, 283.3506, 144.2467
1.7152, 1.766943, 0.4627324, 283.3506, 129.8655
1.7152, 1.766943, 0.4627324, 283.3506, 129.8655
1.7152, 1.579443, 0.4627325, 283.3506, 144.2467
1.698459, 1.579443, 0.223317, 283.3946, 144.5386
1.698459, 1.766943, 0.223317, 283.3946, 129.7034
1.498946, 1.579443, 0.2372683, 267.5583, 144.5211
1.698459, 1.579443, 0.223317, 283.3946, 144.5386
1.7152, 1.579443, 0.4627325, 283.3506, 144.2467
1.515687, 1.579443, 0.4766838, 267.9981, 144.2302
1.498946, 1.766943, 0.2372683, 267.5583, 129.7131
1.498946, 1.579443, 0.2372683, 267.5583, 144.5211
1.515687, 1.579443, 0.4766838, 267.9981, 144.2302
1.515687, 1.766943, 0.4766837, 267.9981, 129.8746
1.698459, 1.766943, 0.223317, 283.3946, 129.7034
1.698459, 1.579443, 0.223317, 283.3946, 144.5386
1.498946, 1.579443, 0.2372683, 267.5583, 144.5211
1.498946, 1.766943, 0.2372683, 267.5583, 129.7131
box_6_melody(Clone) stack 84 Shelf_1 Rack_0_1_0
1.7152, 1.954443, 0.2372683, 284.6371, 114.9052
1.515687, 1.954443, 0.223317, 268.9336, 114.8682
1.498946, 1.954443, 0.4627324, 266.764, 115.4843
1.698459, 1.954443, 0.4766837, 281.9916, 115.5191
1.498946, 1.954443, 0.4627324, 266.764, 115.4843
1.498946, 1.766943, 0.4627325, 266.764, 129.8655
1.698459, 1.766943, 0.4766838, 281.9916, 129.8746
1.698459, 1.954443, 0.4766837, 281.9916, 115.5191
1.698459, 1.954443, 0.4766837, 281.9916, 115.5191
1.698459, 1.766943, 0.4766838, 281.9916, 129.8746
1.7152, 1.766943, 0.2372683, 284.6371, 129.7131
1.7152, 1.954443, 0.2372683, 284.6371, 114.9052
1.515687, 1.766943, 0.223317, 268.9336, 129.7034
1.7152, 1.766943, 0.2372683, 284.6371, 129.7131
1.698459, 1.766943, 0.4766838, 281.9916, 129.8746
1.498946, 1.766943, 0.4627325, 266.764, 129.8655
1.515687, 1.954443, 0.223317, 268.9336, 114.8682
1.515687, 1.766943, 0.223317, 268.9336, 129.7034
1.498946, 1.766943, 0.4627325, 266.764, 129.8655
1.498946, 1.954443, 0.4627324, 266.764, 115.4843
1.7152, 1.954443, 0.2372683, 284.6371, 114.9052
1.7152, 1.766943, 0.2372683, 284.6371, 129.7131
1.515687, 1.766943, 0.223317, 268.9336, 129.7034
1.515687, 1.954443, 0.223317, 268.9336, 114.8682
box4_Fairever(Clone) stack 85 Shelf_1 Rack_0_1_0
1.308248, 1.369311, 0.226747, 252.5151, 161.1526
1.108523, 1.369311, 0.2372142, 236.7243, 161.1166
1.120893, 1.369311, 0.4732538, 237.7705, 160.3296
1.320619, 1.369311, 0.4627866, 253.0863, 160.3635
1.120893, 1.369311, 0.4732538, 237.7705, 160.3296
1.120893, 1.204311, 0.4732538, 237.7705, 172.968
1.320619, 1.204311, 0.4627866, 253.0863, 173.0188
1.320619, 1.369311, 0.4627866, 253.0863, 160.3635
1.320619, 1.369311, 0.4627866, 253.0863, 160.3635
1.320619, 1.204311, 0.4627866, 253.0863, 173.0188
1.308248, 1.204311, 0.226747, 252.5151, 174.2017
1.308248, 1.369311, 0.226747, 252.5151, 161.1526
1.108523, 1.204311, 0.2372142, 236.7243, 174.1477
1.308248, 1.204311, 0.226747, 252.5151, 174.2017
1.320619, 1.204311, 0.4627866, 253.0863, 173.0188
1.120893, 1.204311, 0.4732538, 237.7705, 172.968
1.108523, 1.369311, 0.2372142, 236.7243, 161.1166
1.108523, 1.204311, 0.2372142, 236.7243, 174.1477
1.120893, 1.204311, 0.4732538, 237.7705, 172.968
1.120893, 1.369311, 0.4732538, 237.7705, 160.3296
1.308248, 1.369311, 0.226747, 252.5151, 161.1526
1.308248, 1.204311, 0.226747, 252.5151, 174.2017
1.108523, 1.204311, 0.2372142, 236.7243, 174.1477
1.108523, 1.369311, 0.2372142, 236.7243, 161.1166
box4_Fairever(Clone) stack 85 Shelf_1 Rack_0_1_0
1.320619, 1.534311, 0.2372142, 253.4749, 148.0855
1.120893, 1.534311, 0.226747, 237.6981, 148.1035
1.108523, 1.534311, 0.4627866, 236.8187, 147.7082
1.308248, 1.534311, 0.4732538, 252.1213, 147.6912
1.108523, 1.534311, 0.4627866, 236.8187, 147.7082
1.108523, 1.369311, 0.4627866, 236.8187, 160.3635
1.308248, 1.369311, 0.4732538, 252.1213, 160.3296
1.308248, 1.534311, 0.4732538, 252.1213, 147.6912
1.308248, 1.534311, 0.4732538, 252.1213, 147.6912
1.308248, 1.369311, 0.4732538, 252.1213, 160.3296
1.320619, 1.369311, 0.2372142, 253.4749, 161.1166
1.320619, 1.534311, 0.2372142, 253.4749, 148.0855
1.120893, 1.369311, 0.226747, 237.6981, 161.1526
1.320619, 1.369311, 0.2372142, 253.4749, 161.1166
1.308248, 1.369311, 0.4732538, 252.1213, 160.3296
1.108523, 1.369311, 0.4627866, 236.8187, 160.3635
1.120893, 1.534311, 0.226747, 237.6981, 148.1035
1.120893, 1.369311, 0.226747, 237.6981, 161.1526
1.108523, 1.369311, 0.4627866, 236.8187, 160.3635
1.108523, 1.534311, 0.4627866, 236.8187, 147.7082
1.320619, 1.534311, 0.2372142, 253.4749, 148.0855
1.320619, 1.369311, 0.2372142, 253.4749, 161.1166
1.120893, 1.369311, 0.226747, 237.6981, 161.1526
1.120893, 1.534311, 0.226747, 237.6981, 148.1035
box4_Fairever(Clone) stack 85 Shelf_1 Rack_0_1_0
1.32449, 1.699311, 0.2409839, 253.7738, 135.0544
1.125251, 1.699311, 0.2235528, 238.0419, 135.0545
1.104651, 1.699311, 0.4590169, 236.5201, 135.0529
1.30389, 1.699311, 0.476448, 251.7826, 135.0527
1.104651, 1.699311, 0.4590169, 236.5201, 135.0529
1.104651, 1.534311, 0.4590169, 236.5201, 147.7143
1.30389, 1.534311, 0.476448, 251.7826, 147.686
1.30389, 1.699311, 0.476448, 251.7826, 135.0527
1.30389, 1.699311, 0.476448, 251.7826, 135.0527
1.30389, 1.534311, 0.476448, 251.7826, 147.686
1.32449, 1.534311, 0.2409839, 253.7738, 148.079
1.32449, 1.699311, 0.2409839, 253.7738, 135.0544
1.125251, 1.534311, 0.2235527, 238.0419, 148.109
1.32449, 1.534311, 0.2409839, 253.7738, 148.079
1.30389, 1.534311, 0.476448, 251.7826, 147.686
1.104651, 1.534311, 0.4590169, 236.5201, 147.7143
1.125251, 1.699311, 0.2235528, 238.0419, 135.0545
1.125251, 1.534311, 0.2235527, 238.0419, 148.109
1.104651, 1.534311, 0.4590169, 236.5201, 147.7143
1.104651, 1.699311, 0.4590169, 236.5201, 135.0529
1.32449, 1.699311, 0.2409839, 253.7738, 135.0544
1.32449, 1.534311, 0.2409839, 253.7738, 148.079
1.125251, 1.534311, 0.2235527, 238.0419, 148.109
1.125251, 1.699311, 0.2235528, 238.0419, 135.0545
box4_Fairever(Clone) stack 85 Shelf_1 Rack_0_1_0
1.316618, 1.864311, 0.2335818, 253.1652, 122.0171
1.116648, 1.864311, 0.2300913, 237.3636, 122.0111
1.112523, 1.864311, 0.4664189, 237.1269, 122.4034
1.312493, 1.864311, 0.4699094, 252.4517, 122.409
1.112523, 1.864311, 0.4664189, 237.1269, 122.4034
1.112523, 1.699311, 0.4664189, 237.1269, 135.0528
1.312493, 1.699311, 0.4699094, 252.4517, 135.0528
1.312493, 1.864311, 0.4699094, 252.4517, 122.409
1.312493, 1.864311, 0.4699094, 252.4517, 122.409
1.312493, 1.699311, 0.4699094, 252.4517, 135.0528
1.316618, 1.699311, 0.2335818, 253.1652, 135.0544
1.316618, 1.864311, 0.2335818, 253.1652, 122.0171
1.116648, 1.699311, 0.2300914, 237.3636, 135.0545
1.316618, 1.699311, 0.2335818, 253.1652, 135.0544
1.312493, 1.699311, 0.4699094, 252.4517, 135.0528
1.112523, 1.699311, 0.4664189, 237.1269, 135.0528
1.116648, 1.864311, 0.2300913, 237.3636, 122.0111
1.116648, 1.699311, 0.2300914, 237.3636, 135.0545
1.112523, 1.699311, 0.4664189, 237.1269, 135.0528
1.112523, 1.864311, 0.4664189, 237.1269, 122.4034
1.316618, 1.864311, 0.2335818, 253.1652, 122.0171
1.316618, 1.699311, 0.2335818, 253.1652, 135.0544
1.116648, 1.699311, 0.2300914, 237.3636, 135.0545
1.116648, 1.864311, 0.2300913, 237.3636, 122.0111
box_7_litchi(Clone) stack 86 Shelf_2 Rack_0_1_0
1.353975, 2.599012, 0.2535512, 256.0747, 64.15167
1.154097, 2.599012, 0.2465713, 240.3232, 64.08665
1.147117, 2.599012, 0.4464495, 239.7784, 65.90234
1.346995, 2.599012, 0.4534294, 255.1275, 65.96407
1.147117, 2.599012, 0.4464495, 239.7784, 65.90234
1.147117, 2.389012, 0.4464495, 239.7784, 82.04285
1.346995, 2.389012, 0.4534294, 255.1275, 82.09015
1.346995, 2.599012, 0.4534294, 255.1275, 65.96407
1.346995, 2.599012, 0.4534294, 255.1275, 65.96407
1.346995, 2.389012, 0.4534294, 255.1275, 82.09015
1.353975, 2.389012, 0.2535512, 256.0747, 80.70111
1.353975, 2.599012, 0.2535512, 256.0747, 64.15167
1.154097, 2.389012, 0.2465713, 240.3232, 80.65128
1.353975, 2.389012, 0.2535512, 256.0747, 80.70111
1.346995, 2.389012, 0.4534294, 255.1275, 82.09015
1.147117, 2.389012, 0.4464495, 239.7784, 82.04285
1.154097, 2.599012, 0.2465713, 240.3232, 64.08665
1.154097, 2.389012, 0.2465713, 240.3232, 80.65128
1.147117, 2.389012, 0.4464495, 239.7784, 82.04285
1.147117, 2.599012, 0.4464495, 239.7784, 65.90234
1.353975, 2.599012, 0.2535512, 256.0747, 64.15167
1.353975, 2.389012, 0.2535512, 256.0747, 80.70111
1.154097, 2.389012, 0.2465713, 240.3232, 80.65128
1.154097, 2.599012, 0.2465713, 240.3232, 64.08665
box_7_litchi(Clone) stack 86 Shelf_2 Rack_0_1_0
1.355643, 2.809012, 0.255371, 256.2022, 47.62312
1.155917, 2.809012, 0.2449038, 240.4668, 47.50285
1.14545, 2.809012, 0.4446297, 239.6502, 49.74196
1.345176, 2.809012, 0.4550969, 254.9845, 49.85616
1.14545, 2.809012, 0.4446297, 239.6502, 49.74196
1.14545, 2.599012, 0.4446297, 239.6502, 65.88623
1.345176, 2.599012, 0.4550969, 254.9845, 65.97881
1.345176, 2.809012, 0.4550969, 254.9845, 49.85616
1.345176, 2.809012, 0.4550969, 254.9845, 49.85616
1.345176, 2.599012, 0.4550969, 254.9845, 65.97881
1.355643, 2.599012, 0.255371, 256.2022, 64.16859
1.355643, 2.809012, 0.255371, 256.2022, 47.62312
1.155917, 2.599012, 0.2449038, 240.4668, 64.07111
1.355643, 2.599012, 0.255371, 256.2022, 64.16859
1.345176, 2.599012, 0.4550969, 254.9845, 65.97881
1.14545, 2.599012, 0.4446297, 239.6502, 65.88623
1.155917, 2.809012, 0.2449038, 240.4668, 47.50285
1.155917, 2.599012, 0.2449038, 240.4668, 64.07111
1.14545, 2.599012, 0.4446297, 239.6502, 65.88623
1.14545, 2.809012, 0.4446297, 239.6502, 49.74196
1.355643, 2.809012, 0.255371, 256.2022, 47.62312
1.355643, 2.599012, 0.255371, 256.2022, 64.16859
1.155917, 2.599012, 0.2449038, 240.4668, 64.07111
1.155917, 2.809012, 0.2449038, 240.4668, 47.50285
box_7_litchi(Clone) stack 86 Shelf_2 Rack_0_1_0
1.339546, 3.019012, 0.2400953, 254.964, 30.86876
1.140641, 3.019012, 0.2610011, 239.2632, 31.15442
1.161547, 3.019012, 0.4599054, 240.886, 33.79579
1.360451, 3.019012, 0.4389997, 256.1906, 33.52451
1.161547, 3.019012, 0.4599054, 240.886, 33.79579
1.161547, 2.809012, 0.4599054, 240.886, 49.90851
1.360451, 2.809012, 0.4389997, 256.1906, 49.68042
1.360451, 3.019012, 0.4389997, 256.1906, 33.52451
1.360451, 3.019012, 0.4389997, 256.1906, 33.52451
1.360451, 2.809012, 0.4389997, 256.1906, 49.68042
1.339546, 2.809012, 0.2400953, 254.964, 47.44748
1.339546, 3.019012, 0.2400953, 254.964, 30.86876
1.140641, 2.809012, 0.2610011, 239.2632, 47.68767
1.339546, 2.809012, 0.2400953, 254.964, 47.44748
1.360451, 2.809012, 0.4389997, 256.1906, 49.68042
1.161547, 2.809012, 0.4599054, 240.886, 49.90851
1.140641, 3.019012, 0.2610011, 239.2632, 31.15442
1.140641, 2.809012, 0.2610011, 239.2632, 47.68767
1.161547, 2.809012, 0.4599054, 240.886, 49.90851
1.161547, 3.019012, 0.4599054, 240.886, 33.79579
1.339546, 3.019012, 0.2400953, 254.964, 30.86876
1.339546, 2.809012, 0.2400953, 254.964, 47.44748
1.140641, 2.809012, 0.2610011, 239.2632, 47.68767
1.140641, 3.019012, 0.2610011, 239.2632, 31.15442
box_7_litchi(Clone) stack 86 Shelf_2 Rack_0_1_0
1.339546, 3.229012, 0.2400953, 254.964, 14.29001
1.140641, 3.229012, 0.2610011, 239.2632, 14.62114
1.161547, 3.229012, 0.4599054, 240.886, 17.68304
1.360451, 3.229012, 0.4389997, 256.1906, 17.36856
1.161547, 3.229012, 0.4599054, 240.886, 17.68304
1.161547, 3.019012, 0.4599054, 240.886, 33.79579
1.360451, 3.019012, 0.4389997, 256.1906, 33.52451
1.360451, 3.229012, 0.4389997, 256.1906, 17.36856
1.360451, 3.229012, 0.4389997, 256.1906, 17.36856
1.360451, 3.019012, 0.4389997, 256.1906, 33.52451
1.339546, 3.019012, 0.2400953, 254.964, 30.86876
1.339546, 3.229012, 0.2400953, 254.964, 14.29001
1.140641, 3.019012, 0.2610011, 239.2632, 31.15442
1.339546, 3.019012, 0.2400953, 254.964, 30.86876
1.360451, 3.019012, 0.4389997, 256.1906, 33.52451
1.161547, 3.019012, 0.4599054, 240.886, 33.79579
1.140641, 3.229012, 0.2610011, 239.2632, 14.62114
1.140641, 3.019012, 0.2610011, 239.2632, 31.15442
1.161547, 3.019012, 0.4599054, 240.886, 33.79579
1.161547, 3.229012, 0.4599054, 240.886, 17.68304
1.339546, 3.229012, 0.2400953, 254.964, 14.29001
1.339546, 3.019012, 0.2400953, 254.964, 30.86876
1.140641, 3.019012, 0.2610011, 239.2632, 31.15442
1.140641, 3.229012, 0.2610011, 239.2632, 14.62114
box_1_Parle-G-GOLD(Clone) stack 87 Shelf_2 Rack_0_1_0
1.74073, 2.560843, 0.2528824, 286.5577, 67.15372
1.541217, 2.560843, 0.2389311, 270.89, 67.02914
1.526659, 2.560843, 0.4471184, 268.9474, 68.84169
1.726172, 2.560843, 0.4610697, 284.2015, 68.9597
1.526659, 2.560843, 0.4471184, 268.9474, 68.84169
1.526659, 2.388343, 0.4471184, 268.9474, 82.09882
1.726172, 2.388343, 0.4610697, 284.2015, 82.19319
1.726172, 2.560843, 0.4610697, 284.2015, 68.9597
1.726172, 2.560843, 0.4610697, 284.2015, 68.9597
1.726172, 2.388343, 0.4610697, 284.2015, 82.19319
1.74073, 2.388343, 0.2528824, 286.5577, 80.7491
1.74073, 2.560843, 0.2528824, 286.5577, 67.15372
1.541217, 2.388343, 0.2389311, 270.89, 80.64948
1.74073, 2.388343, 0.2528824, 286.5577, 80.7491
1.726172, 2.388343, 0.4610697, 284.2015, 82.19319
1.526659, 2.388343, 0.4471184, 268.9474, 82.09882
1.541217, 2.560843, 0.2389311, 270.89, 67.02914
1.541217, 2.388343, 0.2389311, 270.89, 80.64948
1.526659, 2.388343, 0.4471184, 268.9474, 82.09882
1.526659, 2.560843, 0.4471184, 268.9474, 68.84169
1.74073, 2.560843, 0.2528824, 286.5577, 67.15372
1.74073, 2.388343, 0.2528824, 286.5577, 80.7491
1.541217, 2.388343, 0.2389311, 270.89, 80.64948
1.541217, 2.560843, 0.2389311, 270.89, 67.02914
box_1_Parle-G-GOLD(Clone) stack 87 Shelf_2 Rack_0_1_0
1.742409, 2.733343, 0.2547652, 286.6784, 53.57848
1.54317, 2.733343, 0.2373341, 271.0506, 53.39168
1.524981, 2.733343, 0.4452356, 268.8253, 55.5654
1.72422, 2.733343, 0.4626667, 284.0428, 55.7424
1.524981, 2.733343, 0.4452356, 268.8253, 55.5654
1.524981, 2.560843, 0.4452356, 268.8253, 68.82573
1.72422, 2.560843, 0.4626667, 284.0428, 68.97318
1.72422, 2.733343, 0.4626667, 284.0428, 55.7424
1.72422, 2.733343, 0.4626667, 284.0428, 55.7424
1.72422, 2.560843, 0.4626667, 284.0428, 68.97318
1.742409, 2.560843, 0.2547652, 286.6784, 67.17049
1.742409, 2.733343, 0.2547652, 286.6784, 53.57848
1.54317, 2.560843, 0.237334, 271.0506, 67.01486
1.742409, 2.560843, 0.2547652, 286.6784, 67.17049
1.72422, 2.560843, 0.4626667, 284.0428, 68.97318
1.524981, 2.560843, 0.4452356, 268.8253, 68.82573
1.54317, 2.733343, 0.2373341, 271.0506, 53.39168
1.54317, 2.560843, 0.237334, 271.0506, 67.01486
1.524981, 2.560843, 0.4452356, 268.8253, 68.82573
1.524981, 2.733343, 0.4452356, 268.8253, 55.5654
1.742409, 2.733343, 0.2547652, 286.6784, 53.57848
1.742409, 2.560843, 0.2547652, 286.6784, 67.17049
1.54317, 2.560843, 0.237334, 271.0506, 67.01486
1.54317, 2.733343, 0.2373341, 271.0506, 53.39168
box_3_Hareli(Clone) stack 88 Shelf_2 Rack_0_1_0
2.109324, 2.538451, 0.2332926, 315.803, 68.74805
1.909811, 2.538451, 0.2472439, 299.928, 68.86955
1.925158, 2.538451, 0.4667081, 299.424, 70.72386
2.12467, 2.538451, 0.4527568, 314.8522, 70.60909
1.925158, 2.538451, 0.4667081, 299.424, 70.72386
1.925158, 2.388451, 0.4667081, 299.424, 82.22295
2.12467, 2.388451, 0.4527568, 314.8522, 82.12871
2.12467, 2.538451, 0.4527568, 314.8522, 70.60909
2.12467, 2.538451, 0.4527568, 314.8522, 70.60909
2.12467, 2.388451, 0.4527568, 314.8522, 82.12871
2.109324, 2.388451, 0.2332927, 315.803, 80.60062
2.109324, 2.538451, 0.2332926, 315.803, 68.74805
1.909811, 2.388451, 0.247244, 299.928, 80.70038
2.109324, 2.388451, 0.2332927, 315.803, 80.60062
2.12467, 2.388451, 0.4527568, 314.8522, 82.12871
1.925158, 2.388451, 0.4667081, 299.424, 82.22295
1.909811, 2.538451, 0.2472439, 299.928, 68.86955
1.909811, 2.388451, 0.247244, 299.928, 80.70038
1.925158, 2.388451, 0.4667081, 299.424, 82.22295
1.925158, 2.538451, 0.4667081, 299.424, 70.72386
2.109324, 2.538451, 0.2332926, 315.803, 68.74805
2.109324, 2.388451, 0.2332927, 315.803, 80.60062
1.909811, 2.388451, 0.247244, 299.928, 80.70038
1.909811, 2.538451, 0.2472439, 299.928, 68.86955
box_3_Hareli(Clone) stack 88 Shelf_2 Rack_0_1_0
2.115306, 2.688451, 0.2382718, 316.2257, 56.94664
1.915336, 2.688451, 0.2417623, 300.4073, 56.98248
1.919176, 2.688451, 0.4617289, 299.003, 59.17654
2.119145, 2.688451, 0.4582384, 314.3758, 59.14267
1.919176, 2.688451, 0.4617289, 299.003, 59.17654
1.919176, 2.538451, 0.4617289, 299.003, 70.68292
2.119145, 2.538451, 0.4582384, 314.3758, 70.65422
2.119145, 2.688451, 0.4582384, 314.3758, 59.14267
2.119145, 2.688451, 0.4582384, 314.3758, 59.14267
2.119145, 2.538451, 0.4582384, 314.3758, 70.65422
2.115306, 2.538451, 0.2382719, 316.2257, 68.79146
2.115306, 2.688451, 0.2382718, 316.2257, 56.94664
1.915336, 2.538451, 0.2417624, 300.4073, 68.82185
2.115306, 2.538451, 0.2382719, 316.2257, 68.79146
2.119145, 2.538451, 0.4582384, 314.3758, 70.65422
1.919176, 2.538451, 0.4617289, 299.003, 70.68292
1.915336, 2.688451, 0.2417623, 300.4073, 56.98248
1.915336, 2.538451, 0.2417624, 300.4073, 68.82185
1.919176, 2.538451, 0.4617289, 299.003, 70.68292
1.919176, 2.688451, 0.4617289, 299.003, 59.17654
2.115306, 2.688451, 0.2382718, 316.2257, 56.94664
2.115306, 2.538451, 0.2382719, 316.2257, 68.79146
1.915336, 2.538451, 0.2417624, 300.4073, 68.82185
1.915336, 2.688451, 0.2417623, 300.4073, 56.98248
box_3_Hareli(Clone) stack 88 Shelf_2 Rack_0_1_0
2.107273, 2.838451, 0.2317034, 315.6568, 45.02405
1.908034, 2.838451, 0.2491345, 299.773, 45.23019
1.927208, 2.838451, 0.4682974, 299.5692, 47.74339
2.126447, 2.838451, 0.4508663, 315.0069, 47.54866
1.927208, 2.838451, 0.4682974, 299.5692, 47.74339
1.927208, 2.688451, 0.4682974, 299.5692, 59.24014
2.126447, 2.688451, 0.4508663, 315.0069, 59.07108
2.126447, 2.838451, 0.4508663, 315.0069, 47.54866
2.126447, 2.838451, 0.4508663, 315.0069, 47.54866
2.126447, 2.688451, 0.4508663, 315.0069, 59.07108
2.107273, 2.688451, 0.2317034, 315.6568, 56.87909
2.107273, 2.838451, 0.2317034, 315.6568, 45.02405
1.908034, 2.688451, 0.2491345, 299.773, 57.05807
2.107273, 2.688451, 0.2317034, 315.6568, 56.87909
2.126447, 2.688451, 0.4508663, 315.0069, 59.07108
1.927208, 2.688451, 0.4682974, 299.5692, 59.24014
1.908034, 2.838451, 0.2491345, 299.773, 45.23019
1.908034, 2.688451, 0.2491345, 299.773, 57.05807
1.927208, 2.688451, 0.4682974, 299.5692, 59.24014
1.927208, 2.838451, 0.4682974, 299.5692, 47.74339
2.107273, 2.838451, 0.2317034, 315.6568, 45.02405
2.107273, 2.688451, 0.2317034, 315.6568, 56.87909
1.908034, 2.688451, 0.2491345, 299.773, 57.05807
1.908034, 2.838451, 0.2491345, 299.773, 45.23019
box_3_Hareli(Clone) stack 88 Shelf_2 Rack_0_1_0
2.121019, 2.988451, 0.2435573, 316.6235, 33.32776
1.921141, 2.988451, 0.2365774, 300.907, 33.23434
1.913463, 2.988451, 0.4564434, 298.6044, 36.09686
2.113341, 2.988451, 0.4634233, 313.8813, 36.1851
1.913463, 2.988451, 0.4564434, 298.6044, 36.09686
1.913463, 2.838451, 0.4564435, 298.6044, 47.61104
2.113341, 2.838451, 0.4634234, 313.8813, 47.68901
2.113341, 2.988451, 0.4634233, 313.8813, 36.1851
2.113341, 2.988451, 0.4634233, 313.8813, 36.1851
2.113341, 2.838451, 0.4634234, 313.8813, 47.68901
2.121019, 2.838451, 0.2435573, 316.6235, 45.16434
2.121019, 2.988451, 0.2435573, 316.6235, 33.32776
1.921141, 2.838451, 0.2365774, 300.907, 45.08177
2.121019, 2.838451, 0.2435573, 316.6235, 45.16434
2.113341, 2.838451, 0.4634234, 313.8813, 47.68901
1.913463, 2.838451, 0.4564435, 298.6044, 47.61104
1.921141, 2.988451, 0.2365774, 300.907, 33.23434
1.921141, 2.838451, 0.2365774, 300.907, 45.08177
1.913463, 2.838451, 0.4564435, 298.6044, 47.61104
1.913463, 2.988451, 0.4564434, 298.6044, 36.09686
2.121019, 2.988451, 0.2435573, 316.6235, 33.32776
2.121019, 2.838451, 0.2435573, 316.6235, 45.16434
1.921141, 2.838451, 0.2365774, 300.907, 45.08177
1.921141, 2.988451, 0.2365774, 300.907, 33.23434
box_8_lizol(Clone) stack 89 Shelf_2 Rack_0_1_0
2.487803, 2.565368, 0.2215317, 345.8733, 66.51503
2.288077, 2.565368, 0.2319989, 329.9429, 66.60945
2.300994, 2.565368, 0.4784691, 328.1035, 68.75989
2.50072, 2.565368, 0.4680019, 343.5299, 68.67131
2.300994, 2.565368, 0.4784691, 328.1035, 68.75989
2.300994, 2.389118, 0.4784691, 328.1035, 82.25104
2.50072, 2.389118, 0.4680019, 343.5299, 82.18053
2.50072, 2.565368, 0.4680019, 343.5299, 68.67131
2.50072, 2.565368, 0.4680019, 343.5299, 68.67131
2.50072, 2.389118, 0.4680019, 343.5299, 82.18053
2.487803, 2.389118, 0.2215317, 345.8733, 80.46341
2.487803, 2.565368, 0.2215317, 345.8733, 66.51503
2.288077, 2.389118, 0.2319989, 329.9429, 80.53859
2.487803, 2.389118, 0.2215317, 345.8733, 80.46341
2.50072, 2.389118, 0.4680019, 343.5299, 82.18053
2.300994, 2.389118, 0.4784691, 328.1035, 82.25104
2.288077, 2.565368, 0.2319989, 329.9429, 66.60945
2.288077, 2.389118, 0.2319989, 329.9429, 80.53859
2.300994, 2.389118, 0.4784691, 328.1035, 82.25104
2.300994, 2.565368, 0.4784691, 328.1035, 68.75989
2.487803, 2.565368, 0.2215317, 345.8733, 66.51503
2.487803, 2.389118, 0.2215317, 345.8733, 80.46341
2.288077, 2.389118, 0.2319989, 329.9429, 80.53859
2.288077, 2.565368, 0.2319989, 329.9429, 66.60945
box_2_Parle-G(Clone) stack 90 Shelf_0 Rack_0_1_1
-0.7993499, 0.2744219, 0.2931767, 87.17331, 246.7636
-0.9982544, 0.2744219, 0.272271, 71.1181, 247.0698
-1.012396, 0.2744219, 0.406824, 72.95132, 245.1283
-0.813492, 0.2744219, 0.4277297, 88.7242, 244.8326
-1.012396, 0.2744219, 0.406824, 72.95132, 245.1283
-1.012396, 0.01942196, 0.406824, 72.95132, 264.8275
-0.813492, 0.01942196, 0.4277297, 88.7242, 264.4789
-0.813492, 0.2744219, 0.4277297, 88.7242, 244.8326
-0.813492, 0.2744219, 0.4277297, 88.7242, 244.8326
-0.813492, 0.01942196, 0.4277297, 88.7242, 264.4789
-0.7993499, 0.01942196, 0.2931767, 87.17331, 266.7553
-0.7993499, 0.2744219, 0.2931767, 87.17331, 246.7636
-0.9982544, 0.01942196, 0.272271, 71.1181, 267.1162
-0.7993499, 0.01942196, 0.2931767, 87.17331, 266.7553
-0.813492, 0.01942196, 0.4277297, 88.7242, 264.4789
-1.012396, 0.01942196, 0.406824, 72.95132, 264.8275
-0.9982544, 0.2744219, 0.272271, 71.1181, 247.0698
-0.9982544, 0.01942196, 0.272271, 71.1181, 267.1162
-1.012396, 0.01942196, 0.406824, 72.95132, 264.8275
-1.012396, 0.2744219, 0.406824, 72.95132, 245.1283
-0.7993499, 0.2744219, 0.2931767, 87.17331, 246.7636
-0.7993499, 0.01942196, 0.2931767, 87.17331, 266.7553
-0.9982544, 0.01942196, 0.272271, 71.1181, 267.1162
-0.9982544, 0.2744219, 0.272271, 71.1181, 247.0698
box_2_Parle-G(Clone) stack 90 Shelf_0 Rack_0_1_1
-0.7993499, 0.5294219, 0.2931767, 87.17331, 226.7719
-0.9982544, 0.5294219, 0.272271, 71.1181, 227.0233
-1.012396, 0.5294219, 0.406824, 72.95132, 225.4291
-0.813492, 0.5294219, 0.4277297, 88.7242, 225.1863
-1.012396, 0.5294219, 0.406824, 72.95132, 225.4291
-1.012396, 0.2744219, 0.406824, 72.95132, 245.1283
-0.813492, 0.2744219, 0.4277297, 88.7242, 244.8326
-0.813492, 0.5294219, 0.4277297, 88.7242, 225.1863
-0.813492, 0.5294219, 0.4277297, 88.7242, 225.1863
-0.813492, 0.2744219, 0.4277297, 88.7242, 244.8326
-0.7993499, 0.2744219, 0.2931767, 87.17331, 246.7636
-0.7993499, 0.5294219, 0.2931767, 87.17331, 226.7719
-0.9982544, 0.2744219, 0.272271, 71.1181, 247.0698
-0.7993499, 0.2744219, 0.2931767, 87.17331, 246.7636
-0.813492, 0.2744219, 0.4277297, 88.7242, 244.8326
-1.012396, 0.2744219, 0.406824, 72.95132, 245.1283
-0.9982544, 0.5294219, 0.272271, 71.1181, 227.0233
-0.9982544, 0.2744219, 0.272271, 71.1181, 247.0698
-1.012396, 0.2744219, 0.406824, 72.95132, 245.1283
-1.012396, 0.5294219, 0.406824, 72.95132, 225.4291
-0.7993499, 0.5294219, 0.2931767, 87.17331, 226.7719
-0.7993499, 0.2744219, 0.2931767, 87.17331, 246.7636
-0.9982544, 0.2744219, 0.272271, 71.1181, 247.0698
-0.9982544, 0.5294219, 0.272271, 71.1181, 227.0233
box_2_Parle-G(Clone) stack 90 Shelf_0 Rack_0_1_1
-0.813492, 0.7844219, 0.272271, 85.64292, 206.9769
-1.012396, 0.7844219, 0.2931767, 70.4707, 206.7802
-0.9982544, 0.7844219, 0.4277297, 74.48932, 205.5401
-0.7993499, 0.7844219, 0.406824, 89.40953, 205.7299
-0.9982544, 0.7844219, 0.4277297, 74.48932, 205.5401
-0.9982544, 0.5294219, 0.4277297, 74.48932, 225.1863
-0.7993499, 0.5294219, 0.406824, 89.40953, 225.4291
-0.7993499, 0.7844219, 0.406824, 89.40953, 205.7299
-0.7993499, 0.7844219, 0.406824, 89.40953, 205.7299
-0.7993499, 0.5294219, 0.406824, 89.40953, 225.4291
-0.813492, 0.5294219, 0.272271, 85.64292, 227.0233
-0.813492, 0.7844219, 0.272271, 85.64292, 206.9769
-1.012396, 0.5294219, 0.2931767, 70.4707, 226.7719
-0.813492, 0.5294219, 0.272271, 85.64292, 227.0233
-0.7993499, 0.5294219, 0.406824, 89.40953, 225.4291
-0.9982544, 0.5294219, 0.4277297, 74.48932, 225.1863
-1.012396, 0.7844219, 0.2931767, 70.4707, 206.7802
-1.012396, 0.5294219, 0.2931767, 70.4707, 226.7719
-0.9982544, 0.5294219, 0.4277297, 74.48932, 225.1863
-0.9982544, 0.7844219, 0.4277297, 74.48932, 205.5401
-0.813492, 0.7844219, 0.272271, 85.64292, 206.9769
-0.813492, 0.5294219, 0.272271, 85.64292, 227.0233
-1.012396, 0.5294219, 0.2931767, 70.4707, 226.7719
-1.012396, 0.7844219, 0.2931767, 70.4707, 206.7802
box_8_lizol(Clone) stack 92 Shelf_0 Rack_0_1_1
-0.04045259, 0.1961813, 0.2199211, 145.768, 254.037
-0.2399654, 0.1961813, 0.2338724, 130.1773, 253.8183
-0.2227489, 0.1961813, 0.4800797, 134.9438, 250.087
-0.0232361, 0.1961813, 0.4661284, 150.0524, 250.2922
-0.2227489, 0.1961813, 0.4800797, 134.9438, 250.087
-0.2227489, 0.01993132, 0.4800797, 134.9438, 263.5754
-0.0232361, 0.01993132, 0.4661284, 150.0524, 263.8046
-0.0232361, 0.1961813, 0.4661284, 150.0524, 250.2922
-0.0232361, 0.1961813, 0.4661284, 150.0524, 250.2922
-0.0232361, 0.01993132, 0.4661284, 150.0524, 263.8046
-0.04045259, 0.01993129, 0.2199211, 145.768, 267.9884
-0.04045259, 0.1961813, 0.2199211, 145.768, 254.037
-0.2399654, 0.01993129, 0.2338724, 130.1773, 267.744
-0.04045259, 0.01993129, 0.2199211, 145.768, 267.9884
-0.0232361, 0.01993132, 0.4661284, 150.0524, 263.8046
-0.2227489, 0.01993132, 0.4800797, 134.9438, 263.5754
-0.2399654, 0.1961813, 0.2338724, 130.1773, 253.8183
-0.2399654, 0.01993129, 0.2338724, 130.1773, 267.744
-0.2227489, 0.01993132, 0.4800797, 134.9438, 263.5754
-0.2227489, 0.1961813, 0.4800797, 134.9438, 250.087
-0.04045259, 0.1961813, 0.2199211, 145.768, 254.037
-0.04045259, 0.01993129, 0.2199211, 145.768, 267.9884
-0.2399654, 0.01993129, 0.2338724, 130.1773, 267.744
-0.2399654, 0.1961813, 0.2338724, 130.1773, 253.8183
box_8_lizol(Clone) stack 92 Shelf_0 Rack_0_1_1
-0.02735492, 0.3724313, 0.2301612, 146.9305, 239.9439
-0.2272331, 0.3724313, 0.2231813, 131.0299, 240.0405
-0.2358465, 0.3724313, 0.4698395, 133.8027, 236.7315
-0.03596842, 0.3724313, 0.4768194, 149.2003, 236.6409
-0.2358465, 0.3724313, 0.4698395, 133.8027, 236.7315
-0.2358465, 0.1961813, 0.4698395, 133.8027, 250.2375
-0.03596842, 0.1961813, 0.4768195, 149.2003, 250.1349
-0.03596842, 0.3724313, 0.4768194, 149.2003, 236.6409
-0.03596842, 0.3724313, 0.4768194, 149.2003, 236.6409
-0.03596842, 0.1961813, 0.4768195, 149.2003, 250.1349
-0.02735492, 0.1961813, 0.2301612, 146.9305, 253.8764
-0.02735492, 0.3724313, 0.2301612, 146.9305, 239.9439
-0.2272331, 0.1961813, 0.2231813, 131.0299, 253.9859
-0.02735492, 0.1961813, 0.2301612, 146.9305, 253.8764
-0.03596842, 0.1961813, 0.4768195, 149.2003, 250.1349
-0.2358465, 0.1961813, 0.4698395, 133.8027, 250.2375
-0.2272331, 0.3724313, 0.2231813, 131.0299, 240.0405
-0.2272331, 0.1961813, 0.2231813, 131.0299, 253.9859
-0.2358465, 0.1961813, 0.4698395, 133.8027, 250.2375
-0.2358465, 0.3724313, 0.4698395, 133.8027, 236.7315
-0.02735492, 0.3724313, 0.2301612, 146.9305, 239.9439
-0.02735492, 0.1961813, 0.2301612, 146.9305, 253.8764
-0.2272331, 0.1961813, 0.2231813, 131.0299, 253.9859
-0.2272331, 0.3724313, 0.2231813, 131.0299, 240.0405
box_8_lizol(Clone) stack 92 Shelf_0 Rack_0_1_1
-0.02527931, 0.5486813, 0.2319989, 147.117, 225.9894
-0.2250052, 0.5486813, 0.2215317, 131.1826, 226.115
-0.2379222, 0.5486813, 0.4680019, 133.6187, 223.2462
-0.03819626, 0.5486813, 0.4784691, 149.0489, 223.1283
-0.2379222, 0.5486813, 0.4680019, 133.6187, 223.2462
-0.2379222, 0.3724313, 0.4680019, 133.6187, 236.7554
-0.03819626, 0.3724313, 0.4784691, 149.0489, 236.6195
-0.03819626, 0.5486813, 0.4784691, 149.0489, 223.1283
-0.03819626, 0.5486813, 0.4784691, 149.0489, 223.1283
-0.03819626, 0.3724313, 0.4784691, 149.0489, 236.6195
-0.02527931, 0.3724313, 0.2319989, 147.117, 239.9185
-0.02527931, 0.5486813, 0.2319989, 147.117, 225.9894
-0.2250052, 0.3724313, 0.2215317, 131.1826, 240.0634
-0.02527931, 0.3724313, 0.2319989, 147.117, 239.9185
-0.03819626, 0.3724313, 0.4784691, 149.0489, 236.6195
-0.2379222, 0.3724313, 0.4680019, 133.6187, 236.7554
-0.2250052, 0.5486813, 0.2215317, 131.1826, 226.115
-0.2250052, 0.3724313, 0.2215317, 131.1826, 240.0634
-0.2379222, 0.3724313, 0.4680019, 133.6187, 236.7554
-0.2379222, 0.5486813, 0.4680019, 133.6187, 223.2462
-0.02527931, 0.5486813, 0.2319989, 147.117, 225.9894
-0.02527931, 0.3724313, 0.2319989, 147.117, 239.9185
-0.2250052, 0.3724313, 0.2215317, 131.1826, 240.0634
-0.2250052, 0.5486813, 0.2215317, 131.1826, 226.115
box_7_litchi(Clone) stack 94 Shelf_1 Rack_0_1_1
-0.818454, 1.414419, 0.2432683, 84.66256, 157.5362
-1.017967, 1.414419, 0.2572196, 69.23167, 157.4949
-1.004015, 1.414419, 0.4567324, 74.66119, 156.9208
-0.8045027, 1.414419, 0.4427811, 89.70724, 156.96
-1.004015, 1.414419, 0.4567324, 74.66119, 156.9208
-1.004015, 1.204419, 0.4567324, 74.66119, 173.04
-0.8045027, 1.204419, 0.4427811, 89.70724, 173.108
-0.8045027, 1.414419, 0.4427811, 89.70724, 156.96
-0.8045027, 1.414419, 0.4427811, 89.70724, 156.96
-0.8045027, 1.204419, 0.4427811, 89.70724, 173.108
-0.818454, 1.204419, 0.2432683, 84.66256, 174.108
-0.818454, 1.414419, 0.2432683, 84.66256, 157.5362
-1.017967, 1.204419, 0.2572196, 69.23167, 174.0364
-0.818454, 1.204419, 0.2432683, 84.66256, 174.108
-0.8045027, 1.204419, 0.4427811, 89.70724, 173.108
-1.004015, 1.204419, 0.4567324, 74.66119, 173.04
-1.017967, 1.414419, 0.2572196, 69.23167, 157.4949
-1.017967, 1.204419, 0.2572196, 69.23167, 174.0364
-1.004015, 1.204419, 0.4567324, 74.66119, 173.04
-1.004015, 1.414419, 0.4567324, 74.66119, 156.9208
-0.818454, 1.414419, 0.2432683, 84.66256, 157.5362
-0.818454, 1.204419, 0.2432683, 84.66256, 174.108
-1.017967, 1.204419, 0.2572196, 69.23167, 174.0364
-1.017967, 1.414419, 0.2572196, 69.23167, 157.4949
box_7_litchi(Clone) stack 94 Shelf_1 Rack_0_1_1
-0.8095047, 1.624419, 0.2517608, 85.54131, 140.9577
-1.009474, 1.624419, 0.2482703, 69.70052, 140.9604
-1.012965, 1.624419, 0.4482399, 73.79369, 140.8078
-0.8129952, 1.624419, 0.4517304, 89.22713, 140.8052
-1.012965, 1.624419, 0.4482399, 73.79369, 140.8078
-1.012965, 1.414419, 0.4482399, 73.79369, 156.9446
-0.8129952, 1.414419, 0.4517304, 89.22713, 156.9348
-0.8129952, 1.624419, 0.4517304, 89.22713, 140.8052
-0.8129952, 1.624419, 0.4517304, 89.22713, 140.8052
-0.8129952, 1.414419, 0.4517304, 89.22713, 156.9348
-0.8095047, 1.414419, 0.2517608, 85.54131, 157.511
-0.8095047, 1.624419, 0.2517608, 85.54131, 140.9577
-1.009474, 1.414419, 0.2482704, 69.70052, 157.5214
-0.8095047, 1.414419, 0.2517608, 85.54131, 157.511
-0.8129952, 1.414419, 0.4517304, 89.22713, 156.9348
-1.012965, 1.414419, 0.4482399, 73.79369, 156.9446
-1.009474, 1.624419, 0.2482703, 69.70052, 140.9604
-1.009474, 1.414419, 0.2482704, 69.70052, 157.5214
-1.012965, 1.414419, 0.4482399, 73.79369, 156.9446
-1.012965, 1.624419, 0.4482399, 73.79369, 140.8078
-0.8095047, 1.624419, 0.2517608, 85.54131, 140.9577
-0.8095047, 1.414419, 0.2517608, 85.54131, 157.511
-1.009474, 1.414419, 0.2482704, 69.70052, 157.5214
-1.009474, 1.624419, 0.2482703, 69.70052, 140.9604
box_7_litchi(Clone) stack 95 Shelf_1 Rack_0_1_1
-0.4251851, 1.414419, 0.2482703, 115.7785, 157.5214
-0.6251546, 1.414419, 0.2517608, 100.0728, 157.511
-0.6216642, 1.414419, 0.4517304, 103.9228, 156.9348
-0.4216946, 1.414419, 0.4482399, 119.228, 156.9446
-0.6216642, 1.414419, 0.4517304, 103.9228, 156.9348
-0.6216642, 1.204419, 0.4517304, 103.9228, 173.0644
-0.4216946, 1.204419, 0.4482399, 119.228, 173.0814
-0.4216946, 1.414419, 0.4482399, 119.228, 156.9446
-0.4216946, 1.414419, 0.4482399, 119.228, 156.9446
-0.4216946, 1.204419, 0.4482399, 119.228, 173.0814
-0.4251851, 1.204419, 0.2482704, 115.7785, 174.0823
-0.4251851, 1.414419, 0.2482703, 115.7785, 157.5214
-0.6251546, 1.204419, 0.2517608, 100.0728, 174.0644
-0.4251851, 1.204419, 0.2482704, 115.7785, 174.0823
-0.4216946, 1.204419, 0.4482399, 119.228, 173.0814
-0.6216642, 1.204419, 0.4517304, 103.9228, 173.0644
-0.6251546, 1.414419, 0.2517608, 100.0728, 157.511
-0.6251546, 1.204419, 0.2517608, 100.0728, 174.0644
-0.6216642, 1.204419, 0.4517304, 103.9228, 173.0644
-0.6216642, 1.414419, 0.4517304, 103.9228, 156.9348
-0.4251851, 1.414419, 0.2482703, 115.7785, 157.5214
-0.4251851, 1.204419, 0.2482704, 115.7785, 174.0823
-0.6251546, 1.204419, 0.2517608, 100.0728, 174.0644
-0.6251546, 1.414419, 0.2517608, 100.0728, 157.511
box_7_litchi(Clone) stack 95 Shelf_1 Rack_0_1_1
-0.4135196, 1.624419, 0.2610011, 116.9044, 140.9505
-0.612424, 1.624419, 0.2400953, 100.863, 140.9669
-0.6333297, 1.624419, 0.4389997, 102.8032, 140.8147
-0.4344253, 1.624419, 0.4599054, 118.4314, 140.7991
-0.6333297, 1.624419, 0.4389997, 102.8032, 140.8147
-0.6333297, 1.414419, 0.4389997, 102.8032, 156.9706
-0.4344253, 1.414419, 0.4599054, 118.4314, 156.9119
-0.4344253, 1.624419, 0.4599054, 118.4314, 140.7991
-0.4344253, 1.624419, 0.4599054, 118.4314, 140.7991
-0.4344253, 1.414419, 0.4599054, 118.4314, 156.9119
-0.4135196, 1.414419, 0.2610011, 116.9044, 157.4837
-0.4135196, 1.624419, 0.2610011, 116.9044, 140.9505
-0.612424, 1.414419, 0.2400953, 100.863, 157.5456
-0.4135196, 1.414419, 0.2610011, 116.9044, 157.4837
-0.4344253, 1.414419, 0.4599054, 118.4314, 156.9119
-0.6333297, 1.414419, 0.4389997, 102.8032, 156.9706
-0.612424, 1.624419, 0.2400953, 100.863, 140.9669
-0.612424, 1.414419, 0.2400953, 100.863, 157.5456
-0.6333297, 1.414419, 0.4389997, 102.8032, 156.9706
-0.6333297, 1.624419, 0.4389997, 102.8032, 140.8147
-0.4135196, 1.624419, 0.2610011, 116.9044, 140.9505
-0.4135196, 1.414419, 0.2610011, 116.9044, 157.4837
-0.612424, 1.414419, 0.2400953, 100.863, 157.5456
-0.612424, 1.624419, 0.2400953, 100.863, 140.9669
box_7_litchi(Clone) stack 95 Shelf_1 Rack_0_1_1
-0.4119831, 1.834419, 0.2629327, 117.0565, 124.4199
-0.6104923, 1.834419, 0.2385588, 100.9874, 124.386
-0.6348662, 1.834419, 0.4370681, 102.651, 124.6562
-0.436357, 1.834419, 0.4614419, 118.3071, 124.6884
-0.6348662, 1.834419, 0.4370681, 102.651, 124.6562
-0.6348662, 1.624419, 0.4370681, 102.651, 140.8161
-0.436357, 1.624419, 0.4614419, 118.3071, 140.798
-0.436357, 1.834419, 0.4614419, 118.3071, 124.6884
-0.436357, 1.834419, 0.4614419, 118.3071, 124.6884
-0.436357, 1.624419, 0.4614419, 118.3071, 140.798
-0.4119831, 1.624419, 0.2629327, 117.0565, 140.949
-0.4119831, 1.834419, 0.2629327, 117.0565, 124.4199
-0.6104923, 1.624419, 0.2385588, 100.9874, 140.9681
-0.4119831, 1.624419, 0.2629327, 117.0565, 140.949
-0.436357, 1.624419, 0.4614419, 118.3071, 140.798
-0.6348662, 1.624419, 0.4370681, 102.651, 140.8161
-0.6104923, 1.834419, 0.2385588, 100.9874, 124.386
-0.6104923, 1.624419, 0.2385588, 100.9874, 140.9681
-0.6348662, 1.624419, 0.4370681, 102.651, 140.8161
-0.6348662, 1.834419, 0.4370681, 102.651, 124.6562
-0.4119831, 1.834419, 0.2629327, 117.0565, 124.4199
-0.4119831, 1.624419, 0.2629327, 117.0565, 140.949
-0.6104923, 1.624419, 0.2385588, 100.9874, 140.9681
-0.6104923, 1.834419, 0.2385588, 100.9874, 124.386
box_7_litchi(Clone) stack 95 Shelf_1 Rack_0_1_1
-0.4287953, 2.044419, 0.2449038, 115.4387, 107.8266
-0.6285211, 2.044419, 0.255371, 99.87385, 107.8639
-0.618054, 2.044419, 0.4550969, 104.2586, 108.5574
-0.4183281, 2.044419, 0.4446297, 119.431, 108.5219
-0.618054, 2.044419, 0.4550969, 104.2586, 108.5574
-0.618054, 1.834419, 0.4550969, 104.2586, 124.6801
-0.4183281, 1.834419, 0.4446297, 119.431, 124.6662
-0.4183281, 2.044419, 0.4446297, 119.431, 108.5219
-0.4183281, 2.044419, 0.4446297, 119.431, 108.5219
-0.4183281, 1.834419, 0.4446297, 119.431, 124.6662
-0.4287953, 1.834419, 0.2449038, 115.4387, 124.3948
-0.4287953, 2.044419, 0.2449038, 115.4387, 107.8266
-0.6285211, 1.834419, 0.255371, 99.87385, 124.4094
-0.4287953, 1.834419, 0.2449038, 115.4387, 124.3948
-0.4183281, 1.834419, 0.4446297, 119.431, 124.6662
-0.618054, 1.834419, 0.4550969, 104.2586, 124.6801
-0.6285211, 2.044419, 0.255371, 99.87385, 107.8639
-0.6285211, 1.834419, 0.255371, 99.87385, 124.4094
-0.618054, 1.834419, 0.4550969, 104.2586, 124.6801
-0.618054, 2.044419, 0.4550969, 104.2586, 108.5574
-0.4287953, 2.044419, 0.2449038, 115.4387, 107.8266
-0.4287953, 1.834419, 0.2449038, 115.4387, 124.3948
-0.6285211, 1.834419, 0.255371, 99.87385, 124.4094
-0.6285211, 2.044419, 0.255371, 99.87385, 107.8639
box_6_melody(Clone) stack 96 Shelf_1 Rack_0_1_1
-0.03353472, 1.391943, 0.2411106, 146.5767, 159.3168
-0.2324391, 1.391943, 0.2202049, 130.5751, 159.3838
-0.257526, 1.391943, 0.4588902, 131.9904, 158.6395
-0.05862157, 1.391943, 0.4797959, 147.5011, 158.5764
-0.257526, 1.391943, 0.4588902, 131.9904, 158.6395
-0.257526, 1.204443, 0.4588902, 131.9904, 173.0277
-0.05862157, 1.204443, 0.4797959, 147.5011, 172.9263
-0.05862157, 1.391943, 0.4797959, 147.5011, 158.5764
-0.05862157, 1.391943, 0.4797959, 147.5011, 158.5764
-0.05862157, 1.204443, 0.4797959, 147.5011, 172.9263
-0.03353472, 1.204443, 0.2411106, 146.5767, 174.1172
-0.03353472, 1.391943, 0.2411106, 146.5767, 159.3168
-0.2324391, 1.204443, 0.2202049, 130.5751, 174.2251
-0.03353472, 1.204443, 0.2411106, 146.5767, 174.1172
-0.05862157, 1.204443, 0.4797959, 147.5011, 172.9263
-0.257526, 1.204443, 0.4588902, 131.9904, 173.0277
-0.2324391, 1.391943, 0.2202049, 130.5751, 159.3838
-0.2324391, 1.204443, 0.2202049, 130.5751, 174.2251
-0.257526, 1.204443, 0.4588902, 131.9904, 173.0277
-0.257526, 1.391943, 0.4588902, 131.9904, 158.6395
-0.03353472, 1.391943, 0.2411106, 146.5767, 159.3168
-0.03353472, 1.204443, 0.2411106, 146.5767, 174.1172
-0.2324391, 1.204443, 0.2202049, 130.5751, 174.2251
-0.2324391, 1.391943, 0.2202049, 130.5751, 159.3838
box_6_melody(Clone) stack 96 Shelf_1 Rack_0_1_1
-0.03938707, 1.579443, 0.2353984, 146.0441, 144.5234
-0.239113, 1.579443, 0.2249312, 130.1153, 144.5366
-0.2516736, 1.579443, 0.4646024, 132.518, 144.2445
-0.05194771, 1.579443, 0.4750696, 147.9563, 144.2321
-0.2516736, 1.579443, 0.4646024, 132.518, 144.2445
-0.2516736, 1.391943, 0.4646024, 132.518, 158.6222
-0.05194771, 1.391943, 0.4750696, 147.9563, 158.5906
-0.05194771, 1.579443, 0.4750696, 147.9563, 144.2321
-0.05194771, 1.579443, 0.4750696, 147.9563, 144.2321
-0.05194771, 1.391943, 0.4750696, 147.9563, 158.5906
-0.03938707, 1.391943, 0.2353984, 146.0441, 159.335
-0.03938707, 1.579443, 0.2353984, 146.0441, 144.5234
-0.239113, 1.391943, 0.2249312, 130.1153, 159.3686
-0.03938707, 1.391943, 0.2353984, 146.0441, 159.335
-0.05194771, 1.391943, 0.4750696, 147.9563, 158.5906
-0.2516736, 1.391943, 0.4646024, 132.518, 158.6222
-0.239113, 1.579443, 0.2249312, 130.1153, 144.5366
-0.239113, 1.391943, 0.2249312, 130.1153, 159.3686
-0.2516736, 1.391943, 0.4646024, 132.518, 158.6222
-0.2516736, 1.579443, 0.4646024, 132.518, 144.2445
-0.03938707, 1.579443, 0.2353984, 146.0441, 144.5234
-0.03938707, 1.391943, 0.2353984, 146.0441, 159.335
-0.239113, 1.391943, 0.2249312, 130.1153, 159.3686
-0.239113, 1.579443, 0.2249312, 130.1153, 144.5366
box_6_melody(Clone) stack 96 Shelf_1 Rack_0_1_1
-0.03353472, 1.766943, 0.2411106, 146.5767, 129.7158
-0.2324391, 1.766943, 0.2202049, 130.5751, 129.7012
-0.257526, 1.766943, 0.4588902, 131.9904, 129.863
-0.05862157, 1.766943, 0.4797959, 147.5011, 129.8767
-0.257526, 1.766943, 0.4588902, 131.9904, 129.863
-0.257526, 1.579443, 0.4588902, 131.9904, 144.2512
-0.05862157, 1.579443, 0.4797959, 147.5011, 144.2266
-0.05862157, 1.766943, 0.4797959, 147.5011, 129.8767
-0.05862157, 1.766943, 0.4797959, 147.5011, 129.8767
-0.05862157, 1.579443, 0.4797959, 147.5011, 144.2266
-0.03353472, 1.579443, 0.2411106, 146.5767, 144.5163
-0.03353472, 1.766943, 0.2411106, 146.5767, 129.7158
-0.2324391, 1.579443, 0.2202049, 130.5751, 144.5425
-0.03353472, 1.579443, 0.2411106, 146.5767, 144.5163
-0.05862157, 1.579443, 0.4797959, 147.5011, 144.2266
-0.257526, 1.579443, 0.4588902, 131.9904, 144.2512
-0.2324391, 1.766943, 0.2202049, 130.5751, 129.7012
-0.2324391, 1.579443, 0.2202049, 130.5751, 144.5425
-0.257526, 1.579443, 0.4588902, 131.9904, 144.2512
-0.257526, 1.766943, 0.4588902, 131.9904, 129.863
-0.03353472, 1.766943, 0.2411106, 146.5767, 129.7158
-0.03353472, 1.579443, 0.2411106, 146.5767, 144.5163
-0.2324391, 1.579443, 0.2202049, 130.5751, 144.5425
-0.2324391, 1.766943, 0.2202049, 130.5751, 129.7012
box_6_melody(Clone) stack 96 Shelf_1 Rack_0_1_1
-0.05636956, 1.954443, 0.2217414, 144.531, 114.864
-0.2556085, 1.954443, 0.2391725, 129.0188, 114.9102
-0.2346911, 1.954443, 0.4782594, 134.0052, 115.523
-0.03545217, 1.954443, 0.4608282, 149.0542, 115.4796
-0.2346911, 1.954443, 0.4782594, 134.0052, 115.523
-0.2346911, 1.766943, 0.4782594, 134.0052, 129.8757
-0.03545217, 1.766943, 0.4608282, 149.0542, 129.8643
-0.03545217, 1.954443, 0.4608282, 149.0542, 115.4796
-0.03545217, 1.954443, 0.4608282, 149.0542, 115.4796
-0.03545217, 1.766943, 0.4608282, 149.0542, 129.8643
-0.05636956, 1.766943, 0.2217414, 144.531, 129.7023
-0.05636956, 1.954443, 0.2217414, 144.531, 114.864
-0.2556085, 1.766943, 0.2391725, 129.0188, 129.7145
-0.05636956, 1.766943, 0.2217414, 144.531, 129.7023
-0.03545217, 1.766943, 0.4608282, 149.0542, 129.8643
-0.2346911, 1.766943, 0.4782594, 134.0052, 129.8757
-0.2556085, 1.954443, 0.2391725, 129.0188, 114.9102
-0.2556085, 1.766943, 0.2391725, 129.0188, 129.7145
-0.2346911, 1.766943, 0.4782594, 134.0052, 129.8757
-0.2346911, 1.954443, 0.4782594, 134.0052, 115.523
-0.05636956, 1.954443, 0.2217414, 144.531, 114.864
-0.05636956, 1.766943, 0.2217414, 144.531, 129.7023
-0.2556085, 1.766943, 0.2391725, 129.0188, 129.7145
-0.2556085, 1.954443, 0.2391725, 129.0188, 114.9102
box_2_Parle-G(Clone) stack 98 Shelf_2 Rack_0_1_1
-0.8245748, 2.643609, 0.2841088, 85.01205, 60.9344
-1.024544, 2.643609, 0.2806183, 69.2381, 60.90054
-1.026906, 2.643609, 0.4158919, 72.02657, 62.18962
-0.8269359, 2.643609, 0.4193824, 87.525, 62.22232
-1.026906, 2.643609, 0.4158919, 72.02657, 62.18962
-1.026906, 2.388609, 0.4158919, 72.02657, 81.86583
-0.8269359, 2.388609, 0.4193824, 87.525, 81.88966
-0.8269359, 2.643609, 0.4193824, 87.525, 62.22232
-0.8269359, 2.643609, 0.4193824, 87.525, 62.22232
-0.8269359, 2.388609, 0.4193824, 87.525, 81.88966
-0.8245748, 2.388609, 0.2841088, 85.01205, 80.94981
-0.8245748, 2.643609, 0.2841088, 85.01205, 60.9344
-1.024544, 2.388609, 0.2806184, 69.2381, 80.92511
-0.8245748, 2.388609, 0.2841088, 85.01205, 80.94981
-0.8269359, 2.388609, 0.4193824, 87.525, 81.88966
-1.026906, 2.388609, 0.4158919, 72.02657, 81.86583
-1.024544, 2.643609, 0.2806183, 69.2381, 60.90054
-1.024544, 2.388609, 0.2806184, 69.2381, 80.92511
-1.026906, 2.388609, 0.4158919, 72.02657, 81.86583
-1.026906, 2.643609, 0.4158919, 72.02657, 62.18962
-0.8245748, 2.643609, 0.2841088, 85.01205, 60.9344
-0.8245748, 2.388609, 0.2841088, 85.01205, 80.94981
-1.024544, 2.388609, 0.2806184, 69.2381, 80.92511
-1.024544, 2.643609, 0.2806183, 69.2381, 60.90054
box_2_Parle-G(Clone) stack 98 Shelf_2 Rack_0_1_1
-0.8333589, 2.898609, 0.272271, 84.0811, 40.77303
-1.032263, 2.898609, 0.2931767, 68.91316, 41.03043
-1.018121, 2.898609, 0.4277297, 72.9587, 42.65401
-0.8192168, 2.898609, 0.406824, 87.87477, 42.40544
-1.018121, 2.898609, 0.4277297, 72.9587, 42.65401
-1.018121, 2.64361, 0.4277297, 72.9587, 62.30031
-0.8192168, 2.64361, 0.406824, 87.87477, 62.10461
-0.8192168, 2.898609, 0.406824, 87.87477, 42.40544
-0.8192168, 2.898609, 0.406824, 87.87477, 42.40544
-0.8192168, 2.64361, 0.406824, 87.87477, 62.10461
-0.8333589, 2.64361, 0.272271, 84.0811, 60.8195
-0.8333589, 2.898609, 0.272271, 84.0811, 40.77303
-1.032263, 2.64361, 0.2931767, 68.91316, 61.02214
-0.8333589, 2.64361, 0.272271, 84.0811, 60.8195
-0.8192168, 2.64361, 0.406824, 87.87477, 62.10461
-1.018121, 2.64361, 0.4277297, 72.9587, 62.30031
-1.032263, 2.898609, 0.2931767, 68.91316, 41.03043
-1.032263, 2.64361, 0.2931767, 68.91316, 61.02214
-1.018121, 2.64361, 0.4277297, 72.9587, 62.30031
-1.018121, 2.898609, 0.4277297, 72.9587, 42.65401
-0.8333589, 2.898609, 0.272271, 84.0811, 40.77303
-0.8333589, 2.64361, 0.272271, 84.0811, 60.8195
-1.032263, 2.64361, 0.2931767, 68.91316, 61.02214
-1.032263, 2.898609, 0.2931767, 68.91316, 41.03043
box_2_Parle-G(Clone) stack 98 Shelf_2 Rack_0_1_1
-0.8257401, 3.15361, 0.2823533, 84.88496, 20.87735
-1.02574, 3.15361, 0.2823533, 69.18298, 20.87735
-1.02574, 3.15361, 0.4176474, 72.15438, 22.86253
-0.8257401, 3.15361, 0.4176474, 87.58324, 22.86253
-1.02574, 3.15361, 0.4176474, 72.15438, 22.86253
-1.02574, 2.89861, 0.4176475, 72.15438, 42.53427
-0.8257401, 2.89861, 0.4176475, 87.58324, 42.53427
-0.8257401, 3.15361, 0.4176474, 87.58324, 22.86253
-0.8257401, 3.15361, 0.4176474, 87.58324, 22.86253
-0.8257401, 2.89861, 0.4176475, 87.58324, 42.53427
-0.8257401, 2.89861, 0.2823533, 84.88496, 40.89734
-0.8257401, 3.15361, 0.2823533, 84.88496, 20.87735
-1.02574, 2.89861, 0.2823533, 69.18298, 40.89734
-0.8257401, 2.89861, 0.2823533, 84.88496, 40.89734
-0.8257401, 2.89861, 0.4176475, 87.58324, 42.53427
-1.02574, 2.89861, 0.4176475, 72.15438, 42.53427
-1.02574, 3.15361, 0.2823533, 69.18298, 20.87735
-1.02574, 2.89861, 0.2823533, 69.18298, 40.89734
-1.02574, 2.89861, 0.4176475, 72.15438, 42.53427
-1.02574, 3.15361, 0.4176474, 72.15438, 22.86253
-0.8257401, 3.15361, 0.2823533, 84.88496, 20.87735
-0.8257401, 2.89861, 0.2823533, 84.88496, 40.89734
-1.02574, 2.89861, 0.2823533, 69.18298, 40.89734
-1.02574, 3.15361, 0.2823533, 69.18298, 20.87735
box_2_Parle-G(Clone) stack 99 Shelf_2 Rack_0_1_1
-0.4313183, 2.643609, 0.2950445, 116.0568, 61.04021
-0.6298276, 2.643609, 0.2706706, 100.0521, 60.80396
-0.6463158, 2.643609, 0.4049563, 101.1983, 62.0871
-0.4478065, 2.643609, 0.4293302, 116.9235, 62.31523
-0.6463158, 2.643609, 0.4049563, 101.1983, 62.0871
-0.6463158, 2.388609, 0.4049563, 101.1983, 81.791
-0.4478065, 2.388609, 0.4293302, 116.9235, 81.9575
-0.4478065, 2.643609, 0.4293302, 116.9235, 62.31523
-0.4478065, 2.643609, 0.4293302, 116.9235, 62.31523
-0.4478065, 2.388609, 0.4293302, 116.9235, 81.9575
-0.4313183, 2.388609, 0.2950445, 116.0568, 81.02702
-0.4313183, 2.643609, 0.2950445, 116.0568, 61.04021
-0.6298276, 2.388609, 0.2706706, 100.0521, 80.85461
-0.4313183, 2.388609, 0.2950445, 116.0568, 81.02702
-0.4478065, 2.388609, 0.4293302, 116.9235, 81.9575
-0.6463158, 2.388609, 0.4049563, 101.1983, 81.791
-0.6298276, 2.643609, 0.2706706, 100.0521, 60.80396
-0.6298276, 2.388609, 0.2706706, 100.0521, 80.85461
-0.6463158, 2.388609, 0.4049563, 101.1983, 81.791
-0.6463158, 2.643609, 0.4049563, 101.1983, 62.0871
-0.4313183, 2.643609, 0.2950445, 116.0568, 61.04021
-0.4313183, 2.388609, 0.2950445, 116.0568, 81.02702
-0.6298276, 2.388609, 0.2706706, 100.0521, 80.85461
-0.6298276, 2.643609, 0.2706706, 100.0521, 60.80396
box_2_Parle-G(Clone) stack 99 Shelf_2 Rack_0_1_1
-0.4354137, 2.898609, 0.2876796, 115.6161, 40.96291
-0.6351396, 2.898609, 0.2772124, 99.75465, 40.83403
-0.6422204, 2.898609, 0.4123212, 101.6459, 42.47093
-0.4424945, 2.898609, 0.4227883, 117.2295, 42.59537
-0.6422204, 2.898609, 0.4123212, 101.6459, 42.47093
-0.6422204, 2.64361, 0.4123212, 101.6459, 62.15617
-0.4424945, 2.64361, 0.4227883, 117.2295, 62.25414
-0.4424945, 2.898609, 0.4227883, 117.2295, 42.59537
-0.4424945, 2.898609, 0.4227883, 117.2295, 42.59537
-0.4424945, 2.64361, 0.4227883, 117.2295, 62.25414
-0.4354137, 2.64361, 0.2876796, 115.6161, 60.96895
-0.4354137, 2.898609, 0.2876796, 115.6161, 40.96291
-0.6351396, 2.64361, 0.2772124, 99.75465, 60.86751
-0.4354137, 2.64361, 0.2876796, 115.6161, 60.96895
-0.4424945, 2.64361, 0.4227883, 117.2295, 62.25414
-0.6422204, 2.64361, 0.4123212, 101.6459, 62.15617
-0.6351396, 2.898609, 0.2772124, 99.75465, 40.83403
-0.6351396, 2.64361, 0.2772124, 99.75465, 60.86751
-0.6422204, 2.64361, 0.4123212, 101.6459, 62.15617
-0.6422204, 2.898609, 0.4123212, 101.6459, 42.47093
-0.4354137, 2.898609, 0.2876796, 115.6161, 40.96291
-0.4354137, 2.64361, 0.2876796, 115.6161, 60.96895
-0.6351396, 2.64361, 0.2772124, 99.75465, 60.86751
-0.6351396, 2.898609, 0.2772124, 99.75465, 40.83403
box_2_Parle-G(Clone) stack 99 Shelf_2 Rack_0_1_1
-0.4388171, 3.15361, 0.2823533, 115.2622, 20.87735
-0.6388171, 3.15361, 0.2823533, 99.56026, 20.87735
-0.6388171, 3.15361, 0.4176474, 102.0033, 22.86253
-0.4388171, 3.15361, 0.4176474, 117.4321, 22.86253
-0.6388171, 3.15361, 0.4176474, 102.0033, 22.86253
-0.6388171, 2.89861, 0.4176475, 102.0033, 42.53427
-0.4388171, 2.89861, 0.4176475, 117.4321, 42.53427
-0.4388171, 3.15361, 0.4176474, 117.4321, 22.86253
-0.4388171, 3.15361, 0.4176474, 117.4321, 22.86253
-0.4388171, 2.89861, 0.4176475, 117.4321, 42.53427
-0.4388171, 2.89861, 0.2823533, 115.2622, 40.89734
-0.4388171, 3.15361, 0.2823533, 115.2622, 20.87735
-0.6388171, 2.89861, 0.2823533, 99.56026, 40.89734
-0.4388171, 2.89861, 0.2823533, 115.2622, 40.89734
-0.4388171, 2.89861, 0.4176475, 117.4321, 42.53427
-0.6388171, 2.89861, 0.4176475, 102.0033, 42.53427
-0.6388171, 3.15361, 0.2823533, 99.56026, 20.87735
-0.6388171, 2.89861, 0.2823533, 99.56026, 40.89734
-0.6388171, 2.89861, 0.4176475, 102.0033, 42.53427
-0.6388171, 3.15361, 0.4176474, 102.0033, 22.86253
-0.4388171, 3.15361, 0.2823533, 115.2622, 20.87735
-0.4388171, 2.89861, 0.2823533, 115.2622, 40.89734
-0.6388171, 2.89861, 0.2823533, 99.56026, 40.89734
-0.6388171, 3.15361, 0.2823533, 99.56026, 20.87735
box_5_LMRR(Clone) stack 100 Shelf_2 Rack_0_1_1
-0.03543629, 2.531555, 0.2133235, 146.0833, 69.11966
-0.2351622, 2.531555, 0.2028563, 130.108, 69.02849
-0.2500366, 2.531555, 0.4866772, 132.9455, 71.41473
-0.0503107, 2.531555, 0.4971444, 148.3399, 71.49944
-0.2500366, 2.531555, 0.4866772, 132.9455, 71.41473
-0.2500366, 2.389055, 0.4866772, 132.9455, 82.31107
-0.0503107, 2.389055, 0.4971444, 148.3399, 82.38127
-0.0503107, 2.531555, 0.4971444, 148.3399, 71.49944
-0.0503107, 2.531555, 0.4971444, 148.3399, 71.49944
-0.0503107, 2.389055, 0.4971444, 148.3399, 82.38127
-0.03543629, 2.389055, 0.2133235, 146.0833, 80.4093
-0.03543629, 2.531555, 0.2133235, 146.0833, 69.11966
-0.2351622, 2.389055, 0.2028564, 130.108, 80.33376
-0.03543629, 2.389055, 0.2133235, 146.0833, 80.4093
-0.0503107, 2.389055, 0.4971444, 148.3399, 82.38127
-0.2500366, 2.389055, 0.4866772, 132.9455, 82.31107
-0.2351622, 2.531555, 0.2028563, 130.108, 69.02849
-0.2351622, 2.389055, 0.2028564, 130.108, 80.33376
-0.2500366, 2.389055, 0.4866772, 132.9455, 82.31107
-0.2500366, 2.531555, 0.4866772, 132.9455, 71.41473
-0.03543629, 2.531555, 0.2133235, 146.0833, 69.11966
-0.03543629, 2.389055, 0.2133235, 146.0833, 80.4093
-0.2351622, 2.389055, 0.2028564, 130.108, 80.33376
-0.2351622, 2.531555, 0.2028563, 130.108, 69.02849
box_5_LMRR(Clone) stack 100 Shelf_2 Rack_0_1_1
-0.05550224, 2.674055, 0.1997204, 144.3217, 57.69118
-0.2547412, 2.674055, 0.2171515, 128.765, 57.86902
-0.2299706, 2.674055, 0.5002804, 134.6625, 60.64729
-0.03073168, 2.674055, 0.4828492, 149.6707, 60.48206
-0.2299706, 2.674055, 0.5002804, 134.6625, 60.64729
-0.2299706, 2.531555, 0.5002804, 134.6625, 71.5248
-0.03073168, 2.531555, 0.4828492, 149.6707, 71.38373
-0.03073168, 2.674055, 0.4828492, 149.6707, 60.48206
-0.03073168, 2.674055, 0.4828492, 149.6707, 60.48206
-0.03073168, 2.531555, 0.4828492, 149.6707, 71.38373
-0.05550224, 2.531555, 0.1997204, 144.3217, 69.00113
-0.05550224, 2.674055, 0.1997204, 144.3217, 57.69118
-0.2547412, 2.531555, 0.2171515, 128.765, 69.15297
-0.05550224, 2.531555, 0.1997204, 144.3217, 69.00113
-0.03073168, 2.531555, 0.4828492, 149.6707, 71.38373
-0.2299706, 2.531555, 0.5002804, 134.6625, 71.5248
-0.2547412, 2.674055, 0.2171515, 128.765, 57.86902
-0.2547412, 2.531555, 0.2171515, 128.765, 69.15297
-0.2299706, 2.531555, 0.5002804, 134.6625, 71.5248
-0.2299706, 2.674055, 0.5002804, 134.6625, 60.64729
-0.05550224, 2.674055, 0.1997204, 144.3217, 57.69118
-0.05550224, 2.531555, 0.1997204, 144.3217, 69.00113
-0.2547412, 2.531555, 0.2171515, 128.765, 69.15297
-0.2547412, 2.674055, 0.2171515, 128.765, 57.86902
box_6_melody(Clone) stack 101 Shelf_2 Rack_0_1_1
0.3460718, 2.576536, 0.2430817, 176.5577, 65.8278
0.1475626, 2.576536, 0.2187079, 160.6379, 65.60535
0.1183139, 2.576536, 0.456919, 160.8113, 67.72006
0.3168232, 2.576536, 0.4812929, 176.247, 67.92918
0.1183139, 2.576536, 0.456919, 160.8113, 67.72006
0.1183139, 2.389036, 0.456919, 160.8113, 82.11194
0.3168232, 2.389036, 0.4812929, 176.247, 82.27632
0.3168232, 2.576536, 0.4812929, 176.247, 67.92918
0.3168232, 2.576536, 0.4812929, 176.247, 67.92918
0.3168232, 2.389036, 0.4812929, 176.247, 82.27632
0.3460718, 2.389036, 0.2430817, 176.5577, 80.62444
0.3460718, 2.576536, 0.2430817, 176.5577, 65.8278
0.1475626, 2.389036, 0.2187079, 160.6379, 80.44957
0.3460718, 2.389036, 0.2430817, 176.5577, 80.62444
0.3168232, 2.389036, 0.4812929, 176.247, 82.27632
0.1183139, 2.389036, 0.456919, 160.8113, 82.11194
0.1475626, 2.576536, 0.2187079, 160.6379, 65.60535
0.1475626, 2.389036, 0.2187079, 160.6379, 80.44957
0.1183139, 2.389036, 0.456919, 160.8113, 82.11194
0.1183139, 2.576536, 0.456919, 160.8113, 67.72006
0.3460718, 2.576536, 0.2430817, 176.5577, 65.8278
0.3460718, 2.389036, 0.2430817, 176.5577, 80.62444
0.1475626, 2.389036, 0.2187079, 160.6379, 80.44957
0.1475626, 2.576536, 0.2187079, 160.6379, 65.60535
box_6_melody(Clone) stack 101 Shelf_2 Rack_0_1_1
0.3403201, 2.764036, 0.2372683, 176.0549, 50.96692
0.1408072, 2.764036, 0.223317, 160.1516, 50.81233
0.1240657, 2.764036, 0.4627324, 161.3113, 53.38889
0.3235785, 2.764036, 0.4766837, 176.7267, 53.53418
0.1240657, 2.764036, 0.4627324, 161.3113, 53.38889
0.1240657, 2.576536, 0.4627325, 161.3113, 67.77005
0.3235785, 2.576536, 0.4766838, 176.7267, 67.88974
0.3235785, 2.764036, 0.4766837, 176.7267, 53.53418
0.3235785, 2.764036, 0.4766837, 176.7267, 53.53418
0.3235785, 2.576536, 0.4766838, 176.7267, 67.88974
0.3403201, 2.576536, 0.2372683, 176.0549, 65.77487
0.3403201, 2.764036, 0.2372683, 176.0549, 50.96692
0.1408072, 2.576536, 0.223317, 160.1516, 65.64752
0.3403201, 2.576536, 0.2372683, 176.0549, 65.77487
0.3235785, 2.576536, 0.4766838, 176.7267, 67.88974
0.1240657, 2.576536, 0.4627325, 161.3113, 67.77005
0.1408072, 2.764036, 0.223317, 160.1516, 50.81233
0.1408072, 2.576536, 0.223317, 160.1516, 65.64752
0.1240657, 2.576536, 0.4627325, 161.3113, 67.77005
0.1240657, 2.764036, 0.4627324, 161.3113, 53.38889
0.3403201, 2.764036, 0.2372683, 176.0549, 50.96692
0.3403201, 2.576536, 0.2372683, 176.0549, 65.77487
0.1408072, 2.576536, 0.223317, 160.1516, 65.64752
0.1408072, 2.764036, 0.223317, 160.1516, 50.81233
box_6_melody(Clone) stack 101 Shelf_2 Rack_0_1_1
0.3403201, 2.951536, 0.2372683, 176.0549, 36.15898
0.1408072, 2.951536, 0.223317, 160.1516, 35.97714
0.1240657, 2.951536, 0.4627324, 161.3113, 39.00774
0.3235785, 2.951536, 0.4766837, 176.7267, 39.17863
0.1240657, 2.951536, 0.4627324, 161.3113, 39.00774
0.1240657, 2.764036, 0.4627325, 161.3113, 53.38889
0.3235785, 2.764036, 0.4766838, 176.7267, 53.53418
0.3235785, 2.951536, 0.4766837, 176.7267, 39.17863
0.3235785, 2.951536, 0.4766837, 176.7267, 39.17863
0.3235785, 2.764036, 0.4766838, 176.7267, 53.53418
0.3403201, 2.764036, 0.2372683, 176.0549, 50.96692
0.3403201, 2.951536, 0.2372683, 176.0549, 36.15898
0.1408072, 2.764036, 0.223317, 160.1516, 50.81233
0.3403201, 2.764036, 0.2372683, 176.0549, 50.96692
0.3235785, 2.764036, 0.4766838, 176.7267, 53.53418
0.1240657, 2.764036, 0.4627325, 161.3113, 53.38889
0.1408072, 2.951536, 0.223317, 160.1516, 35.97714
0.1408072, 2.764036, 0.223317, 160.1516, 50.81233
0.1240657, 2.764036, 0.4627325, 161.3113, 53.38889
0.1240657, 2.951536, 0.4627324, 161.3113, 39.00774
0.3403201, 2.951536, 0.2372683, 176.0549, 36.15898
0.3403201, 2.764036, 0.2372683, 176.0549, 50.96692
0.1408072, 2.764036, 0.223317, 160.1516, 50.81233
0.1408072, 2.951536, 0.223317, 160.1516, 35.97714
box_6_melody(Clone) stack 101 Shelf_2 Rack_0_1_1
0.3321929, 3.139036, 0.2300003, 175.3512, 21.24219
0.1321929, 3.139036, 0.2300003, 159.541, 21.24219
0.1321929, 3.139036, 0.4700004, 162.0071, 24.729
0.3321929, 3.139036, 0.4700004, 177.3328, 24.729
0.1321929, 3.139036, 0.4700004, 162.0071, 24.729
0.1321929, 2.951536, 0.4700004, 162.0071, 39.09683
0.3321929, 2.951536, 0.4700004, 177.3328, 39.09683
0.3321929, 3.139036, 0.4700004, 177.3328, 24.729
0.3321929, 3.139036, 0.4700004, 177.3328, 24.729
0.3321929, 2.951536, 0.4700004, 177.3328, 39.09683
0.3321929, 2.951536, 0.2300003, 175.3512, 36.06433
0.3321929, 3.139036, 0.2300003, 175.3512, 21.24219
0.1321929, 2.951536, 0.2300003, 159.541, 36.06433
0.3321929, 2.951536, 0.2300003, 175.3512, 36.06433
0.3321929, 2.951536, 0.4700004, 177.3328, 39.09683
0.1321929, 2.951536, 0.4700004, 162.0071, 39.09683
0.1321929, 3.139036, 0.2300003, 159.541, 21.24219
0.1321929, 2.951536, 0.2300003, 159.541, 36.06433
0.1321929, 2.951536, 0.4700004, 162.0071, 39.09683
0.1321929, 3.139036, 0.4700004, 162.0071, 24.729
0.3321929, 3.139036, 0.2300003, 175.3512, 21.24219
0.3321929, 2.951536, 0.2300003, 175.3512, 36.06433
0.1321929, 2.951536, 0.2300003, 159.541, 36.06433
0.1321929, 3.139036, 0.2300003, 159.541, 21.24219
box4_Fairever(Clone) stack 102 Shelf_0 Rack_0_1_2
-1.482923, 0.1847178, 0.2372142, 32.06147, 254.6714
-1.682649, 0.1847178, 0.226747, 15.97923, 254.8365
-1.695019, 0.1847178, 0.4627866, 21.78988, 251.2207
-1.495293, 0.1847178, 0.4732538, 37.37975, 251.0654
-1.695019, 0.1847178, 0.4627866, 21.78988, 251.2207
-1.695019, 0.01971789, 0.4627866, 21.78988, 263.876
-1.495293, 0.01971789, 0.4732538, 37.37975, 263.7038
-1.495293, 0.1847178, 0.4732538, 37.37975, 251.0654
-1.495293, 0.1847178, 0.4732538, 37.37975, 251.0654
-1.495293, 0.01971789, 0.4732538, 37.37975, 263.7038
-1.482923, 0.01971789, 0.2372142, 32.06147, 267.7025
-1.482923, 0.1847178, 0.2372142, 32.06147, 254.6714
-1.682649, 0.01971789, 0.226747, 15.97923, 267.8856
-1.482923, 0.01971789, 0.2372142, 32.06147, 267.7025
-1.495293, 0.01971789, 0.4732538, 37.37975, 263.7038
-1.695019, 0.01971789, 0.4627866, 21.78988, 263.876
-1.682649, 0.1847178, 0.226747, 15.97923, 254.8365
-1.682649, 0.01971789, 0.226747, 15.97923, 267.8856
-1.695019, 0.01971789, 0.4627866, 21.78988, 263.876
-1.695019, 0.1847178, 0.4627866, 21.78988, 251.2207
-1.482923, 0.1847178, 0.2372142, 32.06147, 254.6714
-1.482923, 0.01971789, 0.2372142, 32.06147, 267.7025
-1.682649, 0.01971789, 0.226747, 15.97923, 267.8856
-1.682649, 0.1847178, 0.226747, 15.97923, 254.8365
box4_Fairever(Clone) stack 102 Shelf_0 Rack_0_1_2
-1.495293, 0.3497178, 0.226747, 30.79628, 241.7874
-1.695019, 0.3497178, 0.2372142, 15.31088, 241.6403
-1.682649, 0.3497178, 0.4732538, 23.02897, 238.4269
-1.482923, 0.3497178, 0.4627866, 38.05744, 238.5653
-1.682649, 0.3497178, 0.4732538, 23.02897, 238.4269
-1.682649, 0.1847179, 0.4732538, 23.02897, 251.0654
-1.482923, 0.1847179, 0.4627866, 38.05744, 251.2207
-1.482923, 0.3497178, 0.4627866, 38.05744, 238.5653
-1.482923, 0.3497178, 0.4627866, 38.05744, 238.5653
-1.482923, 0.1847179, 0.4627866, 38.05744, 251.2207
-1.495293, 0.1847179, 0.226747, 30.79628, 254.8365
-1.495293, 0.3497178, 0.226747, 30.79628, 241.7874
-1.695019, 0.1847179, 0.2372142, 15.31088, 254.6714
-1.495293, 0.1847179, 0.226747, 30.79628, 254.8365
-1.482923, 0.1847179, 0.4627866, 38.05744, 251.2207
-1.682649, 0.1847179, 0.4732538, 23.02897, 251.0654
-1.695019, 0.3497178, 0.2372142, 15.31088, 241.6403
-1.695019, 0.1847179, 0.2372142, 15.31088, 254.6714
-1.682649, 0.1847179, 0.4732538, 23.02897, 251.0654
-1.682649, 0.3497178, 0.4732538, 23.02897, 238.4269
-1.495293, 0.3497178, 0.226747, 30.79628, 241.7874
-1.495293, 0.1847179, 0.226747, 30.79628, 254.8365
-1.695019, 0.1847179, 0.2372142, 15.31088, 254.6714
-1.695019, 0.3497178, 0.2372142, 15.31088, 241.6403
box_3_Hareli(Clone) stack 103 Shelf_0 Rack_0_1_2
-1.869127, 0.1692639, 0.2510558, 1.994119, 255.6721
-1.892123, 0.1692639, 0.4698507, 6.882663, 252.3
-1.892123, 0.01926387, 0.4698507, 6.882663, 263.7945
-1.892123, 0.1692639, 0.4698507, 6.882663, 252.3
-1.892123, 0.1692639, 0.4698507, 6.882663, 252.3
-1.892123, 0.01926387, 0.4698507, 6.882663, 263.7945
-1.869127, 0.01926387, 0.2510558, 1.994119, 267.497
-1.869127, 0.1692639, 0.2510558, 1.994119, 255.6721
-1.869127, 0.01926387, 0.2510558, 1.994119, 267.497
-1.892123, 0.01926387, 0.4698507, 6.882663, 263.7945
-1.869127, 0.1692639, 0.2510558, 1.994119, 255.6721
-1.869127, 0.01926387, 0.2510558, 1.994119, 267.497
box_3_Hareli(Clone) stack 103 Shelf_0 Rack_0_1_2
-1.883977, 0.3192639, 0.2365774, 0.3675842, 244.0546
-1.876299, 0.3192639, 0.4564434, 7.697482, 240.987
-1.876299, 0.1692639, 0.4564435, 7.697482, 252.5012
-1.876299, 0.3192639, 0.4564434, 7.697482, 240.987
-1.876299, 0.3192639, 0.4564434, 7.697482, 240.987
-1.876299, 0.1692639, 0.4564435, 7.697482, 252.5012
-1.883977, 0.1692638, 0.2365774, 0.3675842, 255.9021
-1.883977, 0.3192639, 0.2365774, 0.3675842, 244.0546
-1.883977, 0.1692638, 0.2365774, 0.3675842, 255.9021
-1.876299, 0.1692639, 0.4564435, 7.697482, 252.5012
-1.883977, 0.3192639, 0.2365774, 0.3675842, 244.0546
-1.883977, 0.1692638, 0.2365774, 0.3675842, 255.9021
box_3_Hareli(Clone) stack 103 Shelf_0 Rack_0_1_2
-1.882012, 0.4692639, 0.2382718, 0.5761957, 232.1855
-1.878173, 0.4692639, 0.4582384, 7.607074, 229.4512
-1.878173, 0.3192639, 0.4582384, 7.607074, 240.9627
-1.878173, 0.4692639, 0.4582384, 7.607074, 229.4512
-1.878173, 0.4692639, 0.4582384, 7.607074, 229.4512
-1.878173, 0.3192639, 0.4582384, 7.607074, 240.9627
-1.882012, 0.3192638, 0.2382719, 0.5761957, 244.0303
-1.882012, 0.4692639, 0.2382718, 0.5761957, 232.1855
-1.882012, 0.3192638, 0.2382719, 0.5761957, 244.0303
-1.878173, 0.3192639, 0.4582384, 7.607074, 240.9627
-1.882012, 0.4692639, 0.2382718, 0.5761957, 232.1855
-1.882012, 0.3192638, 0.2382719, 0.5761957, 244.0303
box_3_Hareli(Clone) stack 103 Shelf_0 Rack_0_1_2
-1.880077, 0.6192639, 0.2400003, 0.7834196, 220.3213
-1.880077, 0.6192639, 0.4600004, 7.513304, 217.9209
-1.880077, 0.4692639, 0.4600004, 7.513304, 229.4299
-1.880077, 0.6192639, 0.4600004, 7.513304, 217.9209
-1.880077, 0.6192639, 0.4600004, 7.513304, 217.9209
-1.880077, 0.4692639, 0.4600004, 7.513304, 229.4299
-1.880077, 0.4692638, 0.2400004, 0.7834196, 232.1634
-1.880077, 0.6192639, 0.2400003, 0.7834196, 220.3213
-1.880077, 0.4692638, 0.2400004, 0.7834196, 232.1634
-1.880077, 0.4692639, 0.4600004, 7.513304, 229.4299
-1.880077, 0.6192639, 0.2400003, 0.7834196, 220.3213
-1.880077, 0.4692638, 0.2400004, 0.7834196, 232.1634
box_3_Hareli(Clone) stack 103 Shelf_0 Rack_0_1_2
-1.880077, 0.7692639, 0.2400003, 0.7834196, 208.4792
-1.880077, 0.7692639, 0.4600004, 7.513304, 206.412
-1.880077, 0.6192638, 0.4600004, 7.513304, 217.9209
-1.880077, 0.7692639, 0.4600004, 7.513304, 206.412
-1.880077, 0.7692639, 0.4600004, 7.513304, 206.412
-1.880077, 0.6192638, 0.4600004, 7.513304, 217.9209
-1.880077, 0.6192638, 0.2400004, 0.7834196, 220.3213
-1.880077, 0.7692639, 0.2400003, 0.7834196, 208.4792
-1.880077, 0.6192638, 0.2400004, 0.7834196, 220.3213
-1.880077, 0.6192638, 0.4600004, 7.513304, 217.9209
-1.880077, 0.7692639, 0.2400003, 0.7834196, 208.4792
-1.880077, 0.6192638, 0.2400004, 0.7834196, 220.3213
box_7_litchi(Clone) stack 106 Shelf_1 Rack_0_1_2
-1.408676, 1.414419, 0.2535512, 38.3588, 157.5057
-1.608555, 1.414419, 0.2465713, 22.40753, 157.5264
-1.615535, 1.414419, 0.4464495, 27.44234, 156.9496
-1.415656, 1.414419, 0.4534294, 42.98105, 156.93
-1.615535, 1.414419, 0.4464495, 27.44234, 156.9496
-1.615535, 1.204419, 0.4464495, 27.44234, 173.0901
-1.415656, 1.204419, 0.4534294, 42.98105, 173.0561
-1.415656, 1.414419, 0.4534294, 42.98105, 156.93
-1.415656, 1.414419, 0.4534294, 42.98105, 156.93
-1.415656, 1.204419, 0.4534294, 42.98105, 173.0561
-1.408676, 1.204419, 0.2535512, 38.3588, 174.0552
-1.408676, 1.414419, 0.2535512, 38.3588, 157.5057
-1.608555, 1.204419, 0.2465713, 22.40753, 174.091
-1.408676, 1.204419, 0.2535512, 38.3588, 174.0552
-1.415656, 1.204419, 0.4534294, 42.98105, 173.0561
-1.615535, 1.204419, 0.4464495, 27.44234, 173.0901
-1.608555, 1.414419, 0.2465713, 22.40753, 157.5264
-1.608555, 1.204419, 0.2465713, 22.40753, 174.091
-1.615535, 1.204419, 0.4464495, 27.44234, 173.0901
-1.615535, 1.414419, 0.4464495, 27.44234, 156.9496
-1.408676, 1.414419, 0.2535512, 38.3588, 157.5057
-1.408676, 1.204419, 0.2535512, 38.3588, 174.0552
-1.608555, 1.204419, 0.2465713, 22.40753, 174.091
-1.608555, 1.414419, 0.2465713, 22.40753, 157.5264
box_7_litchi(Clone) stack 106 Shelf_1 Rack_0_1_2
-1.419325, 1.624419, 0.2432683, 37.24578, 140.9644
-1.618837, 1.624419, 0.2572196, 21.90173, 140.9534
-1.604886, 1.624419, 0.4567324, 28.5393, 140.8015
-1.405373, 1.624419, 0.4427811, 43.50288, 140.8119
-1.604886, 1.624419, 0.4567324, 28.5393, 140.8015
-1.604886, 1.414419, 0.4567324, 28.5393, 156.9208
-1.405373, 1.414419, 0.4427811, 43.50288, 156.96
-1.405373, 1.624419, 0.4427811, 43.50288, 140.8119
-1.405373, 1.624419, 0.4427811, 43.50288, 140.8119
-1.405373, 1.414419, 0.4427811, 43.50288, 156.96
-1.419325, 1.414419, 0.2432683, 37.24578, 157.5362
-1.419325, 1.624419, 0.2432683, 37.24578, 140.9644
-1.618837, 1.414419, 0.2572196, 21.90173, 157.4949
-1.419325, 1.414419, 0.2432683, 37.24578, 157.5362
-1.405373, 1.414419, 0.4427811, 43.50288, 156.96
-1.604886, 1.414419, 0.4567324, 28.5393, 156.9208
-1.618837, 1.624419, 0.2572196, 21.90173, 140.9534
-1.618837, 1.414419, 0.2572196, 21.90173, 157.4949
-1.604886, 1.414419, 0.4567324, 28.5393, 156.9208
-1.604886, 1.624419, 0.4567324, 28.5393, 140.8015
-1.419325, 1.624419, 0.2432683, 37.24578, 140.9644
-1.419325, 1.414419, 0.2432683, 37.24578, 157.5362
-1.618837, 1.414419, 0.2572196, 21.90173, 157.4949
-1.618837, 1.624419, 0.2572196, 21.90173, 140.9534
box_7_litchi(Clone) stack 106 Shelf_1 Rack_0_1_2
-1.410375, 1.834419, 0.2517608, 38.17743, 124.4044
-1.610345, 1.834419, 0.2482703, 22.31492, 124.3995
-1.613835, 1.834419, 0.4482399, 27.62165, 124.671
-1.413866, 1.834419, 0.4517304, 43.07572, 124.6756
-1.613835, 1.834419, 0.4482399, 27.62165, 124.671
-1.613835, 1.624419, 0.4482399, 27.62165, 140.8078
-1.413866, 1.624419, 0.4517304, 43.07572, 140.8052
-1.413866, 1.834419, 0.4517304, 43.07572, 124.6756
-1.413866, 1.834419, 0.4517304, 43.07572, 124.6756
-1.413866, 1.624419, 0.4517304, 43.07572, 140.8052
-1.410375, 1.624419, 0.2517608, 38.17743, 140.9577
-1.410375, 1.834419, 0.2517608, 38.17743, 124.4044
-1.610345, 1.624419, 0.2482704, 22.31492, 140.9604
-1.410375, 1.624419, 0.2517608, 38.17743, 140.9577
-1.413866, 1.624419, 0.4517304, 43.07572, 140.8052
-1.613835, 1.624419, 0.4482399, 27.62165, 140.8078
-1.610345, 1.834419, 0.2482703, 22.31492, 124.3995
-1.610345, 1.624419, 0.2482704, 22.31492, 140.9604
-1.613835, 1.624419, 0.4482399, 27.62165, 140.8078
-1.613835, 1.834419, 0.4482399, 27.62165, 124.671
-1.410375, 1.834419, 0.2517608, 38.17743, 124.4044
-1.410375, 1.624419, 0.2517608, 38.17743, 140.9577
-1.610345, 1.624419, 0.2482704, 22.31492, 140.9604
-1.610345, 1.834419, 0.2482703, 22.31492, 124.3995
box_7_litchi(Clone) stack 106 Shelf_1 Rack_0_1_2
-1.400664, 2.044419, 0.2629327, 39.23761, 107.8908
-1.599173, 2.044419, 0.2385588, 22.91887, 107.8039
-1.623547, 2.044419, 0.4370681, 26.57002, 108.4963
-1.425038, 2.044419, 0.4614419, 42.46322, 108.5789
-1.623547, 2.044419, 0.4370681, 26.57002, 108.4963
-1.623547, 1.834419, 0.4370681, 26.57002, 124.6562
-1.425038, 1.834419, 0.4614419, 42.46322, 124.6884
-1.425038, 2.044419, 0.4614419, 42.46322, 108.5789
-1.425038, 2.044419, 0.4614419, 42.46322, 108.5789
-1.425038, 1.834419, 0.4614419, 42.46322, 124.6884
-1.400664, 1.834419, 0.2629327, 39.23761, 124.4199
-1.400664, 2.044419, 0.2629327, 39.23761, 107.8908
-1.599173, 1.834419, 0.2385588, 22.91887, 124.386
-1.400664, 1.834419, 0.2629327, 39.23761, 124.4199
-1.425038, 1.834419, 0.4614419, 42.46322, 124.6884
-1.623547, 1.834419, 0.4370681, 26.57002, 124.6562
-1.599173, 2.044419, 0.2385588, 22.91887, 107.8039
-1.599173, 1.834419, 0.2385588, 22.91887, 124.386
-1.623547, 1.834419, 0.4370681, 26.57002, 124.6562
-1.623547, 2.044419, 0.4370681, 26.57002, 108.4963
-1.400664, 2.044419, 0.2629327, 39.23761, 107.8908
-1.400664, 1.834419, 0.2629327, 39.23761, 124.4199
-1.599173, 1.834419, 0.2385588, 22.91887, 124.386
-1.599173, 2.044419, 0.2385588, 22.91887, 107.8039
box_8_lizol(Clone) stack 107 Shelf_1 Rack_0_1_2
-1.784988, 1.380775, 0.2397029, 8.281374, 160.203
-1.815066, 1.380775, 0.4846717, 13.21681, 159.416
-1.815066, 1.204525, 0.4846717, 13.21681, 172.8965
-1.815066, 1.380775, 0.4846717, 13.21681, 159.416
-1.815066, 1.380775, 0.4846717, 13.21681, 159.416
-1.815066, 1.204525, 0.4846717, 13.21681, 172.8965
-1.784988, 1.204525, 0.2397029, 8.281374, 174.118
-1.784988, 1.380775, 0.2397029, 8.281374, 160.203
-1.784988, 1.204525, 0.2397029, 8.281374, 174.118
-1.815066, 1.204525, 0.4846717, 13.21681, 172.8965
-1.784988, 1.380775, 0.2397029, 8.281374, 160.203
-1.784988, 1.204525, 0.2397029, 8.281374, 174.118
box_8_lizol(Clone) stack 107 Shelf_1 Rack_0_1_2
-1.80365, 1.557025, 0.2231813, 6.299987, 146.3126
-1.795036, 1.557025, 0.4698395, 14.32212, 145.9562
-1.795036, 1.380775, 0.4698395, 14.32212, 159.4622
-1.795036, 1.557025, 0.4698395, 14.32212, 145.9562
-1.795036, 1.557025, 0.4698395, 14.32212, 145.9562
-1.795036, 1.380775, 0.4698395, 14.32212, 159.4622
-1.80365, 1.380775, 0.2231813, 6.299987, 160.2579
-1.80365, 1.557025, 0.2231813, 6.299987, 146.3126
-1.80365, 1.380775, 0.2231813, 6.299987, 160.2579
-1.795036, 1.380775, 0.4698395, 14.32212, 159.4622
-1.80365, 1.557025, 0.2231813, 6.299987, 146.3126
-1.80365, 1.380775, 0.2231813, 6.299987, 160.2579
box_8_lizol(Clone) stack 107 Shelf_1 Rack_0_1_2
-1.784988, 1.733275, 0.2397029, 8.281374, 132.3729
-1.815066, 1.733275, 0.4846717, 13.21681, 132.455
-1.815066, 1.557025, 0.4846717, 13.21681, 145.9355
-1.815066, 1.733275, 0.4846717, 13.21681, 132.455
-1.815066, 1.733275, 0.4846717, 13.21681, 132.455
-1.815066, 1.557025, 0.4846717, 13.21681, 145.9355
-1.784988, 1.557025, 0.2397029, 8.281374, 146.288
-1.784988, 1.733275, 0.2397029, 8.281374, 132.3729
-1.784988, 1.557025, 0.2397029, 8.281374, 146.288
-1.815066, 1.557025, 0.4846717, 13.21681, 145.9355
-1.784988, 1.733275, 0.2397029, 8.281374, 132.3729
-1.784988, 1.557025, 0.2397029, 8.281374, 146.288
box_8_lizol(Clone) stack 107 Shelf_1 Rack_0_1_2
-1.812729, 1.909525, 0.2168193, 5.38476, 118.408
-1.985835, 1.909525, 0.4831815, 0.109992, 118.9714
-1.78693, 1.909525, 0.4622758, 14.72566, 118.9286
-1.985835, 1.909525, 0.4831815, 0.109992, 118.9714
-1.985835, 1.733275, 0.4831815, 0.109992, 132.4545
-1.78693, 1.733275, 0.4622758, 14.72566, 132.4477
-1.78693, 1.909525, 0.4622758, 14.72566, 118.9286
-1.78693, 1.909525, 0.4622758, 14.72566, 118.9286
-1.78693, 1.733275, 0.4622758, 14.72566, 132.4477
-1.812729, 1.733275, 0.2168193, 5.38476, 132.365
-1.812729, 1.909525, 0.2168193, 5.38476, 118.408
-1.812729, 1.733275, 0.2168193, 5.38476, 132.365
-1.78693, 1.733275, 0.4622758, 14.72566, 132.4477
-1.985835, 1.733275, 0.4831815, 0.109992, 132.4545
-1.985835, 1.733275, 0.4831815, 0.109992, 132.4545
-1.985835, 1.909525, 0.4831815, 0.109992, 118.9714
-1.812729, 1.909525, 0.2168193, 5.38476, 118.408
-1.812729, 1.733275, 0.2168193, 5.38476, 132.365
box_6_melody(Clone) stack 111 Shelf_2 Rack_0_1_2
-1.829276, 2.576536, 0.2217414, 4.227548, 65.6331
-1.808359, 2.576536, 0.4608282, 13.04001, 67.75369
-1.808359, 2.389036, 0.4608282, 13.04001, 82.13837
-1.808359, 2.576536, 0.4608282, 13.04001, 67.75369
-1.808359, 2.576536, 0.4608282, 13.04001, 67.75369
-1.808359, 2.389036, 0.4608282, 13.04001, 82.13837
-1.829276, 2.389036, 0.2217414, 4.227548, 80.47139
-1.829276, 2.576536, 0.2217414, 4.227548, 65.6331
-1.829276, 2.389036, 0.2217414, 4.227548, 80.47139
-1.808359, 2.389036, 0.4608282, 13.04001, 82.13837
-1.829276, 2.576536, 0.2217414, 4.227548, 65.6331
-1.829276, 2.389036, 0.2217414, 4.227548, 80.47139
box_6_melody(Clone) stack 111 Shelf_2 Rack_0_1_2
-1.808359, 2.764036, 0.2391725, 6.41995, 50.98798
-1.829276, 2.764036, 0.4782594, 11.94354, 53.55057
-1.829276, 2.576536, 0.4782594, 11.94354, 67.90323
-1.829276, 2.764036, 0.4782594, 11.94354, 53.55057
-1.829276, 2.764036, 0.4782594, 11.94354, 53.55057
-1.829276, 2.576536, 0.4782594, 11.94354, 67.90323
-1.808359, 2.576536, 0.2391725, 6.41995, 65.79222
-1.808359, 2.764036, 0.2391725, 6.41995, 50.98798
-1.808359, 2.576536, 0.2391725, 6.41995, 65.79222
-1.829276, 2.576536, 0.4782594, 11.94354, 67.90323
-1.808359, 2.764036, 0.2391725, 6.41995, 50.98798
-1.808359, 2.576536, 0.2391725, 6.41995, 65.79222
box_6_melody(Clone) stack 111 Shelf_2 Rack_0_1_2
-1.822686, 2.951536, 0.2265834, 4.899273, 36.01976
-1.81431, 2.951536, 0.4664374, 12.74644, 39.05318
-1.81431, 2.764036, 0.4664374, 12.74644, 53.42755
-1.81431, 2.951536, 0.4664374, 12.74644, 39.05318
-1.81431, 2.951536, 0.4664374, 12.74644, 39.05318
-1.81431, 2.764036, 0.4664374, 12.74644, 53.42755
-1.822686, 2.764036, 0.2265835, 4.899273, 50.84857
-1.822686, 2.951536, 0.2265834, 4.899273, 36.01976
-1.822686, 2.764036, 0.2265835, 4.899273, 50.84857
-1.81431, 2.764036, 0.4664374, 12.74644, 53.42755
-1.822686, 2.951536, 0.2265834, 4.899273, 36.01976
-1.822686, 2.764036, 0.2265835, 4.899273, 50.84857
