box4_Fairever(Clone) stack 119 Shelf_1 Rack_1_1_0
-8.24642, 1.369311, 0.2235528, 473.683, 161.1636
-8.26702, 1.369311, 0.4590169, 465.0651, 160.3757
-8.067781, 1.369311, 0.476448, 479.8193, 160.3193
-8.26702, 1.369311, 0.4590169, 465.0651, 160.3757
-8.26702, 1.204311, 0.4590169, 465.0651, 173.0372
-8.067781, 1.204311, 0.476448, 479.8193, 172.9525
-8.067781, 1.369311, 0.476448, 479.8193, 160.3193
-8.067781, 1.369311, 0.476448, 479.8193, 160.3193
-8.067781, 1.204311, 0.476448, 479.8193, 172.9525
-8.24642, 1.204311, 0.2235527, 473.683, 174.2182
-8.067781, 1.204311, 0.476448, 479.8193, 172.9525
-8.26702, 1.204311, 0.4590169, 465.0651, 173.0372
-8.24642, 1.369311, 0.2235528, 473.683, 161.1636
-8.24642, 1.204311, 0.2235527, 473.683, 174.2182
-8.26702, 1.204311, 0.4590169, 465.0651, 173.0372
-8.26702, 1.369311, 0.4590169, 465.0651, 160.3757
-8.24642, 1.204311, 0.2235527, 473.683, 174.2182
-8.24642, 1.369311, 0.2235528, 473.683, 161.1636
box4_Fairever(Clone) stack 119 Shelf_1 Rack_1_1_0
-8.252915, 1.534311, 0.2284006, 473.0203, 148.1007
-8.261165, 1.534311, 0.4646202, 465.3529, 147.7052
-8.261165, 1.534311, 0.4646202, 465.3529, 147.7052
-8.261165, 1.369311, 0.4646202, 465.3529, 160.3575
-8.252915, 1.369311, 0.2284006, 473.0203, 161.1469
-8.261165, 1.369311, 0.4646202, 465.3529, 160.3575
-8.252915, 1.534311, 0.2284006, 473.0203, 148.1007
-8.252915, 1.369311, 0.2284006, 473.0203, 161.1469
-8.261165, 1.369311, 0.4646202, 465.3529, 160.3575
-8.261165, 1.534311, 0.4646202, 465.3529, 147.7052
-8.252915, 1.369311, 0.2284006, 473.0203, 161.1469
-8.252915, 1.534311, 0.2284006, 473.0203, 148.1007
box4_Fairever(Clone) stack 119 Shelf_1 Rack_1_1_0
-8.257101, 1.699311, 0.2318186, 472.5845, 135.0544
-8.257101, 1.699311, 0.4681821, 465.5618, 135.0528
-8.257101, 1.699311, 0.4681821, 465.5618, 135.0528
-8.257101, 1.534311, 0.4681821, 465.5618, 147.6994
-8.257101, 1.534311, 0.2318186, 472.5845, 148.0948
-8.257101, 1.534311, 0.4681821, 465.5618, 147.6994
-8.257101, 1.699311, 0.2318186, 472.5845, 135.0544
-8.257101, 1.534311, 0.2318186, 472.5845, 148.0948
-8.257101, 1.534311, 0.4681821, 465.5618, 147.6994
-8.257101, 1.699311, 0.4681821, 465.5618, 135.0528
-8.257101, 1.534311, 0.2318186, 472.5845, 148.0948
-8.257101, 1.699311, 0.2318186, 472.5845, 135.0544
box4_Fairever(Clone) stack 119 Shelf_1 Rack_1_1_0
-8.255023, 1.864311, 0.2300913, 472.8017, 122.0111
-8.259148, 1.864311, 0.4664189, 465.4558, 122.4034
-8.259148, 1.864311, 0.4664189, 465.4558, 122.4034
-8.259148, 1.699311, 0.4664189, 465.4558, 135.0528
-8.255023, 1.699311, 0.2300914, 472.8017, 135.0545
-8.259148, 1.699311, 0.4664189, 465.4558, 135.0528
-8.255023, 1.864311, 0.2300913, 472.8017, 122.0111
-8.255023, 1.699311, 0.2300914, 472.8017, 135.0545
-8.259148, 1.699311, 0.4664189, 465.4558, 135.0528
-8.259148, 1.864311, 0.4664189, 465.4558, 122.4034
-8.255023, 1.699311, 0.2300914, 472.8017, 135.0545
-8.255023, 1.864311, 0.2300913, 472.8017, 122.0111
box4_Fairever(Clone) stack 119 Shelf_1 Rack_1_1_0
-8.257101, 2.029311, 0.2318186, 472.5845, 108.9737
-8.257101, 2.029311, 0.4681821, 465.5618, 109.7596
-8.257101, 2.029311, 0.4681821, 465.5618, 109.7596
-8.257101, 1.864311, 0.4681821, 465.5618, 122.4062
-8.257101, 1.864311, 0.2318186, 472.5845, 122.0141
-8.257101, 1.864311, 0.4681821, 465.5618, 122.4062
-8.257101, 2.029311, 0.2318186, 472.5845, 108.9737
-8.257101, 1.864311, 0.2318186, 472.5845, 122.0141
-8.257101, 1.864311, 0.4681821, 465.5618, 122.4062
-8.257101, 2.029311, 0.4681821, 465.5618, 109.7596
-8.257101, 1.864311, 0.2318186, 472.5845, 122.0141
-8.257101, 2.029311, 0.2318186, 472.5845, 108.9737
box_6_melody(Clone) stack 128 Shelf_0 Rack_1_1_1
-9.908854, 0.2073492, 0.2430817, 341.8913, 252.7931
-10.10736, 0.2073492, 0.2187079, 326.5032, 253.1719
-10.13661, 0.2073492, 0.456919, 321.622, 249.5708
-9.938103, 0.2073492, 0.4812929, 336.5579, 249.2147
-10.13661, 0.2073492, 0.456919, 321.622, 249.5708
-10.13661, 0.01984931, 0.456919, 321.622, 263.9626
-9.938103, 0.01984931, 0.4812929, 336.5579, 263.5618
-9.938103, 0.2073492, 0.4812929, 336.5579, 249.2147
-9.938103, 0.2073492, 0.4812929, 336.5579, 249.2147
-9.938103, 0.01984931, 0.4812929, 336.5579, 263.5618
-9.908854, 0.01984931, 0.2430817, 341.8913, 267.5897
-9.908854, 0.2073492, 0.2430817, 341.8913, 252.7931
-10.10736, 0.01984931, 0.2187079, 326.5032, 268.0161
-9.908854, 0.01984931, 0.2430817, 341.8913, 267.5897
-9.938103, 0.01984931, 0.4812929, 336.5579, 263.5618
-10.13661, 0.01984931, 0.456919, 321.622, 263.9626
-10.10736, 0.2073492, 0.2187079, 326.5032, 253.1719
-10.10736, 0.01984931, 0.2187079, 326.5032, 268.0161
-10.13661, 0.01984931, 0.456919, 321.622, 263.9626
-10.13661, 0.2073492, 0.456919, 321.622, 249.5708
-9.908854, 0.2073492, 0.2430817, 341.8913, 252.7931
-9.908854, 0.01984931, 0.2430817, 341.8913, 267.5897
-10.10736, 0.01984931, 0.2187079, 326.5032, 268.0161
-10.10736, 0.2073492, 0.2187079, 326.5032, 253.1719
box_6_melody(Clone) stack 128 Shelf_0 Rack_1_1_1
-9.933572, 0.3948492, 0.2217414, 340.222, 238.2864
-10.13281, 0.3948492, 0.2391725, 324.2609, 238.0495
-10.11189, 0.3948492, 0.4782594, 323.292, 234.9062
-9.912655, 0.3948492, 0.4608282, 338.7628, 235.1289
-10.11189, 0.3948492, 0.4782594, 323.292, 234.9062
-10.11189, 0.2073492, 0.4782594, 323.292, 249.2589
-9.912655, 0.2073492, 0.4608282, 338.7628, 249.5135
-9.912655, 0.3948492, 0.4608282, 338.7628, 235.1289
-9.912655, 0.3948492, 0.4608282, 338.7628, 235.1289
-9.912655, 0.2073492, 0.4608282, 338.7628, 249.5135
-9.933572, 0.2073492, 0.2217414, 340.222, 253.1246
-9.933572, 0.3948492, 0.2217414, 340.222, 238.2864
-10.13281, 0.2073492, 0.2391725, 324.2609, 252.8537
-9.933572, 0.2073492, 0.2217414, 340.222, 253.1246
-9.912655, 0.2073492, 0.4608282, 338.7628, 249.5135
-10.11189, 0.2073492, 0.4782594, 323.292, 249.2589
-10.13281, 0.3948492, 0.2391725, 324.2609, 238.0495
-10.13281, 0.2073492, 0.2391725, 324.2609, 252.8537
-10.11189, 0.2073492, 0.4782594, 323.292, 249.2589
-10.11189, 0.3948492, 0.4782594, 323.292, 234.9062
-9.933572, 0.3948492, 0.2217414, 340.222, 238.2864
-9.933572, 0.2073492, 0.2217414, 340.222, 253.1246
-10.13281, 0.2073492, 0.2391725, 324.2609, 252.8537
-10.13281, 0.3948492, 0.2391725, 324.2609, 238.0495
box_6_melody(Clone) stack 128 Shelf_0 Rack_1_1_1
-9.92915, 0.5823491, 0.2249312, 340.5296, 223.4109
-10.12888, 0.5823491, 0.2353984, 324.6137, 223.2891
-10.11632, 0.5823491, 0.4750696, 322.9872, 220.5883
-9.91659, 0.5823491, 0.4646024, 338.4135, 220.7028
-10.11632, 0.5823491, 0.4750696, 322.9872, 220.5883
-10.11632, 0.3948492, 0.4750696, 322.9872, 234.9469
-9.91659, 0.3948492, 0.4646024, 338.4135, 235.0806
-9.91659, 0.5823491, 0.4646024, 338.4135, 220.7028
-9.91659, 0.5823491, 0.4646024, 338.4135, 220.7028
-9.91659, 0.3948492, 0.4646024, 338.4135, 235.0806
-9.92915, 0.3948492, 0.2249312, 340.5296, 238.2429
-9.92915, 0.5823491, 0.2249312, 340.5296, 223.4109
-10.12888, 0.3948492, 0.2353984, 324.6137, 238.1007
-9.92915, 0.3948492, 0.2249312, 340.5296, 238.2429
-9.91659, 0.3948492, 0.4646024, 338.4135, 235.0806
-10.11632, 0.3948492, 0.4750696, 322.9872, 234.9469
-10.12888, 0.5823491, 0.2353984, 324.6137, 223.2891
-10.12888, 0.3948492, 0.2353984, 324.6137, 238.1007
-10.11632, 0.3948492, 0.4750696, 322.9872, 234.9469
-10.11632, 0.5823491, 0.4750696, 322.9872, 220.5883
-9.92915, 0.5823491, 0.2249312, 340.5296, 223.4109
-9.92915, 0.3948492, 0.2249312, 340.5296, 238.2429
-10.12888, 0.3948492, 0.2353984, 324.6137, 238.1007
-10.12888, 0.5823491, 0.2353984, 324.6137, 223.2891
box_6_melody(Clone) stack 128 Shelf_0 Rack_1_1_1
-9.912655, 0.7698491, 0.2391725, 341.6436, 208.441
-10.11189, 0.7698491, 0.2217414, 326.11, 208.6098
-10.13281, 0.7698491, 0.4608282, 321.8728, 206.3595
-9.933572, 0.7698491, 0.4782594, 336.9421, 206.2008
-10.13281, 0.7698491, 0.4608282, 321.8728, 206.3595
-10.13281, 0.5823491, 0.4608282, 321.8728, 220.7442
-9.933572, 0.5823491, 0.4782594, 336.9421, 220.5535
-9.933572, 0.7698491, 0.4782594, 336.9421, 206.2008
-9.933572, 0.7698491, 0.4782594, 336.9421, 206.2008
-9.933572, 0.5823491, 0.4782594, 336.9421, 220.5535
-9.912655, 0.5823491, 0.2391725, 341.6436, 223.2452
-9.912655, 0.7698491, 0.2391725, 341.6436, 208.441
-10.11189, 0.5823491, 0.2217414, 326.11, 223.4481
-9.912655, 0.5823491, 0.2391725, 341.6436, 223.2452
-9.933572, 0.5823491, 0.4782594, 336.9421, 220.5535
-10.13281, 0.5823491, 0.4608282, 321.8728, 220.7442
-10.11189, 0.7698491, 0.2217414, 326.11, 208.6098
-10.11189, 0.5823491, 0.2217414, 326.11, 223.4481
-10.13281, 0.5823491, 0.4608282, 321.8728, 220.7442
-10.13281, 0.7698491, 0.4608282, 321.8728, 206.3595
-9.912655, 0.7698491, 0.2391725, 341.6436, 208.441
-9.912655, 0.5823491, 0.2391725, 341.6436, 223.2452
-10.11189, 0.5823491, 0.2217414, 326.11, 223.4481
-10.11189, 0.7698491, 0.2217414, 326.11, 208.6098
box_2_Parle-G(Clone) stack 129 Shelf_0 Rack_1_1_1
-9.52623, 0.274422, 0.2841088, 371.3773, 246.8962
-9.7262, 0.274422, 0.2806183, 355.7341, 246.9473
-9.728561, 0.274422, 0.4158919, 353.5385, 244.9998
-9.528591, 0.274422, 0.4193824, 368.9106, 244.9505
-9.728561, 0.274422, 0.4158919, 353.5385, 244.9998
-9.728561, 0.01942197, 0.4158919, 353.5385, 264.6761
-9.528591, 0.01942197, 0.4193824, 368.9106, 264.6179
-9.528591, 0.274422, 0.4193824, 368.9106, 244.9505
-9.528591, 0.274422, 0.4193824, 368.9106, 244.9505
-9.528591, 0.01942197, 0.4193824, 368.9106, 264.6179
-9.52623, 0.01942196, 0.2841088, 371.3773, 266.9116
-9.52623, 0.274422, 0.2841088, 371.3773, 246.8962
-9.7262, 0.01942196, 0.2806184, 355.7341, 266.9719
-9.52623, 0.01942196, 0.2841088, 371.3773, 266.9116
-9.528591, 0.01942197, 0.4193824, 368.9106, 264.6179
-9.728561, 0.01942197, 0.4158919, 353.5385, 264.6761
-9.7262, 0.274422, 0.2806183, 355.7341, 246.9473
-9.7262, 0.01942196, 0.2806184, 355.7341, 266.9719
-9.728561, 0.01942197, 0.4158919, 353.5385, 264.6761
-9.728561, 0.274422, 0.4158919, 353.5385, 244.9998
-9.52623, 0.274422, 0.2841088, 371.3773, 246.8962
-9.52623, 0.01942196, 0.2841088, 371.3773, 266.9116
-9.7262, 0.01942196, 0.2806184, 355.7341, 266.9719
-9.7262, 0.274422, 0.2806183, 355.7341, 246.9473
box_2_Parle-G(Clone) stack 129 Shelf_0 Rack_1_1_1
-9.520872, 0.5294219, 0.2931767, 371.6416, 226.7719
-9.719777, 0.5294219, 0.272271, 356.3656, 227.0233
-9.733919, 0.5294219, 0.406824, 353.2572, 225.4291
-9.535014, 0.5294219, 0.4277297, 368.2776, 225.1863
-9.733919, 0.5294219, 0.406824, 353.2572, 225.4291
-9.733919, 0.2744219, 0.406824, 353.2572, 245.1283
-9.535014, 0.2744219, 0.4277297, 368.2776, 244.8326
-9.535014, 0.5294219, 0.4277297, 368.2776, 225.1863
-9.535014, 0.5294219, 0.4277297, 368.2776, 225.1863
-9.535014, 0.2744219, 0.4277297, 368.2776, 244.8326
-9.520872, 0.2744219, 0.2931767, 371.6416, 246.7636
-9.520872, 0.5294219, 0.2931767, 371.6416, 226.7719
-9.719777, 0.2744219, 0.272271, 356.3656, 247.0698
-9.520872, 0.2744219, 0.2931767, 371.6416, 246.7636
-9.535014, 0.2744219, 0.4277297, 368.2776, 244.8326
-9.733919, 0.2744219, 0.406824, 353.2572, 245.1283
-9.719777, 0.5294219, 0.272271, 356.3656, 227.0233
-9.719777, 0.2744219, 0.272271, 356.3656, 247.0698
-9.733919, 0.2744219, 0.406824, 353.2572, 245.1283
-9.733919, 0.5294219, 0.406824, 353.2572, 225.4291
-9.520872, 0.5294219, 0.2931767, 371.6416, 226.7719
-9.520872, 0.2744219, 0.2931767, 371.6416, 246.7636
-9.719777, 0.2744219, 0.272271, 356.3656, 247.0698
-9.719777, 0.5294219, 0.272271, 356.3656, 227.0233
box_2_Parle-G(Clone) stack 129 Shelf_0 Rack_1_1_1
-9.525096, 0.784422, 0.2858844, 371.4357, 206.8487
-9.724974, 0.784422, 0.2789046, 355.8563, 206.9144
-9.729695, 0.784422, 0.4141163, 353.4769, 205.6636
-9.529818, 0.784422, 0.4210961, 368.7878, 205.6002
-9.729695, 0.784422, 0.4141163, 353.4769, 205.6636
-9.729695, 0.5294219, 0.4141163, 353.4769, 225.3443
-9.529818, 0.5294219, 0.4210962, 368.7878, 225.2632
-9.529818, 0.784422, 0.4210961, 368.7878, 205.6002
-9.529818, 0.784422, 0.4210961, 368.7878, 205.6002
-9.529818, 0.5294219, 0.4210962, 368.7878, 225.2632
-9.525096, 0.5294219, 0.2858845, 371.4357, 226.8595
-9.525096, 0.784422, 0.2858844, 371.4357, 206.8487
-9.724974, 0.5294219, 0.2789046, 355.8563, 226.9434
-9.525096, 0.5294219, 0.2858845, 371.4357, 226.8595
-9.529818, 0.5294219, 0.4210962, 368.7878, 225.2632
-9.729695, 0.5294219, 0.4141163, 353.4769, 225.3443
-9.724974, 0.784422, 0.2789046, 355.8563, 206.9144
-9.724974, 0.5294219, 0.2789046, 355.8563, 226.9434
-9.729695, 0.5294219, 0.4141163, 353.4769, 225.3443
-9.729695, 0.784422, 0.4141163, 353.4769, 205.6636
-9.525096, 0.784422, 0.2858844, 371.4357, 206.8487
-9.525096, 0.5294219, 0.2858845, 371.4357, 226.8595
-9.724974, 0.5294219, 0.2789046, 355.8563, 226.9434
-9.724974, 0.784422, 0.2789046, 355.8563, 206.9144
box_5_LMRR(Clone) stack 130 Shelf_0 Rack_1_1_1
-9.144822, 0.162368, 0.2028563, 403.0478, 256.9882
-9.344547, 0.162368, 0.2133235, 386.9991, 256.8196
-9.329673, 0.162368, 0.4971444, 382.825, 252.4192
-9.129948, 0.162368, 0.4866772, 398.2876, 252.5758
-9.329673, 0.162368, 0.4971444, 382.825, 252.4192
-9.329673, 0.019868, 0.4971444, 382.825, 263.301
-9.129948, 0.019868, 0.4866772, 398.2876, 263.4721
-9.129948, 0.162368, 0.4866772, 398.2876, 252.5758
-9.129948, 0.162368, 0.4866772, 398.2876, 252.5758
-9.129948, 0.019868, 0.4866772, 398.2876, 263.4721
-9.144822, 0.019868, 0.2028564, 403.0478, 268.2935
-9.144822, 0.162368, 0.2028563, 403.0478, 256.9882
-9.344547, 0.019868, 0.2133235, 386.9991, 268.1092
-9.144822, 0.019868, 0.2028564, 403.0478, 268.2935
-9.129948, 0.019868, 0.4866772, 398.2876, 263.4721
-9.329673, 0.019868, 0.4971444, 382.825, 263.301
-9.344547, 0.162368, 0.2133235, 386.9991, 256.8196
-9.344547, 0.019868, 0.2133235, 386.9991, 268.1092
-9.329673, 0.019868, 0.4971444, 382.825, 263.301
-9.329673, 0.162368, 0.4971444, 382.825, 252.4192
-9.144822, 0.162368, 0.2028563, 403.0478, 256.9882
-9.144822, 0.019868, 0.2028564, 403.0478, 268.2935
-9.344547, 0.019868, 0.2133235, 386.9991, 268.1092
-9.344547, 0.162368, 0.2133235, 386.9991, 256.8196
box_5_LMRR(Clone) stack 130 Shelf_0 Rack_1_1_1
-9.139743, 0.304868, 0.2061716, 403.3791, 245.6344
-9.339712, 0.304868, 0.209662, 387.4534, 245.5834
-9.334752, 0.304868, 0.4938292, 382.4972, 241.5823
-9.134783, 0.304868, 0.4903387, 397.8442, 241.6297
-9.334752, 0.304868, 0.4938292, 382.4972, 241.5823
-9.334752, 0.162368, 0.4938292, 382.4972, 252.4687
-9.134783, 0.162368, 0.4903387, 397.8442, 252.521
-9.134783, 0.304868, 0.4903387, 397.8442, 241.6297
-9.134783, 0.304868, 0.4903387, 397.8442, 241.6297
-9.134783, 0.162368, 0.4903387, 397.8442, 252.521
-9.139743, 0.162368, 0.2061716, 403.3791, 256.9348
-9.139743, 0.304868, 0.2061716, 403.3791, 245.6344
-9.339712, 0.162368, 0.2096621, 387.4534, 256.8785
-9.139743, 0.162368, 0.2061716, 403.3791, 256.9348
-9.134783, 0.162368, 0.4903387, 397.8442, 252.521
-9.334752, 0.162368, 0.4938292, 382.4972, 252.4687
-9.339712, 0.304868, 0.209662, 387.4534, 245.5834
-9.339712, 0.162368, 0.2096621, 387.4534, 256.8785
-9.334752, 0.162368, 0.4938292, 382.4972, 252.4687
-9.334752, 0.304868, 0.4938292, 382.4972, 241.5823
-9.139743, 0.304868, 0.2061716, 403.3791, 245.6344
-9.139743, 0.162368, 0.2061716, 403.3791, 256.9348
-9.339712, 0.162368, 0.2096621, 387.4534, 256.8785
-9.339712, 0.304868, 0.209662, 387.4534, 245.5834
box_5_LMRR(Clone) stack 130 Shelf_0 Rack_1_1_1
-9.127579, 0.447368, 0.215217, 404.1475, 234.2155
-9.327091, 0.447368, 0.2012657, 388.6187, 234.3986
-9.346916, 0.447368, 0.4847837, 381.7312, 230.8062
-9.147404, 0.447368, 0.498735, 396.712, 230.6362
-9.346916, 0.447368, 0.4847837, 381.7312, 230.8062
-9.346916, 0.304868, 0.4847838, 381.7312, 241.7052
-9.147404, 0.304868, 0.498735, 396.712, 241.5158
-9.147404, 0.447368, 0.498735, 396.712, 230.6362
-9.147404, 0.447368, 0.498735, 396.712, 230.6362
-9.147404, 0.304868, 0.498735, 396.712, 241.5158
-9.127579, 0.3048679, 0.215217, 404.1475, 245.5023
-9.127579, 0.447368, 0.215217, 404.1475, 234.2155
-9.327091, 0.3048679, 0.2012657, 388.6187, 245.7063
-9.127579, 0.3048679, 0.215217, 404.1475, 245.5023
-9.147404, 0.304868, 0.498735, 396.712, 241.5158
-9.346916, 0.304868, 0.4847838, 381.7312, 241.7052
-9.327091, 0.447368, 0.2012657, 388.6187, 234.3986
-9.327091, 0.3048679, 0.2012657, 388.6187, 245.7063
-9.346916, 0.304868, 0.4847838, 381.7312, 241.7052
-9.346916, 0.447368, 0.4847837, 381.7312, 230.8062
-9.127579, 0.447368, 0.215217, 404.1475, 234.2155
-9.127579, 0.3048679, 0.215217, 404.1475, 245.5023
-9.327091, 0.3048679, 0.2012657, 388.6187, 245.7063
-9.327091, 0.447368, 0.2012657, 388.6187, 234.3986
box_5_LMRR(Clone) stack 130 Shelf_0 Rack_1_1_1
-9.142268, 0.5898679, 0.2044918, 403.2151, 223.0534
-9.342146, 0.5898679, 0.2114717, 387.2253, 222.9722
-9.332227, 0.589868, 0.495509, 382.6596, 219.7914
-9.132349, 0.589868, 0.488529, 398.0667, 219.8668
-9.332227, 0.589868, 0.495509, 382.6596, 219.7914
-9.332227, 0.447368, 0.495509, 382.6596, 230.6754
-9.132349, 0.447368, 0.4885291, 398.0667, 230.7605
-9.132349, 0.589868, 0.488529, 398.0667, 219.8668
-9.132349, 0.589868, 0.488529, 398.0667, 219.8668
-9.132349, 0.447368, 0.4885291, 398.0667, 230.7605
-9.142268, 0.4473679, 0.2044918, 403.2151, 234.3562
-9.142268, 0.5898679, 0.2044918, 403.2151, 223.0534
-9.342146, 0.4473679, 0.2114717, 387.2253, 234.2646
-9.142268, 0.4473679, 0.2044918, 403.2151, 234.3562
-9.132349, 0.447368, 0.4885291, 398.0667, 230.7605
-9.332227, 0.447368, 0.495509, 382.6596, 230.6754
-9.342146, 0.5898679, 0.2114717, 387.2253, 222.9722
-9.342146, 0.4473679, 0.2114717, 387.2253, 234.2646
-9.332227, 0.447368, 0.495509, 382.6596, 230.6754
-9.332227, 0.589868, 0.495509, 382.6596, 219.7914
-9.142268, 0.5898679, 0.2044918, 403.2151, 223.0534
-9.142268, 0.4473679, 0.2044918, 403.2151, 234.3562
-9.342146, 0.4473679, 0.2114717, 387.2253, 234.2646
-9.342146, 0.5898679, 0.2114717, 387.2253, 222.9722
box_5_LMRR(Clone) stack 130 Shelf_0 Rack_1_1_1
-9.142268, 0.7323679, 0.2044918, 403.2151, 211.7506
-9.342146, 0.7323679, 0.2114717, 387.2253, 211.6798
-9.332227, 0.732368, 0.495509, 382.6596, 208.9073
-9.132349, 0.732368, 0.488529, 398.0667, 208.973
-9.332227, 0.732368, 0.495509, 382.6596, 208.9073
-9.332227, 0.5898679, 0.495509, 382.6596, 219.7914
-9.132349, 0.5898679, 0.4885291, 398.0667, 219.8668
-9.132349, 0.732368, 0.488529, 398.0667, 208.973
-9.132349, 0.732368, 0.488529, 398.0667, 208.973
-9.132349, 0.5898679, 0.4885291, 398.0667, 219.8668
-9.142268, 0.5898679, 0.2044918, 403.2151, 223.0534
-9.142268, 0.7323679, 0.2044918, 403.2151, 211.7506
-9.342146, 0.5898679, 0.2114717, 387.2253, 222.9722
-9.142268, 0.5898679, 0.2044918, 403.2151, 223.0534
-9.132349, 0.5898679, 0.4885291, 398.0667, 219.8668
-9.332227, 0.5898679, 0.495509, 382.6596, 219.7914
-9.342146, 0.7323679, 0.2114717, 387.2253, 211.6798
-9.342146, 0.5898679, 0.2114717, 387.2253, 222.9722
-9.332227, 0.5898679, 0.495509, 382.6596, 219.7914
-9.332227, 0.732368, 0.495509, 382.6596, 208.9073
-9.142268, 0.7323679, 0.2044918, 403.2151, 211.7506
-9.142268, 0.5898679, 0.2044918, 403.2151, 223.0534
-9.342146, 0.5898679, 0.2114717, 387.2253, 222.9722
-9.342146, 0.7323679, 0.2114717, 387.2253, 211.6798
box_5_LMRR(Clone) stack 131 Shelf_0 Rack_1_1_1
-8.74907, 0.162368, 0.2044918, 434.4028, 256.9618
-8.948948, 0.162368, 0.2114717, 418.3842, 256.8494
-8.939029, 0.1623681, 0.495509, 412.6919, 252.4436
-8.739151, 0.1623681, 0.488529, 428.1256, 252.548
-8.939029, 0.1623681, 0.495509, 412.6919, 252.4436
-8.939029, 0.01986802, 0.495509, 412.6919, 263.3277
-8.739151, 0.01986802, 0.4885291, 428.1256, 263.4418
-8.739151, 0.1623681, 0.488529, 428.1256, 252.548
-8.739151, 0.1623681, 0.488529, 428.1256, 252.548
-8.739151, 0.01986802, 0.4885291, 428.1256, 263.4418
-8.74907, 0.01986799, 0.2044918, 434.4028, 268.2646
-8.74907, 0.162368, 0.2044918, 434.4028, 256.9618
-8.948948, 0.01986799, 0.2114717, 418.3842, 268.1418
-8.74907, 0.01986799, 0.2044918, 434.4028, 268.2646
-8.739151, 0.01986802, 0.4885291, 428.1256, 263.4418
-8.939029, 0.01986802, 0.495509, 412.6919, 263.3277
-8.948948, 0.162368, 0.2114717, 418.3842, 256.8494
-8.948948, 0.01986799, 0.2114717, 418.3842, 268.1418
-8.939029, 0.01986802, 0.495509, 412.6919, 263.3277
-8.939029, 0.1623681, 0.495509, 412.6919, 252.4436
-8.74907, 0.162368, 0.2044918, 434.4028, 256.9618
-8.74907, 0.01986799, 0.2044918, 434.4028, 268.2646
-8.948948, 0.01986799, 0.2114717, 418.3842, 268.1418
-8.948948, 0.162368, 0.2114717, 418.3842, 256.8494
box_5_LMRR(Clone) stack 131 Shelf_0 Rack_1_1_1
-8.74907, 0.304868, 0.2044918, 434.4028, 245.659
-8.948948, 0.304868, 0.2114717, 418.3842, 245.557
-8.939029, 0.304868, 0.495509, 412.6919, 241.5595
-8.739151, 0.304868, 0.488529, 428.1256, 241.6543
-8.939029, 0.304868, 0.495509, 412.6919, 241.5595
-8.939029, 0.162368, 0.495509, 412.6919, 252.4436
-8.739151, 0.162368, 0.4885291, 428.1256, 252.548
-8.739151, 0.304868, 0.488529, 428.1256, 241.6543
-8.739151, 0.304868, 0.488529, 428.1256, 241.6543
-8.739151, 0.162368, 0.4885291, 428.1256, 252.548
-8.74907, 0.162368, 0.2044918, 434.4028, 256.9619
-8.74907, 0.304868, 0.2044918, 434.4028, 245.659
-8.948948, 0.162368, 0.2114717, 418.3842, 256.8494
-8.74907, 0.162368, 0.2044918, 434.4028, 256.9619
-8.739151, 0.162368, 0.4885291, 428.1256, 252.548
-8.939029, 0.162368, 0.495509, 412.6919, 252.4436
-8.948948, 0.304868, 0.2114717, 418.3842, 245.557
-8.948948, 0.162368, 0.2114717, 418.3842, 256.8494
-8.939029, 0.162368, 0.495509, 412.6919, 252.4436
-8.939029, 0.304868, 0.495509, 412.6919, 241.5595
-8.74907, 0.304868, 0.2044918, 434.4028, 245.659
-8.74907, 0.162368, 0.2044918, 434.4028, 256.9619
-8.948948, 0.162368, 0.2114717, 418.3842, 256.8494
-8.948948, 0.304868, 0.2114717, 418.3842, 245.557
box_1_Parle-G-GOLD(Clone) stack 132 Shelf_1 Rack_1_1_1
-8.733068, 1.376249, 0.2373341, 434.826, 160.5682
-8.932307, 1.376249, 0.2547652, 418.6812, 160.5097
-8.914118, 1.376249, 0.4626667, 415.3276, 159.8317
-8.714879, 1.376249, 0.4452356, 431.0349, 159.8872
-8.914118, 1.376249, 0.4626667, 415.3276, 159.8317
-8.914118, 1.203749, 0.4626667, 415.3276, 173.0625
-8.714879, 1.203749, 0.4452356, 431.0349, 173.1475
-8.714879, 1.376249, 0.4452356, 431.0349, 159.8872
-8.714879, 1.376249, 0.4452356, 431.0349, 159.8872
-8.714879, 1.203749, 0.4452356, 431.0349, 173.1475
-8.733068, 1.203749, 0.237334, 434.826, 174.1914
-8.733068, 1.376249, 0.2373341, 434.826, 160.5682
-8.932307, 1.203749, 0.2547652, 418.6812, 174.1017
-8.733068, 1.203749, 0.237334, 434.826, 174.1914
-8.714879, 1.203749, 0.4452356, 431.0349, 173.1475
-8.914118, 1.203749, 0.4626667, 415.3276, 173.0625
-8.932307, 1.376249, 0.2547652, 418.6812, 160.5097
-8.932307, 1.203749, 0.2547652, 418.6812, 174.1017
-8.914118, 1.203749, 0.4626667, 415.3276, 173.0625
-8.914118, 1.376249, 0.4626667, 415.3276, 159.8317
-8.733068, 1.376249, 0.2373341, 434.826, 160.5682
-8.733068, 1.203749, 0.237334, 434.826, 174.1914
-8.932307, 1.203749, 0.2547652, 418.6812, 174.1017
-8.932307, 1.376249, 0.2547652, 418.6812, 160.5097
box_1_Parle-G-GOLD(Clone) stack 132 Shelf_1 Rack_1_1_1
-8.713234, 1.548749, 0.256677, 435.8938, 146.9147
-8.912138, 1.548749, 0.2357713, 420.7212, 146.9475
-8.933952, 1.548749, 0.4433237, 414.2371, 146.6297
-8.735048, 1.548749, 0.4642295, 429.0245, 146.5986
-8.933952, 1.548749, 0.4433237, 414.2371, 146.6297
-8.933952, 1.376249, 0.4433237, 414.2371, 159.8933
-8.735048, 1.376249, 0.4642295, 429.0245, 159.8268
-8.735048, 1.548749, 0.4642295, 429.0245, 146.5986
-8.735048, 1.548749, 0.4642295, 429.0245, 146.5986
-8.735048, 1.376249, 0.4642295, 429.0245, 159.8268
-8.713234, 1.376249, 0.256677, 435.8938, 160.5033
-8.713234, 1.548749, 0.256677, 435.8938, 146.9147
-8.912138, 1.376249, 0.2357713, 420.7212, 160.5735
-8.713234, 1.376249, 0.256677, 435.8938, 160.5033
-8.735048, 1.376249, 0.4642295, 429.0245, 159.8268
-8.933952, 1.376249, 0.4433237, 414.2371, 159.8933
-8.912138, 1.548749, 0.2357713, 420.7212, 146.9475
-8.912138, 1.376249, 0.2357713, 420.7212, 160.5735
-8.933952, 1.376249, 0.4433237, 414.2371, 159.8933
-8.933952, 1.548749, 0.4433237, 414.2371, 146.6297
-8.713234, 1.548749, 0.256677, 435.8938, 146.9147
-8.713234, 1.376249, 0.256677, 435.8938, 160.5033
-8.912138, 1.376249, 0.2357713, 420.7212, 160.5735
-8.912138, 1.548749, 0.2357713, 420.7212, 146.9475
box_1_Parle-G-GOLD(Clone) stack 132 Shelf_1 Rack_1_1_1
-8.733068, 1.721249, 0.2373341, 434.826, 133.3218
-8.932307, 1.721249, 0.2547652, 418.6812, 133.3257
-8.914118, 1.721249, 0.4626667, 415.3276, 133.3702
-8.714879, 1.721249, 0.4452356, 431.0349, 133.3665
-8.914118, 1.721249, 0.4626667, 415.3276, 133.3702
-8.914118, 1.548749, 0.4626667, 415.3276, 146.601
-8.714879, 1.548749, 0.4452356, 431.0349, 146.6269
-8.714879, 1.721249, 0.4452356, 431.0349, 133.3665
-8.714879, 1.721249, 0.4452356, 431.0349, 133.3665
-8.714879, 1.548749, 0.4452356, 431.0349, 146.6269
-8.733068, 1.548749, 0.237334, 434.826, 146.945
-8.733068, 1.721249, 0.2373341, 434.826, 133.3218
-8.932307, 1.548749, 0.2547652, 418.6812, 146.9177
-8.733068, 1.548749, 0.237334, 434.826, 146.945
-8.714879, 1.548749, 0.4452356, 431.0349, 146.6269
-8.914118, 1.548749, 0.4626667, 415.3276, 146.601
-8.932307, 1.721249, 0.2547652, 418.6812, 133.3257
-8.932307, 1.548749, 0.2547652, 418.6812, 146.9177
-8.914118, 1.548749, 0.4626667, 415.3276, 146.601
-8.914118, 1.721249, 0.4626667, 415.3276, 133.3702
-8.733068, 1.721249, 0.2373341, 434.826, 133.3218
-8.733068, 1.548749, 0.237334, 434.826, 146.945
-8.932307, 1.548749, 0.2547652, 418.6812, 146.9177
-8.932307, 1.721249, 0.2547652, 418.6812, 133.3257
box_1_Parle-G-GOLD(Clone) stack 132 Shelf_1 Rack_1_1_1
-8.716558, 1.893749, 0.2528824, 435.7295, 119.7299
-8.916071, 1.893749, 0.2389311, 420.3356, 119.7018
-8.930629, 1.893749, 0.4471184, 414.4078, 120.1098
-8.731115, 1.893749, 0.4610697, 429.4025, 120.1364
-8.930629, 1.893749, 0.4471184, 414.4078, 120.1098
-8.930629, 1.721249, 0.4471184, 414.4078, 133.3669
-8.731115, 1.721249, 0.4610697, 429.4025, 133.3698
-8.731115, 1.893749, 0.4610697, 429.4025, 120.1364
-8.731115, 1.893749, 0.4610697, 429.4025, 120.1364
-8.731115, 1.721249, 0.4610697, 429.4025, 133.3698
-8.716558, 1.721249, 0.2528824, 435.7295, 133.3253
-8.716558, 1.893749, 0.2528824, 435.7295, 119.7299
-8.916071, 1.721249, 0.2389311, 420.3356, 133.3222
-8.716558, 1.721249, 0.2528824, 435.7295, 133.3253
-8.731115, 1.721249, 0.4610697, 429.4025, 133.3698
-8.930629, 1.721249, 0.4471184, 414.4078, 133.3669
-8.916071, 1.893749, 0.2389311, 420.3356, 119.7018
-8.916071, 1.721249, 0.2389311, 420.3356, 133.3222
-8.930629, 1.721249, 0.4471184, 414.4078, 133.3669
-8.930629, 1.893749, 0.4471184, 414.4078, 120.1098
-8.716558, 1.893749, 0.2528824, 435.7295, 119.7299
-8.716558, 1.721249, 0.2528824, 435.7295, 133.3253
-8.916071, 1.721249, 0.2389311, 420.3356, 133.3222
-8.916071, 1.893749, 0.2389311, 420.3356, 119.7018
box_1_Parle-G-GOLD(Clone) stack 132 Shelf_1 Rack_1_1_1
-8.720013, 2.066249, 0.249206, 435.5516, 106.1206
-8.91989, 2.066249, 0.2422261, 419.9559, 106.0941
-8.927174, 2.06625, 0.4507947, 414.5912, 106.8659
-8.727296, 2.06625, 0.4577746, 429.7755, 106.891
-8.927174, 2.06625, 0.4507947, 414.5912, 106.8659
-8.927174, 1.893749, 0.4507947, 414.5912, 120.1168
-8.727296, 1.893749, 0.4577746, 429.7755, 120.1301
-8.727296, 2.06625, 0.4577746, 429.7755, 106.891
-8.727296, 2.06625, 0.4577746, 429.7755, 106.891
-8.727296, 1.893749, 0.4577746, 429.7755, 120.1301
-8.720013, 1.893749, 0.249206, 435.5516, 119.7225
-8.720013, 2.066249, 0.249206, 435.5516, 106.1206
-8.91989, 1.893749, 0.2422261, 419.9559, 119.7085
-8.720013, 1.893749, 0.249206, 435.5516, 119.7225
-8.727296, 1.893749, 0.4577746, 429.7755, 120.1301
-8.927174, 1.893749, 0.4507947, 414.5912, 120.1168
-8.91989, 2.066249, 0.2422261, 419.9559, 106.0941
-8.91989, 1.893749, 0.2422261, 419.9559, 119.7085
-8.927174, 1.893749, 0.4507947, 414.5912, 120.1168
-8.927174, 2.06625, 0.4507947, 414.5912, 106.8659
-8.720013, 2.066249, 0.249206, 435.5516, 106.1206
-8.720013, 1.893749, 0.249206, 435.5516, 119.7225
-8.91989, 1.893749, 0.2422261, 419.9559, 119.7085
-8.91989, 2.066249, 0.2422261, 419.9559, 106.0941
box4_Fairever(Clone) stack 133 Shelf_1 Rack_1_1_1
-9.083028, 1.369311, 0.2429189, 407.0652, 161.097
-9.281933, 1.369311, 0.2220132, 391.7856, 161.1689
-9.30664, 1.369311, 0.4570819, 385.3248, 160.382
-9.107735, 1.369311, 0.4779876, 400.1635, 160.3143
-9.30664, 1.369311, 0.4570819, 385.3248, 160.382
-9.30664, 1.204311, 0.4570819, 385.3248, 173.0466
-9.107735, 1.204311, 0.4779876, 400.1635, 172.9451
-9.107735, 1.369311, 0.4779876, 400.1635, 160.3143
-9.107735, 1.369311, 0.4779876, 400.1635, 160.3143
-9.107735, 1.204311, 0.4779876, 400.1635, 172.9451
-9.083028, 1.204311, 0.2429189, 407.0652, 174.1183
-9.083028, 1.369311, 0.2429189, 407.0652, 161.097
-9.281933, 1.204311, 0.2220132, 391.7856, 174.2262
-9.083028, 1.204311, 0.2429189, 407.0652, 174.1183
-9.107735, 1.204311, 0.4779876, 400.1635, 172.9451
-9.30664, 1.204311, 0.4570819, 385.3248, 173.0466
-9.281933, 1.369311, 0.2220132, 391.7856, 161.1689
-9.281933, 1.204311, 0.2220132, 391.7856, 174.2262
-9.30664, 1.204311, 0.4570819, 385.3248, 173.0466
-9.30664, 1.369311, 0.4570819, 385.3248, 160.382
-9.083028, 1.369311, 0.2429189, 407.0652, 161.097
-9.083028, 1.204311, 0.2429189, 407.0652, 174.1183
-9.281933, 1.204311, 0.2220132, 391.7856, 174.2262
-9.281933, 1.369311, 0.2220132, 391.7856, 161.1689
box4_Fairever(Clone) stack 133 Shelf_1 Rack_1_1_1
-9.105515, 1.534311, 0.2235528, 405.7127, 148.1091
-9.304753, 1.534311, 0.2409839, 389.6054, 148.079
-9.284153, 1.534311, 0.476448, 386.6874, 147.686
-9.084914, 1.534311, 0.4590169, 402.3032, 147.7143
-9.284153, 1.534311, 0.476448, 386.6874, 147.686
-9.284153, 1.369311, 0.476448, 386.6874, 160.3193
-9.084914, 1.369311, 0.4590169, 402.3032, 160.3757
-9.084914, 1.534311, 0.4590169, 402.3032, 147.7143
-9.084914, 1.534311, 0.4590169, 402.3032, 147.7143
-9.084914, 1.369311, 0.4590169, 402.3032, 160.3757
-9.105515, 1.369311, 0.2235527, 405.7127, 161.1636
-9.105515, 1.534311, 0.2235528, 405.7127, 148.1091
-9.304753, 1.369311, 0.2409839, 389.6054, 161.1036
-9.105515, 1.369311, 0.2235527, 405.7127, 161.1636
-9.084914, 1.369311, 0.4590169, 402.3032, 160.3757
-9.284153, 1.369311, 0.476448, 386.6874, 160.3193
-9.304753, 1.534311, 0.2409839, 389.6054, 148.079
-9.304753, 1.369311, 0.2409839, 389.6054, 161.1036
-9.284153, 1.369311, 0.476448, 386.6874, 160.3193
-9.284153, 1.534311, 0.476448, 386.6874, 147.686
-9.105515, 1.534311, 0.2235528, 405.7127, 148.1091
-9.105515, 1.369311, 0.2235527, 405.7127, 161.1636
-9.304753, 1.369311, 0.2409839, 389.6054, 161.1036
-9.304753, 1.534311, 0.2409839, 389.6054, 148.079
box4_Fairever(Clone) stack 133 Shelf_1 Rack_1_1_1
-9.083028, 1.699311, 0.2429189, 407.0652, 135.0544
-9.281933, 1.699311, 0.2220132, 391.7856, 135.0545
-9.30664, 1.699311, 0.4570819, 385.3248, 135.0529
-9.107735, 1.699311, 0.4779876, 400.1635, 135.0527
-9.30664, 1.699311, 0.4570819, 385.3248, 135.0529
-9.30664, 1.534311, 0.4570819, 385.3248, 147.7174
-9.107735, 1.534311, 0.4779876, 400.1635, 147.6835
-9.107735, 1.699311, 0.4779876, 400.1635, 135.0527
-9.107735, 1.699311, 0.4779876, 400.1635, 135.0527
-9.107735, 1.534311, 0.4779876, 400.1635, 147.6835
-9.083028, 1.534311, 0.2429189, 407.0652, 148.0757
-9.083028, 1.699311, 0.2429189, 407.0652, 135.0544
-9.281933, 1.534311, 0.2220132, 391.7856, 148.1117
-9.083028, 1.534311, 0.2429189, 407.0652, 148.0757
-9.107735, 1.534311, 0.4779876, 400.1635, 147.6835
-9.30664, 1.534311, 0.4570819, 385.3248, 147.7174
-9.281933, 1.699311, 0.2220132, 391.7856, 135.0545
-9.281933, 1.534311, 0.2220132, 391.7856, 148.1117
-9.30664, 1.534311, 0.4570819, 385.3248, 147.7174
-9.30664, 1.699311, 0.4570819, 385.3248, 135.0529
-9.083028, 1.699311, 0.2429189, 407.0652, 135.0544
-9.083028, 1.534311, 0.2429189, 407.0652, 148.0757
-9.281933, 1.534311, 0.2220132, 391.7856, 148.1117
-9.281933, 1.699311, 0.2220132, 391.7856, 135.0545
box4_Fairever(Clone) stack 133 Shelf_1 Rack_1_1_1
-9.083028, 1.864311, 0.2429189, 407.0652, 122.0331
-9.281933, 1.864311, 0.2220132, 391.7856, 121.9973
-9.30664, 1.864311, 0.4570819, 385.3248, 122.3883
-9.107735, 1.864311, 0.4779876, 400.1635, 122.422
-9.30664, 1.864311, 0.4570819, 385.3248, 122.3883
-9.30664, 1.699311, 0.4570819, 385.3248, 135.0529
-9.107735, 1.699311, 0.4779876, 400.1635, 135.0527
-9.107735, 1.864311, 0.4779876, 400.1635, 122.422
-9.107735, 1.864311, 0.4779876, 400.1635, 122.422
-9.107735, 1.699311, 0.4779876, 400.1635, 135.0527
-9.083028, 1.699311, 0.2429189, 407.0652, 135.0544
-9.083028, 1.864311, 0.2429189, 407.0652, 122.0331
-9.281933, 1.699311, 0.2220132, 391.7856, 135.0545
-9.083028, 1.699311, 0.2429189, 407.0652, 135.0544
-9.107735, 1.699311, 0.4779876, 400.1635, 135.0527
-9.30664, 1.699311, 0.4570819, 385.3248, 135.0529
-9.281933, 1.864311, 0.2220132, 391.7856, 121.9973
-9.281933, 1.699311, 0.2220132, 391.7856, 135.0545
-9.30664, 1.699311, 0.4570819, 385.3248, 135.0529
-9.30664, 1.864311, 0.4570819, 385.3248, 122.3883
-9.083028, 1.864311, 0.2429189, 407.0652, 122.0331
-9.083028, 1.699311, 0.2429189, 407.0652, 135.0544
-9.281933, 1.699311, 0.2220132, 391.7856, 135.0545
-9.281933, 1.864311, 0.2220132, 391.7856, 121.9973
box4_Fairever(Clone) stack 133 Shelf_1 Rack_1_1_1
-9.083028, 2.029311, 0.2429189, 407.0652, 109.0117
-9.281933, 2.029311, 0.2220132, 391.7856, 108.9401
-9.30664, 2.029311, 0.4570819, 385.3248, 109.7237
-9.107735, 2.029311, 0.4779876, 400.1635, 109.7912
-9.30664, 2.029311, 0.4570819, 385.3248, 109.7237
-9.30664, 1.864311, 0.4570819, 385.3248, 122.3883
-9.107735, 1.864311, 0.4779876, 400.1635, 122.4219
-9.107735, 2.029311, 0.4779876, 400.1635, 109.7912
-9.107735, 2.029311, 0.4779876, 400.1635, 109.7912
-9.107735, 1.864311, 0.4779876, 400.1635, 122.4219
-9.083028, 1.864311, 0.2429189, 407.0652, 122.033
-9.083028, 2.029311, 0.2429189, 407.0652, 109.0117
-9.281933, 1.864311, 0.2220132, 391.7856, 121.9973
-9.083028, 1.864311, 0.2429189, 407.0652, 122.033
-9.107735, 1.864311, 0.4779876, 400.1635, 122.4219
-9.30664, 1.864311, 0.4570819, 385.3248, 122.3883
-9.281933, 2.029311, 0.2220132, 391.7856, 108.9401
-9.281933, 1.864311, 0.2220132, 391.7856, 121.9973
-9.30664, 1.864311, 0.4570819, 385.3248, 122.3883
-9.30664, 2.029311, 0.4570819, 385.3248, 109.7237
-9.083028, 2.029311, 0.2429189, 407.0652, 109.0117
-9.083028, 1.864311, 0.2429189, 407.0652, 122.033
-9.281933, 1.864311, 0.2220132, 391.7856, 121.9973
-9.281933, 2.029311, 0.2220132, 391.7856, 108.9401
box_1_Parle-G-GOLD(Clone) stack 134 Shelf_1 Rack_1_1_1
-9.487058, 1.376249, 0.2474137, 375.1005, 160.5344
-9.687027, 1.376249, 0.2439232, 359.3836, 160.5461
-9.690669, 1.376249, 0.4525871, 355.9153, 159.8638
-9.4907, 1.376249, 0.4560776, 371.2142, 159.8527
-9.690669, 1.376249, 0.4525871, 355.9153, 159.8638
-9.690669, 1.203749, 0.4525871, 355.9153, 173.1116
-9.4907, 1.203749, 0.4560776, 371.2142, 173.0946
-9.4907, 1.376249, 0.4560776, 371.2142, 159.8527
-9.4907, 1.376249, 0.4560776, 371.2142, 159.8527
-9.4907, 1.203749, 0.4560776, 371.2142, 173.0946
-9.487058, 1.203749, 0.2474137, 375.1005, 174.1395
-9.487058, 1.376249, 0.2474137, 375.1005, 160.5344
-9.687027, 1.203749, 0.2439232, 359.3836, 174.1575
-9.487058, 1.203749, 0.2474137, 375.1005, 174.1395
-9.4907, 1.203749, 0.4560776, 371.2142, 173.0946
-9.690669, 1.203749, 0.4525871, 355.9153, 173.1116
-9.687027, 1.376249, 0.2439232, 359.3836, 160.5461
-9.687027, 1.203749, 0.2439232, 359.3836, 174.1575
-9.690669, 1.203749, 0.4525871, 355.9153, 173.1116
-9.690669, 1.376249, 0.4525871, 355.9153, 159.8638
-9.487058, 1.376249, 0.2474137, 375.1005, 160.5344
-9.487058, 1.203749, 0.2474137, 375.1005, 174.1395
-9.687027, 1.203749, 0.2439232, 359.3836, 174.1575
-9.687027, 1.376249, 0.2439232, 359.3836, 160.5461
box_1_Parle-G-GOLD(Clone) stack 134 Shelf_1 Rack_1_1_1
-9.4907, 1.548749, 0.2439232, 374.8752, 146.9347
-9.690669, 1.548749, 0.2474137, 359.0416, 146.9292
-9.687027, 1.548749, 0.4560776, 356.1431, 146.6107
-9.487058, 1.548749, 0.4525871, 371.5525, 146.6159
-9.687027, 1.548749, 0.4560776, 356.1431, 146.6107
-9.687027, 1.376249, 0.4560776, 356.1431, 159.8527
-9.487058, 1.376249, 0.4525871, 371.5525, 159.8638
-9.487058, 1.548749, 0.4525871, 371.5525, 146.6159
-9.487058, 1.548749, 0.4525871, 371.5525, 146.6159
-9.487058, 1.376249, 0.4525871, 371.5525, 159.8638
-9.4907, 1.376249, 0.2439232, 374.8752, 160.5461
-9.4907, 1.548749, 0.2439232, 374.8752, 146.9347
-9.690669, 1.376249, 0.2474137, 359.0416, 160.5344
-9.4907, 1.376249, 0.2439232, 374.8752, 160.5461
-9.487058, 1.376249, 0.4525871, 371.5525, 159.8638
-9.687027, 1.376249, 0.4560776, 356.1431, 159.8527
-9.690669, 1.548749, 0.2474137, 359.0416, 146.9292
-9.690669, 1.376249, 0.2474137, 359.0416, 160.5344
-9.687027, 1.376249, 0.4560776, 356.1431, 159.8527
-9.687027, 1.548749, 0.4560776, 356.1431, 146.6107
-9.4907, 1.548749, 0.2439232, 374.8752, 146.9347
-9.4907, 1.376249, 0.2439232, 374.8752, 160.5461
-9.690669, 1.376249, 0.2474137, 359.0416, 160.5344
-9.690669, 1.548749, 0.2474137, 359.0416, 146.9292
box_1_Parle-G-GOLD(Clone) stack 134 Shelf_1 Rack_1_1_1
-9.4907, 1.721249, 0.2439232, 374.8752, 133.3233
-9.690669, 1.721249, 0.2474137, 359.0416, 133.3241
-9.687027, 1.721249, 0.4560776, 356.1431, 133.3688
-9.487058, 1.721249, 0.4525871, 371.5525, 133.3681
-9.687027, 1.721249, 0.4560776, 356.1431, 133.3688
-9.687027, 1.548749, 0.4560776, 356.1431, 146.6107
-9.487058, 1.548749, 0.4525871, 371.5525, 146.6159
-9.487058, 1.721249, 0.4525871, 371.5525, 133.3681
-9.487058, 1.721249, 0.4525871, 371.5525, 133.3681
-9.487058, 1.548749, 0.4525871, 371.5525, 146.6159
-9.4907, 1.548749, 0.2439232, 374.8752, 146.9347
-9.4907, 1.721249, 0.2439232, 374.8752, 133.3233
-9.690669, 1.548749, 0.2474137, 359.0416, 146.9292
-9.4907, 1.548749, 0.2439232, 374.8752, 146.9347
-9.487058, 1.548749, 0.4525871, 371.5525, 146.6159
-9.687027, 1.548749, 0.4560776, 356.1431, 146.6107
-9.690669, 1.721249, 0.2474137, 359.0416, 133.3241
-9.690669, 1.548749, 0.2474137, 359.0416, 146.9292
-9.687027, 1.548749, 0.4560776, 356.1431, 146.6107
-9.687027, 1.721249, 0.4560776, 356.1431, 133.3688
-9.4907, 1.721249, 0.2439232, 374.8752, 133.3233
-9.4907, 1.548749, 0.2439232, 374.8752, 146.9347
-9.690669, 1.548749, 0.2474137, 359.0416, 146.9292
-9.690669, 1.721249, 0.2474137, 359.0416, 133.3241
box_2_Parle-G(Clone) stack 135 Shelf_1 Rack_1_1_1
-9.864228, 1.459016, 0.2841088, 344.8472, 153.9153
-10.0642, 1.459016, 0.2806183, 329.1919, 153.924
-10.06656, 1.459016, 0.4158919, 327.458, 153.5947
-9.86659, 1.459016, 0.4193824, 342.8419, 153.5864
-10.06656, 1.459016, 0.4158919, 327.458, 153.5947
-10.06656, 1.204015, 0.4158919, 327.458, 173.271
-9.86659, 1.204015, 0.4193824, 342.8419, 173.2538
-9.86659, 1.459016, 0.4193824, 342.8419, 153.5864
-9.86659, 1.459016, 0.4193824, 342.8419, 153.5864
-9.86659, 1.204015, 0.4193824, 342.8419, 173.2538
-9.864228, 1.204015, 0.2841088, 344.8472, 173.9307
-9.864228, 1.459016, 0.2841088, 344.8472, 153.9153
-10.0642, 1.204015, 0.2806184, 329.1919, 173.9485
-9.864228, 1.204015, 0.2841088, 344.8472, 173.9307
-9.86659, 1.204015, 0.4193824, 342.8419, 173.2538
-10.06656, 1.204015, 0.4158919, 327.458, 173.271
-10.0642, 1.459016, 0.2806183, 329.1919, 153.924
-10.0642, 1.204015, 0.2806184, 329.1919, 173.9485
-10.06656, 1.204015, 0.4158919, 327.458, 173.271
-10.06656, 1.459016, 0.4158919, 327.458, 153.5947
-9.864228, 1.459016, 0.2841088, 344.8472, 153.9153
-9.864228, 1.204015, 0.2841088, 344.8472, 173.9307
-10.0642, 1.204015, 0.2806184, 329.1919, 173.9485
-10.0642, 1.459016, 0.2806183, 329.1919, 153.924
box_2_Parle-G(Clone) stack 135 Shelf_1 Rack_1_1_1
-9.865394, 1.714015, 0.2823533, 344.7797, 133.8997
-10.06539, 1.714015, 0.2823533, 329.0777, 133.8997
-10.06539, 1.714015, 0.4176474, 327.5282, 133.9188
-9.865394, 1.714015, 0.4176474, 342.9571, 133.9188
-10.06539, 1.714015, 0.4176474, 327.5282, 133.9188
-10.06539, 1.459015, 0.4176475, 327.5282, 153.5905
-9.865394, 1.459015, 0.4176475, 342.9571, 153.5905
-9.865394, 1.714015, 0.4176474, 342.9571, 133.9188
-9.865394, 1.714015, 0.4176474, 342.9571, 133.9188
-9.865394, 1.459015, 0.4176475, 342.9571, 153.5905
-9.865394, 1.459015, 0.2823533, 344.7797, 153.9197
-9.865394, 1.714015, 0.2823533, 344.7797, 133.8997
-10.06539, 1.459015, 0.2823533, 329.0777, 153.9197
-9.865394, 1.459015, 0.2823533, 344.7797, 153.9197
-9.865394, 1.459015, 0.4176475, 342.9571, 153.5905
-10.06539, 1.459015, 0.4176475, 327.5282, 153.5905
-10.06539, 1.714015, 0.2823533, 329.0777, 133.8997
-10.06539, 1.459015, 0.2823533, 329.0777, 153.9197
-10.06539, 1.459015, 0.4176475, 327.5282, 153.5905
-10.06539, 1.714015, 0.4176474, 327.5282, 133.9188
-9.865394, 1.714015, 0.2823533, 344.7797, 133.8997
-9.865394, 1.459015, 0.2823533, 344.7797, 153.9197
-10.06539, 1.459015, 0.2823533, 329.0777, 153.9197
-10.06539, 1.714015, 0.2823533, 329.0777, 133.8997
box_2_Parle-G(Clone) stack 135 Shelf_1 Rack_1_1_1
-9.867816, 1.969016, 0.2789046, 344.6368, 113.8701
-10.06769, 1.969016, 0.2858844, 328.8561, 113.8894
-10.06297, 1.969016, 0.4210961, 327.6761, 114.2562
-9.863094, 1.969016, 0.4141163, 343.1813, 114.2376
-10.06297, 1.969016, 0.4210961, 327.6761, 114.2562
-10.06297, 1.714015, 0.4210962, 327.6761, 133.9193
-9.863094, 1.714015, 0.4141163, 343.1813, 133.9183
-9.863094, 1.969016, 0.4141163, 343.1813, 114.2376
-9.863094, 1.969016, 0.4141163, 343.1813, 114.2376
-9.863094, 1.714015, 0.4141163, 343.1813, 133.9183
-9.867816, 1.714015, 0.2789046, 344.6368, 133.8992
-9.867816, 1.969016, 0.2789046, 344.6368, 113.8701
-10.06769, 1.714015, 0.2858845, 328.8561, 133.9002
-9.867816, 1.714015, 0.2789046, 344.6368, 133.8992
-9.863094, 1.714015, 0.4141163, 343.1813, 133.9183
-10.06297, 1.714015, 0.4210962, 327.6761, 133.9193
-10.06769, 1.969016, 0.2858844, 328.8561, 113.8894
-10.06769, 1.714015, 0.2858845, 328.8561, 133.9002
-10.06297, 1.714015, 0.4210962, 327.6761, 133.9193
-10.06297, 1.969016, 0.4210961, 327.6761, 114.2562
-9.867816, 1.969016, 0.2789046, 344.6368, 113.8701
-9.867816, 1.714015, 0.2789046, 344.6368, 133.8992
-10.06769, 1.714015, 0.2858845, 328.8561, 133.9002
-10.06769, 1.969016, 0.2858844, 328.8561, 113.8894
box_3_Hareli(Clone) stack 136 Shelf_1 Rack_1_1_1
-10.2529, 1.353857, 0.2491345, 314.6813, 162.2943
-10.45214, 1.353857, 0.2317034, 299.1063, 162.3569
-10.47131, 1.353857, 0.4508663, 295.9749, 161.5893
-10.27207, 1.353857, 0.4682974, 311.121, 161.5301
-10.47131, 1.353857, 0.4508663, 295.9749, 161.5893
-10.47131, 1.203857, 0.4508663, 295.9749, 173.1117
-10.27207, 1.203857, 0.4682974, 311.121, 173.0269
-10.27207, 1.353857, 0.4682974, 311.121, 161.5301
-10.27207, 1.353857, 0.4682974, 311.121, 161.5301
-10.27207, 1.203857, 0.4682974, 311.121, 173.0269
-10.2529, 1.203857, 0.2491345, 314.6813, 174.1221
-10.2529, 1.353857, 0.2491345, 314.6813, 162.2943
-10.45214, 1.203857, 0.2317034, 299.1063, 174.212
-10.2529, 1.203857, 0.2491345, 314.6813, 174.1221
-10.27207, 1.203857, 0.4682974, 311.121, 173.0269
-10.47131, 1.203857, 0.4508663, 295.9749, 173.1117
-10.45214, 1.353857, 0.2317034, 299.1063, 162.3569
-10.45214, 1.203857, 0.2317034, 299.1063, 174.212
-10.47131, 1.203857, 0.4508663, 295.9749, 173.1117
-10.47131, 1.353857, 0.4508663, 295.9749, 161.5893
-10.2529, 1.353857, 0.2491345, 314.6813, 162.2943
-10.2529, 1.203857, 0.2491345, 314.6813, 174.1221
-10.45214, 1.203857, 0.2317034, 299.1063, 174.212
-10.45214, 1.353857, 0.2317034, 299.1063, 162.3569
box_3_Hareli(Clone) stack 136 Shelf_1 Rack_1_1_1
-10.26404, 1.503857, 0.2382718, 313.9084, 150.4885
-10.46401, 1.503857, 0.2417623, 298.0909, 150.4814
-10.46017, 1.503857, 0.4617289, 296.7519, 150.046
-10.2602, 1.503857, 0.4582384, 312.1236, 150.0527
-10.46017, 1.503857, 0.4617289, 296.7519, 150.046
-10.46017, 1.353857, 0.4617289, 296.7519, 161.5524
-10.2602, 1.353857, 0.4582384, 312.1236, 161.5642
-10.2602, 1.503857, 0.4582384, 312.1236, 150.0527
-10.2602, 1.503857, 0.4582384, 312.1236, 150.0527
-10.2602, 1.353857, 0.4582384, 312.1236, 161.5642
-10.26404, 1.353857, 0.2382719, 313.9084, 162.3333
-10.26404, 1.503857, 0.2382718, 313.9084, 150.4885
-10.46401, 1.353857, 0.2417624, 298.0909, 162.3207
-10.26404, 1.353857, 0.2382719, 313.9084, 162.3333
-10.2602, 1.353857, 0.4582384, 312.1236, 161.5642
-10.46017, 1.353857, 0.4617289, 296.7519, 161.5524
-10.46401, 1.503857, 0.2417623, 298.0909, 150.4814
-10.46401, 1.353857, 0.2417624, 298.0909, 162.3207
-10.46017, 1.353857, 0.4617289, 296.7519, 161.5524
-10.46017, 1.503857, 0.4617289, 296.7519, 150.046
-10.26404, 1.503857, 0.2382718, 313.9084, 150.4885
-10.26404, 1.353857, 0.2382719, 313.9084, 162.3333
-10.46401, 1.353857, 0.2417624, 298.0909, 162.3207
-10.46401, 1.503857, 0.2417623, 298.0909, 150.4814
box_3_Hareli(Clone) stack 136 Shelf_1 Rack_1_1_1
-10.27207, 1.653857, 0.2317034, 313.3375, 138.6468
-10.47131, 1.653857, 0.2491345, 297.459, 138.6385
-10.45214, 1.653857, 0.4682974, 297.3199, 138.5366
-10.2529, 1.653857, 0.4508663, 312.7526, 138.5445
-10.45214, 1.653857, 0.4682974, 297.3199, 138.5366
-10.45214, 1.503857, 0.4682974, 297.3199, 150.0334
-10.2529, 1.503857, 0.4508663, 312.7526, 150.0669
-10.2529, 1.653857, 0.4508663, 312.7526, 138.5445
-10.2529, 1.653857, 0.4508663, 312.7526, 138.5445
-10.2529, 1.503857, 0.4508663, 312.7526, 150.0669
-10.27207, 1.503857, 0.2317034, 313.3375, 150.5019
-10.27207, 1.653857, 0.2317034, 313.3375, 138.6468
-10.47131, 1.503857, 0.2491345, 297.459, 150.4664
-10.27207, 1.503857, 0.2317034, 313.3375, 150.5019
-10.2529, 1.503857, 0.4508663, 312.7526, 150.0669
-10.45214, 1.503857, 0.4682974, 297.3199, 150.0334
-10.47131, 1.653857, 0.2491345, 297.459, 138.6385
-10.47131, 1.503857, 0.2491345, 297.459, 150.4664
-10.45214, 1.503857, 0.4682974, 297.3199, 150.0334
-10.45214, 1.653857, 0.4682974, 297.3199, 138.5366
-10.27207, 1.653857, 0.2317034, 313.3375, 138.6468
-10.27207, 1.503857, 0.2317034, 313.3375, 150.5019
-10.47131, 1.503857, 0.2491345, 297.459, 150.4664
-10.47131, 1.653857, 0.2491345, 297.459, 138.6385
box_5_LMRR(Clone) stack 138 Shelf_2 Rack_1_1_1
-9.185777, 2.531555, 0.2044918, 399.7641, 69.04276
-9.385654, 2.531555, 0.2114717, 383.7775, 69.10355
-9.375735, 2.531555, 0.495509, 379.3365, 71.48622
-9.175858, 2.531555, 0.488529, 394.7405, 71.42973
-9.375735, 2.531555, 0.495509, 379.3365, 71.48622
-9.375735, 2.389055, 0.495509, 379.3365, 82.37032
-9.175858, 2.389055, 0.4885291, 394.7405, 82.32352
-9.175858, 2.531555, 0.488529, 394.7405, 71.42973
-9.175858, 2.531555, 0.488529, 394.7405, 71.42973
-9.175858, 2.389055, 0.4885291, 394.7405, 82.32352
-9.185777, 2.389055, 0.2044918, 399.7641, 80.34557
-9.185777, 2.531555, 0.2044918, 399.7641, 69.04276
-9.385654, 2.389055, 0.2114717, 383.7775, 80.39597
-9.185777, 2.389055, 0.2044918, 399.7641, 80.34557
-9.175858, 2.389055, 0.4885291, 394.7405, 82.32352
-9.375735, 2.389055, 0.495509, 379.3365, 82.37032
-9.385654, 2.531555, 0.2114717, 383.7775, 69.10355
-9.385654, 2.389055, 0.2114717, 383.7775, 80.39597
-9.375735, 2.389055, 0.495509, 379.3365, 82.37032
-9.375735, 2.531555, 0.495509, 379.3365, 71.48622
-9.185777, 2.531555, 0.2044918, 399.7641, 69.04276
-9.185777, 2.389055, 0.2044918, 399.7641, 80.34557
-9.385654, 2.389055, 0.2114717, 383.7775, 80.39597
-9.385654, 2.531555, 0.2114717, 383.7775, 69.10355
box_5_LMRR(Clone) stack 138 Shelf_2 Rack_1_1_1
-9.180756, 2.674055, 0.2078952, 400.0903, 57.77469
-9.380756, 2.674055, 0.2078952, 384.2338, 57.77469
-9.380756, 2.674055, 0.4921055, 379.0132, 60.56989
-9.180756, 2.674055, 0.4921055, 394.2958, 60.56989
-9.380756, 2.674055, 0.4921055, 379.0132, 60.56989
-9.380756, 2.531555, 0.4921056, 379.0132, 71.45871
-9.180756, 2.531555, 0.4921056, 394.2958, 71.45871
-9.180756, 2.674055, 0.4921055, 394.2958, 60.56989
-9.180756, 2.674055, 0.4921055, 394.2958, 60.56989
-9.180756, 2.531555, 0.4921056, 394.2958, 71.45871
-9.180756, 2.531555, 0.2078952, 400.0903, 69.07242
-9.180756, 2.674055, 0.2078952, 400.0903, 57.77469
-9.380756, 2.531555, 0.2078952, 384.2338, 69.07242
-9.180756, 2.531555, 0.2078952, 400.0903, 69.07242
-9.180756, 2.531555, 0.4921056, 394.2958, 71.45871
-9.380756, 2.531555, 0.4921056, 379.0132, 71.45871
-9.380756, 2.674055, 0.2078952, 384.2338, 57.77469
-9.380756, 2.531555, 0.2078952, 384.2338, 69.07242
-9.380756, 2.531555, 0.4921056, 379.0132, 71.45871
-9.380756, 2.674055, 0.4921055, 379.0132, 60.56989
-9.180756, 2.674055, 0.2078952, 400.0903, 57.77469
-9.180756, 2.531555, 0.2078952, 400.0903, 69.07242
-9.380756, 2.531555, 0.2078952, 384.2338, 69.07242
-9.380756, 2.674055, 0.2078952, 384.2338, 57.77469
box_8_lizol(Clone) stack 139 Shelf_2 Rack_1_1_1
-9.561111, 2.565368, 0.2319989, 369.5223, 66.60945
-9.760838, 2.565368, 0.2215317, 353.8949, 66.51503
-9.773754, 2.565368, 0.4680019, 349.3188, 68.67131
-9.574028, 2.565368, 0.4784691, 364.4609, 68.75989
-9.773754, 2.565368, 0.4680019, 349.3188, 68.67131
-9.773754, 2.389118, 0.4680019, 349.3188, 82.18053
-9.574028, 2.389118, 0.4784691, 364.4609, 82.25104
-9.574028, 2.565368, 0.4784691, 364.4609, 68.75989
-9.574028, 2.565368, 0.4784691, 364.4609, 68.75989
-9.574028, 2.389118, 0.4784691, 364.4609, 82.25104
-9.561111, 2.389118, 0.2319989, 369.5223, 80.53859
-9.561111, 2.565368, 0.2319989, 369.5223, 66.60945
-9.760838, 2.389118, 0.2215317, 353.8949, 80.46341
-9.561111, 2.389118, 0.2319989, 369.5223, 80.53859
-9.574028, 2.389118, 0.4784691, 364.4609, 82.25104
-9.773754, 2.389118, 0.4680019, 349.3188, 82.18053
-9.760838, 2.565368, 0.2215317, 353.8949, 66.51503
-9.760838, 2.389118, 0.2215317, 353.8949, 80.46341
-9.773754, 2.389118, 0.4680019, 349.3188, 82.18053
-9.773754, 2.565368, 0.4680019, 349.3188, 68.67131
-9.561111, 2.565368, 0.2319989, 369.5223, 66.60945
-9.561111, 2.389118, 0.2319989, 369.5223, 80.53859
-9.760838, 2.389118, 0.2215317, 353.8949, 80.46341
-9.760838, 2.565368, 0.2215317, 353.8949, 66.51503
box_8_lizol(Clone) stack 139 Shelf_2 Rack_1_1_1
-9.58088, 2.741618, 0.2168193, 368.2163, 52.5154
-9.779784, 2.741618, 0.237725, 352.1559, 52.74236
-9.753985, 2.741618, 0.4831815, 350.6195, 55.31665
-9.555081, 2.741618, 0.4622758, 366.1719, 55.10368
-9.753985, 2.741618, 0.4831815, 350.6195, 55.31665
-9.753985, 2.565368, 0.4831815, 350.6195, 68.7997
-9.555081, 2.565368, 0.4622758, 366.1719, 68.62276
-9.555081, 2.741618, 0.4622758, 366.1719, 55.10368
-9.555081, 2.741618, 0.4622758, 366.1719, 55.10368
-9.555081, 2.565368, 0.4622758, 366.1719, 68.62276
-9.58088, 2.565368, 0.2168193, 368.2163, 66.47241
-9.58088, 2.741618, 0.2168193, 368.2163, 52.5154
-9.779784, 2.565368, 0.237725, 352.1559, 66.661
-9.58088, 2.565368, 0.2168193, 368.2163, 66.47241
-9.555081, 2.565368, 0.4622758, 366.1719, 68.62276
-9.753985, 2.565368, 0.4831815, 350.6195, 68.7997
-9.779784, 2.741618, 0.237725, 352.1559, 52.74236
-9.779784, 2.565368, 0.237725, 352.1559, 66.661
-9.753985, 2.565368, 0.4831815, 350.6195, 68.7997
-9.753985, 2.741618, 0.4831815, 350.6195, 55.31665
-9.58088, 2.741618, 0.2168193, 368.2163, 52.5154
-9.58088, 2.565368, 0.2168193, 368.2163, 66.47241
-9.779784, 2.565368, 0.237725, 352.1559, 66.661
-9.779784, 2.741618, 0.237725, 352.1559, 52.74236
box_8_lizol(Clone) stack 139 Shelf_2 Rack_1_1_1
-9.559068, 2.917868, 0.2338724, 369.6518, 38.7749
-9.758581, 2.917868, 0.2199211, 354.0976, 38.59781
-9.775798, 2.917868, 0.4661284, 349.1883, 41.63057
-9.576284, 2.917868, 0.4800797, 364.2626, 41.79674
-9.775798, 2.917868, 0.4661284, 349.1883, 41.63057
-9.775798, 2.741618, 0.4661284, 349.1883, 55.14302
-9.576284, 2.741618, 0.4800797, 364.2626, 55.28513
-9.576284, 2.917868, 0.4800797, 364.2626, 41.79674
-9.576284, 2.917868, 0.4800797, 364.2626, 41.79674
-9.576284, 2.741618, 0.4800797, 364.2626, 55.28513
-9.559068, 2.741618, 0.2338724, 369.6518, 52.70061
-9.559068, 2.917868, 0.2338724, 369.6518, 38.7749
-9.758581, 2.741618, 0.2199211, 354.0976, 52.54915
-9.559068, 2.741618, 0.2338724, 369.6518, 52.70061
-9.576284, 2.741618, 0.4800797, 364.2626, 55.28513
-9.775798, 2.741618, 0.4661284, 349.1883, 55.14302
-9.758581, 2.917868, 0.2199211, 354.0976, 38.59781
-9.758581, 2.741618, 0.2199211, 354.0976, 52.54915
-9.775798, 2.741618, 0.4661284, 349.1883, 55.14302
-9.775798, 2.917868, 0.4661284, 349.1883, 41.63057
-9.559068, 2.917868, 0.2338724, 369.6518, 38.7749
-9.559068, 2.741618, 0.2338724, 369.6518, 52.70061
-9.758581, 2.741618, 0.2199211, 354.0976, 52.54915
-9.758581, 2.917868, 0.2199211, 354.0976, 38.59781
box_8_lizol(Clone) stack 139 Shelf_2 Rack_1_1_1
-9.58088, 3.094118, 0.2168193, 368.2163, 24.6013
-9.779784, 3.094118, 0.237725, 352.1559, 24.90509
-9.753985, 3.094118, 0.4831815, 350.6195, 28.35056
-9.555081, 3.094118, 0.4622758, 366.1719, 28.06554
-9.753985, 3.094118, 0.4831815, 350.6195, 28.35056
-9.753985, 2.917868, 0.4831815, 350.6195, 41.83359
-9.555081, 2.917868, 0.4622758, 366.1719, 41.58461
-9.555081, 3.094118, 0.4622758, 366.1719, 28.06554
-9.555081, 3.094118, 0.4622758, 366.1719, 28.06554
-9.555081, 2.917868, 0.4622758, 366.1719, 41.58461
-9.58088, 2.917868, 0.2168193, 368.2163, 38.55835
-9.58088, 3.094118, 0.2168193, 368.2163, 24.6013
-9.779784, 2.917868, 0.237725, 352.1559, 38.8237
-9.58088, 2.917868, 0.2168193, 368.2163, 38.55835
-9.555081, 2.917868, 0.4622758, 366.1719, 41.58461
-9.753985, 2.917868, 0.4831815, 350.6195, 41.83359
-9.779784, 3.094118, 0.237725, 352.1559, 24.90509
-9.779784, 2.917868, 0.237725, 352.1559, 38.8237
-9.753985, 2.917868, 0.4831815, 350.6195, 41.83359
-9.753985, 3.094118, 0.4831815, 350.6195, 28.35056
-9.58088, 3.094118, 0.2168193, 368.2163, 24.6013
-9.58088, 2.917868, 0.2168193, 368.2163, 38.55835
-9.779784, 2.917868, 0.237725, 352.1559, 38.8237
-9.779784, 3.094118, 0.237725, 352.1559, 24.90509
box_3_Hareli(Clone) stack 140 Shelf_2 Rack_1_1_1
-9.956803, 2.538451, 0.2332926, 338.2338, 68.74805
-10.15632, 2.538451, 0.2472439, 322.3177, 68.86955
-10.14097, 2.538451, 0.4667081, 321.1859, 70.72386
-9.941457, 2.538451, 0.4527568, 336.653, 70.60909
-10.14097, 2.538451, 0.4667081, 321.1859, 70.72386
-10.14097, 2.388451, 0.4667081, 321.1859, 82.22295
-9.941457, 2.388451, 0.4527568, 336.653, 82.12871
-9.941457, 2.538451, 0.4527568, 336.653, 70.60909
-9.941457, 2.538451, 0.4527568, 336.653, 70.60909
-9.941457, 2.388451, 0.4527568, 336.653, 82.12871
-9.956803, 2.388451, 0.2332927, 338.2338, 80.60062
-9.956803, 2.538451, 0.2332926, 338.2338, 68.74805
-10.15632, 2.388451, 0.247244, 322.3177, 80.70038
-9.956803, 2.388451, 0.2332927, 338.2338, 80.60062
-9.941457, 2.388451, 0.4527568, 336.653, 82.12871
-10.14097, 2.388451, 0.4667081, 321.1859, 82.22295
-10.15632, 2.538451, 0.2472439, 322.3177, 68.86955
-10.15632, 2.388451, 0.247244, 322.3177, 80.70038
-10.14097, 2.388451, 0.4667081, 321.1859, 82.22295
-10.14097, 2.538451, 0.4667081, 321.1859, 70.72386
-9.956803, 2.538451, 0.2332926, 338.2338, 68.74805
-9.956803, 2.388451, 0.2332927, 338.2338, 80.60062
-10.15632, 2.388451, 0.247244, 322.3177, 80.70038
-10.15632, 2.538451, 0.2472439, 322.3177, 68.86955
box_3_Hareli(Clone) stack 140 Shelf_2 Rack_1_1_1
-9.950821, 2.688451, 0.2382718, 338.6418, 56.94664
-10.15079, 2.688451, 0.2417623, 322.8131, 56.98248
-10.14695, 2.688451, 0.4617289, 320.7787, 59.17654
-9.946981, 2.688451, 0.4582384, 336.1612, 59.14267
-10.14695, 2.688451, 0.4617289, 320.7787, 59.17654
-10.14695, 2.538451, 0.4617289, 320.7787, 70.68292
-9.946981, 2.538451, 0.4582384, 336.1612, 70.65422
-9.946981, 2.688451, 0.4582384, 336.1612, 59.14267
-9.946981, 2.688451, 0.4582384, 336.1612, 59.14267
-9.946981, 2.538451, 0.4582384, 336.1612, 70.65422
-9.950821, 2.538451, 0.2382719, 338.6418, 68.79146
-9.950821, 2.688451, 0.2382718, 338.6418, 56.94664
-10.15079, 2.538451, 0.2417624, 322.8131, 68.82185
-9.950821, 2.538451, 0.2382719, 338.6418, 68.79146
-9.946981, 2.538451, 0.4582384, 336.1612, 70.65422
-10.14695, 2.538451, 0.4617289, 320.7787, 70.68292
-10.15079, 2.688451, 0.2417623, 322.8131, 56.98248
-10.15079, 2.538451, 0.2417624, 322.8131, 68.82185
-10.14695, 2.538451, 0.4617289, 320.7787, 70.68292
-10.14695, 2.688451, 0.4617289, 320.7787, 59.17654
-9.950821, 2.688451, 0.2382718, 338.6418, 56.94664
-9.950821, 2.538451, 0.2382719, 338.6418, 68.79146
-10.15079, 2.538451, 0.2417624, 322.8131, 68.82185
-10.15079, 2.688451, 0.2417623, 322.8131, 56.98248
box_6_melody(Clone) stack 143 Shelf_0 Rack_1_1_2
-11.61188, 0.2073492, 0.2391725, 207.4798, 252.8537
-11.81112, 0.2073492, 0.2217414, 191.6378, 253.1246
-11.83203, 0.2073493, 0.4608282, 191.5116, 249.5135
-11.63279, 0.2073493, 0.4782594, 206.8706, 249.2589
-11.83203, 0.2073493, 0.4608282, 191.5116, 249.5135
-11.83203, 0.01984931, 0.4608282, 191.5116, 263.8982
-11.63279, 0.01984931, 0.4782594, 206.8706, 263.6115
-11.63279, 0.2073493, 0.4782594, 206.8706, 249.2589
-11.63279, 0.2073493, 0.4782594, 206.8706, 249.2589
-11.63279, 0.01984931, 0.4782594, 206.8706, 263.6115
-11.61188, 0.01984931, 0.2391725, 207.4798, 267.6579
-11.61188, 0.2073492, 0.2391725, 207.4798, 252.8537
-11.81112, 0.01984931, 0.2217414, 191.6378, 267.9629
-11.61188, 0.01984931, 0.2391725, 207.4798, 267.6579
-11.63279, 0.01984931, 0.4782594, 206.8706, 263.6115
-11.83203, 0.01984931, 0.4608282, 191.5116, 263.8982
-11.81112, 0.2073492, 0.2217414, 191.6378, 253.1246
-11.81112, 0.01984931, 0.2217414, 191.6378, 267.9629
-11.83203, 0.01984931, 0.4608282, 191.5116, 263.8982
-11.83203, 0.2073493, 0.4608282, 191.5116, 249.5135
-11.61188, 0.2073492, 0.2391725, 207.4798, 252.8537
-11.61188, 0.01984931, 0.2391725, 207.4798, 267.6579
-11.81112, 0.01984931, 0.2217414, 191.6378, 267.9629
-11.81112, 0.2073492, 0.2217414, 191.6378, 253.1246
box_6_melody(Clone) stack 143 Shelf_0 Rack_1_1_2
-11.60996, 0.3948492, 0.2411106, 207.6395, 238.0232
-11.80886, 0.3948492, 0.2202049, 191.8063, 238.3073
-11.83395, 0.3948492, 0.4588902, 191.3524, 235.1537
-11.63505, 0.3948492, 0.4797959, 206.7047, 234.8866
-11.83395, 0.3948492, 0.4588902, 191.3524, 235.1537
-11.83395, 0.2073492, 0.4588902, 191.3524, 249.5419
-11.63505, 0.2073492, 0.4797959, 206.7047, 249.2365
-11.63505, 0.3948492, 0.4797959, 206.7047, 234.8866
-11.63505, 0.3948492, 0.4797959, 206.7047, 234.8866
-11.63505, 0.2073492, 0.4797959, 206.7047, 249.2365
-11.60996, 0.2073492, 0.2411106, 207.6395, 252.8237
-11.60996, 0.3948492, 0.2411106, 207.6395, 238.0232
-11.80886, 0.2073492, 0.2202049, 191.8063, 253.1486
-11.60996, 0.2073492, 0.2411106, 207.6395, 252.8237
-11.63505, 0.2073492, 0.4797959, 206.7047, 249.2365
-11.83395, 0.2073492, 0.4588902, 191.3524, 249.5419
-11.80886, 0.3948492, 0.2202049, 191.8063, 238.3073
-11.80886, 0.2073492, 0.2202049, 191.8063, 253.1486
-11.83395, 0.2073492, 0.4588902, 191.3524, 249.5419
-11.83395, 0.3948492, 0.4588902, 191.3524, 235.1537
-11.60996, 0.3948492, 0.2411106, 207.6395, 238.0232
-11.60996, 0.2073492, 0.2411106, 207.6395, 252.8237
-11.80886, 0.2073492, 0.2202049, 191.8063, 253.1486
-11.80886, 0.3948492, 0.2202049, 191.8063, 238.3073
box_6_melody(Clone) stack 143 Shelf_0 Rack_1_1_2
-11.63279, 0.5823491, 0.2217414, 205.7498, 223.4481
-11.83203, 0.5823491, 0.2391725, 190.0972, 223.2452
-11.81112, 0.5823491, 0.4782594, 193.2205, 220.5535
-11.61188, 0.5823491, 0.4608282, 208.4015, 220.7442
-11.81112, 0.5823491, 0.4782594, 193.2205, 220.5535
-11.81112, 0.3948492, 0.4782594, 193.2205, 234.9062
-11.61188, 0.3948492, 0.4608282, 208.4015, 235.1289
-11.61188, 0.5823491, 0.4608282, 208.4015, 220.7442
-11.61188, 0.5823491, 0.4608282, 208.4015, 220.7442
-11.61188, 0.3948492, 0.4608282, 208.4015, 235.1289
-11.63279, 0.3948492, 0.2217414, 205.7498, 238.2864
-11.63279, 0.5823491, 0.2217414, 205.7498, 223.4481
-11.83203, 0.3948492, 0.2391725, 190.0972, 238.0495
-11.63279, 0.3948492, 0.2217414, 205.7498, 238.2864
-11.61188, 0.3948492, 0.4608282, 208.4015, 235.1289
-11.81112, 0.3948492, 0.4782594, 193.2205, 234.9062
-11.83203, 0.5823491, 0.2391725, 190.0972, 223.2452
-11.83203, 0.3948492, 0.2391725, 190.0972, 238.0495
-11.81112, 0.3948492, 0.4782594, 193.2205, 234.9062
-11.81112, 0.5823491, 0.4782594, 193.2205, 220.5535
-11.63279, 0.5823491, 0.2217414, 205.7498, 223.4481
-11.63279, 0.3948492, 0.2217414, 205.7498, 238.2864
-11.83203, 0.3948492, 0.2391725, 190.0972, 238.0495
-11.83203, 0.5823491, 0.2391725, 190.0972, 223.2452
box_6_melody(Clone) stack 143 Shelf_0 Rack_1_1_2
-11.62406, 0.7698491, 0.2282733, 206.4695, 208.5464
-11.82403, 0.7698491, 0.2317638, 190.6806, 208.5126
-11.81985, 0.7698491, 0.4717274, 192.5127, 206.2602
-11.61988, 0.7698491, 0.4682369, 207.8183, 206.292
-11.81985, 0.7698491, 0.4717274, 192.5127, 206.2602
-11.81985, 0.5823491, 0.4717274, 192.5127, 220.6249
-11.61988, 0.5823491, 0.4682369, 207.8183, 220.663
-11.61988, 0.7698491, 0.4682369, 207.8183, 206.292
-11.61988, 0.7698491, 0.4682369, 207.8183, 206.292
-11.61988, 0.5823491, 0.4682369, 207.8183, 220.663
-11.62406, 0.5823491, 0.2282734, 206.4695, 223.3719
-11.62406, 0.7698491, 0.2282733, 206.4695, 208.5464
-11.82403, 0.5823491, 0.2317638, 190.6806, 223.3313
-11.62406, 0.5823491, 0.2282734, 206.4695, 223.3719
-11.61988, 0.5823491, 0.4682369, 207.8183, 220.663
-11.81985, 0.5823491, 0.4717274, 192.5127, 220.6249
-11.82403, 0.7698491, 0.2317638, 190.6806, 208.5126
-11.82403, 0.5823491, 0.2317638, 190.6806, 223.3313
-11.81985, 0.5823491, 0.4717274, 192.5127, 220.6249
-11.81985, 0.7698491, 0.4717274, 192.5127, 206.2602
-11.62406, 0.7698491, 0.2282733, 206.4695, 208.5464
-11.62406, 0.5823491, 0.2282734, 206.4695, 223.3719
-11.82403, 0.5823491, 0.2317638, 190.6806, 223.3313
-11.82403, 0.7698491, 0.2317638, 190.6806, 208.5126
box_1_Parle-G-GOLD(Clone) stack 144 Shelf_0 Rack_1_1_2
-11.2386, 0.1916559, 0.2586173, 236.9601, 253.7888
-11.43711, 0.1916559, 0.2342434, 221.2666, 254.1701
-11.46254, 0.1916559, 0.4413835, 219.8079, 251.0059
-11.26403, 0.1916559, 0.4657574, 235.0905, 250.6446
-11.46254, 0.1916559, 0.4413835, 219.8079, 251.0059
-11.46254, 0.0191559, 0.4413835, 219.8079, 264.2728
-11.26403, 0.0191559, 0.4657574, 235.0905, 263.8701
-11.26403, 0.1916559, 0.4657574, 235.0905, 250.6446
-11.26403, 0.1916559, 0.4657574, 235.0905, 250.6446
-11.26403, 0.0191559, 0.4657574, 235.0905, 263.8701
-11.2386, 0.0191559, 0.2586173, 236.9601, 267.374
-11.2386, 0.1916559, 0.2586173, 236.9601, 253.7888
-11.43711, 0.0191559, 0.2342434, 221.2666, 267.7988
-11.2386, 0.0191559, 0.2586173, 236.9601, 267.374
-11.26403, 0.0191559, 0.4657574, 235.0905, 263.8701
-11.46254, 0.0191559, 0.4413835, 219.8079, 264.2728
-11.43711, 0.1916559, 0.2342434, 221.2666, 254.1701
-11.43711, 0.0191559, 0.2342434, 221.2666, 267.7988
-11.46254, 0.0191559, 0.4413835, 219.8079, 264.2728
-11.46254, 0.1916559, 0.4413835, 219.8079, 251.0059
-11.2386, 0.1916559, 0.2586173, 236.9601, 253.7888
-11.2386, 0.0191559, 0.2586173, 236.9601, 267.374
-11.43711, 0.0191559, 0.2342434, 221.2666, 267.7988
-11.43711, 0.1916559, 0.2342434, 221.2666, 254.1701
box_1_Parle-G-GOLD(Clone) stack 144 Shelf_0 Rack_1_1_2
-11.25057, 0.3641559, 0.2456525, 236.0105, 240.383
-11.45057, 0.3641559, 0.2456525, 220.2327, 240.383
-11.45057, 0.3641559, 0.4543482, 220.7606, 237.5686
-11.25057, 0.3641559, 0.4543482, 236.117, 237.5686
-11.45057, 0.3641559, 0.4543482, 220.7606, 237.5686
-11.45057, 0.1916559, 0.4543482, 220.7606, 250.8134
-11.25057, 0.1916559, 0.4543482, 236.117, 250.8134
-11.25057, 0.3641559, 0.4543482, 236.117, 237.5686
-11.25057, 0.3641559, 0.4543482, 236.117, 237.5686
-11.25057, 0.1916559, 0.4543482, 236.117, 250.8134
-11.25057, 0.1916559, 0.2456525, 236.0105, 253.9913
-11.25057, 0.3641559, 0.2456525, 236.0105, 240.383
-11.45057, 0.1916559, 0.2456525, 220.2327, 253.9913
-11.25057, 0.1916559, 0.2456525, 236.0105, 253.9913
-11.25057, 0.1916559, 0.4543482, 236.117, 250.8134
-11.45057, 0.1916559, 0.4543482, 220.7606, 250.8134
-11.45057, 0.3641559, 0.2456525, 220.2327, 240.383
-11.45057, 0.1916559, 0.2456525, 220.2327, 253.9913
-11.45057, 0.1916559, 0.4543482, 220.7606, 250.8134
-11.45057, 0.3641559, 0.4543482, 220.7606, 237.5686
-11.25057, 0.3641559, 0.2456525, 236.0105, 240.383
-11.25057, 0.1916559, 0.2456525, 236.0105, 253.9913
-11.45057, 0.1916559, 0.2456525, 220.2327, 253.9913
-11.45057, 0.3641559, 0.2456525, 220.2327, 240.383
box_1_Parle-G-GOLD(Clone) stack 144 Shelf_0 Rack_1_1_2
-11.24186, 0.5366558, 0.2547652, 236.7018, 226.6649
-11.4411, 0.5366558, 0.2373341, 220.9594, 226.8752
-11.45929, 0.5366558, 0.4452356, 220.0683, 224.428
-11.26005, 0.5366558, 0.4626667, 235.3944, 224.2287
-11.45929, 0.5366558, 0.4452356, 220.0683, 224.428
-11.45929, 0.3641559, 0.4452356, 220.0683, 237.6883
-11.26005, 0.3641559, 0.4626667, 235.3944, 237.4595
-11.26005, 0.5366558, 0.4626667, 235.3944, 224.2287
-11.26005, 0.5366558, 0.4626667, 235.3944, 224.2287
-11.26005, 0.3641559, 0.4626667, 235.3944, 237.4595
-11.24186, 0.3641559, 0.2547652, 236.7018, 240.2569
-11.24186, 0.5366558, 0.2547652, 236.7018, 226.6649
-11.4411, 0.3641559, 0.237334, 220.9594, 240.4984
-11.24186, 0.3641559, 0.2547652, 236.7018, 240.2569
-11.26005, 0.3641559, 0.4626667, 235.3944, 237.4595
-11.45929, 0.3641559, 0.4452356, 220.0683, 237.6883
-11.4411, 0.5366558, 0.2373341, 220.9594, 226.8752
-11.4411, 0.3641559, 0.237334, 220.9594, 240.4984
-11.45929, 0.3641559, 0.4452356, 220.0683, 237.6883
-11.45929, 0.5366558, 0.4452356, 220.0683, 224.428
-11.24186, 0.5366558, 0.2547652, 236.7018, 226.6649
-11.24186, 0.3641559, 0.2547652, 236.7018, 240.2569
-11.4411, 0.3641559, 0.237334, 220.9594, 240.4984
-11.4411, 0.5366558, 0.2373341, 220.9594, 226.8752
box_1_Parle-G-GOLD(Clone) stack 144 Shelf_0 Rack_1_1_2
-11.24354, 0.7091558, 0.2528824, 236.5687, 213.0922
-11.44305, 0.7091558, 0.2389311, 220.8092, 213.2355
-11.45761, 0.7091558, 0.4471184, 220.2021, 211.1493
-11.25809, 0.7091558, 0.4610697, 235.5433, 211.0135
-11.45761, 0.7091558, 0.4471184, 220.2021, 211.1493
-11.45761, 0.5366558, 0.4471184, 220.2021, 224.4064
-11.25809, 0.5366558, 0.4610697, 235.5433, 224.2469
-11.25809, 0.7091558, 0.4610697, 235.5433, 211.0135
-11.25809, 0.7091558, 0.4610697, 235.5433, 211.0135
-11.25809, 0.5366558, 0.4610697, 235.5433, 224.2469
-11.24354, 0.5366558, 0.2528824, 236.5687, 226.6876
-11.24354, 0.7091558, 0.2528824, 236.5687, 213.0922
-11.44305, 0.5366558, 0.2389311, 220.8092, 226.8559
-11.24354, 0.5366558, 0.2528824, 236.5687, 226.6876
-11.25809, 0.5366558, 0.4610697, 235.5433, 224.2469
-11.45761, 0.5366558, 0.4471184, 220.2021, 224.4064
-11.44305, 0.7091558, 0.2389311, 220.8092, 213.2355
-11.44305, 0.5366558, 0.2389311, 220.8092, 226.8559
-11.45761, 0.5366558, 0.4471184, 220.2021, 224.4064
-11.45761, 0.7091558, 0.4471184, 220.2021, 211.1493
-11.24354, 0.7091558, 0.2528824, 236.5687, 213.0922
-11.24354, 0.5366558, 0.2528824, 236.5687, 226.6876
-11.44305, 0.5366558, 0.2389311, 220.8092, 226.8559
-11.44305, 0.7091558, 0.2389311, 220.8092, 213.2355
box_1_Parle-G-GOLD(Clone) stack 144 Shelf_0 Rack_1_1_2
-11.2386, 0.8816558, 0.2586173, 236.9601, 199.4483
-11.43711, 0.8816558, 0.2342434, 221.2666, 199.6551
-11.46254, 0.8816558, 0.4413835, 219.8079, 197.9384
-11.26403, 0.8816558, 0.4657574, 235.0905, 197.7424
-11.46254, 0.8816558, 0.4413835, 219.8079, 197.9384
-11.46254, 0.7091558, 0.4413835, 219.8079, 211.2053
-11.26403, 0.7091558, 0.4657574, 235.0905, 210.9679
-11.26403, 0.8816558, 0.4657574, 235.0905, 197.7424
-11.26403, 0.8816558, 0.4657574, 235.0905, 197.7424
-11.26403, 0.7091558, 0.4657574, 235.0905, 210.9679
-11.2386, 0.7091558, 0.2586173, 236.9601, 213.0334
-11.2386, 0.8816558, 0.2586173, 236.9601, 199.4483
-11.43711, 0.7091558, 0.2342434, 221.2666, 213.2838
-11.2386, 0.7091558, 0.2586173, 236.9601, 213.0334
-11.26403, 0.7091558, 0.4657574, 235.0905, 210.9679
-11.46254, 0.7091558, 0.4413835, 219.8079, 211.2053
-11.43711, 0.8816558, 0.2342434, 221.2666, 199.6551
-11.43711, 0.7091558, 0.2342434, 221.2666, 213.2838
-11.46254, 0.7091558, 0.4413835, 219.8079, 211.2053
-11.46254, 0.8816558, 0.4413835, 219.8079, 197.9384
-11.2386, 0.8816558, 0.2586173, 236.9601, 199.4483
-11.2386, 0.7091558, 0.2586173, 236.9601, 213.0334
-11.43711, 0.7091558, 0.2342434, 221.2666, 213.2838
-11.43711, 0.8816558, 0.2342434, 221.2666, 199.6551
box_7_litchi(Clone) stack 145 Shelf_1 Rack_1_1_2
-10.91419, 1.414419, 0.2432683, 262.554, 157.5362
-11.11371, 1.414419, 0.2572196, 246.7972, 157.4949
-11.09976, 1.414419, 0.4567324, 247.6946, 156.9208
-10.90024, 1.414419, 0.4427811, 263.0501, 156.96
-11.09976, 1.414419, 0.4567324, 247.6946, 156.9208
-11.09976, 1.204419, 0.4567324, 247.6946, 173.04
-10.90024, 1.204419, 0.4427811, 263.0501, 173.108
-10.90024, 1.414419, 0.4427811, 263.0501, 156.96
-10.90024, 1.414419, 0.4427811, 263.0501, 156.96
-10.90024, 1.204419, 0.4427811, 263.0501, 173.108
-10.91419, 1.204419, 0.2432683, 262.554, 174.108
-10.91419, 1.414419, 0.2432683, 262.554, 157.5362
-11.11371, 1.204419, 0.2572196, 246.7972, 174.0364
-10.91419, 1.204419, 0.2432683, 262.554, 174.108
-10.90024, 1.204419, 0.4427811, 263.0501, 173.108
-11.09976, 1.204419, 0.4567324, 247.6946, 173.04
-11.11371, 1.414419, 0.2572196, 246.7972, 157.4949
-11.11371, 1.204419, 0.2572196, 246.7972, 174.0364
-11.09976, 1.204419, 0.4567324, 247.6946, 173.04
-11.09976, 1.414419, 0.4567324, 247.6946, 156.9208
-10.91419, 1.414419, 0.2432683, 262.554, 157.5362
-10.91419, 1.204419, 0.2432683, 262.554, 174.108
-11.11371, 1.204419, 0.2572196, 246.7972, 174.0364
-11.11371, 1.414419, 0.2572196, 246.7972, 157.4949
box_7_litchi(Clone) stack 145 Shelf_1 Rack_1_1_2
-10.90524, 1.624419, 0.2517608, 263.2343, 140.9577
-11.10521, 1.624419, 0.2482703, 247.475, 140.9604
-11.1087, 1.624419, 0.4482399, 247.0154, 140.8078
-10.90873, 1.624419, 0.4517304, 262.3714, 140.8052
-11.1087, 1.624419, 0.4482399, 247.0154, 140.8078
-11.1087, 1.414419, 0.4482399, 247.0154, 156.9446
-10.90873, 1.414419, 0.4517304, 262.3714, 156.9348
-10.90873, 1.624419, 0.4517304, 262.3714, 140.8052
-10.90873, 1.624419, 0.4517304, 262.3714, 140.8052
-10.90873, 1.414419, 0.4517304, 262.3714, 156.9348
-10.90524, 1.414419, 0.2517608, 263.2343, 157.511
-10.90524, 1.624419, 0.2517608, 263.2343, 140.9577
-11.10521, 1.414419, 0.2482704, 247.475, 157.5214
-10.90524, 1.414419, 0.2517608, 263.2343, 157.511
-10.90873, 1.414419, 0.4517304, 262.3714, 156.9348
-11.1087, 1.414419, 0.4482399, 247.0154, 156.9446
-11.10521, 1.624419, 0.2482703, 247.475, 140.9604
-11.10521, 1.414419, 0.2482704, 247.475, 157.5214
-11.1087, 1.414419, 0.4482399, 247.0154, 156.9446
-11.1087, 1.624419, 0.4482399, 247.0154, 140.8078
-10.90524, 1.624419, 0.2517608, 263.2343, 140.9577
-10.90524, 1.414419, 0.2517608, 263.2343, 157.511
-11.10521, 1.414419, 0.2482704, 247.475, 157.5214
-11.10521, 1.624419, 0.2482703, 247.475, 140.9604
box_8_lizol(Clone) stack 146 Shelf_1 Rack_1_1_2
-11.30358, 1.380775, 0.2231813, 231.8048, 160.2579
-11.50346, 1.380775, 0.2301612, 216.0119, 160.2347
-11.49484, 1.380775, 0.4768194, 217.4264, 159.4404
-11.29496, 1.380775, 0.4698395, 232.723, 159.4622
-11.49484, 1.380775, 0.4768194, 217.4264, 159.4404
-11.49484, 1.204525, 0.4768195, 217.4264, 172.9344
-11.29496, 1.204525, 0.4698395, 232.723, 172.9682
-11.29496, 1.380775, 0.4698395, 232.723, 159.4622
-11.29496, 1.380775, 0.4698395, 232.723, 159.4622
-11.29496, 1.204525, 0.4698395, 232.723, 172.9682
-11.30358, 1.204525, 0.2231813, 231.8048, 174.2032
-11.30358, 1.380775, 0.2231813, 231.8048, 160.2579
-11.50346, 1.204525, 0.2301612, 216.0119, 174.1672
-11.30358, 1.204525, 0.2231813, 231.8048, 174.2032
-11.29496, 1.204525, 0.4698395, 232.723, 172.9682
-11.49484, 1.204525, 0.4768195, 217.4264, 172.9344
-11.50346, 1.380775, 0.2301612, 216.0119, 160.2347
-11.50346, 1.204525, 0.2301612, 216.0119, 174.1672
-11.49484, 1.204525, 0.4768195, 217.4264, 172.9344
-11.49484, 1.380775, 0.4768194, 217.4264, 159.4404
-11.30358, 1.380775, 0.2231813, 231.8048, 160.2579
-11.30358, 1.204525, 0.2231813, 231.8048, 174.2032
-11.50346, 1.204525, 0.2301612, 216.0119, 174.1672
-11.50346, 1.380775, 0.2301612, 216.0119, 160.2347
box_5_LMRR(Clone) stack 147 Shelf_1 Rack_1_1_2
-11.70386, 1.346961, 0.1982208, 200.0017, 163.0255
-11.90277, 1.346961, 0.2191265, 184.3658, 162.9482
-11.87306, 1.346961, 0.5017799, 188.6332, 161.9434
-11.67415, 1.346961, 0.4808742, 203.7169, 162.0153
-11.87306, 1.346961, 0.5017799, 188.6332, 161.9434
-11.87306, 1.204461, 0.5017799, 188.6332, 172.8188
-11.67415, 1.204461, 0.4808742, 203.7169, 172.9196
-11.67415, 1.346961, 0.4808742, 203.7169, 162.0153
-11.67415, 1.346961, 0.4808742, 203.7169, 162.0153
-11.67415, 1.204461, 0.4808742, 203.7169, 172.9196
-11.70386, 1.204461, 0.1982208, 200.0017, 174.3377
-11.70386, 1.346961, 0.1982208, 200.0017, 163.0255
-11.90277, 1.204461, 0.2191265, 184.3658, 174.2292
-11.70386, 1.204461, 0.1982208, 200.0017, 174.3377
-11.67415, 1.204461, 0.4808742, 203.7169, 172.9196
-11.87306, 1.204461, 0.5017799, 188.6332, 172.8188
-11.90277, 1.346961, 0.2191265, 184.3658, 162.9482
-11.90277, 1.204461, 0.2191265, 184.3658, 174.2292
-11.87306, 1.204461, 0.5017799, 188.6332, 172.8188
-11.87306, 1.346961, 0.5017799, 188.6332, 161.9434
-11.70386, 1.346961, 0.1982208, 200.0017, 163.0255
-11.70386, 1.204461, 0.1982208, 200.0017, 174.3377
-11.90277, 1.204461, 0.2191265, 184.3658, 174.2292
-11.90277, 1.346961, 0.2191265, 184.3658, 162.9482
box_6_melody(Clone) stack 148 Shelf_1 Rack_1_1_2
-12.06002, 1.391943, 0.2430817, 172.1313, 159.3105
-12.25853, 1.391943, 0.2187079, 156.1972, 159.3886
-12.28778, 1.391943, 0.456919, 156.506, 158.6454
-12.08927, 1.391943, 0.4812929, 171.955, 158.5719
-12.28778, 1.391943, 0.456919, 156.506, 158.6454
-12.28778, 1.204443, 0.456919, 156.506, 173.0373
-12.08927, 1.204443, 0.4812929, 171.955, 172.919
-12.08927, 1.391943, 0.4812929, 171.955, 158.5719
-12.08927, 1.391943, 0.4812929, 171.955, 158.5719
-12.08927, 1.204443, 0.4812929, 171.955, 172.919
-12.06002, 1.204443, 0.2430817, 172.1313, 174.1071
-12.06002, 1.391943, 0.2430817, 172.1313, 159.3105
-12.25853, 1.204443, 0.2187079, 156.1972, 174.2328
-12.06002, 1.204443, 0.2430817, 172.1313, 174.1071
-12.08927, 1.204443, 0.4812929, 171.955, 172.919
-12.28778, 1.204443, 0.456919, 156.506, 173.0373
-12.25853, 1.391943, 0.2187079, 156.1972, 159.3886
-12.25853, 1.204443, 0.2187079, 156.1972, 174.2328
-12.28778, 1.204443, 0.456919, 156.506, 173.0373
-12.28778, 1.391943, 0.456919, 156.506, 158.6454
-12.06002, 1.391943, 0.2430817, 172.1313, 159.3105
-12.06002, 1.204443, 0.2430817, 172.1313, 174.1071
-12.25853, 1.204443, 0.2187079, 156.1972, 174.2328
-12.25853, 1.391943, 0.2187079, 156.1972, 159.3886
box_6_melody(Clone) stack 148 Shelf_1 Rack_1_1_2
-12.06002, 1.579443, 0.2430817, 172.1313, 144.5138
-12.25853, 1.579443, 0.2187079, 156.1972, 144.5444
-12.28778, 1.579443, 0.456919, 156.506, 144.2536
-12.08927, 1.579443, 0.4812929, 171.955, 144.2248
-12.28778, 1.579443, 0.456919, 156.506, 144.2536
-12.28778, 1.391943, 0.456919, 156.506, 158.6454
-12.08927, 1.391943, 0.4812929, 171.955, 158.5719
-12.08927, 1.579443, 0.4812929, 171.955, 144.2248
-12.08927, 1.579443, 0.4812929, 171.955, 144.2248
-12.08927, 1.391943, 0.4812929, 171.955, 158.5719
-12.06002, 1.391943, 0.2430817, 172.1313, 159.3104
-12.06002, 1.579443, 0.2430817, 172.1313, 144.5138
-12.25853, 1.391943, 0.2187079, 156.1972, 159.3886
-12.06002, 1.391943, 0.2430817, 172.1313, 159.3104
-12.08927, 1.391943, 0.4812929, 171.955, 158.5719
-12.28778, 1.391943, 0.456919, 156.506, 158.6454
-12.25853, 1.579443, 0.2187079, 156.1972, 144.5444
-12.25853, 1.391943, 0.2187079, 156.1972, 159.3886
-12.28778, 1.391943, 0.456919, 156.506, 158.6454
-12.28778, 1.579443, 0.456919, 156.506, 144.2536
-12.06002, 1.579443, 0.2430817, 172.1313, 144.5138
-12.06002, 1.391943, 0.2430817, 172.1313, 159.3104
-12.25853, 1.391943, 0.2187079, 156.1972, 159.3886
-12.25853, 1.579443, 0.2187079, 156.1972, 144.5444
box_6_melody(Clone) stack 148 Shelf_1 Rack_1_1_2
-12.06977, 1.766943, 0.2335633, 171.2757, 129.7106
-12.26965, 1.766943, 0.2265834, 155.4047, 129.7057
-12.27802, 1.766943, 0.4664374, 157.3552, 129.8679
-12.07815, 1.766943, 0.4734173, 172.7384, 129.8725
-12.27802, 1.766943, 0.4664374, 157.3552, 129.8679
-12.27802, 1.579443, 0.4664374, 157.3552, 144.2423
-12.07815, 1.579443, 0.4734173, 172.7384, 144.2341
-12.07815, 1.766943, 0.4734173, 172.7384, 129.8725
-12.07815, 1.766943, 0.4734173, 172.7384, 129.8725
-12.07815, 1.579443, 0.4734173, 172.7384, 144.2341
-12.06977, 1.579443, 0.2335634, 171.2757, 144.5257
-12.06977, 1.766943, 0.2335633, 171.2757, 129.7106
-12.26965, 1.579443, 0.2265835, 155.4047, 144.5345
-12.06977, 1.579443, 0.2335634, 171.2757, 144.5257
-12.07815, 1.579443, 0.4734173, 172.7384, 144.2341
-12.27802, 1.579443, 0.4664374, 157.3552, 144.2423
-12.26965, 1.766943, 0.2265834, 155.4047, 129.7057
-12.26965, 1.579443, 0.2265835, 155.4047, 144.5345
-12.27802, 1.579443, 0.4664374, 157.3552, 144.2423
-12.27802, 1.766943, 0.4664374, 157.3552, 129.8679
-12.06977, 1.766943, 0.2335633, 171.2757, 129.7106
-12.06977, 1.579443, 0.2335634, 171.2757, 144.5257
-12.26965, 1.579443, 0.2265835, 155.4047, 144.5345
-12.26965, 1.766943, 0.2265834, 155.4047, 129.7057
box_6_melody(Clone) stack 148 Shelf_1 Rack_1_1_2
-12.07182, 1.954443, 0.2317638, 171.0975, 114.8906
-12.27179, 1.954443, 0.2282733, 155.2543, 114.8814
-12.27598, 1.954443, 0.4682369, 157.5311, 115.4981
-12.07601, 1.954443, 0.4717274, 172.8878, 115.5068
-12.27598, 1.954443, 0.4682369, 157.5311, 115.4981
-12.27598, 1.766943, 0.4682369, 157.5311, 129.8691
-12.07601, 1.766943, 0.4717274, 172.8878, 129.8714
-12.07601, 1.954443, 0.4717274, 172.8878, 115.5068
-12.07601, 1.954443, 0.4717274, 172.8878, 115.5068
-12.07601, 1.766943, 0.4717274, 172.8878, 129.8714
-12.07182, 1.766943, 0.2317638, 171.0975, 129.7093
-12.07182, 1.954443, 0.2317638, 171.0975, 114.8906
-12.27179, 1.766943, 0.2282734, 155.2543, 129.7069
-12.07182, 1.766943, 0.2317638, 171.0975, 129.7093
-12.07601, 1.766943, 0.4717274, 172.8878, 129.8714
-12.27598, 1.766943, 0.4682369, 157.5311, 129.8691
-12.27179, 1.954443, 0.2282733, 155.2543, 114.8814
-12.27179, 1.766943, 0.2282734, 155.2543, 129.7069
-12.27598, 1.766943, 0.4682369, 157.5311, 129.8691
-12.27598, 1.954443, 0.4682369, 157.5311, 115.4981
-12.07182, 1.954443, 0.2317638, 171.0975, 114.8906
-12.07182, 1.766943, 0.2317638, 171.0975, 129.7093
-12.27179, 1.766943, 0.2282734, 155.2543, 129.7069
-12.27179, 1.954443, 0.2282733, 155.2543, 114.8814
box_3_Hareli(Clone) stack 149 Shelf_2 Rack_1_1_2
-12.40108, 2.538451, 0.2349175, 145.1144, 68.76222
-12.60081, 2.538451, 0.2453847, 129.4883, 68.85338
-12.58929, 2.538451, 0.4650832, 133.4739, 70.71053
-12.38957, 2.538451, 0.454616, 148.666, 70.6244
-12.58929, 2.538451, 0.4650832, 133.4739, 70.71053
-12.58929, 2.388451, 0.4650832, 133.4739, 82.21201
-12.38957, 2.388451, 0.4546161, 148.666, 82.14131
-12.38957, 2.538451, 0.454616, 148.666, 70.6244
-12.38957, 2.538451, 0.454616, 148.666, 70.6244
-12.38957, 2.388451, 0.4546161, 148.666, 82.14131
-12.40108, 2.388451, 0.2349175, 145.1144, 80.61227
-12.40108, 2.538451, 0.2349175, 145.1144, 68.76222
-12.60081, 2.388451, 0.2453847, 129.4883, 80.6871
-12.40108, 2.388451, 0.2349175, 145.1144, 80.61227
-12.38957, 2.388451, 0.4546161, 148.666, 82.14131
-12.58929, 2.388451, 0.4650832, 133.4739, 82.21201
-12.60081, 2.538451, 0.2453847, 129.4883, 68.85338
-12.60081, 2.388451, 0.2453847, 129.4883, 80.6871
-12.58929, 2.388451, 0.4650832, 133.4739, 82.21201
-12.58929, 2.538451, 0.4650832, 133.4739, 70.71053
-12.40108, 2.538451, 0.2349175, 145.1144, 68.76222
-12.40108, 2.388451, 0.2349175, 145.1144, 80.61227
-12.60081, 2.388451, 0.2453847, 129.4883, 80.6871
-12.60081, 2.538451, 0.2453847, 129.4883, 68.85338
box_3_Hareli(Clone) stack 149 Shelf_2 Rack_1_1_2
-12.39909, 2.688451, 0.2365774, 145.2926, 56.92923
-12.59896, 2.688451, 0.2435573, 129.6071, 57.00089
-12.59129, 2.688451, 0.4634233, 133.2984, 59.19295
-12.39141, 2.688451, 0.4564434, 148.5459, 59.12526
-12.59129, 2.688451, 0.4634233, 133.2984, 59.19295
-12.59129, 2.538451, 0.4634234, 133.2984, 70.69685
-12.39141, 2.538451, 0.4564435, 148.5459, 70.63943
-12.39141, 2.688451, 0.4564434, 148.5459, 59.12526
-12.39141, 2.688451, 0.4564434, 148.5459, 59.12526
-12.39141, 2.538451, 0.4564435, 148.5459, 70.63943
-12.39909, 2.538451, 0.2365774, 145.2926, 68.77669
-12.39909, 2.688451, 0.2365774, 145.2926, 56.92923
-12.59896, 2.538451, 0.2435573, 129.6071, 68.83748
-12.39909, 2.538451, 0.2365774, 145.2926, 68.77669
-12.39141, 2.538451, 0.4564435, 148.5459, 70.63943
-12.59129, 2.538451, 0.4634234, 133.2984, 70.69685
-12.59896, 2.688451, 0.2435573, 129.6071, 57.00089
-12.59896, 2.538451, 0.2435573, 129.6071, 68.83748
-12.59129, 2.538451, 0.4634234, 133.2984, 70.69685
-12.59129, 2.688451, 0.4634233, 133.2984, 59.19295
-12.39909, 2.688451, 0.2365774, 145.2926, 56.92923
-12.39909, 2.538451, 0.2365774, 145.2926, 68.77669
-12.59896, 2.538451, 0.2435573, 129.6071, 68.83748
-12.59896, 2.688451, 0.2435573, 129.6071, 57.00089
box_3_Hareli(Clone) stack 149 Shelf_2 Rack_1_1_2
-12.38776, 2.838451, 0.2472439, 146.319, 45.20787
-12.58727, 2.838451, 0.2332926, 130.382, 45.04289
-12.60262, 2.838451, 0.4527568, 132.2826, 47.56982
-12.4031, 2.838451, 0.4667081, 147.7694, 47.72568
-12.60262, 2.838451, 0.4527568, 132.2826, 47.56982
-12.60262, 2.688451, 0.4527568, 132.2826, 59.08945
-12.4031, 2.688451, 0.4667081, 147.7694, 59.22475
-12.4031, 2.838451, 0.4667081, 147.7694, 47.72568
-12.4031, 2.838451, 0.4667081, 147.7694, 47.72568
-12.4031, 2.688451, 0.4667081, 147.7694, 59.22475
-12.38776, 2.688451, 0.247244, 146.319, 57.03871
-12.38776, 2.838451, 0.2472439, 146.319, 45.20787
-12.58727, 2.688451, 0.2332927, 130.382, 56.89546
-12.38776, 2.688451, 0.247244, 146.319, 57.03871
-12.4031, 2.688451, 0.4667081, 147.7694, 59.22475
-12.60262, 2.688451, 0.4527568, 132.2826, 59.08945
-12.58727, 2.838451, 0.2332926, 130.382, 45.04289
-12.58727, 2.688451, 0.2332927, 130.382, 56.89546
-12.60262, 2.688451, 0.4527568, 132.2826, 59.08945
-12.60262, 2.838451, 0.4527568, 132.2826, 47.56982
-12.38776, 2.838451, 0.2472439, 146.319, 45.20787
-12.38776, 2.688451, 0.247244, 146.319, 57.03871
-12.58727, 2.688451, 0.2332927, 130.382, 56.89546
-12.58727, 2.838451, 0.2332926, 130.382, 45.04289
box_3_Hareli(Clone) stack 149 Shelf_2 Rack_1_1_2
-12.38776, 2.988451, 0.2472439, 146.319, 33.37703
-12.58727, 2.988451, 0.2332926, 130.382, 33.19031
-12.60262, 2.988451, 0.4527568, 132.2826, 36.0502
-12.4031, 2.988451, 0.4667081, 147.7694, 36.22658
-12.60262, 2.988451, 0.4527568, 132.2826, 36.0502
-12.60262, 2.838451, 0.4527568, 132.2826, 47.56981
-12.4031, 2.838451, 0.4667081, 147.7694, 47.72566
-12.4031, 2.988451, 0.4667081, 147.7694, 36.22658
-12.4031, 2.988451, 0.4667081, 147.7694, 36.22658
-12.4031, 2.838451, 0.4667081, 147.7694, 47.72566
-12.38776, 2.838451, 0.247244, 146.319, 45.20787
-12.38776, 2.988451, 0.2472439, 146.319, 33.37703
-12.58727, 2.838451, 0.2332927, 130.382, 45.04289
-12.38776, 2.838451, 0.247244, 146.319, 45.20787
-12.4031, 2.838451, 0.4667081, 147.7694, 47.72566
-12.60262, 2.838451, 0.4527568, 132.2826, 47.56981
-12.58727, 2.988451, 0.2332926, 130.382, 33.19031
-12.58727, 2.838451, 0.2332927, 130.382, 45.04289
-12.60262, 2.838451, 0.4527568, 132.2826, 47.56981
-12.60262, 2.988451, 0.4527568, 132.2826, 36.0502
-12.38776, 2.988451, 0.2472439, 146.319, 33.37703
-12.38776, 2.838451, 0.247244, 146.319, 45.20787
-12.58727, 2.838451, 0.2332927, 130.382, 45.04289
-12.58727, 2.988451, 0.2332926, 130.382, 33.19031
box_3_Hareli(Clone) stack 149 Shelf_2 Rack_1_1_2
-12.38424, 3.138451, 0.2510558, 146.6435, 21.60301
-12.58314, 3.138451, 0.2301501, 130.6629, 21.2907
-12.60614, 3.138451, 0.448945, 131.9595, 24.47665
-12.40723, 3.138451, 0.4698507, 147.49, 24.77173
-12.60614, 3.138451, 0.448945, 131.9595, 24.47665
-12.60614, 2.988451, 0.448945, 131.9595, 36.00189
-12.40723, 2.988451, 0.4698507, 147.49, 36.2662
-12.40723, 3.138451, 0.4698507, 147.49, 24.77173
-12.40723, 3.138451, 0.4698507, 147.49, 24.77173
-12.40723, 2.988451, 0.4698507, 147.49, 36.2662
-12.38424, 2.988451, 0.2510558, 146.6435, 33.42793
-12.38424, 3.138451, 0.2510558, 146.6435, 21.60301
-12.58314, 2.988451, 0.2301501, 130.6629, 33.14818
-12.38424, 2.988451, 0.2510558, 146.6435, 33.42793
-12.40723, 2.988451, 0.4698507, 147.49, 36.2662
-12.60614, 2.988451, 0.448945, 131.9595, 36.00189
-12.58314, 3.138451, 0.2301501, 130.6629, 21.2907
-12.58314, 2.988451, 0.2301501, 130.6629, 33.14818
-12.60614, 2.988451, 0.448945, 131.9595, 36.00189
-12.60614, 3.138451, 0.448945, 131.9595, 24.47665
-12.38424, 3.138451, 0.2510558, 146.6435, 21.60301
-12.38424, 2.988451, 0.2510558, 146.6435, 33.42793
-12.58314, 2.988451, 0.2301501, 130.6629, 33.14818
-12.58314, 3.138451, 0.2301501, 130.6629, 21.2907
box_8_lizol(Clone) stack 151 Shelf_2 Rack_1_1_2
-11.60643, 2.565368, 0.2357813, 207.8952, 66.64349
-11.80567, 2.565368, 0.2183502, 192.0471, 66.48627
-11.82718, 2.565368, 0.4642195, 191.9045, 68.63925
-11.62794, 2.565368, 0.4816506, 207.256, 68.78677
-11.82718, 2.565368, 0.4642195, 191.9045, 68.63925
-11.82718, 2.389118, 0.4642195, 191.9045, 82.15498
-11.62794, 2.389118, 0.4816506, 207.256, 82.27245
-11.62794, 2.565368, 0.4816506, 207.256, 68.78677
-11.62794, 2.565368, 0.4816506, 207.256, 68.78677
-11.62794, 2.389118, 0.4816506, 207.256, 82.27245
-11.60643, 2.389118, 0.2357813, 207.8952, 80.5657
-11.60643, 2.565368, 0.2357813, 207.8952, 66.64349
-11.80567, 2.389118, 0.2183501, 192.0471, 80.44051
-11.60643, 2.389118, 0.2357813, 207.8952, 80.5657
-11.62794, 2.389118, 0.4816506, 207.256, 82.27245
-11.82718, 2.389118, 0.4642195, 191.9045, 82.15498
-11.80567, 2.565368, 0.2183502, 192.0471, 66.48627
-11.80567, 2.389118, 0.2183501, 192.0471, 80.44051
-11.82718, 2.389118, 0.4642195, 191.9045, 82.15498
-11.82718, 2.565368, 0.4642195, 191.9045, 68.63925
-11.60643, 2.565368, 0.2357813, 207.8952, 66.64349
-11.60643, 2.389118, 0.2357813, 207.8952, 80.5657
-11.80567, 2.389118, 0.2183501, 192.0471, 80.44051
-11.80567, 2.565368, 0.2183502, 192.0471, 66.48627
box_8_lizol(Clone) stack 151 Shelf_2 Rack_1_1_2
-11.60643, 2.741618, 0.2357813, 207.8952, 52.72131
-11.80567, 2.741618, 0.2183502, 192.0471, 52.53204
-11.82718, 2.741618, 0.4642195, 191.9045, 55.12355
-11.62794, 2.741618, 0.4816506, 207.256, 55.30109
-11.82718, 2.741618, 0.4642195, 191.9045, 55.12355
-11.82718, 2.565368, 0.4642195, 191.9045, 68.63925
-11.62794, 2.565368, 0.4816506, 207.256, 68.78677
-11.62794, 2.741618, 0.4816506, 207.256, 55.30109
-11.62794, 2.741618, 0.4816506, 207.256, 55.30109
-11.62794, 2.565368, 0.4816506, 207.256, 68.78677
-11.60643, 2.565368, 0.2357813, 207.8952, 66.64349
-11.60643, 2.741618, 0.2357813, 207.8952, 52.72131
-11.80567, 2.565368, 0.2183501, 192.0471, 66.48627
-11.60643, 2.565368, 0.2357813, 207.8952, 66.64349
-11.62794, 2.565368, 0.4816506, 207.256, 68.78677
-11.82718, 2.565368, 0.4642195, 191.9045, 68.63925
-11.80567, 2.741618, 0.2183502, 192.0471, 52.53204
-11.80567, 2.565368, 0.2183501, 192.0471, 66.48627
-11.82718, 2.565368, 0.4642195, 191.9045, 68.63925
-11.82718, 2.741618, 0.4642195, 191.9045, 55.12355
-11.60643, 2.741618, 0.2357813, 207.8952, 52.72131
-11.60643, 2.565368, 0.2357813, 207.8952, 66.64349
-11.80567, 2.565368, 0.2183501, 192.0471, 66.48627
-11.80567, 2.741618, 0.2183502, 192.0471, 52.53204
box_8_lizol(Clone) stack 151 Shelf_2 Rack_1_1_2
-11.60446, 2.917868, 0.237725, 208.0596, 38.8237
-11.80336, 2.917868, 0.2168193, 192.2205, 38.55835
-11.82916, 2.917868, 0.4622758, 191.7408, 41.58461
-11.63026, 2.917868, 0.4831815, 207.0855, 41.83359
-11.82916, 2.917868, 0.4622758, 191.7408, 41.58461
-11.82916, 2.741618, 0.4622758, 191.7408, 55.10368
-11.63026, 2.741618, 0.4831815, 207.0855, 55.31665
-11.63026, 2.917868, 0.4831815, 207.0855, 41.83359
-11.63026, 2.917868, 0.4831815, 207.0855, 41.83359
-11.63026, 2.741618, 0.4831815, 207.0855, 55.31665
-11.60446, 2.741618, 0.237725, 208.0596, 52.74236
-11.60446, 2.917868, 0.237725, 208.0596, 38.8237
-11.80336, 2.741618, 0.2168193, 192.2205, 52.5154
-11.60446, 2.741618, 0.237725, 208.0596, 52.74236
-11.63026, 2.741618, 0.4831815, 207.0855, 55.31665
-11.82916, 2.741618, 0.4622758, 191.7408, 55.10368
-11.80336, 2.917868, 0.2168193, 192.2205, 38.55835
-11.80336, 2.741618, 0.2168193, 192.2205, 52.5154
-11.82916, 2.741618, 0.4622758, 191.7408, 55.10368
-11.82916, 2.917868, 0.4622758, 191.7408, 41.58461
-11.60446, 2.917868, 0.237725, 208.0596, 38.8237
-11.60446, 2.741618, 0.237725, 208.0596, 52.74236
-11.80336, 2.741618, 0.2168193, 192.2205, 52.5154
-11.80336, 2.917868, 0.2168193, 192.2205, 38.55835
box_8_lizol(Clone) stack 151 Shelf_2 Rack_1_1_2
-11.60252, 3.094118, 0.2397029, 208.2212, 24.93373
-11.80102, 3.094118, 0.2153291, 192.3961, 24.57957
-11.8311, 3.094118, 0.4602979, 191.5796, 28.03847
-11.63259, 3.094118, 0.4846717, 206.913, 28.37083
-11.8311, 3.094118, 0.4602979, 191.5796, 28.03847
-11.8311, 2.917868, 0.4602979, 191.5796, 41.56097
-11.63259, 2.917868, 0.4846717, 206.913, 41.8513
-11.63259, 3.094118, 0.4846717, 206.913, 28.37083
-11.63259, 3.094118, 0.4846717, 206.913, 28.37083
-11.63259, 2.917868, 0.4846717, 206.913, 41.8513
-11.60252, 2.917868, 0.2397029, 208.2212, 38.84872
-11.60252, 3.094118, 0.2397029, 208.2212, 24.93373
-11.80102, 2.917868, 0.215329, 192.3961, 38.53937
-11.60252, 2.917868, 0.2397029, 208.2212, 38.84872
-11.63259, 2.917868, 0.4846717, 206.913, 41.8513
-11.8311, 2.917868, 0.4602979, 191.5796, 41.56097
-11.80102, 3.094118, 0.2153291, 192.3961, 24.57957
-11.80102, 2.917868, 0.215329, 192.3961, 38.53937
-11.8311, 2.917868, 0.4602979, 191.5796, 41.56097
-11.8311, 3.094118, 0.4602979, 191.5796, 28.03847
-11.60252, 3.094118, 0.2397029, 208.2212, 24.93373
-11.60252, 2.917868, 0.2397029, 208.2212, 38.84872
-11.80102, 2.917868, 0.215329, 192.3961, 38.53937
-11.80102, 3.094118, 0.2153291, 192.3961, 24.57957
box_7_litchi(Clone) stack 152 Shelf_2 Rack_1_1_2
-11.24554, 2.599012, 0.2500004, 236.4096, 64.11862
-11.44554, 2.599012, 0.2500004, 220.6407, 64.11862
-11.44554, 2.599012, 0.4500003, 221.1365, 65.93376
-11.24554, 2.599012, 0.4500003, 236.5015, 65.93376
-11.44554, 2.599012, 0.4500003, 221.1365, 65.93376
-11.44554, 2.389012, 0.4500004, 221.1365, 82.06693
-11.24554, 2.389012, 0.4500004, 236.5015, 82.06693
-11.24554, 2.599012, 0.4500003, 236.5015, 65.93376
-11.24554, 2.599012, 0.4500003, 236.5015, 65.93376
-11.24554, 2.389012, 0.4500004, 236.5015, 82.06693
-11.24554, 2.389012, 0.2500004, 236.4096, 80.67577
-11.24554, 2.599012, 0.2500004, 236.4096, 64.11862
-11.44554, 2.389012, 0.2500004, 220.6407, 80.67577
-11.24554, 2.389012, 0.2500004, 236.4096, 80.67577
-11.24554, 2.389012, 0.4500004, 236.5015, 82.06693
-11.44554, 2.389012, 0.4500004, 221.1365, 82.06693
-11.44554, 2.599012, 0.2500004, 220.6407, 64.11862
-11.44554, 2.389012, 0.2500004, 220.6407, 80.67577
-11.44554, 2.389012, 0.4500004, 221.1365, 82.06693
-11.44554, 2.599012, 0.4500003, 221.1365, 65.93376
-11.24554, 2.599012, 0.2500004, 236.4096, 64.11862
-11.24554, 2.389012, 0.2500004, 236.4096, 80.67577
-11.44554, 2.389012, 0.2500004, 220.6407, 80.67577
-11.44554, 2.599012, 0.2500004, 220.6407, 64.11862
box_7_litchi(Clone) stack 152 Shelf_2 Rack_1_1_2
-11.25654, 2.809012, 0.2400953, 235.5364, 47.44748
-11.45544, 2.809012, 0.2610011, 219.8889, 47.68767
-11.43454, 2.809012, 0.4599054, 222.0045, 49.90851
-11.23563, 2.809012, 0.4389997, 237.2586, 49.68042
-11.43454, 2.809012, 0.4599054, 222.0045, 49.90851
-11.43454, 2.599012, 0.4599054, 222.0045, 66.02124
-11.23563, 2.599012, 0.4389997, 237.2586, 65.83635
-11.23563, 2.809012, 0.4389997, 237.2586, 49.68042
-11.23563, 2.809012, 0.4389997, 237.2586, 49.68042
-11.23563, 2.599012, 0.4389997, 237.2586, 65.83635
-11.25654, 2.599012, 0.2400953, 235.5364, 64.02625
-11.25654, 2.809012, 0.2400953, 235.5364, 47.44748
-11.45544, 2.599012, 0.2610011, 219.8889, 64.22093
-11.25654, 2.599012, 0.2400953, 235.5364, 64.02625
-11.23563, 2.599012, 0.4389997, 237.2586, 65.83635
-11.43454, 2.599012, 0.4599054, 222.0045, 66.02124
-11.45544, 2.809012, 0.2610011, 219.8889, 47.68767
-11.45544, 2.599012, 0.2610011, 219.8889, 64.22093
-11.43454, 2.599012, 0.4599054, 222.0045, 66.02124
-11.43454, 2.809012, 0.4599054, 222.0045, 49.90851
-11.25654, 2.809012, 0.2400953, 235.5364, 47.44748
-11.25654, 2.599012, 0.2400953, 235.5364, 64.02625
-11.45544, 2.599012, 0.2610011, 219.8889, 64.22093
-11.45544, 2.809012, 0.2610011, 219.8889, 47.68767
box_7_litchi(Clone) stack 152 Shelf_2 Rack_1_1_2
-11.23881, 3.019012, 0.2572196, 236.9432, 31.10286
-11.43832, 3.019012, 0.2432683, 221.1933, 30.91222
-11.45227, 3.019012, 0.4427811, 220.6014, 33.57368
-11.25276, 3.019012, 0.4567324, 235.9504, 33.7547
-11.45227, 3.019012, 0.4427811, 220.6014, 33.57368
-11.45227, 2.809012, 0.4427811, 220.6014, 49.72177
-11.25276, 2.809012, 0.4567324, 235.9504, 49.87396
-11.25276, 3.019012, 0.4567324, 235.9504, 33.7547
-11.25276, 3.019012, 0.4567324, 235.9504, 33.7547
-11.25276, 2.809012, 0.4567324, 235.9504, 49.87396
-11.23881, 2.809012, 0.2572196, 236.9432, 47.64432
-11.23881, 3.019012, 0.2572196, 236.9432, 31.10286
-11.43832, 2.809012, 0.2432683, 221.1933, 47.48402
-11.23881, 2.809012, 0.2572196, 236.9432, 47.64432
-11.25276, 2.809012, 0.4567324, 235.9504, 49.87396
-11.45227, 2.809012, 0.4427811, 220.6014, 49.72177
-11.43832, 3.019012, 0.2432683, 221.1933, 30.91222
-11.43832, 2.809012, 0.2432683, 221.1933, 47.48402
-11.45227, 2.809012, 0.4427811, 220.6014, 49.72177
-11.45227, 3.019012, 0.4427811, 220.6014, 33.57368
-11.23881, 3.019012, 0.2572196, 236.9432, 31.10286
-11.23881, 2.809012, 0.2572196, 236.9432, 47.64432
-11.43832, 2.809012, 0.2432683, 221.1933, 47.48402
-11.43832, 3.019012, 0.2432683, 221.1933, 30.91222
