box4_Fairever(Clone) stack 119 Shelf_1 Rack_1_1_0
-8.26702, 1.369311, 0.4590169, 476.5754, 160.3757
-8.26702, 1.369311, 0.4590169, 476.5754, 160.3757
-8.26702, 1.204311, 0.4590169, 476.5754, 173.0372
-8.26702, 1.204311, 0.4590169, 476.5754, 173.0372
-8.26702, 1.204311, 0.4590169, 476.5754, 173.0372
-8.26702, 1.369311, 0.4590169, 476.5754, 160.3757
box4_Fairever(Clone) stack 119 Shelf_1 Rack_1_1_0
-8.261165, 1.534311, 0.4646202, 476.855, 147.7052
-8.261165, 1.534311, 0.4646202, 476.855, 147.7052
-8.261165, 1.369311, 0.4646202, 476.855, 160.3575
-8.261165, 1.369311, 0.4646202, 476.855, 160.3575
-8.261165, 1.369311, 0.4646202, 476.855, 160.3575
-8.261165, 1.534311, 0.4646202, 476.855, 147.7052
box4_Fairever(Clone) stack 119 Shelf_1 Rack_1_1_0
-8.257101, 1.699311, 0.4681821, 477.0587, 135.0528
-8.257101, 1.699311, 0.4681821, 477.0587, 135.0528
-8.257101, 1.534311, 0.4681821, 477.0587, 147.6994
-8.257101, 1.534311, 0.4681821, 477.0587, 147.6994
-8.257101, 1.534311, 0.4681821, 477.0587, 147.6994
-8.257101, 1.699311, 0.4681821, 477.0587, 135.0528
box4_Fairever(Clone) stack 119 Shelf_1 Rack_1_1_0
-8.259148, 1.864311, 0.4664189, 476.9552, 122.4034
-8.259148, 1.864311, 0.4664189, 476.9552, 122.4034
-8.259148, 1.699311, 0.4664189, 476.9552, 135.0528
-8.259148, 1.699311, 0.4664189, 476.9552, 135.0528
-8.259148, 1.699311, 0.4664189, 476.9552, 135.0528
-8.259148, 1.864311, 0.4664189, 476.9552, 122.4034
box4_Fairever(Clone) stack 119 Shelf_1 Rack_1_1_0
-8.257101, 2.029311, 0.4681821, 477.0587, 109.7596
-8.257101, 2.029311, 0.4681821, 477.0587, 109.7596
-8.257101, 1.864311, 0.4681821, 477.0587, 122.4062
-8.257101, 1.864311, 0.4681821, 477.0587, 122.4062
-8.257101, 1.864311, 0.4681821, 477.0587, 122.4062
-8.257101, 2.029311, 0.4681821, 477.0587, 109.7596
box_6_melody(Clone) stack 128 Shelf_0 Rack_1_1_1
-9.908854, 0.2073492, 0.2430817, 353.7286, 252.7931
-10.10736, 0.2073492, 0.2187079, 338.3785, 253.1719
-10.13661, 0.2073492, 0.456919, 333.1354, 249.5708
-9.938103, 0.2073492, 0.4812929, 348.0355, 249.2147
-10.13661, 0.2073492, 0.456919, 333.1354, 249.5708
-10.13661, 0.01984931, 0.456919, 333.1354, 263.9626
-9.938103, 0.01984931, 0.4812929, 348.0355, 263.5618
-9.938103, 0.2073492, 0.4812929, 348.0355, 249.2147
-9.938103, 0.2073492, 0.4812929, 348.0355, 249.2147
-9.938103, 0.01984931, 0.4812929, 348.0355, 263.5618
-9.908854, 0.01984931, 0.2430817, 353.7286, 267.5897
-9.908854, 0.2073492, 0.2430817, 353.7286, 252.7931
-10.10736, 0.01984931, 0.2187079, 338.3785, 268.0161
-9.908854, 0.01984931, 0.2430817, 353.7286, 267.5897
-9.938103, 0.01984931, 0.4812929, 348.0355, 263.5618
-10.13661, 0.01984931, 0.456919, 333.1354, 263.9626
-10.10736, 0.2073492, 0.2187079, 338.3785, 253.1719
-10.10736, 0.01984931, 0.2187079, 338.3785, 268.0161
-10.13661, 0.01984931, 0.456919, 333.1354, 263.9626
-10.13661, 0.2073492, 0.456919, 333.1354, 249.5708
-9.908854, 0.2073492, 0.2430817, 353.7286, 252.7931
-9.908854, 0.01984931, 0.2430817, 353.7286, 267.5897
-10.10736, 0.01984931, 0.2187079, 338.3785, 268.0161
-10.10736, 0.2073492, 0.2187079, 338.3785, 253.1719
box_6_melody(Clone) stack 128 Shelf_0 Rack_1_1_1
-9.933572, 0.3948492, 0.2217414, 352.0925, 238.2864
-10.13281, 0.3948492, 0.2391725, 336.1043, 238.0495
-10.11189, 0.3948492, 0.4782594, 334.774, 234.9062
-9.912655, 0.3948492, 0.4608282, 350.2705, 235.1289
-10.11189, 0.3948492, 0.4782594, 334.774, 234.9062
-10.11189, 0.2073492, 0.4782594, 334.774, 249.2589
-9.912655, 0.2073492, 0.4608282, 350.2705, 249.5135
-9.912655, 0.3948492, 0.4608282, 350.2705, 235.1289
-9.912655, 0.3948492, 0.4608282, 350.2705, 235.1289
-9.912655, 0.2073492, 0.4608282, 350.2705, 249.5135
-9.933572, 0.2073492, 0.2217414, 352.0925, 253.1246
-9.933572, 0.3948492, 0.2217414, 352.0925, 238.2864
-10.13281, 0.2073492, 0.2391725, 336.1043, 252.8537
-9.933572, 0.2073492, 0.2217414, 352.0925, 253.1246
-9.912655, 0.2073492, 0.4608282, 350.2705, 249.5135
-10.11189, 0.2073492, 0.4782594, 334.774, 249.2589
-10.13281, 0.3948492, 0.2391725, 336.1043, 238.0495
-10.13281, 0.2073492, 0.2391725, 336.1043, 252.8537
-10.11189, 0.2073492, 0.4782594, 334.774, 249.2589
-10.11189, 0.3948492, 0.4782594, 334.774, 234.9062
-9.933572, 0.3948492, 0.2217414, 352.0925, 238.2864
-9.933572, 0.2073492, 0.2217414, 352.0925, 253.1246
-10.13281, 0.2073492, 0.2391725, 336.1043, 252.8537
-10.13281, 0.3948492, 0.2391725, 336.1043, 238.0495
box_6_melody(Clone) stack 128 Shelf_0 Rack_1_1_1
-9.92915, 0.5823491, 0.2249312, 352.3952, 223.4109
-10.12888, 0.5823491, 0.2353984, 336.4629, 223.2891
-10.11632, 0.5823491, 0.4750696, 334.4739, 220.5883
-9.91659, 0.5823491, 0.4646024, 349.9156, 220.7028
-10.11632, 0.5823491, 0.4750696, 334.4739, 220.5883
-10.11632, 0.3948492, 0.4750696, 334.4739, 234.9469
-9.91659, 0.3948492, 0.4646024, 349.9156, 235.0806
-9.91659, 0.5823491, 0.4646024, 349.9156, 220.7028
-9.91659, 0.5823491, 0.4646024, 349.9156, 220.7028
-9.91659, 0.3948492, 0.4646024, 349.9156, 235.0806
-9.92915, 0.3948492, 0.2249312, 352.3952, 238.2429
-9.92915, 0.5823491, 0.2249312, 352.3952, 223.4109
-10.12888, 0.3948492, 0.2353984, 336.4629, 238.1007
-9.92915, 0.3948492, 0.2249312, 352.3952, 238.2429
-9.91659, 0.3948492, 0.4646024, 349.9156, 235.0806
-10.11632, 0.3948492, 0.4750696, 334.4739, 234.9469
-10.12888, 0.5823491, 0.2353984, 336.4629, 223.2891
-10.12888, 0.3948492, 0.2353984, 336.4629, 238.1007
-10.11632, 0.3948492, 0.4750696, 334.4739, 234.9469
-10.11632, 0.5823491, 0.4750696, 334.4739, 220.5883
-9.92915, 0.5823491, 0.2249312, 352.3952, 223.4109
-9.92915, 0.3948492, 0.2249312, 352.3952, 238.2429
-10.12888, 0.3948492, 0.2353984, 336.4629, 238.1007
-10.12888, 0.5823491, 0.2353984, 336.4629, 223.2891
box_6_melody(Clone) stack 128 Shelf_0 Rack_1_1_1
-9.912655, 0.7698491, 0.2391725, 353.4869, 208.441
-10.11189, 0.7698491, 0.2217414, 337.9806, 208.6098
-10.13281, 0.7698491, 0.4608282, 333.3805, 206.3595
-9.933572, 0.7698491, 0.4782594, 348.4241, 206.2008
-10.13281, 0.7698491, 0.4608282, 333.3805, 206.3595
-10.13281, 0.5823491, 0.4608282, 333.3805, 220.7442
-9.933572, 0.5823491, 0.4782594, 348.4241, 220.5535
-9.933572, 0.7698491, 0.4782594, 348.4241, 206.2008
-9.933572, 0.7698491, 0.4782594, 348.4241, 206.2008
-9.933572, 0.5823491, 0.4782594, 348.4241, 220.5535
-9.912655, 0.5823491, 0.2391725, 353.4869, 223.2452
-9.912655, 0.7698491, 0.2391725, 353.4869, 208.441
-10.11189, 0.5823491, 0.2217414, 337.9806, 223.4481
-9.912655, 0.5823491, 0.2391725, 353.4869, 223.2452
-9.933572, 0.5823491, 0.4782594, 348.4241, 220.5535
-10.13281, 0.5823491, 0.4608282, 333.3805, 220.7442
-10.11189, 0.7698491, 0.2217414, 337.9806, 208.6098
-10.11189, 0.5823491, 0.2217414, 337.9806, 223.4481
-10.13281, 0.5823491, 0.4608282, 333.3805, 220.7442
-10.13281, 0.7698491, 0.4608282, 333.3805, 206.3595
-9.912655, 0.7698491, 0.2391725, 353.4869, 208.441
-9.912655, 0.5823491, 0.2391725, 353.4869, 223.2452
-10.11189, 0.5823491, 0.2217414, 337.9806, 223.4481
-10.11189, 0.7698491, 0.2217414, 337.9806, 208.6098
box_2_Parle-G(Clone) stack 129 Shelf_0 Rack_1_1_1
-9.52623, 0.274422, 0.2841088, 383.151, 246.8962
-9.7262, 0.274422, 0.2806183, 367.5132, 246.9473
-9.728561, 0.274422, 0.4158919, 365.1127, 244.9998
-9.528591, 0.274422, 0.4193824, 380.4796, 244.9505
-9.728561, 0.274422, 0.4158919, 365.1127, 244.9998
-9.728561, 0.01942197, 0.4158919, 365.1127, 264.6761
-9.528591, 0.01942197, 0.4193824, 380.4796, 264.6179
-9.528591, 0.274422, 0.4193824, 380.4796, 244.9505
-9.528591, 0.274422, 0.4193824, 380.4796, 244.9505
-9.528591, 0.01942197, 0.4193824, 380.4796, 264.6179
-9.52623, 0.01942196, 0.2841088, 383.151, 266.9116
-9.52623, 0.274422, 0.2841088, 383.151, 246.8962
-9.7262, 0.01942196, 0.2806184, 367.5132, 266.9719
-9.52623, 0.01942196, 0.2841088, 383.151, 266.9116
-9.528591, 0.01942197, 0.4193824, 380.4796, 264.6179
-9.728561, 0.01942197, 0.4158919, 365.1127, 264.6761
-9.7262, 0.274422, 0.2806183, 367.5132, 246.9473
-9.7262, 0.01942196, 0.2806184, 367.5132, 266.9719
-9.728561, 0.01942197, 0.4158919, 365.1127, 264.6761
-9.728561, 0.274422, 0.4158919, 365.1127, 244.9998
-9.52623, 0.274422, 0.2841088, 383.151, 246.8962
-9.52623, 0.01942196, 0.2841088, 383.151, 266.9116
-9.7262, 0.01942196, 0.2806184, 367.5132, 266.9719
-9.7262, 0.274422, 0.2806183, 367.5132, 246.9473
box_2_Parle-G(Clone) stack 129 Shelf_0 Rack_1_1_1
-9.520872, 0.5294219, 0.2931767, 383.4014, 226.7719
-9.719777, 0.5294219, 0.272271, 368.1576, 227.0233
-9.733919, 0.5294219, 0.406824, 364.8449, 225.4291
-9.535014, 0.5294219, 0.4277297, 379.8342, 225.1863
-9.733919, 0.5294219, 0.406824, 364.8449, 225.4291
-9.733919, 0.2744219, 0.406824, 364.8449, 245.1283
-9.535014, 0.2744219, 0.4277297, 379.8342, 244.8326
-9.535014, 0.5294219, 0.4277297, 379.8342, 225.1863
-9.535014, 0.5294219, 0.4277297, 379.8342, 225.1863
-9.535014, 0.2744219, 0.4277297, 379.8342, 244.8326
-9.520872, 0.2744219, 0.2931767, 383.4014, 246.7636
-9.520872, 0.5294219, 0.2931767, 383.4014, 226.7719
-9.719777, 0.2744219, 0.272271, 368.1576, 247.0698
-9.520872, 0.2744219, 0.2931767, 383.4014, 246.7636
-9.535014, 0.2744219, 0.4277297, 379.8342, 244.8326
-9.733919, 0.2744219, 0.406824, 364.8449, 245.1283
-9.719777, 0.5294219, 0.272271, 368.1576, 227.0233
-9.719777, 0.2744219, 0.272271, 368.1576, 247.0698
-9.733919, 0.2744219, 0.406824, 364.8449, 245.1283
-9.733919, 0.5294219, 0.406824, 364.8449, 225.4291
-9.520872, 0.5294219, 0.2931767, 383.4014, 226.7719
-9.520872, 0.2744219, 0.2931767, 383.4014, 246.7636
-9.719777, 0.2744219, 0.272271, 368.1576, 247.0698
-9.719777, 0.5294219, 0.272271, 368.1576, 227.0233
box_2_Parle-G(Clone) stack 129 Shelf_0 Rack_1_1_1
-9.525096, 0.784422, 0.2858844, 383.2067, 206.8487
-9.724974, 0.784422, 0.2789046, 367.6381, 206.9144
-9.729695, 0.784422, 0.4141163, 365.0538, 205.6636
-9.529818, 0.784422, 0.4210961, 380.3542, 205.6002
-9.729695, 0.784422, 0.4141163, 365.0538, 205.6636
-9.729695, 0.5294219, 0.4141163, 365.0538, 225.3443
-9.529818, 0.5294219, 0.4210962, 380.3542, 225.2632
-9.529818, 0.784422, 0.4210961, 380.3542, 205.6002
-9.529818, 0.784422, 0.4210961, 380.3542, 205.6002
-9.529818, 0.5294219, 0.4210962, 380.3542, 225.2632
-9.525096, 0.5294219, 0.2858845, 383.2067, 226.8595
-9.525096, 0.784422, 0.2858844, 383.2067, 206.8487
-9.724974, 0.5294219, 0.2789046, 367.6381, 226.9434
-9.525096, 0.5294219, 0.2858845, 383.2067, 226.8595
-9.529818, 0.5294219, 0.4210962, 380.3542, 225.2632
-9.729695, 0.5294219, 0.4141163, 365.0538, 225.3443
-9.724974, 0.784422, 0.2789046, 367.6381, 206.9144
-9.724974, 0.5294219, 0.2789046, 367.6381, 226.9434
-9.729695, 0.5294219, 0.4141163, 365.0538, 225.3443
-9.729695, 0.784422, 0.4141163, 365.0538, 205.6636
-9.525096, 0.784422, 0.2858844, 383.2067, 206.8487
-9.525096, 0.5294219, 0.2858845, 383.2067, 226.8595
-9.724974, 0.5294219, 0.2789046, 367.6381, 226.9434
-9.724974, 0.784422, 0.2789046, 367.6381, 206.9144
box_5_LMRR(Clone) stack 130 Shelf_0 Rack_1_1_1
-9.144822, 0.162368, 0.2028563, 414.9479, 256.9882
-9.344547, 0.162368, 0.2133235, 398.8828, 256.8196
-9.329673, 0.162368, 0.4971444, 394.2794, 252.4192
-9.129948, 0.162368, 0.4866772, 409.7573, 252.5758
-9.329673, 0.162368, 0.4971444, 394.2794, 252.4192
-9.329673, 0.019868, 0.4971444, 394.2794, 263.301
-9.129948, 0.019868, 0.4866772, 409.7573, 263.4721
-9.129948, 0.162368, 0.4866772, 409.7573, 252.5758
-9.129948, 0.162368, 0.4866772, 409.7573, 252.5758
-9.129948, 0.019868, 0.4866772, 409.7573, 263.4721
-9.144822, 0.019868, 0.2028564, 414.9479, 268.2935
-9.144822, 0.162368, 0.2028563, 414.9479, 256.9882
-9.344547, 0.019868, 0.2133235, 398.8828, 268.1092
-9.144822, 0.019868, 0.2028564, 414.9479, 268.2935
-9.129948, 0.019868, 0.4866772, 409.7573, 263.4721
-9.329673, 0.019868, 0.4971444, 394.2794, 263.301
-9.344547, 0.162368, 0.2133235, 398.8828, 256.8196
-9.344547, 0.019868, 0.2133235, 398.8828, 268.1092
-9.329673, 0.019868, 0.4971444, 394.2794, 263.301
-9.329673, 0.162368, 0.4971444, 394.2794, 252.4192
-9.144822, 0.162368, 0.2028563, 414.9479, 256.9882
-9.144822, 0.019868, 0.2028564, 414.9479, 268.2935
-9.344547, 0.019868, 0.2133235, 398.8828, 268.1092
-9.344547, 0.162368, 0.2133235, 398.8828, 256.8196
box_5_LMRR(Clone) stack 130 Shelf_0 Rack_1_1_1
-9.139743, 0.304868, 0.2061716, 415.2741, 245.6344
-9.339712, 0.304868, 0.209662, 399.3429, 245.5834
-9.334752, 0.304868, 0.4938292, 393.9566, 241.5823
-9.134783, 0.304868, 0.4903387, 409.3087, 241.6297
-9.334752, 0.304868, 0.4938292, 393.9566, 241.5823
-9.334752, 0.162368, 0.4938292, 393.9566, 252.4687
-9.134783, 0.162368, 0.4903387, 409.3087, 252.521
-9.134783, 0.304868, 0.4903387, 409.3087, 241.6297
-9.134783, 0.304868, 0.4903387, 409.3087, 241.6297
-9.134783, 0.162368, 0.4903387, 409.3087, 252.521
-9.139743, 0.162368, 0.2061716, 415.2741, 256.9348
-9.139743, 0.304868, 0.2061716, 415.2741, 245.6344
-9.339712, 0.162368, 0.2096621, 399.3429, 256.8785
-9.139743, 0.162368, 0.2061716, 415.2741, 256.9348
-9.134783, 0.162368, 0.4903387, 409.3087, 252.521
-9.334752, 0.162368, 0.4938292, 393.9566, 252.4687
-9.339712, 0.304868, 0.209662, 399.3429, 245.5834
-9.339712, 0.162368, 0.2096621, 399.3429, 256.8785
-9.334752, 0.162368, 0.4938292, 393.9566, 252.4687
-9.334752, 0.304868, 0.4938292, 393.9566, 241.5823
-9.139743, 0.304868, 0.2061716, 415.2741, 245.6344
-9.139743, 0.162368, 0.2061716, 415.2741, 256.9348
-9.339712, 0.162368, 0.2096621, 399.3429, 256.8785
-9.339712, 0.304868, 0.209662, 399.3429, 245.5834
box_5_LMRR(Clone) stack 130 Shelf_0 Rack_1_1_1
-9.127579, 0.447368, 0.215217, 416.0283, 234.2155
-9.327091, 0.447368, 0.2012657, 400.5214, 234.3986
-9.346916, 0.447368, 0.4847837, 393.2037, 230.8062
-9.147404, 0.447368, 0.498735, 408.1641, 230.6362
-9.346916, 0.447368, 0.4847837, 393.2037, 230.8062
-9.346916, 0.304868, 0.4847838, 393.2037, 241.7052
-9.147404, 0.304868, 0.498735, 408.1641, 241.5158
-9.147404, 0.447368, 0.498735, 408.1641, 230.6362
-9.147404, 0.447368, 0.498735, 408.1641, 230.6362
-9.147404, 0.304868, 0.498735, 408.1641, 241.5158
-9.127579, 0.3048679, 0.215217, 416.0283, 245.5023
-9.127579, 0.447368, 0.215217, 416.0283, 234.2155
-9.327091, 0.3048679, 0.2012657, 400.5214, 245.7063
-9.127579, 0.3048679, 0.215217, 416.0283, 245.5023
-9.147404, 0.304868, 0.498735, 408.1641, 241.5158
-9.346916, 0.304868, 0.4847838, 393.2037, 241.7052
-9.327091, 0.447368, 0.2012657, 400.5214, 234.3986
-9.327091, 0.3048679, 0.2012657, 400.5214, 245.7063
-9.346916, 0.304868, 0.4847838, 393.2037, 241.7052
-9.346916, 0.447368, 0.4847837, 393.2037, 230.8062
-9.127579, 0.447368, 0.215217, 416.0283, 234.2155
-9.127579, 0.3048679, 0.215217, 416.0283, 245.5023
-9.327091, 0.3048679, 0.2012657, 400.5214, 245.7063
-9.327091, 0.447368, 0.2012657, 400.5214, 234.3986
box_5_LMRR(Clone) stack 130 Shelf_0 Rack_1_1_1
-9.142268, 0.5898679, 0.2044918, 415.1127, 223.0534
-9.342146, 0.5898679, 0.2114717, 399.112, 222.9722
-9.332227, 0.589868, 0.495509, 394.1165, 219.7914
-9.132349, 0.589868, 0.488529, 409.5337, 219.8668
-9.332227, 0.589868, 0.495509, 394.1165, 219.7914
-9.332227, 0.447368, 0.495509, 394.1165, 230.6754
-9.132349, 0.447368, 0.4885291, 409.5337, 230.7605
-9.132349, 0.589868, 0.488529, 409.5337, 219.8668
-9.132349, 0.589868, 0.488529, 409.5337, 219.8668
-9.132349, 0.447368, 0.4885291, 409.5337, 230.7605
-9.142268, 0.4473679, 0.2044918, 415.1127, 234.3562
-9.142268, 0.5898679, 0.2044918, 415.1127, 223.0534
-9.342146, 0.4473679, 0.2114717, 399.112, 234.2646
-9.142268, 0.4473679, 0.2044918, 415.1127, 234.3562
-9.132349, 0.447368, 0.4885291, 409.5337, 230.7605
-9.332227, 0.447368, 0.495509, 394.1165, 230.6754
-9.342146, 0.5898679, 0.2114717, 399.112, 222.9722
-9.342146, 0.4473679, 0.2114717, 399.112, 234.2646
-9.332227, 0.447368, 0.495509, 394.1165, 230.6754
-9.332227, 0.589868, 0.495509, 394.1165, 219.7914
-9.142268, 0.5898679, 0.2044918, 415.1127, 223.0534
-9.142268, 0.4473679, 0.2044918, 415.1127, 234.3562
-9.342146, 0.4473679, 0.2114717, 399.112, 234.2646
-9.342146, 0.5898679, 0.2114717, 399.112, 222.9722
box_5_LMRR(Clone) stack 130 Shelf_0 Rack_1_1_1
-9.142268, 0.7323679, 0.2044918, 415.1127, 211.7506
-9.342146, 0.7323679, 0.2114717, 399.112, 211.6798
-9.332227, 0.732368, 0.495509, 394.1165, 208.9073
-9.132349, 0.732368, 0.488529, 409.5337, 208.973
-9.332227, 0.732368, 0.495509, 394.1165, 208.9073
-9.332227, 0.5898679, 0.495509, 394.1165, 219.7914
-9.132349, 0.5898679, 0.4885291, 409.5337, 219.8668
-9.132349, 0.732368, 0.488529, 409.5337, 208.973
-9.132349, 0.732368, 0.488529, 409.5337, 208.973
-9.132349, 0.5898679, 0.4885291, 409.5337, 219.8668
-9.142268, 0.5898679, 0.2044918, 415.1127, 223.0534
-9.142268, 0.7323679, 0.2044918, 415.1127, 211.7506
-9.342146, 0.5898679, 0.2114717, 399.112, 222.9722
-9.142268, 0.5898679, 0.2044918, 415.1127, 223.0534
-9.132349, 0.5898679, 0.4885291, 409.5337, 219.8668
-9.332227, 0.5898679, 0.495509, 394.1165, 219.7914
-9.342146, 0.7323679, 0.2114717, 399.112, 211.6798
-9.342146, 0.5898679, 0.2114717, 399.112, 222.9722
-9.332227, 0.5898679, 0.495509, 394.1165, 219.7914
-9.332227, 0.732368, 0.495509, 394.1165, 208.9073
-9.142268, 0.7323679, 0.2044918, 415.1127, 211.7506
-9.142268, 0.5898679, 0.2044918, 415.1127, 223.0534
-9.342146, 0.5898679, 0.2114717, 399.112, 222.9722
-9.342146, 0.7323679, 0.2114717, 399.112, 211.6798
box_5_LMRR(Clone) stack 131 Shelf_0 Rack_1_1_1
-8.74907, 0.162368, 0.2044918, 446.3004, 256.9618
-8.948948, 0.162368, 0.2114717, 430.2709, 256.8494
-8.939029, 0.1623681, 0.495509, 424.1487, 252.4436
-8.739151, 0.1623681, 0.488529, 439.5927, 252.548
-8.939029, 0.1623681, 0.495509, 424.1487, 252.4436
-8.939029, 0.01986802, 0.495509, 424.1487, 263.3277
-8.739151, 0.01986802, 0.4885291, 439.5927, 263.4418
-8.739151, 0.1623681, 0.488529, 439.5927, 252.548
-8.739151, 0.1623681, 0.488529, 439.5927, 252.548
-8.739151, 0.01986802, 0.4885291, 439.5927, 263.4418
-8.74907, 0.01986799, 0.2044918, 446.3004, 268.2646
-8.74907, 0.162368, 0.2044918, 446.3004, 256.9618
-8.948948, 0.01986799, 0.2114717, 430.2709, 268.1418
-8.74907, 0.01986799, 0.2044918, 446.3004, 268.2646
-8.739151, 0.01986802, 0.4885291, 439.5927, 263.4418
-8.939029, 0.01986802, 0.495509, 424.1487, 263.3277
-8.948948, 0.162368, 0.2114717, 430.2709, 256.8494
-8.948948, 0.01986799, 0.2114717, 430.2709, 268.1418
-8.939029, 0.01986802, 0.495509, 424.1487, 263.3277
-8.939029, 0.1623681, 0.495509, 424.1487, 252.4436
-8.74907, 0.162368, 0.2044918, 446.3004, 256.9618
-8.74907, 0.01986799, 0.2044918, 446.3004, 268.2646
-8.948948, 0.01986799, 0.2114717, 430.2709, 268.1418
-8.948948, 0.162368, 0.2114717, 430.2709, 256.8494
box_5_LMRR(Clone) stack 131 Shelf_0 Rack_1_1_1
-8.74907, 0.304868, 0.2044918, 446.3004, 245.659
-8.948948, 0.304868, 0.2114717, 430.2709, 245.557
-8.939029, 0.304868, 0.495509, 424.1487, 241.5595
-8.739151, 0.304868, 0.488529, 439.5927, 241.6543
-8.939029, 0.304868, 0.495509, 424.1487, 241.5595
-8.939029, 0.162368, 0.495509, 424.1487, 252.4436
-8.739151, 0.162368, 0.4885291, 439.5927, 252.548
-8.739151, 0.304868, 0.488529, 439.5927, 241.6543
-8.739151, 0.304868, 0.488529, 439.5927, 241.6543
-8.739151, 0.162368, 0.4885291, 439.5927, 252.548
-8.74907, 0.162368, 0.2044918, 446.3004, 256.9619
-8.74907, 0.304868, 0.2044918, 446.3004, 245.659
-8.948948, 0.162368, 0.2114717, 430.2709, 256.8494
-8.74907, 0.162368, 0.2044918, 446.3004, 256.9619
-8.739151, 0.162368, 0.4885291, 439.5927, 252.548
-8.939029, 0.162368, 0.495509, 424.1487, 252.4436
-8.948948, 0.304868, 0.2114717, 430.2709, 245.557
-8.948948, 0.162368, 0.2114717, 430.2709, 256.8494
-8.939029, 0.162368, 0.495509, 424.1487, 252.4436
-8.939029, 0.304868, 0.495509, 424.1487, 241.5595
-8.74907, 0.304868, 0.2044918, 446.3004, 245.659
-8.74907, 0.162368, 0.2044918, 446.3004, 256.9619
-8.948948, 0.162368, 0.2114717, 430.2709, 256.8494
-8.948948, 0.304868, 0.2114717, 430.2709, 245.557
box_1_Parle-G-GOLD(Clone) stack 132 Shelf_1 Rack_1_1_1
-8.733068, 1.376249, 0.2373341, 446.6723, 160.5682
-8.932307, 1.376249, 0.2547652, 430.5003, 160.5097
-8.914118, 1.376249, 0.4626667, 426.8326, 159.8317
-8.714879, 1.376249, 0.4452356, 442.5656, 159.8872
-8.914118, 1.376249, 0.4626667, 426.8326, 159.8317
-8.914118, 1.203749, 0.4626667, 426.8326, 173.0625
-8.714879, 1.203749, 0.4452356, 442.5656, 173.1475
-8.714879, 1.376249, 0.4452356, 442.5656, 159.8872
-8.714879, 1.376249, 0.4452356, 442.5656, 159.8872
-8.714879, 1.203749, 0.4452356, 442.5656, 173.1475
-8.733068, 1.203749, 0.237334, 446.6723, 174.1914
-8.733068, 1.376249, 0.2373341, 446.6723, 160.5682
-8.932307, 1.203749, 0.2547652, 430.5003, 174.1017
-8.733068, 1.203749, 0.237334, 446.6723, 174.1914
-8.714879, 1.203749, 0.4452356, 442.5656, 173.1475
-8.914118, 1.203749, 0.4626667, 426.8326, 173.0625
-8.932307, 1.376249, 0.2547652, 430.5003, 160.5097
-8.932307, 1.203749, 0.2547652, 430.5003, 174.1017
-8.914118, 1.203749, 0.4626667, 426.8326, 173.0625
-8.914118, 1.376249, 0.4626667, 426.8326, 159.8317
-8.733068, 1.376249, 0.2373341, 446.6723, 160.5682
-8.733068, 1.203749, 0.237334, 446.6723, 174.1914
-8.932307, 1.203749, 0.2547652, 430.5003, 174.1017
-8.932307, 1.376249, 0.2547652, 430.5003, 160.5097
box_1_Parle-G-GOLD(Clone) stack 132 Shelf_1 Rack_1_1_1
-8.713234, 1.548749, 0.256677, 447.7099, 146.9147
-8.912138, 1.548749, 0.2357713, 432.5699, 146.9475
-8.933952, 1.548749, 0.4433237, 425.7706, 146.6297
-8.735048, 1.548749, 0.4642295, 440.5272, 146.5986
-8.933952, 1.548749, 0.4433237, 425.7706, 146.6297
-8.933952, 1.376249, 0.4433237, 425.7706, 159.8933
-8.735048, 1.376249, 0.4642295, 440.5272, 159.8268
-8.735048, 1.548749, 0.4642295, 440.5272, 146.5986
-8.735048, 1.548749, 0.4642295, 440.5272, 146.5986
-8.735048, 1.376249, 0.4642295, 440.5272, 159.8268
-8.713234, 1.376249, 0.256677, 447.7099, 160.5033
-8.713234, 1.548749, 0.256677, 447.7099, 146.9147
-8.912138, 1.376249, 0.2357713, 432.5699, 160.5735
-8.713234, 1.376249, 0.256677, 447.7099, 160.5033
-8.735048, 1.376249, 0.4642295, 440.5272, 159.8268
-8.933952, 1.376249, 0.4433237, 425.7706, 159.8933
-8.912138, 1.548749, 0.2357713, 432.5699, 146.9475
-8.912138, 1.376249, 0.2357713, 432.5699, 160.5735
-8.933952, 1.376249, 0.4433237, 425.7706, 159.8933
-8.933952, 1.548749, 0.4433237, 425.7706, 146.6297
-8.713234, 1.548749, 0.256677, 447.7099, 146.9147
-8.713234, 1.376249, 0.256677, 447.7099, 160.5033
-8.912138, 1.376249, 0.2357713, 432.5699, 160.5735
-8.912138, 1.548749, 0.2357713, 432.5699, 146.9475
box_1_Parle-G-GOLD(Clone) stack 132 Shelf_1 Rack_1_1_1
-8.733068, 1.721249, 0.2373341, 446.6723, 133.3218
-8.932307, 1.721249, 0.2547652, 430.5003, 133.3257
-8.914118, 1.721249, 0.4626667, 426.8326, 133.3702
-8.714879, 1.721249, 0.4452356, 442.5656, 133.3665
-8.914118, 1.721249, 0.4626667, 426.8326, 133.3702
-8.914118, 1.548749, 0.4626667, 426.8326, 146.601
-8.714879, 1.548749, 0.4452356, 442.5656, 146.6269
-8.714879, 1.721249, 0.4452356, 442.5656, 133.3665
-8.714879, 1.721249, 0.4452356, 442.5656, 133.3665
-8.714879, 1.548749, 0.4452356, 442.5656, 146.6269
-8.733068, 1.548749, 0.237334, 446.6723, 146.945
-8.733068, 1.721249, 0.2373341, 446.6723, 133.3218
-8.932307, 1.548749, 0.2547652, 430.5003, 146.9177
-8.733068, 1.548749, 0.237334, 446.6723, 146.945
-8.714879, 1.548749, 0.4452356, 442.5656, 146.6269
-8.914118, 1.548749, 0.4626667, 426.8326, 146.601
-8.932307, 1.721249, 0.2547652, 430.5003, 133.3257
-8.932307, 1.548749, 0.2547652, 430.5003, 146.9177
-8.914118, 1.548749, 0.4626667, 426.8326, 146.601
-8.914118, 1.721249, 0.4626667, 426.8326, 133.3702
-8.733068, 1.721249, 0.2373341, 446.6723, 133.3218
-8.733068, 1.548749, 0.237334, 446.6723, 146.945
-8.932307, 1.548749, 0.2547652, 430.5003, 146.9177
-8.932307, 1.721249, 0.2547652, 430.5003, 133.3257
box_1_Parle-G-GOLD(Clone) stack 132 Shelf_1 Rack_1_1_1
-8.716558, 1.893749, 0.2528824, 447.5515, 119.7299
-8.916071, 1.893749, 0.2389311, 432.1793, 119.7018
-8.930629, 1.893749, 0.4471184, 425.9357, 120.1098
-8.731115, 1.893749, 0.4610697, 440.9099, 120.1364
-8.930629, 1.893749, 0.4471184, 425.9357, 120.1098
-8.930629, 1.721249, 0.4471184, 425.9357, 133.3669
-8.731115, 1.721249, 0.4610697, 440.9099, 133.3698
-8.731115, 1.893749, 0.4610697, 440.9099, 120.1364
-8.731115, 1.893749, 0.4610697, 440.9099, 120.1364
-8.731115, 1.721249, 0.4610697, 440.9099, 133.3698
-8.716558, 1.721249, 0.2528824, 447.5515, 133.3253
-8.716558, 1.893749, 0.2528824, 447.5515, 119.7299
-8.916071, 1.721249, 0.2389311, 432.1793, 133.3222
-8.716558, 1.721249, 0.2528824, 447.5515, 133.3253
-8.731115, 1.721249, 0.4610697, 440.9099, 133.3698
-8.930629, 1.721249, 0.4471184, 425.9357, 133.3669
-8.916071, 1.893749, 0.2389311, 432.1793, 119.7018
-8.916071, 1.721249, 0.2389311, 432.1793, 133.3222
-8.930629, 1.721249, 0.4471184, 425.9357, 133.3669
-8.930629, 1.893749, 0.4471184, 425.9357, 120.1098
-8.716558, 1.893749, 0.2528824, 447.5515, 119.7299
-8.716558, 1.721249, 0.2528824, 447.5515, 133.3253
-8.916071, 1.721249, 0.2389311, 432.1793, 133.3222
-8.916071, 1.893749, 0.2389311, 432.1793, 119.7018
box_1_Parle-G-GOLD(Clone) stack 132 Shelf_1 Rack_1_1_1
-8.720013, 2.066249, 0.249206, 447.3793, 106.1206
-8.91989, 2.066249, 0.2422261, 431.7945, 106.0941
-8.927174, 2.06625, 0.4507947, 426.1136, 106.8659
-8.727296, 2.06625, 0.4577746, 441.2877, 106.891
-8.927174, 2.06625, 0.4507947, 426.1136, 106.8659
-8.927174, 1.893749, 0.4507947, 426.1136, 120.1168
-8.727296, 1.893749, 0.4577746, 441.2877, 120.1301
-8.727296, 2.06625, 0.4577746, 441.2877, 106.891
-8.727296, 2.06625, 0.4577746, 441.2877, 106.891
-8.727296, 1.893749, 0.4577746, 441.2877, 120.1301
-8.720013, 1.893749, 0.249206, 447.3793, 119.7225
-8.720013, 2.066249, 0.249206, 447.3793, 106.1206
-8.91989, 1.893749, 0.2422261, 431.7945, 119.7085
-8.720013, 1.893749, 0.249206, 447.3793, 119.7225
-8.727296, 1.893749, 0.4577746, 441.2877, 120.1301
-8.927174, 1.893749, 0.4507947, 426.1136, 120.1168
-8.91989, 2.066249, 0.2422261, 431.7945, 106.0941
-8.91989, 1.893749, 0.2422261, 431.7945, 119.7085
-8.927174, 1.893749, 0.4507947, 426.1136, 120.1168
-8.927174, 2.06625, 0.4507947, 426.1136, 106.8659
-8.720013, 2.066249, 0.249206, 447.3793, 106.1206
-8.720013, 1.893749, 0.249206, 447.3793, 119.7225
-8.91989, 1.893749, 0.2422261, 431.7945, 119.7085
-8.91989, 2.066249, 0.2422261, 431.7945, 106.0941
box4_Fairever(Clone) stack 133 Shelf_1 Rack_1_1_1
-9.083028, 1.369311, 0.2429189, 418.9027, 161.097
-9.281933, 1.369311, 0.2220132, 403.6557, 161.1689
-9.30664, 1.369311, 0.4570819, 396.838, 160.382
-9.107735, 1.369311, 0.4779876, 411.6459, 160.3143
-9.30664, 1.369311, 0.4570819, 396.838, 160.382
-9.30664, 1.204311, 0.4570819, 396.838, 173.0466
-9.107735, 1.204311, 0.4779876, 411.6459, 172.9451
-9.107735, 1.369311, 0.4779876, 411.6459, 160.3143
-9.107735, 1.369311, 0.4779876, 411.6459, 160.3143
-9.107735, 1.204311, 0.4779876, 411.6459, 172.9451
-9.083028, 1.204311, 0.2429189, 418.9027, 174.1183
-9.083028, 1.369311, 0.2429189, 418.9027, 161.097
-9.281933, 1.204311, 0.2220132, 403.6557, 174.2262
-9.083028, 1.204311, 0.2429189, 418.9027, 174.1183
-9.107735, 1.204311, 0.4779876, 411.6459, 172.9451
-9.30664, 1.204311, 0.4570819, 396.838, 173.0466
-9.281933, 1.369311, 0.2220132, 403.6557, 161.1689
-9.281933, 1.204311, 0.2220132, 403.6557, 174.2262
-9.30664, 1.204311, 0.4570819, 396.838, 173.0466
-9.30664, 1.369311, 0.4570819, 396.838, 160.382
-9.083028, 1.369311, 0.2429189, 418.9027, 161.097
-9.083028, 1.204311, 0.2429189, 418.9027, 174.1183
-9.281933, 1.204311, 0.2220132, 403.6557, 174.2262
-9.281933, 1.369311, 0.2220132, 403.6557, 161.1689
box4_Fairever(Clone) stack 133 Shelf_1 Rack_1_1_1
-9.105515, 1.534311, 0.2235528, 417.5805, 148.1091
-9.304753, 1.534311, 0.2409839, 401.4459, 148.079
-9.284153, 1.534311, 0.476448, 398.1721, 147.686
-9.084914, 1.534311, 0.4590169, 413.8135, 147.7143
-9.284153, 1.534311, 0.476448, 398.1721, 147.686
-9.284153, 1.369311, 0.476448, 398.1721, 160.3193
-9.084914, 1.369311, 0.4590169, 413.8135, 160.3757
-9.084914, 1.534311, 0.4590169, 413.8135, 147.7143
-9.084914, 1.534311, 0.4590169, 413.8135, 147.7143
-9.084914, 1.369311, 0.4590169, 413.8135, 160.3757
-9.105515, 1.369311, 0.2235527, 417.5805, 161.1636
-9.105515, 1.534311, 0.2235528, 417.5805, 148.1091
-9.304753, 1.369311, 0.2409839, 401.4459, 161.1036
-9.105515, 1.369311, 0.2235527, 417.5805, 161.1636
-9.084914, 1.369311, 0.4590169, 413.8135, 160.3757
-9.284153, 1.369311, 0.476448, 398.1721, 160.3193
-9.304753, 1.534311, 0.2409839, 401.4459, 148.079
-9.304753, 1.369311, 0.2409839, 401.4459, 161.1036
-9.284153, 1.369311, 0.476448, 398.1721, 160.3193
-9.284153, 1.534311, 0.476448, 398.1721, 147.686
-9.105515, 1.534311, 0.2235528, 417.5805, 148.1091
-9.105515, 1.369311, 0.2235527, 417.5805, 161.1636
-9.304753, 1.369311, 0.2409839, 401.4459, 161.1036
-9.304753, 1.534311, 0.2409839, 401.4459, 148.079
box4_Fairever(Clone) stack 133 Shelf_1 Rack_1_1_1
-9.083028, 1.699311, 0.2429189, 418.9027, 135.0544
-9.281933, 1.699311, 0.2220132, 403.6557, 135.0545
-9.30664, 1.699311, 0.4570819, 396.838, 135.0529
-9.107735, 1.699311, 0.4779876, 411.6459, 135.0527
-9.30664, 1.699311, 0.4570819, 396.838, 135.0529
-9.30664, 1.534311, 0.4570819, 396.838, 147.7174
-9.107735, 1.534311, 0.4779876, 411.6459, 147.6835
-9.107735, 1.699311, 0.4779876, 411.6459, 135.0527
-9.107735, 1.699311, 0.4779876, 411.6459, 135.0527
-9.107735, 1.534311, 0.4779876, 411.6459, 147.6835
-9.083028, 1.534311, 0.2429189, 418.9027, 148.0757
-9.083028, 1.699311, 0.2429189, 418.9027, 135.0544
-9.281933, 1.534311, 0.2220132, 403.6557, 148.1117
-9.083028, 1.534311, 0.2429189, 418.9027, 148.0757
-9.107735, 1.534311, 0.4779876, 411.6459, 147.6835
-9.30664, 1.534311, 0.4570819, 396.838, 147.7174
-9.281933, 1.699311, 0.2220132, 403.6557, 135.0545
-9.281933, 1.534311, 0.2220132, 403.6557, 148.1117
-9.30664, 1.534311, 0.4570819, 396.838, 147.7174
-9.30664, 1.699311, 0.4570819, 396.838, 135.0529
-9.083028, 1.699311, 0.2429189, 418.9027, 135.0544
-9.083028, 1.534311, 0.2429189, 418.9027, 148.0757
-9.281933, 1.534311, 0.2220132, 403.6557, 148.1117
-9.281933, 1.699311, 0.2220132, 403.6557, 135.0545
box4_Fairever(Clone) stack 133 Shelf_1 Rack_1_1_1
-9.083028, 1.864311, 0.2429189, 418.9027, 122.0331
-9.281933, 1.864311, 0.2220132, 403.6557, 121.9973
-9.30664, 1.864311, 0.4570819, 396.838, 122.3883
-9.107735, 1.864311, 0.4779876, 411.6459, 122.422
-9.30664, 1.864311, 0.4570819, 396.838, 122.3883
-9.30664, 1.699311, 0.4570819, 396.838, 135.0529
-9.107735, 1.699311, 0.4779876, 411.6459, 135.0527
-9.107735, 1.864311, 0.4779876, 411.6459, 122.422
-9.107735, 1.864311, 0.4779876, 411.6459, 122.422
-9.107735, 1.699311, 0.4779876, 411.6459, 135.0527
-9.083028, 1.699311, 0.2429189, 418.9027, 135.0544
-9.083028, 1.864311, 0.2429189, 418.9027, 122.0331
-9.281933, 1.699311, 0.2220132, 403.6557, 135.0545
-9.083028, 1.699311, 0.2429189, 418.9027, 135.0544
-9.107735, 1.699311, 0.4779876, 411.6459, 135.0527
-9.30664, 1.699311, 0.4570819, 396.838, 135.0529
-9.281933, 1.864311, 0.2220132, 403.6557, 121.9973
-9.281933, 1.699311, 0.2220132, 403.6557, 135.0545
-9.30664, 1.699311, 0.4570819, 396.838, 135.0529
-9.30664, 1.864311, 0.4570819, 396.838, 122.3883
-9.083028, 1.864311, 0.2429189, 418.9027, 122.0331
-9.083028, 1.699311, 0.2429189, 418.9027, 135.0544
-9.281933, 1.699311, 0.2220132, 403.6557, 135.0545
-9.281933, 1.864311, 0.2220132, 403.6557, 121.9973
box4_Fairever(Clone) stack 133 Shelf_1 Rack_1_1_1
-9.083028, 2.029311, 0.2429189, 418.9027, 109.0117
-9.281933, 2.029311, 0.2220132, 403.6557, 108.9401
-9.30664, 2.029311, 0.4570819, 396.838, 109.7237
-9.107735, 2.029311, 0.4779876, 411.6459, 109.7912
-9.30664, 2.029311, 0.4570819, 396.838, 109.7237
-9.30664, 1.864311, 0.4570819, 396.838, 122.3883
-9.107735, 1.864311, 0.4779876, 411.6459, 122.4219
-9.107735, 2.029311, 0.4779876, 411.6459, 109.7912
-9.107735, 2.029311, 0.4779876, 411.6459, 109.7912
-9.107735, 1.864311, 0.4779876, 411.6459, 122.4219
-9.083028, 1.864311, 0.2429189, 418.9027, 122.033
-9.083028, 2.029311, 0.2429189, 418.9027, 109.0117
-9.281933, 1.864311, 0.2220132, 403.6557, 121.9973
-9.083028, 1.864311, 0.2429189, 418.9027, 122.033
-9.107735, 1.864311, 0.4779876, 411.6459, 122.4219
-9.30664, 1.864311, 0.4570819, 396.838, 122.3883
-9.281933, 2.029311, 0.2220132, 403.6557, 108.9401
-9.281933, 1.864311, 0.2220132, 403.6557, 121.9973
-9.30664, 1.864311, 0.4570819, 396.838, 122.3883
-9.30664, 2.029311, 0.4570819, 396.838, 109.7237
-9.083028, 2.029311, 0.2429189, 418.9027, 109.0117
-9.083028, 1.864311, 0.2429189, 418.9027, 122.033
-9.281933, 1.864311, 0.2220132, 403.6557, 121.9973
-9.281933, 2.029311, 0.2220132, 403.6557, 108.9401
box_1_Parle-G-GOLD(Clone) stack 134 Shelf_1 Rack_1_1_1
-9.487058, 1.376249, 0.2474137, 386.931, 160.5344
-9.687027, 1.376249, 0.2439232, 371.2195, 160.5461
-9.690669, 1.376249, 0.4525871, 367.4351, 159.8638
-9.4907, 1.376249, 0.4560776, 382.7288, 159.8527
-9.690669, 1.376249, 0.4525871, 367.4351, 159.8638
-9.690669, 1.203749, 0.4525871, 367.4351, 173.1116
-9.4907, 1.203749, 0.4560776, 382.7288, 173.0946
-9.4907, 1.376249, 0.4560776, 382.7288, 159.8527
-9.4907, 1.376249, 0.4560776, 382.7288, 159.8527
-9.4907, 1.203749, 0.4560776, 382.7288, 173.0946
-9.487058, 1.203749, 0.2474137, 386.931, 174.1395
-9.487058, 1.376249, 0.2474137, 386.931, 160.5344
-9.687027, 1.203749, 0.2439232, 371.2195, 174.1575
-9.487058, 1.203749, 0.2474137, 386.931, 174.1395
-9.4907, 1.203749, 0.4560776, 382.7288, 173.0946
-9.690669, 1.203749, 0.4525871, 367.4351, 173.1116
-9.687027, 1.376249, 0.2439232, 371.2195, 160.5461
-9.687027, 1.203749, 0.2439232, 371.2195, 174.1575
-9.690669, 1.203749, 0.4525871, 367.4351, 173.1116
-9.690669, 1.376249, 0.4525871, 367.4351, 159.8638
-9.487058, 1.376249, 0.2474137, 386.931, 160.5344
-9.487058, 1.203749, 0.2474137, 386.931, 174.1395
-9.687027, 1.203749, 0.2439232, 371.2195, 174.1575
-9.687027, 1.376249, 0.2439232, 371.2195, 160.5461
box_1_Parle-G-GOLD(Clone) stack 134 Shelf_1 Rack_1_1_1
-9.4907, 1.548749, 0.2439232, 386.7111, 146.9347
-9.690669, 1.548749, 0.2474137, 370.8721, 146.9292
-9.687027, 1.548749, 0.4560776, 367.6578, 146.6107
-9.487058, 1.548749, 0.4525871, 383.0723, 146.6159
-9.687027, 1.548749, 0.4560776, 367.6578, 146.6107
-9.687027, 1.376249, 0.4560776, 367.6578, 159.8527
-9.487058, 1.376249, 0.4525871, 383.0723, 159.8638
-9.487058, 1.548749, 0.4525871, 383.0723, 146.6159
-9.487058, 1.548749, 0.4525871, 383.0723, 146.6159
-9.487058, 1.376249, 0.4525871, 383.0723, 159.8638
-9.4907, 1.376249, 0.2439232, 386.7111, 160.5461
-9.4907, 1.548749, 0.2439232, 386.7111, 146.9347
-9.690669, 1.376249, 0.2474137, 370.8721, 160.5344
-9.4907, 1.376249, 0.2439232, 386.7111, 160.5461
-9.487058, 1.376249, 0.4525871, 383.0723, 159.8638
-9.687027, 1.376249, 0.4560776, 367.6578, 159.8527
-9.690669, 1.548749, 0.2474137, 370.8721, 146.9292
-9.690669, 1.376249, 0.2474137, 370.8721, 160.5344
-9.687027, 1.376249, 0.4560776, 367.6578, 159.8527
-9.687027, 1.548749, 0.4560776, 367.6578, 146.6107
-9.4907, 1.548749, 0.2439232, 386.7111, 146.9347
-9.4907, 1.376249, 0.2439232, 386.7111, 160.5461
-9.690669, 1.376249, 0.2474137, 370.8721, 160.5344
-9.690669, 1.548749, 0.2474137, 370.8721, 146.9292
box_1_Parle-G-GOLD(Clone) stack 134 Shelf_1 Rack_1_1_1
-9.4907, 1.721249, 0.2439232, 386.7111, 133.3233
-9.690669, 1.721249, 0.2474137, 370.8721, 133.3241
-9.687027, 1.721249, 0.4560776, 367.6578, 133.3688
-9.487058, 1.721249, 0.4525871, 383.0723, 133.3681
-9.687027, 1.721249, 0.4560776, 367.6578, 133.3688
-9.687027, 1.548749, 0.4560776, 367.6578, 146.6107
-9.487058, 1.548749, 0.4525871, 383.0723, 146.6159
-9.487058, 1.721249, 0.4525871, 383.0723, 133.3681
-9.487058, 1.721249, 0.4525871, 383.0723, 133.3681
-9.487058, 1.548749, 0.4525871, 383.0723, 146.6159
-9.4907, 1.548749, 0.2439232, 386.7111, 146.9347
-9.4907, 1.721249, 0.2439232, 386.7111, 133.3233
-9.690669, 1.548749, 0.2474137, 370.8721, 146.9292
-9.4907, 1.548749, 0.2439232, 386.7111, 146.9347
-9.487058, 1.548749, 0.4525871, 383.0723, 146.6159
-9.687027, 1.548749, 0.4560776, 367.6578, 146.6107
-9.690669, 1.721249, 0.2474137, 370.8721, 133.3241
-9.690669, 1.548749, 0.2474137, 370.8721, 146.9292
-9.687027, 1.548749, 0.4560776, 367.6578, 146.6107
-9.687027, 1.721249, 0.4560776, 367.6578, 133.3688
-9.4907, 1.721249, 0.2439232, 386.7111, 133.3233
-9.4907, 1.548749, 0.2439232, 386.7111, 146.9347
-9.690669, 1.548749, 0.2474137, 370.8721, 146.9292
-9.690669, 1.721249, 0.2474137, 370.8721, 133.3241
box_2_Parle-G(Clone) stack 135 Shelf_1 Rack_1_1_1
-9.864228, 1.459016, 0.2841088, 356.6209, 153.9153
-10.0642, 1.459016, 0.2806183, 340.971, 153.924
-10.06656, 1.459016, 0.4158919, 339.0322, 153.5947
-9.86659, 1.459016, 0.4193824, 354.4109, 153.5864
-10.06656, 1.459016, 0.4158919, 339.0322, 153.5947
-10.06656, 1.204015, 0.4158919, 339.0322, 173.271
-9.86659, 1.204015, 0.4193824, 354.4109, 173.2538
-9.86659, 1.459016, 0.4193824, 354.4109, 153.5864
-9.86659, 1.459016, 0.4193824, 354.4109, 153.5864
-9.86659, 1.204015, 0.4193824, 354.4109, 173.2538
-9.864228, 1.204015, 0.2841088, 356.6209, 173.9307
-9.864228, 1.459016, 0.2841088, 356.6209, 153.9153
-10.0642, 1.204015, 0.2806184, 340.971, 173.9485
-9.864228, 1.204015, 0.2841088, 356.6209, 173.9307
-9.86659, 1.204015, 0.4193824, 354.4109, 173.2538
-10.06656, 1.204015, 0.4158919, 339.0322, 173.271
-10.0642, 1.459016, 0.2806183, 340.971, 153.924
-10.0642, 1.204015, 0.2806184, 340.971, 173.9485
-10.06656, 1.204015, 0.4158919, 339.0322, 173.271
-10.06656, 1.459016, 0.4158919, 339.0322, 153.5947
-9.864228, 1.459016, 0.2841088, 356.6209, 153.9153
-9.864228, 1.204015, 0.2841088, 356.6209, 173.9307
-10.0642, 1.204015, 0.2806184, 340.971, 173.9485
-10.0642, 1.459016, 0.2806183, 340.971, 153.924
box_2_Parle-G(Clone) stack 135 Shelf_1 Rack_1_1_1
-9.865394, 1.714015, 0.2823533, 356.5561, 133.8997
-10.06539, 1.714015, 0.2823533, 340.8541, 133.8997
-10.06539, 1.714015, 0.4176474, 339.0997, 133.9188
-9.865394, 1.714015, 0.4176474, 354.5286, 133.9188
-10.06539, 1.714015, 0.4176474, 339.0997, 133.9188
-10.06539, 1.459015, 0.4176475, 339.0997, 153.5905
-9.865394, 1.459015, 0.4176475, 354.5286, 153.5905
-9.865394, 1.714015, 0.4176474, 354.5286, 133.9188
-9.865394, 1.714015, 0.4176474, 354.5286, 133.9188
-9.865394, 1.459015, 0.4176475, 354.5286, 153.5905
-9.865394, 1.459015, 0.2823533, 356.5561, 153.9197
-9.865394, 1.714015, 0.2823533, 356.5561, 133.8997
-10.06539, 1.459015, 0.2823533, 340.8541, 153.9197
-9.865394, 1.459015, 0.2823533, 356.5561, 153.9197
-9.865394, 1.459015, 0.4176475, 354.5286, 153.5905
-10.06539, 1.459015, 0.4176475, 339.0997, 153.5905
-10.06539, 1.714015, 0.2823533, 340.8541, 133.8997
-10.06539, 1.459015, 0.2823533, 340.8541, 153.9197
-10.06539, 1.459015, 0.4176475, 339.0997, 153.5905
-10.06539, 1.714015, 0.4176474, 339.0997, 133.9188
-9.865394, 1.714015, 0.2823533, 356.5561, 133.8997
-9.865394, 1.459015, 0.2823533, 356.5561, 153.9197
-10.06539, 1.459015, 0.2823533, 340.8541, 153.9197
-10.06539, 1.714015, 0.2823533, 340.8541, 133.8997
box_2_Parle-G(Clone) stack 135 Shelf_1 Rack_1_1_1
-9.867816, 1.969016, 0.2789046, 356.4185, 113.8701
-10.06769, 1.969016, 0.2858844, 340.6271, 113.8894
-10.06297, 1.969016, 0.4210961, 339.2426, 114.2562
-9.863094, 1.969016, 0.4141163, 354.7581, 114.2376
-10.06297, 1.969016, 0.4210961, 339.2426, 114.2562
-10.06297, 1.714015, 0.4210962, 339.2426, 133.9193
-9.863094, 1.714015, 0.4141163, 354.7581, 133.9183
-9.863094, 1.969016, 0.4141163, 354.7581, 114.2376
-9.863094, 1.969016, 0.4141163, 354.7581, 114.2376
-9.863094, 1.714015, 0.4141163, 354.7581, 133.9183
-9.867816, 1.714015, 0.2789046, 356.4185, 133.8992
-9.867816, 1.969016, 0.2789046, 356.4185, 113.8701
-10.06769, 1.714015, 0.2858845, 340.6271, 133.9002
-9.867816, 1.714015, 0.2789046, 356.4185, 133.8992
-9.863094, 1.714015, 0.4141163, 354.7581, 133.9183
-10.06297, 1.714015, 0.4210962, 339.2426, 133.9193
-10.06769, 1.969016, 0.2858844, 340.6271, 113.8894
-10.06769, 1.714015, 0.2858845, 340.6271, 133.9002
-10.06297, 1.714015, 0.4210962, 339.2426, 133.9193
-10.06297, 1.969016, 0.4210961, 339.2426, 114.2562
-9.867816, 1.969016, 0.2789046, 356.4185, 113.8701
-9.867816, 1.714015, 0.2789046, 356.4185, 133.8992
-10.06769, 1.714015, 0.2858845, 340.6271, 133.9002
-10.06769, 1.969016, 0.2858844, 340.6271, 113.8894
box_3_Hareli(Clone) stack 136 Shelf_1 Rack_1_1_1
-10.2529, 1.353857, 0.2491345, 326.5092, 162.2943
-10.45214, 1.353857, 0.2317034, 310.9613, 162.3569
-10.47131, 1.353857, 0.4508663, 307.4973, 161.5893
-10.27207, 1.353857, 0.4682974, 322.6177, 161.5301
-10.47131, 1.353857, 0.4508663, 307.4973, 161.5893
-10.47131, 1.203857, 0.4508663, 307.4973, 173.1117
-10.27207, 1.203857, 0.4682974, 322.6177, 173.0269
-10.27207, 1.353857, 0.4682974, 322.6177, 161.5301
-10.27207, 1.353857, 0.4682974, 322.6177, 161.5301
-10.27207, 1.203857, 0.4682974, 322.6177, 173.0269
-10.2529, 1.203857, 0.2491345, 326.5092, 174.1221
-10.2529, 1.353857, 0.2491345, 326.5092, 162.2943
-10.45214, 1.203857, 0.2317034, 310.9613, 174.212
-10.2529, 1.203857, 0.2491345, 326.5092, 174.1221
-10.27207, 1.203857, 0.4682974, 322.6177, 173.0269
-10.47131, 1.203857, 0.4508663, 307.4973, 173.1117
-10.45214, 1.353857, 0.2317034, 310.9613, 162.3569
-10.45214, 1.203857, 0.2317034, 310.9613, 174.212
-10.47131, 1.203857, 0.4508663, 307.4973, 173.1117
-10.47131, 1.353857, 0.4508663, 307.4973, 161.5893
-10.2529, 1.353857, 0.2491345, 326.5092, 162.2943
-10.2529, 1.203857, 0.2491345, 326.5092, 174.1221
-10.45214, 1.203857, 0.2317034, 310.9613, 174.212
-10.45214, 1.353857, 0.2317034, 310.9613, 162.3569
box_3_Hareli(Clone) stack 136 Shelf_1 Rack_1_1_1
-10.26404, 1.503857, 0.2382718, 325.7531, 150.4885
-10.46401, 1.503857, 0.2417623, 309.9303, 150.4814
-10.46017, 1.503857, 0.4617289, 308.2582, 150.046
-10.2602, 1.503857, 0.4582384, 323.6351, 150.0527
-10.46017, 1.503857, 0.4617289, 308.2582, 150.046
-10.46017, 1.353857, 0.4617289, 308.2582, 161.5524
-10.2602, 1.353857, 0.4582384, 323.6351, 161.5642
-10.2602, 1.503857, 0.4582384, 323.6351, 150.0527
-10.2602, 1.503857, 0.4582384, 323.6351, 150.0527
-10.2602, 1.353857, 0.4582384, 323.6351, 161.5642
-10.26404, 1.353857, 0.2382719, 325.7531, 162.3333
-10.26404, 1.503857, 0.2382718, 325.7531, 150.4885
-10.46401, 1.353857, 0.2417624, 309.9303, 162.3207
-10.26404, 1.353857, 0.2382719, 325.7531, 162.3333
-10.2602, 1.353857, 0.4582384, 323.6351, 161.5642
-10.46017, 1.353857, 0.4617289, 308.2582, 161.5524
-10.46401, 1.503857, 0.2417623, 309.9303, 150.4814
-10.46401, 1.353857, 0.2417624, 309.9303, 162.3207
-10.46017, 1.353857, 0.4617289, 308.2582, 161.5524
-10.46017, 1.503857, 0.4617289, 308.2582, 150.046
-10.26404, 1.503857, 0.2382718, 325.7531, 150.4885
-10.26404, 1.353857, 0.2382719, 325.7531, 162.3333
-10.46401, 1.353857, 0.2417624, 309.9303, 162.3207
-10.46401, 1.503857, 0.2417623, 309.9303, 150.4814
box_3_Hareli(Clone) stack 136 Shelf_1 Rack_1_1_1
-10.27207, 1.653857, 0.2317034, 325.1925, 138.6468
-10.47131, 1.653857, 0.2491345, 309.2868, 138.6385
-10.45214, 1.653857, 0.4682974, 308.8166, 138.5366
-10.2529, 1.653857, 0.4508663, 324.2749, 138.5445
-10.45214, 1.653857, 0.4682974, 308.8166, 138.5366
-10.45214, 1.503857, 0.4682974, 308.8166, 150.0334
-10.2529, 1.503857, 0.4508663, 324.2749, 150.0669
-10.2529, 1.653857, 0.4508663, 324.2749, 138.5445
-10.2529, 1.653857, 0.4508663, 324.2749, 138.5445
-10.2529, 1.503857, 0.4508663, 324.2749, 150.0669
-10.27207, 1.503857, 0.2317034, 325.1925, 150.5019
-10.27207, 1.653857, 0.2317034, 325.1925, 138.6468
-10.47131, 1.503857, 0.2491345, 309.2868, 150.4664
-10.27207, 1.503857, 0.2317034, 325.1925, 150.5019
-10.2529, 1.503857, 0.4508663, 324.2749, 150.0669
-10.45214, 1.503857, 0.4682974, 308.8166, 150.0334
-10.47131, 1.653857, 0.2491345, 309.2868, 138.6385
-10.47131, 1.503857, 0.2491345, 309.2868, 150.4664
-10.45214, 1.503857, 0.4682974, 308.8166, 150.0334
-10.45214, 1.653857, 0.4682974, 308.8166, 138.5366
-10.27207, 1.653857, 0.2317034, 325.1925, 138.6468
-10.27207, 1.503857, 0.2317034, 325.1925, 150.5019
-10.47131, 1.503857, 0.2491345, 309.2868, 150.4664
-10.47131, 1.653857, 0.2491345, 309.2868, 138.6385
box_5_LMRR(Clone) stack 138 Shelf_2 Rack_1_1_1
-9.185777, 2.531555, 0.2044918, 411.6617, 69.04276
-9.385654, 2.531555, 0.2114717, 395.6642, 69.10355
-9.375735, 2.531555, 0.495509, 390.7933, 71.48622
-9.175858, 2.531555, 0.488529, 406.2076, 71.42973
-9.375735, 2.531555, 0.495509, 390.7933, 71.48622
-9.375735, 2.389055, 0.495509, 390.7933, 82.37032
-9.175858, 2.389055, 0.4885291, 406.2076, 82.32352
-9.175858, 2.531555, 0.488529, 406.2076, 71.42973
-9.175858, 2.531555, 0.488529, 406.2076, 71.42973
-9.175858, 2.389055, 0.4885291, 406.2076, 82.32352
-9.185777, 2.389055, 0.2044918, 411.6617, 80.34557
-9.185777, 2.531555, 0.2044918, 411.6617, 69.04276
-9.385654, 2.389055, 0.2114717, 395.6642, 80.39597
-9.185777, 2.389055, 0.2044918, 411.6617, 80.34557
-9.175858, 2.389055, 0.4885291, 406.2076, 82.32352
-9.375735, 2.389055, 0.495509, 390.7933, 82.37032
-9.385654, 2.531555, 0.2114717, 395.6642, 69.10355
-9.385654, 2.389055, 0.2114717, 395.6642, 80.39597
-9.375735, 2.389055, 0.495509, 390.7933, 82.37032
-9.375735, 2.531555, 0.495509, 390.7933, 71.48622
-9.185777, 2.531555, 0.2044918, 411.6617, 69.04276
-9.185777, 2.389055, 0.2044918, 411.6617, 80.34557
-9.385654, 2.389055, 0.2114717, 395.6642, 80.39597
-9.385654, 2.531555, 0.2114717, 395.6642, 69.10355
box_5_LMRR(Clone) stack 138 Shelf_2 Rack_1_1_1
-9.180756, 2.674055, 0.2078952, 411.9826, 57.77469
-9.380756, 2.674055, 0.2078952, 396.1261, 57.77469
-9.380756, 2.674055, 0.4921055, 390.475, 60.56989
-9.180756, 2.674055, 0.4921055, 405.7576, 60.56989
-9.380756, 2.674055, 0.4921055, 390.475, 60.56989
-9.380756, 2.531555, 0.4921056, 390.475, 71.45871
-9.180756, 2.531555, 0.4921056, 405.7576, 71.45871
-9.180756, 2.674055, 0.4921055, 405.7576, 60.56989
-9.180756, 2.674055, 0.4921055, 405.7576, 60.56989
-9.180756, 2.531555, 0.4921056, 405.7576, 71.45871
-9.180756, 2.531555, 0.2078952, 411.9826, 69.07242
-9.180756, 2.674055, 0.2078952, 411.9826, 57.77469
-9.380756, 2.531555, 0.2078952, 396.1261, 69.07242
-9.180756, 2.531555, 0.2078952, 411.9826, 69.07242
-9.180756, 2.531555, 0.4921056, 405.7576, 71.45871
-9.380756, 2.531555, 0.4921056, 390.475, 71.45871
-9.380756, 2.674055, 0.2078952, 396.1261, 57.77469
-9.380756, 2.531555, 0.2078952, 396.1261, 69.07242
-9.380756, 2.531555, 0.4921056, 390.475, 71.45871
-9.380756, 2.674055, 0.4921055, 390.475, 60.56989
-9.180756, 2.674055, 0.2078952, 411.9826, 57.77469
-9.180756, 2.531555, 0.2078952, 411.9826, 69.07242
-9.380756, 2.531555, 0.2078952, 396.1261, 69.07242
-9.380756, 2.674055, 0.2078952, 396.1261, 57.77469
box_8_lizol(Clone) stack 139 Shelf_2 Rack_1_1_1
-9.561111, 2.565368, 0.2319989, 381.3768, 66.60945
-9.760838, 2.565368, 0.2215317, 365.7657, 66.51503
-9.773754, 2.565368, 0.4680019, 360.8159, 68.67131
-9.574028, 2.565368, 0.4784691, 375.9427, 68.75989
-9.773754, 2.565368, 0.4680019, 360.8159, 68.67131
-9.773754, 2.389118, 0.4680019, 360.8159, 82.18053
-9.574028, 2.389118, 0.4784691, 375.9427, 82.25104
-9.574028, 2.565368, 0.4784691, 375.9427, 68.75989
-9.574028, 2.565368, 0.4784691, 375.9427, 68.75989
-9.574028, 2.389118, 0.4784691, 375.9427, 82.25104
-9.561111, 2.389118, 0.2319989, 381.3768, 80.53859
-9.561111, 2.565368, 0.2319989, 381.3768, 66.60945
-9.760838, 2.389118, 0.2215317, 365.7657, 80.46341
-9.561111, 2.389118, 0.2319989, 381.3768, 80.53859
-9.574028, 2.389118, 0.4784691, 375.9427, 82.25104
-9.773754, 2.389118, 0.4680019, 360.8159, 82.18053
-9.760838, 2.565368, 0.2215317, 365.7657, 66.51503
-9.760838, 2.389118, 0.2215317, 365.7657, 80.46341
-9.773754, 2.389118, 0.4680019, 360.8159, 82.18053
-9.773754, 2.565368, 0.4680019, 360.8159, 68.67131
-9.561111, 2.565368, 0.2319989, 381.3768, 66.60945
-9.561111, 2.389118, 0.2319989, 381.3768, 80.53859
-9.760838, 2.389118, 0.2215317, 365.7657, 80.46341
-9.760838, 2.565368, 0.2215317, 365.7657, 66.51503
box_8_lizol(Clone) stack 139 Shelf_2 Rack_1_1_1
-9.58088, 2.741618, 0.2168193, 380.0946, 52.5154
-9.779784, 2.741618, 0.237725, 364.0015, 52.74236
-9.753985, 2.741618, 0.4831815, 362.0944, 55.31665
-9.555081, 2.741618, 0.4622758, 377.6774, 55.10368
-9.753985, 2.741618, 0.4831815, 362.0944, 55.31665
-9.753985, 2.565368, 0.4831815, 362.0944, 68.7997
-9.555081, 2.565368, 0.4622758, 377.6774, 68.62276
-9.555081, 2.741618, 0.4622758, 377.6774, 55.10368
-9.555081, 2.741618, 0.4622758, 377.6774, 55.10368
-9.555081, 2.565368, 0.4622758, 377.6774, 68.62276
-9.58088, 2.565368, 0.2168193, 380.0946, 66.47241
-9.58088, 2.741618, 0.2168193, 380.0946, 52.5154
-9.779784, 2.565368, 0.237725, 364.0015, 66.661
-9.58088, 2.565368, 0.2168193, 380.0946, 66.47241
-9.555081, 2.565368, 0.4622758, 377.6774, 68.62276
-9.753985, 2.565368, 0.4831815, 362.0944, 68.7997
-9.779784, 2.741618, 0.237725, 364.0015, 52.74236
-9.779784, 2.565368, 0.237725, 364.0015, 66.661
-9.753985, 2.565368, 0.4831815, 362.0944, 68.7997
-9.753985, 2.741618, 0.4831815, 362.0944, 55.31665
-9.58088, 2.741618, 0.2168193, 380.0946, 52.5154
-9.58088, 2.565368, 0.2168193, 380.0946, 66.47241
-9.779784, 2.565368, 0.237725, 364.0015, 66.661
-9.779784, 2.741618, 0.237725, 364.0015, 52.74236
box_8_lizol(Clone) stack 139 Shelf_2 Rack_1_1_1
-9.559068, 2.917868, 0.2338724, 381.5034, 38.7749
-9.758581, 2.917868, 0.2199211, 365.971, 38.59781
-9.775798, 2.917868, 0.4661284, 360.6881, 41.63057
-9.576284, 2.917868, 0.4800797, 375.7421, 41.79674
-9.775798, 2.917868, 0.4661284, 360.6881, 41.63057
-9.775798, 2.741618, 0.4661284, 360.6881, 55.14302
-9.576284, 2.741618, 0.4800797, 375.7421, 55.28513
-9.576284, 2.917868, 0.4800797, 375.7421, 41.79674
-9.576284, 2.917868, 0.4800797, 375.7421, 41.79674
-9.576284, 2.741618, 0.4800797, 375.7421, 55.28513
-9.559068, 2.741618, 0.2338724, 381.5034, 52.70061
-9.559068, 2.917868, 0.2338724, 381.5034, 38.7749
-9.758581, 2.741618, 0.2199211, 365.971, 52.54915
-9.559068, 2.741618, 0.2338724, 381.5034, 52.70061
-9.576284, 2.741618, 0.4800797, 375.7421, 55.28513
-9.775798, 2.741618, 0.4661284, 360.6881, 55.14302
-9.758581, 2.917868, 0.2199211, 365.971, 38.59781
-9.758581, 2.741618, 0.2199211, 365.971, 52.54915
-9.775798, 2.741618, 0.4661284, 360.6881, 55.14302
-9.775798, 2.917868, 0.4661284, 360.6881, 41.63057
-9.559068, 2.917868, 0.2338724, 381.5034, 38.7749
-9.559068, 2.741618, 0.2338724, 381.5034, 52.70061
-9.758581, 2.741618, 0.2199211, 365.971, 52.54915
-9.758581, 2.917868, 0.2199211, 365.971, 38.59781
box_8_lizol(Clone) stack 139 Shelf_2 Rack_1_1_1
-9.58088, 3.094118, 0.2168193, 380.0946, 24.6013
-9.779784, 3.094118, 0.237725, 364.0015, 24.90509
-9.753985, 3.094118, 0.4831815, 362.0944, 28.35056
-9.555081, 3.094118, 0.4622758, 377.6774, 28.06554
-9.753985, 3.094118, 0.4831815, 362.0944, 28.35056
-9.753985, 2.917868, 0.4831815, 362.0944, 41.83359
-9.555081, 2.917868, 0.4622758, 377.6774, 41.58461
-9.555081, 3.094118, 0.4622758, 377.6774, 28.06554
-9.555081, 3.094118, 0.4622758, 377.6774, 28.06554
-9.555081, 2.917868, 0.4622758, 377.6774, 41.58461
-9.58088, 2.917868, 0.2168193, 380.0946, 38.55835
-9.58088, 3.094118, 0.2168193, 380.0946, 24.6013
-9.779784, 2.917868, 0.237725, 364.0015, 38.8237
-9.58088, 2.917868, 0.2168193, 380.0946, 38.55835
-9.555081, 2.917868, 0.4622758, 377.6774, 41.58461
-9.753985, 2.917868, 0.4831815, 362.0944, 41.83359
-9.779784, 3.094118, 0.237725, 364.0015, 24.90509
-9.779784, 2.917868, 0.237725, 364.0015, 38.8237
-9.753985, 2.917868, 0.4831815, 362.0944, 41.83359
-9.753985, 3.094118, 0.4831815, 362.0944, 28.35056
-9.58088, 3.094118, 0.2168193, 380.0946, 24.6013
-9.58088, 2.917868, 0.2168193, 380.0946, 38.55835
-9.779784, 2.917868, 0.237725, 364.0015, 38.8237
-9.779784, 3.094118, 0.237725, 364.0015, 24.90509
box_3_Hareli(Clone) stack 140 Shelf_2 Rack_1_1_1
-9.956803, 2.538451, 0.2332926, 350.0863, 68.74805
-10.15632, 2.538451, 0.2472439, 334.1484, 68.86955
-10.14097, 2.538451, 0.4667081, 332.685, 70.72386
-9.941457, 2.538451, 0.4527568, 348.1725, 70.60909
-10.14097, 2.538451, 0.4667081, 332.685, 70.72386
-10.14097, 2.388451, 0.4667081, 332.685, 82.22295
-9.941457, 2.388451, 0.4527568, 348.1725, 82.12871
-9.941457, 2.538451, 0.4527568, 348.1725, 70.60909
-9.941457, 2.538451, 0.4527568, 348.1725, 70.60909
-9.941457, 2.388451, 0.4527568, 348.1725, 82.12871
-9.956803, 2.388451, 0.2332927, 350.0863, 80.60062
-9.956803, 2.538451, 0.2332926, 350.0863, 68.74805
-10.15632, 2.388451, 0.247244, 334.1484, 80.70038
-9.956803, 2.388451, 0.2332927, 350.0863, 80.60062
-9.941457, 2.388451, 0.4527568, 348.1725, 82.12871
-10.14097, 2.388451, 0.4667081, 332.685, 82.22295
-10.15632, 2.538451, 0.2472439, 334.1484, 68.86955
-10.15632, 2.388451, 0.247244, 334.1484, 80.70038
-10.14097, 2.388451, 0.4667081, 332.685, 82.22295
-10.14097, 2.538451, 0.4667081, 332.685, 70.72386
-9.956803, 2.538451, 0.2332926, 350.0863, 68.74805
-9.956803, 2.388451, 0.2332927, 350.0863, 80.60062
-10.15632, 2.388451, 0.247244, 334.1484, 80.70038
-10.15632, 2.538451, 0.2472439, 334.1484, 68.86955
box_3_Hareli(Clone) stack 140 Shelf_2 Rack_1_1_1
-9.950821, 2.688451, 0.2382718, 350.4866, 56.94664
-10.15079, 2.688451, 0.2417623, 334.6524, 56.98248
-10.14695, 2.688451, 0.4617289, 332.2851, 59.17654
-9.946981, 2.688451, 0.4582384, 347.6727, 59.14267
-10.14695, 2.688451, 0.4617289, 332.2851, 59.17654
-10.14695, 2.538451, 0.4617289, 332.2851, 70.68292
-9.946981, 2.538451, 0.4582384, 347.6727, 70.65422
-9.946981, 2.688451, 0.4582384, 347.6727, 59.14267
-9.946981, 2.688451, 0.4582384, 347.6727, 59.14267
-9.946981, 2.538451, 0.4582384, 347.6727, 70.65422
-9.950821, 2.538451, 0.2382719, 350.4866, 68.79146
-9.950821, 2.688451, 0.2382718, 350.4866, 56.94664
-10.15079, 2.538451, 0.2417624, 334.6524, 68.82185
-9.950821, 2.538451, 0.2382719, 350.4866, 68.79146
-9.946981, 2.538451, 0.4582384, 347.6727, 70.65422
-10.14695, 2.538451, 0.4617289, 332.2851, 70.68292
-10.15079, 2.688451, 0.2417623, 334.6524, 56.98248
-10.15079, 2.538451, 0.2417624, 334.6524, 68.82185
-10.14695, 2.538451, 0.4617289, 332.2851, 70.68292
-10.14695, 2.688451, 0.4617289, 332.2851, 59.17654
-9.950821, 2.688451, 0.2382718, 350.4866, 56.94664
-9.950821, 2.538451, 0.2382719, 350.4866, 68.79146
-10.15079, 2.538451, 0.2417624, 334.6524, 68.82185
-10.15079, 2.688451, 0.2417623, 334.6524, 56.98248
box_6_melody(Clone) stack 143 Shelf_0 Rack_1_1_2
-11.61188, 0.2073492, 0.2391725, 219.3232, 252.8537
-11.81112, 0.2073492, 0.2217414, 203.5084, 253.1246
-11.83203, 0.2073493, 0.4608282, 203.0192, 249.5135
-11.63279, 0.2073493, 0.4782594, 218.3527, 249.2589
-11.83203, 0.2073493, 0.4608282, 203.0192, 249.5135
-11.83203, 0.01984931, 0.4608282, 203.0192, 263.8982
-11.63279, 0.01984931, 0.4782594, 218.3527, 263.6115
-11.63279, 0.2073493, 0.4782594, 218.3527, 249.2589
-11.63279, 0.2073493, 0.4782594, 218.3527, 249.2589
-11.63279, 0.01984931, 0.4782594, 218.3527, 263.6115
-11.61188, 0.01984931, 0.2391725, 219.3232, 267.6579
-11.61188, 0.2073492, 0.2391725, 219.3232, 252.8537
-11.81112, 0.01984931, 0.2217414, 203.5084, 267.9629
-11.61188, 0.01984931, 0.2391725, 219.3232, 267.6579
-11.63279, 0.01984931, 0.4782594, 218.3527, 263.6115
-11.83203, 0.01984931, 0.4608282, 203.0192, 263.8982
-11.81112, 0.2073492, 0.2217414, 203.5084, 253.1246
-11.81112, 0.01984931, 0.2217414, 203.5084, 267.9629
-11.83203, 0.01984931, 0.4608282, 203.0192, 263.8982
-11.83203, 0.2073493, 0.4608282, 203.0192, 249.5135
-11.61188, 0.2073492, 0.2391725, 219.3232, 252.8537
-11.61188, 0.01984931, 0.2391725, 219.3232, 267.6579
-11.81112, 0.01984931, 0.2217414, 203.5084, 267.9629
-11.81112, 0.2073492, 0.2217414, 203.5084, 253.1246
box_6_melody(Clone) stack 143 Shelf_0 Rack_1_1_2
-11.60996, 0.3948492, 0.2411106, 219.4798, 238.0232
-11.80886, 0.3948492, 0.2202049, 203.6792, 238.3073
-11.83395, 0.3948492, 0.4588902, 202.8629, 235.1537
-11.63505, 0.3948492, 0.4797959, 218.1845, 234.8866
-11.83395, 0.3948492, 0.4588902, 202.8629, 235.1537
-11.83395, 0.2073492, 0.4588902, 202.8629, 249.5419
-11.63505, 0.2073492, 0.4797959, 218.1845, 249.2365
-11.63505, 0.3948492, 0.4797959, 218.1845, 234.8866
-11.63505, 0.3948492, 0.4797959, 218.1845, 234.8866
-11.63505, 0.2073492, 0.4797959, 218.1845, 249.2365
-11.60996, 0.2073492, 0.2411106, 219.4798, 252.8237
-11.60996, 0.3948492, 0.2411106, 219.4798, 238.0232
-11.80886, 0.2073492, 0.2202049, 203.6792, 253.1486
-11.60996, 0.2073492, 0.2411106, 219.4798, 252.8237
-11.63505, 0.2073492, 0.4797959, 218.1845, 249.2365
-11.83395, 0.2073492, 0.4588902, 202.8629, 249.5419
-11.80886, 0.3948492, 0.2202049, 203.6792, 238.3073
-11.80886, 0.2073492, 0.2202049, 203.6792, 253.1486
-11.83395, 0.2073492, 0.4588902, 202.8629, 249.5419
-11.83395, 0.3948492, 0.4588902, 202.8629, 235.1537
-11.60996, 0.3948492, 0.2411106, 219.4798, 238.0232
-11.60996, 0.2073492, 0.2411106, 219.4798, 252.8237
-11.80886, 0.2073492, 0.2202049, 203.6792, 253.1486
-11.80886, 0.3948492, 0.2202049, 203.6792, 238.3073
box_6_melody(Clone) stack 143 Shelf_0 Rack_1_1_2
-11.63279, 0.5823491, 0.2217414, 217.6203, 223.4481
-11.83203, 0.5823491, 0.2391725, 201.9406, 223.2452
-11.81112, 0.5823491, 0.4782594, 204.7026, 220.5535
-11.61188, 0.5823491, 0.4608282, 219.9092, 220.7442
-11.81112, 0.5823491, 0.4782594, 204.7026, 220.5535
-11.81112, 0.3948492, 0.4782594, 204.7026, 234.9062
-11.61188, 0.3948492, 0.4608282, 219.9092, 235.1289
-11.61188, 0.5823491, 0.4608282, 219.9092, 220.7442
-11.61188, 0.5823491, 0.4608282, 219.9092, 220.7442
-11.61188, 0.3948492, 0.4608282, 219.9092, 235.1289
-11.63279, 0.3948492, 0.2217414, 217.6203, 238.2864
-11.63279, 0.5823491, 0.2217414, 217.6203, 223.4481
-11.83203, 0.3948492, 0.2391725, 201.9406, 238.0495
-11.63279, 0.3948492, 0.2217414, 217.6203, 238.2864
-11.61188, 0.3948492, 0.4608282, 219.9092, 235.1289
-11.81112, 0.3948492, 0.4782594, 204.7026, 234.9062
-11.83203, 0.5823491, 0.2391725, 201.9406, 223.2452
-11.83203, 0.3948492, 0.2391725, 201.9406, 238.0495
-11.81112, 0.3948492, 0.4782594, 204.7026, 234.9062
-11.81112, 0.5823491, 0.4782594, 204.7026, 220.5535
-11.63279, 0.5823491, 0.2217414, 217.6203, 223.4481
-11.63279, 0.3948492, 0.2217414, 217.6203, 238.2864
-11.83203, 0.3948492, 0.2391725, 201.9406, 238.0495
-11.83203, 0.5823491, 0.2391725, 201.9406, 223.2452
box_6_melody(Clone) stack 143 Shelf_0 Rack_1_1_2
-11.62406, 0.7698491, 0.2282733, 218.3298, 208.5464
-11.82403, 0.7698491, 0.2317638, 202.5355, 208.5126
-11.81985, 0.7698491, 0.4717274, 204.0043, 206.2602
-11.61988, 0.7698491, 0.4682369, 219.3151, 206.292
-11.81985, 0.7698491, 0.4717274, 204.0043, 206.2602
-11.81985, 0.5823491, 0.4717274, 204.0043, 220.6249
-11.61988, 0.5823491, 0.4682369, 219.3151, 220.663
-11.61988, 0.7698491, 0.4682369, 219.3151, 206.292
-11.61988, 0.7698491, 0.4682369, 219.3151, 206.292
-11.61988, 0.5823491, 0.4682369, 219.3151, 220.663
-11.62406, 0.5823491, 0.2282734, 218.3298, 223.3719
-11.62406, 0.7698491, 0.2282733, 218.3298, 208.5464
-11.82403, 0.5823491, 0.2317638, 202.5355, 223.3313
-11.62406, 0.5823491, 0.2282734, 218.3298, 223.3719
-11.61988, 0.5823491, 0.4682369, 219.3151, 220.663
-11.81985, 0.5823491, 0.4717274, 204.0043, 220.6249
-11.82403, 0.7698491, 0.2317638, 202.5355, 208.5126
-11.82403, 0.5823491, 0.2317638, 202.5355, 223.3313
-11.81985, 0.5823491, 0.4717274, 204.0043, 220.6249
-11.81985, 0.7698491, 0.4717274, 204.0043, 206.2602
-11.62406, 0.7698491, 0.2282733, 218.3298, 208.5464
-11.62406, 0.5823491, 0.2282734, 218.3298, 223.3719
-11.82403, 0.5823491, 0.2317638, 202.5355, 223.3313
-11.82403, 0.7698491, 0.2317638, 202.5355, 208.5126
box_1_Parle-G-GOLD(Clone) stack 144 Shelf_0 Rack_1_1_2
-11.2386, 0.1916559, 0.2586173, 248.7732, 253.7888
-11.43711, 0.1916559, 0.2342434, 233.1177, 254.1701
-11.46254, 0.1916559, 0.4413835, 231.3443, 251.0059
-11.26403, 0.1916559, 0.4657574, 246.5909, 250.6446
-11.46254, 0.1916559, 0.4413835, 231.3443, 251.0059
-11.46254, 0.0191559, 0.4413835, 231.3443, 264.2728
-11.26403, 0.0191559, 0.4657574, 246.5909, 263.8701
-11.26403, 0.1916559, 0.4657574, 246.5909, 250.6446
-11.26403, 0.1916559, 0.4657574, 246.5909, 250.6446
-11.26403, 0.0191559, 0.4657574, 246.5909, 263.8701
-11.2386, 0.0191559, 0.2586173, 248.7732, 267.374
-11.2386, 0.1916559, 0.2586173, 248.7732, 253.7888
-11.43711, 0.0191559, 0.2342434, 233.1177, 267.7988
-11.2386, 0.0191559, 0.2586173, 248.7732, 267.374
-11.26403, 0.0191559, 0.4657574, 246.5909, 263.8701
-11.46254, 0.0191559, 0.4413835, 231.3443, 264.2728
-11.43711, 0.1916559, 0.2342434, 233.1177, 254.1701
-11.43711, 0.0191559, 0.2342434, 233.1177, 267.7988
-11.46254, 0.0191559, 0.4413835, 231.3443, 264.2728
-11.46254, 0.1916559, 0.4413835, 231.3443, 251.0059
-11.2386, 0.1916559, 0.2586173, 248.7732, 253.7888
-11.2386, 0.0191559, 0.2586173, 248.7732, 267.374
-11.43711, 0.0191559, 0.2342434, 233.1177, 267.7988
-11.43711, 0.1916559, 0.2342434, 233.1177, 254.1701
box_1_Parle-G-GOLD(Clone) stack 144 Shelf_0 Rack_1_1_2
-11.25057, 0.3641559, 0.2456525, 247.8437, 240.383
-11.45057, 0.3641559, 0.2456525, 232.0659, 240.383
-11.45057, 0.3641559, 0.4543482, 232.2778, 237.5686
-11.25057, 0.3641559, 0.4543482, 247.6342, 237.5686
-11.45057, 0.3641559, 0.4543482, 232.2778, 237.5686
-11.45057, 0.1916559, 0.4543482, 232.2778, 250.8134
-11.25057, 0.1916559, 0.4543482, 247.6342, 250.8134
-11.25057, 0.3641559, 0.4543482, 247.6342, 237.5686
-11.25057, 0.3641559, 0.4543482, 247.6342, 237.5686
-11.25057, 0.1916559, 0.4543482, 247.6342, 250.8134
-11.25057, 0.1916559, 0.2456525, 247.8437, 253.9913
-11.25057, 0.3641559, 0.2456525, 247.8437, 240.383
-11.45057, 0.1916559, 0.2456525, 232.0659, 253.9913
-11.25057, 0.1916559, 0.2456525, 247.8437, 253.9913
-11.25057, 0.1916559, 0.4543482, 247.6342, 250.8134
-11.45057, 0.1916559, 0.4543482, 232.2778, 250.8134
-11.45057, 0.3641559, 0.2456525, 232.0659, 240.383
-11.45057, 0.1916559, 0.2456525, 232.0659, 253.9913
-11.45057, 0.1916559, 0.4543482, 232.2778, 250.8134
-11.45057, 0.3641559, 0.4543482, 232.2778, 237.5686
-11.25057, 0.3641559, 0.2456525, 247.8437, 240.383
-11.25057, 0.1916559, 0.2456525, 247.8437, 253.9913
-11.45057, 0.1916559, 0.2456525, 232.0659, 253.9913
-11.45057, 0.3641559, 0.2456525, 232.0659, 240.383
box_1_Parle-G-GOLD(Clone) stack 144 Shelf_0 Rack_1_1_2
-11.24186, 0.5366558, 0.2547652, 248.5209, 226.6649
-11.4411, 0.5366558, 0.2373341, 232.8056, 226.8752
-11.45929, 0.5366558, 0.4452356, 231.599, 224.428
-11.26005, 0.5366558, 0.4626667, 246.8993, 224.2287
-11.45929, 0.5366558, 0.4452356, 231.599, 224.428
-11.45929, 0.3641559, 0.4452356, 231.599, 237.6883
-11.26005, 0.3641559, 0.4626667, 246.8993, 237.4595
-11.26005, 0.5366558, 0.4626667, 246.8993, 224.2287
-11.26005, 0.5366558, 0.4626667, 246.8993, 224.2287
-11.26005, 0.3641559, 0.4626667, 246.8993, 237.4595
-11.24186, 0.3641559, 0.2547652, 248.5209, 240.2569
-11.24186, 0.5366558, 0.2547652, 248.5209, 226.6649
-11.4411, 0.3641559, 0.237334, 232.8056, 240.4984
-11.24186, 0.3641559, 0.2547652, 248.5209, 240.2569
-11.26005, 0.3641559, 0.4626667, 246.8993, 237.4595
-11.45929, 0.3641559, 0.4452356, 231.599, 237.6883
-11.4411, 0.5366558, 0.2373341, 232.8056, 226.8752
-11.4411, 0.3641559, 0.237334, 232.8056, 240.4984
-11.45929, 0.3641559, 0.4452356, 231.599, 237.6883
-11.45929, 0.5366558, 0.4452356, 231.599, 224.428
-11.24186, 0.5366558, 0.2547652, 248.5209, 226.6649
-11.24186, 0.3641559, 0.2547652, 248.5209, 240.2569
-11.4411, 0.3641559, 0.237334, 232.8056, 240.4984
-11.4411, 0.5366558, 0.2373341, 232.8056, 226.8752
box_1_Parle-G-GOLD(Clone) stack 144 Shelf_0 Rack_1_1_2
-11.24354, 0.7091558, 0.2528824, 248.3907, 213.0922
-11.44305, 0.7091558, 0.2389311, 232.6529, 213.2355
-11.45761, 0.7091558, 0.4471184, 231.73, 211.1493
-11.25809, 0.7091558, 0.4610697, 247.0506, 211.0135
-11.45761, 0.7091558, 0.4471184, 231.73, 211.1493
-11.45761, 0.5366558, 0.4471184, 231.73, 224.4064
-11.25809, 0.5366558, 0.4610697, 247.0506, 224.2469
-11.25809, 0.7091558, 0.4610697, 247.0506, 211.0135
-11.25809, 0.7091558, 0.4610697, 247.0506, 211.0135
-11.25809, 0.5366558, 0.4610697, 247.0506, 224.2469
-11.24354, 0.5366558, 0.2528824, 248.3907, 226.6876
-11.24354, 0.7091558, 0.2528824, 248.3907, 213.0922
-11.44305, 0.5366558, 0.2389311, 232.6529, 226.8559
-11.24354, 0.5366558, 0.2528824, 248.3907, 226.6876
-11.25809, 0.5366558, 0.4610697, 247.0506, 224.2469
-11.45761, 0.5366558, 0.4471184, 231.73, 224.4064
-11.44305, 0.7091558, 0.2389311, 232.6529, 213.2355
-11.44305, 0.5366558, 0.2389311, 232.6529, 226.8559
-11.45761, 0.5366558, 0.4471184, 231.73, 224.4064
-11.45761, 0.7091558, 0.4471184, 231.73, 211.1493
-11.24354, 0.7091558, 0.2528824, 248.3907, 213.0922
-11.24354, 0.5366558, 0.2528824, 248.3907, 226.6876
-11.44305, 0.5366558, 0.2389311, 232.6529, 226.8559
-11.44305, 0.7091558, 0.2389311, 232.6529, 213.2355
box_1_Parle-G-GOLD(Clone) stack 144 Shelf_0 Rack_1_1_2
-11.2386, 0.8816558, 0.2586173, 248.7732, 199.4483
-11.43711, 0.8816558, 0.2342434, 233.1177, 199.6551
-11.46254, 0.8816558, 0.4413835, 231.3443, 197.9384
-11.26403, 0.8816558, 0.4657574, 246.5909, 197.7424
-11.46254, 0.8816558, 0.4413835, 231.3443, 197.9384
-11.46254, 0.7091558, 0.4413835, 231.3443, 211.2053
-11.26403, 0.7091558, 0.4657574, 246.5909, 210.9679
-11.26403, 0.8816558, 0.4657574, 246.5909, 197.7424
-11.26403, 0.8816558, 0.4657574, 246.5909, 197.7424
-11.26403, 0.7091558, 0.4657574, 246.5909, 210.9679
-11.2386, 0.7091558, 0.2586173, 248.7732, 213.0334
-11.2386, 0.8816558, 0.2586173, 248.7732, 199.4483
-11.43711, 0.7091558, 0.2342434, 233.1177, 213.2838
-11.2386, 0.7091558, 0.2586173, 248.7732, 213.0334
-11.26403, 0.7091558, 0.4657574, 246.5909, 210.9679
-11.46254, 0.7091558, 0.4413835, 231.3443, 211.2053
-11.43711, 0.8816558, 0.2342434, 233.1177, 199.6551
-11.43711, 0.7091558, 0.2342434, 233.1177, 213.2838
-11.46254, 0.7091558, 0.4413835, 231.3443, 211.2053
-11.46254, 0.8816558, 0.4413835, 231.3443, 197.9384
-11.2386, 0.8816558, 0.2586173, 248.7732, 199.4483
-11.2386, 0.7091558, 0.2586173, 248.7732, 213.0334
-11.43711, 0.7091558, 0.2342434, 233.1177, 213.2838
-11.43711, 0.8816558, 0.2342434, 233.1177, 199.6551
box_7_litchi(Clone) stack 145 Shelf_1 Rack_1_1_2
-10.91419, 1.414419, 0.2432683, 274.391, 157.5362
-11.11371, 1.414419, 0.2572196, 258.6125, 157.4949
-11.09976, 1.414419, 0.4567324, 259.2083, 156.9208
-10.90024, 1.414419, 0.4427811, 274.5844, 156.96
-11.09976, 1.414419, 0.4567324, 259.2083, 156.9208
-11.09976, 1.204419, 0.4567324, 259.2083, 173.04
-10.90024, 1.204419, 0.4427811, 274.5844, 173.108
-10.90024, 1.414419, 0.4427811, 274.5844, 156.96
-10.90024, 1.414419, 0.4427811, 274.5844, 156.96
-10.90024, 1.204419, 0.4427811, 274.5844, 173.108
-10.91419, 1.204419, 0.2432683, 274.391, 174.108
-10.91419, 1.414419, 0.2432683, 274.391, 157.5362
-11.11371, 1.204419, 0.2572196, 258.6125, 174.0364
-10.91419, 1.204419, 0.2432683, 274.391, 174.108
-10.90024, 1.204419, 0.4427811, 274.5844, 173.108
-11.09976, 1.204419, 0.4567324, 259.2083, 173.04
-11.11371, 1.414419, 0.2572196, 258.6125, 157.4949
-11.11371, 1.204419, 0.2572196, 258.6125, 174.0364
-11.09976, 1.204419, 0.4567324, 259.2083, 173.04
-11.09976, 1.414419, 0.4567324, 259.2083, 156.9208
-10.91419, 1.414419, 0.2432683, 274.391, 157.5362
-10.91419, 1.204419, 0.2432683, 274.391, 174.108
-11.11371, 1.204419, 0.2572196, 258.6125, 174.0364
-11.11371, 1.414419, 0.2572196, 258.6125, 157.4949
box_7_litchi(Clone) stack 145 Shelf_1 Rack_1_1_2
-10.90524, 1.624419, 0.2517608, 275.058, 140.9577
-11.10521, 1.624419, 0.2482703, 259.3041, 140.9604
-11.1087, 1.624419, 0.4482399, 258.5415, 140.8078
-10.90873, 1.624419, 0.4517304, 273.8925, 140.8052
-11.1087, 1.624419, 0.4482399, 258.5415, 140.8078
-11.1087, 1.414419, 0.4482399, 258.5415, 156.9446
-10.90873, 1.414419, 0.4517304, 273.8925, 156.9348
-10.90873, 1.624419, 0.4517304, 273.8925, 140.8052
-10.90873, 1.624419, 0.4517304, 273.8925, 140.8052
-10.90873, 1.414419, 0.4517304, 273.8925, 156.9348
-10.90524, 1.414419, 0.2517608, 275.058, 157.511
-10.90524, 1.624419, 0.2517608, 275.058, 140.9577
-11.10521, 1.414419, 0.2482704, 259.3041, 157.5214
-10.90524, 1.414419, 0.2517608, 275.058, 157.511
-10.90873, 1.414419, 0.4517304, 273.8925, 156.9348
-11.1087, 1.414419, 0.4482399, 258.5415, 156.9446
-11.10521, 1.624419, 0.2482703, 259.3041, 140.9604
-11.10521, 1.414419, 0.2482704, 259.3041, 157.5214
-11.1087, 1.414419, 0.4482399, 258.5415, 156.9446
-11.1087, 1.624419, 0.4482399, 258.5415, 140.8078
-10.90524, 1.624419, 0.2517608, 275.058, 140.9577
-10.90524, 1.414419, 0.2517608, 275.058, 157.511
-11.10521, 1.414419, 0.2482704, 259.3041, 157.5214
-11.10521, 1.624419, 0.2482703, 259.3041, 140.9604
box_8_lizol(Clone) stack 146 Shelf_1 Rack_1_1_2
-11.30358, 1.380775, 0.2231813, 243.6731, 160.2579
-11.50346, 1.380775, 0.2301612, 227.8693, 160.2347
-11.49484, 1.380775, 0.4768194, 228.9106, 159.4404
-11.29496, 1.380775, 0.4698395, 244.2174, 159.4622
-11.49484, 1.380775, 0.4768194, 228.9106, 159.4404
-11.49484, 1.204525, 0.4768195, 228.9106, 172.9344
-11.29496, 1.204525, 0.4698395, 244.2174, 172.9682
-11.29496, 1.380775, 0.4698395, 244.2174, 159.4622
-11.29496, 1.380775, 0.4698395, 244.2174, 159.4622
-11.29496, 1.204525, 0.4698395, 244.2174, 172.9682
-11.30358, 1.204525, 0.2231813, 243.6731, 174.2032
-11.30358, 1.380775, 0.2231813, 243.6731, 160.2579
-11.50346, 1.204525, 0.2301612, 227.8693, 174.1672
-11.30358, 1.204525, 0.2231813, 243.6731, 174.2032
-11.29496, 1.204525, 0.4698395, 244.2174, 172.9682
-11.49484, 1.204525, 0.4768195, 228.9106, 172.9344
-11.50346, 1.380775, 0.2301612, 227.8693, 160.2347
-11.50346, 1.204525, 0.2301612, 227.8693, 174.1672
-11.49484, 1.204525, 0.4768195, 228.9106, 172.9344
-11.49484, 1.380775, 0.4768194, 228.9106, 159.4404
-11.30358, 1.380775, 0.2231813, 243.6731, 160.2579
-11.30358, 1.204525, 0.2231813, 243.6731, 174.2032
-11.50346, 1.204525, 0.2301612, 227.8693, 174.1672
-11.50346, 1.380775, 0.2301612, 227.8693, 160.2347
box_5_LMRR(Clone) stack 147 Shelf_1 Rack_1_1_2
-11.70386, 1.346961, 0.1982208, 211.9092, 163.0255
-11.90277, 1.346961, 0.2191265, 196.2404, 162.9482
-11.87306, 1.346961, 0.5017799, 200.0809, 161.9434
-11.67415, 1.346961, 0.4808742, 215.1951, 162.0153
-11.87306, 1.346961, 0.5017799, 200.0809, 161.9434
-11.87306, 1.204461, 0.5017799, 200.0809, 172.8188
-11.67415, 1.204461, 0.4808742, 215.1951, 172.9196
-11.67415, 1.346961, 0.4808742, 215.1951, 162.0153
-11.67415, 1.346961, 0.4808742, 215.1951, 162.0153
-11.67415, 1.204461, 0.4808742, 215.1951, 172.9196
-11.70386, 1.204461, 0.1982208, 211.9092, 174.3377
-11.70386, 1.346961, 0.1982208, 211.9092, 163.0255
-11.90277, 1.204461, 0.2191265, 196.2404, 174.2292
-11.70386, 1.204461, 0.1982208, 211.9092, 174.3377
-11.67415, 1.204461, 0.4808742, 215.1951, 172.9196
-11.87306, 1.204461, 0.5017799, 200.0809, 172.8188
-11.90277, 1.346961, 0.2191265, 196.2404, 162.9482
-11.90277, 1.204461, 0.2191265, 196.2404, 174.2292
-11.87306, 1.204461, 0.5017799, 200.0809, 172.8188
-11.87306, 1.346961, 0.5017799, 200.0809, 161.9434
-11.70386, 1.346961, 0.1982208, 211.9092, 163.0255
-11.70386, 1.204461, 0.1982208, 211.9092, 174.3377
-11.90277, 1.204461, 0.2191265, 196.2404, 174.2292
-11.90277, 1.346961, 0.2191265, 196.2404, 162.9482
box_6_melody(Clone) stack 148 Shelf_1 Rack_1_1_2
-12.06002, 1.391943, 0.2430817, 183.9685, 159.3105
-12.25853, 1.391943, 0.2187079, 168.0725, 159.3886
-12.28778, 1.391943, 0.456919, 168.0194, 158.6454
-12.08927, 1.391943, 0.4812929, 183.4326, 158.5719
-12.28778, 1.391943, 0.456919, 168.0194, 158.6454
-12.28778, 1.204443, 0.456919, 168.0194, 173.0373
-12.08927, 1.204443, 0.4812929, 183.4326, 172.919
-12.08927, 1.391943, 0.4812929, 183.4326, 158.5719
-12.08927, 1.391943, 0.4812929, 183.4326, 158.5719
-12.08927, 1.204443, 0.4812929, 183.4326, 172.919
-12.06002, 1.204443, 0.2430817, 183.9685, 174.1071
-12.06002, 1.391943, 0.2430817, 183.9685, 159.3105
-12.25853, 1.204443, 0.2187079, 168.0725, 174.2328
-12.06002, 1.204443, 0.2430817, 183.9685, 174.1071
-12.08927, 1.204443, 0.4812929, 183.4326, 172.919
-12.28778, 1.204443, 0.456919, 168.0194, 173.0373
-12.25853, 1.391943, 0.2187079, 168.0725, 159.3886
-12.25853, 1.204443, 0.2187079, 168.0725, 174.2328
-12.28778, 1.204443, 0.456919, 168.0194, 173.0373
-12.28778, 1.391943, 0.456919, 168.0194, 158.6454
-12.06002, 1.391943, 0.2430817, 183.9685, 159.3105
-12.06002, 1.204443, 0.2430817, 183.9685, 174.1071
-12.25853, 1.204443, 0.2187079, 168.0725, 174.2328
-12.25853, 1.391943, 0.2187079, 168.0725, 159.3886
box_6_melody(Clone) stack 148 Shelf_1 Rack_1_1_2
-12.06002, 1.579443, 0.2430817, 183.9685, 144.5138
-12.25853, 1.579443, 0.2187079, 168.0725, 144.5444
-12.28778, 1.579443, 0.456919, 168.0194, 144.2536
-12.08927, 1.579443, 0.4812929, 183.4326, 144.2248
-12.28778, 1.579443, 0.456919, 168.0194, 144.2536
-12.28778, 1.391943, 0.456919, 168.0194, 158.6454
-12.08927, 1.391943, 0.4812929, 183.4326, 158.5719
-12.08927, 1.579443, 0.4812929, 183.4326, 144.2248
-12.08927, 1.579443, 0.4812929, 183.4326, 144.2248
-12.08927, 1.391943, 0.4812929, 183.4326, 158.5719
-12.06002, 1.391943, 0.2430817, 183.9685, 159.3104
-12.06002, 1.579443, 0.2430817, 183.9685, 144.5138
-12.25853, 1.391943, 0.2187079, 168.0725, 159.3886
-12.06002, 1.391943, 0.2430817, 183.9685, 159.3104
-12.08927, 1.391943, 0.4812929, 183.4326, 158.5719
-12.28778, 1.391943, 0.456919, 168.0194, 158.6454
-12.25853, 1.579443, 0.2187079, 168.0725, 144.5444
-12.25853, 1.391943, 0.2187079, 168.0725, 159.3886
-12.28778, 1.391943, 0.456919, 168.0194, 158.6454
-12.28778, 1.579443, 0.456919, 168.0194, 144.2536
-12.06002, 1.579443, 0.2430817, 183.9685, 144.5138
-12.06002, 1.391943, 0.2430817, 183.9685, 159.3104
-12.25853, 1.391943, 0.2187079, 168.0725, 159.3886
-12.25853, 1.579443, 0.2187079, 168.0725, 144.5444
box_6_melody(Clone) stack 148 Shelf_1 Rack_1_1_2
-12.06977, 1.766943, 0.2335633, 183.1278, 129.7106
-12.26965, 1.766943, 0.2265834, 167.2677, 129.7057
-12.27802, 1.766943, 0.4664374, 168.8546, 129.8679
-12.07815, 1.766943, 0.4734173, 184.2276, 129.8725
-12.27802, 1.766943, 0.4664374, 168.8546, 129.8679
-12.27802, 1.579443, 0.4664374, 168.8546, 144.2423
-12.07815, 1.579443, 0.4734173, 184.2276, 144.2341
-12.07815, 1.766943, 0.4734173, 184.2276, 129.8725
-12.07815, 1.766943, 0.4734173, 184.2276, 129.8725
-12.07815, 1.579443, 0.4734173, 184.2276, 144.2341
-12.06977, 1.579443, 0.2335634, 183.1278, 144.5257
-12.06977, 1.766943, 0.2335633, 183.1278, 129.7106
-12.26965, 1.579443, 0.2265835, 167.2677, 144.5345
-12.06977, 1.579443, 0.2335634, 183.1278, 144.5257
-12.07815, 1.579443, 0.4734173, 184.2276, 144.2341
-12.27802, 1.579443, 0.4664374, 168.8546, 144.2423
-12.26965, 1.766943, 0.2265834, 167.2677, 129.7057
-12.26965, 1.579443, 0.2265835, 167.2677, 144.5345
-12.27802, 1.579443, 0.4664374, 168.8546, 144.2423
-12.27802, 1.766943, 0.4664374, 168.8546, 129.8679
-12.06977, 1.766943, 0.2335633, 183.1278, 129.7106
-12.06977, 1.579443, 0.2335634, 183.1278, 144.5257
-12.26965, 1.579443, 0.2265835, 167.2677, 144.5345
-12.26965, 1.766943, 0.2265834, 167.2677, 129.7057
box_6_melody(Clone) stack 148 Shelf_1 Rack_1_1_2
-12.07182, 1.954443, 0.2317638, 182.9525, 114.8906
-12.27179, 1.954443, 0.2282733, 167.1147, 114.8814
-12.27598, 1.954443, 0.4682369, 169.0278, 115.4981
-12.07601, 1.954443, 0.4717274, 184.3795, 115.5068
-12.27598, 1.954443, 0.4682369, 169.0278, 115.4981
-12.27598, 1.766943, 0.4682369, 169.0278, 129.8691
-12.07601, 1.766943, 0.4717274, 184.3795, 129.8714
-12.07601, 1.954443, 0.4717274, 184.3795, 115.5068
-12.07601, 1.954443, 0.4717274, 184.3795, 115.5068
-12.07601, 1.766943, 0.4717274, 184.3795, 129.8714
-12.07182, 1.766943, 0.2317638, 182.9525, 129.7093
-12.07182, 1.954443, 0.2317638, 182.9525, 114.8906
-12.27179, 1.766943, 0.2282734, 167.1147, 129.7069
-12.07182, 1.766943, 0.2317638, 182.9525, 129.7093
-12.07601, 1.766943, 0.4717274, 184.3795, 129.8714
-12.27598, 1.766943, 0.4682369, 169.0278, 129.8691
-12.27179, 1.954443, 0.2282733, 167.1147, 114.8814
-12.27179, 1.766943, 0.2282734, 167.1147, 129.7069
-12.27598, 1.766943, 0.4682369, 169.0278, 129.8691
-12.27598, 1.954443, 0.4682369, 169.0278, 115.4981
-12.07182, 1.954443, 0.2317638, 182.9525, 114.8906
-12.07182, 1.766943, 0.2317638, 182.9525, 129.7093
-12.27179, 1.766943, 0.2282734, 167.1147, 129.7069
-12.27179, 1.954443, 0.2282733, 167.1147, 114.8814
box_3_Hareli(Clone) stack 149 Shelf_2 Rack_1_1_2
-12.40108, 2.538451, 0.2349175, 156.9643, 68.76222
-12.60081, 2.538451, 0.2453847, 141.322, 68.85338
-12.58929, 2.538451, 0.4650832, 144.9753, 70.71053
-12.38957, 2.538451, 0.454616, 160.1828, 70.6244
-12.58929, 2.538451, 0.4650832, 144.9753, 70.71053
-12.58929, 2.388451, 0.4650832, 144.9753, 82.21201
-12.38957, 2.388451, 0.4546161, 160.1828, 82.14131
-12.38957, 2.538451, 0.454616, 160.1828, 70.6244
-12.38957, 2.538451, 0.454616, 160.1828, 70.6244
-12.38957, 2.388451, 0.4546161, 160.1828, 82.14131
-12.40108, 2.388451, 0.2349175, 156.9643, 80.61227
-12.40108, 2.538451, 0.2349175, 156.9643, 68.76222
-12.60081, 2.388451, 0.2453847, 141.322, 80.6871
-12.40108, 2.388451, 0.2349175, 156.9643, 80.61227
-12.38957, 2.388451, 0.4546161, 160.1828, 82.14131
-12.58929, 2.388451, 0.4650832, 144.9753, 82.21201
-12.60081, 2.538451, 0.2453847, 141.322, 68.85338
-12.60081, 2.388451, 0.2453847, 141.322, 80.6871
-12.58929, 2.388451, 0.4650832, 144.9753, 82.21201
-12.58929, 2.538451, 0.4650832, 144.9753, 70.71053
-12.40108, 2.538451, 0.2349175, 156.9643, 68.76222
-12.40108, 2.388451, 0.2349175, 156.9643, 80.61227
-12.60081, 2.388451, 0.2453847, 141.322, 80.6871
-12.60081, 2.538451, 0.2453847, 141.322, 68.85338
box_3_Hareli(Clone) stack 149 Shelf_2 Rack_1_1_2
-12.39909, 2.688451, 0.2365774, 157.14, 56.92923
-12.59896, 2.688451, 0.2435573, 141.4436, 57.00089
-12.59129, 2.688451, 0.4634233, 144.8022, 59.19295
-12.39141, 2.688451, 0.4564434, 160.0601, 59.12526
-12.59129, 2.688451, 0.4634233, 144.8022, 59.19295
-12.59129, 2.538451, 0.4634234, 144.8022, 70.69685
-12.39141, 2.538451, 0.4564435, 160.0601, 70.63943
-12.39141, 2.688451, 0.4564434, 160.0601, 59.12526
-12.39141, 2.688451, 0.4564434, 160.0601, 59.12526
-12.39141, 2.538451, 0.4564435, 160.0601, 70.63943
-12.39909, 2.538451, 0.2365774, 157.14, 68.77669
-12.39909, 2.688451, 0.2365774, 157.14, 56.92923
-12.59896, 2.538451, 0.2435573, 141.4436, 68.83748
-12.39909, 2.538451, 0.2365774, 157.14, 68.77669
-12.39141, 2.538451, 0.4564435, 160.0601, 70.63943
-12.59129, 2.538451, 0.4634234, 144.8022, 70.69685
-12.59896, 2.688451, 0.2435573, 141.4436, 57.00089
-12.59896, 2.538451, 0.2435573, 141.4436, 68.83748
-12.59129, 2.538451, 0.4634234, 144.8022, 70.69685
-12.59129, 2.688451, 0.4634233, 144.8022, 59.19295
-12.39909, 2.688451, 0.2365774, 157.14, 56.92923
-12.39909, 2.538451, 0.2365774, 157.14, 68.77669
-12.59896, 2.538451, 0.2435573, 141.4436, 68.83748
-12.59896, 2.688451, 0.2435573, 141.4436, 57.00089
box_3_Hareli(Clone) stack 149 Shelf_2 Rack_1_1_2
-12.38776, 2.838451, 0.2472439, 158.1498, 45.20787
-12.58727, 2.838451, 0.2332926, 142.2345, 45.04289
-12.60262, 2.838451, 0.4527568, 143.8022, 47.56982
-12.4031, 2.838451, 0.4667081, 159.2684, 47.72568
-12.60262, 2.838451, 0.4527568, 143.8022, 47.56982
-12.60262, 2.688451, 0.4527568, 143.8022, 59.08945
-12.4031, 2.688451, 0.4667081, 159.2684, 59.22475
-12.4031, 2.838451, 0.4667081, 159.2684, 47.72568
-12.4031, 2.838451, 0.4667081, 159.2684, 47.72568
-12.4031, 2.688451, 0.4667081, 159.2684, 59.22475
-12.38776, 2.688451, 0.247244, 158.1498, 57.03871
-12.38776, 2.838451, 0.2472439, 158.1498, 45.20787
-12.58727, 2.688451, 0.2332927, 142.2345, 56.89546
-12.38776, 2.688451, 0.247244, 158.1498, 57.03871
-12.4031, 2.688451, 0.4667081, 159.2684, 59.22475
-12.60262, 2.688451, 0.4527568, 143.8022, 59.08945
-12.58727, 2.838451, 0.2332926, 142.2345, 45.04289
-12.58727, 2.688451, 0.2332927, 142.2345, 56.89546
-12.60262, 2.688451, 0.4527568, 143.8022, 59.08945
-12.60262, 2.838451, 0.4527568, 143.8022, 47.56982
-12.38776, 2.838451, 0.2472439, 158.1498, 45.20787
-12.38776, 2.688451, 0.247244, 158.1498, 57.03871
-12.58727, 2.688451, 0.2332927, 142.2345, 56.89546
-12.58727, 2.838451, 0.2332926, 142.2345, 45.04289
box_3_Hareli(Clone) stack 149 Shelf_2 Rack_1_1_2
-12.38776, 2.988451, 0.2472439, 158.1498, 33.37703
-12.58727, 2.988451, 0.2332926, 142.2345, 33.19031
-12.60262, 2.988451, 0.4527568, 143.8022, 36.0502
-12.4031, 2.988451, 0.4667081, 159.2684, 36.22658
-12.60262, 2.988451, 0.4527568, 143.8022, 36.0502
-12.60262, 2.838451, 0.4527568, 143.8022, 47.56981
-12.4031, 2.838451, 0.4667081, 159.2684, 47.72566
-12.4031, 2.988451, 0.4667081, 159.2684, 36.22658
-12.4031, 2.988451, 0.4667081, 159.2684, 36.22658
-12.4031, 2.838451, 0.4667081, 159.2684, 47.72566
-12.38776, 2.838451, 0.247244, 158.1498, 45.20787
-12.38776, 2.988451, 0.2472439, 158.1498, 33.37703
-12.58727, 2.838451, 0.2332927, 142.2345, 45.04289
-12.38776, 2.838451, 0.247244, 158.1498, 45.20787
-12.4031, 2.838451, 0.4667081, 159.2684, 47.72566
-12.60262, 2.838451, 0.4527568, 143.8022, 47.56981
-12.58727, 2.988451, 0.2332926, 142.2345, 33.19031
-12.58727, 2.838451, 0.2332927, 142.2345, 45.04289
-12.60262, 2.838451, 0.4527568, 143.8022, 47.56981
-12.60262, 2.988451, 0.4527568, 143.8022, 36.0502
-12.38776, 2.988451, 0.2472439, 158.1498, 33.37703
-12.38776, 2.838451, 0.247244, 158.1498, 45.20787
-12.58727, 2.838451, 0.2332927, 142.2345, 45.04289
-12.58727, 2.988451, 0.2332926, 142.2345, 33.19031
box_3_Hareli(Clone) stack 149 Shelf_2 Rack_1_1_2
-12.38424, 3.138451, 0.2510558, 158.4683, 21.60301
-12.58314, 3.138451, 0.2301501, 142.5203, 21.2907
-12.60614, 3.138451, 0.448945, 143.4847, 24.47665
-12.40723, 3.138451, 0.4698507, 158.9844, 24.77173
-12.60614, 3.138451, 0.448945, 143.4847, 24.47665
-12.60614, 2.988451, 0.448945, 143.4847, 36.00189
-12.40723, 2.988451, 0.4698507, 158.9844, 36.2662
-12.40723, 3.138451, 0.4698507, 158.9844, 24.77173
-12.40723, 3.138451, 0.4698507, 158.9844, 24.77173
-12.40723, 2.988451, 0.4698507, 158.9844, 36.2662
-12.38424, 2.988451, 0.2510558, 158.4683, 33.42793
-12.38424, 3.138451, 0.2510558, 158.4683, 21.60301
-12.58314, 2.988451, 0.2301501, 142.5203, 33.14818
-12.38424, 2.988451, 0.2510558, 158.4683, 33.42793
-12.40723, 2.988451, 0.4698507, 158.9844, 36.2662
-12.60614, 2.988451, 0.448945, 143.4847, 36.00189
-12.58314, 3.138451, 0.2301501, 142.5203, 21.2907
-12.58314, 2.988451, 0.2301501, 142.5203, 33.14818
-12.60614, 2.988451, 0.448945, 143.4847, 36.00189
-12.60614, 3.138451, 0.448945, 143.4847, 24.47665
-12.38424, 3.138451, 0.2510558, 158.4683, 21.60301
-12.38424, 2.988451, 0.2510558, 158.4683, 33.42793
-12.58314, 2.988451, 0.2301501, 142.5203, 33.14818
-12.58314, 3.138451, 0.2301501, 142.5203, 21.2907
box_8_lizol(Clone) stack 151 Shelf_2 Rack_1_1_2
-11.60643, 2.565368, 0.2357813, 219.7439, 66.64349
-11.80567, 2.565368, 0.2183502, 203.923, 66.48627
-11.82718, 2.565368, 0.4642195, 203.4072, 68.63925
-11.62794, 2.565368, 0.4816506, 218.7331, 68.78677
-11.82718, 2.565368, 0.4642195, 203.4072, 68.63925
-11.82718, 2.389118, 0.4642195, 203.4072, 82.15498
-11.62794, 2.389118, 0.4816506, 218.7331, 82.27245
-11.62794, 2.565368, 0.4816506, 218.7331, 68.78677
-11.62794, 2.565368, 0.4816506, 218.7331, 68.78677
-11.62794, 2.389118, 0.4816506, 218.7331, 82.27245
-11.60643, 2.389118, 0.2357813, 219.7439, 80.5657
-11.60643, 2.565368, 0.2357813, 219.7439, 66.64349
-11.80567, 2.389118, 0.2183501, 203.923, 80.44051
-11.60643, 2.389118, 0.2357813, 219.7439, 80.5657
-11.62794, 2.389118, 0.4816506, 218.7331, 82.27245
-11.82718, 2.389118, 0.4642195, 203.4072, 82.15498
-11.80567, 2.565368, 0.2183502, 203.923, 66.48627
-11.80567, 2.389118, 0.2183501, 203.923, 80.44051
-11.82718, 2.389118, 0.4642195, 203.4072, 82.15498
-11.82718, 2.565368, 0.4642195, 203.4072, 68.63925
-11.60643, 2.565368, 0.2357813, 219.7439, 66.64349
-11.60643, 2.389118, 0.2357813, 219.7439, 80.5657
-11.80567, 2.389118, 0.2183501, 203.923, 80.44051
-11.80567, 2.565368, 0.2183502, 203.923, 66.48627
box_8_lizol(Clone) stack 151 Shelf_2 Rack_1_1_2
-11.60643, 2.741618, 0.2357813, 219.7439, 52.72131
-11.80567, 2.741618, 0.2183502, 203.923, 52.53204
-11.82718, 2.741618, 0.4642195, 203.4072, 55.12355
-11.62794, 2.741618, 0.4816506, 218.7331, 55.30109
-11.82718, 2.741618, 0.4642195, 203.4072, 55.12355
-11.82718, 2.565368, 0.4642195, 203.4072, 68.63925
-11.62794, 2.565368, 0.4816506, 218.7331, 68.78677
-11.62794, 2.741618, 0.4816506, 218.7331, 55.30109
-11.62794, 2.741618, 0.4816506, 218.7331, 55.30109
-11.62794, 2.565368, 0.4816506, 218.7331, 68.78677
-11.60643, 2.565368, 0.2357813, 219.7439, 66.64349
-11.60643, 2.741618, 0.2357813, 219.7439, 52.72131
-11.80567, 2.565368, 0.2183501, 203.923, 66.48627
-11.60643, 2.565368, 0.2357813, 219.7439, 66.64349
-11.62794, 2.565368, 0.4816506, 218.7331, 68.78677
-11.82718, 2.565368, 0.4642195, 203.4072, 68.63925
-11.80567, 2.741618, 0.2183502, 203.923, 52.53204
-11.80567, 2.565368, 0.2183501, 203.923, 66.48627
-11.82718, 2.565368, 0.4642195, 203.4072, 68.63925
-11.82718, 2.741618, 0.4642195, 203.4072, 55.12355
-11.60643, 2.741618, 0.2357813, 219.7439, 52.72131
-11.60643, 2.565368, 0.2357813, 219.7439, 66.64349
-11.80567, 2.565368, 0.2183501, 203.923, 66.48627
-11.80567, 2.741618, 0.2183502, 203.923, 52.53204
box_8_lizol(Clone) stack 151 Shelf_2 Rack_1_1_2
-11.60446, 2.917868, 0.237725, 219.9052, 38.8237
-11.80336, 2.917868, 0.2168193, 204.0987, 38.55835
-11.82916, 2.917868, 0.4622758, 203.2464, 41.58461
-11.63026, 2.917868, 0.4831815, 218.5604, 41.83359
-11.82916, 2.917868, 0.4622758, 203.2464, 41.58461
-11.82916, 2.741618, 0.4622758, 203.2464, 55.10368
-11.63026, 2.741618, 0.4831815, 218.5604, 55.31665
-11.63026, 2.917868, 0.4831815, 218.5604, 41.83359
-11.63026, 2.917868, 0.4831815, 218.5604, 41.83359
-11.63026, 2.741618, 0.4831815, 218.5604, 55.31665
-11.60446, 2.741618, 0.237725, 219.9052, 52.74236
-11.60446, 2.917868, 0.237725, 219.9052, 38.8237
-11.80336, 2.741618, 0.2168193, 204.0987, 52.5154
-11.60446, 2.741618, 0.237725, 219.9052, 52.74236
-11.63026, 2.741618, 0.4831815, 218.5604, 55.31665
-11.82916, 2.741618, 0.4622758, 203.2464, 55.10368
-11.80336, 2.917868, 0.2168193, 204.0987, 38.55835
-11.80336, 2.741618, 0.2168193, 204.0987, 52.5154
-11.82916, 2.741618, 0.4622758, 203.2464, 55.10368
-11.82916, 2.917868, 0.4622758, 203.2464, 41.58461
-11.60446, 2.917868, 0.237725, 219.9052, 38.8237
-11.60446, 2.741618, 0.237725, 219.9052, 52.74236
-11.80336, 2.741618, 0.2168193, 204.0987, 52.5154
-11.80336, 2.917868, 0.2168193, 204.0987, 38.55835
box_8_lizol(Clone) stack 151 Shelf_2 Rack_1_1_2
-11.60252, 3.094118, 0.2397029, 220.0637, 24.93373
-11.80102, 3.094118, 0.2153291, 204.2768, 24.57957
-11.8311, 3.094118, 0.4602979, 203.088, 28.03847
-11.63259, 3.094118, 0.4846717, 218.3857, 28.37083
-11.8311, 3.094118, 0.4602979, 203.088, 28.03847
-11.8311, 2.917868, 0.4602979, 203.088, 41.56097
-11.63259, 2.917868, 0.4846717, 218.3857, 41.8513
-11.63259, 3.094118, 0.4846717, 218.3857, 28.37083
-11.63259, 3.094118, 0.4846717, 218.3857, 28.37083
-11.63259, 2.917868, 0.4846717, 218.3857, 41.8513
-11.60252, 2.917868, 0.2397029, 220.0637, 38.84872
-11.60252, 3.094118, 0.2397029, 220.0637, 24.93373
-11.80102, 2.917868, 0.215329, 204.2768, 38.53937
-11.60252, 2.917868, 0.2397029, 220.0637, 38.84872
-11.63259, 2.917868, 0.4846717, 218.3857, 41.8513
-11.8311, 2.917868, 0.4602979, 203.088, 41.56097
-11.80102, 3.094118, 0.2153291, 204.2768, 24.57957
-11.80102, 2.917868, 0.215329, 204.2768, 38.53937
-11.8311, 2.917868, 0.4602979, 203.088, 41.56097
-11.8311, 3.094118, 0.4602979, 203.088, 28.03847
-11.60252, 3.094118, 0.2397029, 220.0637, 24.93373
-11.60252, 2.917868, 0.2397029, 220.0637, 38.84872
-11.80102, 2.917868, 0.215329, 204.2768, 38.53937
-11.80102, 3.094118, 0.2153291, 204.2768, 24.57957
box_7_litchi(Clone) stack 152 Shelf_2 Rack_1_1_2
-11.24554, 2.599012, 0.2500004, 248.2361, 64.11862
-11.44554, 2.599012, 0.2500004, 232.4672, 64.11862
-11.44554, 2.599012, 0.4500003, 232.6601, 65.93376
-11.24554, 2.599012, 0.4500003, 248.0252, 65.93376
-11.44554, 2.599012, 0.4500003, 232.6601, 65.93376
-11.44554, 2.389012, 0.4500004, 232.6601, 82.06693
-11.24554, 2.389012, 0.4500004, 248.0252, 82.06693
-11.24554, 2.599012, 0.4500003, 248.0252, 65.93376
-11.24554, 2.599012, 0.4500003, 248.0252, 65.93376
-11.24554, 2.389012, 0.4500004, 248.0252, 82.06693
-11.24554, 2.389012, 0.2500004, 248.2361, 80.67577
-11.24554, 2.599012, 0.2500004, 248.2361, 64.11862
-11.44554, 2.389012, 0.2500004, 232.4672, 80.67577
-11.24554, 2.389012, 0.2500004, 248.2361, 80.67577
-11.24554, 2.389012, 0.4500004, 248.0252, 82.06693
-11.44554, 2.389012, 0.4500004, 232.6601, 82.06693
-11.44554, 2.599012, 0.2500004, 232.4672, 64.11862
-11.44554, 2.389012, 0.2500004, 232.4672, 80.67577
-11.44554, 2.389012, 0.4500004, 232.6601, 82.06693
-11.44554, 2.599012, 0.4500003, 232.6601, 65.93376
-11.24554, 2.599012, 0.2500004, 248.2361, 64.11862
-11.24554, 2.389012, 0.2500004, 248.2361, 80.67577
-11.44554, 2.389012, 0.2500004, 232.4672, 80.67577
-11.44554, 2.599012, 0.2500004, 232.4672, 64.11862
box_7_litchi(Clone) stack 152 Shelf_2 Rack_1_1_2
-11.25654, 2.809012, 0.2400953, 247.3784, 47.44748
-11.45544, 2.809012, 0.2610011, 231.6983, 47.68767
-11.43454, 2.809012, 0.4599054, 233.5135, 49.90851
-11.23563, 2.809012, 0.4389997, 248.7985, 49.68042
-11.43454, 2.809012, 0.4599054, 233.5135, 49.90851
-11.43454, 2.599012, 0.4599054, 233.5135, 66.02124
-11.23563, 2.599012, 0.4389997, 248.7985, 65.83635
-11.23563, 2.809012, 0.4389997, 248.7985, 49.68042
-11.23563, 2.809012, 0.4389997, 248.7985, 49.68042
-11.23563, 2.599012, 0.4389997, 248.7985, 65.83635
-11.25654, 2.599012, 0.2400953, 247.3784, 64.02625
-11.25654, 2.809012, 0.2400953, 247.3784, 47.44748
-11.45544, 2.599012, 0.2610011, 231.6983, 64.22093
-11.25654, 2.599012, 0.2400953, 247.3784, 64.02625
-11.23563, 2.599012, 0.4389997, 248.7985, 65.83635
-11.43454, 2.599012, 0.4599054, 233.5135, 66.02124
-11.45544, 2.809012, 0.2610011, 231.6983, 47.68767
-11.45544, 2.599012, 0.2610011, 231.6983, 64.22093
-11.43454, 2.599012, 0.4599054, 233.5135, 66.02124
-11.43454, 2.809012, 0.4599054, 233.5135, 49.90851
-11.25654, 2.809012, 0.2400953, 247.3784, 47.44748
-11.25654, 2.599012, 0.2400953, 247.3784, 64.02625
-11.45544, 2.599012, 0.2610011, 231.6983, 64.22093
-11.45544, 2.809012, 0.2610011, 231.6983, 47.68767
box_7_litchi(Clone) stack 152 Shelf_2 Rack_1_1_2
-11.23881, 3.019012, 0.2572196, 248.7585, 31.10286
-11.43832, 3.019012, 0.2432683, 233.0303, 30.91222
-11.45227, 3.019012, 0.4427811, 232.1357, 33.57368
-11.25276, 3.019012, 0.4567324, 247.4641, 33.7547
-11.45227, 3.019012, 0.4427811, 232.1357, 33.57368
-11.45227, 2.809012, 0.4427811, 232.1357, 49.72177
-11.25276, 2.809012, 0.4567324, 247.4641, 49.87396
-11.25276, 3.019012, 0.4567324, 247.4641, 33.7547
-11.25276, 3.019012, 0.4567324, 247.4641, 33.7547
-11.25276, 2.809012, 0.4567324, 247.4641, 49.87396
-11.23881, 2.809012, 0.2572196, 248.7585, 47.64432
-11.23881, 3.019012, 0.2572196, 248.7585, 31.10286
-11.43832, 2.809012, 0.2432683, 233.0303, 47.48402
-11.23881, 2.809012, 0.2572196, 248.7585, 47.64432
-11.25276, 2.809012, 0.4567324, 247.4641, 49.87396
-11.45227, 2.809012, 0.4427811, 232.1357, 49.72177
-11.43832, 3.019012, 0.2432683, 233.0303, 30.91222
-11.43832, 2.809012, 0.2432683, 233.0303, 47.48402
-11.45227, 2.809012, 0.4427811, 232.1357, 49.72177
-11.45227, 3.019012, 0.4427811, 232.1357, 33.57368
-11.23881, 3.019012, 0.2572196, 248.7585, 31.10286
-11.23881, 2.809012, 0.2572196, 248.7585, 47.64432
-11.43832, 2.809012, 0.2432683, 233.0303, 47.48402
-11.43832, 3.019012, 0.2432683, 233.0303, 30.91222
