box_5_LMRR(Clone) stack 78 Shelf_0 Rack_0_1_0
2.472138, 0.162368, 0.2078952, 332.9297, 256.907
2.272138, 0.162368, 0.2078952, 317.0733, 256.907
2.272138, 0.1623681, 0.4921055, 314.2836, 252.4945
2.472138, 0.1623681, 0.4921055, 329.5661, 252.4945
2.272138, 0.1623681, 0.4921055, 314.2836, 252.4945
2.272138, 0.01986802, 0.4921056, 314.2836, 263.3833
2.472138, 0.01986802, 0.4921056, 329.5661, 263.3833
2.472138, 0.1623681, 0.4921055, 329.5661, 252.4945
2.472138, 0.1623681, 0.4921055, 329.5661, 252.4945
2.472138, 0.01986802, 0.4921056, 329.5661, 263.3833
2.472138, 0.01986799, 0.2078952, 332.9297, 268.2047
2.472138, 0.162368, 0.2078952, 332.9297, 256.907
2.272138, 0.01986799, 0.2078952, 317.0733, 268.2047
2.472138, 0.01986799, 0.2078952, 332.9297, 268.2047
2.472138, 0.01986802, 0.4921056, 329.5661, 263.3833
2.272138, 0.01986802, 0.4921056, 314.2836, 263.3833
2.272138, 0.162368, 0.2078952, 317.0733, 256.907
2.272138, 0.01986799, 0.2078952, 317.0733, 268.2047
2.272138, 0.01986802, 0.4921056, 314.2836, 263.3833
2.272138, 0.1623681, 0.4921055, 314.2836, 252.4945
2.472138, 0.162368, 0.2078952, 332.9297, 256.907
2.472138, 0.01986799, 0.2078952, 332.9297, 268.2047
2.272138, 0.01986799, 0.2078952, 317.0733, 268.2047
2.272138, 0.162368, 0.2078952, 317.0733, 256.907
box_5_LMRR(Clone) stack 78 Shelf_0 Rack_0_1_0
2.461982, 0.304868, 0.2012657, 332.2053, 245.7062
2.262469, 0.304868, 0.215217, 316.233, 245.5023
2.282294, 0.304868, 0.498735, 314.9964, 241.5158
2.481807, 0.304868, 0.4847837, 330.3893, 241.7052
2.282294, 0.304868, 0.498735, 314.9964, 241.5158
2.282294, 0.162368, 0.498735, 314.9964, 252.3954
2.481807, 0.162368, 0.4847838, 330.3893, 252.6042
2.481807, 0.304868, 0.4847837, 330.3893, 241.7052
2.481807, 0.304868, 0.4847837, 330.3893, 241.7052
2.481807, 0.162368, 0.4847838, 330.3893, 252.6042
2.461982, 0.162368, 0.2012657, 332.2053, 257.0139
2.461982, 0.304868, 0.2012657, 332.2053, 245.7062
2.262469, 0.162368, 0.215217, 316.233, 256.7892
2.461982, 0.162368, 0.2012657, 332.2053, 257.0139
2.481807, 0.162368, 0.4847838, 330.3893, 252.6042
2.282294, 0.162368, 0.498735, 314.9964, 252.3954
2.262469, 0.304868, 0.215217, 316.233, 245.5023
2.262469, 0.162368, 0.215217, 316.233, 256.7892
2.282294, 0.162368, 0.498735, 314.9964, 252.3954
2.282294, 0.304868, 0.498735, 314.9964, 241.5158
2.461982, 0.304868, 0.2012657, 332.2053, 245.7062
2.461982, 0.162368, 0.2012657, 332.2053, 257.0139
2.262469, 0.162368, 0.215217, 316.233, 256.7892
2.262469, 0.304868, 0.215217, 316.233, 245.5023
box_5_LMRR(Clone) stack 78 Shelf_0 Rack_0_1_0
2.456736, 0.447368, 0.1982208, 331.826, 234.4386
2.257832, 0.447368, 0.2191265, 315.8265, 234.1644
2.28754, 0.447368, 0.5017799, 315.3676, 230.5991
2.486444, 0.447368, 0.4808742, 330.7892, 230.854
2.28754, 0.447368, 0.5017799, 315.3676, 230.5991
2.28754, 0.304868, 0.5017799, 315.3676, 241.4745
2.486444, 0.304868, 0.4808742, 330.7892, 241.7584
2.486444, 0.447368, 0.4808742, 330.7892, 230.854
2.486444, 0.447368, 0.4808742, 330.7892, 230.854
2.486444, 0.304868, 0.4808742, 330.7892, 241.7584
2.456736, 0.304868, 0.1982208, 331.826, 245.7508
2.456736, 0.447368, 0.1982208, 331.826, 234.4386
2.257832, 0.304868, 0.2191265, 315.8265, 245.4453
2.456736, 0.304868, 0.1982208, 331.826, 245.7508
2.486444, 0.304868, 0.4808742, 330.7892, 241.7584
2.28754, 0.304868, 0.5017799, 315.3676, 241.4745
2.257832, 0.447368, 0.2191265, 315.8265, 234.1644
2.257832, 0.304868, 0.2191265, 315.8265, 245.4453
2.28754, 0.304868, 0.5017799, 315.3676, 241.4745
2.28754, 0.447368, 0.5017799, 315.3676, 230.5991
2.456736, 0.447368, 0.1982208, 331.826, 234.4386
2.456736, 0.304868, 0.1982208, 331.826, 245.7508
2.257832, 0.304868, 0.2191265, 315.8265, 245.4453
2.257832, 0.447368, 0.2191265, 315.8265, 234.1644
box_5_LMRR(Clone) stack 78 Shelf_0 Rack_0_1_0
2.461982, 0.5898679, 0.2012657, 332.2053, 223.091
2.262469, 0.5898679, 0.215217, 316.233, 222.9287
2.282294, 0.5898679, 0.498735, 314.9964, 219.7566
2.481807, 0.5898679, 0.4847837, 330.3893, 219.9073
2.282294, 0.5898679, 0.498735, 314.9964, 219.7566
2.282294, 0.447368, 0.498735, 314.9964, 230.6362
2.481807, 0.447368, 0.4847838, 330.3893, 230.8062
2.481807, 0.5898679, 0.4847837, 330.3893, 219.9073
2.481807, 0.5898679, 0.4847837, 330.3893, 219.9073
2.481807, 0.447368, 0.4847838, 330.3893, 230.8062
2.461982, 0.4473679, 0.2012657, 332.2053, 234.3986
2.461982, 0.5898679, 0.2012657, 332.2053, 223.091
2.262469, 0.4473679, 0.215217, 316.233, 234.2155
2.461982, 0.4473679, 0.2012657, 332.2053, 234.3986
2.481807, 0.447368, 0.4847838, 330.3893, 230.8062
2.282294, 0.447368, 0.498735, 314.9964, 230.6362
2.262469, 0.5898679, 0.215217, 316.233, 222.9287
2.262469, 0.4473679, 0.215217, 316.233, 234.2155
2.282294, 0.447368, 0.498735, 314.9964, 230.6362
2.282294, 0.5898679, 0.498735, 314.9964, 219.7566
2.461982, 0.5898679, 0.2012657, 332.2053, 223.091
2.461982, 0.4473679, 0.2012657, 332.2053, 234.3986
2.262469, 0.4473679, 0.215217, 316.233, 234.2155
2.262469, 0.5898679, 0.215217, 316.233, 222.9287
box_5_LMRR(Clone) stack 78 Shelf_0 Rack_0_1_0
2.459372, 0.7323679, 0.1997204, 332.0171, 211.799
2.260133, 0.7323679, 0.2171515, 316.0285, 211.6224
2.284904, 0.7323679, 0.5002804, 315.1808, 208.8624
2.484143, 0.7323679, 0.4828492, 330.5902, 209.0266
2.284904, 0.7323679, 0.5002804, 315.1808, 208.8624
2.284904, 0.5898679, 0.5002804, 315.1808, 219.7399
2.484143, 0.5898679, 0.4828492, 330.5902, 219.9282
2.484143, 0.7323679, 0.4828492, 330.5902, 209.0266
2.484143, 0.7323679, 0.4828492, 330.5902, 209.0266
2.484143, 0.5898679, 0.4828492, 330.5902, 219.9282
2.459372, 0.5898679, 0.1997204, 332.0171, 223.109
2.459372, 0.7323679, 0.1997204, 332.0171, 211.799
2.260133, 0.5898679, 0.2171515, 316.0285, 222.9063
2.459372, 0.5898679, 0.1997204, 332.0171, 223.109
2.484143, 0.5898679, 0.4828492, 330.5902, 219.9282
2.284904, 0.5898679, 0.5002804, 315.1808, 219.7399
2.260133, 0.7323679, 0.2171515, 316.0285, 211.6224
2.260133, 0.5898679, 0.2171515, 316.0285, 222.9063
2.284904, 0.5898679, 0.5002804, 315.1808, 219.7399
2.284904, 0.7323679, 0.5002804, 315.1808, 208.8624
2.459372, 0.7323679, 0.1997204, 332.0171, 211.799
2.459372, 0.5898679, 0.1997204, 332.0171, 223.109
2.260133, 0.5898679, 0.2171515, 316.0285, 222.9063
2.260133, 0.7323679, 0.2171515, 316.0285, 211.6224
box_5_LMRR(Clone) stack 79 Shelf_0 Rack_0_1_0
2.083604, 0.162368, 0.209662, 302.1115, 256.8785
1.883635, 0.162368, 0.2061716, 286.2824, 256.9348
1.878675, 0.162368, 0.4903387, 284.228, 252.521
2.078644, 0.162368, 0.4938292, 299.4852, 252.4687
1.878675, 0.162368, 0.4903387, 284.228, 252.521
1.878675, 0.01986802, 0.4903387, 284.228, 263.4122
2.078644, 0.01986802, 0.4938292, 299.4852, 263.3551
2.078644, 0.162368, 0.4938292, 299.4852, 252.4687
2.078644, 0.162368, 0.4938292, 299.4852, 252.4687
2.078644, 0.01986802, 0.4938292, 299.4852, 263.3551
2.083604, 0.01986799, 0.2096621, 302.1115, 268.1736
2.083604, 0.162368, 0.209662, 302.1115, 256.8785
1.883635, 0.01986799, 0.2061716, 286.2824, 268.235
2.083604, 0.01986799, 0.2096621, 302.1115, 268.1736
2.078644, 0.01986802, 0.4938292, 299.4852, 263.3551
1.878675, 0.01986802, 0.4903387, 284.228, 263.4122
1.883635, 0.162368, 0.2061716, 286.2824, 256.9348
1.883635, 0.01986799, 0.2061716, 286.2824, 268.235
1.878675, 0.01986802, 0.4903387, 284.228, 263.4122
1.878675, 0.162368, 0.4903387, 284.228, 252.521
2.083604, 0.162368, 0.209662, 302.1115, 256.8785
2.083604, 0.01986799, 0.2096621, 302.1115, 268.1736
1.883635, 0.01986799, 0.2061716, 286.2824, 268.235
1.883635, 0.162368, 0.2061716, 286.2824, 256.9348
box_5_LMRR(Clone) stack 79 Shelf_0 Rack_0_1_0
2.095446, 0.304868, 0.2191265, 302.9713, 245.4453
1.896541, 0.304868, 0.1982208, 287.3557, 245.7508
1.866833, 0.304868, 0.4808742, 283.3752, 241.7584
2.065737, 0.304868, 0.5017799, 298.44, 241.4745
1.866833, 0.304868, 0.4808742, 283.3752, 241.7584
1.866833, 0.162368, 0.4808742, 283.3752, 252.6628
2.065737, 0.162368, 0.5017799, 298.44, 252.3499
2.065737, 0.304868, 0.5017799, 298.44, 241.4745
2.065737, 0.304868, 0.5017799, 298.44, 241.4745
2.065737, 0.162368, 0.5017799, 298.44, 252.3499
2.095446, 0.162368, 0.2191265, 302.9713, 256.7263
2.095446, 0.304868, 0.2191265, 302.9713, 245.4453
1.896541, 0.162368, 0.1982208, 287.3557, 257.063
2.095446, 0.162368, 0.2191265, 302.9713, 256.7263
2.065737, 0.162368, 0.5017799, 298.44, 252.3499
1.866833, 0.162368, 0.4808742, 283.3752, 252.6628
1.896541, 0.304868, 0.1982208, 287.3557, 245.7508
1.896541, 0.162368, 0.1982208, 287.3557, 257.063
1.866833, 0.162368, 0.4808742, 283.3752, 252.6628
1.866833, 0.304868, 0.4808742, 283.3752, 241.7584
2.095446, 0.304868, 0.2191265, 302.9713, 245.4453
2.095446, 0.162368, 0.2191265, 302.9713, 256.7263
1.896541, 0.162368, 0.1982208, 287.3557, 257.063
1.896541, 0.304868, 0.1982208, 287.3557, 245.7508
box_3_Hareli(Clone) stack 80 Shelf_0 Rack_0_1_0
1.712119, 0.1692639, 0.2435573, 272.5205, 255.7911
1.512241, 0.1692639, 0.2365774, 256.7634, 255.902
1.504563, 0.1692639, 0.4564434, 255.7025, 252.5012
1.704441, 0.1692639, 0.4634233, 271.0177, 252.3964
1.504563, 0.1692639, 0.4564434, 255.7025, 252.5012
1.504563, 0.01926389, 0.4564435, 255.7025, 264.0154
1.704441, 0.01926389, 0.4634234, 271.0177, 263.9003
1.704441, 0.1692639, 0.4634233, 271.0177, 252.3964
1.704441, 0.1692639, 0.4634233, 271.0177, 252.3964
1.704441, 0.01926389, 0.4634234, 271.0177, 263.9003
1.712119, 0.01926386, 0.2435573, 272.5205, 267.6276
1.712119, 0.1692639, 0.2435573, 272.5205, 255.7911
1.512241, 0.01926386, 0.2365774, 256.7634, 267.7495
1.712119, 0.01926386, 0.2435573, 272.5205, 267.6276
1.704441, 0.01926389, 0.4634234, 271.0177, 263.9003
1.504563, 0.01926389, 0.4564435, 255.7025, 264.0154
1.512241, 0.1692639, 0.2365774, 256.7634, 255.902
1.512241, 0.01926386, 0.2365774, 256.7634, 267.7495
1.504563, 0.01926389, 0.4564435, 255.7025, 264.0154
1.504563, 0.1692639, 0.4564434, 255.7025, 252.5012
1.712119, 0.1692639, 0.2435573, 272.5205, 255.7911
1.712119, 0.01926386, 0.2435573, 272.5205, 267.6276
1.512241, 0.01926386, 0.2365774, 256.7634, 267.7495
1.512241, 0.1692639, 0.2365774, 256.7634, 255.902
box_3_Hareli(Clone) stack 81 Shelf_1 Rack_0_1_0
2.880088, 1.353857, 0.2491345, 364.5941, 162.2943
2.680849, 1.353857, 0.2317034, 349.1336, 162.3569
2.661675, 1.353857, 0.4508663, 344.5985, 161.5893
2.860914, 1.353857, 0.4682974, 359.6363, 161.5301
2.661675, 1.353857, 0.4508663, 344.5985, 161.5893
2.661675, 1.203857, 0.4508663, 344.5985, 173.1117
2.860914, 1.203857, 0.4682974, 359.6363, 173.0269
2.860914, 1.353857, 0.4682974, 359.6363, 161.5301
2.860914, 1.353857, 0.4682974, 359.6363, 161.5301
2.860914, 1.203857, 0.4682974, 359.6363, 173.0269
2.880088, 1.203857, 0.2491345, 364.5941, 174.1221
2.880088, 1.353857, 0.2491345, 364.5941, 162.2943
2.680849, 1.203857, 0.2317034, 349.1336, 174.212
2.880088, 1.203857, 0.2491345, 364.5941, 174.1221
2.860914, 1.203857, 0.4682974, 359.6363, 173.0269
2.661675, 1.203857, 0.4508663, 344.5985, 173.1117
2.680849, 1.353857, 0.2317034, 349.1336, 162.3569
2.680849, 1.203857, 0.2317034, 349.1336, 174.212
2.661675, 1.203857, 0.4508663, 344.5985, 173.1117
2.661675, 1.353857, 0.4508663, 344.5985, 161.5893
2.880088, 1.353857, 0.2491345, 364.5941, 162.2943
2.880088, 1.203857, 0.2491345, 364.5941, 174.1221
2.680849, 1.203857, 0.2317034, 349.1336, 174.212
2.680849, 1.353857, 0.2317034, 349.1336, 162.3569
box_3_Hareli(Clone) stack 81 Shelf_1 Rack_0_1_0
2.881832, 1.503857, 0.2510558, 364.7001, 150.4625
2.682928, 1.503857, 0.2301501, 349.3202, 150.505
2.659931, 1.503857, 0.448945, 344.4903, 150.0706
2.858836, 1.503857, 0.4698507, 359.4533, 150.0304
2.659931, 1.503857, 0.448945, 344.4903, 150.0706
2.659931, 1.353857, 0.448945, 344.4903, 161.5959
2.858836, 1.353857, 0.4698507, 359.4533, 161.5249
2.858836, 1.503857, 0.4698507, 359.4533, 150.0304
2.858836, 1.503857, 0.4698507, 359.4533, 150.0304
2.858836, 1.353857, 0.4698507, 359.4533, 161.5249
2.881832, 1.353857, 0.2510558, 364.7001, 162.2874
2.881832, 1.503857, 0.2510558, 364.7001, 150.4625
2.682928, 1.353857, 0.2301501, 349.3202, 162.3625
2.881832, 1.353857, 0.2510558, 364.7001, 162.2874
2.858836, 1.353857, 0.4698507, 359.4533, 161.5249
2.659931, 1.353857, 0.448945, 344.4903, 161.5959
2.682928, 1.503857, 0.2301501, 349.3202, 150.505
2.682928, 1.353857, 0.2301501, 349.3202, 162.3625
2.659931, 1.353857, 0.448945, 344.4903, 161.5959
2.659931, 1.503857, 0.448945, 344.4903, 150.0706
2.881832, 1.503857, 0.2510558, 364.7001, 150.4625
2.881832, 1.353857, 0.2510558, 364.7001, 162.2874
2.682928, 1.353857, 0.2301501, 349.3202, 162.3625
2.682928, 1.503857, 0.2301501, 349.3202, 150.505
box_3_Hareli(Clone) stack 81 Shelf_1 Rack_0_1_0
2.864988, 1.653857, 0.2349175, 363.6343, 138.6453
2.665262, 1.653857, 0.2453847, 347.7075, 138.6403
2.676776, 1.653857, 0.4650832, 345.5664, 138.5381
2.876502, 1.653857, 0.454616, 361.0425, 138.5428
2.676776, 1.653857, 0.4650832, 345.5664, 138.5381
2.676776, 1.503857, 0.4650832, 345.5664, 150.0396
2.876502, 1.503857, 0.4546161, 361.0425, 150.0597
2.876502, 1.653857, 0.454616, 361.0425, 138.5428
2.876502, 1.653857, 0.454616, 361.0425, 138.5428
2.876502, 1.503857, 0.4546161, 361.0425, 150.0597
2.864988, 1.503857, 0.2349175, 363.6343, 150.4953
2.864988, 1.653857, 0.2349175, 363.6343, 138.6453
2.665262, 1.503857, 0.2453847, 347.7075, 150.474
2.864988, 1.503857, 0.2349175, 363.6343, 150.4953
2.876502, 1.503857, 0.4546161, 361.0425, 150.0597
2.676776, 1.503857, 0.4650832, 345.5664, 150.0396
2.665262, 1.653857, 0.2453847, 347.7075, 138.6403
2.665262, 1.503857, 0.2453847, 347.7075, 150.474
2.676776, 1.503857, 0.4650832, 345.5664, 150.0396
2.676776, 1.653857, 0.4650832, 345.5664, 138.5381
2.864988, 1.653857, 0.2349175, 363.6343, 138.6453
2.864988, 1.503857, 0.2349175, 363.6343, 150.4953
2.665262, 1.503857, 0.2453847, 347.7075, 150.474
2.665262, 1.653857, 0.2453847, 347.7075, 138.6403
box_3_Hareli(Clone) stack 81 Shelf_1 Rack_0_1_0
2.883542, 1.803857, 0.2530072, 364.8029, 126.8147
2.685033, 1.803857, 0.2286334, 349.5085, 126.7885
2.658221, 1.803857, 0.4469935, 344.385, 127.0181
2.856731, 1.803857, 0.4713674, 359.2689, 127.043
2.658221, 1.803857, 0.4469935, 344.385, 127.0181
2.658221, 1.653857, 0.4469935, 344.385, 138.5463
2.856731, 1.653857, 0.4713674, 359.2689, 138.5352
2.856731, 1.803857, 0.4713674, 359.2689, 127.043
2.856731, 1.803857, 0.4713674, 359.2689, 127.043
2.856731, 1.653857, 0.4713674, 359.2689, 138.5352
2.883542, 1.653857, 0.2530072, 364.8029, 138.6366
2.883542, 1.803857, 0.2530072, 364.8029, 126.8147
2.685033, 1.653857, 0.2286334, 349.5085, 138.6483
2.883542, 1.653857, 0.2530072, 364.8029, 138.6366
2.856731, 1.653857, 0.4713674, 359.2689, 138.5352
2.658221, 1.653857, 0.4469935, 344.385, 138.5463
2.685033, 1.803857, 0.2286334, 349.5085, 126.7885
2.685033, 1.653857, 0.2286334, 349.5085, 138.6483
2.658221, 1.653857, 0.4469935, 344.385, 138.5463
2.658221, 1.803857, 0.4469935, 344.385, 127.0181
2.883542, 1.803857, 0.2530072, 364.8029, 126.8147
2.883542, 1.653857, 0.2530072, 364.8029, 138.6366
2.685033, 1.653857, 0.2286334, 349.5085, 138.6483
2.685033, 1.803857, 0.2286334, 349.5085, 126.7885
box_3_Hareli(Clone) stack 81 Shelf_1 Rack_0_1_0
2.87466, 1.953857, 0.2435573, 364.2571, 114.968
2.674782, 1.953857, 0.2365774, 348.5843, 114.9496
2.667104, 1.953857, 0.4564434, 344.9406, 115.5136
2.866982, 1.953857, 0.4634233, 360.1762, 115.531
2.667104, 1.953857, 0.4564434, 344.9406, 115.5136
2.667104, 1.803857, 0.4564435, 344.9406, 127.0278
2.866982, 1.803857, 0.4634234, 360.1762, 127.0349
2.866982, 1.953857, 0.4634233, 360.1762, 115.531
2.866982, 1.953857, 0.4634233, 360.1762, 115.531
2.866982, 1.803857, 0.4634234, 360.1762, 127.0349
2.87466, 1.803857, 0.2435573, 364.2571, 126.8046
2.87466, 1.953857, 0.2435573, 364.2571, 114.968
2.674782, 1.803857, 0.2365774, 348.5843, 126.797
2.87466, 1.803857, 0.2435573, 364.2571, 126.8046
2.866982, 1.803857, 0.4634234, 360.1762, 127.0349
2.667104, 1.803857, 0.4564435, 344.9406, 127.0278
2.674782, 1.953857, 0.2365774, 348.5843, 114.9496
2.674782, 1.803857, 0.2365774, 348.5843, 126.797
2.667104, 1.803857, 0.4564435, 344.9406, 127.0278
2.667104, 1.953857, 0.4564434, 344.9406, 115.5136
2.87466, 1.953857, 0.2435573, 364.2571, 114.968
2.87466, 1.803857, 0.2435573, 364.2571, 126.8046
2.674782, 1.803857, 0.2365774, 348.5843, 126.797
2.674782, 1.953857, 0.2365774, 348.5843, 114.9496
box_1_Parle-G-GOLD(Clone) stack 83 Shelf_1 Rack_0_1_0
2.104232, 1.376249, 0.249206, 303.4152, 160.5284
1.904354, 1.376249, 0.2422261, 287.6982, 160.5518
1.897071, 1.376249, 0.4507947, 285.8651, 159.8695
2.096949, 1.376249, 0.4577746, 301.1644, 159.8473
1.897071, 1.376249, 0.4507947, 285.8651, 159.8695
1.897071, 1.203749, 0.4507947, 285.8651, 173.1204
2.096949, 1.203749, 0.4577746, 301.1644, 173.0863
2.096949, 1.376249, 0.4577746, 301.1644, 159.8473
2.096949, 1.376249, 0.4577746, 301.1644, 159.8473
2.096949, 1.203749, 0.4577746, 301.1644, 173.0863
2.104232, 1.203749, 0.249206, 303.4152, 174.1303
2.104232, 1.376249, 0.249206, 303.4152, 160.5284
1.904354, 1.203749, 0.2422261, 287.6982, 174.1662
2.104232, 1.203749, 0.249206, 303.4152, 174.1303
2.096949, 1.203749, 0.4577746, 301.1644, 173.0863
1.897071, 1.203749, 0.4507947, 285.8651, 173.1204
1.904354, 1.376249, 0.2422261, 287.6982, 160.5518
1.904354, 1.203749, 0.2422261, 287.6982, 174.1662
1.897071, 1.203749, 0.4507947, 285.8651, 173.1204
1.897071, 1.376249, 0.4507947, 285.8651, 159.8695
2.104232, 1.376249, 0.249206, 303.4152, 160.5284
2.104232, 1.203749, 0.249206, 303.4152, 174.1303
1.904354, 1.203749, 0.2422261, 287.6982, 174.1662
1.904354, 1.376249, 0.2422261, 287.6982, 160.5518
box_1_Parle-G-GOLD(Clone) stack 83 Shelf_1 Rack_0_1_0
2.112623, 1.548749, 0.2586173, 303.9977, 146.9117
1.914114, 1.548749, 0.2342434, 288.5194, 146.9499
1.88868, 1.548749, 0.4413835, 285.2751, 146.6326
2.087189, 1.548749, 0.4657574, 300.3537, 146.5964
1.88868, 1.548749, 0.4413835, 285.2751, 146.6326
1.88868, 1.376249, 0.4413835, 285.2751, 159.8995
2.087189, 1.376249, 0.4657574, 300.3537, 159.8219
2.087189, 1.548749, 0.4657574, 300.3537, 146.5964
2.087189, 1.548749, 0.4657574, 300.3537, 146.5964
2.087189, 1.376249, 0.4657574, 300.3537, 159.8219
2.112623, 1.376249, 0.2586173, 303.9977, 160.4968
2.112623, 1.548749, 0.2586173, 303.9977, 146.9117
1.914114, 1.376249, 0.2342434, 288.5194, 160.5786
2.112623, 1.376249, 0.2586173, 303.9977, 160.4968
2.087189, 1.376249, 0.4657574, 300.3537, 159.8219
1.88868, 1.376249, 0.4413835, 285.2751, 159.8995
1.914114, 1.548749, 0.2342434, 288.5194, 146.9499
1.914114, 1.376249, 0.2342434, 288.5194, 160.5786
1.88868, 1.376249, 0.4413835, 285.2751, 159.8995
1.88868, 1.548749, 0.4413835, 285.2751, 146.6326
2.112623, 1.548749, 0.2586173, 303.9977, 146.9117
2.112623, 1.376249, 0.2586173, 303.9977, 160.4968
1.914114, 1.376249, 0.2342434, 288.5194, 160.5786
1.914114, 1.548749, 0.2342434, 288.5194, 146.9499
box_1_Parle-G-GOLD(Clone) stack 83 Shelf_1 Rack_0_1_0
2.100652, 1.721249, 0.2456525, 303.1624, 133.3237
1.900652, 1.721249, 0.2456525, 287.3846, 133.3237
1.900652, 1.721249, 0.4543482, 286.1191, 133.3684
2.100652, 1.721249, 0.4543482, 301.4755, 133.3684
1.900652, 1.721249, 0.4543482, 286.1191, 133.3684
1.900652, 1.548749, 0.4543482, 286.1191, 146.6133
2.100652, 1.548749, 0.4543482, 301.4755, 146.6133
2.100652, 1.721249, 0.4543482, 301.4755, 133.3684
2.100652, 1.721249, 0.4543482, 301.4755, 133.3684
2.100652, 1.548749, 0.4543482, 301.4755, 146.6133
2.100652, 1.548749, 0.2456525, 303.1624, 146.932
2.100652, 1.721249, 0.2456525, 303.1624, 133.3237
1.900652, 1.548749, 0.2456525, 287.3846, 146.932
2.100652, 1.548749, 0.2456525, 303.1624, 146.932
2.100652, 1.548749, 0.4543482, 301.4755, 146.6133
1.900652, 1.548749, 0.4543482, 286.1191, 146.6133
1.900652, 1.721249, 0.2456525, 287.3846, 133.3237
1.900652, 1.548749, 0.2456525, 287.3846, 146.932
1.900652, 1.548749, 0.4543482, 286.1191, 146.6133
1.900652, 1.721249, 0.4543482, 286.1191, 133.3684
2.100652, 1.721249, 0.2456525, 303.1624, 133.3237
2.100652, 1.548749, 0.2456525, 303.1624, 146.932
1.900652, 1.548749, 0.2456525, 287.3846, 146.932
1.900652, 1.721249, 0.2456525, 287.3846, 133.3237
box_1_Parle-G-GOLD(Clone) stack 83 Shelf_1 Rack_0_1_0
2.096949, 1.893749, 0.2422261, 302.8986, 119.7085
1.897071, 1.893749, 0.249206, 287.0802, 119.7225
1.904354, 1.893749, 0.4577746, 286.3831, 120.1301
2.104232, 1.893749, 0.4507947, 301.7786, 120.1168
1.904354, 1.893749, 0.4577746, 286.3831, 120.1301
1.904354, 1.721249, 0.4577746, 286.3831, 133.3691
2.104232, 1.721249, 0.4507947, 301.7786, 133.3677
2.104232, 1.893749, 0.4507947, 301.7786, 120.1168
2.104232, 1.893749, 0.4507947, 301.7786, 120.1168
2.104232, 1.721249, 0.4507947, 301.7786, 133.3677
2.096949, 1.721249, 0.2422261, 302.8986, 133.3229
2.096949, 1.893749, 0.2422261, 302.8986, 119.7085
1.897071, 1.721249, 0.249206, 287.0802, 133.3244
2.096949, 1.721249, 0.2422261, 302.8986, 133.3229
2.104232, 1.721249, 0.4507947, 301.7786, 133.3677
1.904354, 1.721249, 0.4577746, 286.3831, 133.3691
1.897071, 1.893749, 0.249206, 287.0802, 119.7225
1.897071, 1.721249, 0.249206, 287.0802, 133.3244
1.904354, 1.721249, 0.4577746, 286.3831, 133.3691
1.904354, 1.893749, 0.4577746, 286.3831, 120.1301
2.096949, 1.893749, 0.2422261, 302.8986, 119.7085
2.096949, 1.721249, 0.2422261, 302.8986, 133.3229
1.897071, 1.721249, 0.249206, 287.0802, 133.3244
1.897071, 1.893749, 0.249206, 287.0802, 119.7225
box_1_Parle-G-GOLD(Clone) stack 83 Shelf_1 Rack_0_1_0
2.112623, 2.066249, 0.2586173, 303.9977, 106.1563
1.914114, 2.066249, 0.2342434, 288.5194, 106.0637
1.88868, 2.066249, 0.4413835, 285.2751, 106.832
2.087189, 2.066249, 0.4657574, 300.3537, 106.9197
1.88868, 2.066249, 0.4413835, 285.2751, 106.832
1.88868, 1.893749, 0.4413835, 285.2751, 120.0988
2.087189, 1.893749, 0.4657574, 300.3537, 120.1452
2.087189, 2.066249, 0.4657574, 300.3537, 106.9197
2.087189, 2.066249, 0.4657574, 300.3537, 106.9197
2.087189, 1.893749, 0.4657574, 300.3537, 120.1452
2.112623, 1.893749, 0.2586173, 303.9977, 119.7414
2.112623, 2.066249, 0.2586173, 303.9977, 106.1563
1.914114, 1.893749, 0.2342434, 288.5194, 119.6924
2.112623, 1.893749, 0.2586173, 303.9977, 119.7414
2.087189, 1.893749, 0.4657574, 300.3537, 120.1452
1.88868, 1.893749, 0.4413835, 285.2751, 120.0988
1.914114, 2.066249, 0.2342434, 288.5194, 106.0637
1.914114, 1.893749, 0.2342434, 288.5194, 119.6924
1.88868, 1.893749, 0.4413835, 285.2751, 120.0988
1.88868, 2.066249, 0.4413835, 285.2751, 106.832
2.112623, 2.066249, 0.2586173, 303.9977, 106.1563
2.112623, 1.893749, 0.2586173, 303.9977, 119.7414
1.914114, 1.893749, 0.2342434, 288.5194, 119.6924
1.914114, 2.066249, 0.2342434, 288.5194, 106.0637
box_6_melody(Clone) stack 84 Shelf_1 Rack_0_1_0
1.720952, 1.391943, 0.2430817, 273.2196, 159.3105
1.522443, 1.391943, 0.2187079, 257.6106, 159.3886
1.493194, 1.391943, 0.456919, 254.8289, 158.6454
1.691703, 1.391943, 0.4812929, 269.9724, 158.5719
1.493194, 1.391943, 0.456919, 254.8289, 158.6454
1.493194, 1.204443, 0.456919, 254.8289, 173.0373
1.691703, 1.204443, 0.4812929, 269.9724, 172.919
1.691703, 1.391943, 0.4812929, 269.9724, 158.5719
1.691703, 1.391943, 0.4812929, 269.9724, 158.5719
1.691703, 1.204443, 0.4812929, 269.9724, 172.919
1.720952, 1.204443, 0.2430817, 273.2196, 174.1071
1.720952, 1.391943, 0.2430817, 273.2196, 159.3105
1.522443, 1.204443, 0.2187079, 257.6106, 174.2328
1.720952, 1.204443, 0.2430817, 273.2196, 174.1071
1.691703, 1.204443, 0.4812929, 269.9724, 172.919
1.493194, 1.204443, 0.456919, 254.8289, 173.0373
1.522443, 1.391943, 0.2187079, 257.6106, 159.3886
1.522443, 1.204443, 0.2187079, 257.6106, 174.2328
1.493194, 1.204443, 0.456919, 254.8289, 173.0373
1.493194, 1.391943, 0.456919, 254.8289, 158.6454
1.720952, 1.391943, 0.2430817, 273.2196, 159.3105
1.720952, 1.204443, 0.2430817, 273.2196, 174.1071
1.522443, 1.204443, 0.2187079, 257.6106, 174.2328
1.522443, 1.391943, 0.2187079, 257.6106, 159.3886
box_6_melody(Clone) stack 84 Shelf_1 Rack_0_1_0
1.702824, 1.579443, 0.2265834, 271.8582, 144.5345
1.502946, 1.579443, 0.2335633, 256.0356, 144.5257
1.511322, 1.579443, 0.4734173, 256.1862, 144.2341
1.7112, 1.579443, 0.4664374, 271.5239, 144.2423
1.511322, 1.579443, 0.4734173, 256.1862, 144.2341
1.511322, 1.391943, 0.4734173, 256.1862, 158.5956
1.7112, 1.391943, 0.4664374, 271.5239, 158.6166
1.7112, 1.579443, 0.4664374, 271.5239, 144.2423
1.7112, 1.579443, 0.4664374, 271.5239, 144.2423
1.7112, 1.391943, 0.4664374, 271.5239, 158.6166
1.702824, 1.391943, 0.2265835, 271.8582, 159.3633
1.702824, 1.579443, 0.2265834, 271.8582, 144.5345
1.502946, 1.391943, 0.2335634, 256.0356, 159.3409
1.702824, 1.391943, 0.2265835, 271.8582, 159.3633
1.7112, 1.391943, 0.4664374, 271.5239, 158.6166
1.511322, 1.391943, 0.4734173, 256.1862, 158.5956
1.502946, 1.579443, 0.2335633, 256.0356, 144.5257
1.502946, 1.391943, 0.2335634, 256.0356, 159.3409
1.511322, 1.391943, 0.4734173, 256.1862, 158.5956
1.511322, 1.579443, 0.4734173, 256.1862, 144.2341
1.702824, 1.579443, 0.2265834, 271.8582, 144.5345
1.702824, 1.391943, 0.2265835, 271.8582, 159.3633
1.502946, 1.391943, 0.2335634, 256.0356, 159.3409
1.502946, 1.579443, 0.2335633, 256.0356, 144.5257
box_6_melody(Clone) stack 84 Shelf_1 Rack_0_1_0
1.698459, 1.766943, 0.223317, 271.5265, 129.7034
1.498946, 1.766943, 0.2372683, 255.7119, 129.7131
1.515687, 1.766943, 0.4766837, 256.5137, 129.8746
1.7152, 1.766943, 0.4627324, 271.8457, 129.8655
1.515687, 1.766943, 0.4766837, 256.5137, 129.8746
1.515687, 1.579443, 0.4766838, 256.5137, 144.2302
1.7152, 1.579443, 0.4627325, 271.8457, 144.2467
1.7152, 1.766943, 0.4627324, 271.8457, 129.8655
1.7152, 1.766943, 0.4627324, 271.8457, 129.8655
1.7152, 1.579443, 0.4627325, 271.8457, 144.2467
1.698459, 1.579443, 0.223317, 271.5265, 144.5386
1.698459, 1.766943, 0.223317, 271.5265, 129.7034
1.498946, 1.579443, 0.2372683, 255.7119, 144.5211
1.698459, 1.579443, 0.223317, 271.5265, 144.5386
1.7152, 1.579443, 0.4627325, 271.8457, 144.2467
1.515687, 1.579443, 0.4766838, 256.5137, 144.2302
1.498946, 1.766943, 0.2372683, 255.7119, 129.7131
1.498946, 1.579443, 0.2372683, 255.7119, 144.5211
1.515687, 1.579443, 0.4766838, 256.5137, 144.2302
1.515687, 1.766943, 0.4766837, 256.5137, 129.8746
1.698459, 1.766943, 0.223317, 271.5265, 129.7034
1.698459, 1.579443, 0.223317, 271.5265, 144.5386
1.498946, 1.579443, 0.2372683, 255.7119, 144.5211
1.498946, 1.766943, 0.2372683, 255.7119, 129.7131
box_6_melody(Clone) stack 84 Shelf_1 Rack_0_1_0
1.7152, 1.954443, 0.2372683, 272.7908, 114.9052
1.515687, 1.954443, 0.223317, 257.0654, 114.8682
1.498946, 1.954443, 0.4627324, 255.2591, 115.4843
1.698459, 1.954443, 0.4766837, 270.5072, 115.5191
1.498946, 1.954443, 0.4627324, 255.2591, 115.4843
1.498946, 1.766943, 0.4627325, 255.2591, 129.8655
1.698459, 1.766943, 0.4766838, 270.5072, 129.8746
1.698459, 1.954443, 0.4766837, 270.5072, 115.5191
1.698459, 1.954443, 0.4766837, 270.5072, 115.5191
1.698459, 1.766943, 0.4766838, 270.5072, 129.8746
1.7152, 1.766943, 0.2372683, 272.7908, 129.7131
1.7152, 1.954443, 0.2372683, 272.7908, 114.9052
1.515687, 1.766943, 0.223317, 257.0654, 129.7034
1.7152, 1.766943, 0.2372683, 272.7908, 129.7131
1.698459, 1.766943, 0.4766838, 270.5072, 129.8746
1.498946, 1.766943, 0.4627325, 255.2591, 129.8655
1.515687, 1.954443, 0.223317, 257.0654, 114.8682
1.515687, 1.766943, 0.223317, 257.0654, 129.7034
1.498946, 1.766943, 0.4627325, 255.2591, 129.8655
1.498946, 1.954443, 0.4627324, 255.2591, 115.4843
1.7152, 1.954443, 0.2372683, 272.7908, 114.9052
1.7152, 1.766943, 0.2372683, 272.7908, 129.7131
1.515687, 1.766943, 0.223317, 257.0654, 129.7034
1.515687, 1.954443, 0.223317, 257.0654, 114.8682
box4_Fairever(Clone) stack 85 Shelf_1 Rack_0_1_0
1.308248, 1.369311, 0.226747, 240.6523, 161.1526
1.108523, 1.369311, 0.2372142, 224.8778, 161.1166
1.120893, 1.369311, 0.4732538, 226.281, 160.3296
1.320619, 1.369311, 0.4627866, 241.5815, 160.3635
1.120893, 1.369311, 0.4732538, 226.281, 160.3296
1.120893, 1.204311, 0.4732538, 226.281, 172.968
1.320619, 1.204311, 0.4627866, 241.5815, 173.0188
1.320619, 1.369311, 0.4627866, 241.5815, 160.3635
1.320619, 1.369311, 0.4627866, 241.5815, 160.3635
1.320619, 1.204311, 0.4627866, 241.5815, 173.0188
1.308248, 1.204311, 0.226747, 240.6523, 174.2017
1.308248, 1.369311, 0.226747, 240.6523, 161.1526
1.108523, 1.204311, 0.2372142, 224.8778, 174.1477
1.308248, 1.204311, 0.226747, 240.6523, 174.2017
1.320619, 1.204311, 0.4627866, 241.5815, 173.0188
1.120893, 1.204311, 0.4732538, 226.281, 172.968
1.108523, 1.369311, 0.2372142, 224.8778, 161.1166
1.108523, 1.204311, 0.2372142, 224.8778, 174.1477
1.120893, 1.204311, 0.4732538, 226.281, 172.968
1.120893, 1.369311, 0.4732538, 226.281, 160.3296
1.308248, 1.369311, 0.226747, 240.6523, 161.1526
1.308248, 1.204311, 0.226747, 240.6523, 174.2017
1.108523, 1.204311, 0.2372142, 224.8778, 174.1477
1.108523, 1.369311, 0.2372142, 224.8778, 161.1166
box4_Fairever(Clone) stack 85 Shelf_1 Rack_0_1_0
1.320619, 1.534311, 0.2372142, 241.6284, 148.0855
1.120893, 1.534311, 0.226747, 225.8353, 148.1035
1.108523, 1.534311, 0.4627866, 225.3139, 147.7082
1.308248, 1.534311, 0.4732538, 240.6318, 147.6912
1.108523, 1.534311, 0.4627866, 225.3139, 147.7082
1.108523, 1.369311, 0.4627866, 225.3139, 160.3635
1.308248, 1.369311, 0.4732538, 240.6318, 160.3296
1.308248, 1.534311, 0.4732538, 240.6318, 147.6912
1.308248, 1.534311, 0.4732538, 240.6318, 147.6912
1.308248, 1.369311, 0.4732538, 240.6318, 160.3296
1.320619, 1.369311, 0.2372142, 241.6284, 161.1166
1.320619, 1.534311, 0.2372142, 241.6284, 148.0855
1.120893, 1.369311, 0.226747, 225.8353, 161.1526
1.320619, 1.369311, 0.2372142, 241.6284, 161.1166
1.308248, 1.369311, 0.4732538, 240.6318, 160.3296
1.108523, 1.369311, 0.4627866, 225.3139, 160.3635
1.120893, 1.534311, 0.226747, 225.8353, 148.1035
1.120893, 1.369311, 0.226747, 225.8353, 161.1526
1.108523, 1.369311, 0.4627866, 225.3139, 160.3635
1.108523, 1.534311, 0.4627866, 225.3139, 147.7082
1.320619, 1.534311, 0.2372142, 241.6284, 148.0855
1.320619, 1.369311, 0.2372142, 241.6284, 161.1166
1.120893, 1.369311, 0.226747, 225.8353, 161.1526
1.120893, 1.534311, 0.226747, 225.8353, 148.1035
box4_Fairever(Clone) stack 85 Shelf_1 Rack_0_1_0
1.32449, 1.699311, 0.2409839, 241.9332, 135.0544
1.125251, 1.699311, 0.2235528, 226.1741, 135.0545
1.104651, 1.699311, 0.4590169, 225.0097, 135.0529
1.30389, 1.699311, 0.476448, 240.2978, 135.0527
1.104651, 1.699311, 0.4590169, 225.0097, 135.0529
1.104651, 1.534311, 0.4590169, 225.0097, 147.7143
1.30389, 1.534311, 0.476448, 240.2978, 147.686
1.30389, 1.699311, 0.476448, 240.2978, 135.0527
1.30389, 1.699311, 0.476448, 240.2978, 135.0527
1.30389, 1.534311, 0.476448, 240.2978, 147.686
1.32449, 1.534311, 0.2409839, 241.9332, 148.079
1.32449, 1.699311, 0.2409839, 241.9332, 135.0544
1.125251, 1.534311, 0.2235527, 226.1741, 148.109
1.32449, 1.534311, 0.2409839, 241.9332, 148.079
1.30389, 1.534311, 0.476448, 240.2978, 147.686
1.104651, 1.534311, 0.4590169, 225.0097, 147.7143
1.125251, 1.699311, 0.2235528, 226.1741, 135.0545
1.125251, 1.534311, 0.2235527, 226.1741, 148.109
1.104651, 1.534311, 0.4590169, 225.0097, 147.7143
1.104651, 1.699311, 0.4590169, 225.0097, 135.0529
1.32449, 1.699311, 0.2409839, 241.9332, 135.0544
1.32449, 1.534311, 0.2409839, 241.9332, 148.079
1.125251, 1.534311, 0.2235527, 226.1741, 148.109
1.125251, 1.699311, 0.2235528, 226.1741, 135.0545
box4_Fairever(Clone) stack 85 Shelf_1 Rack_0_1_0
1.316618, 1.864311, 0.2335818, 241.3131, 122.0171
1.116648, 1.864311, 0.2300913, 225.506, 122.0111
1.112523, 1.864311, 0.4664189, 225.6274, 122.4034
1.312493, 1.864311, 0.4699094, 240.9573, 122.409
1.112523, 1.864311, 0.4664189, 225.6274, 122.4034
1.112523, 1.699311, 0.4664189, 225.6274, 135.0528
1.312493, 1.699311, 0.4699094, 240.9573, 135.0528
1.312493, 1.864311, 0.4699094, 240.9573, 122.409
1.312493, 1.864311, 0.4699094, 240.9573, 122.409
1.312493, 1.699311, 0.4699094, 240.9573, 135.0528
1.316618, 1.699311, 0.2335818, 241.3131, 135.0544
1.316618, 1.864311, 0.2335818, 241.3131, 122.0171
1.116648, 1.699311, 0.2300914, 225.506, 135.0545
1.316618, 1.699311, 0.2335818, 241.3131, 135.0544
1.312493, 1.699311, 0.4699094, 240.9573, 135.0528
1.112523, 1.699311, 0.4664189, 225.6274, 135.0528
1.116648, 1.864311, 0.2300913, 225.506, 122.0111
1.116648, 1.699311, 0.2300914, 225.506, 135.0545
1.112523, 1.699311, 0.4664189, 225.6274, 135.0528
1.112523, 1.864311, 0.4664189, 225.6274, 122.4034
1.316618, 1.864311, 0.2335818, 241.3131, 122.0171
1.316618, 1.699311, 0.2335818, 241.3131, 135.0544
1.116648, 1.699311, 0.2300914, 225.506, 135.0545
1.116648, 1.864311, 0.2300913, 225.506, 122.0111
box_7_litchi(Clone) stack 86 Shelf_2 Rack_0_1_0
1.353975, 2.599012, 0.2535512, 244.2537, 64.15167
1.154097, 2.599012, 0.2465713, 228.4913, 64.08665
1.147117, 2.599012, 0.4464495, 228.2495, 65.90234
1.346995, 2.599012, 0.4534294, 243.6088, 65.96407
1.147117, 2.599012, 0.4464495, 228.2495, 65.90234
1.147117, 2.389012, 0.4464495, 228.2495, 82.04285
1.346995, 2.389012, 0.4534294, 243.6088, 82.09015
1.346995, 2.599012, 0.4534294, 243.6088, 65.96407
1.346995, 2.599012, 0.4534294, 243.6088, 65.96407
1.346995, 2.389012, 0.4534294, 243.6088, 82.09015
1.353975, 2.389012, 0.2535512, 244.2537, 80.70111
1.353975, 2.599012, 0.2535512, 244.2537, 64.15167
1.154097, 2.389012, 0.2465713, 228.4913, 80.65128
1.353975, 2.389012, 0.2535512, 244.2537, 80.70111
1.346995, 2.389012, 0.4534294, 243.6088, 82.09015
1.147117, 2.389012, 0.4464495, 228.2495, 82.04285
1.154097, 2.599012, 0.2465713, 228.4913, 64.08665
1.154097, 2.389012, 0.2465713, 228.4913, 80.65128
1.147117, 2.389012, 0.4464495, 228.2495, 82.04285
1.147117, 2.599012, 0.4464495, 228.2495, 65.90234
1.353975, 2.599012, 0.2535512, 244.2537, 64.15167
1.353975, 2.389012, 0.2535512, 244.2537, 80.70111
1.154097, 2.389012, 0.2465713, 228.4913, 80.65128
1.154097, 2.599012, 0.2465713, 228.4913, 64.08665
box_7_litchi(Clone) stack 86 Shelf_2 Rack_0_1_0
1.355643, 2.809012, 0.255371, 244.384, 47.62312
1.155917, 2.809012, 0.2449038, 228.6324, 47.50285
1.14545, 2.809012, 0.4446297, 228.1186, 49.74196
1.345176, 2.809012, 0.4550969, 243.4684, 49.85616
1.14545, 2.809012, 0.4446297, 228.1186, 49.74196
1.14545, 2.599012, 0.4446297, 228.1186, 65.88623
1.345176, 2.599012, 0.4550969, 243.4684, 65.97881
1.345176, 2.809012, 0.4550969, 243.4684, 49.85616
1.345176, 2.809012, 0.4550969, 243.4684, 49.85616
1.345176, 2.599012, 0.4550969, 243.4684, 65.97881
1.355643, 2.599012, 0.255371, 244.384, 64.16859
1.355643, 2.809012, 0.255371, 244.384, 47.62312
1.155917, 2.599012, 0.2449038, 228.6324, 64.07111
1.355643, 2.599012, 0.255371, 244.384, 64.16859
1.345176, 2.599012, 0.4550969, 243.4684, 65.97881
1.14545, 2.599012, 0.4446297, 228.1186, 65.88623
1.155917, 2.809012, 0.2449038, 228.6324, 47.50285
1.155917, 2.599012, 0.2449038, 228.6324, 64.07111
1.14545, 2.599012, 0.4446297, 228.1186, 65.88623
1.14545, 2.809012, 0.4446297, 228.1186, 49.74196
1.355643, 2.809012, 0.255371, 244.384, 47.62312
1.355643, 2.599012, 0.255371, 244.384, 64.16859
1.155917, 2.599012, 0.2449038, 228.6324, 64.07111
1.155917, 2.809012, 0.2449038, 228.6324, 47.50285
box_7_litchi(Clone) stack 86 Shelf_2 Rack_0_1_0
1.339546, 3.019012, 0.2400953, 243.122, 30.86876
1.140641, 3.019012, 0.2610011, 227.4537, 31.15442
1.161547, 3.019012, 0.4599054, 229.3769, 33.79579
1.360451, 3.019012, 0.4389997, 244.6507, 33.52451
1.161547, 3.019012, 0.4599054, 229.3769, 33.79579
1.161547, 2.809012, 0.4599054, 229.3769, 49.90851
1.360451, 2.809012, 0.4389997, 244.6507, 49.68042
1.360451, 3.019012, 0.4389997, 244.6507, 33.52451
1.360451, 3.019012, 0.4389997, 244.6507, 33.52451
1.360451, 2.809012, 0.4389997, 244.6507, 49.68042
1.339546, 2.809012, 0.2400953, 243.122, 47.44748
1.339546, 3.019012, 0.2400953, 243.122, 30.86876
1.140641, 2.809012, 0.2610011, 227.4537, 47.68767
1.339546, 2.809012, 0.2400953, 243.122, 47.44748
1.360451, 2.809012, 0.4389997, 244.6507, 49.68042
1.161547, 2.809012, 0.4599054, 229.3769, 49.90851
1.140641, 3.019012, 0.2610011, 227.4537, 31.15442
1.140641, 2.809012, 0.2610011, 227.4537, 47.68767
1.161547, 2.809012, 0.4599054, 229.3769, 49.90851
1.161547, 3.019012, 0.4599054, 229.3769, 33.79579
1.339546, 3.019012, 0.2400953, 243.122, 30.86876
1.339546, 2.809012, 0.2400953, 243.122, 47.44748
1.140641, 2.809012, 0.2610011, 227.4537, 47.68767
1.140641, 3.019012, 0.2610011, 227.4537, 31.15442
box_7_litchi(Clone) stack 86 Shelf_2 Rack_0_1_0
1.339546, 3.229012, 0.2400953, 243.122, 14.29001
1.140641, 3.229012, 0.2610011, 227.4537, 14.62114
1.161547, 3.229012, 0.4599054, 229.3769, 17.68304
1.360451, 3.229012, 0.4389997, 244.6507, 17.36856
1.161547, 3.229012, 0.4599054, 229.3769, 17.68304
1.161547, 3.019012, 0.4599054, 229.3769, 33.79579
1.360451, 3.019012, 0.4389997, 244.6507, 33.52451
1.360451, 3.229012, 0.4389997, 244.6507, 17.36856
1.360451, 3.229012, 0.4389997, 244.6507, 17.36856
1.360451, 3.019012, 0.4389997, 244.6507, 33.52451
1.339546, 3.019012, 0.2400953, 243.122, 30.86876
1.339546, 3.229012, 0.2400953, 243.122, 14.29001
1.140641, 3.019012, 0.2610011, 227.4537, 31.15442
1.339546, 3.019012, 0.2400953, 243.122, 30.86876
1.360451, 3.019012, 0.4389997, 244.6507, 33.52451
1.161547, 3.019012, 0.4599054, 229.3769, 33.79579
1.140641, 3.229012, 0.2610011, 227.4537, 14.62114
1.140641, 3.019012, 0.2610011, 227.4537, 31.15442
1.161547, 3.019012, 0.4599054, 229.3769, 33.79579
1.161547, 3.229012, 0.4599054, 229.3769, 17.68304
1.339546, 3.229012, 0.2400953, 243.122, 14.29001
1.339546, 3.019012, 0.2400953, 243.122, 30.86876
1.140641, 3.019012, 0.2610011, 227.4537, 31.15442
1.140641, 3.229012, 0.2610011, 227.4537, 14.62114
box_1_Parle-G-GOLD(Clone) stack 87 Shelf_2 Rack_0_1_0
1.74073, 2.560843, 0.2528824, 274.7356, 67.15372
1.541217, 2.560843, 0.2389311, 259.0462, 67.02914
1.526659, 2.560843, 0.4471184, 257.4195, 68.84169
1.726172, 2.560843, 0.4610697, 272.6942, 68.9597
1.526659, 2.560843, 0.4471184, 257.4195, 68.84169
1.526659, 2.388343, 0.4471184, 257.4195, 82.09882
1.726172, 2.388343, 0.4610697, 272.6942, 82.19319
1.726172, 2.560843, 0.4610697, 272.6942, 68.9597
1.726172, 2.560843, 0.4610697, 272.6942, 68.9597
1.726172, 2.388343, 0.4610697, 272.6942, 82.19319
1.74073, 2.388343, 0.2528824, 274.7356, 80.7491
1.74073, 2.560843, 0.2528824, 274.7356, 67.15372
1.541217, 2.388343, 0.2389311, 259.0462, 80.64948
1.74073, 2.388343, 0.2528824, 274.7356, 80.7491
1.726172, 2.388343, 0.4610697, 272.6942, 82.19319
1.526659, 2.388343, 0.4471184, 257.4195, 82.09882
1.541217, 2.560843, 0.2389311, 259.0462, 67.02914
1.541217, 2.388343, 0.2389311, 259.0462, 80.64948
1.526659, 2.388343, 0.4471184, 257.4195, 82.09882
1.526659, 2.560843, 0.4471184, 257.4195, 68.84169
1.74073, 2.560843, 0.2528824, 274.7356, 67.15372
1.74073, 2.388343, 0.2528824, 274.7356, 80.7491
1.541217, 2.388343, 0.2389311, 259.0462, 80.64948
1.541217, 2.560843, 0.2389311, 259.0462, 67.02914
box_1_Parle-G-GOLD(Clone) stack 87 Shelf_2 Rack_0_1_0
1.742409, 2.733343, 0.2547652, 274.8593, 53.57848
1.54317, 2.733343, 0.2373341, 259.2043, 53.39168
1.524981, 2.733343, 0.4452356, 257.2946, 55.5654
1.72422, 2.733343, 0.4626667, 272.5378, 55.7424
1.524981, 2.733343, 0.4452356, 257.2946, 55.5654
1.524981, 2.560843, 0.4452356, 257.2946, 68.82573
1.72422, 2.560843, 0.4626667, 272.5378, 68.97318
1.72422, 2.733343, 0.4626667, 272.5378, 55.7424
1.72422, 2.733343, 0.4626667, 272.5378, 55.7424
1.72422, 2.560843, 0.4626667, 272.5378, 68.97318
1.742409, 2.560843, 0.2547652, 274.8593, 67.17049
1.742409, 2.733343, 0.2547652, 274.8593, 53.57848
1.54317, 2.560843, 0.237334, 259.2043, 67.01486
1.742409, 2.560843, 0.2547652, 274.8593, 67.17049
1.72422, 2.560843, 0.4626667, 272.5378, 68.97318
1.524981, 2.560843, 0.4452356, 257.2946, 68.82573
1.54317, 2.733343, 0.2373341, 259.2043, 53.39168
1.54317, 2.560843, 0.237334, 259.2043, 67.01486
1.524981, 2.560843, 0.4452356, 257.2946, 68.82573
1.524981, 2.733343, 0.4452356, 257.2946, 55.5654
1.742409, 2.733343, 0.2547652, 274.8593, 53.57848
1.742409, 2.560843, 0.2547652, 274.8593, 67.17049
1.54317, 2.560843, 0.237334, 259.2043, 67.01486
1.54317, 2.733343, 0.2373341, 259.2043, 53.39168
box_3_Hareli(Clone) stack 88 Shelf_2 Rack_0_1_0
2.109324, 2.538451, 0.2332926, 303.9504, 68.74805
1.909811, 2.538451, 0.2472439, 288.0972, 68.86955
1.925158, 2.538451, 0.4667081, 287.925, 70.72386
2.12467, 2.538451, 0.4527568, 303.3326, 70.60909
1.925158, 2.538451, 0.4667081, 287.925, 70.72386
1.925158, 2.388451, 0.4667081, 287.925, 82.22295
2.12467, 2.388451, 0.4527568, 303.3326, 82.12871
2.12467, 2.538451, 0.4527568, 303.3326, 70.60909
2.12467, 2.538451, 0.4527568, 303.3326, 70.60909
2.12467, 2.388451, 0.4527568, 303.3326, 82.12871
2.109324, 2.388451, 0.2332927, 303.9504, 80.60062
2.109324, 2.538451, 0.2332926, 303.9504, 68.74805
1.909811, 2.388451, 0.247244, 288.0972, 80.70038
2.109324, 2.388451, 0.2332927, 303.9504, 80.60062
2.12467, 2.388451, 0.4527568, 303.3326, 82.12871
1.925158, 2.388451, 0.4667081, 287.925, 82.22295
1.909811, 2.538451, 0.2472439, 288.0972, 68.86955
1.909811, 2.388451, 0.247244, 288.0972, 80.70038
1.925158, 2.388451, 0.4667081, 287.925, 82.22295
1.925158, 2.538451, 0.4667081, 287.925, 70.72386
2.109324, 2.538451, 0.2332926, 303.9504, 68.74805
2.109324, 2.388451, 0.2332927, 303.9504, 80.60062
1.909811, 2.388451, 0.247244, 288.0972, 80.70038
1.909811, 2.538451, 0.2472439, 288.0972, 68.86955
box_3_Hareli(Clone) stack 88 Shelf_2 Rack_0_1_0
2.115306, 2.688451, 0.2382718, 304.3809, 56.94664
1.915336, 2.688451, 0.2417623, 288.5679, 56.98248
1.919176, 2.688451, 0.4617289, 287.4966, 59.17654
2.119145, 2.688451, 0.4582384, 302.8642, 59.14267
1.919176, 2.688451, 0.4617289, 287.4966, 59.17654
1.919176, 2.538451, 0.4617289, 287.4966, 70.68292
2.119145, 2.538451, 0.4582384, 302.8642, 70.65422
2.119145, 2.688451, 0.4582384, 302.8642, 59.14267
2.119145, 2.688451, 0.4582384, 302.8642, 59.14267
2.119145, 2.538451, 0.4582384, 302.8642, 70.65422
2.115306, 2.538451, 0.2382719, 304.3809, 68.79146
2.115306, 2.688451, 0.2382718, 304.3809, 56.94664
1.915336, 2.538451, 0.2417624, 288.5679, 68.82185
2.115306, 2.538451, 0.2382719, 304.3809, 68.79146
2.119145, 2.538451, 0.4582384, 302.8642, 70.65422
1.919176, 2.538451, 0.4617289, 287.4966, 70.68292
1.915336, 2.688451, 0.2417623, 288.5679, 56.98248
1.915336, 2.538451, 0.2417624, 288.5679, 68.82185
1.919176, 2.538451, 0.4617289, 287.4966, 70.68292
1.919176, 2.688451, 0.4617289, 287.4966, 59.17654
2.115306, 2.688451, 0.2382718, 304.3809, 56.94664
2.115306, 2.538451, 0.2382719, 304.3809, 68.79146
1.915336, 2.538451, 0.2417624, 288.5679, 68.82185
1.915336, 2.688451, 0.2417623, 288.5679, 56.98248
box_3_Hareli(Clone) stack 88 Shelf_2 Rack_0_1_0
2.107273, 2.838451, 0.2317034, 303.8018, 45.02405
1.908034, 2.838451, 0.2491345, 287.9451, 45.23019
1.927208, 2.838451, 0.4682974, 288.0724, 47.74339
2.126447, 2.838451, 0.4508663, 303.4844, 47.54866
1.927208, 2.838451, 0.4682974, 288.0724, 47.74339
1.927208, 2.688451, 0.4682974, 288.0724, 59.24014
2.126447, 2.688451, 0.4508663, 303.4844, 59.07108
2.126447, 2.838451, 0.4508663, 303.4844, 47.54866
2.126447, 2.838451, 0.4508663, 303.4844, 47.54866
2.126447, 2.688451, 0.4508663, 303.4844, 59.07108
2.107273, 2.688451, 0.2317034, 303.8018, 56.87909
2.107273, 2.838451, 0.2317034, 303.8018, 45.02405
1.908034, 2.688451, 0.2491345, 287.9451, 57.05807
2.107273, 2.688451, 0.2317034, 303.8018, 56.87909
2.126447, 2.688451, 0.4508663, 303.4844, 59.07108
1.927208, 2.688451, 0.4682974, 288.0724, 59.24014
1.908034, 2.838451, 0.2491345, 287.9451, 45.23019
1.908034, 2.688451, 0.2491345, 287.9451, 57.05807
1.927208, 2.688451, 0.4682974, 288.0724, 59.24014
1.927208, 2.838451, 0.4682974, 288.0724, 47.74339
2.107273, 2.838451, 0.2317034, 303.8018, 45.02405
2.107273, 2.688451, 0.2317034, 303.8018, 56.87909
1.908034, 2.688451, 0.2491345, 287.9451, 57.05807
1.908034, 2.838451, 0.2491345, 287.9451, 45.23019
box_3_Hareli(Clone) stack 88 Shelf_2 Rack_0_1_0
2.121019, 2.988451, 0.2435573, 304.787, 33.32776
1.921141, 2.988451, 0.2365774, 289.0595, 33.23434
1.913463, 2.988451, 0.4564434, 287.0902, 36.09686
2.113341, 2.988451, 0.4634233, 302.3774, 36.1851
1.913463, 2.988451, 0.4564434, 287.0902, 36.09686
1.913463, 2.838451, 0.4564435, 287.0902, 47.61104
2.113341, 2.838451, 0.4634234, 302.3774, 47.68901
2.113341, 2.988451, 0.4634233, 302.3774, 36.1851
2.113341, 2.988451, 0.4634233, 302.3774, 36.1851
2.113341, 2.838451, 0.4634234, 302.3774, 47.68901
2.121019, 2.838451, 0.2435573, 304.787, 45.16434
2.121019, 2.988451, 0.2435573, 304.787, 33.32776
1.921141, 2.838451, 0.2365774, 289.0595, 45.08177
2.121019, 2.838451, 0.2435573, 304.787, 45.16434
2.113341, 2.838451, 0.4634234, 302.3774, 47.68901
1.913463, 2.838451, 0.4564435, 287.0902, 47.61104
1.921141, 2.988451, 0.2365774, 289.0595, 33.23434
1.921141, 2.838451, 0.2365774, 289.0595, 45.08177
1.913463, 2.838451, 0.4564435, 287.0902, 47.61104
1.913463, 2.988451, 0.4564434, 287.0902, 36.09686
2.121019, 2.988451, 0.2435573, 304.787, 33.32776
2.121019, 2.838451, 0.2435573, 304.787, 45.16434
1.921141, 2.838451, 0.2365774, 289.0595, 45.08177
1.921141, 2.988451, 0.2365774, 289.0595, 33.23434
box_8_lizol(Clone) stack 89 Shelf_2 Rack_0_1_0
2.487803, 2.565368, 0.2215317, 334.0023, 66.51503
2.288077, 2.565368, 0.2319989, 318.0883, 66.60945
2.300994, 2.565368, 0.4784691, 316.6216, 68.75989
2.50072, 2.565368, 0.4680019, 332.0327, 68.67131
2.300994, 2.565368, 0.4784691, 316.6216, 68.75989
2.300994, 2.389118, 0.4784691, 316.6216, 82.25104
2.50072, 2.389118, 0.4680019, 332.0327, 82.18053
2.50072, 2.565368, 0.4680019, 332.0327, 68.67131
2.50072, 2.565368, 0.4680019, 332.0327, 68.67131
2.50072, 2.389118, 0.4680019, 332.0327, 82.18053
2.487803, 2.389118, 0.2215317, 334.0023, 80.46341
2.487803, 2.565368, 0.2215317, 334.0023, 66.51503
2.288077, 2.389118, 0.2319989, 318.0883, 80.53859
2.487803, 2.389118, 0.2215317, 334.0023, 80.46341
2.50072, 2.389118, 0.4680019, 332.0327, 82.18053
2.300994, 2.389118, 0.4784691, 316.6216, 82.25104
2.288077, 2.565368, 0.2319989, 318.0883, 66.60945
2.288077, 2.389118, 0.2319989, 318.0883, 80.53859
2.300994, 2.389118, 0.4784691, 316.6216, 82.25104
2.300994, 2.565368, 0.4784691, 316.6216, 68.75989
2.487803, 2.565368, 0.2215317, 334.0023, 66.51503
2.487803, 2.389118, 0.2215317, 334.0023, 80.46341
2.288077, 2.389118, 0.2319989, 318.0883, 80.53859
2.288077, 2.565368, 0.2319989, 318.0883, 66.60945
box_2_Parle-G(Clone) stack 90 Shelf_0 Rack_0_1_1
-0.7993499, 0.2744219, 0.2931767, 75.41348, 246.7636
-0.9982544, 0.2744219, 0.272271, 59.32606, 247.0698
-1.012396, 0.2744219, 0.406824, 61.36356, 245.1283
-0.813492, 0.2744219, 0.4277297, 77.16756, 244.8326
-1.012396, 0.2744219, 0.406824, 61.36356, 245.1283
-1.012396, 0.01942196, 0.406824, 61.36356, 264.8275
-0.813492, 0.01942196, 0.4277297, 77.16756, 264.4789
-0.813492, 0.2744219, 0.4277297, 77.16756, 244.8326
-0.813492, 0.2744219, 0.4277297, 77.16756, 244.8326
-0.813492, 0.01942196, 0.4277297, 77.16756, 264.4789
-0.7993499, 0.01942196, 0.2931767, 75.41348, 266.7553
-0.7993499, 0.2744219, 0.2931767, 75.41348, 246.7636
-0.9982544, 0.01942196, 0.272271, 59.32606, 267.1162
-0.7993499, 0.01942196, 0.2931767, 75.41348, 266.7553
-0.813492, 0.01942196, 0.4277297, 77.16756, 264.4789
-1.012396, 0.01942196, 0.406824, 61.36356, 264.8275
-0.9982544, 0.2744219, 0.272271, 59.32606, 247.0698
-0.9982544, 0.01942196, 0.272271, 59.32606, 267.1162
-1.012396, 0.01942196, 0.406824, 61.36356, 264.8275
-1.012396, 0.2744219, 0.406824, 61.36356, 245.1283
-0.7993499, 0.2744219, 0.2931767, 75.41348, 246.7636
-0.7993499, 0.01942196, 0.2931767, 75.41348, 266.7553
-0.9982544, 0.01942196, 0.272271, 59.32606, 267.1162
-0.9982544, 0.2744219, 0.272271, 59.32606, 247.0698
box_2_Parle-G(Clone) stack 90 Shelf_0 Rack_0_1_1
-0.7993499, 0.5294219, 0.2931767, 75.41348, 226.7719
-0.9982544, 0.5294219, 0.272271, 59.32606, 227.0233
-1.012396, 0.5294219, 0.406824, 61.36356, 225.4291
-0.813492, 0.5294219, 0.4277297, 77.16756, 225.1863
-1.012396, 0.5294219, 0.406824, 61.36356, 225.4291
-1.012396, 0.2744219, 0.406824, 61.36356, 245.1283
-0.813492, 0.2744219, 0.4277297, 77.16756, 244.8326
-0.813492, 0.5294219, 0.4277297, 77.16756, 225.1863
-0.813492, 0.5294219, 0.4277297, 77.16756, 225.1863
-0.813492, 0.2744219, 0.4277297, 77.16756, 244.8326
-0.7993499, 0.2744219, 0.2931767, 75.41348, 246.7636
-0.7993499, 0.5294219, 0.2931767, 75.41348, 226.7719
-0.9982544, 0.2744219, 0.272271, 59.32606, 247.0698
-0.7993499, 0.2744219, 0.2931767, 75.41348, 246.7636
-0.813492, 0.2744219, 0.4277297, 77.16756, 244.8326
-1.012396, 0.2744219, 0.406824, 61.36356, 245.1283
-0.9982544, 0.5294219, 0.272271, 59.32606, 227.0233
-0.9982544, 0.2744219, 0.272271, 59.32606, 247.0698
-1.012396, 0.2744219, 0.406824, 61.36356, 245.1283
-1.012396, 0.5294219, 0.406824, 61.36356, 225.4291
-0.7993499, 0.5294219, 0.2931767, 75.41348, 226.7719
-0.7993499, 0.2744219, 0.2931767, 75.41348, 246.7636
-0.9982544, 0.2744219, 0.272271, 59.32606, 247.0698
-0.9982544, 0.5294219, 0.272271, 59.32606, 227.0233
box_2_Parle-G(Clone) stack 90 Shelf_0 Rack_0_1_1
-0.813492, 0.7844219, 0.272271, 73.85088, 206.9769
-1.012396, 0.7844219, 0.2931767, 58.71088, 206.7802
-0.9982544, 0.7844219, 0.4277297, 62.93268, 205.5401
-0.7993499, 0.7844219, 0.406824, 77.82177, 205.7299
-0.9982544, 0.7844219, 0.4277297, 62.93268, 205.5401
-0.9982544, 0.5294219, 0.4277297, 62.93268, 225.1863
-0.7993499, 0.5294219, 0.406824, 77.82177, 225.4291
-0.7993499, 0.7844219, 0.406824, 77.82177, 205.7299
-0.7993499, 0.7844219, 0.406824, 77.82177, 205.7299
-0.7993499, 0.5294219, 0.406824, 77.82177, 225.4291
-0.813492, 0.5294219, 0.272271, 73.85088, 227.0233
-0.813492, 0.7844219, 0.272271, 73.85088, 206.9769
-1.012396, 0.5294219, 0.2931767, 58.71088, 226.7719
-0.813492, 0.5294219, 0.272271, 73.85088, 227.0233
-0.7993499, 0.5294219, 0.406824, 77.82177, 225.4291
-0.9982544, 0.5294219, 0.4277297, 62.93268, 225.1863
-1.012396, 0.7844219, 0.2931767, 58.71088, 206.7802
-1.012396, 0.5294219, 0.2931767, 58.71088, 226.7719
-0.9982544, 0.5294219, 0.4277297, 62.93268, 225.1863
-0.9982544, 0.7844219, 0.4277297, 62.93268, 205.5401
-0.813492, 0.7844219, 0.272271, 73.85088, 206.9769
-0.813492, 0.5294219, 0.272271, 73.85088, 227.0233
-1.012396, 0.5294219, 0.2931767, 58.71088, 226.7719
-1.012396, 0.7844219, 0.2931767, 58.71088, 206.7802
box_8_lizol(Clone) stack 92 Shelf_0 Rack_0_1_1
-0.04045259, 0.1961813, 0.2199211, 133.8945, 254.037
-0.2399654, 0.1961813, 0.2338724, 118.3257, 253.8183
-0.2227489, 0.1961813, 0.4800797, 123.4643, 250.087
-0.0232361, 0.1961813, 0.4661284, 138.5524, 250.2922
-0.2227489, 0.1961813, 0.4800797, 123.4643, 250.087
-0.2227489, 0.01993132, 0.4800797, 123.4643, 263.5754
-0.0232361, 0.01993132, 0.4661284, 138.5524, 263.8046
-0.0232361, 0.1961813, 0.4661284, 138.5524, 250.2922
-0.0232361, 0.1961813, 0.4661284, 138.5524, 250.2922
-0.0232361, 0.01993132, 0.4661284, 138.5524, 263.8046
-0.04045259, 0.01993129, 0.2199211, 133.8945, 267.9884
-0.04045259, 0.1961813, 0.2199211, 133.8945, 254.037
-0.2399654, 0.01993129, 0.2338724, 118.3257, 267.744
-0.04045259, 0.01993129, 0.2199211, 133.8945, 267.9884
-0.0232361, 0.01993132, 0.4661284, 138.5524, 263.8046
-0.2227489, 0.01993132, 0.4800797, 123.4643, 263.5754
-0.2399654, 0.1961813, 0.2338724, 118.3257, 253.8183
-0.2399654, 0.01993129, 0.2338724, 118.3257, 267.744
-0.2227489, 0.01993132, 0.4800797, 123.4643, 263.5754
-0.2227489, 0.1961813, 0.4800797, 123.4643, 250.087
-0.04045259, 0.1961813, 0.2199211, 133.8945, 254.037
-0.04045259, 0.01993129, 0.2199211, 133.8945, 267.9884
-0.2399654, 0.01993129, 0.2338724, 118.3257, 267.744
-0.2399654, 0.1961813, 0.2338724, 118.3257, 253.8183
box_8_lizol(Clone) stack 92 Shelf_0 Rack_0_1_1
-0.02735492, 0.3724313, 0.2301612, 135.073, 239.9439
-0.2272331, 0.3724313, 0.2231813, 119.1616, 240.0405
-0.2358465, 0.3724313, 0.4698395, 122.3082, 236.7315
-0.03596842, 0.3724313, 0.4768194, 137.716, 236.6409
-0.2358465, 0.3724313, 0.4698395, 122.3082, 236.7315
-0.2358465, 0.1961813, 0.4698395, 122.3082, 250.2375
-0.03596842, 0.1961813, 0.4768195, 137.716, 250.1349
-0.03596842, 0.3724313, 0.4768194, 137.716, 236.6409
-0.03596842, 0.3724313, 0.4768194, 137.716, 236.6409
-0.03596842, 0.1961813, 0.4768195, 137.716, 250.1349
-0.02735492, 0.1961813, 0.2301612, 135.073, 253.8764
-0.02735492, 0.3724313, 0.2301612, 135.073, 239.9439
-0.2272331, 0.1961813, 0.2231813, 119.1616, 253.9859
-0.02735492, 0.1961813, 0.2301612, 135.073, 253.8764
-0.03596842, 0.1961813, 0.4768195, 137.716, 250.1349
-0.2358465, 0.1961813, 0.4698395, 122.3082, 250.2375
-0.2272331, 0.3724313, 0.2231813, 119.1616, 240.0405
-0.2272331, 0.1961813, 0.2231813, 119.1616, 253.9859
-0.2358465, 0.1961813, 0.4698395, 122.3082, 250.2375
-0.2358465, 0.3724313, 0.4698395, 122.3082, 236.7315
-0.02735492, 0.3724313, 0.2301612, 135.073, 239.9439
-0.02735492, 0.1961813, 0.2301612, 135.073, 253.8764
-0.2272331, 0.1961813, 0.2231813, 119.1616, 253.9859
-0.2272331, 0.3724313, 0.2231813, 119.1616, 240.0405
box_8_lizol(Clone) stack 92 Shelf_0 Rack_0_1_1
-0.02527931, 0.5486813, 0.2319989, 135.2624, 225.9894
-0.2250052, 0.5486813, 0.2215317, 119.3116, 226.115
-0.2379222, 0.5486813, 0.4680019, 122.1215, 223.2462
-0.03819626, 0.5486813, 0.4784691, 137.567, 223.1283
-0.2379222, 0.5486813, 0.4680019, 122.1215, 223.2462
-0.2379222, 0.3724313, 0.4680019, 122.1215, 236.7554
-0.03819626, 0.3724313, 0.4784691, 137.567, 236.6195
-0.03819626, 0.5486813, 0.4784691, 137.567, 223.1283
-0.03819626, 0.5486813, 0.4784691, 137.567, 223.1283
-0.03819626, 0.3724313, 0.4784691, 137.567, 236.6195
-0.02527931, 0.3724313, 0.2319989, 135.2624, 239.9185
-0.02527931, 0.5486813, 0.2319989, 135.2624, 225.9894
-0.2250052, 0.3724313, 0.2215317, 119.3116, 240.0634
-0.02527931, 0.3724313, 0.2319989, 135.2624, 239.9185
-0.03819626, 0.3724313, 0.4784691, 137.567, 236.6195
-0.2379222, 0.3724313, 0.4680019, 122.1215, 236.7554
-0.2250052, 0.5486813, 0.2215317, 119.3116, 226.115
-0.2250052, 0.3724313, 0.2215317, 119.3116, 240.0634
-0.2379222, 0.3724313, 0.4680019, 122.1215, 236.7554
-0.2379222, 0.5486813, 0.4680019, 122.1215, 223.2462
-0.02527931, 0.5486813, 0.2319989, 135.2624, 225.9894
-0.02527931, 0.3724313, 0.2319989, 135.2624, 239.9185
-0.2250052, 0.3724313, 0.2215317, 119.3116, 240.0634
-0.2250052, 0.5486813, 0.2215317, 119.3116, 226.115
box_7_litchi(Clone) stack 94 Shelf_1 Rack_0_1_1
-0.818454, 1.414419, 0.2432683, 72.82554, 157.5362
-1.017967, 1.414419, 0.2572196, 57.41634, 157.4949
-1.004015, 1.414419, 0.4567324, 63.14743, 156.9208
-0.8045027, 1.414419, 0.4427811, 78.17289, 156.96
-1.004015, 1.414419, 0.4567324, 63.14743, 156.9208
-1.004015, 1.204419, 0.4567324, 63.14743, 173.04
-0.8045027, 1.204419, 0.4427811, 78.17289, 173.108
-0.8045027, 1.414419, 0.4427811, 78.17289, 156.96
-0.8045027, 1.414419, 0.4427811, 78.17289, 156.96
-0.8045027, 1.204419, 0.4427811, 78.17289, 173.108
-0.818454, 1.204419, 0.2432683, 72.82554, 174.108
-0.818454, 1.414419, 0.2432683, 72.82554, 157.5362
-1.017967, 1.204419, 0.2572196, 57.41634, 174.0364
-0.818454, 1.204419, 0.2432683, 72.82554, 174.108
-0.8045027, 1.204419, 0.4427811, 78.17289, 173.108
-1.004015, 1.204419, 0.4567324, 63.14743, 173.04
-1.017967, 1.414419, 0.2572196, 57.41634, 157.4949
-1.017967, 1.204419, 0.2572196, 57.41634, 174.0364
-1.004015, 1.204419, 0.4567324, 63.14743, 173.04
-1.004015, 1.414419, 0.4567324, 63.14743, 156.9208
-0.818454, 1.414419, 0.2432683, 72.82554, 157.5362
-0.818454, 1.204419, 0.2432683, 72.82554, 174.108
-1.017967, 1.204419, 0.2572196, 57.41634, 174.0364
-1.017967, 1.414419, 0.2572196, 57.41634, 157.4949
box_7_litchi(Clone) stack 94 Shelf_1 Rack_0_1_1
-0.8095047, 1.624419, 0.2517608, 73.71749, 140.9577
-1.009474, 1.624419, 0.2482703, 57.87128, 140.9604
-1.012965, 1.624419, 0.4482399, 62.2674, 140.8078
-0.8129952, 1.624419, 0.4517304, 77.706, 140.8052
-1.012965, 1.624419, 0.4482399, 62.2674, 140.8078
-1.012965, 1.414419, 0.4482399, 62.2674, 156.9446
-0.8129952, 1.414419, 0.4517304, 77.706, 156.9348
-0.8129952, 1.624419, 0.4517304, 77.706, 140.8052
-0.8129952, 1.624419, 0.4517304, 77.706, 140.8052
-0.8129952, 1.414419, 0.4517304, 77.706, 156.9348
-0.8095047, 1.414419, 0.2517608, 73.71749, 157.511
-0.8095047, 1.624419, 0.2517608, 73.71749, 140.9577
-1.009474, 1.414419, 0.2482704, 57.87128, 157.5214
-0.8095047, 1.414419, 0.2517608, 73.71749, 157.511
-0.8129952, 1.414419, 0.4517304, 77.706, 156.9348
-1.012965, 1.414419, 0.4482399, 62.2674, 156.9446
-1.009474, 1.624419, 0.2482703, 57.87128, 140.9604
-1.009474, 1.414419, 0.2482704, 57.87128, 157.5214
-1.012965, 1.414419, 0.4482399, 62.2674, 156.9446
-1.012965, 1.624419, 0.4482399, 62.2674, 140.8078
-0.8095047, 1.624419, 0.2517608, 73.71749, 140.9577
-0.8095047, 1.414419, 0.2517608, 73.71749, 157.511
-1.009474, 1.414419, 0.2482704, 57.87128, 157.5214
-1.009474, 1.624419, 0.2482703, 57.87128, 140.9604
box_7_litchi(Clone) stack 95 Shelf_1 Rack_0_1_1
-0.4251851, 1.414419, 0.2482703, 103.9492, 157.5214
-0.6251546, 1.414419, 0.2517608, 88.24895, 157.511
-0.6216642, 1.414419, 0.4517304, 92.40166, 156.9348
-0.4216946, 1.414419, 0.4482399, 107.7017, 156.9446
-0.6216642, 1.414419, 0.4517304, 92.40166, 156.9348
-0.6216642, 1.204419, 0.4517304, 92.40166, 173.0644
-0.4216946, 1.204419, 0.4482399, 107.7017, 173.0814
-0.4216946, 1.414419, 0.4482399, 107.7017, 156.9446
-0.4216946, 1.414419, 0.4482399, 107.7017, 156.9446
-0.4216946, 1.204419, 0.4482399, 107.7017, 173.0814
-0.4251851, 1.204419, 0.2482704, 103.9492, 174.0823
-0.4251851, 1.414419, 0.2482703, 103.9492, 157.5214
-0.6251546, 1.204419, 0.2517608, 88.24895, 174.0644
-0.4251851, 1.204419, 0.2482704, 103.9492, 174.0823
-0.4216946, 1.204419, 0.4482399, 107.7017, 173.0814
-0.6216642, 1.204419, 0.4517304, 92.40166, 173.0644
-0.6251546, 1.414419, 0.2517608, 88.24895, 157.511
-0.6251546, 1.204419, 0.2517608, 88.24895, 174.0644
-0.6216642, 1.204419, 0.4517304, 92.40166, 173.0644
-0.6216642, 1.414419, 0.4517304, 92.40166, 156.9348
-0.4251851, 1.414419, 0.2482703, 103.9492, 157.5214
-0.4251851, 1.204419, 0.2482704, 103.9492, 174.0823
-0.6251546, 1.204419, 0.2517608, 88.24895, 174.0644
-0.6251546, 1.414419, 0.2517608, 88.24895, 157.511
box_7_litchi(Clone) stack 95 Shelf_1 Rack_0_1_1
-0.4135196, 1.624419, 0.2610011, 105.095, 140.9505
-0.612424, 1.624419, 0.2400953, 89.02107, 140.9669
-0.6333297, 1.624419, 0.4389997, 91.26328, 140.8147
-0.4344253, 1.624419, 0.4599054, 106.9223, 140.7991
-0.6333297, 1.624419, 0.4389997, 91.26328, 140.8147
-0.6333297, 1.414419, 0.4389997, 91.26328, 156.9706
-0.4344253, 1.414419, 0.4599054, 106.9223, 156.9119
-0.4344253, 1.624419, 0.4599054, 106.9223, 140.7991
-0.4344253, 1.624419, 0.4599054, 106.9223, 140.7991
-0.4344253, 1.414419, 0.4599054, 106.9223, 156.9119
-0.4135196, 1.414419, 0.2610011, 105.095, 157.4837
-0.4135196, 1.624419, 0.2610011, 105.095, 140.9505
-0.612424, 1.414419, 0.2400953, 89.02107, 157.5456
-0.4135196, 1.414419, 0.2610011, 105.095, 157.4837
-0.4344253, 1.414419, 0.4599054, 106.9223, 156.9119
-0.6333297, 1.414419, 0.4389997, 91.26328, 156.9706
-0.612424, 1.624419, 0.2400953, 89.02107, 140.9669
-0.612424, 1.414419, 0.2400953, 89.02107, 157.5456
-0.6333297, 1.414419, 0.4389997, 91.26328, 156.9706
-0.6333297, 1.624419, 0.4389997, 91.26328, 140.8147
-0.4135196, 1.624419, 0.2610011, 105.095, 140.9505
-0.4135196, 1.414419, 0.2610011, 105.095, 157.4837
-0.612424, 1.414419, 0.2400953, 89.02107, 157.5456
-0.612424, 1.624419, 0.2400953, 89.02107, 140.9669
box_7_litchi(Clone) stack 95 Shelf_1 Rack_0_1_1
-0.4119831, 1.834419, 0.2629327, 105.2501, 124.4199
-0.6104923, 1.834419, 0.2385588, 89.14308, 124.386
-0.6348662, 1.834419, 0.4370681, 91.10818, 124.6562
-0.436357, 1.834419, 0.4614419, 106.8003, 124.6884
-0.6348662, 1.834419, 0.4370681, 91.10818, 124.6562
-0.6348662, 1.624419, 0.4370681, 91.10818, 140.8161
-0.436357, 1.624419, 0.4614419, 106.8003, 140.798
-0.436357, 1.834419, 0.4614419, 106.8003, 124.6884
-0.436357, 1.834419, 0.4614419, 106.8003, 124.6884
-0.436357, 1.624419, 0.4614419, 106.8003, 140.798
-0.4119831, 1.624419, 0.2629327, 105.2501, 140.949
-0.4119831, 1.834419, 0.2629327, 105.2501, 124.4199
-0.6104923, 1.624419, 0.2385588, 89.14308, 140.9681
-0.4119831, 1.624419, 0.2629327, 105.2501, 140.949
-0.436357, 1.624419, 0.4614419, 106.8003, 140.798
-0.6348662, 1.624419, 0.4370681, 91.10818, 140.8161
-0.6104923, 1.834419, 0.2385588, 89.14308, 124.386
-0.6104923, 1.624419, 0.2385588, 89.14308, 140.9681
-0.6348662, 1.624419, 0.4370681, 91.10818, 140.8161
-0.6348662, 1.834419, 0.4370681, 91.10818, 124.6562
-0.4119831, 1.834419, 0.2629327, 105.2501, 124.4199
-0.4119831, 1.624419, 0.2629327, 105.2501, 140.949
-0.6104923, 1.624419, 0.2385588, 89.14308, 140.9681
-0.6104923, 1.834419, 0.2385588, 89.14308, 124.386
box_7_litchi(Clone) stack 95 Shelf_1 Rack_0_1_1
-0.4287953, 2.044419, 0.2449038, 103.6042, 107.8266
-0.6285211, 2.044419, 0.255371, 88.05565, 107.8639
-0.618054, 2.044419, 0.4550969, 92.74242, 108.5574
-0.4183281, 2.044419, 0.4446297, 107.8993, 108.5219
-0.618054, 2.044419, 0.4550969, 92.74242, 108.5574
-0.618054, 1.834419, 0.4550969, 92.74242, 124.6801
-0.4183281, 1.834419, 0.4446297, 107.8993, 124.6662
-0.4183281, 2.044419, 0.4446297, 107.8993, 108.5219
-0.4183281, 2.044419, 0.4446297, 107.8993, 108.5219
-0.4183281, 1.834419, 0.4446297, 107.8993, 124.6662
-0.4287953, 1.834419, 0.2449038, 103.6042, 124.3948
-0.4287953, 2.044419, 0.2449038, 103.6042, 107.8266
-0.6285211, 1.834419, 0.255371, 88.05565, 124.4094
-0.4287953, 1.834419, 0.2449038, 103.6042, 124.3948
-0.4183281, 1.834419, 0.4446297, 107.8993, 124.6662
-0.618054, 1.834419, 0.4550969, 92.74242, 124.6801
-0.6285211, 2.044419, 0.255371, 88.05565, 107.8639
-0.6285211, 1.834419, 0.255371, 88.05565, 124.4094
-0.618054, 1.834419, 0.4550969, 92.74242, 124.6801
-0.618054, 2.044419, 0.4550969, 92.74242, 108.5574
-0.4287953, 2.044419, 0.2449038, 103.6042, 107.8266
-0.4287953, 1.834419, 0.2449038, 103.6042, 124.3948
-0.6285211, 1.834419, 0.255371, 88.05565, 124.4094
-0.6285211, 2.044419, 0.255371, 88.05565, 107.8639
box_6_melody(Clone) stack 96 Shelf_1 Rack_0_1_1
-0.03353472, 1.391943, 0.2411106, 134.7363, 159.3168
-0.2324391, 1.391943, 0.2202049, 118.702, 159.3838
-0.257526, 1.391943, 0.4588902, 120.4798, 158.6395
-0.05862157, 1.391943, 0.4797959, 136.0211, 158.5764
-0.257526, 1.391943, 0.4588902, 120.4798, 158.6395
-0.257526, 1.204443, 0.4588902, 120.4798, 173.0277
-0.05862157, 1.204443, 0.4797959, 136.0211, 172.9263
-0.05862157, 1.391943, 0.4797959, 136.0211, 158.5764
-0.05862157, 1.391943, 0.4797959, 136.0211, 158.5764
-0.05862157, 1.204443, 0.4797959, 136.0211, 172.9263
-0.03353472, 1.204443, 0.2411106, 134.7363, 174.1172
-0.03353472, 1.391943, 0.2411106, 134.7363, 159.3168
-0.2324391, 1.204443, 0.2202049, 118.702, 174.2251
-0.03353472, 1.204443, 0.2411106, 134.7363, 174.1172
-0.05862157, 1.204443, 0.4797959, 136.0211, 172.9263
-0.257526, 1.204443, 0.4588902, 120.4798, 173.0277
-0.2324391, 1.391943, 0.2202049, 118.702, 159.3838
-0.2324391, 1.204443, 0.2202049, 118.702, 174.2251
-0.257526, 1.204443, 0.4588902, 120.4798, 173.0277
-0.257526, 1.391943, 0.4588902, 120.4798, 158.6395
-0.03353472, 1.391943, 0.2411106, 134.7363, 159.3168
-0.03353472, 1.204443, 0.2411106, 134.7363, 174.1172
-0.2324391, 1.204443, 0.2202049, 118.702, 174.2251
-0.2324391, 1.391943, 0.2202049, 118.702, 159.3838
box_6_melody(Clone) stack 96 Shelf_1 Rack_0_1_1
-0.03938707, 1.579443, 0.2353984, 134.1949, 144.5234
-0.239113, 1.579443, 0.2249312, 118.2497, 144.5366
-0.2516736, 1.579443, 0.4646024, 121.0158, 144.2445
-0.05194771, 1.579443, 0.4750696, 136.4695, 144.2321
-0.2516736, 1.579443, 0.4646024, 121.0158, 144.2445
-0.2516736, 1.391943, 0.4646024, 121.0158, 158.6222
-0.05194771, 1.391943, 0.4750696, 136.4695, 158.5906
-0.05194771, 1.579443, 0.4750696, 136.4695, 144.2321
-0.05194771, 1.579443, 0.4750696, 136.4695, 144.2321
-0.05194771, 1.391943, 0.4750696, 136.4695, 158.5906
-0.03938707, 1.391943, 0.2353984, 134.1949, 159.335
-0.03938707, 1.579443, 0.2353984, 134.1949, 144.5234
-0.239113, 1.391943, 0.2249312, 118.2497, 159.3686
-0.03938707, 1.391943, 0.2353984, 134.1949, 159.335
-0.05194771, 1.391943, 0.4750696, 136.4695, 158.5906
-0.2516736, 1.391943, 0.4646024, 121.0158, 158.6222
-0.239113, 1.579443, 0.2249312, 118.2497, 144.5366
-0.239113, 1.391943, 0.2249312, 118.2497, 159.3686
-0.2516736, 1.391943, 0.4646024, 121.0158, 158.6222
-0.2516736, 1.579443, 0.4646024, 121.0158, 144.2445
-0.03938707, 1.579443, 0.2353984, 134.1949, 144.5234
-0.03938707, 1.391943, 0.2353984, 134.1949, 159.335
-0.239113, 1.391943, 0.2249312, 118.2497, 159.3686
-0.239113, 1.579443, 0.2249312, 118.2497, 144.5366
box_6_melody(Clone) stack 96 Shelf_1 Rack_0_1_1
-0.03353472, 1.766943, 0.2411106, 134.7363, 129.7158
-0.2324391, 1.766943, 0.2202049, 118.702, 129.7012
-0.257526, 1.766943, 0.4588902, 120.4798, 129.863
-0.05862157, 1.766943, 0.4797959, 136.0211, 129.8767
-0.257526, 1.766943, 0.4588902, 120.4798, 129.863
-0.257526, 1.579443, 0.4588902, 120.4798, 144.2512
-0.05862157, 1.579443, 0.4797959, 136.0211, 144.2266
-0.05862157, 1.766943, 0.4797959, 136.0211, 129.8767
-0.05862157, 1.766943, 0.4797959, 136.0211, 129.8767
-0.05862157, 1.579443, 0.4797959, 136.0211, 144.2266
-0.03353472, 1.579443, 0.2411106, 134.7363, 144.5163
-0.03353472, 1.766943, 0.2411106, 134.7363, 129.7158
-0.2324391, 1.579443, 0.2202049, 118.702, 144.5425
-0.03353472, 1.579443, 0.2411106, 134.7363, 144.5163
-0.05862157, 1.579443, 0.4797959, 136.0211, 144.2266
-0.257526, 1.579443, 0.4588902, 120.4798, 144.2512
-0.2324391, 1.766943, 0.2202049, 118.702, 129.7012
-0.2324391, 1.579443, 0.2202049, 118.702, 144.5425
-0.257526, 1.579443, 0.4588902, 120.4798, 144.2512
-0.257526, 1.766943, 0.4588902, 120.4798, 129.863
-0.03353472, 1.766943, 0.2411106, 134.7363, 129.7158
-0.03353472, 1.579443, 0.2411106, 134.7363, 144.5163
-0.2324391, 1.579443, 0.2202049, 118.702, 144.5425
-0.2324391, 1.766943, 0.2202049, 118.702, 129.7012
box_6_melody(Clone) stack 96 Shelf_1 Rack_0_1_1
-0.05636956, 1.954443, 0.2217414, 132.6603, 114.864
-0.2556085, 1.954443, 0.2391725, 117.1754, 114.9102
-0.2346911, 1.954443, 0.4782594, 122.5231, 115.523
-0.03545217, 1.954443, 0.4608282, 137.5465, 115.4796
-0.2346911, 1.954443, 0.4782594, 122.5231, 115.523
-0.2346911, 1.766943, 0.4782594, 122.5231, 129.8757
-0.03545217, 1.766943, 0.4608282, 137.5465, 129.8643
-0.03545217, 1.954443, 0.4608282, 137.5465, 115.4796
-0.03545217, 1.954443, 0.4608282, 137.5465, 115.4796
-0.03545217, 1.766943, 0.4608282, 137.5465, 129.8643
-0.05636956, 1.766943, 0.2217414, 132.6603, 129.7023
-0.05636956, 1.954443, 0.2217414, 132.6603, 114.864
-0.2556085, 1.766943, 0.2391725, 117.1754, 129.7145
-0.05636956, 1.766943, 0.2217414, 132.6603, 129.7023
-0.03545217, 1.766943, 0.4608282, 137.5465, 129.8643
-0.2346911, 1.766943, 0.4782594, 122.5231, 129.8757
-0.2556085, 1.954443, 0.2391725, 117.1754, 114.9102
-0.2556085, 1.766943, 0.2391725, 117.1754, 129.7145
-0.2346911, 1.766943, 0.4782594, 122.5231, 129.8757
-0.2346911, 1.954443, 0.4782594, 122.5231, 115.523
-0.05636956, 1.954443, 0.2217414, 132.6603, 114.864
-0.05636956, 1.766943, 0.2217414, 132.6603, 129.7023
-0.2556085, 1.766943, 0.2391725, 117.1754, 129.7145
-0.2556085, 1.954443, 0.2391725, 117.1754, 114.9102
box_2_Parle-G(Clone) stack 98 Shelf_2 Rack_0_1_1
-0.8245748, 2.643609, 0.2841088, 73.23828, 60.9344
-1.024544, 2.643609, 0.2806183, 57.45895, 60.90054
-1.026906, 2.643609, 0.4158919, 60.45233, 62.18962
-0.8269359, 2.643609, 0.4193824, 75.95596, 62.22232
-1.026906, 2.643609, 0.4158919, 60.45233, 62.18962
-1.026906, 2.388609, 0.4158919, 60.45233, 81.86583
-0.8269359, 2.388609, 0.4193824, 75.95596, 81.88966
-0.8269359, 2.643609, 0.4193824, 75.95596, 62.22232
-0.8269359, 2.643609, 0.4193824, 75.95596, 62.22232
-0.8269359, 2.388609, 0.4193824, 75.95596, 81.88966
-0.8245748, 2.388609, 0.2841088, 73.23828, 80.94981
-0.8245748, 2.643609, 0.2841088, 73.23828, 60.9344
-1.024544, 2.388609, 0.2806184, 57.45895, 80.92511
-0.8245748, 2.388609, 0.2841088, 73.23828, 80.94981
-0.8269359, 2.388609, 0.4193824, 75.95596, 81.88966
-1.026906, 2.388609, 0.4158919, 60.45233, 81.86583
-1.024544, 2.643609, 0.2806183, 57.45895, 60.90054
-1.024544, 2.388609, 0.2806184, 57.45895, 80.92511
-1.026906, 2.388609, 0.4158919, 60.45233, 81.86583
-1.026906, 2.643609, 0.4158919, 60.45233, 62.18962
-0.8245748, 2.643609, 0.2841088, 73.23828, 60.9344
-0.8245748, 2.388609, 0.2841088, 73.23828, 80.94981
-1.024544, 2.388609, 0.2806184, 57.45895, 80.92511
-1.024544, 2.643609, 0.2806183, 57.45895, 60.90054
box_2_Parle-G(Clone) stack 98 Shelf_2 Rack_0_1_1
-0.8333589, 2.898609, 0.272271, 72.28906, 40.77303
-1.032263, 2.898609, 0.2931767, 57.15332, 41.03043
-1.018121, 2.898609, 0.4277297, 61.40206, 42.65401
-0.8192168, 2.898609, 0.406824, 76.28702, 42.40544
-1.018121, 2.898609, 0.4277297, 61.40206, 42.65401
-1.018121, 2.64361, 0.4277297, 61.40206, 62.30031
-0.8192168, 2.64361, 0.406824, 76.28702, 62.10461
-0.8192168, 2.898609, 0.406824, 76.28702, 42.40544
-0.8192168, 2.898609, 0.406824, 76.28702, 42.40544
-0.8192168, 2.64361, 0.406824, 76.28702, 62.10461
-0.8333589, 2.64361, 0.272271, 72.28906, 60.8195
-0.8333589, 2.898609, 0.272271, 72.28906, 40.77303
-1.032263, 2.64361, 0.2931767, 57.15332, 61.02214
-0.8333589, 2.64361, 0.272271, 72.28906, 60.8195
-0.8192168, 2.64361, 0.406824, 76.28702, 62.10461
-1.018121, 2.64361, 0.4277297, 61.40206, 62.30031
-1.032263, 2.898609, 0.2931767, 57.15332, 41.03043
-1.032263, 2.64361, 0.2931767, 57.15332, 61.02214
-1.018121, 2.64361, 0.4277297, 61.40206, 62.30031
-1.018121, 2.898609, 0.4277297, 61.40206, 42.65401
-0.8333589, 2.898609, 0.272271, 72.28906, 40.77303
-0.8333589, 2.64361, 0.272271, 72.28906, 60.8195
-1.032263, 2.64361, 0.2931767, 57.15332, 61.02214
-1.032263, 2.898609, 0.2931767, 57.15332, 41.03043
box_2_Parle-G(Clone) stack 98 Shelf_2 Rack_0_1_1
-0.8257401, 3.15361, 0.2823533, 73.10847, 20.87735
-1.02574, 3.15361, 0.2823533, 57.4065, 20.87735
-1.02574, 3.15361, 0.4176474, 60.58276, 22.86253
-0.8257401, 3.15361, 0.4176474, 76.0116, 22.86253
-1.02574, 3.15361, 0.4176474, 60.58276, 22.86253
-1.02574, 2.89861, 0.4176475, 60.58276, 42.53427
-0.8257401, 2.89861, 0.4176475, 76.0116, 42.53427
-0.8257401, 3.15361, 0.4176474, 76.0116, 22.86253
-0.8257401, 3.15361, 0.4176474, 76.0116, 22.86253
-0.8257401, 2.89861, 0.4176475, 76.0116, 42.53427
-0.8257401, 2.89861, 0.2823533, 73.10847, 40.89734
-0.8257401, 3.15361, 0.2823533, 73.10847, 20.87735
-1.02574, 2.89861, 0.2823533, 57.4065, 40.89734
-0.8257401, 2.89861, 0.2823533, 73.10847, 40.89734
-0.8257401, 2.89861, 0.4176475, 76.0116, 42.53427
-1.02574, 2.89861, 0.4176475, 60.58276, 42.53427
-1.02574, 3.15361, 0.2823533, 57.4065, 20.87735
-1.02574, 2.89861, 0.2823533, 57.4065, 40.89734
-1.02574, 2.89861, 0.4176475, 60.58276, 42.53427
-1.02574, 3.15361, 0.4176474, 60.58276, 22.86253
-0.8257401, 3.15361, 0.2823533, 73.10847, 20.87735
-0.8257401, 2.89861, 0.2823533, 73.10847, 40.89734
-1.02574, 2.89861, 0.2823533, 57.4065, 40.89734
-1.02574, 3.15361, 0.2823533, 57.4065, 20.87735
box_2_Parle-G(Clone) stack 99 Shelf_2 Rack_0_1_1
-0.4313183, 2.643609, 0.2950445, 104.2998, 61.04021
-0.6298276, 2.643609, 0.2706706, 88.25758, 60.80396
-0.6463158, 2.643609, 0.4049563, 89.60776, 62.0871
-0.4478065, 2.643609, 0.4293302, 105.3692, 62.31523
-0.6463158, 2.643609, 0.4049563, 89.60776, 62.0871
-0.6463158, 2.388609, 0.4049563, 89.60776, 81.791
-0.4478065, 2.388609, 0.4293302, 105.3692, 81.9575
-0.4478065, 2.643609, 0.4293302, 105.3692, 62.31523
-0.4478065, 2.643609, 0.4293302, 105.3692, 62.31523
-0.4478065, 2.388609, 0.4293302, 105.3692, 81.9575
-0.4313183, 2.388609, 0.2950445, 104.2998, 81.02702
-0.4313183, 2.643609, 0.2950445, 104.2998, 61.04021
-0.6298276, 2.388609, 0.2706706, 88.25758, 80.85461
-0.4313183, 2.388609, 0.2950445, 104.2998, 81.02702
-0.4478065, 2.388609, 0.4293302, 105.3692, 81.9575
-0.6463158, 2.388609, 0.4049563, 89.60776, 81.791
-0.6298276, 2.643609, 0.2706706, 88.25758, 60.80396
-0.6298276, 2.388609, 0.2706706, 88.25758, 80.85461
-0.6463158, 2.388609, 0.4049563, 89.60776, 81.791
-0.6463158, 2.643609, 0.4049563, 89.60776, 62.0871
-0.4313183, 2.643609, 0.2950445, 104.2998, 61.04021
-0.4313183, 2.388609, 0.2950445, 104.2998, 81.02702
-0.6298276, 2.388609, 0.2706706, 88.25758, 80.85461
-0.6298276, 2.643609, 0.2706706, 88.25758, 60.80396
box_2_Parle-G(Clone) stack 99 Shelf_2 Rack_0_1_1
-0.4354137, 2.898609, 0.2876796, 103.8478, 40.96291
-0.6351396, 2.898609, 0.2772124, 87.97025, 40.83403
-0.6422204, 2.898609, 0.4123212, 90.06639, 42.47093
-0.4424945, 2.898609, 0.4227883, 105.6656, 42.59537
-0.6422204, 2.898609, 0.4123212, 90.06639, 42.47093
-0.6422204, 2.64361, 0.4123212, 90.06639, 62.15617
-0.4424945, 2.64361, 0.4227883, 105.6656, 62.25414
-0.4424945, 2.898609, 0.4227883, 105.6656, 42.59537
-0.4424945, 2.898609, 0.4227883, 105.6656, 42.59537
-0.4424945, 2.64361, 0.4227883, 105.6656, 62.25414
-0.4354137, 2.64361, 0.2876796, 103.8478, 60.96895
-0.4354137, 2.898609, 0.2876796, 103.8478, 40.96291
-0.6351396, 2.64361, 0.2772124, 87.97025, 60.86751
-0.4354137, 2.64361, 0.2876796, 103.8478, 60.96895
-0.4424945, 2.64361, 0.4227883, 105.6656, 62.25414
-0.6422204, 2.64361, 0.4123212, 90.06639, 62.15617
-0.6351396, 2.898609, 0.2772124, 87.97025, 40.83403
-0.6351396, 2.64361, 0.2772124, 87.97025, 60.86751
-0.6422204, 2.64361, 0.4123212, 90.06639, 62.15617
-0.6422204, 2.898609, 0.4123212, 90.06639, 42.47093
-0.4354137, 2.898609, 0.2876796, 103.8478, 40.96291
-0.4354137, 2.64361, 0.2876796, 103.8478, 60.96895
-0.6351396, 2.64361, 0.2772124, 87.97025, 60.86751
-0.6351396, 2.898609, 0.2772124, 87.97025, 40.83403
box_2_Parle-G(Clone) stack 99 Shelf_2 Rack_0_1_1
-0.4388171, 3.15361, 0.2823533, 103.4857, 20.87735
-0.6388171, 3.15361, 0.2823533, 87.78378, 20.87735
-0.6388171, 3.15361, 0.4176474, 90.43163, 22.86253
-0.4388171, 3.15361, 0.4176474, 105.8605, 22.86253
-0.6388171, 3.15361, 0.4176474, 90.43163, 22.86253
-0.6388171, 2.89861, 0.4176475, 90.43163, 42.53427
-0.4388171, 2.89861, 0.4176475, 105.8605, 42.53427
-0.4388171, 3.15361, 0.4176474, 105.8605, 22.86253
-0.4388171, 3.15361, 0.4176474, 105.8605, 22.86253
-0.4388171, 2.89861, 0.4176475, 105.8605, 42.53427
-0.4388171, 2.89861, 0.2823533, 103.4857, 40.89734
-0.4388171, 3.15361, 0.2823533, 103.4857, 20.87735
-0.6388171, 2.89861, 0.2823533, 87.78378, 40.89734
-0.4388171, 2.89861, 0.2823533, 103.4857, 40.89734
-0.4388171, 2.89861, 0.4176475, 105.8605, 42.53427
-0.6388171, 2.89861, 0.4176475, 90.43163, 42.53427
-0.6388171, 3.15361, 0.2823533, 87.78378, 20.87735
-0.6388171, 2.89861, 0.2823533, 87.78378, 40.89734
-0.6388171, 2.89861, 0.4176475, 90.43163, 42.53427
-0.6388171, 3.15361, 0.4176474, 90.43163, 22.86253
-0.4388171, 3.15361, 0.2823533, 103.4857, 20.87735
-0.4388171, 2.89861, 0.2823533, 103.4857, 40.89734
-0.6388171, 2.89861, 0.2823533, 87.78378, 40.89734
-0.6388171, 3.15361, 0.2823533, 87.78378, 20.87735
box_5_LMRR(Clone) stack 100 Shelf_2 Rack_0_1_1
-0.03543629, 2.531555, 0.2133235, 134.1995, 69.11966
-0.2351622, 2.531555, 0.2028563, 118.2078, 69.02849
-0.2500366, 2.531555, 0.4866772, 121.4757, 71.41473
-0.0503107, 2.531555, 0.4971444, 136.8854, 71.49944
-0.2500366, 2.531555, 0.4866772, 121.4757, 71.41473
-0.2500366, 2.389055, 0.4866772, 121.4757, 82.31107
-0.0503107, 2.389055, 0.4971444, 136.8854, 82.38127
-0.0503107, 2.531555, 0.4971444, 136.8854, 71.49944
-0.0503107, 2.531555, 0.4971444, 136.8854, 71.49944
-0.0503107, 2.389055, 0.4971444, 136.8854, 82.38127
-0.03543629, 2.389055, 0.2133235, 134.1995, 80.4093
-0.03543629, 2.531555, 0.2133235, 134.1995, 69.11966
-0.2351622, 2.389055, 0.2028564, 118.2078, 80.33376
-0.03543629, 2.389055, 0.2133235, 134.1995, 80.4093
-0.0503107, 2.389055, 0.4971444, 136.8854, 82.38127
-0.2500366, 2.389055, 0.4866772, 121.4757, 82.31107
-0.2351622, 2.531555, 0.2028563, 118.2078, 69.02849
-0.2351622, 2.389055, 0.2028564, 118.2078, 80.33376
-0.2500366, 2.389055, 0.4866772, 121.4757, 82.31107
-0.2500366, 2.531555, 0.4866772, 121.4757, 71.41473
-0.03543629, 2.531555, 0.2133235, 134.1995, 69.11966
-0.03543629, 2.389055, 0.2133235, 134.1995, 80.4093
-0.2351622, 2.389055, 0.2028564, 118.2078, 80.33376
-0.2351622, 2.531555, 0.2028563, 118.2078, 69.02849
box_5_LMRR(Clone) stack 100 Shelf_2 Rack_0_1_1
-0.05550224, 2.674055, 0.1997204, 132.4165, 57.69118
-0.2547412, 2.674055, 0.2171515, 116.8872, 57.86902
-0.2299706, 2.674055, 0.5002804, 123.2125, 60.64729
-0.03073168, 2.674055, 0.4828492, 138.1953, 60.48206
-0.2299706, 2.674055, 0.5002804, 123.2125, 60.64729
-0.2299706, 2.531555, 0.5002804, 123.2125, 71.5248
-0.03073168, 2.531555, 0.4828492, 138.1953, 71.38373
-0.03073168, 2.674055, 0.4828492, 138.1953, 60.48206
-0.03073168, 2.674055, 0.4828492, 138.1953, 60.48206
-0.03073168, 2.531555, 0.4828492, 138.1953, 71.38373
-0.05550224, 2.531555, 0.1997204, 132.4165, 69.00113
-0.05550224, 2.674055, 0.1997204, 132.4165, 57.69118
-0.2547412, 2.531555, 0.2171515, 116.8872, 69.15297
-0.05550224, 2.531555, 0.1997204, 132.4165, 69.00113
-0.03073168, 2.531555, 0.4828492, 138.1953, 71.38373
-0.2299706, 2.531555, 0.5002804, 123.2125, 71.5248
-0.2547412, 2.674055, 0.2171515, 116.8872, 57.86902
-0.2547412, 2.531555, 0.2171515, 116.8872, 69.15297
-0.2299706, 2.531555, 0.5002804, 123.2125, 71.5248
-0.2299706, 2.674055, 0.5002804, 123.2125, 60.64729
-0.05550224, 2.674055, 0.1997204, 132.4165, 57.69118
-0.05550224, 2.531555, 0.1997204, 132.4165, 69.00113
-0.2547412, 2.531555, 0.2171515, 116.8872, 69.15297
-0.2547412, 2.674055, 0.2171515, 116.8872, 57.86902
box_6_melody(Clone) stack 101 Shelf_2 Rack_0_1_1
0.3460718, 2.576536, 0.2430817, 164.7204, 65.8278
0.1475626, 2.576536, 0.2187079, 148.7625, 65.60535
0.1183139, 2.576536, 0.456919, 149.2979, 67.72006
0.3168232, 2.576536, 0.4812929, 164.7693, 67.92918
0.1183139, 2.576536, 0.456919, 149.2979, 67.72006
0.1183139, 2.389036, 0.456919, 149.2979, 82.11194
0.3168232, 2.389036, 0.4812929, 164.7693, 82.27632
0.3168232, 2.576536, 0.4812929, 164.7693, 67.92918
0.3168232, 2.576536, 0.4812929, 164.7693, 67.92918
0.3168232, 2.389036, 0.4812929, 164.7693, 82.27632
0.3460718, 2.389036, 0.2430817, 164.7204, 80.62444
0.3460718, 2.576536, 0.2430817, 164.7204, 65.8278
0.1475626, 2.389036, 0.2187079, 148.7625, 80.44957
0.3460718, 2.389036, 0.2430817, 164.7204, 80.62444
0.3168232, 2.389036, 0.4812929, 164.7693, 82.27632
0.1183139, 2.389036, 0.456919, 149.2979, 82.11194
0.1475626, 2.576536, 0.2187079, 148.7625, 65.60535
0.1475626, 2.389036, 0.2187079, 148.7625, 80.44957
0.1183139, 2.389036, 0.456919, 149.2979, 82.11194
0.1183139, 2.576536, 0.456919, 149.2979, 67.72006
0.3460718, 2.576536, 0.2430817, 164.7204, 65.8278
0.3460718, 2.389036, 0.2430817, 164.7204, 80.62444
0.1475626, 2.389036, 0.2187079, 148.7625, 80.44957
0.1475626, 2.576536, 0.2187079, 148.7625, 65.60535
box_6_melody(Clone) stack 101 Shelf_2 Rack_0_1_1
0.3403201, 2.764036, 0.2372683, 164.2086, 50.96692
0.1408072, 2.764036, 0.223317, 148.2835, 50.81233
0.1240657, 2.764036, 0.4627324, 149.8064, 53.38889
0.3235785, 2.764036, 0.4766837, 165.2423, 53.53418
0.1240657, 2.764036, 0.4627324, 149.8064, 53.38889
0.1240657, 2.576536, 0.4627325, 149.8064, 67.77005
0.3235785, 2.576536, 0.4766838, 165.2423, 67.88974
0.3235785, 2.764036, 0.4766837, 165.2423, 53.53418
0.3235785, 2.764036, 0.4766837, 165.2423, 53.53418
0.3235785, 2.576536, 0.4766838, 165.2423, 67.88974
0.3403201, 2.576536, 0.2372683, 164.2086, 65.77487
0.3403201, 2.764036, 0.2372683, 164.2086, 50.96692
0.1408072, 2.576536, 0.223317, 148.2835, 65.64752
0.3403201, 2.576536, 0.2372683, 164.2086, 65.77487
0.3235785, 2.576536, 0.4766838, 165.2423, 67.88974
0.1240657, 2.576536, 0.4627325, 149.8064, 67.77005
0.1408072, 2.764036, 0.223317, 148.2835, 50.81233
0.1408072, 2.576536, 0.223317, 148.2835, 65.64752
0.1240657, 2.576536, 0.4627325, 149.8064, 67.77005
0.1240657, 2.764036, 0.4627324, 149.8064, 53.38889
0.3403201, 2.764036, 0.2372683, 164.2086, 50.96692
0.3403201, 2.576536, 0.2372683, 164.2086, 65.77487
0.1408072, 2.576536, 0.223317, 148.2835, 65.64752
0.1408072, 2.764036, 0.223317, 148.2835, 50.81233
box_6_melody(Clone) stack 101 Shelf_2 Rack_0_1_1
0.3403201, 2.951536, 0.2372683, 164.2086, 36.15898
0.1408072, 2.951536, 0.223317, 148.2835, 35.97714
0.1240657, 2.951536, 0.4627324, 149.8064, 39.00774
0.3235785, 2.951536, 0.4766837, 165.2423, 39.17863
0.1240657, 2.951536, 0.4627324, 149.8064, 39.00774
0.1240657, 2.764036, 0.4627325, 149.8064, 53.38889
0.3235785, 2.764036, 0.4766838, 165.2423, 53.53418
0.3235785, 2.951536, 0.4766837, 165.2423, 39.17863
0.3235785, 2.951536, 0.4766837, 165.2423, 39.17863
0.3235785, 2.764036, 0.4766838, 165.2423, 53.53418
0.3403201, 2.764036, 0.2372683, 164.2086, 50.96692
0.3403201, 2.951536, 0.2372683, 164.2086, 36.15898
0.1408072, 2.764036, 0.223317, 148.2835, 50.81233
0.3403201, 2.764036, 0.2372683, 164.2086, 50.96692
0.3235785, 2.764036, 0.4766838, 165.2423, 53.53418
0.1240657, 2.764036, 0.4627325, 149.8064, 53.38889
0.1408072, 2.951536, 0.223317, 148.2835, 35.97714
0.1408072, 2.764036, 0.223317, 148.2835, 50.81233
0.1240657, 2.764036, 0.4627325, 149.8064, 53.38889
0.1240657, 2.951536, 0.4627324, 149.8064, 39.00774
0.3403201, 2.951536, 0.2372683, 164.2086, 36.15898
0.3403201, 2.764036, 0.2372683, 164.2086, 50.96692
0.1408072, 2.764036, 0.223317, 148.2835, 50.81233
0.1408072, 2.951536, 0.223317, 148.2835, 35.97714
box_6_melody(Clone) stack 101 Shelf_2 Rack_0_1_1
0.3321929, 3.139036, 0.2300003, 163.4935, 21.24219
0.1321929, 3.139036, 0.2300003, 147.6833, 21.24219
0.1321929, 3.139036, 0.4700004, 150.5129, 24.729
0.3321929, 3.139036, 0.4700004, 165.8385, 24.729
0.1321929, 3.139036, 0.4700004, 150.5129, 24.729
0.1321929, 2.951536, 0.4700004, 150.5129, 39.09683
0.3321929, 2.951536, 0.4700004, 165.8385, 39.09683
0.3321929, 3.139036, 0.4700004, 165.8385, 24.729
0.3321929, 3.139036, 0.4700004, 165.8385, 24.729
0.3321929, 2.951536, 0.4700004, 165.8385, 39.09683
0.3321929, 2.951536, 0.2300003, 163.4935, 36.06433
0.3321929, 3.139036, 0.2300003, 163.4935, 21.24219
0.1321929, 2.951536, 0.2300003, 147.6833, 36.06433
0.3321929, 2.951536, 0.2300003, 163.4935, 36.06433
0.3321929, 2.951536, 0.4700004, 165.8385, 39.09683
0.1321929, 2.951536, 0.4700004, 150.5129, 39.09683
0.1321929, 3.139036, 0.2300003, 147.6833, 21.24219
0.1321929, 2.951536, 0.2300003, 147.6833, 36.06433
0.1321929, 2.951536, 0.4700004, 150.5129, 39.09683
0.1321929, 3.139036, 0.4700004, 150.5129, 24.729
0.3321929, 3.139036, 0.2300003, 163.4935, 21.24219
0.3321929, 2.951536, 0.2300003, 163.4935, 36.06433
0.1321929, 2.951536, 0.2300003, 147.6833, 36.06433
0.1321929, 3.139036, 0.2300003, 147.6833, 21.24219
box4_Fairever(Clone) stack 102 Shelf_0 Rack_0_1_2
-1.482923, 0.1847178, 0.2372142, 20.21502, 254.6714
-1.682649, 0.1847178, 0.226747, 4.11644, 254.8365
-1.695019, 0.1847178, 0.4627866, 10.28502, 251.2207
-1.495293, 0.1847178, 0.4732538, 25.89027, 251.0654
-1.695019, 0.1847178, 0.4627866, 10.28502, 251.2207
-1.695019, 0.01971789, 0.4627866, 10.28502, 263.876
-1.495293, 0.01971789, 0.4732538, 25.89027, 263.7038
-1.495293, 0.1847178, 0.4732538, 25.89027, 251.0654
-1.495293, 0.1847178, 0.4732538, 25.89027, 251.0654
-1.495293, 0.01971789, 0.4732538, 25.89027, 263.7038
-1.482923, 0.01971789, 0.2372142, 20.21502, 267.7025
-1.482923, 0.1847178, 0.2372142, 20.21502, 254.6714
-1.682649, 0.01971789, 0.226747, 4.11644, 267.8856
-1.482923, 0.01971789, 0.2372142, 20.21502, 267.7025
-1.495293, 0.01971789, 0.4732538, 25.89027, 263.7038
-1.695019, 0.01971789, 0.4627866, 10.28502, 263.876
-1.682649, 0.1847178, 0.226747, 4.11644, 254.8365
-1.682649, 0.01971789, 0.226747, 4.11644, 267.8856
-1.695019, 0.01971789, 0.4627866, 10.28502, 263.876
-1.695019, 0.1847178, 0.4627866, 10.28502, 251.2207
-1.482923, 0.1847178, 0.2372142, 20.21502, 254.6714
-1.482923, 0.01971789, 0.2372142, 20.21502, 267.7025
-1.682649, 0.01971789, 0.226747, 4.11644, 267.8856
-1.682649, 0.1847178, 0.226747, 4.11644, 254.8365
box4_Fairever(Clone) stack 102 Shelf_0 Rack_0_1_2
-1.495293, 0.3497178, 0.226747, 18.93349, 241.7874
-1.695019, 0.3497178, 0.2372142, 3.464441, 241.6403
-1.682649, 0.3497178, 0.4732538, 11.53951, 238.4269
-1.482923, 0.3497178, 0.4627866, 26.5526, 238.5653
-1.682649, 0.3497178, 0.4732538, 11.53951, 238.4269
-1.682649, 0.1847179, 0.4732538, 11.53951, 251.0654
-1.482923, 0.1847179, 0.4627866, 26.5526, 251.2207
-1.482923, 0.3497178, 0.4627866, 26.5526, 238.5653
-1.482923, 0.3497178, 0.4627866, 26.5526, 238.5653
-1.482923, 0.1847179, 0.4627866, 26.5526, 251.2207
-1.495293, 0.1847179, 0.226747, 18.93349, 254.8365
-1.495293, 0.3497178, 0.226747, 18.93349, 241.7874
-1.695019, 0.1847179, 0.2372142, 3.464441, 254.6714
-1.495293, 0.1847179, 0.226747, 18.93349, 254.8365
-1.482923, 0.1847179, 0.4627866, 26.5526, 251.2207
-1.682649, 0.1847179, 0.4732538, 11.53951, 251.0654
-1.695019, 0.3497178, 0.2372142, 3.464441, 241.6403
-1.695019, 0.1847179, 0.2372142, 3.464441, 254.6714
-1.682649, 0.1847179, 0.4732538, 11.53951, 251.0654
-1.682649, 0.3497178, 0.4732538, 11.53951, 238.4269
-1.495293, 0.3497178, 0.226747, 18.93349, 241.7874
-1.495293, 0.1847179, 0.226747, 18.93349, 254.8365
-1.695019, 0.1847179, 0.2372142, 3.464441, 254.6714
-1.695019, 0.3497178, 0.2372142, 3.464441, 241.6403
box_7_litchi(Clone) stack 106 Shelf_1 Rack_0_1_2
-1.408676, 1.414419, 0.2535512, 26.53776, 157.5057
-1.608555, 1.414419, 0.2465713, 10.57566, 157.5264
-1.615535, 1.414419, 0.4464495, 15.91342, 156.9496
-1.415656, 1.414419, 0.4534294, 31.46241, 156.93
-1.615535, 1.414419, 0.4464495, 15.91342, 156.9496
-1.615535, 1.204419, 0.4464495, 15.91342, 173.0901
-1.415656, 1.204419, 0.4534294, 31.46241, 173.0561
-1.415656, 1.414419, 0.4534294, 31.46241, 156.93
-1.415656, 1.414419, 0.4534294, 31.46241, 156.93
-1.415656, 1.204419, 0.4534294, 31.46241, 173.0561
-1.408676, 1.204419, 0.2535512, 26.53776, 174.0552
-1.408676, 1.414419, 0.2535512, 26.53776, 157.5057
-1.608555, 1.204419, 0.2465713, 10.57566, 174.091
-1.408676, 1.204419, 0.2535512, 26.53776, 174.0552
-1.415656, 1.204419, 0.4534294, 31.46241, 173.0561
-1.615535, 1.204419, 0.4464495, 15.91342, 173.0901
-1.608555, 1.414419, 0.2465713, 10.57566, 157.5264
-1.608555, 1.204419, 0.2465713, 10.57566, 174.091
-1.615535, 1.204419, 0.4464495, 15.91342, 173.0901
-1.615535, 1.414419, 0.4464495, 15.91342, 156.9496
-1.408676, 1.414419, 0.2535512, 26.53776, 157.5057
-1.408676, 1.204419, 0.2535512, 26.53776, 174.0552
-1.608555, 1.204419, 0.2465713, 10.57566, 174.091
-1.608555, 1.414419, 0.2465713, 10.57566, 157.5264
box_7_litchi(Clone) stack 106 Shelf_1 Rack_0_1_2
-1.419325, 1.624419, 0.2432683, 25.40877, 140.9644
-1.618837, 1.624419, 0.2572196, 10.08641, 140.9534
-1.604886, 1.624419, 0.4567324, 17.02553, 140.8015
-1.405373, 1.624419, 0.4427811, 31.96853, 140.8119
-1.604886, 1.624419, 0.4567324, 17.02553, 140.8015
-1.604886, 1.414419, 0.4567324, 17.02553, 156.9208
-1.405373, 1.414419, 0.4427811, 31.96853, 156.96
-1.405373, 1.624419, 0.4427811, 31.96853, 140.8119
-1.405373, 1.624419, 0.4427811, 31.96853, 140.8119
-1.405373, 1.414419, 0.4427811, 31.96853, 156.96
-1.419325, 1.414419, 0.2432683, 25.40877, 157.5362
-1.419325, 1.624419, 0.2432683, 25.40877, 140.9644
-1.618837, 1.414419, 0.2572196, 10.08641, 157.4949
-1.419325, 1.414419, 0.2432683, 25.40877, 157.5362
-1.405373, 1.414419, 0.4427811, 31.96853, 156.96
-1.604886, 1.414419, 0.4567324, 17.02553, 156.9208
-1.618837, 1.624419, 0.2572196, 10.08641, 140.9534
-1.618837, 1.414419, 0.2572196, 10.08641, 157.4949
-1.604886, 1.414419, 0.4567324, 17.02553, 156.9208
-1.604886, 1.624419, 0.4567324, 17.02553, 140.8015
-1.419325, 1.624419, 0.2432683, 25.40877, 140.9644
-1.419325, 1.414419, 0.2432683, 25.40877, 157.5362
-1.618837, 1.414419, 0.2572196, 10.08641, 157.4949
-1.618837, 1.624419, 0.2572196, 10.08641, 140.9534
box_7_litchi(Clone) stack 106 Shelf_1 Rack_0_1_2
-1.410375, 1.834419, 0.2517608, 26.35363, 124.4044
-1.610345, 1.834419, 0.2482703, 10.48569, 124.3995
-1.613835, 1.834419, 0.4482399, 16.09536, 124.671
-1.413866, 1.834419, 0.4517304, 31.55458, 124.6756
-1.613835, 1.834419, 0.4482399, 16.09536, 124.671
-1.613835, 1.624419, 0.4482399, 16.09536, 140.8078
-1.413866, 1.624419, 0.4517304, 31.55458, 140.8052
-1.413866, 1.834419, 0.4517304, 31.55458, 124.6756
-1.413866, 1.834419, 0.4517304, 31.55458, 124.6756
-1.413866, 1.624419, 0.4517304, 31.55458, 140.8052
-1.410375, 1.624419, 0.2517608, 26.35363, 140.9577
-1.410375, 1.834419, 0.2517608, 26.35363, 124.4044
-1.610345, 1.624419, 0.2482704, 10.48569, 140.9604
-1.410375, 1.624419, 0.2517608, 26.35363, 140.9577
-1.413866, 1.624419, 0.4517304, 31.55458, 140.8052
-1.613835, 1.624419, 0.4482399, 16.09536, 140.8078
-1.610345, 1.834419, 0.2482703, 10.48569, 124.3995
-1.610345, 1.624419, 0.2482704, 10.48569, 140.9604
-1.613835, 1.624419, 0.4482399, 16.09536, 140.8078
-1.613835, 1.834419, 0.4482399, 16.09536, 124.671
-1.410375, 1.834419, 0.2517608, 26.35363, 124.4044
-1.410375, 1.624419, 0.2517608, 26.35363, 140.9577
-1.610345, 1.624419, 0.2482704, 10.48569, 140.9604
-1.610345, 1.834419, 0.2482703, 10.48569, 124.3995
box_7_litchi(Clone) stack 106 Shelf_1 Rack_0_1_2
-1.400664, 2.044419, 0.2629327, 27.43113, 107.8908
-1.599173, 2.044419, 0.2385588, 11.07452, 107.8039
-1.623547, 2.044419, 0.4370681, 15.02721, 108.4963
-1.425038, 2.044419, 0.4614419, 30.95638, 108.5789
-1.623547, 2.044419, 0.4370681, 15.02721, 108.4963
-1.623547, 1.834419, 0.4370681, 15.02721, 124.6562
-1.425038, 1.834419, 0.4614419, 30.95638, 124.6884
-1.425038, 2.044419, 0.4614419, 30.95638, 108.5789
-1.425038, 2.044419, 0.4614419, 30.95638, 108.5789
-1.425038, 1.834419, 0.4614419, 30.95638, 124.6884
-1.400664, 1.834419, 0.2629327, 27.43113, 124.4199
-1.400664, 2.044419, 0.2629327, 27.43113, 107.8908
-1.599173, 1.834419, 0.2385588, 11.07452, 124.386
-1.400664, 1.834419, 0.2629327, 27.43113, 124.4199
-1.425038, 1.834419, 0.4614419, 30.95638, 124.6884
-1.623547, 1.834419, 0.4370681, 15.02721, 124.6562
-1.599173, 2.044419, 0.2385588, 11.07452, 107.8039
-1.599173, 1.834419, 0.2385588, 11.07452, 124.386
-1.623547, 1.834419, 0.4370681, 15.02721, 124.6562
-1.623547, 2.044419, 0.4370681, 15.02721, 108.4963
-1.400664, 2.044419, 0.2629327, 27.43113, 107.8908
-1.400664, 1.834419, 0.2629327, 27.43113, 124.4199
-1.599173, 1.834419, 0.2385588, 11.07452, 124.386
-1.599173, 2.044419, 0.2385588, 11.07452, 107.8039
box_8_lizol(Clone) stack 107 Shelf_1 Rack_0_1_2
-1.815066, 1.380775, 0.4846717, 1.744051, 159.416
-1.815066, 1.204525, 0.4846717, 1.744051, 172.8965
-1.815066, 1.380775, 0.4846717, 1.744051, 159.416
-1.815066, 1.380775, 0.4846717, 1.744051, 159.416
-1.815066, 1.204525, 0.4846717, 1.744051, 172.8965
-1.815066, 1.204525, 0.4846717, 1.744051, 172.8965
box_8_lizol(Clone) stack 107 Shelf_1 Rack_0_1_2
-1.795036, 1.557025, 0.4698395, 2.827635, 145.9562
-1.795036, 1.380775, 0.4698395, 2.827635, 159.4622
-1.795036, 1.557025, 0.4698395, 2.827635, 145.9562
-1.795036, 1.557025, 0.4698395, 2.827635, 145.9562
-1.795036, 1.380775, 0.4698395, 2.827635, 159.4622
-1.795036, 1.380775, 0.4698395, 2.827635, 159.4622
box_8_lizol(Clone) stack 107 Shelf_1 Rack_0_1_2
-1.815066, 1.733275, 0.4846717, 1.744051, 132.455
-1.815066, 1.557025, 0.4846717, 1.744051, 145.9355
-1.815066, 1.733275, 0.4846717, 1.744051, 132.455
-1.815066, 1.733275, 0.4846717, 1.744051, 132.455
-1.815066, 1.557025, 0.4846717, 1.744051, 145.9355
-1.815066, 1.557025, 0.4846717, 1.744051, 145.9355
box_8_lizol(Clone) stack 107 Shelf_1 Rack_0_1_2
-1.78693, 1.909525, 0.4622758, 3.220053, 118.9286
-1.78693, 1.733275, 0.4622758, 3.220053, 132.4477
-1.78693, 1.909525, 0.4622758, 3.220053, 118.9286
-1.78693, 1.909525, 0.4622758, 3.220053, 118.9286
-1.78693, 1.733275, 0.4622758, 3.220053, 132.4477
-1.78693, 1.733275, 0.4622758, 3.220053, 132.4477
box_6_melody(Clone) stack 111 Shelf_2 Rack_0_1_2
-1.808359, 2.576536, 0.4608282, 1.532278, 67.75369
-1.808359, 2.389036, 0.4608282, 1.532278, 82.13837
-1.808359, 2.576536, 0.4608282, 1.532278, 67.75369
-1.808359, 2.576536, 0.4608282, 1.532278, 67.75369
-1.808359, 2.389036, 0.4608282, 1.532278, 82.13837
-1.808359, 2.389036, 0.4608282, 1.532278, 82.13837
box_6_melody(Clone) stack 111 Shelf_2 Rack_0_1_2
-1.829276, 2.764036, 0.4782594, 0.4613972, 53.55057
-1.829276, 2.576536, 0.4782594, 0.4613972, 67.90323
-1.829276, 2.764036, 0.4782594, 0.4613972, 53.55057
-1.829276, 2.764036, 0.4782594, 0.4613972, 53.55057
-1.829276, 2.576536, 0.4782594, 0.4613972, 67.90323
-1.829276, 2.576536, 0.4782594, 0.4613972, 67.90323
box_6_melody(Clone) stack 111 Shelf_2 Rack_0_1_2
-1.81431, 2.951536, 0.4664374, 1.246963, 39.05318
-1.81431, 2.764036, 0.4664374, 1.246963, 53.42755
-1.81431, 2.951536, 0.4664374, 1.246963, 39.05318
-1.81431, 2.951536, 0.4664374, 1.246963, 39.05318
-1.81431, 2.764036, 0.4664374, 1.246963, 53.42755
-1.81431, 2.764036, 0.4664374, 1.246963, 53.42755
