Rack_0_0_2
Shelf_0, Rack_0_0_0, Shelf_0, 2, 0.02, 8.35, 0, 0, 0, 100, 100, 100, -1.8, 1.7, 0.64, 0, 0, 0, -1, 1, 1, 1.16, 0.04, 1.169999, 8.05, 8.05, 1, 2.999998, 0.02, 1.169999, 8.05, 8.05, 0, 1, 1, 1.28, 0.02, 1.169999, 8.35, 8.35, 1, 2.999998, 0.02, 1.169999, 8.35, 8.35, 1, 1, 1, 1.4, 0.02, 1.169999, 8.650001, 8.650001, 1, 2.999998, 0.02, 1.169999, 8.650001, 8.650001
box_8_lizol(Clone) stack 0, Rack_0_0_0, Shelf_0, 2.778488, 0.02, 8.35, -0.7068645, -0.0185099, -0.0185099, 0.5063294, 0.8510638, 0.75, -1.8, 1.7, 0.64, 0, 0, 0, -1, 0, 3.402823E+38, -3.402823E+38, 3.402823E+38, -3.402823E+38, 3.402823E+38, -3.402823E+38, 2.580988, 2.960987, 0.02, 0.24, 8.205, 8.205, 0, 0, 3.402823E+38, -3.402823E+38, 3.402823E+38, -3.402823E+38, 3.402823E+38, -3.402823E+38, 2.580988, 2.960987, 0.02, 0.24, 8.35, 8.35, 1, 0, 3.402823E+38, -3.402823E+38, 3.402823E+38, -3.402823E+38, 3.402823E+38, -3.402823E+38, 2.580988, 2.960987, 0.02, 0.24, 8.495001, 8.495001
box_5_LMRR(Clone) stack 1, Rack_0_0_0, Shelf_0, 2.399187, 0.02, 8.35, -0.7068645, 0.0185099, 0.0185099, 0.5633802, 1.052632, 0.75, -1.8, 1.7, 0.64, 0, 0, 0, -1, 0, 3.402823E+38, -3.402823E+38, 3.402823E+38, -3.402823E+38, 3.402823E+38, -3.402823E+38, 2.221687, 2.561687, 0.02, 0.2, 8.215, 8.215, 0, 0, 3.402823E+38, -3.402823E+38, 3.402823E+38, -3.402823E+38, 3.402823E+38, -3.402823E+38, 2.221687, 2.561687, 0.02, 0.2, 8.35, 8.35, 1, 0, 3.402823E+38, -3.402823E+38, 3.402823E+38, -3.402823E+38, 3.402823E+38, -3.402823E+38, 2.221687, 2.561687, 0.02, 0.2, 8.485001, 8.485001
box_5_LMRR(Clone) stack 1, Rack_0_0_0, Shelf_0, 2.399187, 0.1625, 8.35, -0.7068645, -0.0185099, -0.0185099, 0.5633802, 1.052632, 0.75, -1.8, 1.7, 0.64, 0, 0, 0, -1, 0, 3.402823E+38, -3.402823E+38, 3.402823E+38, -3.402823E+38, 3.402823E+38, -3.402823E+38, 2.221687, 2.561687, 0.1625, 0.3425, 8.215, 8.215, 0, 0, 3.402823E+38, -3.402823E+38, 3.402823E+38, -3.402823E+38, 3.402823E+38, -3.402823E+38, 2.221687, 2.561687, 0.1625, 0.3425, 8.35, 8.35, 1, 0, 3.402823E+38, -3.402823E+38, 3.402823E+38, -3.402823E+38, 3.402823E+38, -3.402823E+38, 2.221687, 2.561687, 0.1625, 0.3425, 8.485001, 8.485001
box_5_LMRR(Clone) stack 1, Rack_0_0_0, Shelf_0, 2.399187, 0.3049999, 8.35, -0.7070799, -0.006170593, -0.006170593, 0.5633804, 1.052632, 0.7500001, -1.8, 1.7, 0.64, 0, 0, 0, -1, 0, 3.402823E+38, -3.402823E+38, 3.402823E+38, -3.402823E+38, 3.402823E+38, -3.402823E+38, 2.221687, 2.561687, 0.3049999, 0.485, 8.215, 8.215, 0, 0, 3.402823E+38, -3.402823E+38, 3.402823E+38, -3.402823E+38, 3.402823E+38, -3.402823E+38, 2.221687, 2.561687, 0.3049999, 0.485, 8.35, 8.35, 1, 0, 3.402823E+38, -3.402823E+38, 3.402823E+38, -3.402823E+38, 3.402823E+38, -3.402823E+38, 2.221687, 2.561687, 0.3049999, 0.485, 8.485001, 8.485001
box_5_LMRR(Clone) stack 1, Rack_0_0_0, Shelf_0, 2.399187, 0.4474999, 8.35, -0.7069991, 0.01234072, 0.01234072, 0.5633803, 1.052632, 0.7500001, -1.8, 1.7, 0.64, 0, 0, 0, -1, 0, 3.402823E+38, -3.402823E+38, 3.402823E+38, -3.402823E+38, 3.402823E+38, -3.402823E+38, 2.221687, 2.561687, 0.4474999, 0.6274998, 8.215, 8.215, 0, 0, 3.402823E+38, -3.402823E+38, 3.402823E+38, -3.402823E+38, 3.402823E+38, -3.402823E+38, 2.221687, 2.561687, 0.4474999, 0.6274998, 8.35, 8.35, 1, 0, 3.402823E+38, -3.402823E+38, 3.402823E+38, -3.402823E+38, 3.402823E+38, -3.402823E+38, 2.221687, 2.561687, 0.4474999, 0.6274998, 8.485001, 8.485001
box_5_LMRR(Clone) stack 1, Rack_0_0_0, Shelf_0, 2.399187, 0.5899999, 8.35, -0.7061377, 0.03700712, 0.03700712, 0.5633803, 1.052632, 0.75, -1.8, 1.7, 0.64, 0, 0, 0, -1, 0, 3.402823E+38, -3.402823E+38, 3.402823E+38, -3.402823E+38, 3.402823E+38, -3.402823E+38, 2.221687, 2.561687, 0.5899999, 0.7699997, 8.215, 8.215, 0, 0, 3.402823E+38, -3.402823E+38, 3.402823E+38, -3.402823E+38, 3.402823E+38, -3.402823E+38, 2.221687, 2.561687, 0.5899999, 0.7699997, 8.35, 8.35, 1, 0, 3.402823E+38, -3.402823E+38, 3.402823E+38, -3.402823E+38, 3.402823E+38, -3.402823E+38, 2.221687, 2.561687, 0.5899999, 0.7699997, 8.485001, 8.485001
box_1_Parle-G-GOLD(Clone) stack 3, Rack_0_0_0, Shelf_0, 1.638398, 0.02, 8.35, -0.7068645, 0.0185099, 0.0185099, 0.526316, 0.8695653, 0.75, -1.8, 1.7, 0.64, 0, 0, 0, -1, 0, 3.402823E+38, -3.402823E+38, 3.402823E+38, -3.402823E+38, 3.402823E+38, -3.402823E+38, 1.448398, 1.828398, 0.02, 0.24, 8.23, 8.23, 0, 0, 3.402823E+38, -3.402823E+38, 3.402823E+38, -3.402823E+38, 3.402823E+38, -3.402823E+38, 1.448398, 1.828398, 0.02, 0.24, 8.35, 8.35, 1, 0, 3.402823E+38, -3.402823E+38, 3.402823E+38, -3.402823E+38, 3.402823E+38, -3.402823E+38, 1.448398, 1.828398, 0.02, 0.24, 8.47, 8.47
box_1_Parle-G-GOLD(Clone) stack 3, Rack_0_0_0, Shelf_0, 1.638398, 0.1925, 8.35, -0.7068645, -0.0185099, -0.0185099, 0.526316, 0.8695653, 0.75, -1.8, 1.7, 0.64, 0, 0, 0, -1, 0, 3.402823E+38, -3.402823E+38, 3.402823E+38, -3.402823E+38, 3.402823E+38, -3.402823E+38, 1.448398, 1.828398, 0.1925, 0.4125001, 8.23, 8.23, 0, 0, 3.402823E+38, -3.402823E+38, 3.402823E+38, -3.402823E+38, 3.402823E+38, -3.402823E+38, 1.448398, 1.828398, 0.1925, 0.4125001, 8.35, 8.35, 1, 0, 3.402823E+38, -3.402823E+38, 3.402823E+38, -3.402823E+38, 3.402823E+38, -3.402823E+38, 1.448398, 1.828398, 0.1925, 0.4125001, 8.47, 8.47
box_1_Parle-G-GOLD(Clone) stack 3, Rack_0_0_0, Shelf_0, 1.638398, 0.3649999, 8.35, -0.7061377, 0.03700712, 0.03700712, 0.5263162, 0.8695654, 0.75, -1.8, 1.7, 0.64, 0, 0, 0, -1, 0, 3.402823E+38, -3.402823E+38, 3.402823E+38, -3.402823E+38, 3.402823E+38, -3.402823E+38, 1.448398, 1.828398, 0.3649999, 0.5849999, 8.23, 8.23, 0, 0, 3.402823E+38, -3.402823E+38, 3.402823E+38, -3.402823E+38, 3.402823E+38, -3.402823E+38, 1.448398, 1.828398, 0.3649999, 0.5849999, 8.35, 8.35, 1, 0, 3.402823E+38, -3.402823E+38, 3.402823E+38, -3.402823E+38, 3.402823E+38, -3.402823E+38, 1.448398, 1.828398, 0.3649999, 0.5849999, 8.47, 8.47
box_1_Parle-G-GOLD(Clone) stack 3, Rack_0_0_0, Shelf_0, 1.638398, 0.5374999, 8.35, -0.7064338, -0.03084356, -0.03084356, 0.5263162, 0.8695654, 0.75, -1.8, 1.7, 0.64, 0, 0, 0, -1, 0, 3.402823E+38, -3.402823E+38, 3.402823E+38, -3.402823E+38, 3.402823E+38, -3.402823E+38, 1.448398, 1.828398, 0.5374999, 0.7574997, 8.23, 8.23, 0, 0, 3.402823E+38, -3.402823E+38, 3.402823E+38, -3.402823E+38, 3.402823E+38, -3.402823E+38, 1.448398, 1.828398, 0.5374999, 0.7574997, 8.35, 8.35, 1, 0, 3.402823E+38, -3.402823E+38, 3.402823E+38, -3.402823E+38, 3.402823E+38, -3.402823E+38, 1.448398, 1.828398, 0.5374999, 0.7574997, 8.47, 8.47
box_1_Parle-G-GOLD(Clone) stack 3, Rack_0_0_0, Shelf_0, 1.638398, 0.7099999, 8.35, -0.7069991, 0.01234072, 0.01234072, 0.5263161, 0.8695654, 0.7500001, -1.8, 1.7, 0.64, 0, 0, 0, -1, 0, 3.402823E+38, -3.402823E+38, 3.402823E+38, -3.402823E+38, 3.402823E+38, -3.402823E+38, 1.448398, 1.828398, 0.7099999, 0.9299996, 8.23, 8.23, 0, 0, 3.402823E+38, -3.402823E+38, 3.402823E+38, -3.402823E+38, 3.402823E+38, -3.402823E+38, 1.448398, 1.828398, 0.7099999, 0.9299996, 8.35, 8.35, 1, 0, 3.402823E+38, -3.402823E+38, 3.402823E+38, -3.402823E+38, 3.402823E+38, -3.402823E+38, 1.448398, 1.828398, 0.7099999, 0.9299996, 8.47, 8.47
box_6_melody(Clone) stack 4, Rack_0_0_0, Shelf_0, 1.263842, 0.02, 8.35, -0.7070799, 0.006170593, 0.006170593, 0.5194808, 0.8000003, 0.7500001, -1.8, 1.7, 0.64, 0, 0, 0, -1, 1, 1.071342, 1.211342, 0.02, 0.26, 8.200001, 8.200001, 1.071342, 1.451341, 0.02, 0.26, 8.200001, 8.200001, 0, 1, 1.071342, 1.271341, 0.02, 0.26, 8.35, 8.35, 1.071342, 1.451341, 0.02, 0.26, 8.35, 8.35, 1, 1, 1.071342, 1.331341, 0.02, 0.26, 8.5, 8.5, 1.071342, 1.451341, 0.02, 0.26, 8.5, 8.5
box_6_melody(Clone) stack 4, Rack_0_0_0, Shelf_0, 1.263842, 0.2074999, 8.35, -0.7061377, 0.03700712, 0.03700712, 0.5194808, 0.8000003, 0.75, -1.8, 1.7, 0.64, 0, 0, 0, -1, 1, 1.071342, 1.211342, 0.2074999, 0.4475, 8.200001, 8.200001, 1.071342, 1.451341, 0.2074999, 0.4475, 8.200001, 8.200001, 0, 1, 1.071342, 1.271341, 0.2074999, 0.4475, 8.35, 8.35, 1.071342, 1.451341, 0.2074999, 0.4475, 8.35, 8.35, 1, 1, 1.071342, 1.331341, 0.2074999, 0.4475, 8.5, 8.5, 1.071342, 1.451341, 0.2074999, 0.4475, 8.5, 8.5
Shelf_1, Rack_0_0_0, Shelf_1, 2, 1.204594, 8.35, 0, 0, 0, 100, 100, 100, -1.8, 1.7, 0.64, 0, 0, 0, -1, 1, 1, 1.16, 1.204594, 2.354593, 8.05, 8.05, 1, 2.999998, 1.204594, 2.354593, 8.05, 8.05, 0, 1, 1, 1.28, 1.204594, 2.354593, 8.35, 8.35, 1, 2.999998, 1.204594, 2.354593, 8.35, 8.35, 1, 1, 1, 1.4, 1.204594, 2.354593, 8.650001, 8.650001, 1, 2.999998, 1.204594, 2.354593, 8.650001, 8.650001
box4_Fairever(Clone) stack 5, Rack_0_0_0, Shelf_1, 1.235684, 1.204594, 8.35, -0.7069991, 0.01234072, 0.01234072, 0.5882353, 0.9090912, 0.7500001, -1.8, 1.7, 0.64, 0, 0, 0, -1, 1, 1.065684, 1.225684, 1.204594, 1.424593, 8.22, 8.22, 1.065684, 1.405684, 1.204594, 1.424593, 8.22, 8.22, 0, 1, 1.065684, 1.265684, 1.204594, 1.424593, 8.35, 8.35, 1.065684, 1.405684, 1.204594, 1.424593, 8.35, 8.35, 1, 1, 1.065684, 1.325684, 1.204594, 1.424593, 8.48, 8.48, 1.065684, 1.405684, 1.204594, 1.424593, 8.48, 8.48
box4_Fairever(Clone) stack 5, Rack_0_0_0, Shelf_1, 1.235684, 1.369594, 8.35, -0.7057879, -0.04316784, -0.04316784, 0.5882353, 0.9090912, 0.75, -1.8, 1.7, 0.64, 0, 0, 0, -1, 1, 1.065684, 1.225684, 1.369594, 1.589593, 8.22, 8.22, 1.065684, 1.405684, 1.369594, 1.589593, 8.22, 8.22, 0, 1, 1.065684, 1.265684, 1.369594, 1.589593, 8.35, 8.35, 1.065684, 1.405684, 1.369594, 1.589593, 8.35, 8.35, 1, 1, 1.065684, 1.325684, 1.369594, 1.589593, 8.48, 8.48, 1.065684, 1.405684, 1.369594, 1.589593, 8.48, 8.48
box4_Fairever(Clone) stack 5, Rack_0_0_0, Shelf_1, 1.235684, 1.534593, 8.35, -0.7070799, -0.006170593, -0.006170593, 0.5882353, 0.9090912, 0.7500001, -1.8, 1.7, 0.64, 0, 0, 0, -1, 1, 1.065684, 1.225684, 1.534593, 1.754593, 8.22, 8.22, 1.065684, 1.405684, 1.534593, 1.754593, 8.22, 8.22, 0, 1, 1.065684, 1.265684, 1.534593, 1.754593, 8.35, 8.35, 1.065684, 1.405684, 1.534593, 1.754593, 8.35, 8.35, 1, 1, 1.065684, 1.325684, 1.534593, 1.754593, 8.48, 8.48, 1.065684, 1.405684, 1.534593, 1.754593, 8.48, 8.48
box4_Fairever(Clone) stack 5, Rack_0_0_0, Shelf_1, 1.235684, 1.699593, 8.35, -0.7061377, -0.03700712, -0.03700712, 0.5882353, 0.9090912, 0.75, -1.8, 1.7, 0.64, 0, 0, 0, -1, 1, 1.065684, 1.225684, 1.699593, 1.919593, 8.22, 8.22, 1.065684, 1.405684, 1.699593, 1.919593, 8.22, 8.22, 0, 1, 1.065684, 1.265684, 1.699593, 1.919593, 8.35, 8.35, 1.065684, 1.405684, 1.699593, 1.919593, 8.35, 8.35, 1, 1, 1.065684, 1.325684, 1.699593, 1.919593, 8.48, 8.48, 1.065684, 1.405684, 1.699593, 1.919593, 8.48, 8.48
box4_Fairever(Clone) stack 5, Rack_0_0_0, Shelf_1, 1.235684, 1.864593, 8.35, -0.7061377, -0.03700712, -0.03700712, 0.5882353, 0.9090912, 0.75, -1.8, 1.7, 0.64, 0, 0, 0, -1, 1, 1.065684, 1.225684, 1.864593, 2.084593, 8.22, 8.22, 1.065684, 1.405684, 1.864593, 2.084593, 8.22, 8.22, 0, 1, 1.065684, 1.265684, 1.864593, 2.084593, 8.35, 8.35, 1.065684, 1.405684, 1.864593, 2.084593, 8.35, 8.35, 1, 1, 1.065684, 1.325684, 1.864593, 2.084593, 8.48, 8.48, 1.065684, 1.405684, 1.864593, 2.084593, 8.48, 8.48
box_2_Parle-G(Clone) stack 7, Rack_0_0_0, Shelf_1, 2.001108, 1.204594, 8.35, -0.7064338, -0.03084356, -0.03084356, 0.5263162, 0.5882354, 0.75, -1.8, 1.7, 0.64, 0, 0, 0, -1, 0, 3.402823E+38, -3.402823E+38, 3.402823E+38, -3.402823E+38, 3.402823E+38, -3.402823E+38, 1.811108, 2.191108, 1.204594, 1.544593, 8.235001, 8.235001, 0, 0, 3.402823E+38, -3.402823E+38, 3.402823E+38, -3.402823E+38, 3.402823E+38, -3.402823E+38, 1.811108, 2.191108, 1.204594, 1.544593, 8.35, 8.35, 1, 0, 3.402823E+38, -3.402823E+38, 3.402823E+38, -3.402823E+38, 3.402823E+38, -3.402823E+38, 1.811108, 2.191108, 1.204594, 1.544593, 8.465, 8.465
box_2_Parle-G(Clone) stack 7, Rack_0_0_0, Shelf_1, 2.001108, 1.459594, 8.35, -0.7069991, -0.01234072, -0.01234072, 0.5263161, 0.5882353, 0.7500001, -1.8, 1.7, 0.64, 0, 0, 0, -1, 0, 3.402823E+38, -3.402823E+38, 3.402823E+38, -3.402823E+38, 3.402823E+38, -3.402823E+38, 1.811108, 2.191108, 1.459594, 1.799593, 8.235001, 8.235001, 0, 0, 3.402823E+38, -3.402823E+38, 3.402823E+38, -3.402823E+38, 3.402823E+38, -3.402823E+38, 1.811108, 2.191108, 1.459594, 1.799593, 8.35, 8.35, 1, 0, 3.402823E+38, -3.402823E+38, 3.402823E+38, -3.402823E+38, 3.402823E+38, -3.402823E+38, 1.811108, 2.191108, 1.459594, 1.799593, 8.465, 8.465
box_2_Parle-G(Clone) stack 7, Rack_0_0_0, Shelf_1, 2.001108, 1.714594, 8.35, -0.7066761, -0.02467767, -0.02467767, 0.5263161, 0.5882353, 0.7500001, -1.8, 1.7, 0.64, 0, 0, 0, -1, 0, 3.402823E+38, -3.402823E+38, 3.402823E+38, -3.402823E+38, 3.402823E+38, -3.402823E+38, 1.811108, 2.191108, 1.714594, 2.054593, 8.235001, 8.235001, 0, 0, 3.402823E+38, -3.402823E+38, 3.402823E+38, -3.402823E+38, 3.402823E+38, -3.402823E+38, 1.811108, 2.191108, 1.714594, 2.054593, 8.35, 8.35, 1, 0, 3.402823E+38, -3.402823E+38, 3.402823E+38, -3.402823E+38, 3.402823E+38, -3.402823E+38, 1.811108, 2.191108, 1.714594, 2.054593, 8.465, 8.465
box_7_litchi(Clone) stack 9, Rack_0_0_0, Shelf_1, 2.776329, 1.204594, 8.35, -0.7066761, -0.02467767, -0.02467767, 0.7142857, 0.7142856, 0.7500001, -1.8, 1.7, 0.64, 0, 0, 0, -1, 0, 3.402823E+38, -3.402823E+38, 3.402823E+38, -3.402823E+38, 3.402823E+38, -3.402823E+38, 2.636329, 2.916329, 1.204594, 1.484593, 8.21, 8.21, 0, 0, 3.402823E+38, -3.402823E+38, 3.402823E+38, -3.402823E+38, 3.402823E+38, -3.402823E+38, 2.636329, 2.916329, 1.204594, 1.484593, 8.35, 8.35, 1, 0, 3.402823E+38, -3.402823E+38, 3.402823E+38, -3.402823E+38, 3.402823E+38, -3.402823E+38, 2.636329, 2.916329, 1.204594, 1.484593, 8.490001, 8.490001
box_7_litchi(Clone) stack 9, Rack_0_0_0, Shelf_1, 2.776329, 1.414594, 8.35, -0.7061377, -0.03700712, -0.03700712, 0.7142858, 0.7142857, 0.75, -1.8, 1.7, 0.64, 0, 0, 0, -1, 0, 3.402823E+38, -3.402823E+38, 3.402823E+38, -3.402823E+38, 3.402823E+38, -3.402823E+38, 2.636329, 2.916329, 1.414594, 1.694593, 8.21, 8.21, 0, 0, 3.402823E+38, -3.402823E+38, 3.402823E+38, -3.402823E+38, 3.402823E+38, -3.402823E+38, 2.636329, 2.916329, 1.414594, 1.694593, 8.35, 8.35, 1, 0, 3.402823E+38, -3.402823E+38, 3.402823E+38, -3.402823E+38, 3.402823E+38, -3.402823E+38, 2.636329, 2.916329, 1.414594, 1.694593, 8.490001, 8.490001
box_7_litchi(Clone) stack 9, Rack_0_0_0, Shelf_1, 2.776329, 1.624594, 8.35, -0.7070799, -0.006170593, -0.006170593, 0.7142857, 0.7142858, 0.7500001, -1.8, 1.7, 0.64, 0, 0, 0, -1, 0, 3.402823E+38, -3.402823E+38, 3.402823E+38, -3.402823E+38, 3.402823E+38, -3.402823E+38, 2.636329, 2.916329, 1.624594, 1.904593, 8.21, 8.21, 0, 0, 3.402823E+38, -3.402823E+38, 3.402823E+38, -3.402823E+38, 3.402823E+38, -3.402823E+38, 2.636329, 2.916329, 1.624594, 1.904593, 8.35, 8.35, 1, 0, 3.402823E+38, -3.402823E+38, 3.402823E+38, -3.402823E+38, 3.402823E+38, -3.402823E+38, 2.636329, 2.916329, 1.624594, 1.904593, 8.490001, 8.490001
box_7_litchi(Clone) stack 9, Rack_0_0_0, Shelf_1, 2.776329, 1.834594, 8.35, -0.7069991, -0.01234072, -0.01234072, 0.7142857, 0.7142857, 0.7500001, -1.8, 1.7, 0.64, 0, 0, 0, -1, 0, 3.402823E+38, -3.402823E+38, 3.402823E+38, -3.402823E+38, 3.402823E+38, -3.402823E+38, 2.636329, 2.916329, 1.834594, 2.114594, 8.21, 8.21, 0, 0, 3.402823E+38, -3.402823E+38, 3.402823E+38, -3.402823E+38, 3.402823E+38, -3.402823E+38, 2.636329, 2.916329, 1.834594, 2.114594, 8.35, 8.35, 1, 0, 3.402823E+38, -3.402823E+38, 3.402823E+38, -3.402823E+38, 3.402823E+38, -3.402823E+38, 2.636329, 2.916329, 1.834594, 2.114594, 8.490001, 8.490001
Shelf_2, Rack_0_0_0, Shelf_2, 2, 2.389187, 8.35, 0, 0, 0, 100, 100, 100, -1.8, 1.7, 0.64, 0, 0, 0, -1, 1, 1, 1.16, 2.389187, 3.359186, 8.05, 8.05, 1, 2.999998, 2.389187, 3.539186, 8.05, 8.05, 0, 1, 1, 1.28, 2.389187, 3.429186, 8.35, 8.35, 1, 2.999998, 2.389187, 3.539186, 8.35, 8.35, 1, 1, 1, 1.4, 2.389187, 3.499186, 8.650001, 8.650001, 1, 2.999998, 2.389187, 3.539186, 8.650001, 8.650001
box_6_melody(Clone) stack 13, Rack_0_0_0, Shelf_2, 1.61679, 2.389187, 8.35, -0.7061377, 0.03700712, 0.03700712, 0.5194808, 0.8000003, 0.75, -1.8, 1.7, 0.64, 0, 0, 0, -1, 0, 3.402823E+38, -3.402823E+38, 3.402823E+38, -3.402823E+38, 3.402823E+38, -3.402823E+38, 1.42429, 1.80429, 2.389187, 2.629187, 8.200001, 8.200001, 0, 0, 3.402823E+38, -3.402823E+38, 3.402823E+38, -3.402823E+38, 3.402823E+38, -3.402823E+38, 1.42429, 1.80429, 2.389187, 2.629187, 8.35, 8.35, 1, 0, 3.402823E+38, -3.402823E+38, 3.402823E+38, -3.402823E+38, 3.402823E+38, -3.402823E+38, 1.42429, 1.80429, 2.389187, 2.629187, 8.5, 8.5
box_8_lizol(Clone) stack 14, Rack_0_0_0, Shelf_2, 1.237779, 2.389187, 8.35, -0.7061377, -0.03700712, -0.03700712, 0.5063294, 0.8510639, 0.75, -1.8, 1.7, 0.64, 0, 0, 0, -1, 1, 1.040279, 1.220279, 2.389187, 2.609187, 8.205, 8.205, 1.040279, 1.420279, 2.389187, 2.609187, 8.205, 8.205, 0, 1, 1.040279, 1.280279, 2.389187, 2.609187, 8.35, 8.35, 1.040279, 1.420279, 2.389187, 2.609187, 8.35, 8.35, 1, 1, 1.040279, 1.340279, 2.389187, 2.609187, 8.495001, 8.495001, 1.040279, 1.420279, 2.389187, 2.609187, 8.495001, 8.495001
box_8_lizol(Clone) stack 14, Rack_0_0_0, Shelf_2, 1.237779, 2.565437, 8.35, -0.7066761, -0.02467767, -0.02467767, 0.5063293, 0.8510638, 0.7500001, -1.8, 1.7, 0.64, 0, 0, 0, -1, 1, 1.040279, 1.220279, 2.565437, 2.785437, 8.205, 8.205, 1.040279, 1.420279, 2.565437, 2.785437, 8.205, 8.205, 0, 1, 1.040279, 1.280279, 2.565437, 2.785437, 8.35, 8.35, 1.040279, 1.420279, 2.565437, 2.785437, 8.35, 8.35, 1, 1, 1.040279, 1.340279, 2.565437, 2.785437, 8.495001, 8.495001, 1.040279, 1.420279, 2.565437, 2.785437, 8.495001, 8.495001
Shelf_0, Rack_0_0_1, Shelf_0, -0.15, 0.02, 8.35, 0, 0, 0, 100, 100, 100, -1.8, 1.7, 0.64, 0, 0, 0, -1, 1, -1.15, 0.8499987, 0.04, 1.169999, 8.05, 8.05, -1.15, 0.8499987, 0.02, 1.169999, 8.05, 8.05, 0, 1, -1.15, 0.8499987, 0.02, 1.169999, 8.35, 8.35, -1.15, 0.8499987, 0.02, 1.169999, 8.35, 8.35, 1, 1, -1.15, 0.8499987, 0.02, 1.169999, 8.650001, 8.650001, -1.15, 0.8499987, 0.02, 1.169999, 8.650001, 8.650001
box_5_LMRR(Clone) stack 15, Rack_0_0_1, Shelf_0, 0.5535618, 0.02, 8.35, -0.7061377, 0.03700712, 0.03700712, 0.5633803, 1.052632, 0.75, -1.8, 1.7, 0.64, 0, 0, 0, -1, 1, 0.3760618, 0.7160617, 0.02, 0.2, 8.215, 8.215, 0.3760618, 0.7160617, 0.02, 0.2, 8.215, 8.215, 0, 1, 0.3760618, 0.7160617, 0.02, 0.2, 8.35, 8.35, 0.3760618, 0.7160617, 0.02, 0.2, 8.35, 8.35, 1, 1, 0.3760618, 0.7160617, 0.02, 0.2, 8.485001, 8.485001, 0.3760618, 0.7160617, 0.02, 0.2, 8.485001, 8.485001
box_5_LMRR(Clone) stack 15, Rack_0_0_1, Shelf_0, 0.5535618, 0.1625, 8.35, -0.7064338, 0.03084356, 0.03084356, 0.5633804, 1.052632, 0.75, -1.8, 1.7, 0.64, 0, 0, 0, -1, 1, 0.3760618, 0.7160617, 0.1625, 0.3425, 8.215, 8.215, 0.3760618, 0.7160617, 0.1625, 0.3425, 8.215, 8.215, 0, 1, 0.3760618, 0.7160617, 0.1625, 0.3425, 8.35, 8.35, 0.3760618, 0.7160617, 0.1625, 0.3425, 8.35, 8.35, 1, 1, 0.3760618, 0.7160617, 0.1625, 0.3425, 8.485001, 8.485001, 0.3760618, 0.7160617, 0.1625, 0.3425, 8.485001, 8.485001
box_5_LMRR(Clone) stack 15, Rack_0_0_1, Shelf_0, 0.5535618, 0.3049999, 8.35, -0.7070799, -0.006170593, -0.006170593, 0.5633804, 1.052632, 0.7500001, -1.8, 1.7, 0.64, 0, 0, 0, -1, 1, 0.3760618, 0.7160617, 0.3049999, 0.485, 8.215, 8.215, 0.3760618, 0.7160617, 0.3049999, 0.485, 8.215, 8.215, 0, 1, 0.3760618, 0.7160617, 0.3049999, 0.485, 8.35, 8.35, 0.3760618, 0.7160617, 0.3049999, 0.485, 8.35, 8.35, 1, 1, 0.3760618, 0.7160617, 0.3049999, 0.485, 8.485001, 8.485001, 0.3760618, 0.7160617, 0.3049999, 0.485, 8.485001, 8.485001
box_5_LMRR(Clone) stack 15, Rack_0_0_1, Shelf_0, 0.5535618, 0.4474999, 8.35, -0.7061377, -0.03700712, -0.03700712, 0.5633803, 1.052632, 0.75, -1.8, 1.7, 0.64, 0, 0, 0, -1, 1, 0.3760618, 0.7160617, 0.4474999, 0.6274998, 8.215, 8.215, 0.3760618, 0.7160617, 0.4474999, 0.6274998, 8.215, 8.215, 0, 1, 0.3760618, 0.7160617, 0.4474999, 0.6274998, 8.35, 8.35, 0.3760618, 0.7160617, 0.4474999, 0.6274998, 8.35, 8.35, 1, 1, 0.3760618, 0.7160617, 0.4474999, 0.6274998, 8.485001, 8.485001, 0.3760618, 0.7160617, 0.4474999, 0.6274998, 8.485001, 8.485001
box_3_Hareli(Clone) stack 16, Rack_0_0_1, Shelf_0, 0.1697797, 0.02, 8.35, -0.7057879, -0.04316784, -0.04316784, 0.5405406, 1, 0.75, -1.8, 1.7, 0.64, 0, 0, 0, -1, 1, -0.01522031, 0.3447797, 0.02, 0.22, 8.240001, 8.240001, -0.01522031, 0.3447797, 0.02, 0.22, 8.240001, 8.240001, 0, 1, -0.01522031, 0.3447797, 0.02, 0.22, 8.35, 8.35, -0.01522031, 0.3447797, 0.02, 0.22, 8.35, 8.35, 1, 1, -0.01522031, 0.3447797, 0.02, 0.22, 8.46, 8.46, -0.01522031, 0.3447797, 0.02, 0.22, 8.46, 8.46
box_6_melody(Clone) stack 17, Rack_0_0_1, Shelf_0, -0.2108009, 0.02, 8.35, -0.7068645, 0.0185099, 0.0185099, 0.5194808, 0.8000002, 0.75, -1.8, 1.7, 0.64, 0, 0, 0, -1, 1, -0.4033009, -0.02330082, 0.02, 0.26, 8.200001, 8.200001, -0.4033009, -0.02330082, 0.02, 0.26, 8.200001, 8.200001, 0, 1, -0.4033009, -0.02330082, 0.02, 0.26, 8.35, 8.35, -0.4033009, -0.02330082, 0.02, 0.26, 8.35, 8.35, 1, 1, -0.4033009, -0.02330082, 0.02, 0.26, 8.5, 8.5, -0.4033009, -0.02330082, 0.02, 0.26, 8.5, 8.5
box_6_melody(Clone) stack 17, Rack_0_0_1, Shelf_0, -0.2108009, 0.2074999, 8.35, -0.7061377, 0.03700712, 0.03700712, 0.5194808, 0.8000003, 0.75, -1.8, 1.7, 0.64, 0, 0, 0, -1, 1, -0.4033009, -0.02330082, 0.2074999, 0.4475, 8.200001, 8.200001, -0.4033009, -0.02330082, 0.2074999, 0.4475, 8.200001, 8.200001, 0, 1, -0.4033009, -0.02330082, 0.2074999, 0.4475, 8.35, 8.35, -0.4033009, -0.02330082, 0.2074999, 0.4475, 8.35, 8.35, 1, 1, -0.4033009, -0.02330082, 0.2074999, 0.4475, 8.5, 8.5, -0.4033009, -0.02330082, 0.2074999, 0.4475, 8.5, 8.5
box_6_melody(Clone) stack 17, Rack_0_0_1, Shelf_0, -0.2108009, 0.3949999, 8.35, -0.7064338, -0.03084356, -0.03084356, 0.5194808, 0.8000003, 0.75, -1.8, 1.7, 0.64, 0, 0, 0, -1, 1, -0.4033009, -0.02330082, 0.3949999, 0.6349998, 8.200001, 8.200001, -0.4033009, -0.02330082, 0.3949999, 0.6349998, 8.200001, 8.200001, 0, 1, -0.4033009, -0.02330082, 0.3949999, 0.6349998, 8.35, 8.35, -0.4033009, -0.02330082, 0.3949999, 0.6349998, 8.35, 8.35, 1, 1, -0.4033009, -0.02330082, 0.3949999, 0.6349998, 8.5, 8.5, -0.4033009, -0.02330082, 0.3949999, 0.6349998, 8.5, 8.5
box_6_melody(Clone) stack 17, Rack_0_0_1, Shelf_0, -0.2108009, 0.5824998, 8.35, -0.7066761, 0.02467767, 0.02467767, 0.5194808, 0.8000002, 0.7500001, -1.8, 1.7, 0.64, 0, 0, 0, -1, 1, -0.4033009, -0.02330082, 0.5824998, 0.8224996, 8.200001, 8.200001, -0.4033009, -0.02330082, 0.5824998, 0.8224996, 8.200001, 8.200001, 0, 1, -0.4033009, -0.02330082, 0.5824998, 0.8224996, 8.35, 8.35, -0.4033009, -0.02330082, 0.5824998, 0.8224996, 8.35, 8.35, 1, 1, -0.4033009, -0.02330082, 0.5824998, 0.8224996, 8.5, 8.5, -0.4033009, -0.02330082, 0.5824998, 0.8224996, 8.5, 8.5
box_3_Hareli(Clone) stack 18, Rack_0_0_1, Shelf_0, -0.5926607, 0.02, 8.35, -0.7061377, 0.03700712, 0.03700712, 0.5405406, 1, 0.75, -1.8, 1.7, 0.64, 0, 0, 0, -1, 1, -0.7776607, -0.4176609, 0.02, 0.22, 8.240001, 8.240001, -0.7776607, -0.4176609, 0.02, 0.22, 8.240001, 8.240001, 0, 1, -0.7776607, -0.4176609, 0.02, 0.22, 8.35, 8.35, -0.7776607, -0.4176609, 0.02, 0.22, 8.35, 8.35, 1, 1, -0.7776607, -0.4176609, 0.02, 0.22, 8.46, 8.46, -0.7776607, -0.4176609, 0.02, 0.22, 8.46, 8.46
box_3_Hareli(Clone) stack 18, Rack_0_0_1, Shelf_0, -0.5926607, 0.17, 8.35, -0.7068645, -0.0185099, -0.0185099, 0.5405405, 1, 0.75, -1.8, 1.7, 0.64, 0, 0, 0, -1, 1, -0.7776607, -0.4176609, 0.17, 0.35, 8.240001, 8.240001, -0.7776607, -0.4176609, 0.17, 0.35, 8.240001, 8.240001, 0, 1, -0.7776607, -0.4176609, 0.17, 0.35, 8.35, 8.35, -0.7776607, -0.4176609, 0.17, 0.35, 8.35, 8.35, 1, 1, -0.7776607, -0.4176609, 0.17, 0.35, 8.46, 8.46, -0.7776607, -0.4176609, 0.17, 0.35, 8.46, 8.46
box_3_Hareli(Clone) stack 18, Rack_0_0_1, Shelf_0, -0.5926607, 0.32, 8.35, -0.7069991, -0.01234072, -0.01234072, 0.5405406, 1, 0.7500001, -1.8, 1.7, 0.64, 0, 0, 0, -1, 1, -0.7776607, -0.4176609, 0.32, 0.5000001, 8.240001, 8.240001, -0.7776607, -0.4176609, 0.32, 0.5000001, 8.240001, 8.240001, 0, 1, -0.7776607, -0.4176609, 0.32, 0.5000001, 8.35, 8.35, -0.7776607, -0.4176609, 0.32, 0.5000001, 8.35, 8.35, 1, 1, -0.7776607, -0.4176609, 0.32, 0.5000001, 8.46, 8.46, -0.7776607, -0.4176609, 0.32, 0.5000001, 8.46, 8.46
box_3_Hareli(Clone) stack 18, Rack_0_0_1, Shelf_0, -0.5926607, 0.47, 8.35, -0.7066761, -0.02467767, -0.02467767, 0.5405405, 1, 0.7500001, -1.8, 1.7, 0.64, 0, 0, 0, -1, 1, -0.7776607, -0.4176609, 0.47, 0.6699998, 8.240001, 8.240001, -0.7776607, -0.4176609, 0.47, 0.6699998, 8.240001, 8.240001, 0, 1, -0.7776607, -0.4176609, 0.47, 0.6699998, 8.35, 8.35, -0.7776607, -0.4176609, 0.47, 0.6699998, 8.35, 8.35, 1, 1, -0.7776607, -0.4176609, 0.47, 0.6699998, 8.46, 8.46, -0.7776607, -0.4176609, 0.47, 0.6699998, 8.46, 8.46
box_3_Hareli(Clone) stack 18, Rack_0_0_1, Shelf_0, -0.5926607, 0.6199999, 8.35, -0.7071068, 0, 0, 0.5405405, 1, 0.7500001, -1.8, 1.7, 0.64, 0, 0, 0, -1, 1, -0.7776607, -0.4176609, 0.6199999, 0.8199998, 8.240001, 8.240001, -0.7776607, -0.4176609, 0.6199999, 0.8199998, 8.240001, 8.240001, 0, 1, -0.7776607, -0.4176609, 0.6199999, 0.8199998, 8.35, 8.35, -0.7776607, -0.4176609, 0.6199999, 0.8199998, 8.35, 8.35, 1, 1, -0.7776607, -0.4176609, 0.6199999, 0.8199998, 8.46, 8.46, -0.7776607, -0.4176609, 0.6199999, 0.8199998, 8.46, 8.46
Shelf_1, Rack_0_0_1, Shelf_1, -0.15, 1.204594, 8.35, 0, 0, 0, 100, 100, 100, -1.8, 1.7, 0.64, 0, 0, 0, -1, 1, -1.15, 0.8499987, 1.204594, 2.354593, 8.05, 8.05, -1.15, 0.8499987, 1.204594, 2.354593, 8.05, 8.05, 0, 1, -1.15, 0.8499987, 1.204594, 2.354593, 8.35, 8.35, -1.15, 0.8499987, 1.204594, 2.354593, 8.35, 8.35, 1, 1, -1.15, 0.8499987, 1.204594, 2.354593, 8.650001, 8.650001, -1.15, 0.8499987, 1.204594, 2.354593, 8.650001, 8.650001
box_3_Hareli(Clone) stack 19, Rack_0_0_1, Shelf_1, 0.5694345, 1.204594, 8.35, -0.7064338, 0.03084356, 0.03084356, 0.5405405, 1, 0.75, -1.8, 1.7, 0.64, 0, 0, 0, -1, 1, 0.3844345, 0.7444344, 1.204594, 1.404593, 8.240001, 8.240001, 0.3844345, 0.7444344, 1.204594, 1.404593, 8.240001, 8.240001, 0, 1, 0.3844345, 0.7444344, 1.204594, 1.404593, 8.35, 8.35, 0.3844345, 0.7444344, 1.204594, 1.404593, 8.35, 8.35, 1, 1, 0.3844345, 0.7444344, 1.204594, 1.404593, 8.46, 8.46, 0.3844345, 0.7444344, 1.204594, 1.404593, 8.46, 8.46
box_3_Hareli(Clone) stack 19, Rack_0_0_1, Shelf_1, 0.5694345, 1.354594, 8.35, -0.7064338, -0.03084356, -0.03084356, 0.5405405, 1, 0.75, -1.8, 1.7, 0.64, 0, 0, 0, -1, 1, 0.3844345, 0.7444344, 1.354594, 1.554593, 8.240001, 8.240001, 0.3844345, 0.7444344, 1.354594, 1.554593, 8.240001, 8.240001, 0, 1, 0.3844345, 0.7444344, 1.354594, 1.554593, 8.35, 8.35, 0.3844345, 0.7444344, 1.354594, 1.554593, 8.35, 8.35, 1, 1, 0.3844345, 0.7444344, 1.354594, 1.554593, 8.46, 8.46, 0.3844345, 0.7444344, 1.354594, 1.554593, 8.46, 8.46
box_3_Hareli(Clone) stack 19, Rack_0_0_1, Shelf_1, 0.5694345, 1.504593, 8.35, -0.7064338, -0.03084356, -0.03084356, 0.5405405, 1, 0.75, -1.8, 1.7, 0.64, 0, 0, 0, -1, 1, 0.3844345, 0.7444344, 1.504593, 1.704593, 8.240001, 8.240001, 0.3844345, 0.7444344, 1.504593, 1.704593, 8.240001, 8.240001, 0, 1, 0.3844345, 0.7444344, 1.504593, 1.704593, 8.35, 8.35, 0.3844345, 0.7444344, 1.504593, 1.704593, 8.35, 8.35, 1, 1, 0.3844345, 0.7444344, 1.504593, 1.704593, 8.46, 8.46, 0.3844345, 0.7444344, 1.504593, 1.704593, 8.46, 8.46
box_3_Hareli(Clone) stack 19, Rack_0_0_1, Shelf_1, 0.5694345, 1.654593, 8.35, -0.7066761, -0.02467767, -0.02467767, 0.5405405, 1, 0.7500001, -1.8, 1.7, 0.64, 0, 0, 0, -1, 1, 0.3844345, 0.7444344, 1.654593, 1.854593, 8.240001, 8.240001, 0.3844345, 0.7444344, 1.654593, 1.854593, 8.240001, 8.240001, 0, 1, 0.3844345, 0.7444344, 1.654593, 1.854593, 8.35, 8.35, 0.3844345, 0.7444344, 1.654593, 1.854593, 8.35, 8.35, 1, 1, 0.3844345, 0.7444344, 1.654593, 1.854593, 8.46, 8.46, 0.3844345, 0.7444344, 1.654593, 1.854593, 8.46, 8.46
box_3_Hareli(Clone) stack 19, Rack_0_0_1, Shelf_1, 0.5694345, 1.804593, 8.35, -0.7070799, -0.006170593, -0.006170593, 0.5405405, 1, 0.7500001, -1.8, 1.7, 0.64, 0, 0, 0, -1, 1, 0.3844345, 0.7444344, 1.804593, 2.004593, 8.240001, 8.240001, 0.3844345, 0.7444344, 1.804593, 2.004593, 8.240001, 8.240001, 0, 1, 0.3844345, 0.7444344, 1.804593, 2.004593, 8.35, 8.35, 0.3844345, 0.7444344, 1.804593, 2.004593, 8.35, 8.35, 1, 1, 0.3844345, 0.7444344, 1.804593, 2.004593, 8.46, 8.46, 0.3844345, 0.7444344, 1.804593, 2.004593, 8.46, 8.46
box_3_Hareli(Clone) stack 21, Rack_0_0_1, Shelf_1, -0.1789598, 1.204594, 8.35, -0.7066761, -0.02467767, -0.02467767, 0.5405405, 1, 0.7500001, -1.8, 1.7, 0.64, 0, 0, 0, -1, 1, -0.3639598, -0.003959779, 1.204594, 1.404593, 8.240001, 8.240001, -0.3639598, -0.003959779, 1.204594, 1.404593, 8.240001, 8.240001, 0, 1, -0.3639598, -0.003959779, 1.204594, 1.404593, 8.35, 8.35, -0.3639598, -0.003959779, 1.204594, 1.404593, 8.35, 8.35, 1, 1, -0.3639598, -0.003959779, 1.204594, 1.404593, 8.46, 8.46, -0.3639598, -0.003959779, 1.204594, 1.404593, 8.46, 8.46
box_3_Hareli(Clone) stack 21, Rack_0_0_1, Shelf_1, -0.1789598, 1.354594, 8.35, -0.7061377, 0.03700712, 0.03700712, 0.5405406, 1, 0.75, -1.8, 1.7, 0.64, 0, 0, 0, -1, 1, -0.3639598, -0.003959779, 1.354594, 1.554593, 8.240001, 8.240001, -0.3639598, -0.003959779, 1.354594, 1.554593, 8.240001, 8.240001, 0, 1, -0.3639598, -0.003959779, 1.354594, 1.554593, 8.35, 8.35, -0.3639598, -0.003959779, 1.354594, 1.554593, 8.35, 8.35, 1, 1, -0.3639598, -0.003959779, 1.354594, 1.554593, 8.46, 8.46, -0.3639598, -0.003959779, 1.354594, 1.554593, 8.46, 8.46
box_3_Hareli(Clone) stack 21, Rack_0_0_1, Shelf_1, -0.1789598, 1.504593, 8.35, -0.7064338, 0.03084356, 0.03084356, 0.5405405, 1, 0.75, -1.8, 1.7, 0.64, 0, 0, 0, -1, 1, -0.3639598, -0.003959779, 1.504593, 1.704593, 8.240001, 8.240001, -0.3639598, -0.003959779, 1.504593, 1.704593, 8.240001, 8.240001, 0, 1, -0.3639598, -0.003959779, 1.504593, 1.704593, 8.35, 8.35, -0.3639598, -0.003959779, 1.504593, 1.704593, 8.35, 8.35, 1, 1, -0.3639598, -0.003959779, 1.504593, 1.704593, 8.46, 8.46, -0.3639598, -0.003959779, 1.504593, 1.704593, 8.46, 8.46
box_3_Hareli(Clone) stack 21, Rack_0_0_1, Shelf_1, -0.1789598, 1.654593, 8.35, -0.7064338, 0.03084356, 0.03084356, 0.5405405, 1, 0.75, -1.8, 1.7, 0.64, 0, 0, 0, -1, 1, -0.3639598, -0.003959779, 1.654593, 1.854593, 8.240001, 8.240001, -0.3639598, -0.003959779, 1.654593, 1.854593, 8.240001, 8.240001, 0, 1, -0.3639598, -0.003959779, 1.654593, 1.854593, 8.35, 8.35, -0.3639598, -0.003959779, 1.654593, 1.854593, 8.35, 8.35, 1, 1, -0.3639598, -0.003959779, 1.654593, 1.854593, 8.46, 8.46, -0.3639598, -0.003959779, 1.654593, 1.854593, 8.46, 8.46
box_3_Hareli(Clone) stack 21, Rack_0_0_1, Shelf_1, -0.1789598, 1.804593, 8.35, -0.7070799, -0.006170593, -0.006170593, 0.5405405, 1, 0.7500001, -1.8, 1.7, 0.64, 0, 0, 0, -1, 1, -0.3639598, -0.003959779, 1.804593, 2.004593, 8.240001, 8.240001, -0.3639598, -0.003959779, 1.804593, 2.004593, 8.240001, 8.240001, 0, 1, -0.3639598, -0.003959779, 1.804593, 2.004593, 8.35, 8.35, -0.3639598, -0.003959779, 1.804593, 2.004593, 8.35, 8.35, 1, 1, -0.3639598, -0.003959779, 1.804593, 2.004593, 8.46, 8.46, -0.3639598, -0.003959779, 1.804593, 2.004593, 8.46, 8.46
box_7_litchi(Clone) stack 22, Rack_0_0_1, Shelf_1, -0.5569003, 1.204594, 8.35, -0.7064338, -0.03084356, -0.03084356, 0.7142858, 0.7142858, 0.75, -1.8, 1.7, 0.64, 0, 0, 0, -1, 1, -0.6969003, -0.4169004, 1.204594, 1.484593, 8.21, 8.21, -0.6969003, -0.4169004, 1.204594, 1.484593, 8.21, 8.21, 0, 1, -0.6969003, -0.4169004, 1.204594, 1.484593, 8.35, 8.35, -0.6969003, -0.4169004, 1.204594, 1.484593, 8.35, 8.35, 1, 1, -0.6969003, -0.4169004, 1.204594, 1.484593, 8.490001, 8.490001, -0.6969003, -0.4169004, 1.204594, 1.484593, 8.490001, 8.490001
box_7_litchi(Clone) stack 22, Rack_0_0_1, Shelf_1, -0.5569003, 1.414594, 8.35, -0.7070799, -0.006170593, -0.006170593, 0.7142857, 0.7142858, 0.7500001, -1.8, 1.7, 0.64, 0, 0, 0, -1, 1, -0.6969003, -0.4169004, 1.414594, 1.694593, 8.21, 8.21, -0.6969003, -0.4169004, 1.414594, 1.694593, 8.21, 8.21, 0, 1, -0.6969003, -0.4169004, 1.414594, 1.694593, 8.35, 8.35, -0.6969003, -0.4169004, 1.414594, 1.694593, 8.35, 8.35, 1, 1, -0.6969003, -0.4169004, 1.414594, 1.694593, 8.490001, 8.490001, -0.6969003, -0.4169004, 1.414594, 1.694593, 8.490001, 8.490001
box_7_litchi(Clone) stack 22, Rack_0_0_1, Shelf_1, -0.5569003, 1.624594, 8.35, -0.7064338, -0.03084356, -0.03084356, 0.7142858, 0.7142858, 0.75, -1.8, 1.7, 0.64, 0, 0, 0, -1, 1, -0.6969003, -0.4169004, 1.624594, 1.904593, 8.21, 8.21, -0.6969003, -0.4169004, 1.624594, 1.904593, 8.21, 8.21, 0, 1, -0.6969003, -0.4169004, 1.624594, 1.904593, 8.35, 8.35, -0.6969003, -0.4169004, 1.624594, 1.904593, 8.35, 8.35, 1, 1, -0.6969003, -0.4169004, 1.624594, 1.904593, 8.490001, 8.490001, -0.6969003, -0.4169004, 1.624594, 1.904593, 8.490001, 8.490001
box_7_litchi(Clone) stack 22, Rack_0_0_1, Shelf_1, -0.5569003, 1.834594, 8.35, -0.7071068, 0, 0, 0.7142857, 0.7142857, 0.7500001, -1.8, 1.7, 0.64, 0, 0, 0, -1, 1, -0.6969003, -0.4169004, 1.834594, 2.114594, 8.21, 8.21, -0.6969003, -0.4169004, 1.834594, 2.114594, 8.21, 8.21, 0, 1, -0.6969003, -0.4169004, 1.834594, 2.114594, 8.35, 8.35, -0.6969003, -0.4169004, 1.834594, 2.114594, 8.35, 8.35, 1, 1, -0.6969003, -0.4169004, 1.834594, 2.114594, 8.490001, 8.490001, -0.6969003, -0.4169004, 1.834594, 2.114594, 8.490001, 8.490001
Shelf_2, Rack_0_0_1, Shelf_2, -0.15, 2.389187, 8.35, 0, 0, 0, 100, 100, 100, -1.8, 1.7, 0.64, 0, 0, 0, -1, 1, -1.15, 0.8499987, 2.389187, 3.359186, 8.05, 8.05, -1.15, 0.8499987, 2.389187, 3.539186, 8.05, 8.05, 0, 1, -1.15, 0.8499987, 2.389187, 3.429186, 8.35, 8.35, -1.15, 0.8499987, 2.389187, 3.539186, 8.35, 8.35, 1, 1, -1.15, 0.8499987, 2.389187, 3.499186, 8.650001, 8.650001, -1.15, 0.8499987, 2.389187, 3.539186, 8.650001, 8.650001
box_8_lizol(Clone) stack 23, Rack_0_0_1, Shelf_2, 0.5987043, 2.389187, 8.35, -0.7071068, 0, 0, 0.5063294, 0.8510639, 0.7500001, -1.8, 1.7, 0.64, 0, 0, 0, -1, 1, 0.4012044, 0.7812042, 2.389187, 2.609187, 8.205, 8.205, 0.4012044, 0.7812042, 2.389187, 2.609187, 8.205, 8.205, 0, 1, 0.4012044, 0.7812042, 2.389187, 2.609187, 8.35, 8.35, 0.4012044, 0.7812042, 2.389187, 2.609187, 8.35, 8.35, 1, 1, 0.4012044, 0.7812042, 2.389187, 2.609187, 8.495001, 8.495001, 0.4012044, 0.7812042, 2.389187, 2.609187, 8.495001, 8.495001
box_8_lizol(Clone) stack 23, Rack_0_0_1, Shelf_2, 0.5987043, 2.565437, 8.35, -0.7064338, -0.03084356, -0.03084356, 0.5063294, 0.8510638, 0.75, -1.8, 1.7, 0.64, 0, 0, 0, -1, 1, 0.4012044, 0.7812042, 2.565437, 2.785437, 8.205, 8.205, 0.4012044, 0.7812042, 2.565437, 2.785437, 8.205, 8.205, 0, 1, 0.4012044, 0.7812042, 2.565437, 2.785437, 8.35, 8.35, 0.4012044, 0.7812042, 2.565437, 2.785437, 8.35, 8.35, 1, 1, 0.4012044, 0.7812042, 2.565437, 2.785437, 8.495001, 8.495001, 0.4012044, 0.7812042, 2.565437, 2.785437, 8.495001, 8.495001
box_5_LMRR(Clone) stack 24, Rack_0_0_1, Shelf_2, 0.2222414, 2.389187, 8.35, -0.7069991, 0.01234072, 0.01234072, 0.5633803, 1.052632, 0.7500001, -1.8, 1.7, 0.64, 0, 0, 0, -1, 1, 0.04474144, 0.3847415, 2.389187, 2.569187, 8.215, 8.215, 0.04474144, 0.3847415, 2.389187, 2.569187, 8.215, 8.215, 0, 1, 0.04474144, 0.3847415, 2.389187, 2.569187, 8.35, 8.35, 0.04474144, 0.3847415, 2.389187, 2.569187, 8.35, 8.35, 1, 1, 0.04474144, 0.3847415, 2.389187, 2.569187, 8.485001, 8.485001, 0.04474144, 0.3847415, 2.389187, 2.569187, 8.485001, 8.485001
box_5_LMRR(Clone) stack 24, Rack_0_0_1, Shelf_2, 0.2222414, 2.531687, 8.35, -0.7066761, -0.02467767, -0.02467767, 0.5633803, 1.052632, 0.7500001, -1.8, 1.7, 0.64, 0, 0, 0, -1, 1, 0.04474144, 0.3847415, 2.531687, 2.711687, 8.215, 8.215, 0.04474144, 0.3847415, 2.531687, 2.711687, 8.215, 8.215, 0, 1, 0.04474144, 0.3847415, 2.531687, 2.711687, 8.35, 8.35, 0.04474144, 0.3847415, 2.531687, 2.711687, 8.35, 8.35, 1, 1, 0.04474144, 0.3847415, 2.531687, 2.711687, 8.485001, 8.485001, 0.04474144, 0.3847415, 2.531687, 2.711687, 8.485001, 8.485001
box_7_litchi(Clone) stack 25, Rack_0_0_1, Shelf_2, -0.1652083, 2.389187, 8.35, -0.7057879, -0.04316784, -0.04316784, 0.7142857, 0.7142858, 0.75, -1.8, 1.7, 0.64, 0, 0, 0, -1, 1, -0.3052083, -0.02520835, 2.389187, 2.669187, 8.21, 8.21, -0.3052083, -0.02520835, 2.389187, 2.669187, 8.21, 8.21, 0, 1, -0.3052083, -0.02520835, 2.389187, 2.669187, 8.35, 8.35, -0.3052083, -0.02520835, 2.389187, 2.669187, 8.35, 8.35, 1, 1, -0.3052083, -0.02520835, 2.389187, 2.669187, 8.490001, 8.490001, -0.3052083, -0.02520835, 2.389187, 2.669187, 8.490001, 8.490001
box_7_litchi(Clone) stack 25, Rack_0_0_1, Shelf_2, -0.1652083, 2.599187, 8.35, -0.7064338, -0.03084356, -0.03084356, 0.7142858, 0.7142858, 0.75, -1.8, 1.7, 0.64, 0, 0, 0, -1, 1, -0.3052083, -0.02520835, 2.599187, 2.879187, 8.21, 8.21, -0.3052083, -0.02520835, 2.599187, 2.879187, 8.21, 8.21, 0, 1, -0.3052083, -0.02520835, 2.599187, 2.879187, 8.35, 8.35, -0.3052083, -0.02520835, 2.599187, 2.879187, 8.35, 8.35, 1, 1, -0.3052083, -0.02520835, 2.599187, 2.879187, 8.490001, 8.490001, -0.3052083, -0.02520835, 2.599187, 2.879187, 8.490001, 8.490001
box_7_litchi(Clone) stack 25, Rack_0_0_1, Shelf_2, -0.1652083, 2.809187, 8.35, -0.7068645, -0.0185099, -0.0185099, 0.7142857, 0.7142857, 0.75, -1.8, 1.7, 0.64, 0, 0, 0, -1, 1, -0.3052083, -0.02520835, 2.809187, 3.089187, 8.21, 8.21, -0.3052083, -0.02520835, 2.809187, 3.089187, 8.21, 8.21, 0, 1, -0.3052083, -0.02520835, 2.809187, 3.089187, 8.35, 8.35, -0.3052083, -0.02520835, 2.809187, 3.089187, 8.35, 8.35, 1, 1, -0.3052083, -0.02520835, 2.809187, 3.089187, 8.490001, 8.490001, -0.3052083, -0.02520835, 2.809187, 3.089187, 8.490001, 8.490001
box_5_LMRR(Clone) stack 26, Rack_0_0_1, Shelf_2, -0.5401473, 2.389187, 8.35, -0.7057879, -0.04316784, -0.04316784, 0.5633803, 1.052632, 0.75, -1.8, 1.7, 0.64, 0, 0, 0, -1, 1, -0.7176473, -0.3776474, 2.389187, 2.569187, 8.215, 8.215, -0.7176473, -0.3776474, 2.389187, 2.569187, 8.215, 8.215, 0, 1, -0.7176473, -0.3776474, 2.389187, 2.569187, 8.35, 8.35, -0.7176473, -0.3776474, 2.389187, 2.569187, 8.35, 8.35, 1, 1, -0.7176473, -0.3776474, 2.389187, 2.569187, 8.485001, 8.485001, -0.7176473, -0.3776474, 2.389187, 2.569187, 8.485001, 8.485001
box_5_LMRR(Clone) stack 26, Rack_0_0_1, Shelf_2, -0.5401473, 2.531687, 8.35, -0.7068645, 0.0185099, 0.0185099, 0.5633802, 1.052632, 0.75, -1.8, 1.7, 0.64, 0, 0, 0, -1, 1, -0.7176473, -0.3776474, 2.531687, 2.711687, 8.215, 8.215, -0.7176473, -0.3776474, 2.531687, 2.711687, 8.215, 8.215, 0, 1, -0.7176473, -0.3776474, 2.531687, 2.711687, 8.35, 8.35, -0.7176473, -0.3776474, 2.531687, 2.711687, 8.35, 8.35, 1, 1, -0.7176473, -0.3776474, 2.531687, 2.711687, 8.485001, 8.485001, -0.7176473, -0.3776474, 2.531687, 2.711687, 8.485001, 8.485001
box_5_LMRR(Clone) stack 26, Rack_0_0_1, Shelf_2, -0.5401473, 2.674187, 8.35, -0.7066761, -0.02467767, -0.02467767, 0.5633803, 1.052632, 0.7500001, -1.8, 1.7, 0.64, 0, 0, 0, -1, 1, -0.7176473, -0.3776474, 2.674187, 2.854187, 8.215, 8.215, -0.7176473, -0.3776474, 2.674187, 2.854187, 8.215, 8.215, 0, 1, -0.7176473, -0.3776474, 2.674187, 2.854187, 8.35, 8.35, -0.7176473, -0.3776474, 2.674187, 2.854187, 8.35, 8.35, 1, 1, -0.7176473, -0.3776474, 2.674187, 2.854187, 8.485001, 8.485001, -0.7176473, -0.3776474, 2.674187, 2.854187, 8.485001, 8.485001
Shelf_0, Rack_0_0_2, Shelf_0, -2.3, 0.02, 8.35, 0, 0, 0, 100, 100, 100, -1.8, 1.7, 0.64, 0, 0, 0, -1, 1, -3.3, -1.300002, 0.04, 1.169999, 8.05, 8.05, -3.3, -1.300002, 0.02, 1.169999, 8.05, 8.05, 0, 1, -3.3, -1.300002, 0.02, 1.169999, 8.35, 8.35, -3.3, -1.300002, 0.02, 1.169999, 8.35, 8.35, 1, 1, -3.3, -1.300002, 0.02, 1.169999, 8.650001, 8.650001, -3.3, -1.300002, 0.02, 1.169999, 8.650001, 8.650001
box_6_melody(Clone) stack 27, Rack_0_0_2, Shelf_0, -3.008047, 0.02, 8.35, -0.7069991, 0.01234072, 0.01234072, 0.5194808, 0.8000003, 0.7500001, -1.8, 1.7, 0.64, 0, 0, 0, -1, 1, -3.200547, -2.820547, 0.02, 0.26, 8.200001, 8.200001, -3.200547, -2.820547, 0.02, 0.26, 8.200001, 8.200001, 0, 1, -3.200547, -2.820547, 0.02, 0.26, 8.35, 8.35, -3.200547, -2.820547, 0.02, 0.26, 8.35, 8.35, 1, 1, -3.200547, -2.820547, 0.02, 0.26, 8.5, 8.5, -3.200547, -2.820547, 0.02, 0.26, 8.5, 8.5
box_6_melody(Clone) stack 28, Rack_0_0_2, Shelf_0, -2.627201, 0.02, 8.35, -0.7061377, -0.03700712, -0.03700712, 0.5194808, 0.8000003, 0.75, -1.8, 1.7, 0.64, 0, 0, 0, -1, 1, -2.8197, -2.439701, 0.02, 0.26, 8.200001, 8.200001, -2.8197, -2.439701, 0.02, 0.26, 8.200001, 8.200001, 0, 1, -2.8197, -2.439701, 0.02, 0.26, 8.35, 8.35, -2.8197, -2.439701, 0.02, 0.26, 8.35, 8.35, 1, 1, -2.8197, -2.439701, 0.02, 0.26, 8.5, 8.5, -2.8197, -2.439701, 0.02, 0.26, 8.5, 8.5
box_6_melody(Clone) stack 28, Rack_0_0_2, Shelf_0, -2.627201, 0.2074999, 8.35, -0.7057879, -0.04316784, -0.04316784, 0.5194808, 0.8000002, 0.75, -1.8, 1.7, 0.64, 0, 0, 0, -1, 1, -2.8197, -2.439701, 0.2074999, 0.4475, 8.200001, 8.200001, -2.8197, -2.439701, 0.2074999, 0.4475, 8.200001, 8.200001, 0, 1, -2.8197, -2.439701, 0.2074999, 0.4475, 8.35, 8.35, -2.8197, -2.439701, 0.2074999, 0.4475, 8.35, 8.35, 1, 1, -2.8197, -2.439701, 0.2074999, 0.4475, 8.5, 8.5, -2.8197, -2.439701, 0.2074999, 0.4475, 8.5, 8.5
box_6_melody(Clone) stack 28, Rack_0_0_2, Shelf_0, -2.627201, 0.3949999, 8.35, -0.7064338, -0.03084356, -0.03084356, 0.5194808, 0.8000003, 0.75, -1.8, 1.7, 0.64, 0, 0, 0, -1, 1, -2.8197, -2.439701, 0.3949999, 0.6349998, 8.200001, 8.200001, -2.8197, -2.439701, 0.3949999, 0.6349998, 8.200001, 8.200001, 0, 1, -2.8197, -2.439701, 0.3949999, 0.6349998, 8.35, 8.35, -2.8197, -2.439701, 0.3949999, 0.6349998, 8.35, 8.35, 1, 1, -2.8197, -2.439701, 0.3949999, 0.6349998, 8.5, 8.5, -2.8197, -2.439701, 0.3949999, 0.6349998, 8.5, 8.5
box_6_melody(Clone) stack 28, Rack_0_0_2, Shelf_0, -2.627201, 0.5824998, 8.35, -0.7066761, 0.02467767, 0.02467767, 0.5194808, 0.8000002, 0.7500001, -1.8, 1.7, 0.64, 0, 0, 0, -1, 1, -2.8197, -2.439701, 0.5824998, 0.8224996, 8.200001, 8.200001, -2.8197, -2.439701, 0.5824998, 0.8224996, 8.200001, 8.200001, 0, 1, -2.8197, -2.439701, 0.5824998, 0.8224996, 8.35, 8.35, -2.8197, -2.439701, 0.5824998, 0.8224996, 8.35, 8.35, 1, 1, -2.8197, -2.439701, 0.5824998, 0.8224996, 8.5, 8.5, -2.8197, -2.439701, 0.5824998, 0.8224996, 8.5, 8.5
box_3_Hareli(Clone) stack 29, Rack_0_0_2, Shelf_0, -2.237973, 0.02, 8.35, -0.7068645, 0.0185099, 0.0185099, 0.5405405, 1, 0.75, -1.8, 1.7, 0.64, 0, 0, 0, -1, 1, -2.422973, -2.062974, 0.02, 0.22, 8.240001, 8.240001, -2.422973, -2.062974, 0.02, 0.22, 8.240001, 8.240001, 0, 1, -2.422973, -2.062974, 0.02, 0.22, 8.35, 8.35, -2.422973, -2.062974, 0.02, 0.22, 8.35, 8.35, 1, 1, -2.422973, -2.062974, 0.02, 0.22, 8.46, 8.46, -2.422973, -2.062974, 0.02, 0.22, 8.46, 8.46
box_3_Hareli(Clone) stack 29, Rack_0_0_2, Shelf_0, -2.237973, 0.17, 8.35, -0.7064338, 0.03084356, 0.03084356, 0.5405405, 1, 0.75, -1.8, 1.7, 0.64, 0, 0, 0, -1, 1, -2.422973, -2.062974, 0.17, 0.35, 8.240001, 8.240001, -2.422973, -2.062974, 0.17, 0.35, 8.240001, 8.240001, 0, 1, -2.422973, -2.062974, 0.17, 0.35, 8.35, 8.35, -2.422973, -2.062974, 0.17, 0.35, 8.35, 8.35, 1, 1, -2.422973, -2.062974, 0.17, 0.35, 8.46, 8.46, -2.422973, -2.062974, 0.17, 0.35, 8.46, 8.46
box_3_Hareli(Clone) stack 29, Rack_0_0_2, Shelf_0, -2.237973, 0.32, 8.35, -0.7068645, 0.0185099, 0.0185099, 0.5405405, 1, 0.75, -1.8, 1.7, 0.64, 0, 0, 0, -1, 1, -2.422973, -2.062974, 0.32, 0.5000001, 8.240001, 8.240001, -2.422973, -2.062974, 0.32, 0.5000001, 8.240001, 8.240001, 0, 1, -2.422973, -2.062974, 0.32, 0.5000001, 8.35, 8.35, -2.422973, -2.062974, 0.32, 0.5000001, 8.35, 8.35, 1, 1, -2.422973, -2.062974, 0.32, 0.5000001, 8.46, 8.46, -2.422973, -2.062974, 0.32, 0.5000001, 8.46, 8.46
box_3_Hareli(Clone) stack 29, Rack_0_0_2, Shelf_0, -2.237973, 0.47, 8.35, -0.7069991, 0.01234072, 0.01234072, 0.5405406, 1, 0.7500001, -1.8, 1.7, 0.64, 0, 0, 0, -1, 1, -2.422973, -2.062974, 0.47, 0.6699998, 8.240001, 8.240001, -2.422973, -2.062974, 0.47, 0.6699998, 8.240001, 8.240001, 0, 1, -2.422973, -2.062974, 0.47, 0.6699998, 8.35, 8.35, -2.422973, -2.062974, 0.47, 0.6699998, 8.35, 8.35, 1, 1, -2.422973, -2.062974, 0.47, 0.6699998, 8.46, 8.46, -2.422973, -2.062974, 0.47, 0.6699998, 8.46, 8.46
box_3_Hareli(Clone) stack 29, Rack_0_0_2, Shelf_0, -2.237973, 0.6199999, 8.35, -0.7069991, -0.01234072, -0.01234072, 0.5405406, 1, 0.7500001, -1.8, 1.7, 0.64, 0, 0, 0, -1, 1, -2.422973, -2.062974, 0.6199999, 0.8199998, 8.240001, 8.240001, -2.422973, -2.062974, 0.6199999, 0.8199998, 8.240001, 8.240001, 0, 1, -2.422973, -2.062974, 0.6199999, 0.8199998, 8.35, 8.35, -2.422973, -2.062974, 0.6199999, 0.8199998, 8.35, 8.35, 1, 1, -2.422973, -2.062974, 0.6199999, 0.8199998, 8.46, 8.46, -2.422973, -2.062974, 0.6199999, 0.8199998, 8.46, 8.46
box_3_Hareli(Clone) stack 30, Rack_0_0_2, Shelf_0, -1.855741, 0.02, 8.35, -0.7061377, 0.03700712, 0.03700712, 0.5405406, 1, 0.75, -1.8, 1.7, 0.64, 0, 0, 0, -1, 1, -2.040741, -1.680742, 0.02, 0.22, 8.240001, 8.240001, -2.040741, -1.680742, 0.02, 0.22, 8.240001, 8.240001, 0, 1, -2.040741, -1.680742, 0.02, 0.22, 8.35, 8.35, -2.040741, -1.680742, 0.02, 0.22, 8.35, 8.35, 1, 1, -2.040741, -1.680742, 0.02, 0.22, 8.46, 8.46, -2.040741, -1.680742, 0.02, 0.22, 8.46, 8.46
box_3_Hareli(Clone) stack 30, Rack_0_0_2, Shelf_0, -1.855741, 0.17, 8.35, -0.7068645, -0.0185099, -0.0185099, 0.5405405, 1, 0.75, -1.8, 1.7, 0.64, 0, 0, 0, -1, 1, -2.040741, -1.680742, 0.17, 0.35, 8.240001, 8.240001, -2.040741, -1.680742, 0.17, 0.35, 8.240001, 8.240001, 0, 1, -2.040741, -1.680742, 0.17, 0.35, 8.35, 8.35, -2.040741, -1.680742, 0.17, 0.35, 8.35, 8.35, 1, 1, -2.040741, -1.680742, 0.17, 0.35, 8.46, 8.46, -2.040741, -1.680742, 0.17, 0.35, 8.46, 8.46
box_3_Hareli(Clone) stack 30, Rack_0_0_2, Shelf_0, -1.855741, 0.32, 8.35, -0.7069991, 0.01234072, 0.01234072, 0.5405406, 1, 0.7500001, -1.8, 1.7, 0.64, 0, 0, 0, -1, 1, -2.040741, -1.680742, 0.32, 0.5000001, 8.240001, 8.240001, -2.040741, -1.680742, 0.32, 0.5000001, 8.240001, 8.240001, 0, 1, -2.040741, -1.680742, 0.32, 0.5000001, 8.35, 8.35, -2.040741, -1.680742, 0.32, 0.5000001, 8.35, 8.35, 1, 1, -2.040741, -1.680742, 0.32, 0.5000001, 8.46, 8.46, -2.040741, -1.680742, 0.32, 0.5000001, 8.46, 8.46
box_3_Hareli(Clone) stack 30, Rack_0_0_2, Shelf_0, -1.855741, 0.47, 8.35, -0.7066761, -0.02467767, -0.02467767, 0.5405405, 1, 0.7500001, -1.8, 1.7, 0.64, 0, 0, 0, -1, 1, -2.040741, -1.680742, 0.47, 0.6699998, 8.240001, 8.240001, -2.040741, -1.680742, 0.47, 0.6699998, 8.240001, 8.240001, 0, 1, -2.040741, -1.680742, 0.47, 0.6699998, 8.35, 8.35, -2.040741, -1.680742, 0.47, 0.6699998, 8.35, 8.35, 1, 1, -2.040741, -1.680742, 0.47, 0.6699998, 8.46, 8.46, -2.040741, -1.680742, 0.47, 0.6699998, 8.46, 8.46
Shelf_1, Rack_0_0_2, Shelf_1, -2.3, 1.204594, 8.35, 0, 0, 0, 100, 100, 100, -1.8, 1.7, 0.64, 0, 0, 0, -1, 1, -3.3, -1.300002, 1.204594, 2.354593, 8.05, 8.05, -3.3, -1.300002, 1.204594, 2.354593, 8.05, 8.05, 0, 1, -3.3, -1.300002, 1.204594, 2.354593, 8.35, 8.35, -3.3, -1.300002, 1.204594, 2.354593, 8.35, 8.35, 1, 1, -3.3, -1.300002, 1.204594, 2.354593, 8.650001, 8.650001, -3.3, -1.300002, 1.204594, 2.354593, 8.650001, 8.650001
box_2_Parle-G(Clone) stack 31, Rack_0_0_2, Shelf_1, -3.014831, 1.204594, 8.35, -0.7070799, 0.006170593, 0.006170593, 0.5263161, 0.5882354, 0.7500001, -1.8, 1.7, 0.64, 0, 0, 0, -1, 1, -3.20483, -2.824831, 1.204594, 1.544593, 8.235001, 8.235001, -3.20483, -2.824831, 1.204594, 1.544593, 8.235001, 8.235001, 0, 1, -3.20483, -2.824831, 1.204594, 1.544593, 8.35, 8.35, -3.20483, -2.824831, 1.204594, 1.544593, 8.35, 8.35, 1, 1, -3.20483, -2.824831, 1.204594, 1.544593, 8.465, 8.465, -3.20483, -2.824831, 1.204594, 1.544593, 8.465, 8.465
box_2_Parle-G(Clone) stack 31, Rack_0_0_2, Shelf_1, -3.014831, 1.459594, 8.35, -0.7068645, -0.0185099, -0.0185099, 0.526316, 0.5882353, 0.75, -1.8, 1.7, 0.64, 0, 0, 0, -1, 1, -3.20483, -2.824831, 1.459594, 1.799593, 8.235001, 8.235001, -3.20483, -2.824831, 1.459594, 1.799593, 8.235001, 8.235001, 0, 1, -3.20483, -2.824831, 1.459594, 1.799593, 8.35, 8.35, -3.20483, -2.824831, 1.459594, 1.799593, 8.35, 8.35, 1, 1, -3.20483, -2.824831, 1.459594, 1.799593, 8.465, 8.465, -3.20483, -2.824831, 1.459594, 1.799593, 8.465, 8.465
box_2_Parle-G(Clone) stack 31, Rack_0_0_2, Shelf_1, -3.014831, 1.714594, 8.35, -0.7064338, -0.03084356, -0.03084356, 0.5263162, 0.5882354, 0.75, -1.8, 1.7, 0.64, 0, 0, 0, -1, 1, -3.20483, -2.824831, 1.714594, 2.054593, 8.235001, 8.235001, -3.20483, -2.824831, 1.714594, 2.054593, 8.235001, 8.235001, 0, 1, -3.20483, -2.824831, 1.714594, 2.054593, 8.35, 8.35, -3.20483, -2.824831, 1.714594, 2.054593, 8.35, 8.35, 1, 1, -3.20483, -2.824831, 1.714594, 2.054593, 8.465, 8.465, -3.20483, -2.824831, 1.714594, 2.054593, 8.465, 8.465
box_3_Hareli(Clone) stack 32, Rack_0_0_2, Shelf_1, -2.635707, 1.204594, 8.35, -0.7064338, -0.03084356, -0.03084356, 0.5405405, 1, 0.75, -1.8, 1.7, 0.64, 0, 0, 0, -1, 1, -2.820707, -2.460707, 1.204594, 1.404593, 8.240001, 8.240001, -2.820707, -2.460707, 1.204594, 1.404593, 8.240001, 8.240001, 0, 1, -2.820707, -2.460707, 1.204594, 1.404593, 8.35, 8.35, -2.820707, -2.460707, 1.204594, 1.404593, 8.35, 8.35, 1, 1, -2.820707, -2.460707, 1.204594, 1.404593, 8.46, 8.46, -2.820707, -2.460707, 1.204594, 1.404593, 8.46, 8.46
box_6_melody(Clone) stack 34, Rack_0_0_2, Shelf_1, -1.868049, 1.204594, 8.35, -0.7061377, 0.03700712, 0.03700712, 0.5194808, 0.8000003, 0.75, -1.8, 1.7, 0.64, 0, 0, 0, -1, 1, -2.060549, -1.680549, 1.204594, 1.444593, 8.200001, 8.200001, -2.060549, -1.680549, 1.204594, 1.444593, 8.200001, 8.200001, 0, 1, -2.060549, -1.680549, 1.204594, 1.444593, 8.35, 8.35, -2.060549, -1.680549, 1.204594, 1.444593, 8.35, 8.35, 1, 1, -2.060549, -1.680549, 1.204594, 1.444593, 8.5, 8.5, -2.060549, -1.680549, 1.204594, 1.444593, 8.5, 8.5
box_6_melody(Clone) stack 34, Rack_0_0_2, Shelf_1, -1.868049, 1.392094, 8.35, -0.7064338, -0.03084356, -0.03084356, 0.5194808, 0.8000003, 0.75, -1.8, 1.7, 0.64, 0, 0, 0, -1, 1, -2.060549, -1.680549, 1.392094, 1.632093, 8.200001, 8.200001, -2.060549, -1.680549, 1.392094, 1.632093, 8.200001, 8.200001, 0, 1, -2.060549, -1.680549, 1.392094, 1.632093, 8.35, 8.35, -2.060549, -1.680549, 1.392094, 1.632093, 8.35, 8.35, 1, 1, -2.060549, -1.680549, 1.392094, 1.632093, 8.5, 8.5, -2.060549, -1.680549, 1.392094, 1.632093, 8.5, 8.5
box_6_melody(Clone) stack 34, Rack_0_0_2, Shelf_1, -1.868049, 1.579594, 8.35, -0.7057879, -0.04316784, -0.04316784, 0.5194808, 0.8000002, 0.75, -1.8, 1.7, 0.64, 0, 0, 0, -1, 1, -2.060549, -1.680549, 1.579594, 1.819593, 8.200001, 8.200001, -2.060549, -1.680549, 1.579594, 1.819593, 8.200001, 8.200001, 0, 1, -2.060549, -1.680549, 1.579594, 1.819593, 8.35, 8.35, -2.060549, -1.680549, 1.579594, 1.819593, 8.35, 8.35, 1, 1, -2.060549, -1.680549, 1.579594, 1.819593, 8.5, 8.5, -2.060549, -1.680549, 1.579594, 1.819593, 8.5, 8.5
box_6_melody(Clone) stack 34, Rack_0_0_2, Shelf_1, -1.868049, 1.767094, 8.35, -0.7066761, 0.02467767, 0.02467767, 0.5194808, 0.8000002, 0.7500001, -1.8, 1.7, 0.64, 0, 0, 0, -1, 1, -2.060549, -1.680549, 1.767094, 2.007093, 8.200001, 8.200001, -2.060549, -1.680549, 1.767094, 2.007093, 8.200001, 8.200001, 0, 1, -2.060549, -1.680549, 1.767094, 2.007093, 8.35, 8.35, -2.060549, -1.680549, 1.767094, 2.007093, 8.35, 8.35, 1, 1, -2.060549, -1.680549, 1.767094, 2.007093, 8.5, 8.5, -2.060549, -1.680549, 1.767094, 2.007093, 8.5, 8.5
Shelf_2, Rack_0_0_2, Shelf_2, -2.3, 2.389187, 8.35, 0, 0, 0, 100, 100, 100, -1.8, 1.7, 0.64, 0, 0, 0, -1, 1, -3.3, -1.300002, 2.389187, 3.359186, 8.05, 8.05, -3.3, -1.300002, 2.389187, 3.539186, 8.05, 8.05, 0, 1, -3.3, -1.300002, 2.389187, 3.429186, 8.35, 8.35, -3.3, -1.300002, 2.389187, 3.539186, 8.35, 8.35, 1, 1, -3.3, -1.300002, 2.389187, 3.499186, 8.650001, 8.650001, -3.3, -1.300002, 2.389187, 3.539186, 8.650001, 8.650001
box4_Fairever(Clone) stack 35, Rack_0_0_2, Shelf_2, -1.53628, 2.389187, 8.35, -0.7069991, -0.01234072, -0.01234072, 0.5882353, 0.9090912, 0.7500001, -1.8, 1.7, 0.64, 0, 0, 0, -1, 1, -1.70628, -1.36628, 2.389187, 2.609187, 8.22, 8.22, -1.70628, -1.36628, 2.389187, 2.609187, 8.22, 8.22, 0, 1, -1.70628, -1.36628, 2.389187, 2.609187, 8.35, 8.35, -1.70628, -1.36628, 2.389187, 2.609187, 8.35, 8.35, 1, 1, -1.70628, -1.36628, 2.389187, 2.609187, 8.48, 8.48, -1.70628, -1.36628, 2.389187, 2.609187, 8.48, 8.48
box_7_litchi(Clone) stack 36, Rack_0_0_2, Shelf_2, -1.912672, 2.389187, 8.35, -0.7069991, -0.01234072, -0.01234072, 0.7142857, 0.7142857, 0.7500001, -1.8, 1.7, 0.64, 0, 0, 0, -1, 1, -2.052672, -1.772673, 2.389187, 2.669187, 8.21, 8.21, -2.052672, -1.772673, 2.389187, 2.669187, 8.21, 8.21, 0, 1, -2.052672, -1.772673, 2.389187, 2.669187, 8.35, 8.35, -2.052672, -1.772673, 2.389187, 2.669187, 8.35, 8.35, 1, 1, -2.052672, -1.772673, 2.389187, 2.669187, 8.490001, 8.490001, -2.052672, -1.772673, 2.389187, 2.669187, 8.490001, 8.490001
box_7_litchi(Clone) stack 36, Rack_0_0_2, Shelf_2, -1.912672, 2.599187, 8.35, -0.7069991, -0.01234072, -0.01234072, 0.7142857, 0.7142857, 0.7500001, -1.8, 1.7, 0.64, 0, 0, 0, -1, 1, -2.052672, -1.772673, 2.599187, 2.879187, 8.21, 8.21, -2.052672, -1.772673, 2.599187, 2.879187, 8.21, 8.21, 0, 1, -2.052672, -1.772673, 2.599187, 2.879187, 8.35, 8.35, -2.052672, -1.772673, 2.599187, 2.879187, 8.35, 8.35, 1, 1, -2.052672, -1.772673, 2.599187, 2.879187, 8.490001, 8.490001, -2.052672, -1.772673, 2.599187, 2.879187, 8.490001, 8.490001
box_7_litchi(Clone) stack 36, Rack_0_0_2, Shelf_2, -1.912672, 2.809187, 8.35, -0.7057879, -0.04316784, -0.04316784, 0.7142857, 0.7142858, 0.75, -1.8, 1.7, 0.64, 0, 0, 0, -1, 1, -2.052672, -1.772673, 2.809187, 3.089187, 8.21, 8.21, -2.052672, -1.772673, 2.809187, 3.089187, 8.21, 8.21, 0, 1, -2.052672, -1.772673, 2.809187, 3.089187, 8.35, 8.35, -2.052672, -1.772673, 2.809187, 3.089187, 8.35, 8.35, 1, 1, -2.052672, -1.772673, 2.809187, 3.089187, 8.490001, 8.490001, -2.052672, -1.772673, 2.809187, 3.089187, 8.490001, 8.490001
box_7_litchi(Clone) stack 36, Rack_0_0_2, Shelf_2, -1.912672, 3.019187, 8.35, -0.7064338, -0.03084356, -0.03084356, 0.7142858, 0.7142858, 0.75, -1.8, 1.7, 0.64, 0, 0, 0, -1, 1, -2.052672, -1.772673, 3.019187, 3.299187, 8.21, 8.21, -2.052672, -1.772673, 3.019187, 3.299187, 8.21, 8.21, 0, 1, -2.052672, -1.772673, 3.019187, 3.299187, 8.35, 8.35, -2.052672, -1.772673, 3.019187, 3.299187, 8.35, 8.35, 1, 1, -2.052672, -1.772673, 3.019187, 3.299187, 8.490001, 8.490001, -2.052672, -1.772673, 3.019187, 3.299187, 8.490001, 8.490001
box_1_Parle-G-GOLD(Clone) stack 37, Rack_0_0_2, Shelf_2, -2.293237, 2.389187, 8.35, -0.7069991, 0.01234072, 0.01234072, 0.5263161, 0.8695654, 0.7500001, -1.8, 1.7, 0.64, 0, 0, 0, -1, 1, -2.483237, -2.103237, 2.389187, 2.609187, 8.23, 8.23, -2.483237, -2.103237, 2.389187, 2.609187, 8.23, 8.23, 0, 1, -2.483237, -2.103237, 2.389187, 2.609187, 8.35, 8.35, -2.483237, -2.103237, 2.389187, 2.609187, 8.35, 8.35, 1, 1, -2.483237, -2.103237, 2.389187, 2.609187, 8.47, 8.47, -2.483237, -2.103237, 2.389187, 2.609187, 8.47, 8.47
box_1_Parle-G-GOLD(Clone) stack 37, Rack_0_0_2, Shelf_2, -2.293237, 2.561687, 8.35, -0.7064338, 0.03084356, 0.03084356, 0.5263162, 0.8695654, 0.75, -1.8, 1.7, 0.64, 0, 0, 0, -1, 1, -2.483237, -2.103237, 2.561687, 2.781687, 8.23, 8.23, -2.483237, -2.103237, 2.561687, 2.781687, 8.23, 8.23, 0, 1, -2.483237, -2.103237, 2.561687, 2.781687, 8.35, 8.35, -2.483237, -2.103237, 2.561687, 2.781687, 8.35, 8.35, 1, 1, -2.483237, -2.103237, 2.561687, 2.781687, 8.47, 8.47, -2.483237, -2.103237, 2.561687, 2.781687, 8.47, 8.47
box_1_Parle-G-GOLD(Clone) stack 37, Rack_0_0_2, Shelf_2, -2.293237, 2.734187, 8.35, -0.7066761, -0.02467767, -0.02467767, 0.5263161, 0.8695653, 0.7500001, -1.8, 1.7, 0.64, 0, 0, 0, -1, 1, -2.483237, -2.103237, 2.734187, 2.954187, 8.23, 8.23, -2.483237, -2.103237, 2.734187, 2.954187, 8.23, 8.23, 0, 1, -2.483237, -2.103237, 2.734187, 2.954187, 8.35, 8.35, -2.483237, -2.103237, 2.734187, 2.954187, 8.35, 8.35, 1, 1, -2.483237, -2.103237, 2.734187, 2.954187, 8.47, 8.47, -2.483237, -2.103237, 2.734187, 2.954187, 8.47, 8.47
box_1_Parle-G-GOLD(Clone) stack 37, Rack_0_0_2, Shelf_2, -2.293237, 2.906687, 8.35, -0.7057879, -0.04316784, -0.04316784, 0.5263161, 0.8695653, 0.75, -1.8, 1.7, 0.64, 0, 0, 0, -1, 1, -2.483237, -2.103237, 2.906687, 3.126687, 8.23, 8.23, -2.483237, -2.103237, 2.906687, 3.126687, 8.23, 8.23, 0, 1, -2.483237, -2.103237, 2.906687, 3.126687, 8.35, 8.35, -2.483237, -2.103237, 2.906687, 3.126687, 8.35, 8.35, 1, 1, -2.483237, -2.103237, 2.906687, 3.126687, 8.47, 8.47, -2.483237, -2.103237, 2.906687, 3.126687, 8.47, 8.47
box_1_Parle-G-GOLD(Clone) stack 37, Rack_0_0_2, Shelf_2, -2.293237, 3.079187, 8.35, -0.7068645, -0.0185099, -0.0185099, 0.526316, 0.8695653, 0.75, -1.8, 1.7, 0.64, 0, 0, 0, -1, 1, -2.483237, -2.103237, 3.079187, 3.299186, 8.23, 8.23, -2.483237, -2.103237, 3.079187, 3.299186, 8.23, 8.23, 0, 1, -2.483237, -2.103237, 3.079187, 3.299186, 8.35, 8.35, -2.483237, -2.103237, 3.079187, 3.299186, 8.35, 8.35, 1, 1, -2.483237, -2.103237, 3.079187, 3.299186, 8.47, 8.47, -2.483237, -2.103237, 3.079187, 3.299186, 8.47, 8.47
box_6_melody(Clone) stack 38, Rack_0_0_2, Shelf_2, -2.677432, 2.389187, 8.35, -0.7071068, 0, 0, 0.5194808, 0.8000003, 0.7500001, -1.8, 1.7, 0.64, 0, 0, 0, -1, 1, -2.869932, -2.489932, 2.389187, 2.629187, 8.200001, 8.200001, -2.869932, -2.489932, 2.389187, 2.629187, 8.200001, 8.200001, 0, 1, -2.869932, -2.489932, 2.389187, 2.629187, 8.35, 8.35, -2.869932, -2.489932, 2.389187, 2.629187, 8.35, 8.35, 1, 1, -2.869932, -2.489932, 2.389187, 2.629187, 8.5, 8.5, -2.869932, -2.489932, 2.389187, 2.629187, 8.5, 8.5
box_6_melody(Clone) stack 38, Rack_0_0_2, Shelf_2, -2.677432, 2.576687, 8.35, -0.7066761, 0.02467767, 0.02467767, 0.5194808, 0.8000002, 0.7500001, -1.8, 1.7, 0.64, 0, 0, 0, -1, 1, -2.869932, -2.489932, 2.576687, 2.816687, 8.200001, 8.200001, -2.869932, -2.489932, 2.576687, 2.816687, 8.200001, 8.200001, 0, 1, -2.869932, -2.489932, 2.576687, 2.816687, 8.35, 8.35, -2.869932, -2.489932, 2.576687, 2.816687, 8.35, 8.35, 1, 1, -2.869932, -2.489932, 2.576687, 2.816687, 8.5, 8.5, -2.869932, -2.489932, 2.576687, 2.816687, 8.5, 8.5
box_6_melody(Clone) stack 38, Rack_0_0_2, Shelf_2, -2.677432, 2.764187, 8.35, -0.7069991, -0.01234072, -0.01234072, 0.5194808, 0.8000003, 0.7500001, -1.8, 1.7, 0.64, 0, 0, 0, -1, 1, -2.869932, -2.489932, 2.764187, 3.004187, 8.200001, 8.200001, -2.869932, -2.489932, 2.764187, 3.004187, 8.200001, 8.200001, 0, 1, -2.869932, -2.489932, 2.764187, 3.004187, 8.35, 8.35, -2.869932, -2.489932, 2.764187, 3.004187, 8.35, 8.35, 1, 1, -2.869932, -2.489932, 2.764187, 3.004187, 8.5, 8.5, -2.869932, -2.489932, 2.764187, 3.004187, 8.5, 8.5
box_3_Hareli(Clone) stack 39, Rack_0_0_2, Shelf_2, -3.07518, 2.389187, 8.35, -0.7068645, 0.0185099, 0.0185099, 0.5405405, 1, 0.75, -1.8, 1.7, 0.64, 0, 0, 0, -1, 1, -3.26018, -2.900181, 2.389187, 2.589187, 8.240001, 8.240001, -3.26018, -2.900181, 2.389187, 2.589187, 8.240001, 8.240001, 0, 1, -3.26018, -2.900181, 2.389187, 2.589187, 8.35, 8.35, -3.26018, -2.900181, 2.389187, 2.589187, 8.35, 8.35, 1, 1, -3.26018, -2.900181, 2.389187, 2.589187, 8.46, 8.46, -3.26018, -2.900181, 2.389187, 2.589187, 8.46, 8.46
box_3_Hareli(Clone) stack 39, Rack_0_0_2, Shelf_2, -3.07518, 2.539187, 8.35, -0.7071068, 0, 0, 0.5405405, 1, 0.7500001, -1.8, 1.7, 0.64, 0, 0, 0, -1, 1, -3.26018, -2.900181, 2.539187, 2.739187, 8.240001, 8.240001, -3.26018, -2.900181, 2.539187, 2.739187, 8.240001, 8.240001, 0, 1, -3.26018, -2.900181, 2.539187, 2.739187, 8.35, 8.35, -3.26018, -2.900181, 2.539187, 2.739187, 8.35, 8.35, 1, 1, -3.26018, -2.900181, 2.539187, 2.739187, 8.46, 8.46, -3.26018, -2.900181, 2.539187, 2.739187, 8.46, 8.46
box_3_Hareli(Clone) stack 39, Rack_0_0_2, Shelf_2, -3.07518, 2.689187, 8.35, -0.7069991, -0.01234072, -0.01234072, 0.5405406, 1, 0.7500001, -1.8, 1.7, 0.64, 0, 0, 0, -1, 1, -3.26018, -2.900181, 2.689187, 2.889187, 8.240001, 8.240001, -3.26018, -2.900181, 2.689187, 2.889187, 8.240001, 8.240001, 0, 1, -3.26018, -2.900181, 2.689187, 2.889187, 8.35, 8.35, -3.26018, -2.900181, 2.689187, 2.889187, 8.35, 8.35, 1, 1, -3.26018, -2.900181, 2.689187, 2.889187, 8.46, 8.46, -3.26018, -2.900181, 2.689187, 2.889187, 8.46, 8.46
box_3_Hareli(Clone) stack 39, Rack_0_0_2, Shelf_2, -3.07518, 2.839187, 8.35, -0.7068645, -0.0185099, -0.0185099, 0.5405405, 1, 0.75, -1.8, 1.7, 0.64, 0, 0, 0, -1, 1, -3.26018, -2.900181, 2.839187, 3.039187, 8.240001, 8.240001, -3.26018, -2.900181, 2.839187, 3.039187, 8.240001, 8.240001, 0, 1, -3.26018, -2.900181, 2.839187, 3.039187, 8.35, 8.35, -3.26018, -2.900181, 2.839187, 3.039187, 8.35, 8.35, 1, 1, -3.26018, -2.900181, 2.839187, 3.039187, 8.46, 8.46, -3.26018, -2.900181, 2.839187, 3.039187, 8.46, 8.46
box_3_Hareli(Clone) stack 39, Rack_0_0_2, Shelf_2, -3.07518, 2.989187, 8.35, -0.7057879, -0.04316784, -0.04316784, 0.5405406, 1, 0.75, -1.8, 1.7, 0.64, 0, 0, 0, -1, 1, -3.26018, -2.900181, 2.989187, 3.189187, 8.240001, 8.240001, -3.26018, -2.900181, 2.989187, 3.189187, 8.240001, 8.240001, 0, 1, -3.26018, -2.900181, 2.989187, 3.189187, 8.35, 8.35, -3.26018, -2.900181, 2.989187, 3.189187, 8.35, 8.35, 1, 1, -3.26018, -2.900181, 2.989187, 3.189187, 8.46, 8.46, -3.26018, -2.900181, 2.989187, 3.189187, 8.46, 8.46
