Rack_1_0_2
Shelf_0, Rack_1_0_0, Shelf_0, -7.45, 0.02, 8.35, 0, 0, 0, 100, 100, 100, -8.099999, 1.7, 0.64, 0, 0, 0, -1, 1, -8.450001, -6.459955, 0.04, 1.169999, 8.05, 8.05, -8.450001, -6.459955, 0.02, 1.169999, 8.05, 8.05, 0, 1, -8.450001, -6.459955, 0.02, 1.169999, 8.35, 8.35, -8.450001, -6.459955, 0.02, 1.169999, 8.35, 8.35, 1, 1, -8.450001, -6.459955, 0.02, 1.169999, 8.650001, 8.650001, -8.450001, -6.459955, 0.02, 1.169999, 8.650001, 8.650001
box_1_Parle-G-GOLD(Clone) stack 40, Rack_1_0_0, Shelf_0, -6.665537, 0.02, 8.35, -0.7061377, -0.03700712, -0.03700712, 0.5263162, 0.8695654, 0.75, -8.099999, 1.7, 0.64, 0, 0, 0, -1, 1, -6.855537, -6.475538, 0.02, 0.24, 8.23, 8.23, -6.855537, -6.475538, 0.02, 0.24, 8.23, 8.23, 0, 1, -6.855537, -6.475538, 0.02, 0.24, 8.35, 8.35, -6.855537, -6.475538, 0.02, 0.24, 8.35, 8.35, 1, 1, -6.855537, -6.475538, 0.02, 0.24, 8.47, 8.47, -6.855537, -6.475538, 0.02, 0.24, 8.47, 8.47
box_1_Parle-G-GOLD(Clone) stack 40, Rack_1_0_0, Shelf_0, -6.665537, 0.1925, 8.35, -0.7066761, 0.02467767, 0.02467767, 0.5263161, 0.8695653, 0.7500001, -8.099999, 1.7, 0.64, 0, 0, 0, -1, 1, -6.855537, -6.475538, 0.1925, 0.4125001, 8.23, 8.23, -6.855537, -6.475538, 0.1925, 0.4125001, 8.23, 8.23, 0, 1, -6.855537, -6.475538, 0.1925, 0.4125001, 8.35, 8.35, -6.855537, -6.475538, 0.1925, 0.4125001, 8.35, 8.35, 1, 1, -6.855537, -6.475538, 0.1925, 0.4125001, 8.47, 8.47, -6.855537, -6.475538, 0.1925, 0.4125001, 8.47, 8.47
box_1_Parle-G-GOLD(Clone) stack 40, Rack_1_0_0, Shelf_0, -6.665537, 0.3649999, 8.35, -0.7071068, 0, 0, 0.5263161, 0.8695654, 0.7500001, -8.099999, 1.7, 0.64, 0, 0, 0, -1, 1, -6.855537, -6.475538, 0.3649999, 0.5849999, 8.23, 8.23, -6.855537, -6.475538, 0.3649999, 0.5849999, 8.23, 8.23, 0, 1, -6.855537, -6.475538, 0.3649999, 0.5849999, 8.35, 8.35, -6.855537, -6.475538, 0.3649999, 0.5849999, 8.35, 8.35, 1, 1, -6.855537, -6.475538, 0.3649999, 0.5849999, 8.47, 8.47, -6.855537, -6.475538, 0.3649999, 0.5849999, 8.47, 8.47
box_1_Parle-G-GOLD(Clone) stack 40, Rack_1_0_0, Shelf_0, -6.665537, 0.5374999, 8.35, -0.7069991, 0.01234072, 0.01234072, 0.5263161, 0.8695654, 0.7500001, -8.099999, 1.7, 0.64, 0, 0, 0, -1, 1, -6.855537, -6.475538, 0.5374999, 0.7574997, 8.23, 8.23, -6.855537, -6.475538, 0.5374999, 0.7574997, 8.23, 8.23, 0, 1, -6.855537, -6.475538, 0.5374999, 0.7574997, 8.35, 8.35, -6.855537, -6.475538, 0.5374999, 0.7574997, 8.35, 8.35, 1, 1, -6.855537, -6.475538, 0.5374999, 0.7574997, 8.47, 8.47, -6.855537, -6.475538, 0.5374999, 0.7574997, 8.47, 8.47
box_5_LMRR(Clone) stack 41, Rack_1_0_0, Shelf_0, -7.042932, 0.02, 8.35, -0.7070799, 0.006170593, 0.006170593, 0.5633804, 1.052632, 0.7500001, -8.099999, 1.7, 0.64, 0, 0, 0, -1, 1, -7.220432, -6.880432, 0.02, 0.2, 8.215, 8.215, -7.220432, -6.880432, 0.02, 0.2, 8.215, 8.215, 0, 1, -7.220432, -6.880432, 0.02, 0.2, 8.35, 8.35, -7.220432, -6.880432, 0.02, 0.2, 8.35, 8.35, 1, 1, -7.220432, -6.880432, 0.02, 0.2, 8.485001, 8.485001, -7.220432, -6.880432, 0.02, 0.2, 8.485001, 8.485001
box_1_Parle-G-GOLD(Clone) stack 42, Rack_1_0_0, Shelf_0, -7.434223, 0.02, 8.35, -0.7061377, 0.03700712, 0.03700712, 0.5263162, 0.8695654, 0.75, -8.099999, 1.7, 0.64, 0, 0, 0, -1, 1, -7.624223, -7.244223, 0.02, 0.24, 8.23, 8.23, -7.624223, -7.244223, 0.02, 0.24, 8.23, 8.23, 0, 1, -7.624223, -7.244223, 0.02, 0.24, 8.35, 8.35, -7.624223, -7.244223, 0.02, 0.24, 8.35, 8.35, 1, 1, -7.624223, -7.244223, 0.02, 0.24, 8.47, 8.47, -7.624223, -7.244223, 0.02, 0.24, 8.47, 8.47
box_8_lizol(Clone) stack 43, Rack_1_0_0, Shelf_0, -7.81314, 0.02, 8.35, -0.7061377, 0.03700712, 0.03700712, 0.5063294, 0.8510639, 0.75, -8.099999, 1.7, 0.64, 0, 0, 0, -1, 1, -8.01064, -7.630641, 0.02, 0.24, 8.205, 8.205, -8.01064, -7.630641, 0.02, 0.24, 8.205, 8.205, 0, 1, -8.01064, -7.630641, 0.02, 0.24, 8.35, 8.35, -8.01064, -7.630641, 0.02, 0.24, 8.35, 8.35, 1, 1, -8.01064, -7.630641, 0.02, 0.24, 8.495001, 8.495001, -8.01064, -7.630641, 0.02, 0.24, 8.495001, 8.495001
box_8_lizol(Clone) stack 43, Rack_1_0_0, Shelf_0, -7.81314, 0.19625, 8.35, -0.7057879, -0.04316784, -0.04316784, 0.5063294, 0.8510638, 0.75, -8.099999, 1.7, 0.64, 0, 0, 0, -1, 1, -8.01064, -7.630641, 0.19625, 0.4162501, 8.205, 8.205, -8.01064, -7.630641, 0.19625, 0.4162501, 8.205, 8.205, 0, 1, -8.01064, -7.630641, 0.19625, 0.4162501, 8.35, 8.35, -8.01064, -7.630641, 0.19625, 0.4162501, 8.35, 8.35, 1, 1, -8.01064, -7.630641, 0.19625, 0.4162501, 8.495001, 8.495001, -8.01064, -7.630641, 0.19625, 0.4162501, 8.495001, 8.495001
box_8_lizol(Clone) stack 43, Rack_1_0_0, Shelf_0, -7.81314, 0.3725, 8.35, -0.7061377, 0.03700712, 0.03700712, 0.5063294, 0.8510639, 0.75, -8.099999, 1.7, 0.64, 0, 0, 0, -1, 1, -8.01064, -7.630641, 0.3725, 0.5925, 8.205, 8.205, -8.01064, -7.630641, 0.3725, 0.5925, 8.205, 8.205, 0, 1, -8.01064, -7.630641, 0.3725, 0.5925, 8.35, 8.35, -8.01064, -7.630641, 0.3725, 0.5925, 8.35, 8.35, 1, 1, -8.01064, -7.630641, 0.3725, 0.5925, 8.495001, 8.495001, -8.01064, -7.630641, 0.3725, 0.5925, 8.495001, 8.495001
box_8_lizol(Clone) stack 43, Rack_1_0_0, Shelf_0, -7.81314, 0.54875, 8.35, -0.7069991, -0.01234072, -0.01234072, 0.5063293, 0.8510639, 0.7500001, -8.099999, 1.7, 0.64, 0, 0, 0, -1, 1, -8.01064, -7.630641, 0.54875, 0.7687498, 8.205, 8.205, -8.01064, -7.630641, 0.54875, 0.7687498, 8.205, 8.205, 0, 1, -8.01064, -7.630641, 0.54875, 0.7687498, 8.35, 8.35, -8.01064, -7.630641, 0.54875, 0.7687498, 8.35, 8.35, 1, 1, -8.01064, -7.630641, 0.54875, 0.7687498, 8.495001, 8.495001, -8.01064, -7.630641, 0.54875, 0.7687498, 8.495001, 8.495001
Shelf_1, Rack_1_0_0, Shelf_1, -7.45, 1.204594, 8.35, 0, 0, 0, 100, 100, 100, -8.099999, 1.7, 0.64, 0, 0, 0, -1, 1, -8.450001, -6.459955, 1.204594, 2.354593, 8.05, 8.05, -8.450001, -6.459955, 1.204594, 2.354593, 8.05, 8.05, 0, 1, -8.450001, -6.459955, 1.204594, 2.354593, 8.35, 8.35, -8.450001, -6.459955, 1.204594, 2.354593, 8.35, 8.35, 1, 1, -8.450001, -6.459955, 1.204594, 2.354593, 8.650001, 8.650001, -8.450001, -6.459955, 1.204594, 2.354593, 8.650001, 8.650001
box4_Fairever(Clone) stack 44, Rack_1_0_0, Shelf_1, -8.188102, 1.204594, 8.35, -0.7066761, 0.02467767, 0.02467767, 0.5882353, 0.9090911, 0.7500001, -8.099999, 1.7, 0.64, 0, 0, 0, -1, 1, -8.358102, -8.038095, 1.204594, 1.424593, 8.22, 8.22, -8.358102, -8.038095, 1.204594, 1.424593, 8.22, 8.22, 0, 1, -8.358102, -8.038095, 1.204594, 1.424593, 8.35, 8.35, -8.358102, -8.038095, 1.204594, 1.424593, 8.35, 8.35, 1, 1, -8.358102, -8.038095, 1.204594, 1.424593, 8.48, 8.48, -8.358102, -8.038095, 1.204594, 1.424593, 8.48, 8.48
box4_Fairever(Clone) stack 44, Rack_1_0_0, Shelf_1, -8.188102, 1.369594, 8.35, -0.7069991, -0.01234072, -0.01234072, 0.5882353, 0.9090912, 0.7500001, -8.099999, 1.7, 0.64, 0, 0, 0, -1, 1, -8.358102, -8.038095, 1.369594, 1.589593, 8.22, 8.22, -8.358102, -8.038095, 1.369594, 1.589593, 8.22, 8.22, 0, 1, -8.358102, -8.038095, 1.369594, 1.589593, 8.35, 8.35, -8.358102, -8.038095, 1.369594, 1.589593, 8.35, 8.35, 1, 1, -8.358102, -8.038095, 1.369594, 1.589593, 8.48, 8.48, -8.358102, -8.038095, 1.369594, 1.589593, 8.48, 8.48
box4_Fairever(Clone) stack 44, Rack_1_0_0, Shelf_1, -8.188102, 1.534593, 8.35, -0.7061377, 0.03700712, 0.03700712, 0.5882353, 0.9090912, 0.75, -8.099999, 1.7, 0.64, 0, 0, 0, -1, 1, -8.358102, -8.038095, 1.534593, 1.754593, 8.22, 8.22, -8.358102, -8.038095, 1.534593, 1.754593, 8.22, 8.22, 0, 1, -8.358102, -8.038095, 1.534593, 1.754593, 8.35, 8.35, -8.358102, -8.038095, 1.534593, 1.754593, 8.35, 8.35, 1, 1, -8.358102, -8.038095, 1.534593, 1.754593, 8.48, 8.48, -8.358102, -8.038095, 1.534593, 1.754593, 8.48, 8.48
box_8_lizol(Clone) stack 45, Rack_1_0_0, Shelf_1, -7.813509, 1.204594, 8.35, -0.7061377, -0.03700712, -0.03700712, 0.5063294, 0.8510639, 0.75, -8.099999, 1.7, 0.64, 0, 0, 0, -1, 1, -8.011008, -7.631009, 1.204594, 1.424593, 8.205, 8.205, -8.011008, -7.631009, 1.204594, 1.424593, 8.205, 8.205, 0, 1, -8.011008, -7.631009, 1.204594, 1.424593, 8.35, 8.35, -8.011008, -7.631009, 1.204594, 1.424593, 8.35, 8.35, 1, 1, -8.011008, -7.631009, 1.204594, 1.424593, 8.495001, 8.495001, -8.011008, -7.631009, 1.204594, 1.424593, 8.495001, 8.495001
box_8_lizol(Clone) stack 45, Rack_1_0_0, Shelf_1, -7.813509, 1.380844, 8.35, -0.7064338, 0.03084356, 0.03084356, 0.5063294, 0.8510638, 0.75, -8.099999, 1.7, 0.64, 0, 0, 0, -1, 1, -8.011008, -7.631009, 1.380844, 1.600843, 8.205, 8.205, -8.011008, -7.631009, 1.380844, 1.600843, 8.205, 8.205, 0, 1, -8.011008, -7.631009, 1.380844, 1.600843, 8.35, 8.35, -8.011008, -7.631009, 1.380844, 1.600843, 8.35, 8.35, 1, 1, -8.011008, -7.631009, 1.380844, 1.600843, 8.495001, 8.495001, -8.011008, -7.631009, 1.380844, 1.600843, 8.495001, 8.495001
box_8_lizol(Clone) stack 45, Rack_1_0_0, Shelf_1, -7.813509, 1.557094, 8.35, -0.7064338, -0.03084356, -0.03084356, 0.5063294, 0.8510638, 0.75, -8.099999, 1.7, 0.64, 0, 0, 0, -1, 1, -8.011008, -7.631009, 1.557094, 1.777093, 8.205, 8.205, -8.011008, -7.631009, 1.557094, 1.777093, 8.205, 8.205, 0, 1, -8.011008, -7.631009, 1.557094, 1.777093, 8.35, 8.35, -8.011008, -7.631009, 1.557094, 1.777093, 8.35, 8.35, 1, 1, -8.011008, -7.631009, 1.557094, 1.777093, 8.495001, 8.495001, -8.011008, -7.631009, 1.557094, 1.777093, 8.495001, 8.495001
box4_Fairever(Clone) stack 46, Rack_1_0_0, Shelf_1, -7.43298, 1.204594, 8.35, -0.7064338, -0.03084356, -0.03084356, 0.5882354, 0.9090912, 0.75, -8.099999, 1.7, 0.64, 0, 0, 0, -1, 1, -7.60298, -7.26298, 1.204594, 1.424593, 8.22, 8.22, -7.60298, -7.26298, 1.204594, 1.424593, 8.22, 8.22, 0, 1, -7.60298, -7.26298, 1.204594, 1.424593, 8.35, 8.35, -7.60298, -7.26298, 1.204594, 1.424593, 8.35, 8.35, 1, 1, -7.60298, -7.26298, 1.204594, 1.424593, 8.48, 8.48, -7.60298, -7.26298, 1.204594, 1.424593, 8.48, 8.48
box4_Fairever(Clone) stack 46, Rack_1_0_0, Shelf_1, -7.43298, 1.369594, 8.35, -0.7061377, -0.03700712, -0.03700712, 0.5882353, 0.9090912, 0.75, -8.099999, 1.7, 0.64, 0, 0, 0, -1, 1, -7.60298, -7.26298, 1.369594, 1.589593, 8.22, 8.22, -7.60298, -7.26298, 1.369594, 1.589593, 8.22, 8.22, 0, 1, -7.60298, -7.26298, 1.369594, 1.589593, 8.35, 8.35, -7.60298, -7.26298, 1.369594, 1.589593, 8.35, 8.35, 1, 1, -7.60298, -7.26298, 1.369594, 1.589593, 8.48, 8.48, -7.60298, -7.26298, 1.369594, 1.589593, 8.48, 8.48
box4_Fairever(Clone) stack 46, Rack_1_0_0, Shelf_1, -7.43298, 1.534593, 8.35, -0.7061377, -0.03700712, -0.03700712, 0.5882353, 0.9090912, 0.75, -8.099999, 1.7, 0.64, 0, 0, 0, -1, 1, -7.60298, -7.26298, 1.534593, 1.754593, 8.22, 8.22, -7.60298, -7.26298, 1.534593, 1.754593, 8.22, 8.22, 0, 1, -7.60298, -7.26298, 1.534593, 1.754593, 8.35, 8.35, -7.60298, -7.26298, 1.534593, 1.754593, 8.35, 8.35, 1, 1, -7.60298, -7.26298, 1.534593, 1.754593, 8.48, 8.48, -7.60298, -7.26298, 1.534593, 1.754593, 8.48, 8.48
box4_Fairever(Clone) stack 46, Rack_1_0_0, Shelf_1, -7.43298, 1.699593, 8.35, -0.7064338, -0.03084356, -0.03084356, 0.5882354, 0.9090912, 0.75, -8.099999, 1.7, 0.64, 0, 0, 0, -1, 1, -7.60298, -7.26298, 1.699593, 1.919593, 8.22, 8.22, -7.60298, -7.26298, 1.699593, 1.919593, 8.22, 8.22, 0, 1, -7.60298, -7.26298, 1.699593, 1.919593, 8.35, 8.35, -7.60298, -7.26298, 1.699593, 1.919593, 8.35, 8.35, 1, 1, -7.60298, -7.26298, 1.699593, 1.919593, 8.48, 8.48, -7.60298, -7.26298, 1.699593, 1.919593, 8.48, 8.48
box4_Fairever(Clone) stack 46, Rack_1_0_0, Shelf_1, -7.43298, 1.864593, 8.35, -0.7070799, 0.006170593, 0.006170593, 0.5882353, 0.9090912, 0.7500001, -8.099999, 1.7, 0.64, 0, 0, 0, -1, 1, -7.60298, -7.26298, 1.864593, 2.084593, 8.22, 8.22, -7.60298, -7.26298, 1.864593, 2.084593, 8.22, 8.22, 0, 1, -7.60298, -7.26298, 1.864593, 2.084593, 8.35, 8.35, -7.60298, -7.26298, 1.864593, 2.084593, 8.35, 8.35, 1, 1, -7.60298, -7.26298, 1.864593, 2.084593, 8.48, 8.48, -7.60298, -7.26298, 1.864593, 2.084593, 8.48, 8.48
box_6_melody(Clone) stack 47, Rack_1_0_0, Shelf_1, -7.047283, 1.204594, 8.35, -0.7068645, 0.0185099, 0.0185099, 0.5194808, 0.8000002, 0.75, -8.099999, 1.7, 0.64, 0, 0, 0, -1, 1, -7.239783, -6.859783, 1.204594, 1.444593, 8.200001, 8.200001, -7.239783, -6.859783, 1.204594, 1.444593, 8.200001, 8.200001, 0, 1, -7.239783, -6.859783, 1.204594, 1.444593, 8.35, 8.35, -7.239783, -6.859783, 1.204594, 1.444593, 8.35, 8.35, 1, 1, -7.239783, -6.859783, 1.204594, 1.444593, 8.5, 8.5, -7.239783, -6.859783, 1.204594, 1.444593, 8.5, 8.5
box_6_melody(Clone) stack 47, Rack_1_0_0, Shelf_1, -7.047283, 1.392094, 8.35, -0.7061377, 0.03700712, 0.03700712, 0.5194808, 0.8000003, 0.75, -8.099999, 1.7, 0.64, 0, 0, 0, -1, 1, -7.239783, -6.859783, 1.392094, 1.632093, 8.200001, 8.200001, -7.239783, -6.859783, 1.392094, 1.632093, 8.200001, 8.200001, 0, 1, -7.239783, -6.859783, 1.392094, 1.632093, 8.35, 8.35, -7.239783, -6.859783, 1.392094, 1.632093, 8.35, 8.35, 1, 1, -7.239783, -6.859783, 1.392094, 1.632093, 8.5, 8.5, -7.239783, -6.859783, 1.392094, 1.632093, 8.5, 8.5
Shelf_2, Rack_1_0_0, Shelf_2, -7.45, 2.389187, 8.35, 0, 0, 0, 100, 100, 100, -8.099999, 1.7, 0.64, 0, 0, 0, -1, 1, -8.450001, -6.459955, 2.389187, 3.359186, 8.05, 8.05, -8.450001, -6.459955, 2.389187, 3.539186, 8.05, 8.05, 0, 1, -8.450001, -6.459955, 2.389187, 3.429186, 8.35, 8.35, -8.450001, -6.459955, 2.389187, 3.539186, 8.35, 8.35, 1, 1, -8.450001, -6.459955, 2.389187, 3.499186, 8.650001, 8.650001, -8.450001, -6.459955, 2.389187, 3.539186, 8.650001, 8.650001
box_1_Parle-G-GOLD(Clone) stack 48, Rack_1_0_0, Shelf_2, -8.174085, 2.389187, 8.35, -0.7071068, 0, 0, 0.5263161, 0.8695654, 0.7500001, -8.099999, 1.7, 0.64, 0, 0, 0, -1, 1, -8.364084, -8.004076, 2.389187, 2.609187, 8.23, 8.23, -8.364084, -8.004076, 2.389187, 2.609187, 8.23, 8.23, 0, 1, -8.364084, -8.004076, 2.389187, 2.609187, 8.35, 8.35, -8.364084, -8.004076, 2.389187, 2.609187, 8.35, 8.35, 1, 1, -8.364084, -8.004076, 2.389187, 2.609187, 8.47, 8.47, -8.364084, -8.004076, 2.389187, 2.609187, 8.47, 8.47
box_8_lizol(Clone) stack 49, Rack_1_0_0, Shelf_2, -7.790464, 2.389187, 8.35, -0.7064338, 0.03084356, 0.03084356, 0.5063294, 0.8510638, 0.75, -8.099999, 1.7, 0.64, 0, 0, 0, -1, 1, -7.987964, -7.607964, 2.389187, 2.609187, 8.205, 8.205, -7.987964, -7.607964, 2.389187, 2.609187, 8.205, 8.205, 0, 1, -7.987964, -7.607964, 2.389187, 2.609187, 8.35, 8.35, -7.987964, -7.607964, 2.389187, 2.609187, 8.35, 8.35, 1, 1, -7.987964, -7.607964, 2.389187, 2.609187, 8.495001, 8.495001, -7.987964, -7.607964, 2.389187, 2.609187, 8.495001, 8.495001
box_7_litchi(Clone) stack 50, Rack_1_0_0, Shelf_2, -7.400298, 2.389187, 8.35, -0.7069991, 0.01234072, 0.01234072, 0.7142857, 0.7142857, 0.7500001, -8.099999, 1.7, 0.64, 0, 0, 0, -1, 1, -7.540298, -7.260298, 2.389187, 2.669187, 8.21, 8.21, -7.540298, -7.260298, 2.389187, 2.669187, 8.21, 8.21, 0, 1, -7.540298, -7.260298, 2.389187, 2.669187, 8.35, 8.35, -7.540298, -7.260298, 2.389187, 2.669187, 8.35, 8.35, 1, 1, -7.540298, -7.260298, 2.389187, 2.669187, 8.490001, 8.490001, -7.540298, -7.260298, 2.389187, 2.669187, 8.490001, 8.490001
box_7_litchi(Clone) stack 50, Rack_1_0_0, Shelf_2, -7.400298, 2.599187, 8.35, -0.7070799, 0.006170593, 0.006170593, 0.7142857, 0.7142858, 0.7500001, -8.099999, 1.7, 0.64, 0, 0, 0, -1, 1, -7.540298, -7.260298, 2.599187, 2.879187, 8.21, 8.21, -7.540298, -7.260298, 2.599187, 2.879187, 8.21, 8.21, 0, 1, -7.540298, -7.260298, 2.599187, 2.879187, 8.35, 8.35, -7.540298, -7.260298, 2.599187, 2.879187, 8.35, 8.35, 1, 1, -7.540298, -7.260298, 2.599187, 2.879187, 8.490001, 8.490001, -7.540298, -7.260298, 2.599187, 2.879187, 8.490001, 8.490001
box_7_litchi(Clone) stack 50, Rack_1_0_0, Shelf_2, -7.400298, 2.809187, 8.35, -0.7068645, 0.0185099, 0.0185099, 0.7142857, 0.7142857, 0.75, -8.099999, 1.7, 0.64, 0, 0, 0, -1, 1, -7.540298, -7.260298, 2.809187, 3.089187, 8.21, 8.21, -7.540298, -7.260298, 2.809187, 3.089187, 8.21, 8.21, 0, 1, -7.540298, -7.260298, 2.809187, 3.089187, 8.35, 8.35, -7.540298, -7.260298, 2.809187, 3.089187, 8.35, 8.35, 1, 1, -7.540298, -7.260298, 2.809187, 3.089187, 8.490001, 8.490001, -7.540298, -7.260298, 2.809187, 3.089187, 8.490001, 8.490001
box_7_litchi(Clone) stack 50, Rack_1_0_0, Shelf_2, -7.400298, 3.019187, 8.35, -0.7069991, 0.01234072, 0.01234072, 0.7142857, 0.7142857, 0.7500001, -8.099999, 1.7, 0.64, 0, 0, 0, -1, 1, -7.540298, -7.260298, 3.019187, 3.299187, 8.21, 8.21, -7.540298, -7.260298, 3.019187, 3.299187, 8.21, 8.21, 0, 1, -7.540298, -7.260298, 3.019187, 3.299187, 8.35, 8.35, -7.540298, -7.260298, 3.019187, 3.299187, 8.35, 8.35, 1, 1, -7.540298, -7.260298, 3.019187, 3.299187, 8.490001, 8.490001, -7.540298, -7.260298, 3.019187, 3.299187, 8.490001, 8.490001
box_8_lizol(Clone) stack 51, Rack_1_0_0, Shelf_2, -7.009696, 2.389187, 8.35, -0.7057879, -0.04316784, -0.04316784, 0.5063294, 0.8510638, 0.75, -8.099999, 1.7, 0.64, 0, 0, 0, -1, 1, -7.207196, -6.827197, 2.389187, 2.609187, 8.205, 8.205, -7.207196, -6.827197, 2.389187, 2.609187, 8.205, 8.205, 0, 1, -7.207196, -6.827197, 2.389187, 2.609187, 8.35, 8.35, -7.207196, -6.827197, 2.389187, 2.609187, 8.35, 8.35, 1, 1, -7.207196, -6.827197, 2.389187, 2.609187, 8.495001, 8.495001, -7.207196, -6.827197, 2.389187, 2.609187, 8.495001, 8.495001
box_8_lizol(Clone) stack 51, Rack_1_0_0, Shelf_2, -7.009696, 2.565437, 8.35, -0.7070799, 0.006170593, 0.006170593, 0.5063294, 0.8510638, 0.7500001, -8.099999, 1.7, 0.64, 0, 0, 0, -1, 1, -7.207196, -6.827197, 2.565437, 2.785437, 8.205, 8.205, -7.207196, -6.827197, 2.565437, 2.785437, 8.205, 8.205, 0, 1, -7.207196, -6.827197, 2.565437, 2.785437, 8.35, 8.35, -7.207196, -6.827197, 2.565437, 2.785437, 8.35, 8.35, 1, 1, -7.207196, -6.827197, 2.565437, 2.785437, 8.495001, 8.495001, -7.207196, -6.827197, 2.565437, 2.785437, 8.495001, 8.495001
box_8_lizol(Clone) stack 51, Rack_1_0_0, Shelf_2, -7.009696, 2.741687, 8.35, -0.7066761, 0.02467767, 0.02467767, 0.5063293, 0.8510638, 0.7500001, -8.099999, 1.7, 0.64, 0, 0, 0, -1, 1, -7.207196, -6.827197, 2.741687, 2.961687, 8.205, 8.205, -7.207196, -6.827197, 2.741687, 2.961687, 8.205, 8.205, 0, 1, -7.207196, -6.827197, 2.741687, 2.961687, 8.35, 8.35, -7.207196, -6.827197, 2.741687, 2.961687, 8.35, 8.35, 1, 1, -7.207196, -6.827197, 2.741687, 2.961687, 8.495001, 8.495001, -7.207196, -6.827197, 2.741687, 2.961687, 8.495001, 8.495001
Shelf_0, Rack_1_0_1, Shelf_0, -9.6, 0.02, 8.35, 0, 0, 0, 100, 100, 100, -8.099999, 1.7, 0.64, 0, 0, 0, -1, 1, -10.6, -8.609955, 0.04, 1.169999, 8.05, 8.05, -10.6, -8.609955, 0.02, 1.169999, 8.05, 8.05, 0, 1, -10.6, -8.609955, 0.02, 1.169999, 8.35, 8.35, -10.6, -8.609955, 0.02, 1.169999, 8.35, 8.35, 1, 1, -10.6, -8.609955, 0.02, 1.169999, 8.650001, 8.650001, -10.6, -8.609955, 0.02, 1.169999, 8.650001, 8.650001
box_2_Parle-G(Clone) stack 52, Rack_1_0_1, Shelf_0, -10.3728, 0.02, 8.35, -0.7064338, 0.03084356, 0.03084356, 0.5263162, 0.5882354, 0.75, -8.099999, 1.7, 0.64, 0, 0, 0, -1, 1, -10.5628, -10.20279, 0.02, 0.34, 8.235001, 8.235001, -10.5628, -10.20279, 0.02, 0.34, 8.235001, 8.235001, 0, 1, -10.5628, -10.20279, 0.02, 0.34, 8.35, 8.35, -10.5628, -10.20279, 0.02, 0.34, 8.35, 8.35, 1, 1, -10.5628, -10.20279, 0.02, 0.34, 8.465, 8.465, -10.5628, -10.20279, 0.02, 0.34, 8.465, 8.465
box_2_Parle-G(Clone) stack 52, Rack_1_0_1, Shelf_0, -10.3728, 0.275, 8.35, -0.7070799, 0.006170593, 0.006170593, 0.5263161, 0.5882354, 0.7500001, -8.099999, 1.7, 0.64, 0, 0, 0, -1, 1, -10.5628, -10.20279, 0.275, 0.595, 8.235001, 8.235001, -10.5628, -10.20279, 0.275, 0.595, 8.235001, 8.235001, 0, 1, -10.5628, -10.20279, 0.275, 0.595, 8.35, 8.35, -10.5628, -10.20279, 0.275, 0.595, 8.35, 8.35, 1, 1, -10.5628, -10.20279, 0.275, 0.595, 8.465, 8.465, -10.5628, -10.20279, 0.275, 0.595, 8.465, 8.465
box_2_Parle-G(Clone) stack 52, Rack_1_0_1, Shelf_0, -10.3728, 0.53, 8.35, -0.7068645, 0.0185099, 0.0185099, 0.526316, 0.5882353, 0.75, -8.099999, 1.7, 0.64, 0, 0, 0, -1, 1, -10.5628, -10.20279, 0.53, 0.8699996, 8.235001, 8.235001, -10.5628, -10.20279, 0.53, 0.8699996, 8.235001, 8.235001, 0, 1, -10.5628, -10.20279, 0.53, 0.8699996, 8.35, 8.35, -10.5628, -10.20279, 0.53, 0.8699996, 8.35, 8.35, 1, 1, -10.5628, -10.20279, 0.53, 0.8699996, 8.465, 8.465, -10.5628, -10.20279, 0.53, 0.8699996, 8.465, 8.465
box_6_melody(Clone) stack 53, Rack_1_0_1, Shelf_0, -10.00214, 0.02, 8.35, -0.7069991, -0.01234072, -0.01234072, 0.5194808, 0.8000003, 0.7500001, -8.099999, 1.7, 0.64, 0, 0, 0, -1, 1, -10.19464, -9.814631, 0.02, 0.26, 8.200001, 8.200001, -10.19464, -9.814631, 0.02, 0.26, 8.200001, 8.200001, 0, 1, -10.19464, -9.814631, 0.02, 0.26, 8.35, 8.35, -10.19464, -9.814631, 0.02, 0.26, 8.35, 8.35, 1, 1, -10.19464, -9.814631, 0.02, 0.26, 8.5, 8.5, -10.19464, -9.814631, 0.02, 0.26, 8.5, 8.5
box_6_melody(Clone) stack 53, Rack_1_0_1, Shelf_0, -10.00214, 0.2074999, 8.35, -0.7066761, -0.02467767, -0.02467767, 0.5194808, 0.8000002, 0.7500001, -8.099999, 1.7, 0.64, 0, 0, 0, -1, 1, -10.19464, -9.814631, 0.2074999, 0.4475, 8.200001, 8.200001, -10.19464, -9.814631, 0.2074999, 0.4475, 8.200001, 8.200001, 0, 1, -10.19464, -9.814631, 0.2074999, 0.4475, 8.35, 8.35, -10.19464, -9.814631, 0.2074999, 0.4475, 8.35, 8.35, 1, 1, -10.19464, -9.814631, 0.2074999, 0.4475, 8.5, 8.5, -10.19464, -9.814631, 0.2074999, 0.4475, 8.5, 8.5
box_6_melody(Clone) stack 53, Rack_1_0_1, Shelf_0, -10.00214, 0.3949999, 8.35, -0.7070799, -0.006170593, -0.006170593, 0.5194808, 0.8000003, 0.7500001, -8.099999, 1.7, 0.64, 0, 0, 0, -1, 1, -10.19464, -9.814631, 0.3949999, 0.6349998, 8.200001, 8.200001, -10.19464, -9.814631, 0.3949999, 0.6349998, 8.200001, 8.200001, 0, 1, -10.19464, -9.814631, 0.3949999, 0.6349998, 8.35, 8.35, -10.19464, -9.814631, 0.3949999, 0.6349998, 8.35, 8.35, 1, 1, -10.19464, -9.814631, 0.3949999, 0.6349998, 8.5, 8.5, -10.19464, -9.814631, 0.3949999, 0.6349998, 8.5, 8.5
box_6_melody(Clone) stack 53, Rack_1_0_1, Shelf_0, -10.00214, 0.5824998, 8.35, -0.7066761, 0.02467767, 0.02467767, 0.5194808, 0.8000002, 0.7500001, -8.099999, 1.7, 0.64, 0, 0, 0, -1, 1, -10.19464, -9.814631, 0.5824998, 0.8224996, 8.200001, 8.200001, -10.19464, -9.814631, 0.5824998, 0.8224996, 8.200001, 8.200001, 0, 1, -10.19464, -9.814631, 0.5824998, 0.8224996, 8.35, 8.35, -10.19464, -9.814631, 0.5824998, 0.8224996, 8.35, 8.35, 1, 1, -10.19464, -9.814631, 0.5824998, 0.8224996, 8.5, 8.5, -10.19464, -9.814631, 0.5824998, 0.8224996, 8.5, 8.5
box_3_Hareli(Clone) stack 54, Rack_1_0_1, Shelf_0, -9.62675, 0.02, 8.35, -0.7068645, -0.0185099, -0.0185099, 0.5405405, 1, 0.75, -8.099999, 1.7, 0.64, 0, 0, 0, -1, 1, -9.81175, -9.451742, 0.02, 0.22, 8.240001, 8.240001, -9.81175, -9.451742, 0.02, 0.22, 8.240001, 8.240001, 0, 1, -9.81175, -9.451742, 0.02, 0.22, 8.35, 8.35, -9.81175, -9.451742, 0.02, 0.22, 8.35, 8.35, 1, 1, -9.81175, -9.451742, 0.02, 0.22, 8.46, 8.46, -9.81175, -9.451742, 0.02, 0.22, 8.46, 8.46
box_3_Hareli(Clone) stack 54, Rack_1_0_1, Shelf_0, -9.62675, 0.17, 8.35, -0.7066761, -0.02467767, -0.02467767, 0.5405405, 1, 0.7500001, -8.099999, 1.7, 0.64, 0, 0, 0, -1, 1, -9.81175, -9.451742, 0.17, 0.35, 8.240001, 8.240001, -9.81175, -9.451742, 0.17, 0.35, 8.240001, 8.240001, 0, 1, -9.81175, -9.451742, 0.17, 0.35, 8.35, 8.35, -9.81175, -9.451742, 0.17, 0.35, 8.35, 8.35, 1, 1, -9.81175, -9.451742, 0.17, 0.35, 8.46, 8.46, -9.81175, -9.451742, 0.17, 0.35, 8.46, 8.46
box_3_Hareli(Clone) stack 54, Rack_1_0_1, Shelf_0, -9.62675, 0.32, 8.35, -0.7057879, -0.04316784, -0.04316784, 0.5405406, 1, 0.75, -8.099999, 1.7, 0.64, 0, 0, 0, -1, 1, -9.81175, -9.451742, 0.32, 0.5000001, 8.240001, 8.240001, -9.81175, -9.451742, 0.32, 0.5000001, 8.240001, 8.240001, 0, 1, -9.81175, -9.451742, 0.32, 0.5000001, 8.35, 8.35, -9.81175, -9.451742, 0.32, 0.5000001, 8.35, 8.35, 1, 1, -9.81175, -9.451742, 0.32, 0.5000001, 8.46, 8.46, -9.81175, -9.451742, 0.32, 0.5000001, 8.46, 8.46
box_3_Hareli(Clone) stack 54, Rack_1_0_1, Shelf_0, -9.62675, 0.47, 8.35, -0.7069991, -0.01234072, -0.01234072, 0.5405406, 1, 0.7500001, -8.099999, 1.7, 0.64, 0, 0, 0, -1, 1, -9.81175, -9.451742, 0.47, 0.6699998, 8.240001, 8.240001, -9.81175, -9.451742, 0.47, 0.6699998, 8.240001, 8.240001, 0, 1, -9.81175, -9.451742, 0.47, 0.6699998, 8.35, 8.35, -9.81175, -9.451742, 0.47, 0.6699998, 8.35, 8.35, 1, 1, -9.81175, -9.451742, 0.47, 0.6699998, 8.46, 8.46, -9.81175, -9.451742, 0.47, 0.6699998, 8.46, 8.46
box_3_Hareli(Clone) stack 54, Rack_1_0_1, Shelf_0, -9.62675, 0.6199999, 8.35, -0.7061377, 0.03700712, 0.03700712, 0.5405406, 1, 0.75, -8.099999, 1.7, 0.64, 0, 0, 0, -1, 1, -9.81175, -9.451742, 0.6199999, 0.8199998, 8.240001, 8.240001, -9.81175, -9.451742, 0.6199999, 0.8199998, 8.240001, 8.240001, 0, 1, -9.81175, -9.451742, 0.6199999, 0.8199998, 8.35, 8.35, -9.81175, -9.451742, 0.6199999, 0.8199998, 8.35, 8.35, 1, 1, -9.81175, -9.451742, 0.6199999, 0.8199998, 8.46, 8.46, -9.81175, -9.451742, 0.6199999, 0.8199998, 8.46, 8.46
box_1_Parle-G-GOLD(Clone) stack 55, Rack_1_0_1, Shelf_0, -9.230558, 0.02, 8.35, -0.7070799, -0.006170593, -0.006170593, 0.5263161, 0.8695654, 0.7500001, -8.099999, 1.7, 0.64, 0, 0, 0, -1, 1, -9.420558, -9.06055, 0.02, 0.24, 8.23, 8.23, -9.420558, -9.06055, 0.02, 0.24, 8.23, 8.23, 0, 1, -9.420558, -9.06055, 0.02, 0.24, 8.35, 8.35, -9.420558, -9.06055, 0.02, 0.24, 8.35, 8.35, 1, 1, -9.420558, -9.06055, 0.02, 0.24, 8.47, 8.47, -9.420558, -9.06055, 0.02, 0.24, 8.47, 8.47
box_1_Parle-G-GOLD(Clone) stack 55, Rack_1_0_1, Shelf_0, -9.230558, 0.1925, 8.35, -0.7070799, -0.006170593, -0.006170593, 0.5263161, 0.8695654, 0.7500001, -8.099999, 1.7, 0.64, 0, 0, 0, -1, 1, -9.420558, -9.06055, 0.1925, 0.4125001, 8.23, 8.23, -9.420558, -9.06055, 0.1925, 0.4125001, 8.23, 8.23, 0, 1, -9.420558, -9.06055, 0.1925, 0.4125001, 8.35, 8.35, -9.420558, -9.06055, 0.1925, 0.4125001, 8.35, 8.35, 1, 1, -9.420558, -9.06055, 0.1925, 0.4125001, 8.47, 8.47, -9.420558, -9.06055, 0.1925, 0.4125001, 8.47, 8.47
box_1_Parle-G-GOLD(Clone) stack 55, Rack_1_0_1, Shelf_0, -9.230558, 0.3649999, 8.35, -0.7061377, -0.03700712, -0.03700712, 0.5263162, 0.8695654, 0.75, -8.099999, 1.7, 0.64, 0, 0, 0, -1, 1, -9.420558, -9.06055, 0.3649999, 0.5849999, 8.23, 8.23, -9.420558, -9.06055, 0.3649999, 0.5849999, 8.23, 8.23, 0, 1, -9.420558, -9.06055, 0.3649999, 0.5849999, 8.35, 8.35, -9.420558, -9.06055, 0.3649999, 0.5849999, 8.35, 8.35, 1, 1, -9.420558, -9.06055, 0.3649999, 0.5849999, 8.47, 8.47, -9.420558, -9.06055, 0.3649999, 0.5849999, 8.47, 8.47
box_1_Parle-G-GOLD(Clone) stack 55, Rack_1_0_1, Shelf_0, -9.230558, 0.5374999, 8.35, -0.7068645, 0.0185099, 0.0185099, 0.526316, 0.8695653, 0.75, -8.099999, 1.7, 0.64, 0, 0, 0, -1, 1, -9.420558, -9.06055, 0.5374999, 0.7574997, 8.23, 8.23, -9.420558, -9.06055, 0.5374999, 0.7574997, 8.23, 8.23, 0, 1, -9.420558, -9.06055, 0.5374999, 0.7574997, 8.35, 8.35, -9.420558, -9.06055, 0.5374999, 0.7574997, 8.35, 8.35, 1, 1, -9.420558, -9.06055, 0.5374999, 0.7574997, 8.47, 8.47, -9.420558, -9.06055, 0.5374999, 0.7574997, 8.47, 8.47
box_1_Parle-G-GOLD(Clone) stack 55, Rack_1_0_1, Shelf_0, -9.230558, 0.7099999, 8.35, -0.7068645, -0.0185099, -0.0185099, 0.526316, 0.8695653, 0.75, -8.099999, 1.7, 0.64, 0, 0, 0, -1, 1, -9.420558, -9.06055, 0.7099999, 0.9299996, 8.23, 8.23, -9.420558, -9.06055, 0.7099999, 0.9299996, 8.23, 8.23, 0, 1, -9.420558, -9.06055, 0.7099999, 0.9299996, 8.35, 8.35, -9.420558, -9.06055, 0.7099999, 0.9299996, 8.35, 8.35, 1, 1, -9.420558, -9.06055, 0.7099999, 0.9299996, 8.47, 8.47, -9.420558, -9.06055, 0.7099999, 0.9299996, 8.47, 8.47
Shelf_1, Rack_1_0_1, Shelf_1, -9.6, 1.204594, 8.35, 0, 0, 0, 100, 100, 100, -8.099999, 1.7, 0.64, 0, 0, 0, -1, 1, -10.6, -8.609955, 1.204594, 2.354593, 8.05, 8.05, -10.6, -8.609955, 1.204594, 2.354593, 8.05, 8.05, 0, 1, -10.6, -8.609955, 1.204594, 2.354593, 8.35, 8.35, -10.6, -8.609955, 1.204594, 2.354593, 8.35, 8.35, 1, 1, -10.6, -8.609955, 1.204594, 2.354593, 8.650001, 8.650001, -10.6, -8.609955, 1.204594, 2.354593, 8.650001, 8.650001
box_3_Hareli(Clone) stack 56, Rack_1_0_1, Shelf_1, -10.39353, 1.204594, 8.35, -0.7064338, -0.03084356, -0.03084356, 0.5405405, 1, 0.75, -8.099999, 1.7, 0.64, 0, 0, 0, -1, 1, -10.57853, -10.21852, 1.204594, 1.404593, 8.240001, 8.240001, -10.57853, -10.21852, 1.204594, 1.404593, 8.240001, 8.240001, 0, 1, -10.57853, -10.21852, 1.204594, 1.404593, 8.35, 8.35, -10.57853, -10.21852, 1.204594, 1.404593, 8.35, 8.35, 1, 1, -10.57853, -10.21852, 1.204594, 1.404593, 8.46, 8.46, -10.57853, -10.21852, 1.204594, 1.404593, 8.46, 8.46
box_3_Hareli(Clone) stack 56, Rack_1_0_1, Shelf_1, -10.39353, 1.354594, 8.35, -0.7061377, 0.03700712, 0.03700712, 0.5405406, 1, 0.75, -8.099999, 1.7, 0.64, 0, 0, 0, -1, 1, -10.57853, -10.21852, 1.354594, 1.554593, 8.240001, 8.240001, -10.57853, -10.21852, 1.354594, 1.554593, 8.240001, 8.240001, 0, 1, -10.57853, -10.21852, 1.354594, 1.554593, 8.35, 8.35, -10.57853, -10.21852, 1.354594, 1.554593, 8.35, 8.35, 1, 1, -10.57853, -10.21852, 1.354594, 1.554593, 8.46, 8.46, -10.57853, -10.21852, 1.354594, 1.554593, 8.46, 8.46
box_3_Hareli(Clone) stack 56, Rack_1_0_1, Shelf_1, -10.39353, 1.504593, 8.35, -0.7064338, 0.03084356, 0.03084356, 0.5405405, 1, 0.75, -8.099999, 1.7, 0.64, 0, 0, 0, -1, 1, -10.57853, -10.21852, 1.504593, 1.704593, 8.240001, 8.240001, -10.57853, -10.21852, 1.504593, 1.704593, 8.240001, 8.240001, 0, 1, -10.57853, -10.21852, 1.504593, 1.704593, 8.35, 8.35, -10.57853, -10.21852, 1.504593, 1.704593, 8.35, 8.35, 1, 1, -10.57853, -10.21852, 1.504593, 1.704593, 8.46, 8.46, -10.57853, -10.21852, 1.504593, 1.704593, 8.46, 8.46
box_3_Hareli(Clone) stack 56, Rack_1_0_1, Shelf_1, -10.39353, 1.654593, 8.35, -0.7061377, 0.03700712, 0.03700712, 0.5405406, 1, 0.75, -8.099999, 1.7, 0.64, 0, 0, 0, -1, 1, -10.57853, -10.21852, 1.654593, 1.854593, 8.240001, 8.240001, -10.57853, -10.21852, 1.654593, 1.854593, 8.240001, 8.240001, 0, 1, -10.57853, -10.21852, 1.654593, 1.854593, 8.35, 8.35, -10.57853, -10.21852, 1.654593, 1.854593, 8.35, 8.35, 1, 1, -10.57853, -10.21852, 1.654593, 1.854593, 8.46, 8.46, -10.57853, -10.21852, 1.654593, 1.854593, 8.46, 8.46
box_3_Hareli(Clone) stack 56, Rack_1_0_1, Shelf_1, -10.39353, 1.804593, 8.35, -0.7064338, 0.03084356, 0.03084356, 0.5405405, 1, 0.75, -8.099999, 1.7, 0.64, 0, 0, 0, -1, 1, -10.57853, -10.21852, 1.804593, 2.004593, 8.240001, 8.240001, -10.57853, -10.21852, 1.804593, 2.004593, 8.240001, 8.240001, 0, 1, -10.57853, -10.21852, 1.804593, 2.004593, 8.35, 8.35, -10.57853, -10.21852, 1.804593, 2.004593, 8.35, 8.35, 1, 1, -10.57853, -10.21852, 1.804593, 2.004593, 8.46, 8.46, -10.57853, -10.21852, 1.804593, 2.004593, 8.46, 8.46
box_8_lizol(Clone) stack 57, Rack_1_0_1, Shelf_1, -10.00376, 1.204594, 8.35, -0.7068645, 0.0185099, 0.0185099, 0.5063294, 0.8510638, 0.75, -8.099999, 1.7, 0.64, 0, 0, 0, -1, 1, -10.20126, -9.821256, 1.204594, 1.424593, 8.205, 8.205, -10.20126, -9.821256, 1.204594, 1.424593, 8.205, 8.205, 0, 1, -10.20126, -9.821256, 1.204594, 1.424593, 8.35, 8.35, -10.20126, -9.821256, 1.204594, 1.424593, 8.35, 8.35, 1, 1, -10.20126, -9.821256, 1.204594, 1.424593, 8.495001, 8.495001, -10.20126, -9.821256, 1.204594, 1.424593, 8.495001, 8.495001
box_8_lizol(Clone) stack 57, Rack_1_0_1, Shelf_1, -10.00376, 1.380844, 8.35, -0.7068645, -0.0185099, -0.0185099, 0.5063294, 0.8510638, 0.75, -8.099999, 1.7, 0.64, 0, 0, 0, -1, 1, -10.20126, -9.821256, 1.380844, 1.600843, 8.205, 8.205, -10.20126, -9.821256, 1.380844, 1.600843, 8.205, 8.205, 0, 1, -10.20126, -9.821256, 1.380844, 1.600843, 8.35, 8.35, -10.20126, -9.821256, 1.380844, 1.600843, 8.35, 8.35, 1, 1, -10.20126, -9.821256, 1.380844, 1.600843, 8.495001, 8.495001, -10.20126, -9.821256, 1.380844, 1.600843, 8.495001, 8.495001
box_1_Parle-G-GOLD(Clone) stack 58, Rack_1_0_1, Shelf_1, -9.616672, 1.204594, 8.35, -0.7070799, -0.006170593, -0.006170593, 0.5263161, 0.8695654, 0.7500001, -8.099999, 1.7, 0.64, 0, 0, 0, -1, 1, -9.806671, -9.446663, 1.204594, 1.424593, 8.23, 8.23, -9.806671, -9.446663, 1.204594, 1.424593, 8.23, 8.23, 0, 1, -9.806671, -9.446663, 1.204594, 1.424593, 8.35, 8.35, -9.806671, -9.446663, 1.204594, 1.424593, 8.35, 8.35, 1, 1, -9.806671, -9.446663, 1.204594, 1.424593, 8.47, 8.47, -9.806671, -9.446663, 1.204594, 1.424593, 8.47, 8.47
box_1_Parle-G-GOLD(Clone) stack 58, Rack_1_0_1, Shelf_1, -9.616672, 1.377094, 8.35, -0.7061377, -0.03700712, -0.03700712, 0.5263162, 0.8695654, 0.75, -8.099999, 1.7, 0.64, 0, 0, 0, -1, 1, -9.806671, -9.446663, 1.377094, 1.597093, 8.23, 8.23, -9.806671, -9.446663, 1.377094, 1.597093, 8.23, 8.23, 0, 1, -9.806671, -9.446663, 1.377094, 1.597093, 8.35, 8.35, -9.806671, -9.446663, 1.377094, 1.597093, 8.35, 8.35, 1, 1, -9.806671, -9.446663, 1.377094, 1.597093, 8.47, 8.47, -9.806671, -9.446663, 1.377094, 1.597093, 8.47, 8.47
box_1_Parle-G-GOLD(Clone) stack 58, Rack_1_0_1, Shelf_1, -9.616672, 1.549594, 8.35, -0.7061377, 0.03700712, 0.03700712, 0.5263162, 0.8695654, 0.75, -8.099999, 1.7, 0.64, 0, 0, 0, -1, 1, -9.806671, -9.446663, 1.549594, 1.769593, 8.23, 8.23, -9.806671, -9.446663, 1.549594, 1.769593, 8.23, 8.23, 0, 1, -9.806671, -9.446663, 1.549594, 1.769593, 8.35, 8.35, -9.806671, -9.446663, 1.549594, 1.769593, 8.35, 8.35, 1, 1, -9.806671, -9.446663, 1.549594, 1.769593, 8.47, 8.47, -9.806671, -9.446663, 1.549594, 1.769593, 8.47, 8.47
box_1_Parle-G-GOLD(Clone) stack 58, Rack_1_0_1, Shelf_1, -9.616672, 1.722094, 8.35, -0.7070799, 0.006170593, 0.006170593, 0.5263161, 0.8695654, 0.7500001, -8.099999, 1.7, 0.64, 0, 0, 0, -1, 1, -9.806671, -9.446663, 1.722094, 1.942093, 8.23, 8.23, -9.806671, -9.446663, 1.722094, 1.942093, 8.23, 8.23, 0, 1, -9.806671, -9.446663, 1.722094, 1.942093, 8.35, 8.35, -9.806671, -9.446663, 1.722094, 1.942093, 8.35, 8.35, 1, 1, -9.806671, -9.446663, 1.722094, 1.942093, 8.47, 8.47, -9.806671, -9.446663, 1.722094, 1.942093, 8.47, 8.47
box_1_Parle-G-GOLD(Clone) stack 58, Rack_1_0_1, Shelf_1, -9.616672, 1.894594, 8.35, -0.7070799, -0.006170593, -0.006170593, 0.5263161, 0.8695654, 0.7500001, -8.099999, 1.7, 0.64, 0, 0, 0, -1, 1, -9.806671, -9.446663, 1.894594, 2.114594, 8.23, 8.23, -9.806671, -9.446663, 1.894594, 2.114594, 8.23, 8.23, 0, 1, -9.806671, -9.446663, 1.894594, 2.114594, 8.35, 8.35, -9.806671, -9.446663, 1.894594, 2.114594, 8.35, 8.35, 1, 1, -9.806671, -9.446663, 1.894594, 2.114594, 8.47, 8.47, -9.806671, -9.446663, 1.894594, 2.114594, 8.47, 8.47
Shelf_2, Rack_1_0_1, Shelf_2, -9.6, 2.389187, 8.35, 0, 0, 0, 100, 100, 100, -8.099999, 1.7, 0.64, 0, 0, 0, -1, 1, -10.6, -8.609955, 2.389187, 3.359186, 8.05, 8.05, -10.6, -8.609955, 2.389187, 3.539186, 8.05, 8.05, 0, 1, -10.6, -8.609955, 2.389187, 3.429186, 8.35, 8.35, -10.6, -8.609955, 2.389187, 3.539186, 8.35, 8.35, 1, 1, -10.6, -8.609955, 2.389187, 3.499186, 8.650001, 8.650001, -10.6, -8.609955, 2.389187, 3.539186, 8.650001, 8.650001
box_6_melody(Clone) stack 60, Rack_1_0_1, Shelf_2, -10.35027, 2.389187, 8.35, -0.7069991, 0.01234072, 0.01234072, 0.5194808, 0.8000003, 0.7500001, -8.099999, 1.7, 0.64, 0, 0, 0, -1, 1, -10.54277, -10.16276, 2.389187, 2.629187, 8.200001, 8.200001, -10.54277, -10.16276, 2.389187, 2.629187, 8.200001, 8.200001, 0, 1, -10.54277, -10.16276, 2.389187, 2.629187, 8.35, 8.35, -10.54277, -10.16276, 2.389187, 2.629187, 8.35, 8.35, 1, 1, -10.54277, -10.16276, 2.389187, 2.629187, 8.5, 8.5, -10.54277, -10.16276, 2.389187, 2.629187, 8.5, 8.5
box_6_melody(Clone) stack 60, Rack_1_0_1, Shelf_2, -10.35027, 2.576687, 8.35, -0.7064338, 0.03084356, 0.03084356, 0.5194808, 0.8000003, 0.75, -8.099999, 1.7, 0.64, 0, 0, 0, -1, 1, -10.54277, -10.16276, 2.576687, 2.816687, 8.200001, 8.200001, -10.54277, -10.16276, 2.576687, 2.816687, 8.200001, 8.200001, 0, 1, -10.54277, -10.16276, 2.576687, 2.816687, 8.35, 8.35, -10.54277, -10.16276, 2.576687, 2.816687, 8.35, 8.35, 1, 1, -10.54277, -10.16276, 2.576687, 2.816687, 8.5, 8.5, -10.54277, -10.16276, 2.576687, 2.816687, 8.5, 8.5
box_6_melody(Clone) stack 60, Rack_1_0_1, Shelf_2, -10.35027, 2.764187, 8.35, -0.7070799, 0.006170593, 0.006170593, 0.5194808, 0.8000003, 0.7500001, -8.099999, 1.7, 0.64, 0, 0, 0, -1, 1, -10.54277, -10.16276, 2.764187, 3.004187, 8.200001, 8.200001, -10.54277, -10.16276, 2.764187, 3.004187, 8.200001, 8.200001, 0, 1, -10.54277, -10.16276, 2.764187, 3.004187, 8.35, 8.35, -10.54277, -10.16276, 2.764187, 3.004187, 8.35, 8.35, 1, 1, -10.54277, -10.16276, 2.764187, 3.004187, 8.5, 8.5, -10.54277, -10.16276, 2.764187, 3.004187, 8.5, 8.5
box_6_melody(Clone) stack 60, Rack_1_0_1, Shelf_2, -10.35027, 2.951687, 8.35, -0.7070799, 0.006170593, 0.006170593, 0.5194808, 0.8000003, 0.7500001, -8.099999, 1.7, 0.64, 0, 0, 0, -1, 1, -10.54277, -10.16276, 2.951687, 3.191687, 8.200001, 8.200001, -10.54277, -10.16276, 2.951687, 3.191687, 8.200001, 8.200001, 0, 1, -10.54277, -10.16276, 2.951687, 3.191687, 8.35, 8.35, -10.54277, -10.16276, 2.951687, 3.191687, 8.35, 8.35, 1, 1, -10.54277, -10.16276, 2.951687, 3.191687, 8.5, 8.5, -10.54277, -10.16276, 2.951687, 3.191687, 8.5, 8.5
box4_Fairever(Clone) stack 62, Rack_1_0_1, Shelf_2, -9.565798, 2.389187, 8.35, -0.7064338, -0.03084356, -0.03084356, 0.5882354, 0.9090912, 0.75, -8.099999, 1.7, 0.64, 0, 0, 0, -1, 1, -9.735798, -9.415791, 2.389187, 2.609187, 8.22, 8.22, -9.735798, -9.415791, 2.389187, 2.609187, 8.22, 8.22, 0, 1, -9.735798, -9.415791, 2.389187, 2.609187, 8.35, 8.35, -9.735798, -9.415791, 2.389187, 2.609187, 8.35, 8.35, 1, 1, -9.735798, -9.415791, 2.389187, 2.609187, 8.48, 8.48, -9.735798, -9.415791, 2.389187, 2.609187, 8.48, 8.48
box4_Fairever(Clone) stack 62, Rack_1_0_1, Shelf_2, -9.565798, 2.554187, 8.35, -0.7070799, 0.006170593, 0.006170593, 0.5882353, 0.9090912, 0.7500001, -8.099999, 1.7, 0.64, 0, 0, 0, -1, 1, -9.735798, -9.415791, 2.554187, 2.774187, 8.22, 8.22, -9.735798, -9.415791, 2.554187, 2.774187, 8.22, 8.22, 0, 1, -9.735798, -9.415791, 2.554187, 2.774187, 8.35, 8.35, -9.735798, -9.415791, 2.554187, 2.774187, 8.35, 8.35, 1, 1, -9.735798, -9.415791, 2.554187, 2.774187, 8.48, 8.48, -9.735798, -9.415791, 2.554187, 2.774187, 8.48, 8.48
box_3_Hareli(Clone) stack 63, Rack_1_0_1, Shelf_2, -9.167759, 2.389187, 8.35, -0.7061377, -0.03700712, -0.03700712, 0.5405406, 1, 0.75, -8.099999, 1.7, 0.64, 0, 0, 0, -1, 1, -9.352759, -8.992751, 2.389187, 2.589187, 8.240001, 8.240001, -9.352759, -8.992751, 2.389187, 2.589187, 8.240001, 8.240001, 0, 1, -9.352759, -8.992751, 2.389187, 2.589187, 8.35, 8.35, -9.352759, -8.992751, 2.389187, 2.589187, 8.35, 8.35, 1, 1, -9.352759, -8.992751, 2.389187, 2.589187, 8.46, 8.46, -9.352759, -8.992751, 2.389187, 2.589187, 8.46, 8.46
box_3_Hareli(Clone) stack 63, Rack_1_0_1, Shelf_2, -9.167759, 2.539187, 8.35, -0.7068645, 0.0185099, 0.0185099, 0.5405405, 1, 0.75, -8.099999, 1.7, 0.64, 0, 0, 0, -1, 1, -9.352759, -8.992751, 2.539187, 2.739187, 8.240001, 8.240001, -9.352759, -8.992751, 2.539187, 2.739187, 8.240001, 8.240001, 0, 1, -9.352759, -8.992751, 2.539187, 2.739187, 8.35, 8.35, -9.352759, -8.992751, 2.539187, 2.739187, 8.35, 8.35, 1, 1, -9.352759, -8.992751, 2.539187, 2.739187, 8.46, 8.46, -9.352759, -8.992751, 2.539187, 2.739187, 8.46, 8.46
box_3_Hareli(Clone) stack 63, Rack_1_0_1, Shelf_2, -9.167759, 2.689187, 8.35, -0.7070799, 0.006170593, 0.006170593, 0.5405405, 1, 0.7500001, -8.099999, 1.7, 0.64, 0, 0, 0, -1, 1, -9.352759, -8.992751, 2.689187, 2.889187, 8.240001, 8.240001, -9.352759, -8.992751, 2.689187, 2.889187, 8.240001, 8.240001, 0, 1, -9.352759, -8.992751, 2.689187, 2.889187, 8.35, 8.35, -9.352759, -8.992751, 2.689187, 2.889187, 8.35, 8.35, 1, 1, -9.352759, -8.992751, 2.689187, 2.889187, 8.46, 8.46, -9.352759, -8.992751, 2.689187, 2.889187, 8.46, 8.46
box_3_Hareli(Clone) stack 63, Rack_1_0_1, Shelf_2, -9.167759, 2.839187, 8.35, -0.7057879, -0.04316784, -0.04316784, 0.5405406, 1, 0.75, -8.099999, 1.7, 0.64, 0, 0, 0, -1, 1, -9.352759, -8.992751, 2.839187, 3.039187, 8.240001, 8.240001, -9.352759, -8.992751, 2.839187, 3.039187, 8.240001, 8.240001, 0, 1, -9.352759, -8.992751, 2.839187, 3.039187, 8.35, 8.35, -9.352759, -8.992751, 2.839187, 3.039187, 8.35, 8.35, 1, 1, -9.352759, -8.992751, 2.839187, 3.039187, 8.46, 8.46, -9.352759, -8.992751, 2.839187, 3.039187, 8.46, 8.46
box_3_Hareli(Clone) stack 63, Rack_1_0_1, Shelf_2, -9.167759, 2.989187, 8.35, -0.7071068, 0, 0, 0.5405405, 1, 0.7500001, -8.099999, 1.7, 0.64, 0, 0, 0, -1, 1, -9.352759, -8.992751, 2.989187, 3.189187, 8.240001, 8.240001, -9.352759, -8.992751, 2.989187, 3.189187, 8.240001, 8.240001, 0, 1, -9.352759, -8.992751, 2.989187, 3.189187, 8.35, 8.35, -9.352759, -8.992751, 2.989187, 3.189187, 8.35, 8.35, 1, 1, -9.352759, -8.992751, 2.989187, 3.189187, 8.46, 8.46, -9.352759, -8.992751, 2.989187, 3.189187, 8.46, 8.46
Shelf_0, Rack_1_0_2, Shelf_0, -11.75, 0.02, 8.35, 0, 0, 0, 100, 100, 100, -8.099999, 1.7, 0.64, 0, 0, 0, -1, 1, -11.05996, -10.75995, 0.04, 1.169999, 8.05, 8.05, -12.75, -10.75995, 0.02, 1.169999, 8.05, 8.05, 0, 1, -11.17996, -10.75995, 0.02, 1.169999, 8.35, 8.35, -12.75, -10.75995, 0.02, 1.169999, 8.35, 8.35, 1, 1, -11.29997, -10.75995, 0.02, 1.169999, 8.650001, 8.650001, -12.75, -10.75995, 0.02, 1.169999, 8.650001, 8.650001
box_1_Parle-G-GOLD(Clone) stack 64, Rack_1_0_2, Shelf_0, -10.96986, 0.02, 8.35, -0.7057879, -0.04316784, -0.04316784, 0.5263161, 0.8695653, 0.75, -8.099999, 1.7, 0.64, 0, 0, 0, -1, 1, -11.11986, -10.79986, 0.02, 0.24, 8.23, 8.23, -11.15986, -10.79986, 0.02, 0.24, 8.23, 8.23, 0, 1, -11.15986, -10.79986, 0.02, 0.24, 8.35, 8.35, -11.15986, -10.79986, 0.02, 0.24, 8.35, 8.35, 1, 1, -11.15986, -10.79986, 0.02, 0.24, 8.47, 8.47, -11.15986, -10.79986, 0.02, 0.24, 8.47, 8.47
box_1_Parle-G-GOLD(Clone) stack 64, Rack_1_0_2, Shelf_0, -10.96986, 0.1925, 8.35, -0.7071068, 0, 0, 0.5263161, 0.8695654, 0.7500001, -8.099999, 1.7, 0.64, 0, 0, 0, -1, 1, -11.11986, -10.79986, 0.1925, 0.4125001, 8.23, 8.23, -11.15986, -10.79986, 0.1925, 0.4125001, 8.23, 8.23, 0, 1, -11.15986, -10.79986, 0.1925, 0.4125001, 8.35, 8.35, -11.15986, -10.79986, 0.1925, 0.4125001, 8.35, 8.35, 1, 1, -11.15986, -10.79986, 0.1925, 0.4125001, 8.47, 8.47, -11.15986, -10.79986, 0.1925, 0.4125001, 8.47, 8.47
box_1_Parle-G-GOLD(Clone) stack 64, Rack_1_0_2, Shelf_0, -10.96986, 0.3649999, 8.35, -0.7069991, 0.01234072, 0.01234072, 0.5263161, 0.8695654, 0.7500001, -8.099999, 1.7, 0.64, 0, 0, 0, -1, 1, -11.11986, -10.79986, 0.3649999, 0.5849999, 8.23, 8.23, -11.15986, -10.79986, 0.3649999, 0.5849999, 8.23, 8.23, 0, 1, -11.15986, -10.79986, 0.3649999, 0.5849999, 8.35, 8.35, -11.15986, -10.79986, 0.3649999, 0.5849999, 8.35, 8.35, 1, 1, -11.15986, -10.79986, 0.3649999, 0.5849999, 8.47, 8.47, -11.15986, -10.79986, 0.3649999, 0.5849999, 8.47, 8.47
box_1_Parle-G-GOLD(Clone) stack 64, Rack_1_0_2, Shelf_0, -10.96986, 0.5374999, 8.35, -0.7070799, 0.006170593, 0.006170593, 0.5263161, 0.8695654, 0.7500001, -8.099999, 1.7, 0.64, 0, 0, 0, -1, 1, -11.11986, -10.79986, 0.5374999, 0.7574997, 8.23, 8.23, -11.15986, -10.79986, 0.5374999, 0.7574997, 8.23, 8.23, 0, 1, -11.15986, -10.79986, 0.5374999, 0.7574997, 8.35, 8.35, -11.15986, -10.79986, 0.5374999, 0.7574997, 8.35, 8.35, 1, 1, -11.15986, -10.79986, 0.5374999, 0.7574997, 8.47, 8.47, -11.15986, -10.79986, 0.5374999, 0.7574997, 8.47, 8.47
box_1_Parle-G-GOLD(Clone) stack 64, Rack_1_0_2, Shelf_0, -10.96986, 0.7099999, 8.35, -0.7057879, -0.04316784, -0.04316784, 0.5263161, 0.8695653, 0.75, -8.099999, 1.7, 0.64, 0, 0, 0, -1, 1, -11.11986, -10.79986, 0.7099999, 0.9299996, 8.23, 8.23, -11.15986, -10.79986, 0.7099999, 0.9299996, 8.23, 8.23, 0, 1, -11.15986, -10.79986, 0.7099999, 0.9299996, 8.35, 8.35, -11.15986, -10.79986, 0.7099999, 0.9299996, 8.35, 8.35, 1, 1, -11.15986, -10.79986, 0.7099999, 0.9299996, 8.47, 8.47, -11.15986, -10.79986, 0.7099999, 0.9299996, 8.47, 8.47
box_8_lizol(Clone) stack 65, Rack_1_0_2, Shelf_0, -11.36908, 0.02, 8.35, -0.7061377, -0.03700712, -0.03700712, 0.5063294, 0.8510639, 0.75, -8.099999, 1.7, 0.64, 0, 0, 0, -1, 0, 3.402823E+38, -3.402823E+38, 3.402823E+38, -3.402823E+38, 3.402823E+38, -3.402823E+38, -11.56658, -11.18657, 0.02, 0.24, 8.205, 8.205, 0, 0, 3.402823E+38, -3.402823E+38, 3.402823E+38, -3.402823E+38, 3.402823E+38, -3.402823E+38, -11.56658, -11.18657, 0.02, 0.24, 8.35, 8.35, 1, 1, -11.22657, -11.18657, 0.02, 0.24, 8.495001, 8.495001, -11.56658, -11.18657, 0.02, 0.24, 8.495001, 8.495001
box_8_lizol(Clone) stack 65, Rack_1_0_2, Shelf_0, -11.36908, 0.19625, 8.35, -0.7061377, -0.03700712, -0.03700712, 0.5063294, 0.8510639, 0.75, -8.099999, 1.7, 0.64, 0, 0, 0, -1, 0, 3.402823E+38, -3.402823E+38, 3.402823E+38, -3.402823E+38, 3.402823E+38, -3.402823E+38, -11.56658, -11.18657, 0.19625, 0.4162501, 8.205, 8.205, 0, 0, 3.402823E+38, -3.402823E+38, 3.402823E+38, -3.402823E+38, 3.402823E+38, -3.402823E+38, -11.56658, -11.18657, 0.19625, 0.4162501, 8.35, 8.35, 1, 1, -11.22657, -11.18657, 0.19625, 0.4162501, 8.495001, 8.495001, -11.56658, -11.18657, 0.19625, 0.4162501, 8.495001, 8.495001
box_8_lizol(Clone) stack 65, Rack_1_0_2, Shelf_0, -11.36908, 0.3725, 8.35, -0.7070799, -0.006170593, -0.006170593, 0.5063294, 0.8510638, 0.7500001, -8.099999, 1.7, 0.64, 0, 0, 0, -1, 0, 3.402823E+38, -3.402823E+38, 3.402823E+38, -3.402823E+38, 3.402823E+38, -3.402823E+38, -11.56658, -11.18657, 0.3725, 0.5925, 8.205, 8.205, 0, 0, 3.402823E+38, -3.402823E+38, 3.402823E+38, -3.402823E+38, 3.402823E+38, -3.402823E+38, -11.56658, -11.18657, 0.3725, 0.5925, 8.35, 8.35, 1, 1, -11.22657, -11.18657, 0.3725, 0.5925, 8.495001, 8.495001, -11.56658, -11.18657, 0.3725, 0.5925, 8.495001, 8.495001
box_8_lizol(Clone) stack 65, Rack_1_0_2, Shelf_0, -11.36908, 0.54875, 8.35, -0.7057879, -0.04316784, -0.04316784, 0.5063294, 0.8510638, 0.75, -8.099999, 1.7, 0.64, 0, 0, 0, -1, 0, 3.402823E+38, -3.402823E+38, 3.402823E+38, -3.402823E+38, 3.402823E+38, -3.402823E+38, -11.56658, -11.18657, 0.54875, 0.7687498, 8.205, 8.205, 0, 0, 3.402823E+38, -3.402823E+38, 3.402823E+38, -3.402823E+38, 3.402823E+38, -3.402823E+38, -11.56658, -11.18657, 0.54875, 0.7687498, 8.35, 8.35, 1, 1, -11.22657, -11.18657, 0.54875, 0.7687498, 8.495001, 8.495001, -11.56658, -11.18657, 0.54875, 0.7687498, 8.495001, 8.495001
box_7_litchi(Clone) stack 66, Rack_1_0_2, Shelf_0, -11.74285, 0.02, 8.35, -0.7064338, -0.03084356, -0.03084356, 0.7142858, 0.7142858, 0.75, -8.099999, 1.7, 0.64, 0, 0, 0, -1, 0, 3.402823E+38, -3.402823E+38, 3.402823E+38, -3.402823E+38, 3.402823E+38, -3.402823E+38, -11.88285, -11.62284, 0.02, 0.3, 8.21, 8.21, 0, 0, 3.402823E+38, -3.402823E+38, 3.402823E+38, -3.402823E+38, 3.402823E+38, -3.402823E+38, -11.88285, -11.62284, 0.02, 0.3, 8.35, 8.35, 1, 0, 3.402823E+38, -3.402823E+38, 3.402823E+38, -3.402823E+38, 3.402823E+38, -3.402823E+38, -11.88285, -11.62284, 0.02, 0.3, 8.490001, 8.490001
box_7_litchi(Clone) stack 66, Rack_1_0_2, Shelf_0, -11.74285, 0.23, 8.35, -0.7070799, 0.006170593, 0.006170593, 0.7142857, 0.7142858, 0.7500001, -8.099999, 1.7, 0.64, 0, 0, 0, -1, 0, 3.402823E+38, -3.402823E+38, 3.402823E+38, -3.402823E+38, 3.402823E+38, -3.402823E+38, -11.88285, -11.62284, 0.23, 0.4900001, 8.21, 8.21, 0, 0, 3.402823E+38, -3.402823E+38, 3.402823E+38, -3.402823E+38, 3.402823E+38, -3.402823E+38, -11.88285, -11.62284, 0.23, 0.4900001, 8.35, 8.35, 1, 0, 3.402823E+38, -3.402823E+38, 3.402823E+38, -3.402823E+38, 3.402823E+38, -3.402823E+38, -11.88285, -11.62284, 0.23, 0.4900001, 8.490001, 8.490001
box_8_lizol(Clone) stack 67, Rack_1_0_2, Shelf_0, -12.14028, 0.02, 8.35, -0.7068645, -0.0185099, -0.0185099, 0.5063294, 0.8510638, 0.75, -8.099999, 1.7, 0.64, 0, 0, 0, -1, 0, 3.402823E+38, -3.402823E+38, 3.402823E+38, -3.402823E+38, 3.402823E+38, -3.402823E+38, -12.33778, -11.95778, 0.02, 0.24, 8.205, 8.205, 0, 0, 3.402823E+38, -3.402823E+38, 3.402823E+38, -3.402823E+38, 3.402823E+38, -3.402823E+38, -12.33778, -11.95778, 0.02, 0.24, 8.35, 8.35, 1, 0, 3.402823E+38, -3.402823E+38, 3.402823E+38, -3.402823E+38, 3.402823E+38, -3.402823E+38, -12.33778, -11.95778, 0.02, 0.24, 8.495001, 8.495001
box_8_lizol(Clone) stack 67, Rack_1_0_2, Shelf_0, -12.14028, 0.19625, 8.35, -0.7070799, 0.006170593, 0.006170593, 0.5063294, 0.8510638, 0.7500001, -8.099999, 1.7, 0.64, 0, 0, 0, -1, 0, 3.402823E+38, -3.402823E+38, 3.402823E+38, -3.402823E+38, 3.402823E+38, -3.402823E+38, -12.33778, -11.95778, 0.19625, 0.4162501, 8.205, 8.205, 0, 0, 3.402823E+38, -3.402823E+38, 3.402823E+38, -3.402823E+38, 3.402823E+38, -3.402823E+38, -12.33778, -11.95778, 0.19625, 0.4162501, 8.35, 8.35, 1, 0, 3.402823E+38, -3.402823E+38, 3.402823E+38, -3.402823E+38, 3.402823E+38, -3.402823E+38, -12.33778, -11.95778, 0.19625, 0.4162501, 8.495001, 8.495001
box_8_lizol(Clone) stack 67, Rack_1_0_2, Shelf_0, -12.14028, 0.3725, 8.35, -0.7068645, 0.0185099, 0.0185099, 0.5063294, 0.8510638, 0.75, -8.099999, 1.7, 0.64, 0, 0, 0, -1, 0, 3.402823E+38, -3.402823E+38, 3.402823E+38, -3.402823E+38, 3.402823E+38, -3.402823E+38, -12.33778, -11.95778, 0.3725, 0.5925, 8.205, 8.205, 0, 0, 3.402823E+38, -3.402823E+38, 3.402823E+38, -3.402823E+38, 3.402823E+38, -3.402823E+38, -12.33778, -11.95778, 0.3725, 0.5925, 8.35, 8.35, 1, 0, 3.402823E+38, -3.402823E+38, 3.402823E+38, -3.402823E+38, 3.402823E+38, -3.402823E+38, -12.33778, -11.95778, 0.3725, 0.5925, 8.495001, 8.495001
box_8_lizol(Clone) stack 67, Rack_1_0_2, Shelf_0, -12.14028, 0.54875, 8.35, -0.7068645, 0.0185099, 0.0185099, 0.5063294, 0.8510638, 0.75, -8.099999, 1.7, 0.64, 0, 0, 0, -1, 0, 3.402823E+38, -3.402823E+38, 3.402823E+38, -3.402823E+38, 3.402823E+38, -3.402823E+38, -12.33778, -11.95778, 0.54875, 0.7687498, 8.205, 8.205, 0, 0, 3.402823E+38, -3.402823E+38, 3.402823E+38, -3.402823E+38, 3.402823E+38, -3.402823E+38, -12.33778, -11.95778, 0.54875, 0.7687498, 8.35, 8.35, 1, 0, 3.402823E+38, -3.402823E+38, 3.402823E+38, -3.402823E+38, 3.402823E+38, -3.402823E+38, -12.33778, -11.95778, 0.54875, 0.7687498, 8.495001, 8.495001
Shelf_1, Rack_1_0_2, Shelf_1, -11.75, 1.204594, 8.35, 0, 0, 0, 100, 100, 100, -8.099999, 1.7, 0.64, 0, 0, 0, -1, 1, -11.05996, -10.75995, 1.204594, 2.354593, 8.05, 8.05, -12.75, -10.75995, 1.204594, 2.354593, 8.05, 8.05, 0, 1, -11.17996, -10.75995, 1.204594, 2.354593, 8.35, 8.35, -12.75, -10.75995, 1.204594, 2.354593, 8.35, 8.35, 1, 1, -11.29997, -10.75995, 1.204594, 2.354593, 8.650001, 8.650001, -12.75, -10.75995, 1.204594, 2.354593, 8.650001, 8.650001
box_2_Parle-G(Clone) stack 68, Rack_1_0_2, Shelf_1, -10.99956, 1.204594, 8.35, -0.7070799, 0.006170593, 0.006170593, 0.5263161, 0.5882354, 0.7500001, -8.099999, 1.7, 0.64, 0, 0, 0, -1, 1, -11.12956, -10.82955, 1.204594, 1.544593, 8.235001, 8.235001, -11.18956, -10.82955, 1.204594, 1.544593, 8.235001, 8.235001, 0, 1, -11.16956, -10.82955, 1.204594, 1.544593, 8.35, 8.35, -11.18956, -10.82955, 1.204594, 1.544593, 8.35, 8.35, 1, 1, -11.18956, -10.82955, 1.204594, 1.544593, 8.465, 8.465, -11.18956, -10.82955, 1.204594, 1.544593, 8.465, 8.465
box_2_Parle-G(Clone) stack 68, Rack_1_0_2, Shelf_1, -10.99956, 1.459594, 8.35, -0.7066761, -0.02467767, -0.02467767, 0.5263161, 0.5882353, 0.7500001, -8.099999, 1.7, 0.64, 0, 0, 0, -1, 1, -11.12956, -10.82955, 1.459594, 1.799593, 8.235001, 8.235001, -11.18956, -10.82955, 1.459594, 1.799593, 8.235001, 8.235001, 0, 1, -11.16956, -10.82955, 1.459594, 1.799593, 8.35, 8.35, -11.18956, -10.82955, 1.459594, 1.799593, 8.35, 8.35, 1, 1, -11.18956, -10.82955, 1.459594, 1.799593, 8.465, 8.465, -11.18956, -10.82955, 1.459594, 1.799593, 8.465, 8.465
box_2_Parle-G(Clone) stack 68, Rack_1_0_2, Shelf_1, -10.99956, 1.714594, 8.35, -0.7066761, 0.02467767, 0.02467767, 0.5263161, 0.5882353, 0.7500001, -8.099999, 1.7, 0.64, 0, 0, 0, -1, 1, -11.12956, -10.82955, 1.714594, 2.054593, 8.235001, 8.235001, -11.18956, -10.82955, 1.714594, 2.054593, 8.235001, 8.235001, 0, 1, -11.16956, -10.82955, 1.714594, 2.054593, 8.35, 8.35, -11.18956, -10.82955, 1.714594, 2.054593, 8.35, 8.35, 1, 1, -11.18956, -10.82955, 1.714594, 2.054593, 8.465, 8.465, -11.18956, -10.82955, 1.714594, 2.054593, 8.465, 8.465
box_1_Parle-G-GOLD(Clone) stack 69, Rack_1_0_2, Shelf_1, -11.38705, 1.204594, 8.35, -0.7070799, 0.006170593, 0.006170593, 0.5263161, 0.8695654, 0.7500001, -8.099999, 1.7, 0.64, 0, 0, 0, -1, 0, 3.402823E+38, -3.402823E+38, 3.402823E+38, -3.402823E+38, 3.402823E+38, -3.402823E+38, -11.57705, -11.21704, 1.204594, 1.424593, 8.23, 8.23, 0, 0, 3.402823E+38, -3.402823E+38, 3.402823E+38, -3.402823E+38, 3.402823E+38, -3.402823E+38, -11.57705, -11.21704, 1.204594, 1.424593, 8.35, 8.35, 1, 1, -11.21704, -11.21704, 1.204594, 1.424593, 8.47, 8.47, -11.57705, -11.21704, 1.204594, 1.424593, 8.47, 8.47
box_1_Parle-G-GOLD(Clone) stack 69, Rack_1_0_2, Shelf_1, -11.38705, 1.377094, 8.35, -0.7057879, -0.04316784, -0.04316784, 0.5263161, 0.8695653, 0.75, -8.099999, 1.7, 0.64, 0, 0, 0, -1, 0, 3.402823E+38, -3.402823E+38, 3.402823E+38, -3.402823E+38, 3.402823E+38, -3.402823E+38, -11.57705, -11.21704, 1.377094, 1.597093, 8.23, 8.23, 0, 0, 3.402823E+38, -3.402823E+38, 3.402823E+38, -3.402823E+38, 3.402823E+38, -3.402823E+38, -11.57705, -11.21704, 1.377094, 1.597093, 8.35, 8.35, 1, 1, -11.21704, -11.21704, 1.377094, 1.597093, 8.47, 8.47, -11.57705, -11.21704, 1.377094, 1.597093, 8.47, 8.47
box_1_Parle-G-GOLD(Clone) stack 69, Rack_1_0_2, Shelf_1, -11.38705, 1.549594, 8.35, -0.7070799, 0.006170593, 0.006170593, 0.5263161, 0.8695654, 0.7500001, -8.099999, 1.7, 0.64, 0, 0, 0, -1, 0, 3.402823E+38, -3.402823E+38, 3.402823E+38, -3.402823E+38, 3.402823E+38, -3.402823E+38, -11.57705, -11.21704, 1.549594, 1.769593, 8.23, 8.23, 0, 0, 3.402823E+38, -3.402823E+38, 3.402823E+38, -3.402823E+38, 3.402823E+38, -3.402823E+38, -11.57705, -11.21704, 1.549594, 1.769593, 8.35, 8.35, 1, 1, -11.21704, -11.21704, 1.549594, 1.769593, 8.47, 8.47, -11.57705, -11.21704, 1.549594, 1.769593, 8.47, 8.47
box_1_Parle-G-GOLD(Clone) stack 69, Rack_1_0_2, Shelf_1, -11.38705, 1.722094, 8.35, -0.7069991, -0.01234072, -0.01234072, 0.5263161, 0.8695654, 0.7500001, -8.099999, 1.7, 0.64, 0, 0, 0, -1, 0, 3.402823E+38, -3.402823E+38, 3.402823E+38, -3.402823E+38, 3.402823E+38, -3.402823E+38, -11.57705, -11.21704, 1.722094, 1.942093, 8.23, 8.23, 0, 0, 3.402823E+38, -3.402823E+38, 3.402823E+38, -3.402823E+38, 3.402823E+38, -3.402823E+38, -11.57705, -11.21704, 1.722094, 1.942093, 8.35, 8.35, 1, 1, -11.21704, -11.21704, 1.722094, 1.942093, 8.47, 8.47, -11.57705, -11.21704, 1.722094, 1.942093, 8.47, 8.47
box_8_lizol(Clone) stack 70, Rack_1_0_2, Shelf_1, -11.75889, 1.204594, 8.35, -0.7061377, -0.03700712, -0.03700712, 0.5063294, 0.8510639, 0.75, -8.099999, 1.7, 0.64, 0, 0, 0, -1, 0, 3.402823E+38, -3.402823E+38, 3.402823E+38, -3.402823E+38, 3.402823E+38, -3.402823E+38, -11.95639, -11.57638, 1.204594, 1.424593, 8.205, 8.205, 0, 0, 3.402823E+38, -3.402823E+38, 3.402823E+38, -3.402823E+38, 3.402823E+38, -3.402823E+38, -11.95639, -11.57638, 1.204594, 1.424593, 8.35, 8.35, 1, 0, 3.402823E+38, -3.402823E+38, 3.402823E+38, -3.402823E+38, 3.402823E+38, -3.402823E+38, -11.95639, -11.57638, 1.204594, 1.424593, 8.495001, 8.495001
box_8_lizol(Clone) stack 70, Rack_1_0_2, Shelf_1, -11.75889, 1.380844, 8.35, -0.7061377, -0.03700712, -0.03700712, 0.5063294, 0.8510639, 0.75, -8.099999, 1.7, 0.64, 0, 0, 0, -1, 0, 3.402823E+38, -3.402823E+38, 3.402823E+38, -3.402823E+38, 3.402823E+38, -3.402823E+38, -11.95639, -11.57638, 1.380844, 1.600843, 8.205, 8.205, 0, 0, 3.402823E+38, -3.402823E+38, 3.402823E+38, -3.402823E+38, 3.402823E+38, -3.402823E+38, -11.95639, -11.57638, 1.380844, 1.600843, 8.35, 8.35, 1, 0, 3.402823E+38, -3.402823E+38, 3.402823E+38, -3.402823E+38, 3.402823E+38, -3.402823E+38, -11.95639, -11.57638, 1.380844, 1.600843, 8.495001, 8.495001
box_8_lizol(Clone) stack 70, Rack_1_0_2, Shelf_1, -11.75889, 1.557094, 8.35, -0.7061377, -0.03700712, -0.03700712, 0.5063294, 0.8510639, 0.75, -8.099999, 1.7, 0.64, 0, 0, 0, -1, 0, 3.402823E+38, -3.402823E+38, 3.402823E+38, -3.402823E+38, 3.402823E+38, -3.402823E+38, -11.95639, -11.57638, 1.557094, 1.777093, 8.205, 8.205, 0, 0, 3.402823E+38, -3.402823E+38, 3.402823E+38, -3.402823E+38, 3.402823E+38, -3.402823E+38, -11.95639, -11.57638, 1.557094, 1.777093, 8.35, 8.35, 1, 0, 3.402823E+38, -3.402823E+38, 3.402823E+38, -3.402823E+38, 3.402823E+38, -3.402823E+38, -11.95639, -11.57638, 1.557094, 1.777093, 8.495001, 8.495001
box_8_lizol(Clone) stack 70, Rack_1_0_2, Shelf_1, -11.75889, 1.733343, 8.35, -0.7064338, -0.03084356, -0.03084356, 0.5063294, 0.8510638, 0.75, -8.099999, 1.7, 0.64, 0, 0, 0, -1, 0, 3.402823E+38, -3.402823E+38, 3.402823E+38, -3.402823E+38, 3.402823E+38, -3.402823E+38, -11.95639, -11.57638, 1.733343, 1.953343, 8.205, 8.205, 0, 0, 3.402823E+38, -3.402823E+38, 3.402823E+38, -3.402823E+38, 3.402823E+38, -3.402823E+38, -11.95639, -11.57638, 1.733343, 1.953343, 8.35, 8.35, 1, 0, 3.402823E+38, -3.402823E+38, 3.402823E+38, -3.402823E+38, 3.402823E+38, -3.402823E+38, -11.95639, -11.57638, 1.733343, 1.953343, 8.495001, 8.495001
box_2_Parle-G(Clone) stack 71, Rack_1_0_2, Shelf_1, -12.15857, 1.204594, 8.35, -0.7064338, -0.03084356, -0.03084356, 0.5263162, 0.5882354, 0.75, -8.099999, 1.7, 0.64, 0, 0, 0, -1, 0, 3.402823E+38, -3.402823E+38, 3.402823E+38, -3.402823E+38, 3.402823E+38, -3.402823E+38, -12.34857, -11.98856, 1.204594, 1.544593, 8.235001, 8.235001, 0, 0, 3.402823E+38, -3.402823E+38, 3.402823E+38, -3.402823E+38, 3.402823E+38, -3.402823E+38, -12.34857, -11.98856, 1.204594, 1.544593, 8.35, 8.35, 1, 0, 3.402823E+38, -3.402823E+38, 3.402823E+38, -3.402823E+38, 3.402823E+38, -3.402823E+38, -12.34857, -11.98856, 1.204594, 1.544593, 8.465, 8.465
box_2_Parle-G(Clone) stack 71, Rack_1_0_2, Shelf_1, -12.15857, 1.459594, 8.35, -0.7070799, -0.006170593, -0.006170593, 0.5263161, 0.5882354, 0.7500001, -8.099999, 1.7, 0.64, 0, 0, 0, -1, 0, 3.402823E+38, -3.402823E+38, 3.402823E+38, -3.402823E+38, 3.402823E+38, -3.402823E+38, -12.34857, -11.98856, 1.459594, 1.799593, 8.235001, 8.235001, 0, 0, 3.402823E+38, -3.402823E+38, 3.402823E+38, -3.402823E+38, 3.402823E+38, -3.402823E+38, -12.34857, -11.98856, 1.459594, 1.799593, 8.35, 8.35, 1, 0, 3.402823E+38, -3.402823E+38, 3.402823E+38, -3.402823E+38, 3.402823E+38, -3.402823E+38, -12.34857, -11.98856, 1.459594, 1.799593, 8.465, 8.465
box_2_Parle-G(Clone) stack 71, Rack_1_0_2, Shelf_1, -12.15857, 1.714594, 8.35, -0.7071068, 0, 0, 0.5263161, 0.5882353, 0.7500001, -8.099999, 1.7, 0.64, 0, 0, 0, -1, 0, 3.402823E+38, -3.402823E+38, 3.402823E+38, -3.402823E+38, 3.402823E+38, -3.402823E+38, -12.34857, -11.98856, 1.714594, 2.054593, 8.235001, 8.235001, 0, 0, 3.402823E+38, -3.402823E+38, 3.402823E+38, -3.402823E+38, 3.402823E+38, -3.402823E+38, -12.34857, -11.98856, 1.714594, 2.054593, 8.35, 8.35, 1, 0, 3.402823E+38, -3.402823E+38, 3.402823E+38, -3.402823E+38, 3.402823E+38, -3.402823E+38, -12.34857, -11.98856, 1.714594, 2.054593, 8.465, 8.465
Shelf_2, Rack_1_0_2, Shelf_2, -11.75, 2.389187, 8.35, 0, 0, 0, 100, 100, 100, -8.099999, 1.7, 0.64, 0, 0, 0, -1, 1, -11.05996, -10.75995, 2.389187, 3.359186, 8.05, 8.05, -12.75, -10.75995, 2.389187, 3.539186, 8.05, 8.05, 0, 1, -11.17996, -10.75995, 2.389187, 3.429186, 8.35, 8.35, -12.75, -10.75995, 2.389187, 3.539186, 8.35, 8.35, 1, 1, -11.29997, -10.75995, 2.389187, 3.499186, 8.650001, 8.650001, -12.75, -10.75995, 2.389187, 3.539186, 8.650001, 8.650001
box_2_Parle-G(Clone) stack 72, Rack_1_0_2, Shelf_2, -10.95079, 2.389187, 8.35, -0.7070799, -0.006170593, -0.006170593, 0.5263161, 0.5882354, 0.7500001, -8.099999, 1.7, 0.64, 0, 0, 0, -1, 1, -11.12079, -10.78078, 2.389187, 2.729187, 8.235001, 8.235001, -11.14079, -10.78078, 2.389187, 2.729187, 8.235001, 8.235001, 0, 1, -11.14079, -10.78078, 2.389187, 2.729187, 8.35, 8.35, -11.14079, -10.78078, 2.389187, 2.729187, 8.35, 8.35, 1, 1, -11.14079, -10.78078, 2.389187, 2.729187, 8.465, 8.465, -11.14079, -10.78078, 2.389187, 2.729187, 8.465, 8.465
box_6_melody(Clone) stack 73, Rack_1_0_2, Shelf_2, -11.32745, 2.389187, 8.35, -0.7061377, 0.03700712, 0.03700712, 0.5194808, 0.8000003, 0.75, -8.099999, 1.7, 0.64, 0, 0, 0, -1, 0, 3.402823E+38, -3.402823E+38, 3.402823E+38, -3.402823E+38, 3.402823E+38, -3.402823E+38, -11.51995, -11.13995, 2.389187, 2.629187, 8.200001, 8.200001, 0, 1, -11.17995, -11.13995, 2.389187, 2.629187, 8.35, 8.35, -11.51995, -11.13995, 2.389187, 2.629187, 8.35, 8.35, 1, 1, -11.23995, -11.13995, 2.389187, 2.629187, 8.5, 8.5, -11.51995, -11.13995, 2.389187, 2.629187, 8.5, 8.5
box_6_melody(Clone) stack 73, Rack_1_0_2, Shelf_2, -11.32745, 2.576687, 8.35, -0.7066761, 0.02467767, 0.02467767, 0.5194808, 0.8000002, 0.7500001, -8.099999, 1.7, 0.64, 0, 0, 0, -1, 0, 3.402823E+38, -3.402823E+38, 3.402823E+38, -3.402823E+38, 3.402823E+38, -3.402823E+38, -11.51995, -11.13995, 2.576687, 2.816687, 8.200001, 8.200001, 0, 1, -11.17995, -11.13995, 2.576687, 2.816687, 8.35, 8.35, -11.51995, -11.13995, 2.576687, 2.816687, 8.35, 8.35, 1, 1, -11.23995, -11.13995, 2.576687, 2.816687, 8.5, 8.5, -11.51995, -11.13995, 2.576687, 2.816687, 8.5, 8.5
box_6_melody(Clone) stack 73, Rack_1_0_2, Shelf_2, -11.32745, 2.764187, 8.35, -0.7066761, 0.02467767, 0.02467767, 0.5194808, 0.8000002, 0.7500001, -8.099999, 1.7, 0.64, 0, 0, 0, -1, 0, 3.402823E+38, -3.402823E+38, 3.402823E+38, -3.402823E+38, 3.402823E+38, -3.402823E+38, -11.51995, -11.13995, 2.764187, 3.004187, 8.200001, 8.200001, 0, 1, -11.17995, -11.13995, 2.764187, 3.004187, 8.35, 8.35, -11.51995, -11.13995, 2.764187, 3.004187, 8.35, 8.35, 1, 1, -11.23995, -11.13995, 2.764187, 3.004187, 8.5, 8.5, -11.51995, -11.13995, 2.764187, 3.004187, 8.5, 8.5
box_6_melody(Clone) stack 73, Rack_1_0_2, Shelf_2, -11.32745, 2.951687, 8.35, -0.7057879, -0.04316784, -0.04316784, 0.5194808, 0.8000002, 0.75, -8.099999, 1.7, 0.64, 0, 0, 0, -1, 0, 3.402823E+38, -3.402823E+38, 3.402823E+38, -3.402823E+38, 3.402823E+38, -3.402823E+38, -11.51995, -11.13995, 2.951687, 3.191687, 8.200001, 8.200001, 0, 1, -11.17995, -11.13995, 2.951687, 3.191687, 8.35, 8.35, -11.51995, -11.13995, 2.951687, 3.191687, 8.35, 8.35, 1, 1, -11.23995, -11.13995, 2.951687, 3.191687, 8.5, 8.5, -11.51995, -11.13995, 2.951687, 3.191687, 8.5, 8.5
box_6_melody(Clone) stack 74, Rack_1_0_2, Shelf_2, -11.71062, 2.389187, 8.35, -0.7061377, 0.03700712, 0.03700712, 0.5194808, 0.8000003, 0.75, -8.099999, 1.7, 0.64, 0, 0, 0, -1, 0, 3.402823E+38, -3.402823E+38, 3.402823E+38, -3.402823E+38, 3.402823E+38, -3.402823E+38, -11.90312, -11.52311, 2.389187, 2.629187, 8.200001, 8.200001, 0, 0, 3.402823E+38, -3.402823E+38, 3.402823E+38, -3.402823E+38, 3.402823E+38, -3.402823E+38, -11.90312, -11.52311, 2.389187, 2.629187, 8.35, 8.35, 1, 0, 3.402823E+38, -3.402823E+38, 3.402823E+38, -3.402823E+38, 3.402823E+38, -3.402823E+38, -11.90312, -11.52311, 2.389187, 2.629187, 8.5, 8.5
box_6_melody(Clone) stack 74, Rack_1_0_2, Shelf_2, -11.71062, 2.576687, 8.35, -0.7068645, -0.0185099, -0.0185099, 0.5194808, 0.8000002, 0.75, -8.099999, 1.7, 0.64, 0, 0, 0, -1, 0, 3.402823E+38, -3.402823E+38, 3.402823E+38, -3.402823E+38, 3.402823E+38, -3.402823E+38, -11.90312, -11.52311, 2.576687, 2.816687, 8.200001, 8.200001, 0, 0, 3.402823E+38, -3.402823E+38, 3.402823E+38, -3.402823E+38, 3.402823E+38, -3.402823E+38, -11.90312, -11.52311, 2.576687, 2.816687, 8.35, 8.35, 1, 0, 3.402823E+38, -3.402823E+38, 3.402823E+38, -3.402823E+38, 3.402823E+38, -3.402823E+38, -11.90312, -11.52311, 2.576687, 2.816687, 8.5, 8.5
box_6_melody(Clone) stack 74, Rack_1_0_2, Shelf_2, -11.71062, 2.764187, 8.35, -0.7066761, -0.02467767, -0.02467767, 0.5194808, 0.8000002, 0.7500001, -8.099999, 1.7, 0.64, 0, 0, 0, -1, 0, 3.402823E+38, -3.402823E+38, 3.402823E+38, -3.402823E+38, 3.402823E+38, -3.402823E+38, -11.90312, -11.52311, 2.764187, 3.004187, 8.200001, 8.200001, 0, 0, 3.402823E+38, -3.402823E+38, 3.402823E+38, -3.402823E+38, 3.402823E+38, -3.402823E+38, -11.90312, -11.52311, 2.764187, 3.004187, 8.35, 8.35, 1, 0, 3.402823E+38, -3.402823E+38, 3.402823E+38, -3.402823E+38, 3.402823E+38, -3.402823E+38, -11.90312, -11.52311, 2.764187, 3.004187, 8.5, 8.5
box_3_Hareli(Clone) stack 75, Rack_1_0_2, Shelf_2, -12.10404, 2.389187, 8.35, -0.7057879, -0.04316784, -0.04316784, 0.5405406, 1, 0.75, -8.099999, 1.7, 0.64, 0, 0, 0, -1, 0, 3.402823E+38, -3.402823E+38, 3.402823E+38, -3.402823E+38, 3.402823E+38, -3.402823E+38, -12.28904, -11.92903, 2.389187, 2.589187, 8.240001, 8.240001, 0, 0, 3.402823E+38, -3.402823E+38, 3.402823E+38, -3.402823E+38, 3.402823E+38, -3.402823E+38, -12.28904, -11.92903, 2.389187, 2.589187, 8.35, 8.35, 1, 0, 3.402823E+38, -3.402823E+38, 3.402823E+38, -3.402823E+38, 3.402823E+38, -3.402823E+38, -12.28904, -11.92903, 2.389187, 2.589187, 8.46, 8.46
box_3_Hareli(Clone) stack 75, Rack_1_0_2, Shelf_2, -12.10404, 2.539187, 8.35, -0.7061377, 0.03700712, 0.03700712, 0.5405406, 1, 0.75, -8.099999, 1.7, 0.64, 0, 0, 0, -1, 0, 3.402823E+38, -3.402823E+38, 3.402823E+38, -3.402823E+38, 3.402823E+38, -3.402823E+38, -12.28904, -11.92903, 2.539187, 2.739187, 8.240001, 8.240001, 0, 0, 3.402823E+38, -3.402823E+38, 3.402823E+38, -3.402823E+38, 3.402823E+38, -3.402823E+38, -12.28904, -11.92903, 2.539187, 2.739187, 8.35, 8.35, 1, 0, 3.402823E+38, -3.402823E+38, 3.402823E+38, -3.402823E+38, 3.402823E+38, -3.402823E+38, -12.28904, -11.92903, 2.539187, 2.739187, 8.46, 8.46
box_3_Hareli(Clone) stack 75, Rack_1_0_2, Shelf_2, -12.10404, 2.689187, 8.35, -0.7061377, -0.03700712, -0.03700712, 0.5405406, 1, 0.75, -8.099999, 1.7, 0.64, 0, 0, 0, -1, 0, 3.402823E+38, -3.402823E+38, 3.402823E+38, -3.402823E+38, 3.402823E+38, -3.402823E+38, -12.28904, -11.92903, 2.689187, 2.889187, 8.240001, 8.240001, 0, 0, 3.402823E+38, -3.402823E+38, 3.402823E+38, -3.402823E+38, 3.402823E+38, -3.402823E+38, -12.28904, -11.92903, 2.689187, 2.889187, 8.35, 8.35, 1, 0, 3.402823E+38, -3.402823E+38, 3.402823E+38, -3.402823E+38, 3.402823E+38, -3.402823E+38, -12.28904, -11.92903, 2.689187, 2.889187, 8.46, 8.46
box_1_Parle-G-GOLD(Clone) stack 76, Rack_1_0_2, Shelf_2, -12.4928, 2.389187, 8.35, -0.7070799, -0.006170593, -0.006170593, 0.5263161, 0.8695654, 0.7500001, -8.099999, 1.7, 0.64, 0, 0, 0, -1, 0, 3.402823E+38, -3.402823E+38, 3.402823E+38, -3.402823E+38, 3.402823E+38, -3.402823E+38, -12.6828, -12.32279, 2.389187, 2.609187, 8.23, 8.23, 0, 0, 3.402823E+38, -3.402823E+38, 3.402823E+38, -3.402823E+38, 3.402823E+38, -3.402823E+38, -12.6828, -12.32279, 2.389187, 2.609187, 8.35, 8.35, 1, 0, 3.402823E+38, -3.402823E+38, 3.402823E+38, -3.402823E+38, 3.402823E+38, -3.402823E+38, -12.6828, -12.32279, 2.389187, 2.609187, 8.47, 8.47
box_1_Parle-G-GOLD(Clone) stack 76, Rack_1_0_2, Shelf_2, -12.4928, 2.561687, 8.35, -0.7068645, 0.0185099, 0.0185099, 0.526316, 0.8695653, 0.75, -8.099999, 1.7, 0.64, 0, 0, 0, -1, 0, 3.402823E+38, -3.402823E+38, 3.402823E+38, -3.402823E+38, 3.402823E+38, -3.402823E+38, -12.6828, -12.32279, 2.561687, 2.781687, 8.23, 8.23, 0, 0, 3.402823E+38, -3.402823E+38, 3.402823E+38, -3.402823E+38, 3.402823E+38, -3.402823E+38, -12.6828, -12.32279, 2.561687, 2.781687, 8.35, 8.35, 1, 0, 3.402823E+38, -3.402823E+38, 3.402823E+38, -3.402823E+38, 3.402823E+38, -3.402823E+38, -12.6828, -12.32279, 2.561687, 2.781687, 8.47, 8.47
box_1_Parle-G-GOLD(Clone) stack 76, Rack_1_0_2, Shelf_2, -12.4928, 2.734187, 8.35, -0.7057879, -0.04316784, -0.04316784, 0.5263161, 0.8695653, 0.75, -8.099999, 1.7, 0.64, 0, 0, 0, -1, 0, 3.402823E+38, -3.402823E+38, 3.402823E+38, -3.402823E+38, 3.402823E+38, -3.402823E+38, -12.6828, -12.32279, 2.734187, 2.954187, 8.23, 8.23, 0, 0, 3.402823E+38, -3.402823E+38, 3.402823E+38, -3.402823E+38, 3.402823E+38, -3.402823E+38, -12.6828, -12.32279, 2.734187, 2.954187, 8.35, 8.35, 1, 0, 3.402823E+38, -3.402823E+38, 3.402823E+38, -3.402823E+38, 3.402823E+38, -3.402823E+38, -12.6828, -12.32279, 2.734187, 2.954187, 8.47, 8.47
box_1_Parle-G-GOLD(Clone) stack 76, Rack_1_0_2, Shelf_2, -12.4928, 2.906687, 8.35, -0.7061377, -0.03700712, -0.03700712, 0.5263162, 0.8695654, 0.75, -8.099999, 1.7, 0.64, 0, 0, 0, -1, 0, 3.402823E+38, -3.402823E+38, 3.402823E+38, -3.402823E+38, 3.402823E+38, -3.402823E+38, -12.6828, -12.32279, 2.906687, 3.126687, 8.23, 8.23, 0, 0, 3.402823E+38, -3.402823E+38, 3.402823E+38, -3.402823E+38, 3.402823E+38, -3.402823E+38, -12.6828, -12.32279, 2.906687, 3.126687, 8.35, 8.35, 1, 0, 3.402823E+38, -3.402823E+38, 3.402823E+38, -3.402823E+38, 3.402823E+38, -3.402823E+38, -12.6828, -12.32279, 2.906687, 3.126687, 8.47, 8.47
box_1_Parle-G-GOLD(Clone) stack 76, Rack_1_0_2, Shelf_2, -12.4928, 3.079187, 8.35, -0.7068645, -0.0185099, -0.0185099, 0.526316, 0.8695653, 0.75, -8.099999, 1.7, 0.64, 0, 0, 0, -1, 0, 3.402823E+38, -3.402823E+38, 3.402823E+38, -3.402823E+38, 3.402823E+38, -3.402823E+38, -12.6828, -12.32279, 3.079187, 3.299186, 8.23, 8.23, 0, 0, 3.402823E+38, -3.402823E+38, 3.402823E+38, -3.402823E+38, 3.402823E+38, -3.402823E+38, -12.6828, -12.32279, 3.079187, 3.299186, 8.35, 8.35, 1, 0, 3.402823E+38, -3.402823E+38, 3.402823E+38, -3.402823E+38, 3.402823E+38, -3.402823E+38, -12.6828, -12.32279, 3.079187, 3.299186, 8.47, 8.47
