-1.855741, 0.02, 8.35, 2.199154, 265.7393
-1.855741, 0.02, 8.341192, 1.927185, 265.8888
-1.855741, 0.02, 8.365205, 2.667189, 265.482
-1.855741, 0.02, 8.360019, 2.507744, 265.5696
-1.855741, 0.02, 8.389973, 3.42566, 265.065
-1.855741, 0.02507031, 8.35, 2.199154, 265.3447
-1.855741, 0.02098707, 8.340289, 1.899233, 265.8273
-1.855741, 0.02117877, 8.344941, 2.042999, 265.7334
-1.855741, 0.0192416, 8.356687, 2.405205, 265.685
-1.855741, 0.02356715, 8.328396, 1.530919, 265.8283
-1.855741, 0.03570477, 8.35, 2.199154, 264.5171
-1.855741, 0.01086022, 8.357304, 2.424202, 266.3262
-1.855741, 0.0288497, 8.334431, 1.717958, 265.3138
-1.855741, 0.02603057, 8.349412, 2.180986, 265.2799
-1.855741, 0.03354922, 8.363303, 2.608752, 264.4615
-1.855741, 0.03792983, 8.35, 2.199154, 264.344
-1.855741, 0.02146459, 8.347223, 2.113452, 265.6724
-1.855741, 0.01783744, 8.339761, 1.882896, 266.0817
-1.855741, 0.02767515, 8.378892, 3.086929, 264.6562
-1.855741, 0.02725555, 8.389845, 3.421769, 264.5054
-1.855741, 0.007969152, 8.35, 2.199154, 266.6755
-1.855741, 0.05309999, 8.352706, 2.282567, 263.1185
-1.855741, 0.02570696, 8.348623, 2.156668, 265.3185
-1.855741, 0.04414204, 8.364925, 2.658606, 263.6116
-1.855741, 0.01608253, 8.341768, 1.944966, 266.1842
-1.864087, 0.02, 8.35, 1.549644, 265.7393
-1.859665, 0.02, 8.354498, 2.032614, 265.6631
-1.860103, 0.02, 8.348531, 1.814332, 265.7643
-1.864604, 0.02, 8.320558, 0.5951643, 266.2405
-1.846699, 0.02, 8.38577, 3.997693, 265.1356
-1.859215, 0.01654683, 8.35, 1.928816, 266.008
-1.854534, 0.01603514, 8.354031, 2.417293, 265.9794
-1.859471, 0.0271433, 8.330665, 1.31032, 265.5107
-1.859701, 0.01432916, 8.342449, 1.657619, 266.3092
-1.865137, 0.0219879, 8.33001, 0.8478928, 265.924
-1.864798, 0.01585517, 8.35, 1.494327, 266.0619
-1.863713, 0.0296239, 8.356144, 1.768641, 264.8869
-1.850102, 0.00901879, 8.347239, 2.552948, 266.641
-1.85437, 0.01537432, 8.324041, 1.502895, 266.5422
-1.851114, 0.03272895, 8.379136, 3.45314, 264.2603
-1.856892, 0.01867138, 8.35, 2.109575, 265.8427
-1.865112, 0.04703055, 8.354494, 1.608853, 263.5608
-1.862299, 0.01448281, 8.347166, 1.601214, 266.2169
-1.857179, 0.00900192, 8.320163, 1.163006, 267.1064
-1.857776, 0.0282546, 8.340219, 1.738529, 265.2622
-1.846375, 0.04882507, 8.35, 2.928071, 263.4961
-1.858971, 0.03252935, 8.344052, 1.764035, 264.8644
-1.852232, 0.008769255, 8.332189, 1.922221, 266.9181
-1.853702, -0.01193812, 8.331015, 1.771188, 268.5536
-1.853879, 0.02640968, 8.378269, 3.212214, 264.7647
-1.851412, 0.02, 8.35, 2.536082, 265.7393
-1.835938, 0.02, 8.344658, 3.57645, 265.83
-1.836345, 0.02, 8.362717, 4.097629, 265.524
-1.850321, 0.02, 8.3262, 1.885972, 266.1441
-1.841332, 0.02, 8.326004, 2.581573, 266.1475
-1.865602, 0.02471923, 8.35, 1.431813, 265.372
-1.844655, 0.02151785, 8.343004, 2.846675, 265.7398
-1.848811, 0.01261576, 8.352714, 2.821913, 266.2678
-1.836103, 0.02198241, 8.365787, 4.210181, 265.3182
-1.842159, 0.02036794, 8.311401, 2.064986, 266.3683
-1.854511, 0.01673012, 8.35, 2.294869, 265.9938
-1.856377, 0.01802928, 8.355908, 2.331791, 265.7924
-1.853226, 0.02896122, 8.360334, 2.712908, 264.8679
-1.85825, 0.02493051, 8.333149, 1.482625, 265.6411
-1.840131, 0.03607979, 8.376558, 4.226131, 264.0435
-1.873653, 0.01204579, 8.35, 0.8052206, 266.3583
-1.847266, 0.03992299, 8.341423, 2.594576, 264.3328
-1.873065, 0.02908867, 8.330108, 0.2323437, 265.3684
-1.871523, 0.00495399, 8.365163, 1.440139, 266.6513
-1.859447, 0.04067341, 8.373299, 2.628093, 263.7414
-1.861045, 0.04306805, 8.35, 1.786408, 263.9441
-1.845039, -0.005232386, 8.352906, 3.121305, 267.6529
-1.846612, 0.05649173, 8.339631, 2.59027, 263.0717
-1.859558, -0.008917354, 8.348466, 1.854715, 268.0162
-1.85871, -0.01766118, 8.366184, 2.466702, 268.3901
-1.870745, 0.02, 8.35, 1.031599, 265.7393
-1.829233, 0.02, 8.353914, 4.381628, 265.673
-1.864748, 0.02, 8.348001, 1.436362, 265.7732
-1.871961, 0.02, 8.325978, 0.1897144, 266.1479
-1.8815, 0.01614568, 8.35, 0.1945496, 266.0392
-1.850011, 0.02674069, 8.35745, 2.874212, 265.0891
-1.865532, 0.02925792, 8.342512, 1.205335, 265.1452
-1.858261, 0.01105662, 8.357775, 2.24277, 266.3029
-1.868836, 0.0273362, 8.370308, 1.80748, 264.8264
-1.877746, 0.004023936, 8.35, 0.4867172, 266.9826
-1.875725, 0.03705124, 8.347133, 0.5549669, 264.4605
-1.834972, 0.03689863, 8.360124, 4.125137, 264.2545
-1.881507, 0.0298807, 8.357595, 0.4300261, 264.8425
-1.868355, 0.03795614, 8.347473, 1.139288, 264.3843
-1.882304, 0.04520011, 8.35, 0.1320505, 263.7782
-1.852913, 0.002793482, 8.358215, 2.67211, 266.9377
-1.83318, 0.001775781, 8.341749, 3.702049, 267.2991
-1.83273, 0.03914371, 8.3561, 4.176507, 264.1473
-1.82744, 0.02096252, 8.358861, 4.67205, 265.5144
-1.864037, 0.0172633, 8.35, 1.553607, 265.9523
-1.878809, 0.009659339, 8.352161, 0.4711676, 266.5072
-1.881136, 0.04000906, 8.346642, 0.1184177, 264.2385
-1.861471, -0.01743625, 8.337721, 1.373248, 268.8658
-1.858059, 0.02401851, 8.388931, 3.214459, 264.7713
-1.868182, 0.02, 8.345152, 1.080737, 265.8216
-1.866292, 0.02, 8.333785, 0.8751583, 266.0149
-1.854286, 0.01232966, 8.35, 2.312422, 266.3362
-1.880756, 0.01898555, 8.344365, 0.07707596, 265.9139
-1.848539, 0.01267448, 8.338235, 2.397094, 266.5101
-1.865184, 0.01187961, 8.365426, 1.940589, 266.1089
-1.853905, 0.01866965, 8.350235, 2.3493, 265.8388
-1.841818, 0.02046589, 8.35, 3.282695, 265.703
-1.842383, 0.02784367, 8.358913, 3.512063, 264.9786
-1.878585, 0.03037947, 8.342494, 0.1879549, 265.0582
-1.839428, 0.02873525, 8.326509, 2.745752, 265.457
-1.881917, 0.02695262, 8.355797, 0.3422785, 265.1004
-1.857248, -0.005887512, 8.35, 2.081938, 267.7539
-1.820204, -2.270751E-05, 8.345304, 4.821482, 267.3781
-1.861312, 0.004218472, 8.368502, 2.335911, 266.6515
-1.841511, -0.007769929, 8.334217, 2.821069, 268.173
-1.822885, 0.03226124, 8.356362, 4.949985, 264.6781
-1.88312, 0.04688173, 8.35, 0.0685215, 263.6473
-1.847071, 0.05161305, 8.353436, 2.979498, 263.222
-1.844295, -0.007644417, 8.364752, 3.542333, 267.6368
-1.848355, 0.01504891, 8.383335, 3.795176, 265.5601
-1.855741, 0.17, 8.35, 2.199154, 254.0661
-1.855741, 0.17, 8.351395, 2.242155, 254.0446
-1.855741, 0.17, 8.331852, 1.638079, 254.3471
-1.855741, 0.17, 8.33484, 1.730633, 254.3007
-1.855741, 0.17, 8.335187, 1.741376, 254.2954
-1.855741, 0.1720088, 8.35, 2.199154, 253.9098
-1.855741, 0.16029, 8.340354, 1.90125, 254.9719
-1.855741, 0.1728064, 8.369401, 2.796021, 253.5494
-1.855741, 0.1761166, 8.32117, 1.306601, 254.0353
-1.855741, 0.1632073, 8.311268, 0.9984827, 255.1986
-1.855741, 0.1688553, 8.35, 2.199154, 254.1552
-1.855741, 0.1739639, 8.34306, 1.984878, 253.8647
-1.855741, 0.1734596, 8.340389, 1.902351, 253.9452
-1.855741, 0.1675726, 8.327053, 1.489263, 254.6111
-1.855741, 0.1559859, 8.3453, 2.054086, 255.23
-1.855741, 0.1611069, 8.35, 2.199154, 254.7582
-1.855741, 0.1740275, 8.359112, 2.479849, 253.6125
-1.855741, 0.1731326, 8.343201, 1.989255, 253.9272
-1.855741, 0.196142, 8.37497, 2.966809, 251.654
-1.855741, 0.1798194, 8.358157, 2.45048, 253.177
-1.855741, 0.1473173, 8.35, 2.199154, 255.8313
-1.855741, 0.1753211, 8.358443, 2.459278, 253.5223
-1.855741, 0.1461549, 8.341945, 1.950431, 256.0483
-1.855741, 0.1404367, 8.345434, 2.058234, 256.4387
-1.855741, 0.1794643, 8.318153, 1.212802, 253.8204
-1.858764, 0.17, 8.35, 1.963921, 254.0661
-1.848568, 0.17, 8.341431, 2.493396, 254.1986
-1.865602, 0.17, 8.338737, 1.08274, 254.2403
-1.851057, 0.17, 8.368082, 3.119216, 253.7876
-1.851502, 0.17, 8.366387, 3.032727, 253.8136
-1.853494, 0.160653, 8.35, 2.374077, 254.7935
-1.85727, 0.1791696, 8.353296, 2.181873, 253.302
-1.856899, 0.1739432, 8.350374, 2.120619, 253.7535
-1.847261, 0.1737897, 8.339677, 2.541161, 253.9305
-1.848344, 0.1651212, 8.334629, 2.300935, 254.6844
-1.854189, 0.1753925, 8.35, 2.319975, 253.6465
-1.857408, 0.174411, 8.346941, 1.97505, 253.77
-1.845872, 0.154652, 8.352556, 3.045774, 255.2207
-1.847262, 0.1851836, 8.348625, 2.816706, 252.9056
-1.865115, 0.1844881, 8.315782, 0.4062939, 253.4644
-1.860662, 0.1981832, 8.35, 1.81622, 251.8729
-1.850351, 0.167187, 8.359739, 2.918072, 254.1346
-1.849743, 0.1816133, 8.339639, 2.346525, 253.3214
-1.864956, 0.1646508, 8.35659, 1.685772, 254.3804
-1.854455, 0.1934871, 8.344157, 2.118974, 252.3273
-1.865631, 0.1332319, 8.35, 1.429539, 256.9275
-1.853686, 0.2011128, 8.34004, 2.051682, 251.7958
-1.859855, 0.1834939, 8.360956, 2.216892, 252.8486
-1.85797, 0.1530313, 8.340984, 1.747084, 255.5276
-1.862856, 0.1528293, 8.377038, 2.478418, 254.9816
-1.847193, 0.17, 8.35, 2.864399, 254.0661
-1.867883, 0.17, 8.359048, 1.534081, 253.9266
-1.845629, 0.17, 8.348394, 2.936697, 254.091
-1.847163, 0.17, 8.375362, 3.644242, 253.6758
-1.848907, 0.17, 8.374553, 3.484168, 253.6882
-1.875043, 0.1604554, 8.35, 0.6971025, 254.8089
-1.868053, 0.1747074, 8.341799, 0.9867811, 253.8262
-1.842679, 0.1725586, 8.362817, 3.608623, 253.6698
-1.859755, 0.1605496, 8.360077, 2.197609, 254.6452
-1.872383, 0.1677021, 8.325913, 0.15481, 254.6187
-1.874537, 0.1593527, 8.35, 0.7364988, 254.8947
-1.868972, 0.1835283, 8.346182, 1.051197, 253.0718
-1.872477, 0.1813162, 8.347869, 0.8306265, 253.2182
-1.865156, 0.1543073, 8.344882, 1.308045, 255.3673
-1.87467, 0.1720044, 8.369859, 1.340775, 253.6047
-1.858782, 0.1960891, 8.35, 1.962519, 252.0359
-1.869503, 0.1625535, 8.343005, 0.9112644, 254.7543
-1.8662, 0.1492785, 8.354259, 1.516986, 255.6121
-1.871204, 0.1648704, 8.362699, 1.388798, 254.2689
-1.855113, 0.1592076, 8.32241, 1.394191, 255.3367
-1.849712, 0.1607276, 8.35, 2.668333, 254.7877
-1.860127, 0.1496783, 8.357807, 2.098703, 255.5256
-1.860007, 0.148856, 8.336405, 1.446519, 255.9248
-1.845764, 0.1529052, 8.33984, 2.66284, 255.5554
-1.863704, 0.1569712, 8.354031, 1.704082, 255.0173
-1.864914, 0.17, 8.35, 1.4853, 254.0661
-1.856376, 0.17, 8.348625, 2.107301, 254.0874
-1.83511, 0.17, 8.35779, 4.043083, 253.946
-1.854023, 0.17, 8.339118, 1.99698, 254.2345
-1.866368, 0.17, 8.31174, 0.1821041, 254.6599
-1.83279, 0.1743127, 8.35, 3.985276, 253.7305
-1.876136, 0.1638388, 8.349464, 0.5953503, 254.5539
-1.880778, 0.1678639, 8.353475, 0.3587294, 254.1787
-1.843689, 0.1667753, 8.353156, 3.233972, 254.2683
-1.847601, 0.1770852, 8.35, 2.83267, 253.5148
-1.828307, 0.1676353, 8.345353, 4.192014, 254.3221
-1.856712, 0.1877388, 8.356686, 2.329717, 252.5838
-1.837175, 0.1665646, 8.371939, 4.314666, 253.9949
-1.864171, 0.1647729, 8.332855, 1.011701, 254.7392
-1.831713, 0.1523846, 8.35, 4.069033, 255.437
-1.843349, 0.1913762, 8.352694, 3.24626, 252.3616
-1.873437, 0.1803798, 8.33741, 0.4308844, 253.4518
-1.855688, 0.196485, 8.363236, 2.610855, 251.8045
-1.854403, 0.1475605, 8.382933, 3.314266, 255.2986
-1.86719, 0.1323977, 8.35, 1.308231, 256.9924
-1.842541, 0.2061257, 8.351406, 3.269534, 251.2336
-1.828786, 0.1563294, 8.354161, 4.424014, 255.0652
-1.863006, 0.2028338, 8.340606, 1.343036, 251.6531
-1.838835, 0.17, 8.35, 3.51481, 254.0661
-1.816589, 0.17, 8.355548, 5.414786, 253.9805
-1.866056, 0.17, 8.348722, 1.356926, 254.0859
-1.874233, 0.17, 8.343028, 0.5435801, 254.1739
-1.816638, 0.17, 8.335052, 4.786234, 254.2974
-1.848087, 0.1747172, 8.35, 2.794862, 253.6991
-1.869239, 0.1762082, 8.365772, 1.636348, 253.3409
-1.835112, 0.1731848, 8.337223, 3.412457, 254.0155
-1.835138, 0.1657069, 8.353171, 3.899646, 254.3512
-1.835615, 0.1500169, 8.35, 3.765421, 255.6213
-1.827785, 0.1744726, 8.351015, 4.405746, 253.7025
-1.840229, 0.1730868, 8.337511, 3.022485, 254.0187
-1.828048, 0.1876358, 8.355264, 4.515038, 252.6134
-1.890839, 0.1814619, 8.378757, 0.3616476, 252.735
-1.878171, 0.1701995, 8.35, 0.4536724, 254.0506
-1.827115, 0.1710042, 8.351395, 4.46949, 253.9665
-1.828109, 0.1958309, 8.340102, 4.046574, 252.2064
-1.819863, 0.1935975, 8.356657, 5.19393, 252.1286
-1.827988, 0.1641062, 8.37887, 5.237947, 254.0789
-1.836916, 0.1944631, 8.35, 3.664155, 252.1624
-1.868585, 0.142312, 8.355813, 1.379542, 256.1295
-1.864456, 0.1596699, 8.359671, 1.819725, 254.7199
-1.832091, 0.1811328, 8.325686, 3.293166, 253.5737
-1.877415, 0.1542867, 8.349608, 0.5003214, 255.2951
-1.855741, 0.32, 8.35, 2.199154, 242.393
-1.855741, 0.32, 8.349469, 2.18276, 242.4004
-1.855741, 0.32, 8.338835, 1.854258, 242.5488
-1.855741, 0.32, 8.323905, 1.391559, 242.7577
-1.855741, 0.32, 8.369538, 2.800241, 242.1216
-1.855741, 0.3150992, 8.35, 2.199154, 242.7744
-1.855741, 0.3165624, 8.345387, 2.056789, 242.725
-1.855741, 0.3146275, 8.356778, 2.408023, 242.7164
-1.855741, 0.3281409, 8.322987, 1.363049, 242.1348
-1.855741, 0.3297121, 8.343461, 1.99728, 241.7277
-1.855741, 0.3049839, 8.35, 2.199154, 243.5616
-1.855741, 0.3063917, 8.355878, 2.380285, 243.3694
-1.855741, 0.3053229, 8.336334, 1.776896, 243.7279
-1.855741, 0.3118762, 8.332716, 1.664858, 243.2679
-1.855741, 0.3075122, 8.329576, 1.567512, 243.6526
-1.855741, 0.3011461, 8.35, 2.199154, 243.8602
-1.855741, 0.3470677, 8.356429, 2.397251, 240.1989
-1.855741, 0.3323233, 8.351567, 2.247462, 241.4124
-1.855741, 0.3473866, 8.375647, 2.987537, 239.9128
-1.855741, 0.3324469, 8.355807, 2.378139, 241.3443
-1.855741, 0.3466591, 8.35, 2.199154, 240.3184
-1.855741, 0.2983903, 8.349747, 2.191315, 244.0783
-1.855741, 0.3120377, 8.334278, 1.713238, 243.2333
-1.855741, 0.3268757, 8.351995, 2.260623, 241.8303
-1.855741, 0.2915604, 8.378645, 3.079362, 244.2005
-1.854736, 0.32, 8.35, 2.277431, 242.393
-1.854471, 0.32, 8.355395, 2.464213, 242.3179
-1.848102, 0.32, 8.352133, 2.859206, 242.3633
-1.848649, 0.32, 8.366673, 3.26304, 242.1613
-1.855672, 0.32, 8.364787, 2.659707, 242.1874
-1.853794, 0.3129061, 8.35, 2.350674, 242.945
-1.855675, 0.3150343, 8.34072, 1.917715, 242.9093
-1.85709, 0.3266807, 8.364845, 2.55136, 241.6677
-1.857568, 0.3189417, 8.33494, 1.591301, 242.6857
-1.847478, 0.3233073, 8.379802, 3.75535, 241.7231
-1.860387, 0.3166121, 8.35, 1.837621, 242.6566
-1.859401, 0.3373516, 8.343079, 1.700435, 241.138
-1.853433, 0.3194366, 8.340991, 2.100763, 242.5625
-1.855522, 0.3158138, 8.373062, 2.925353, 242.3975
-1.852503, 0.3026803, 8.353934, 2.572303, 243.6854
-1.846542, 0.3262024, 8.35, 2.91501, 241.9103
-1.861838, 0.3010897, 8.344884, 1.56651, 243.9369
-1.858604, 0.3179457, 8.365786, 2.462711, 242.3331
-1.858437, 0.3163686, 8.368264, 2.551875, 242.4211
-1.853809, 0.2925362, 8.331276, 1.770988, 244.7969
-1.863374, 0.3386516, 8.35, 1.605148, 240.9415
-1.85481, 0.2867377, 8.355214, 2.432313, 244.9072
-1.846326, 0.3444097, 8.345325, 2.788067, 240.5574
-1.86285, 0.2939037, 8.36362, 2.066245, 244.2309
-1.85812, 0.2878436, 8.310876, 0.8002138, 245.456
-1.847519, 0.32, 8.35, 2.839065, 242.393
-1.873129, 0.32, 8.341039, 0.5676842, 242.518
-1.83895, 0.32, 8.364382, 3.946152, 242.1931
-1.856457, 0.32, 8.373907, 2.878733, 242.061
-1.864484, 0.32, 8.356924, 1.732764, 242.2967
-1.84773, 0.3110736, 8.35, 2.822642, 243.0877
-1.861641, 0.3243636, 8.345178, 1.590886, 242.1204
-1.868645, 0.3292363, 8.369732, 1.804576, 241.4019
-1.85903, 0.3145532, 8.357164, 2.164249, 242.7168
-1.839206, 0.329422, 8.353851, 3.604002, 241.6065
-1.861123, 0.3363689, 8.35, 1.780329, 241.1192
-1.873471, 0.3055796, 8.353782, 0.9366846, 243.462
-1.837958, 0.3086732, 8.343759, 3.391542, 243.3622
-1.843727, 0.3242431, 8.329432, 2.50052, 242.3492
-1.872319, 0.3106623, 8.373757, 1.643558, 242.7875
-1.868297, 0.3340645, 8.35, 1.222057, 241.2985
-1.850979, 0.3021365, 8.347651, 2.497373, 243.8163
-1.845077, 0.2922312, 8.337697, 2.65028, 244.7291
-1.871053, 0.3460495, 8.374487, 1.764164, 240.0322
-1.856127, 0.3242435, 8.38387, 3.209324, 241.5945
-1.859885, 0.3567323, 8.35, 1.876717, 239.5345
-1.871729, 0.2901029, 8.342836, 0.7326221, 244.8217
-1.85118, 0.3144342, 8.336966, 2.151976, 243.0087
-1.871134, 0.3197598, 8.376363, 1.815662, 242.0457
-1.844472, 0.3014542, 8.387368, 4.218907, 243.3113
-1.836529, 0.32, 8.35, 3.694296, 242.393
-1.827011, 0.32, 8.342957, 4.219508, 242.4912
-1.844071, 0.32, 8.358375, 3.364348, 242.2765
-1.86548, 0.32, 8.328365, 0.7699299, 242.6952
-1.828586, 0.32, 8.319634, 3.380499, 242.8176
-1.842697, 0.3298455, 8.35, 3.214302, 241.6268
-1.839193, 0.3173536, 8.359873, 3.789396, 242.4613
-1.882791, 0.3211426, 8.366759, 0.6145048, 242.0713
-1.84307, 0.3106648, 8.323338, 2.363477, 243.4947
-1.86095, 0.3178389, 8.36976, 2.402744, 242.2862
-1.875837, 0.326079, 8.35, 0.6352758, 241.9199
-1.875157, 0.3112065, 8.3403, 0.3867245, 243.2135
-1.876257, 0.3393888, 8.341919, 0.3514338, 240.9952
-1.885232, 0.3072813, 8.374599, 0.6677198, 243.0381
-1.871602, 0.3175496, 8.35, 0.9648371, 242.5837
-1.868107, 0.3289743, 8.352917, 1.327085, 241.6543
-1.848199, 0.3190566, 8.364941, 3.244901, 242.2586
-1.841392, 0.31008, 8.347989, 3.25407, 243.1932
-1.840785, 0.3109254, 8.35041, 3.375664, 243.0934
-1.838087, 0.2997008, 8.35, 3.573046, 243.9727
-1.882485, 0.2907026, 8.34744, 0.03823757, 244.7094
-1.855981, 0.3597574, 8.351769, 2.235003, 239.2751
-1.866967, 0.312529, 8.346951, 1.231112, 243.0171
-1.868719, 0.3124317, 8.336244, 0.7623625, 243.175
-1.827838, 0.32, 8.35, 4.370584, 242.393
-1.849911, 0.32, 8.345165, 2.50391, 242.4604
-1.860201, 0.32, 8.37529, 2.630668, 242.0419
-1.867633, 0.32, 8.338542, 0.9184313, 242.5528
-1.833717, 0.3298036, 8.35, 3.913093, 241.6301
-1.820816, 0.3202842, 8.355773, 5.092978, 242.2906
-1.857473, 0.3120133, 8.332371, 1.519032, 243.2621
-1.869239, 0.329858, 8.334769, 0.6760025, 241.8369
-1.843499, 0.3121579, 8.320632, 2.246261, 243.4162
-1.872484, 0.330945, 8.35, 0.8962011, 241.5412
-1.870122, 0.3085614, 8.359805, 1.383476, 243.1456
-1.839448, 0.3226279, 8.335918, 3.034286, 242.3846
-1.833482, 0.3108236, 8.379985, 4.845872, 242.6883
-1.840982, 0.3421645, 8.35, 3.347754, 240.6681
-1.828829, 0.3378941, 8.349433, 4.276171, 241.0083
-1.868052, 0.2952275, 8.360415, 1.563163, 244.1734
-1.833207, 0.3356931, 8.3293, 3.317327, 241.4576
-1.885201, 0.2985982, 8.36616, 0.4087114, 243.8304
-1.839695, 0.3453531, 8.35, 3.447933, 240.42
-1.832297, 0.2940213, 8.358281, 4.276772, 244.2973
-1.88082, 0.3004402, 8.358661, 0.5164719, 243.793
-1.840398, 0.3360365, 8.357211, 3.614244, 241.0459
-1.817323, 0.288979, 8.348879, 5.154762, 244.8231
-1.855741, 0.47, 8.35, 2.199154, 230.7198
-1.855741, 0.47, 8.340264, 1.898475, 230.8409
-1.855741, 0.47, 8.358985, 2.475944, 230.6084
-1.855741, 0.47, 8.327956, 1.517286, 230.9943
-1.855741, 0.47, 8.353207, 2.298002, 230.6801
-1.855741, 0.4642081, 8.35, 2.199154, 231.1706
-1.855741, 0.4782492, 8.340411, 1.903024, 230.1963
-1.855741, 0.4685401, 8.341471, 1.935782, 230.9396
-1.855741, 0.4765711, 8.329788, 1.574092, 230.4587
-1.855741, 0.4643982, 8.360721, 2.52933, 231.0223
-1.855741, 0.4822977, 8.35, 2.199154, 229.7628
-1.855741, 0.4803648, 8.345087, 2.047505, 229.9738
-1.855741, 0.4556381, 8.346718, 2.097859, 231.8788
-1.855741, 0.4817074, 8.376606, 3.016934, 229.4827
-1.855741, 0.4539335, 8.385203, 3.279977, 231.5294
-1.855741, 0.4805915, 8.35, 2.199154, 229.8956
-1.855741, 0.4752491, 8.359397, 2.488618, 230.1953
-1.855741, 0.4429405, 8.362104, 2.571888, 232.6723
-1.855741, 0.4590655, 8.337929, 1.826234, 231.7222
-1.855741, 0.4487281, 8.331784, 1.635976, 232.6059
-1.855741, 0.4985995, 8.35, 2.199154, 228.4942
-1.855741, 0.4755999, 8.349486, 2.18329, 230.2904
-1.855741, 0.4432443, 8.358285, 2.454414, 232.697
-1.855741, 0.4466934, 8.373444, 2.920032, 232.2379
-1.855741, 0.4595783, 8.377636, 3.048463, 231.1861
-1.853428, 0.47, 8.35, 2.379141, 230.7198
-1.863512, 0.47, 8.353822, 1.712523, 230.6724
-1.850811, 0.47, 8.354635, 2.725496, 230.6623
-1.857091, 0.47, 8.350526, 2.110319, 230.7133
-1.860057, 0.47, 8.375079, 2.635345, 230.4095
-1.856151, 0.4739868, 8.35, 2.167282, 230.4096
-1.851295, 0.4737127, 8.352072, 2.608967, 230.4053
-1.855559, 0.4600428, 8.337079, 1.814146, 231.6567
-1.862087, 0.4773873, 8.325769, 0.9540367, 230.4449
-1.860914, 0.4777006, 8.377005, 2.628021, 229.7886
-1.863025, 0.4523997, 8.35, 1.632328, 232.0895
-1.85047, 0.4567145, 8.34497, 2.454357, 231.8169
-1.862762, 0.4792741, 8.346356, 1.540074, 230.0431
-1.84793, 0.4678771, 8.369283, 3.398795, 230.6458
-1.851083, 0.4827949, 8.369111, 3.148713, 229.4899
-1.84869, 0.4476928, 8.35, 2.747898, 232.4558
-1.858315, 0.4743526, 8.346704, 1.897044, 230.4219
-1.857616, 0.498635, 8.338469, 1.696873, 228.6315
-1.854082, 0.4632243, 8.339116, 1.992331, 231.3832
-1.846354, 0.4424825, 8.348198, 2.874255, 232.8842
-1.849513, 0.4808276, 8.35, 2.683897, 229.8772
-1.85367, 0.4509306, 8.354865, 2.51019, 232.1426
-1.857524, 0.4541271, 8.340895, 1.77907, 232.0697
-1.847262, 0.4798734, 8.357953, 3.103409, 229.8537
-1.862828, 0.4969335, 8.326524, 0.9196472, 228.9098
-1.85581, 0.47, 8.35, 2.193832, 230.7198
-1.852312, 0.47, 8.35869, 2.733464, 230.6121
-1.85922, 0.47, 8.338827, 1.582975, 230.8588
-1.842453, 0.47, 8.328339, 2.566137, 230.9895
-1.861917, 0.47, 8.343719, 1.524267, 230.7979
-1.859722, 0.4631929, 8.35, 1.889377, 231.2496
-1.845779, 0.4621973, 8.350034, 2.975421, 231.3266
-1.856266, 0.4726424, 8.335895, 1.722407, 230.6893
-1.8376, 0.4717657, 8.322939, 2.778268, 230.9191
-1.836649, 0.4694079, 8.36969, 4.286857, 230.522
-1.871248, 0.4599937, 8.35, 0.9923744, 231.4986
-1.873793, 0.4771152, 8.356054, 0.9820747, 230.0915
-1.846843, 0.4762052, 8.33676, 2.483697, 230.4008
-1.853805, 0.4846641, 8.356418, 2.547441, 229.5
-1.83729, 0.4743323, 8.350647, 3.654914, 230.3747
-1.856501, 0.4651724, 8.35, 2.140002, 231.0955
-1.838804, 0.450097, 8.340213, 3.216634, 232.3924
-1.859866, 0.4514881, 8.356032, 2.064314, 232.0845
-1.868009, 0.4406895, 8.36344, 1.659894, 232.8303
-1.844582, 0.4711743, 8.351267, 3.106484, 230.6127
-1.856914, 0.501996, 8.35, 2.107873, 228.2299
-1.871893, 0.4740576, 8.352224, 1.011157, 230.3766
-1.861968, 0.4957219, 8.35431, 1.847677, 228.6658
-1.854453, 0.4627043, 8.3503, 2.308645, 231.2839
-1.851086, 0.4375427, 8.329634, 1.932549, 233.5059
-1.825781, 0.47, 8.35, 4.530687, 230.7198
-1.860016, 0.47, 8.358917, 2.141562, 230.6093
-1.856435, 0.47, 8.361648, 2.503924, 230.5755
-1.840528, 0.47, 8.349114, 3.35588, 230.7309
-1.836239, 0.47, 8.349771, 3.709817, 230.7227
-1.831177, 0.4782291, 8.35, 4.110804, 230.0795
-1.875536, 0.4602882, 8.351813, 0.7149696, 231.4529
-1.851172, 0.4706129, 8.354598, 2.696271, 230.6151
-1.86791, 0.4754783, 8.35875, 1.522808, 230.1855
-1.873005, 0.4763, 8.33544, 0.4031897, 230.4098
-1.83493, 0.4559948, 8.35, 3.818736, 231.8097
-1.868206, 0.4807443, 8.354397, 1.365237, 229.8297
-1.862282, 0.480288, 8.339469, 1.364193, 230.0491
-1.838283, 0.4520799, 8.341846, 3.307471, 232.2172
-1.869041, 0.4609129, 8.33481, 0.6926966, 231.6174
-1.860188, 0.4853442, 8.35, 1.853113, 229.5258
-1.857225, 0.4454737, 8.356839, 2.29454, 232.542
-1.861079, 0.4472721, 8.361203, 2.129445, 232.3471
-1.852152, 0.4616887, 8.377684, 3.328257, 231.0219
-1.829377, 0.4576074, 8.317966, 3.267245, 232.0876
-1.849757, 0.4662511, 8.35, 2.664828, 231.0116
-1.831585, 0.502018, 8.356991, 4.292707, 228.1437
-1.828263, 0.4791011, 8.330709, 3.746424, 230.2499
-1.859919, 0.4892786, 8.339494, 1.549101, 229.3481
-1.852153, 0.4434439, 8.382565, 3.477373, 232.3752
-1.828319, 0.47, 8.35, 4.333177, 230.7198
-1.818869, 0.47, 8.359701, 5.363817, 230.5996
-1.850607, 0.47, 8.377864, 3.453598, 230.3752
-1.894176, 0.47, 8.381648, 0.192461, 230.3286
-1.869749, 0.4676799, 8.35, 1.10909, 230.9004
-1.879656, 0.4740404, 8.353461, 0.4456472, 230.3626
-1.841691, 0.4776755, 8.343485, 3.092308, 230.203
-1.84578, 0.4737188, 8.323447, 2.15518, 230.7603
-1.843654, 0.4772402, 8.35, 3.13983, 230.1564
-1.864104, 0.4597794, 8.349868, 1.544251, 231.5169
-1.846583, 0.477245, 8.361528, 3.265786, 230.014
-1.860294, 0.4653922, 8.373615, 2.572103, 230.785
-1.871587, 0.4786481, 8.357723, 1.205249, 229.9517
-1.837982, 0.4996322, 8.350571, 3.598695, 228.4069
-1.880418, 0.4657004, 8.365552, 0.7613039, 230.8611
-1.869232, 0.4439613, 8.376827, 1.977525, 232.4073
-1.883036, 0.4394262, 8.353275, 0.1769114, 233.0575
-1.848994, 0.4878246, 8.328686, 2.066445, 229.5942
-1.868049, 1.204594, 8.35, 1.241341, 173.553
-1.868049, 1.204594, 8.345406, 1.098948, 173.576
-1.868049, 1.204594, 8.346169, 1.122651, 173.5722
-1.868049, 1.204594, 8.34246, 1.007581, 173.5908
-1.868049, 1.204594, 8.377649, 2.094483, 173.4153
-1.868049, 1.198611, 8.35, 1.241341, 174.0186
-1.868049, 1.199218, 8.346088, 1.120119, 173.9912
-1.868049, 1.213786, 8.361358, 1.592531, 172.782
-1.868049, 1.207775, 8.330549, 0.6374645, 173.4023
-1.868049, 1.209127, 8.347885, 1.175809, 173.2107
-1.868049, 1.216722, 8.35, 1.241341, 172.6092
-1.868049, 1.203598, 8.345069, 1.088519, 173.6552
-1.868049, 1.192432, 8.352323, 1.313238, 174.4875
-1.868049, 1.195549, 8.379462, 2.15023, 174.1075
-1.868049, 1.212924, 8.356936, 1.455932, 172.8706
-1.868049, 1.212347, 8.35, 1.241341, 172.9497
-1.868049, 1.188664, 8.347809, 1.173449, 174.804
-1.868049, 1.231908, 8.339297, 0.9094334, 171.4781
-1.868049, 1.217937, 8.361547, 1.598382, 172.4585
-1.868049, 1.196866, 8.385851, 2.346411, 173.9732
-1.868049, 1.229226, 8.35, 1.241341, 171.6361
-1.868049, 1.21174, 8.358804, 1.513638, 172.9536
-1.868049, 1.188994, 8.34426, 1.063457, 174.7967
-1.868049, 1.227822, 8.358128, 1.492739, 171.7067
-1.868049, 1.221537, 8.366488, 1.750803, 172.1551
-1.860956, 1.204594, 8.35, 1.793332, 173.553
-1.87061, 1.204594, 8.355308, 1.20645, 173.5265
-1.866454, 1.204594, 8.356651, 1.571202, 173.5198
-1.870722, 1.204594, 8.336831, 0.6244612, 173.619
-1.870065, 1.204594, 8.388568, 2.273669, 173.3611
-1.870726, 1.199405, 8.35, 1.033001, 173.9568
-1.877579, 1.212297, 8.350335, 0.510149, 172.9519
-1.873465, 1.209986, 8.34969, 0.8102703, 173.1349
-1.859433, 1.201195, 8.349581, 1.89889, 173.8196
-1.865134, 1.200966, 8.341142, 1.193776, 173.88
-1.872558, 1.192307, 8.35, 0.8904362, 174.5092
-1.86356, 1.213458, 8.341458, 1.32627, 172.9052
-1.876084, 1.217129, 8.33462, 0.1375866, 172.6526
-1.861477, 1.224002, 8.348141, 1.695356, 172.0516
-1.864912, 1.222207, 8.348759, 1.447077, 172.1884
-1.85915, 1.216681, 8.35, 1.93388, 172.6124
-1.870379, 1.206611, 8.345328, 0.9151268, 173.4193
-1.860999, 1.180755, 8.350071, 1.792145, 175.4078
-1.876044, 1.17634, 8.364188, 1.05885, 175.6769
-1.871376, 1.201769, 8.331416, 0.4049349, 173.8665
-1.875038, 1.165777, 8.35, 0.6975031, 176.5738
-1.866904, 1.181738, 8.350771, 1.354322, 175.3276
-1.875364, 1.196489, 8.330571, 0.06749153, 174.2827
-1.860734, 1.185542, 8.336749, 1.400542, 175.1046
-1.87737, 1.243218, 8.345158, 0.3654528, 170.5696
-1.853356, 1.204594, 8.35, 2.384777, 173.553
-1.866363, 1.204594, 8.344675, 1.207652, 173.5797
-1.864341, 1.204594, 8.341901, 1.279163, 173.5936
-1.869795, 1.204594, 8.34617, 0.9867811, 173.5722
-1.852017, 1.204594, 8.325259, 1.724381, 173.6771
-1.873886, 1.214059, 8.35, 0.7870817, 172.8164
-1.872609, 1.205913, 8.343196, 0.6752443, 173.4843
-1.862794, 1.197746, 8.361194, 1.995792, 174.0293
-1.868775, 1.20656, 8.326311, 0.4488087, 173.5183
-1.861699, 1.199579, 8.361081, 2.07746, 173.8874
-1.856894, 1.211334, 8.35, 2.109432, 173.0285
-1.864155, 1.211379, 8.348753, 1.505814, 173.0311
-1.85648, 1.213679, 8.370253, 2.764778, 172.7469
-1.867775, 1.200596, 8.363626, 1.683855, 173.7955
-1.872631, 1.186195, 8.35, 0.8847427, 174.9848
-1.876698, 1.234259, 8.356148, 0.759058, 171.2156
-1.856911, 1.218889, 8.362597, 2.496157, 172.3795
-1.85188, 1.191138, 8.317721, 1.501093, 174.7666
-1.855724, 1.237157, 8.35, 2.200484, 171.0189
-1.86693, 1.208542, 8.341645, 1.069536, 173.2873
-1.886543, 1.197599, 8.364692, 0.2589655, 174.023
-1.861813, 1.197988, 8.350379, 1.738358, 174.0652
-1.866479, 1.19431, 8.33861, 1.010485, 174.4115
-1.86605, 1.204594, 8.35, 1.396894, 173.553
-1.841495, 1.204594, 8.353199, 3.405948, 173.537
-1.869398, 1.204594, 8.373946, 1.87593, 173.4337
-1.859585, 1.204594, 8.363378, 2.312436, 173.4863
-1.842562, 1.202003, 8.35, 3.224759, 173.7546
-1.872164, 1.20173, 8.359354, 1.210785, 173.7289
-1.884282, 1.205844, 8.358661, 0.2474213, 173.4126
-1.872887, 1.200399, 8.333546, 0.3534222, 173.9626
-1.839975, 1.202608, 8.368432, 3.990297, 173.6152
-1.879803, 1.18658, 8.35, 0.3266573, 174.9548
-1.854919, 1.20449, 8.349457, 2.246361, 173.5638
-1.845735, 1.19764, 8.36518, 3.443584, 174.0174
-1.88303, 1.1875, 8.363815, 0.5046701, 174.812
-1.846064, 1.203452, 8.367543, 3.490362, 173.5542
-1.866372, 1.190326, 8.369379, 1.970129, 174.5639
-1.885094, 1.226393, 8.359183, 0.2005291, 171.8127
-1.876079, 1.181771, 8.35, 0.6164789, 175.3291
-1.870543, 1.227747, 8.349463, 1.030555, 171.7538
-1.864823, 1.190993, 8.324811, 0.7106066, 174.7413
-1.840486, 1.196032, 8.373714, 4.111876, 174.0991
-1.878962, 1.204594, 8.35, 0.3920746, 173.553
-1.832465, 1.204594, 8.340699, 3.72551, 173.5996
-1.865378, 1.204594, 8.370223, 2.073255, 173.4522
-1.835562, 1.204594, 8.37537, 4.544263, 173.4266
-1.883511, 1.195434, 8.348845, 0.002174377, 174.2717
-1.833988, 1.202617, 8.360136, 4.201984, 173.656
-1.847902, 1.213507, 8.35617, 2.998824, 172.8291
-1.851623, 1.203082, 8.333516, 2.010798, 173.7535
-1.830951, 1.188372, 8.35, 4.12837, 174.8154
-1.881388, 1.218329, 8.356866, 0.4166079, 172.4508
-1.884772, 1.200923, 8.378166, 0.8137465, 173.6973
-1.843609, 1.212759, 8.34622, 3.027134, 172.9362
-1.844131, 1.19587, 8.356637, 3.306384, 174.1982
-1.854234, 1.183656, 8.322046, 1.451554, 175.3286
-1.864328, 1.239153, 8.35, 1.530962, 170.8636
-1.848374, 1.24072, 8.347988, 2.710576, 170.7509
-1.865834, 1.216483, 8.341814, 1.160131, 172.6678
-1.872815, 1.19226, 8.356566, 1.073956, 174.4792
-1.860926, 1.168405, 8.361785, 2.159185, 176.3062
-1.868049, 1.392094, 8.35, 1.241341, 158.9616
-1.868049, 1.392094, 8.35004, 1.242571, 158.9615
-1.868049, 1.392094, 8.330946, 0.6498098, 159.021
-1.868049, 1.392094, 8.320672, 0.3296328, 159.0531
-1.868049, 1.392094, 8.3295, 0.6048203, 159.0255
-1.868049, 1.389114, 8.35, 1.241341, 159.1935
-1.868049, 1.391322, 8.34959, 1.228638, 159.0229
-1.868049, 1.387387, 8.369938, 1.857162, 159.2651
-1.868049, 1.393915, 8.360797, 1.575193, 158.7866
-1.868049, 1.393441, 8.385684, 2.341275, 158.7468
-1.868049, 1.387344, 8.35, 1.241341, 159.3312
-1.868049, 1.372581, 8.354761, 1.388669, 160.4644
-1.868049, 1.402084, 8.353889, 1.361704, 158.1724
-1.868049, 1.398445, 8.328923, 0.586853, 158.5316
-1.868049, 1.384857, 8.331586, 0.6697226, 159.5835
-1.868049, 1.408224, 8.35, 1.241341, 157.7063
-1.868049, 1.402348, 8.341587, 0.9805012, 158.1889
-1.868049, 1.386855, 8.35369, 1.355538, 159.3576
-1.868049, 1.371789, 8.324397, 0.4458332, 160.6268
-1.868049, 1.417, 8.353728, 1.356711, 157.0127
-1.868049, 1.430584, 8.35, 1.241341, 155.9663
-1.868049, 1.359987, 8.346802, 1.142235, 161.4711
-1.868049, 1.387555, 8.34658, 1.135354, 159.3256
-1.868049, 1.39894, 8.347109, 1.151748, 158.4376
-1.868049, 1.427425, 8.336774, 0.8310413, 156.2485
-1.869871, 1.392094, 8.35, 1.099548, 158.9616
-1.864388, 1.392094, 8.343448, 1.323438, 158.982
-1.874976, 1.392094, 8.368111, 1.26307, 158.9054
-1.864076, 1.392094, 8.365285, 2.022328, 158.9142
-1.867807, 1.392094, 8.37318, 1.975822, 158.8898
-1.865636, 1.382142, 8.35, 1.42911, 159.7361
-1.873669, 1.39065, 8.349627, 0.7924604, 159.0751
-1.870346, 1.386495, 8.365436, 1.539989, 159.3486
-1.867952, 1.392234, 8.35484, 1.398697, 158.9357
-1.858336, 1.392894, 8.388843, 3.190269, 158.7795
-1.860714, 1.392146, 8.35, 1.812158, 158.9575
-1.872108, 1.397979, 8.345258, 0.7783127, 158.5181
-1.863409, 1.379485, 8.331337, 1.02396, 160.0033
-1.873579, 1.377905, 8.373664, 1.542892, 159.9891
-1.858689, 1.406723, 8.370951, 2.614789, 157.7613
-1.863522, 1.419245, 8.35, 1.593633, 156.8486
-1.858322, 1.373949, 8.347966, 1.935496, 160.3803
-1.862395, 1.386534, 8.335851, 1.243157, 159.4391
-1.860316, 1.368133, 8.370955, 2.488661, 160.7562
-1.870697, 1.391894, 8.33344, 0.5208778, 159.0288
-1.872235, 1.376861, 8.35, 0.9156132, 160.147
-1.858711, 1.374051, 8.340244, 1.666474, 160.3978
-1.877453, 1.404492, 8.358926, 0.7864666, 157.9702
-1.874765, 1.395239, 8.355133, 0.8778763, 158.701
-1.863567, 1.373533, 8.341516, 1.327443, 160.434
-1.856025, 1.392094, 8.35, 2.17711, 158.9616
-1.866348, 1.392094, 8.357531, 1.606593, 158.9382
-1.857615, 1.392094, 8.34538, 1.910663, 158.976
-1.869663, 1.392094, 8.379932, 2.039595, 158.8689
-1.873067, 1.392094, 8.34389, 0.6611252, 158.9806
-1.873078, 1.399311, 8.35, 0.8500242, 158.3999
-1.862462, 1.398746, 8.335568, 1.229224, 158.4879
-1.874095, 1.389008, 8.378074, 1.638751, 159.114
-1.874497, 1.394472, 8.340579, 0.4468775, 158.8056
-1.853845, 1.392974, 8.35, 2.346754, 158.8931
-1.867209, 1.386671, 8.352426, 1.381788, 159.3759
-1.876606, 1.382006, 8.348431, 0.5266857, 159.7517
-1.865049, 1.398, 8.365659, 1.958256, 158.4543
-1.851489, 1.37671, 8.310326, 1.301808, 160.2888
-1.866418, 1.367187, 8.35, 1.368284, 160.8998
-1.861955, 1.388365, 8.342851, 1.494441, 159.2743
-1.849507, 1.40729, 8.33001, 2.067447, 157.8382
-1.855229, 1.374793, 8.325446, 1.479435, 160.3888
-1.860837, 1.392552, 8.35, 1.802588, 158.9259
-1.857387, 1.38706, 8.359334, 2.358785, 159.3239
-1.876046, 1.41135, 8.337532, 0.2312708, 157.4995
-1.86108, 1.429888, 8.34635, 1.670809, 156.0304
-1.866657, 1.420922, 8.369596, 1.954665, 156.6631
-1.854136, 1.392094, 8.336856, 1.918173, 159.0025
-1.846925, 1.392094, 8.367169, 3.412085, 158.9084
-1.876762, 1.392094, 8.336719, 0.1501322, 159.0029
-1.845949, 1.391268, 8.347305, 2.878332, 159.0342
-1.866906, 1.384879, 8.342721, 1.104755, 159.5462
-1.883915, 1.39408, 8.366281, 0.5123663, 158.7568
-1.872667, 1.38404, 8.35, 0.8819532, 159.5883
-1.887895, 1.385459, 8.361998, 0.07025242, 159.4399
-1.86842, 1.403227, 8.3471, 1.122637, 158.1039
-1.838473, 1.398507, 8.35, 3.542991, 158.4625
-1.846342, 1.403173, 8.341253, 2.661366, 158.1256
-1.861358, 1.409359, 8.355765, 1.94006, 157.6011
-1.876009, 1.388347, 8.376712, 1.448336, 159.1694
-1.839718, 1.388044, 8.320162, 2.527056, 159.3711
-1.883505, 1.365232, 8.35, 0.03855228, 161.052
-1.849223, 1.41397, 8.353106, 2.801986, 157.2502
-1.851044, 1.361694, 8.357141, 2.784362, 161.3029
-1.860775, 1.362671, 8.367097, 2.334452, 161.1932
-1.888971, 1.420616, 8.389232, 0.8301401, 156.6319
-1.879736, 1.392094, 8.351978, 0.3933048, 158.9554
-1.877589, 1.392094, 8.336443, 0.07701874, 159.0038
-1.856998, 1.392094, 8.385571, 3.193831, 158.8515
-1.855421, 1.397916, 8.35, 2.224073, 158.5085
-1.833423, 1.399968, 8.355658, 4.109087, 158.3317
-1.841819, 1.409641, 8.349308, 3.261309, 157.5981
-1.872018, 1.411462, 8.348789, 0.8949137, 157.4579
-1.866597, 1.390506, 8.360749, 1.686573, 159.0516
-1.853295, 1.411104, 8.36021, 2.703753, 157.4525
-1.873346, 1.364107, 8.345065, 0.6759453, 161.1563
-1.841728, 1.37569, 8.333062, 2.768455, 160.2937
-1.832986, 1.406367, 8.339077, 3.635101, 157.8832
-1.859989, 1.409206, 8.333059, 1.344209, 157.6797
-1.863042, 1.406932, 8.35, 1.630969, 157.8068
-1.872112, 1.425096, 8.354702, 1.070867, 156.3802
-1.840461, 1.399369, 8.353975, 3.510203, 158.3833
-1.833074, 1.366723, 8.326138, 3.230338, 161.0165
-1.868049, 1.579594, 8.35, 1.241341, 144.3701
-1.868049, 1.579594, 8.340206, 0.9376574, 144.3821
-1.868049, 1.579594, 8.354385, 1.377039, 144.3648
-1.868049, 1.579594, 8.32894, 0.587368, 144.3958
-1.868049, 1.579594, 8.359363, 1.530905, 144.3588
-1.868049, 1.570076, 8.35, 1.241341, 145.1108
-1.868049, 1.575144, 8.349475, 1.225047, 144.7171
-1.868049, 1.585666, 8.332516, 0.6986618, 143.9178
-1.868049, 1.572214, 8.378837, 2.13099, 144.9074
-1.868049, 1.58499, 8.326123, 0.4996204, 143.978
-1.868049, 1.560036, 8.35, 1.241341, 145.8921
-1.868049, 1.599558, 8.344135, 1.059566, 142.8225
-1.868049, 1.596602, 8.348648, 1.199455, 143.048
-1.868049, 1.591054, 8.352759, 1.326728, 143.4753
-1.868049, 1.569056, 8.364308, 1.683598, 145.1713
-1.868049, 1.603701, 8.35, 1.241341, 142.4941
-1.868049, 1.608146, 8.357346, 1.468577, 142.1414
-1.868049, 1.566985, 8.343518, 1.04044, 145.3601
-1.868049, 1.595078, 8.358394, 1.500964, 143.1563
-1.868049, 1.5994, 8.373205, 1.957769, 142.8053
-1.868049, 1.616218, 8.35, 1.241341, 141.52
-1.868049, 1.601895, 8.341751, 0.9856081, 142.6428
-1.868049, 1.594861, 8.332286, 0.6914949, 143.2009
-1.868049, 1.55944, 8.3245, 0.4490376, 145.9749
-1.868049, 1.580509, 8.32741, 0.5397034, 144.3263
-1.876097, 1.579594, 8.35, 0.6150198, 144.3701
-1.876218, 1.579594, 8.34904, 0.5757952, 144.3713
-1.86754, 1.579594, 8.33821, 0.9153128, 144.3845
-1.865117, 1.579594, 8.341762, 1.21439, 144.3802
-1.861667, 1.579594, 8.32376, 0.9243822, 144.4021
-1.861753, 1.579313, 8.35, 1.731305, 144.392
-1.871369, 1.583889, 8.359435, 1.275086, 144.0248
-1.861566, 1.575743, 8.348286, 1.692853, 144.6719
-1.866928, 1.58591, 8.340039, 1.01984, 143.8901
-1.859875, 1.582703, 8.319095, 0.9191465, 144.1649
-1.872146, 1.574317, 8.35, 0.9225082, 144.7808
-1.873484, 1.584809, 8.356063, 1.006293, 143.9573
-1.871979, 1.585958, 8.361217, 1.282825, 143.8619
-1.866203, 1.581135, 8.360037, 1.695256, 144.2382
-1.858434, 1.576786, 8.318998, 1.028695, 144.6273
-1.873007, 1.553779, 8.35, 0.8554888, 146.379
-1.858486, 1.576443, 8.350649, 2.005548, 144.6145
-1.870068, 1.567608, 8.346276, 0.968771, 145.3079
-1.872151, 1.578867, 8.34986, 0.9177876, 144.4269
-1.859767, 1.559361, 8.360824, 2.219639, 145.9293
-1.867489, 1.546737, 8.35, 1.284986, 146.9271
-1.869769, 1.559961, 8.351547, 1.155467, 145.8958
-1.861746, 1.542862, 8.368071, 2.289004, 147.2001
-1.869423, 1.604375, 8.372609, 1.8328, 142.4199
-1.863632, 1.584366, 8.327798, 0.8965588, 144.0247
-1.866205, 1.579594, 8.35, 1.38485, 144.3701
-1.869555, 1.579594, 8.354678, 1.268992, 144.3645
-1.864738, 1.579594, 8.347834, 1.432014, 144.3728
-1.875401, 1.579594, 8.353507, 0.777998, 144.3659
-1.871127, 1.579594, 8.364476, 1.449723, 144.3526
-1.859318, 1.57162, 8.35, 1.920805, 144.9907
-1.848523, 1.584878, 8.3643, 3.200054, 143.9423
-1.863758, 1.586625, 8.339498, 1.250038, 143.835
-1.871994, 1.586978, 8.347507, 0.8570051, 143.7983
-1.86462, 1.587356, 8.340164, 1.203532, 143.7773
-1.868814, 1.595015, 8.344934, 1.024761, 143.1754
-1.880148, 1.590226, 8.363408, 0.7159281, 143.5279
-1.850826, 1.561207, 8.321635, 1.704969, 145.8409
-1.870383, 1.558644, 8.35, 1.059694, 146.0004
-1.85941, 1.582772, 8.352569, 1.992903, 144.1198
-1.856243, 1.583608, 8.335578, 1.714339, 144.0747
-1.859222, 1.589835, 8.376167, 2.733564, 143.5442
-1.856734, 1.543066, 8.33499, 1.657877, 147.2366
-1.879413, 1.611348, 8.357159, 0.5793142, 141.8926
-1.851967, 1.579594, 8.35, 2.492909, 144.3701
-1.850841, 1.579594, 8.352061, 2.643943, 144.3676
-1.870268, 1.579594, 8.346437, 0.958128, 144.3745
-1.880928, 1.579594, 8.368322, 0.8074951, 144.3479
-1.855427, 1.584799, 8.35, 2.223644, 143.965
-1.859944, 1.579679, 8.337148, 1.474514, 144.3791
-1.863076, 1.570035, 8.322122, 0.7632923, 145.1507
-1.842727, 1.579597, 8.35737, 3.438077, 144.3609
-1.8391, 1.57, 8.35, 3.494196, 145.1168
-1.883378, 1.571377, 8.352901, 0.1387167, 145.0058
-1.870342, 1.58233, 8.352795, 1.149473, 144.1539
-1.868128, 1.582534, 8.327384, 0.5327654, 144.1682
-1.853842, 1.596877, 8.35, 2.346954, 143.0251
-1.844406, 1.608555, 8.347544, 3.005719, 142.1186
-1.873508, 1.591362, 8.377983, 1.681495, 143.4237
-1.868215, 1.562617, 8.35, 1.228466, 145.6913
-1.862658, 1.570041, 8.357018, 1.877646, 145.1044
-1.865662, 1.551299, 8.347395, 1.346498, 146.576
-1.856276, 1.598615, 8.312897, 1.007409, 142.9281
-1.863087, 1.579594, 8.35, 1.62755, 144.3701
-1.84158, 1.579594, 8.349587, 3.288517, 144.3707
-1.857191, 1.579594, 8.367699, 2.631226, 144.3487
-1.884859, 1.579594, 8.354438, 0.07122517, 144.3648
-1.878958, 1.573675, 8.35, 0.3923893, 144.8307
-1.873716, 1.577834, 8.350743, 0.8233738, 144.5062
-1.831351, 1.574407, 8.331265, 3.522592, 144.7976
-1.846616, 1.579057, 8.329652, 2.28188, 144.4368
-1.876862, 1.590315, 8.35, 0.5555534, 143.5358
-1.850249, 1.591018, 8.349774, 2.61961, 143.4813
-1.834223, 1.585001, 8.338976, 3.535581, 143.9622
-1.875063, 1.595539, 8.339232, 0.3608322, 143.1406
-1.854101, 1.58633, 8.35, 2.326813, 143.8459
-1.861147, 1.591197, 8.377285, 2.618566, 143.4373
-1.838142, 1.567164, 8.330383, 2.965651, 145.3638
-1.833656, 1.586181, 8.35, 3.917828, 143.8575
-1.868633, 1.568742, 8.344015, 1.010356, 145.2226
-1.875393, 1.616099, 8.363055, 1.074371, 141.5182
-1.862714, 1.588358, 8.347925, 1.592345, 143.6905
-1.868049, 1.767094, 8.35, 1.241341, 129.7787
-1.868049, 1.767094, 8.356568, 1.444545, 129.7832
-1.868049, 1.767094, 8.364429, 1.687303, 129.7885
-1.868049, 1.767094, 8.351048, 1.27377, 129.7794
-1.868049, 1.767094, 8.311807, 0.05270004, 129.7527
-1.868049, 1.759808, 8.35, 1.241341, 130.3457
-1.868049, 1.764428, 8.344891, 1.082983, 129.9828
-1.868049, 1.768074, 8.36332, 1.653099, 129.7116
-1.868049, 1.769617, 8.359199, 1.525855, 129.5888
-1.868049, 1.768853, 8.330469, 0.6349611, 129.6282
-1.868049, 1.747477, 8.35, 1.241341, 131.3053
-1.868049, 1.77166, 8.355636, 1.41572, 129.4274
-1.868049, 1.778727, 8.350348, 1.252098, 128.8737
-1.868049, 1.78178, 8.338286, 0.8780193, 128.6261
-1.868049, 1.773261, 8.355165, 1.401186, 129.3026
-1.868049, 1.755288, 8.35, 1.241341, 130.6974
-1.868049, 1.778355, 8.345149, 1.090994, 128.8985
-1.868049, 1.774615, 8.336816, 0.8323574, 129.1834
-1.868049, 1.754511, 8.377265, 2.082667, 130.7728
-1.868049, 1.766027, 8.323706, 0.4242754, 129.8442
-1.868049, 1.79855, 8.35, 1.241341, 127.3308
-1.868049, 1.805709, 8.355968, 1.426005, 126.78
-1.868049, 1.79652, 8.351497, 1.287675, 127.4902
-1.868049, 1.762698, 8.368238, 1.80479, 130.1323
-1.868049, 1.730634, 8.338822, 0.8946705, 132.6126
-1.866067, 1.767094, 8.35, 1.395636, 129.7787
-1.873466, 1.767094, 8.340224, 0.5161285, 129.7721
-1.86257, 1.767094, 8.334325, 1.182218, 129.7681
-1.874877, 1.767094, 8.360148, 1.024489, 129.7856
-1.873749, 1.767094, 8.33313, 0.273242, 129.7673
-1.86861, 1.773922, 8.35, 1.197667, 129.2473
-1.867441, 1.763902, 8.3414, 1.022115, 130.0215
-1.87224, 1.771236, 8.343129, 0.701952, 129.4514
-1.877416, 1.771779, 8.36743, 1.052542, 129.4267
-1.862218, 1.768429, 8.379796, 2.6125, 129.6953
-1.863465, 1.762084, 8.35, 1.59811, 130.1685
-1.874003, 1.776079, 8.344023, 0.5924177, 129.0749
-1.859941, 1.784403, 8.336612, 1.458077, 128.4203
-1.866935, 1.757136, 8.360957, 1.66676, 130.5599
-1.866528, 1.754899, 8.31076, 0.1389599, 130.7059
-1.872548, 1.770319, 8.35, 0.8912802, 129.5277
-1.866538, 1.783768, 8.357009, 1.575694, 128.487
-1.872061, 1.786813, 8.345784, 0.7982969, 128.2404
-1.874066, 1.755862, 8.374046, 1.516871, 130.6663
-1.862429, 1.755514, 8.35, 1.67872, 130.6798
-1.859926, 1.734671, 8.349658, 1.862884, 132.3018
-1.868086, 1.766181, 8.369212, 1.831956, 129.8625
-1.864095, 1.763853, 8.326231, 0.8116436, 130.0155
-1.864688, 1.776781, 8.328938, 0.8496094, 129.0085
-1.864717, 1.767094, 8.35, 1.500635, 129.7787
-1.879006, 1.767094, 8.354804, 0.5378437, 129.782
-1.883933, 1.767094, 8.349973, 0.004434586, 129.7787
-1.886232, 1.767094, 8.366636, 0.3434372, 129.7899
-1.849073, 1.767094, 8.358608, 2.982674, 129.7845
-1.88033, 1.773993, 8.35, 0.2856731, 129.2418
-1.872642, 1.768417, 8.341601, 0.6231165, 129.67
-1.873998, 1.757973, 8.347411, 0.6980181, 130.487
-1.872476, 1.758321, 8.327602, 0.200243, 130.4482
-1.876126, 1.78254, 8.35, 0.6127596, 128.5767
-1.849008, 1.774612, 8.341688, 2.467031, 129.1873
-1.878196, 1.762789, 8.344588, 0.2833986, 130.1103
-1.87114, 1.768535, 8.335679, 0.5560684, 129.6566
-1.868543, 1.751616, 8.315007, 0.1141691, 130.9649
-1.875548, 1.782715, 8.35, 0.6578064, 128.563
-1.87719, 1.772387, 8.343861, 0.3391171, 129.3623
-1.885067, 1.791434, 8.35317, 0.0156498, 127.8875
-1.855526, 1.793014, 8.363436, 2.629523, 127.7741
-1.854457, 1.773518, 8.345513, 2.16063, 129.2754
-1.877291, 1.778076, 8.35, 0.5221796, 128.924
-1.859358, 1.731603, 8.345366, 1.774478, 132.5391
-1.887577, 1.786594, 8.362567, 0.1126814, 128.2722
-1.870472, 1.805333, 8.367636, 1.598125, 126.8215
-1.86074, 1.763476, 8.373239, 2.525883, 130.0751
-1.871901, 1.767094, 8.35, 0.9415627, 129.7787
-1.84148, 1.767094, 8.345994, 3.185892, 129.776
-1.884785, 1.767094, 8.357282, 0.1654387, 129.7836
-1.843581, 1.767094, 8.320868, 2.247148, 129.7589
-1.874631, 1.765836, 8.35, 0.7291746, 129.8766
-1.849966, 1.77562, 8.340379, 2.352033, 129.1078
-1.85037, 1.77494, 8.363266, 3.024902, 129.1781
-1.879847, 1.767131, 8.368488, 0.8966017, 129.7883
-1.853101, 1.772629, 8.389912, 3.628178, 129.3771
-1.839337, 1.773079, 8.35, 3.475757, 129.3129
-1.882122, 1.771344, 8.34728, 0.06148338, 129.446
-1.856209, 1.778225, 8.350733, 2.185392, 128.913
-1.842718, 1.747942, 8.34458, 3.04606, 131.2665
-1.85596, 1.777612, 8.368927, 2.764463, 128.975
-1.882195, 1.753201, 8.356483, 0.342021, 130.8633
-1.865854, 1.768011, 8.340898, 1.130176, 129.701
-1.874377, 1.795981, 8.384207, 1.805706, 127.5637
-1.882186, 1.755408, 8.35, 0.1411915, 130.6881
-1.868859, 1.803766, 8.349443, 1.161075, 126.9242
-1.871239, 1.802525, 8.350159, 0.997982, 127.0216
-1.859316, 1.749721, 8.371811, 2.592516, 131.1416
-1.854452, 1.767094, 8.35, 2.299533, 129.7787
-1.88221, 1.767094, 8.345948, 0.01324654, 129.776
-1.850525, 1.763477, 8.334953, 2.140889, 130.0505
-1.848576, 1.769516, 8.346589, 2.651782, 129.5878
-1.880708, 1.766227, 8.374127, 1.004133, 129.8622
-1.870194, 1.747919, 8.35, 1.074414, 131.2709
-1.851164, 1.748784, 8.352969, 2.646761, 131.205
-1.843672, 1.774482, 8.351394, 3.181214, 129.2048
-1.880505, 1.76609, 8.35, 0.2719975, 129.8568
-1.871662, 1.749808, 8.354021, 1.084828, 131.1259
-1.867156, 1.739317, 8.35, 1.310849, 131.9403
-1.863386, 1.750086, 8.357768, 1.844144, 131.1062
-1.872077, 1.746384, 8.362971, 1.329432, 131.3964
-1.876357, 1.728947, 8.377299, 1.439524, 132.7553
-1.881513, 1.769976, 8.380862, 1.149659, 129.5761
-1.53628, 2.389187, 8.35, 27.05996, 81.36679
-1.53628, 2.389187, 8.348491, 27.01824, 81.35628
-1.53628, 2.389187, 8.357194, 27.25842, 81.41676
-1.53628, 2.389187, 8.332221, 26.56777, 81.24281
-1.53628, 2.389187, 8.349222, 27.03846, 81.36136
-1.53628, 2.390697, 8.35, 27.05996, 81.24928
-1.53628, 2.392917, 8.356886, 27.24994, 81.12462
-1.53628, 2.393081, 8.363396, 27.42927, 81.15727
-1.53628, 2.383586, 8.370111, 27.61395, 81.94106
-1.53628, 2.379703, 8.38223, 27.94637, 82.32501
-1.53628, 2.404152, 8.35, 27.05996, 80.20218
-1.53628, 2.400102, 8.355929, 27.22356, 80.55925
-1.53628, 2.378597, 8.331044, 26.53511, 82.06073
-1.53628, 2.382471, 8.322703, 26.30337, 81.7007
-1.53628, 2.407495, 8.313839, 26.05651, 79.68256
-1.53628, 2.404103, 8.35, 27.05996, 80.20602
-1.53628, 2.370052, 8.359251, 27.31514, 82.91838
-1.53628, 2.382936, 8.348809, 27.02705, 81.84503
-1.53628, 2.378815, 8.376795, 27.7974, 82.3569
-1.53628, 2.368026, 8.389605, 28.14817, 83.27917
-1.53628, 2.366903, 8.35, 27.05996, 83.10097
-1.53628, 2.367419, 8.345931, 26.94749, 83.03336
-1.53628, 2.405184, 8.368193, 27.56121, 80.25104
-1.53628, 2.350177, 8.340058, 26.785, 84.33722
-1.53628, 2.405852, 8.360787, 27.35746, 80.14665
-1.530402, 2.389187, 8.35, 27.51738, 81.36679
-1.527445, 2.389187, 8.348248, 27.69919, 81.35458
-1.539253, 2.389187, 8.342175, 26.61196, 81.31229
-1.530693, 2.389187, 8.354828, 27.62773, 81.40034
-1.534433, 2.389187, 8.327832, 26.59005, 81.21213
-1.538521, 2.398971, 8.35, 26.88559, 80.60535
-1.528538, 2.380513, 8.359088, 27.91245, 82.10416
-1.53327, 2.389812, 8.35932, 27.55098, 81.38297
-1.53533, 2.383227, 8.347414, 27.06243, 81.81277
-1.532768, 2.395496, 8.321336, 26.53968, 80.6738
-1.535603, 2.384516, 8.35, 27.11264, 81.7303
-1.538129, 2.399588, 8.354855, 27.05011, 80.59166
-1.544437, 2.39089, 8.358629, 26.6639, 81.29433
-1.539647, 2.384492, 8.379068, 27.59876, 81.93222
-1.541661, 2.401796, 8.383997, 27.57787, 80.62529
-1.542454, 2.391564, 8.35, 26.57945, 81.18179
-1.540472, 2.369539, 8.344738, 26.58809, 82.86017
-1.535725, 2.394753, 8.355021, 27.24176, 80.96883
-1.526862, 2.400602, 8.375155, 28.483, 80.65579
-1.534745, 2.386173, 8.331895, 26.67851, 81.47562
-1.526739, 2.40415, 8.35, 27.80248, 80.20239
-1.540442, 2.394866, 8.3462, 26.63084, 80.89815
-1.54584, 2.382513, 8.353441, 26.41133, 81.90984
-1.533954, 2.407024, 8.340193, 26.96999, 79.90858
-1.531688, 2.396373, 8.31862, 26.54855, 80.58609
-1.547134, 2.389187, 8.35, 26.2153, 81.36679
-1.534926, 2.389187, 8.345769, 27.04841, 81.33734
-1.553345, 2.389187, 8.36419, 26.12553, 81.4653
-1.532722, 2.389187, 8.349094, 27.31188, 81.36047
-1.526452, 2.389187, 8.38778, 28.85941, 81.6283
-1.532653, 2.387552, 8.35, 27.3422, 81.49405
-1.525982, 2.389426, 8.352479, 27.92952, 81.36539
-1.536159, 2.395027, 8.348031, 27.01494, 80.89845
-1.532731, 2.395552, 8.344191, 27.17575, 80.83063
-1.547851, 2.390781, 8.375251, 26.85757, 81.41823
-1.534679, 2.375936, 8.35, 27.18451, 82.39801
-1.543648, 2.391816, 8.350669, 26.50505, 81.16684
-1.551144, 2.402411, 8.349462, 25.88822, 80.33386
-1.541591, 2.394529, 8.377975, 27.41798, 81.14645
-1.531571, 2.385368, 8.329609, 26.86267, 81.52252
-1.543357, 2.397959, 8.35, 26.50918, 80.68411
-1.52555, 2.397015, 8.344934, 27.7555, 80.72189
-1.534508, 2.418288, 8.339567, 26.90949, 79.02637
-1.527484, 2.373307, 8.345876, 27.63089, 82.57455
-1.54727, 2.39095, 8.369423, 26.74191, 81.36473
-1.540186, 2.395907, 8.35, 26.75603, 80.84386
-1.534187, 2.390055, 8.347971, 27.1668, 81.28506
-1.521015, 2.412733, 8.365008, 28.65928, 79.64217
-1.536292, 2.37854, 8.371432, 27.64933, 82.34172
-1.553675, 2.386389, 8.34839, 25.66152, 81.57339
-1.527374, 2.389187, 8.35, 27.75304, 81.36679
-1.53342, 2.389187, 8.35353, 27.37989, 81.39133
-1.512846, 2.389187, 8.367884, 29.37218, 81.49089
-1.533692, 2.389187, 8.360708, 27.55642, 81.44116
-1.537527, 2.389187, 8.378456, 27.74629, 81.564
-1.539023, 2.383726, 8.35, 26.84647, 81.79178
-1.520341, 2.388115, 8.342657, 28.09854, 81.39915
-1.519563, 2.380304, 8.345146, 28.22757, 82.02469
-1.549862, 2.379491, 8.333467, 25.54311, 82.00768
-1.55752, 2.383789, 8.316404, 24.46785, 81.554
-1.563159, 2.380991, 8.35, 24.9682, 82.00459
-1.5143, 2.400291, 8.342253, 28.558, 80.44786
-1.539303, 2.405814, 8.365644, 27.25636, 80.18405
-1.565845, 2.395256, 8.367295, 25.2409, 81.01555
-1.554293, 2.385643, 8.372593, 26.28445, 81.79843
-1.544927, 2.384427, 8.35, 26.387, 81.73723
-1.526739, 2.387403, 8.347911, 27.74487, 81.4911
-1.549562, 2.364491, 8.367846, 26.52047, 83.40805
-1.558923, 2.372935, 8.334658, 24.86976, 82.52711
-1.514196, 2.398981, 8.349271, 28.75856, 80.59947
-1.528969, 2.401472, 8.35, 27.62887, 80.41075
-1.542759, 2.359577, 8.345172, 26.42196, 83.6389
-1.512628, 2.426765, 8.368615, 29.40903, 78.57866
-1.548454, 2.367147, 8.363009, 26.47286, 83.16939
-1.539323, 2.412363, 8.37744, 27.57912, 79.75981
-1.540206, 2.389187, 8.35, 26.75443, 81.36679
-1.562098, 2.389187, 8.356204, 25.22355, 81.4099
-1.56268, 2.389187, 8.369193, 25.53929, 81.49995
-1.541143, 2.389187, 8.351238, 26.71579, 81.37538
-1.554251, 2.389187, 8.352223, 25.7232, 81.38223
-1.503896, 2.386927, 8.35, 29.58007, 81.54265
-1.574521, 2.387597, 8.342344, 23.86937, 81.43736
-1.502307, 2.388115, 8.343118, 29.51584, 81.40231
-1.574426, 2.382435, 8.323429, 23.34476, 81.70856
-1.519672, 2.385047, 8.342339, 28.14188, 81.63593
-1.506344, 2.382081, 8.35, 29.38963, 81.91977
-1.548222, 2.377886, 8.356887, 26.32145, 82.2933
-1.515258, 2.405587, 8.334389, 28.26718, 79.97911
-1.522912, 2.373607, 8.344132, 27.93886, 82.53931
-1.501381, 2.397996, 8.370369, 30.32976, 80.82437
-1.508866, 2.413089, 8.35, 29.19336, 79.50673
-1.572717, 2.376604, 8.340981, 23.97165, 82.2843
-1.498002, 2.37016, 8.344396, 29.88607, 82.80957
-1.500072, 2.396181, 8.320704, 29.07626, 80.61588
-1.555985, 2.407888, 8.349784, 25.52045, 79.9099
-1.566182, 2.4052, 8.35, 24.73299, 80.12062
-1.556927, 2.394346, 8.340151, 25.17875, 80.89618
-1.521898, 2.371299, 8.330147, 27.6323, 82.62399
-1.507261, 2.394286, 8.377199, 30.05885, 81.15987
-1.52142, 2.362493, 8.320317, 27.39784, 83.2449
-1.883256, 2.383761, 8.369092, 0.6506538, 81.92047
-1.88399, 2.418122, 8.371401, 0.6651735, 79.26973
-1.897264, 2.61786, 8.383704, 0.01690865, 63.88208
-1.888195, 2.597886, 8.389382, 0.8948851, 65.48068
-1.882499, 2.598707, 8.346491, 0.007638931, 65.02988
-1.874635, 2.586874, 8.334753, 0.2547312, 65.84581
-1.889639, 2.60183, 8.369871, 0.1792574, 64.99907
-1.878622, 2.59655, 8.379233, 1.323524, 65.49316
-1.873612, 2.600568, 8.358347, 1.067104, 64.99271
-1.896589, 2.809187, 8.382986, 0.04694939, 49.04967
-1.88153, 2.809187, 8.346486, 0.08286953, 48.64256
-1.879864, 2.803005, 8.371022, 0.973649, 49.3965
-1.873189, 2.799794, 8.35969, 1.141577, 49.52034
-1.878997, 2.806249, 8.348661, 0.3477859, 48.8956
-1.873555, 2.833495, 8.354512, 0.9527636, 46.84186
-1.885087, 3.021028, 8.387545, 1.078906, 32.69447
-1.887863, 3.019187, 8.369854, 0.3165865, 32.6032
-1.877877, 3.019187, 8.376585, 1.299605, 32.69229
-1.880954, 3.015187, 8.34388, 0.04660606, 32.56952
-1.874013, 3.037743, 8.341969, 0.5277872, 30.78691
-1.883136, 3.011573, 8.35, 0.06730556, 32.93211
