-1.53628, 2.389187, 8.35, 7.604699, 81.36679
-1.53628, 2.389187, 8.35826, 7.853408, 81.42418
-1.53628, 2.389187, 8.332769, 7.084136, 81.24663
-1.53628, 2.389187, 8.338121, 7.24607, 81.28401
-1.53628, 2.389187, 8.364671, 8.046041, 81.46864
-1.53628, 2.398296, 8.35, 7.604699, 80.65794
-1.53628, 2.398995, 8.354644, 7.744575, 80.63623
-1.53628, 2.383025, 8.368654, 8.165603, 81.97456
-1.53628, 2.396352, 8.364465, 8.039875, 80.91064
-1.53628, 2.389582, 8.334721, 7.14323, 81.22949
-1.53628, 2.406544, 8.35, 7.604699, 80.01605
-1.53628, 2.401698, 8.355257, 7.763028, 80.43034
-1.53628, 2.408756, 8.344188, 7.429361, 79.80229
-1.53628, 2.409096, 8.357914, 7.842994, 79.87407
-1.53628, 2.379837, 8.356147, 7.789807, 82.13654
-1.53628, 2.402375, 8.35, 7.604699, 80.3405
-1.53628, 2.39686, 8.346841, 7.509413, 80.74744
-1.53628, 2.41135, 8.36668, 8.10638, 79.76151
-1.53628, 2.407867, 8.339001, 7.272663, 79.8344
-1.53628, 2.411853, 8.365976, 8.085237, 79.71742
-1.53628, 2.385136, 8.35, 7.604699, 81.68205
-1.53628, 2.388704, 8.34268, 7.383842, 81.35341
-1.53628, 2.427403, 8.354654, 7.744904, 78.42691
-1.53628, 2.424616, 8.369404, 8.18809, 78.75119
-1.53628, 2.383961, 8.349382, 7.58606, 81.76918
-1.537656, 2.389187, 8.35, 7.497611, 81.36679
-1.531589, 2.389187, 8.358427, 8.223124, 81.42534
-1.542017, 2.389187, 8.369938, 7.758822, 81.50511
-1.544539, 2.389187, 8.351511, 7.007661, 81.37727
-1.535459, 2.389187, 8.315309, 6.618505, 81.12436
-1.527494, 2.394994, 8.35, 8.288455, 80.91489
-1.541063, 2.379227, 8.343191, 7.026701, 82.09512
-1.54415, 2.394547, 8.349876, 6.988535, 80.94881
-1.537119, 2.383181, 8.324728, 6.774902, 81.65935
-1.535433, 2.387772, 8.34052, 7.384586, 81.41098
-1.529772, 2.394177, 8.35, 8.111172, 80.97842
-1.539859, 2.402061, 8.341614, 7.072778, 80.30545
-1.529042, 2.372146, 8.330599, 7.583113, 82.56097
-1.527109, 2.379048, 8.374164, 9.042234, 82.32092
-1.53361, 2.406622, 8.380595, 8.73024, 80.22729
-1.539217, 2.410813, 8.35, 7.376161, 79.68381
-1.529525, 2.400813, 8.34747, 8.054266, 80.44415
-1.534303, 2.36748, 8.362649, 8.138895, 83.14111
-1.533944, 2.370701, 8.338941, 7.452922, 82.73038
-1.540363, 2.367366, 8.383506, 8.293877, 83.28961
-1.53839, 2.423582, 8.35, 7.440519, 78.69012
-1.545803, 2.374638, 8.35036, 6.874523, 82.50145
-1.535454, 2.360404, 8.360312, 7.979279, 83.67537
-1.53143, 2.406551, 8.359449, 8.266096, 80.08276
-1.532153, 2.38458, 8.386752, 9.026842, 81.97801
-1.534584, 2.389187, 8.35, 7.736735, 81.36679
-1.518546, 2.389187, 8.345055, 8.836541, 81.33235
-1.542529, 2.389187, 8.369081, 7.693348, 81.49919
-1.530794, 2.389187, 8.343998, 7.85089, 81.325
-1.532717, 2.389187, 8.321859, 7.031636, 81.1703
-1.552452, 2.396499, 8.35, 6.346149, 80.79776
-1.536934, 2.379274, 8.358383, 7.806287, 82.19559
-1.540804, 2.394711, 8.337486, 6.874266, 80.84901
-1.538724, 2.392588, 8.345805, 7.287912, 81.07272
-1.518373, 2.392784, 8.351099, 9.031191, 81.0945
-1.54082, 2.373603, 8.35, 7.251391, 82.57953
-1.523422, 2.395562, 8.352326, 8.675151, 80.88698
-1.554686, 2.38475, 8.33084, 5.589752, 81.5793
-1.531534, 2.389971, 8.323893, 7.185659, 81.12329
-1.530676, 2.386387, 8.373789, 8.754258, 81.74896
-1.534988, 2.382917, 8.35, 7.705264, 81.85474
-1.534046, 2.362676, 8.349711, 7.76988, 83.42793
-1.537016, 2.372069, 8.355584, 7.71565, 82.73677
-1.544417, 2.385156, 8.331029, 6.396675, 81.54897
-1.535863, 2.418162, 8.350693, 7.658014, 79.11694
-1.540651, 2.389936, 8.35, 7.264552, 81.30846
-1.554253, 2.413167, 8.359582, 6.49621, 79.56955
-1.553096, 2.39162, 8.343689, 6.104622, 81.13332
-1.540045, 2.415679, 8.348487, 7.266011, 79.29424
-1.522808, 2.409504, 8.331532, 8.097653, 79.65314
-1.562272, 2.389187, 8.35, 5.581956, 81.36679
-1.514337, 2.389187, 8.341354, 9.053378, 81.30656
-1.525215, 2.389187, 8.330503, 7.878785, 81.23079
-1.551578, 2.389187, 8.330022, 5.807362, 81.22745
-1.530447, 2.389187, 8.342178, 7.823124, 81.3123
-1.541327, 2.386428, 8.35, 7.211938, 81.58151
-1.544488, 2.394181, 8.354406, 7.099071, 81.009
-1.557607, 2.398355, 8.34562, 5.811968, 80.62245
-1.530536, 2.396174, 8.331141, 7.482977, 80.69017
-1.535657, 2.395985, 8.374653, 8.393712, 81.01035
-1.560675, 2.388658, 8.35, 5.706239, 81.40799
-1.556899, 2.39899, 8.340211, 5.702648, 80.53476
-1.511505, 2.371189, 8.360125, 9.834924, 82.83592
-1.56402, 2.405831, 8.374659, 6.1937, 80.24664
-1.518562, 2.388332, 8.357465, 9.206986, 81.48511
-1.530948, 2.375042, 8.35, 8.019662, 82.46758
-1.519748, 2.395078, 8.345229, 8.748121, 80.87482
-1.513703, 2.401604, 8.363442, 9.763098, 80.49551
-1.539569, 2.414511, 8.330797, 6.767807, 79.25722
-1.52925, 2.40175, 8.382984, 9.139452, 80.62177
-1.557963, 2.420227, 8.35, 5.917282, 78.95125
-1.558776, 2.418995, 8.340523, 5.565834, 78.9782
-1.512464, 2.381889, 8.363167, 9.851131, 82.02522
-1.523594, 2.429112, 8.326752, 7.892017, 78.08817
-1.513313, 2.382335, 8.366117, 9.873018, 82.01077
-1.550702, 2.389187, 8.35, 6.482348, 81.36679
-1.561503, 2.389187, 8.343814, 5.453639, 81.3237
-1.522676, 2.389187, 8.351004, 8.693433, 81.37375
-1.516738, 2.389187, 8.351854, 9.18098, 81.37967
-1.561918, 2.389187, 8.388531, 6.775074, 81.63348
-1.555984, 2.391662, 8.35, 6.071348, 81.17415
-1.513684, 2.395643, 8.346301, 9.252448, 80.83839
-1.537773, 2.38647, 8.334919, 7.032838, 81.4735
-1.536072, 2.396969, 8.323051, 6.805816, 80.57092
-1.561672, 2.380957, 8.326056, 4.898529, 81.84215
-1.559907, 2.376879, 8.35, 5.766034, 82.32455
-1.564679, 2.404047, 8.343064, 5.183415, 80.16101
-1.554307, 2.37566, 8.357042, 6.415157, 82.46745
-1.568778, 2.397451, 8.338918, 4.737511, 80.64552
-1.536888, 2.393379, 8.374353, 8.28927, 81.21045
-1.550319, 2.375285, 8.35, 6.51216, 82.44864
-1.528267, 2.376564, 8.356812, 8.432851, 82.39558
-1.554107, 2.416216, 8.332681, 5.691032, 79.13786
-1.536908, 2.411788, 8.341863, 7.310257, 79.54939
-1.557604, 2.377645, 8.363433, 6.352301, 82.35667
-1.532504, 2.397157, 8.35, 7.898569, 80.74655
-1.498246, 2.390979, 8.357438, 10.78563, 81.27917
-1.530839, 2.375902, 8.335858, 7.601852, 82.30397
-1.544865, 2.407709, 8.363575, 7.346249, 80.02216
-1.541731, 2.359133, 8.338662, 6.837602, 83.63007
