-1.855741, 0.02, 8.35, 9.981251, 265.7393
-1.855741, 0.02, 8.352678, 10.06112, 265.6939
-1.855741, 0.02, 8.363675, 10.38849, 265.5078
-1.855741, 0.02, 8.321177, 9.118123, 266.2299
-1.855741, 0.02, 8.314311, 8.911543, 266.3473
-1.855741, 0.0298183, 8.35, 9.981251, 264.9752
-1.855741, 0.0208066, 8.356153, 10.16466, 265.5723
-1.855741, 0.02109011, 8.331592, 9.430747, 265.9672
-1.855741, 0.01475062, 8.328863, 9.348907, 266.5084
-1.855741, 0.02726164, 8.374565, 10.71178, 264.7608
-1.855741, 0.009463768, 8.35, 9.981251, 266.5592
-1.855741, 0.03153648, 8.344162, 9.806943, 264.9399
-1.855741, 0.03626003, 8.34098, 9.711814, 264.6256
-1.855741, 0.03196616, 8.377304, 10.79294, 264.35
-1.855741, 0.00100651, 8.313273, 8.880315, 267.8502
-1.855741, 0.04710635, 8.35, 9.981251, 263.6299
-1.855741, -0.002320884, 8.35807, 10.22176, 267.3378
-1.855741, 0.02196782, 8.339768, 9.675579, 265.7597
-1.855741, -0.007537866, 8.324327, 9.212751, 268.3263
-1.855741, 0.007581601, 8.350976, 10.01035, 266.6891
-1.855741, -0.00936728, 8.35, 9.981251, 268.0247
-1.855741, 0.04519179, 8.344158, 9.806814, 263.8765
-1.855741, 0.02409321, 8.342558, 9.759007, 265.5468
-1.855741, -0.01661496, 8.332188, 9.448614, 268.8981
-1.855741, 0.02619646, 8.339664, 9.672432, 265.432
-1.859694, 0.02, 8.35, 9.673662, 265.7393
-1.857979, 0.02, 8.340876, 9.534345, 265.8942
-1.846131, 0.02, 8.356557, 10.92393, 265.6282
-1.850058, 0.02, 8.366686, 10.91927, 265.457
-1.860208, 0.02, 8.310767, 8.455396, 266.408
-1.846767, 0.01231952, 8.35, 10.67966, 266.337
-1.86057, 0.01940816, 8.35209, 9.667912, 265.7499
-1.861829, 0.01131334, 8.33406, 9.029989, 266.6876
-1.865227, 0.02694244, 8.326063, 8.524389, 265.6045
-1.862332, 0.02928306, 8.311198, 8.302288, 265.6745
-1.855597, 0.02963484, 8.35, 9.992523, 264.9895
-1.863914, 0.03189566, 8.34715, 9.259944, 264.8616
-1.8542, 0.0378727, 8.33755, 9.729366, 264.5576
-1.854389, 0.007544141, 8.340844, 9.813137, 266.8652
-1.857739, 0.03089723, 8.320349, 8.937178, 265.3927
-1.858419, 0.01970936, 8.35, 9.772868, 265.7619
-1.861619, 0.03709459, 8.357596, 9.750724, 264.2816
-1.863817, 0.02903132, 8.33971, 9.044566, 265.2103
-1.862365, 0.01260368, 8.355602, 9.633193, 266.2195
-1.856022, 0.04449398, 8.342837, 9.745502, 263.953
-1.865047, 0.005735912, 8.35, 9.257069, 266.8493
-1.863561, -0.01482677, 8.344506, 9.208245, 268.5447
-1.849397, 0.01575827, 8.361526, 10.8176, 265.8737
-1.854786, -0.009626232, 8.346992, 9.965816, 268.0968
-1.849974, 0.04737022, 8.35141, 10.47203, 263.5858
-1.854601, 0.02, 8.35, 10.06997, 265.7393
-1.837995, 0.02, 8.353603, 11.46905, 265.6783
-1.836669, 0.02, 8.337565, 11.09631, 265.9505
-1.868881, 0.02, 8.326011, 8.237615, 266.1474
-1.848194, 0.02, 8.351635, 10.61718, 265.7116
-1.840217, 0.02803153, 8.35, 11.18935, 265.1143
-1.874157, 0.02523809, 8.345774, 8.421164, 265.4032
-1.861621, 0.02045127, 8.344238, 9.351354, 265.8019
-1.873986, 0.01039994, 8.329963, 7.95835, 266.829
-1.852845, 0.02983272, 8.343257, 10.0055, 265.0879
-1.843936, 0.01063972, 8.35, 10.89994, 266.4677
-1.853773, 0.03714024, 8.350012, 10.13476, 264.4052
-1.83689, 0.03122654, 8.330872, 10.87984, 265.1887
-1.853107, 0.01574612, 8.371917, 10.83766, 265.6988
-1.86097, 0.02488228, 8.377828, 10.40304, 264.8906
-1.855946, -0.008881615, 8.35, 9.965343, 267.9869
-1.836373, 0.02377017, 8.352225, 11.5544, 265.4083
-1.844766, 0.01340024, 8.349461, 10.81932, 266.2621
-1.856753, 0.009465849, 8.336263, 9.491801, 266.7939
-1.859107, 0.01927424, 8.336236, 9.307437, 266.0297
-1.858993, 0.03861907, 8.35, 9.728179, 264.2903
-1.859962, 0.03951774, 8.340712, 9.374928, 264.3763
-1.848807, -0.01417287, 8.363692, 10.92772, 268.1622
-1.843388, 0.01932589, 8.356744, 11.14274, 265.6775
-1.859301, 0.05912814, 8.357503, 9.928136, 262.5702
-1.863601, 0.02, 8.35, 9.369564, 265.7393
-1.866908, 0.02, 8.357441, 9.334874, 265.6133
-1.86087, 0.02, 8.341757, 9.335504, 265.8792
-1.854503, 0.02, 8.353666, 10.18687, 265.6772
-1.851741, 0.02, 8.359079, 10.5627, 265.5855
-1.871699, 0.01809073, 8.35, 8.739438, 265.8879
-1.855054, 0.01631968, 8.346708, 9.936504, 266.0817
-1.87987, 0.02351743, 8.358297, 8.352828, 265.3253
-1.863677, 0.0184142, 8.33745, 8.987675, 266.0761
-1.877498, 0.01645526, 8.331473, 7.729955, 266.3307
-1.833434, 0.02691242, 8.35, 11.71719, 265.2014
-1.864578, 0.0255923, 8.344782, 9.137321, 265.3924
-1.87387, 0.007567536, 8.348926, 8.538208, 266.7252
-1.857542, 0.001174007, 8.326278, 9.13074, 267.6124
-1.874157, 0.03894351, 8.339568, 8.23451, 264.4402
-1.883075, 0.03013198, 8.35, 7.854095, 264.9508
-1.853492, 0.001047263, 8.340465, 9.871674, 267.378
-1.874413, 0.03423293, 8.364377, 8.959036, 264.3904
-1.882269, 0.01242242, 8.340733, 7.637515, 266.4871
-1.846652, 0.03998179, 8.344028, 10.51081, 264.2845
-1.856867, 0.0366143, 8.35, 9.893689, 264.4464
-1.8602, 0.05333323, 8.344929, 9.482589, 263.2296
-1.868276, 0.01231331, 8.332007, 8.465409, 266.6447
-1.837748, 0.03148673, 8.32595, 10.66609, 265.2517
-1.842129, 0.01989838, 8.36644, 11.52772, 265.469
-1.831723, 0.02, 8.35, 11.85041, 265.7393
-1.853985, 0.02, 8.343027, 9.909797, 265.8577
-1.838429, 0.02, 8.332161, 10.79816, 266.0425
-1.889864, 0.02, 8.337457, 6.94665, 265.9524
-1.86972, 0.02, 8.312626, 7.767634, 266.3762
-1.818455, 0.02170577, 8.35, 12.88296, 265.6066
-1.855167, 0.02590546, 8.355433, 10.18783, 265.188
-1.827136, 0.02122739, 8.369399, 12.77902, 265.3159
-1.873558, 0.01745895, 8.331386, 8.034711, 266.2539
-1.884485, 0.0251334, 8.335444, 7.305107, 265.5864
-1.830993, 0.02091398, 8.35, 11.90718, 265.6682
-1.86384, 0.01239213, 8.349551, 9.337564, 266.339
-1.840259, 0.02436726, 8.347111, 11.1003, 265.4483
-1.816957, 0.005477705, 8.358975, 13.26342, 266.7161
-1.880991, 0.01381585, 8.363213, 8.413124, 265.9961
-1.866246, 0.01171457, 8.35, 9.163756, 266.3841
-1.817122, 0.007823122, 8.34939, 12.96869, 266.6974
-1.853241, 0.02340522, 8.351948, 10.23386, 265.4413
-1.864525, 0.02931066, 8.334758, 8.840704, 265.2723
-1.885043, 0.04181638, 8.342222, 7.466412, 264.1718
-1.8274, 0.05091185, 8.35, 12.18677, 263.3337
-1.890264, -0.008012526, 8.356013, 7.475982, 267.8157
-1.875727, 0.03039743, 8.349031, 8.396888, 264.9465
-1.889896, 0.05311953, 8.346611, 7.220979, 263.2183
-1.840785, 0.02972128, 8.323701, 10.36184, 265.4277
-1.855741, 0.17, 8.35, 9.981251, 254.0661
-1.855741, 0.17, 8.354613, 10.11878, 253.995
-1.855741, 0.17, 8.336971, 9.591894, 254.2677
-1.855741, 0.17, 8.372336, 10.64569, 253.7222
-1.855741, 0.17, 8.389308, 11.148, 253.4622
-1.855741, 0.1750124, 8.35, 9.981251, 253.6761
-1.855741, 0.1722801, 8.346804, 9.885836, 253.938
-1.855741, 0.1771997, 8.366711, 10.47871, 253.2496
-1.855741, 0.1720033, 8.369659, 10.56626, 253.6078
-1.855741, 0.1733953, 8.33991, 9.679813, 253.9576
-1.855741, 0.1841609, 8.35, 9.981251, 252.9641
-1.855741, 0.1609015, 8.349757, 9.973984, 254.778
-1.855741, 0.1792277, 8.363403, 10.38043, 253.1427
-1.855741, 0.1668957, 8.378034, 10.81457, 253.8755
-1.855741, 0.1510445, 8.335203, 9.538937, 255.7731
-1.855741, 0.1425881, 8.35, 9.981251, 256.1994
-1.855741, 0.1643865, 8.348293, 9.93031, 254.5295
-1.855741, 0.1530858, 8.333614, 9.491372, 255.6388
-1.855741, 0.1806119, 8.330056, 9.384713, 253.547
-1.855741, 0.1907103, 8.348084, 9.924073, 252.4837
-1.855741, 0.1451777, 8.35, 9.981251, 255.9978
-1.855741, 0.1565382, 8.353024, 10.07143, 255.0667
-1.855741, 0.1935431, 8.365726, 10.44946, 251.9954
-1.855741, 0.14723, 8.335009, 9.533114, 256.0735
-1.855741, 0.1399175, 8.356332, 10.16999, 256.3076
-1.855289, 0.17, 8.35, 10.01646, 254.0661
-1.855091, 0.17, 8.350968, 10.06073, 254.0512
-1.84615, 0.17, 8.341362, 10.47047, 254.1997
-1.847507, 0.17, 8.34197, 10.38292, 254.1903
-1.855528, 0.17, 8.334636, 9.538565, 254.3039
-1.859832, 0.1693989, 8.35, 9.662948, 254.1129
-1.851102, 0.166493, 8.342907, 10.13075, 254.449
-1.851482, 0.1710984, 8.347758, 10.24594, 254.0153
-1.859867, 0.1772197, 8.349501, 9.645252, 253.512
-1.850135, 0.1741679, 8.329112, 9.793839, 254.0644
-1.84751, 0.1624561, 8.35, 10.62182, 254.6532
-1.864198, 0.1818252, 8.35863, 9.581079, 253.0138
-1.864316, 0.1502454, 8.350079, 9.316292, 255.6022
-1.855774, 0.1619052, 8.351628, 10.02727, 254.6708
-1.854025, 0.1670386, 8.373528, 10.81425, 253.9337
-1.851932, 0.1671162, 8.35, 10.2777, 254.2906
-1.852519, 0.1760747, 8.348331, 10.18231, 253.6191
-1.856839, 0.1570721, 8.331742, 9.349608, 255.3572
-1.856258, 0.189705, 8.329731, 9.334674, 252.8425
-1.853656, 0.1878108, 8.367384, 10.66066, 252.4153
-1.857291, 0.188216, 8.35, 9.860673, 252.6486
-1.848239, 0.1598926, 8.347222, 10.48237, 254.8959
-1.856782, 0.150822, 8.361747, 10.25026, 255.3752
-1.85593, 0.190929, 8.338311, 9.617286, 252.6158
-1.845944, 0.208415, 8.343904, 10.56227, 251.1685
-1.871948, 0.17, 8.35, 8.72004, 254.0661
-1.86945, 0.17, 8.354753, 9.056768, 253.9928
-1.845022, 0.17, 8.331614, 10.26755, 254.3508
-1.851287, 0.17, 8.33391, 9.847627, 254.3152
-1.874643, 0.17, 8.365624, 8.978462, 253.8253
-1.838557, 0.164699, 8.35, 11.31855, 254.4787
-1.862849, 0.1632354, 8.341928, 9.18653, 254.7179
-1.838997, 0.1789118, 8.344542, 11.1223, 253.4565
-1.864518, 0.1608781, 8.320668, 8.417215, 255.2334
-1.875384, 0.1706537, 8.355171, 8.607802, 253.9355
-1.855687, 0.1814861, 8.35, 9.985456, 253.1723
-1.85629, 0.1661896, 8.353157, 10.03269, 254.3138
-1.839431, 0.1875522, 8.347761, 11.18408, 252.7344
-1.855193, 0.1569049, 8.342894, 9.811764, 255.196
-1.862581, 0.1573963, 8.331968, 8.908539, 255.3284
-1.836742, 0.16873, 8.35, 11.45983, 254.165
-1.856869, 0.1836883, 8.351233, 9.930296, 252.982
-1.838818, 0.1805324, 8.358213, 11.54162, 253.1207
-1.842865, 0.1640601, 8.325024, 10.23897, 254.9169
-1.870712, 0.1620955, 8.316784, 7.8159, 255.1991
-1.841624, 0.1720081, 8.35, 11.07984, 253.9099
-1.859962, 0.1725069, 8.349535, 9.638872, 253.8783
-1.854135, 0.1457331, 8.338419, 9.760437, 256.1366
-1.867931, 0.1998072, 8.376968, 9.837685, 251.3396
-1.853958, 0.1357163, 8.370764, 10.73743, 256.4072
-1.881153, 0.17, 8.35, 8.003697, 254.0661
-1.85716, 0.17, 8.359776, 10.16228, 253.9154
-1.838688, 0.17, 8.3415, 11.05595, 254.1976
-1.851092, 0.17, 8.323773, 9.559178, 254.4726
-1.84473, 0.17, 8.327563, 10.16931, 254.4137
-1.861973, 0.1654336, 8.35, 9.496293, 254.4215
-1.858741, 0.1650223, 8.342649, 9.528036, 254.5675
-1.832451, 0.1788943, 8.350739, 11.81564, 253.3626
-1.83419, 0.174193, 8.357281, 11.87379, 253.6278
-1.884028, 0.1652356, 8.362921, 8.168492, 254.2371
-1.826305, 0.1806713, 8.35, 12.27203, 253.2357
-1.848868, 0.169291, 8.354041, 10.63635, 254.0589
-1.866175, 0.1741557, 8.348534, 9.125376, 253.7654
-1.871649, 0.1776639, 8.344774, 8.586416, 253.5501
-1.870973, 0.1759553, 8.369844, 9.389477, 253.2982
-1.839807, 0.1473156, 8.35, 11.22128, 255.8315
-1.829791, 0.1521301, 8.349728, 11.99271, 255.4611
-1.873576, 0.1692678, 8.339651, 8.282318, 254.2832
-1.847936, 0.1996044, 8.364499, 11.01924, 251.5432
-1.835494, 0.1587552, 8.333184, 11.05755, 255.2034
-1.844891, 0.1936245, 8.35, 10.82565, 252.2277
-1.872717, 0.1908697, 8.345084, 8.512573, 252.517
-1.826636, 0.1644981, 8.346834, 12.1527, 254.5434
-1.840753, 0.1942221, 8.366309, 11.63072, 251.9338
-1.84977, 0.204006, 8.3141, 9.372096, 251.9644
-1.866405, 0.17, 8.35, 9.151397, 254.0661
-1.853164, 0.17, 8.342436, 9.956059, 254.1831
-1.840364, 0.17, 8.342745, 10.96238, 254.1783
-1.846753, 0.17, 8.323903, 9.901843, 254.4706
-1.854475, 0.17, 8.345386, 9.942083, 254.1375
-1.839749, 0.1673411, 8.35, 11.22575, 254.2731
-1.886992, 0.1613664, 8.347232, 7.465825, 254.781
-1.825655, 0.1714002, 8.348522, 12.27892, 253.98
-1.854222, 0.1769393, 8.364084, 10.51868, 253.31
-1.878479, 0.1735642, 8.346544, 8.107839, 253.8421
-1.870697, 0.1610286, 8.35, 8.817372, 254.7643
-1.839965, 0.1695488, 8.346633, 11.10904, 254.1533
-1.837727, 0.1836448, 8.358492, 11.63466, 252.8745
-1.839198, 0.1792904, 8.328485, 10.62857, 253.6743
-1.85664, 0.1885876, 8.332238, 9.380035, 252.8913
-1.86039, 0.1657365, 8.35, 9.61946, 254.3979
-1.888445, 0.1968299, 8.341219, 7.171082, 252.1116
-1.817855, 0.1517185, 8.344451, 12.766, 255.5756
-1.829585, 0.1726567, 8.339378, 11.70228, 254.0234
-1.834524, 0.1729933, 8.324621, 10.87821, 254.2257
-1.870794, 0.1594486, 8.35, 8.809805, 254.8873
-1.892811, 0.1810227, 8.343328, 6.894736, 253.3107
-1.858405, 0.1602164, 8.365808, 10.24502, 254.5823
-1.895731, 0.1874243, 8.377936, 7.710886, 252.2852
-1.815812, 0.16493, 8.365149, 13.53355, 254.2264
-1.855741, 0.32, 8.35, 9.981251, 242.393
-1.855741, 0.32, 8.341669, 9.732428, 242.5092
-1.855741, 0.32, 8.364685, 10.41852, 242.1889
-1.855741, 0.32, 8.359538, 10.26545, 242.2603
-1.855741, 0.32, 8.323165, 9.177847, 242.7681
-1.855741, 0.3114433, 8.35, 9.981251, 243.0589
-1.855741, 0.326487, 8.343111, 9.775529, 241.9838
-1.855741, 0.3250537, 8.368602, 10.53486, 241.7422
-1.855741, 0.3106942, 8.376209, 10.76052, 242.7509
-1.855741, 0.3180498, 8.328978, 9.352341, 242.8388
-1.855741, 0.3096742, 8.35, 9.981251, 243.1966
-1.855741, 0.3261185, 8.352877, 10.06704, 241.877
-1.855741, 0.320781, 8.361812, 10.3331, 242.168
-1.855741, 0.3295386, 8.351569, 10.02803, 241.629
-1.855741, 0.3032385, 8.385357, 11.03126, 243.2012
-1.855741, 0.2901592, 8.35, 9.981251, 244.7152
-1.855741, 0.3463465, 8.353153, 10.07528, 240.2996
-1.855741, 0.3251651, 8.356692, 10.18072, 241.8983
-1.855741, 0.3245117, 8.333138, 9.477096, 242.2765
-1.855741, 0.3420185, 8.363482, 10.38278, 240.495
-1.855741, 0.2823669, 8.35, 9.981251, 245.3216
-1.855741, 0.2834543, 8.345839, 9.857025, 245.2966
-1.855741, 0.3450205, 8.361938, 10.33685, 240.2829
-1.855741, 0.2924486, 8.346463, 9.875679, 244.5874
-1.855741, 0.3520563, 8.313987, 8.901787, 240.3906
-1.848111, 0.32, 8.35, 10.57506, 242.393
-1.861269, 0.32, 8.346841, 9.456596, 242.437
-1.862194, 0.32, 8.361891, 9.834051, 242.2276
-1.84885, 0.32, 8.356603, 10.71386, 242.3011
-1.856109, 0.32, 8.383843, 10.95803, 241.9237
-1.857048, 0.3277375, 8.35, 9.879541, 241.7909
-1.848978, 0.324633, 8.356592, 10.7036, 241.941
-1.863231, 0.3247467, 8.366884, 9.902287, 241.7897
-1.848194, 0.3109803, 8.335721, 10.14287, 243.2955
-1.863039, 0.3234933, 8.371656, 10.05919, 241.8211
-1.854047, 0.3164755, 8.35, 10.11312, 242.6673
-1.85363, 0.3197634, 8.359419, 10.42598, 242.2804
-1.860974, 0.3085457, 8.361994, 9.931927, 243.1162
-1.857253, 0.3272046, 8.327814, 9.199405, 242.1406
-1.857957, 0.3232228, 8.356146, 9.992166, 242.0569
-1.861247, 0.3397393, 8.35, 9.552798, 240.8569
-1.849836, 0.3079057, 8.341956, 10.20106, 243.4473
-1.865648, 0.3214568, 8.35666, 9.409461, 242.1871
-1.858989, 0.3400267, 8.329679, 9.119925, 241.1142
-1.853556, 0.2911712, 8.38757, 11.26586, 244.1048
-1.864182, 0.3451773, 8.35, 9.324431, 240.4337
-1.860645, 0.3401985, 8.345971, 9.479184, 240.8765
-1.863769, 0.3398461, 8.341306, 9.09615, 240.968
-1.846113, 0.3414614, 8.343001, 10.52223, 240.8189
-1.856899, 0.3598667, 8.313396, 8.793454, 239.788
-1.874344, 0.32, 8.35, 8.533602, 242.393
-1.870768, 0.32, 8.348671, 8.771996, 242.4115
-1.869841, 0.32, 8.360451, 9.19683, 242.2476
-1.871133, 0.32, 8.37234, 9.451447, 242.0827
-1.874398, 0.32, 8.389917, 9.721584, 241.8399
-1.841192, 0.3256672, 8.35, 11.11347, 241.952
-1.870139, 0.3276779, 8.359526, 9.146018, 241.6637
-1.847622, 0.3191557, 8.345676, 10.48442, 242.519
-1.858365, 0.3251181, 8.35409, 9.899096, 241.938
-1.854003, 0.3187366, 8.333734, 9.630489, 242.7186
-1.852881, 0.3375798, 8.35, 10.20387, 241.0249
-1.867559, 0.3393404, 8.355641, 9.230447, 240.8105
-1.849202, 0.3116492, 8.369653, 11.0737, 242.7682
-1.850065, 0.3315756, 8.371378, 11.05777, 241.1977
-1.838027, 0.3351586, 8.386261, 12.43009, 240.7162
-1.862094, 0.3034188, 8.35, 9.486923, 243.6834
-1.848731, 0.3411183, 8.341511, 10.27382, 240.8661
-1.849347, 0.3150202, 8.357873, 10.71296, 242.6706
-1.858311, 0.3061094, 8.341585, 9.52971, 243.5925
-1.851094, 0.3191178, 8.369355, 10.91799, 242.1926
-1.844325, 0.2910192, 8.35, 10.8697, 244.6483
-1.868804, 0.2864935, 8.350407, 8.976817, 244.9947
-1.869164, 0.3322018, 8.357528, 9.162025, 241.3396
-1.847758, 0.2823417, 8.334869, 10.15141, 245.5405
-1.849287, 0.3529276, 8.37727, 11.29246, 239.4611
-1.84602, 0.32, 8.35, 10.73778, 242.393
-1.847454, 0.32, 8.348737, 10.58855, 242.4106
-1.834448, 0.32, 8.340531, 11.35755, 242.5251
-1.851119, 0.32, 8.36764, 10.86525, 242.1479
-1.829184, 0.32, 8.325739, 11.32842, 242.732
-1.88323, 0.3287224, 8.35, 7.842064, 241.7142
-1.859627, 0.3118327, 8.347298, 9.598117, 243.0665
-1.860242, 0.3292879, 8.363637, 10.03773, 241.4819
-1.829435, 0.3284508, 8.340947, 11.76044, 241.8608
-1.856028, 0.3270366, 8.321029, 9.091258, 242.2484
-1.873648, 0.3081601, 8.35, 8.587732, 243.3144
-1.850619, 0.3022745, 8.357824, 10.61268, 243.6621
-1.830311, 0.3099513, 8.345284, 11.82069, 243.2412
-1.837742, 0.3396972, 8.356876, 11.58564, 240.7658
-1.858878, 0.335611, 8.324974, 8.987317, 241.5239
-1.852752, 0.3463018, 8.35, 10.21391, 240.3462
-1.883616, 0.3059602, 8.352696, 7.89319, 243.4477
-1.834757, 0.3144126, 8.349846, 11.60969, 242.83
-1.841368, 0.3401959, 8.363933, 11.51267, 240.6305
-1.843978, 0.3249394, 8.366567, 11.38787, 241.7792
-1.883538, 0.3275651, 8.35, 7.818089, 241.8043
-1.849492, 0.3587124, 8.354956, 10.61497, 239.3133
-1.881758, 0.2830264, 8.345388, 7.817688, 245.3363
-1.861778, 0.3151291, 8.377735, 10.33762, 242.3858
-1.855981, 0.296305, 8.355227, 10.11848, 244.163
-1.849368, 0.32, 8.35, 10.47724, 242.393
-1.841352, 0.32, 8.356112, 11.28234, 242.308
-1.891672, 0.32, 8.340311, 6.892133, 242.5281
-1.892866, 0.32, 8.369927, 7.692604, 242.1162
-1.844359, 0.32, 8.364189, 11.28792, 242.1957
-1.846751, 0.3250319, 8.35, 10.68091, 242.0014
-1.895495, 0.3286068, 8.346172, 6.771798, 241.7762
-1.83536, 0.311561, 8.334277, 11.10055, 243.2705
-1.876261, 0.3122652, 8.379379, 9.26362, 242.585
-1.834543, 0.3133811, 8.35641, 11.82059, 242.8185
-1.830518, 0.3358758, 8.35, 11.94413, 241.1575
-1.827729, 0.30909, 8.349486, 12.14596, 243.2493
-1.843929, 0.3137897, 8.356908, 11.10556, 242.7797
-1.874644, 0.3310889, 8.323553, 7.713432, 241.8967
-1.847236, 0.3369034, 8.361889, 10.9963, 240.9142
-1.856836, 0.3499392, 8.35, 9.896064, 240.0631
-1.854052, 0.3143364, 8.353345, 10.21242, 242.787
-1.874125, 0.324828, 8.33913, 8.223867, 242.1684
-1.834899, 0.3216901, 8.328234, 10.95657, 242.5651
-1.855477, 0.3013873, 8.366654, 10.49755, 243.6069
-1.819246, 0.2938122, 8.35, 12.8214, 244.431
-1.826465, 0.3180263, 8.350191, 12.26521, 242.5439
-1.816616, 0.2835553, 8.345263, 12.88648, 245.2969
-1.854217, 0.3096578, 8.321989, 9.26156, 243.5924
-1.859839, 0.3042413, 8.389847, 10.84668, 243.0609
-1.855741, 0.47, 8.35, 9.981251, 230.7198
-1.855741, 0.47, 8.346918, 9.889269, 230.7581
-1.855741, 0.47, 8.36768, 10.50749, 230.5009
-1.855741, 0.47, 8.331102, 9.41607, 230.955
-1.855741, 0.47, 8.370339, 10.58644, 230.468
-1.855741, 0.4624115, 8.35, 9.981251, 231.3104
-1.855741, 0.4795522, 8.349617, 9.969821, 229.9812
-1.855741, 0.4674655, 8.361672, 10.32895, 230.7721
-1.855741, 0.4725036, 8.373292, 10.67402, 230.2373
-1.855741, 0.463095, 8.37264, 10.65468, 230.9754
-1.855741, 0.466619, 8.35, 9.981251, 230.983
-1.855741, 0.46466, 8.345211, 9.838285, 231.1952
-1.855741, 0.4655912, 8.341441, 9.725604, 231.1697
-1.855741, 0.489877, 8.347475, 9.905891, 229.2039
-1.855741, 0.4821261, 8.347694, 9.912443, 229.8045
-1.855741, 0.4528752, 8.35, 9.981251, 232.0525
-1.855741, 0.4895201, 8.347001, 9.891729, 229.2374
-1.855741, 0.4499617, 8.358155, 10.22428, 232.1765
-1.855741, 0.4993514, 8.325742, 9.255252, 228.7306
-1.855741, 0.4936679, 8.344022, 9.802752, 228.9508
-1.855741, 0.4350512, 8.35, 9.981251, 233.4396
-1.855741, 0.460215, 8.353081, 10.07312, 231.4428
-1.855741, 0.499221, 8.365448, 10.44119, 228.259
-1.855741, 0.4760243, 8.366087, 10.46019, 230.0527
-1.855741, 0.4782811, 8.315778, 8.955703, 230.4993
-1.848781, 0.47, 8.35, 10.5229, 230.7198
-1.850902, 0.47, 8.348034, 10.29927, 230.7443
-1.853735, 0.47, 8.34808, 10.08013, 230.7437
-1.854896, 0.47, 8.364636, 10.48276, 230.5385
-1.851548, 0.47, 8.348085, 10.2505, 230.7436
-1.859537, 0.4600517, 8.35, 9.685893, 231.494
-1.847223, 0.477795, 8.346272, 10.53321, 230.1593
-1.856186, 0.470922, 8.349468, 9.930782, 230.6547
-1.859741, 0.4720595, 8.354042, 9.790664, 230.5095
-1.858559, 0.4766119, 8.350324, 9.771609, 230.2013
-1.856348, 0.4878902, 8.35, 9.934015, 229.3276
-1.85737, 0.4658361, 8.342516, 9.63089, 231.1372
-1.850699, 0.4732449, 8.367145, 10.88312, 230.2555
-1.846385, 0.4713811, 8.345019, 10.56114, 230.6742
-1.865295, 0.4813143, 8.375991, 10.01305, 229.5207
-1.862356, 0.4904591, 8.35, 9.466524, 229.1277
-1.863158, 0.4972563, 8.351132, 9.437971, 228.585
-1.848757, 0.491854, 8.335121, 10.08107, 229.2009
-1.862816, 0.4551884, 8.345334, 9.291101, 231.9312
-1.848607, 0.4708483, 8.389138, 11.69539, 230.1707
-1.863788, 0.4602416, 8.35, 9.355059, 231.4793
-1.853055, 0.4353335, 8.341089, 9.924417, 233.5315
-1.861602, 0.4635797, 8.335782, 9.09934, 231.3972
-1.849565, 0.4727417, 8.376401, 11.24519, 230.1806
-1.850219, 0.4592277, 8.335909, 9.990606, 231.735
-1.86547, 0.47, 8.35, 9.224124, 230.7198
-1.861851, 0.47, 8.351436, 9.548678, 230.702
-1.867656, 0.47, 8.339242, 8.731298, 230.8536
-1.837503, 0.47, 8.321321, 10.54708, 231.0772
-1.862194, 0.47, 8.340116, 9.183168, 230.8427
-1.837523, 0.4670254, 8.35, 11.39904, 230.9513
-1.858067, 0.4765291, 8.345586, 9.668412, 230.2663
-1.845202, 0.4730762, 8.351304, 10.84019, 230.4643
-1.861659, 0.4685935, 8.343605, 9.329424, 230.9089
-1.839349, 0.4789572, 8.387531, 12.365, 229.5625
-1.863058, 0.4637081, 8.35, 9.41185, 231.2095
-1.859516, 0.4769293, 8.349322, 9.667253, 230.189
-1.841373, 0.4652566, 8.350591, 11.11695, 231.0816
-1.858466, 0.4754319, 8.353995, 9.888411, 230.2478
-1.844521, 0.4634039, 8.365723, 11.32077, 231.0373
-1.844296, 0.4748622, 8.35, 10.87192, 230.3415
-1.87058, 0.4948109, 8.349402, 8.808546, 228.7963
-1.84401, 0.4961936, 8.345117, 10.74896, 228.7408
-1.870689, 0.4629537, 8.360051, 9.119024, 231.1429
-1.836883, 0.4610492, 8.337235, 11.06978, 231.5763
-1.85242, 0.4902998, 8.35, 10.23974, 229.1401
-1.839844, 0.4650856, 8.350338, 11.22846, 231.0981
-1.859636, 0.4842475, 8.350877, 9.704375, 229.6003
-1.844961, 0.4458367, 8.360724, 11.13853, 232.4647
-1.858999, 0.4832948, 8.365078, 10.17716, 229.5004
-1.878006, 0.47, 8.35, 8.248601, 230.7198
-1.828448, 0.47, 8.356447, 12.2956, 230.6399
-1.859775, 0.47, 8.367618, 10.19247, 230.5016
-1.855092, 0.47, 8.355379, 10.19212, 230.6531
-1.851897, 0.47, 8.319689, 9.373698, 231.0977
-1.883861, 0.4703228, 8.35, 7.792926, 230.6947
-1.865769, 0.4702251, 8.354153, 9.325147, 230.6508
-1.826985, 0.4743093, 8.363725, 12.62379, 230.215
-1.846524, 0.4740294, 8.375833, 11.46423, 230.0877
-1.836124, 0.475618, 8.312387, 10.38777, 230.7498
-1.826496, 0.4786284, 8.35, 12.25719, 230.0484
-1.838748, 0.4659798, 8.347397, 11.22643, 231.0651
-1.852473, 0.4543217, 8.346375, 10.12749, 231.9855
-1.830465, 0.458157, 8.34192, 11.70905, 231.7429
-1.838618, 0.4845861, 8.335721, 10.88944, 229.7603
-1.86387, 0.4829451, 8.35, 9.34865, 229.7124
-1.832655, 0.4704478, 8.347183, 11.69443, 230.72
-1.846915, 0.4548536, 8.336017, 10.25139, 232.0746
-1.863912, 0.4627359, 8.331099, 8.778534, 231.5218
-1.860139, 0.4495771, 8.349088, 9.611764, 232.3207
-1.846705, 0.4634733, 8.35, 10.68448, 231.2278
-1.83004, 0.4411867, 8.351479, 12.02508, 232.9434
-1.843106, 0.4712313, 8.339245, 10.64458, 230.7576
-1.853401, 0.4681522, 8.342266, 9.932556, 230.9599
-1.873017, 0.4762989, 8.313116, 7.524662, 230.6874
-1.892381, 0.47, 8.35, 7.129927, 230.7198
-1.835618, 0.47, 8.347239, 11.46546, 230.7541
-1.850043, 0.47, 8.336321, 10.01668, 230.89
-1.859145, 0.47, 8.373359, 10.41195, 230.4307
-1.881177, 0.47, 8.331653, 7.448387, 230.9482
-1.870791, 0.4602574, 8.35, 8.810062, 231.478
-1.826326, 0.4725765, 8.352555, 12.3458, 230.4877
-1.82117, 0.4615782, 8.339622, 12.36523, 231.5051
-1.891072, 0.4654597, 8.355371, 7.393827, 231.0063
-1.856737, 0.4631692, 8.339235, 9.582024, 231.386
-1.864433, 0.4655155, 8.35, 9.304876, 231.0688
-1.858476, 0.4790942, 8.346677, 9.669142, 230.0531
-1.849435, 0.4846116, 8.341084, 10.20628, 229.6923
-1.84354, 0.4587718, 8.323091, 10.12844, 231.9319
-1.849704, 0.4849615, 8.373426, 11.14639, 229.2691
-1.826202, 0.4969398, 8.35, 12.28003, 228.6234
-1.832995, 0.4741271, 8.341025, 11.48542, 230.5099
-1.889472, 0.448619, 8.359149, 7.632022, 232.2683
-1.848178, 0.4411077, 8.367352, 11.08503, 232.7483
-1.823018, 0.4901624, 8.327079, 11.84956, 229.4315
-1.876556, 0.4314898, 8.35, 8.361425, 233.7168
-1.832282, 0.4704344, 8.346345, 11.69862, 230.7314
-1.842986, 0.4537128, 8.347948, 10.91293, 232.0132
-1.867295, 0.4388234, 8.351869, 9.13805, 233.1223
-1.842613, 0.5016936, 8.344025, 10.82524, 228.3257
-1.868049, 1.204594, 8.35, 9.023438, 173.553
-1.868049, 1.204594, 8.351604, 9.071445, 173.545
-1.868049, 1.204594, 8.354757, 9.165859, 173.5293
-1.868049, 1.204594, 8.341152, 8.758049, 173.5973
-1.868049, 1.204594, 8.383092, 10.01055, 173.3883
-1.868049, 1.198764, 8.35, 9.023438, 174.0067
-1.868049, 1.203734, 8.347826, 8.958263, 173.6308
-1.868049, 1.208019, 8.366073, 9.503932, 173.2068
-1.868049, 1.199564, 8.337079, 8.635697, 174.0098
-1.868049, 1.211618, 8.372322, 9.690228, 172.8967
-1.868049, 1.202174, 8.35, 9.023438, 173.7414
-1.868049, 1.217055, 8.35413, 9.147077, 172.5631
-1.868049, 1.195082, 8.350497, 9.038329, 174.2907
-1.868049, 1.190277, 8.363429, 9.425039, 174.5982
-1.868049, 1.209662, 8.341691, 8.774242, 173.1998
-1.868049, 1.223031, 8.35, 9.023438, 172.1182
-1.868049, 1.208975, 8.348622, 8.982153, 173.2189
-1.868049, 1.188036, 8.343029, 8.814383, 174.8776
-1.868049, 1.210697, 8.327594, 8.35021, 173.1891
-1.868049, 1.186673, 8.374012, 9.740539, 174.8236
-1.868049, 1.179742, 8.35, 9.023438, 175.487
-1.868049, 1.203428, 8.358298, 9.271774, 173.6022
-1.868049, 1.179249, 8.351025, 9.054122, 175.52
-1.868049, 1.240408, 8.361325, 9.362211, 170.7135
-1.868049, 1.19555, 8.315232, 7.977133, 174.4346
-1.873574, 1.204594, 8.35, 8.593497, 173.553
-1.86763, 1.204594, 8.340781, 8.77955, 173.5992
-1.876174, 1.204594, 8.330447, 7.802267, 173.6511
-1.859785, 1.204594, 8.339746, 9.359808, 173.6044
-1.861118, 1.204594, 8.345377, 9.424567, 173.5762
-1.868427, 1.214583, 8.35, 8.994026, 172.7757
-1.864074, 1.203304, 8.343333, 9.133115, 173.6868
-1.863496, 1.200328, 8.353742, 9.489613, 173.8661
-1.862994, 1.211497, 8.377135, 10.22551, 172.8825
-1.876313, 1.194864, 8.323336, 7.576504, 174.4466
-1.860739, 1.222065, 8.35, 9.592309, 172.1934
-1.869496, 1.220014, 8.34347, 8.714976, 172.3847
-1.8642, 1.219673, 8.368113, 9.86362, 172.292
-1.873929, 1.207791, 8.324832, 7.807946, 173.4297
-1.873371, 1.221034, 8.381631, 9.554687, 172.1214
-1.870607, 1.225262, 8.35, 8.824425, 171.9446
-1.860143, 1.190076, 8.350236, 9.64571, 174.6816
-1.872639, 1.229609, 8.361009, 8.996072, 171.5542
-1.876227, 1.230485, 8.328204, 7.730398, 171.6418
-1.862312, 1.187925, 8.357665, 9.698811, 174.8107
-1.861114, 1.23175, 8.35, 9.563127, 171.4397
-1.863935, 1.215224, 8.346612, 9.242177, 172.7423
-1.868555, 1.202789, 8.347445, 8.907452, 173.7063
-1.878043, 1.207897, 8.325272, 7.500029, 173.4191
-1.872091, 1.220498, 8.342422, 8.481345, 172.3521
-1.863595, 1.204594, 8.35, 9.370122, 173.553
-1.863158, 1.204594, 8.345636, 9.273462, 173.5749
-1.87574, 1.204594, 8.366132, 8.908453, 173.4725
-1.880777, 1.204594, 8.358974, 8.30266, 173.5082
-1.874386, 1.204594, 8.330384, 7.939868, 173.6514
-1.868855, 1.196626, 8.35, 8.960738, 174.1731
-1.870947, 1.1972, 8.341373, 8.538952, 174.1722
-1.880298, 1.201412, 8.363395, 8.472462, 173.7334
-1.864475, 1.210541, 8.355075, 9.453378, 173.0651
-1.850518, 1.21363, 8.372515, 11.05632, 172.7396
-1.868384, 1.198324, 8.35, 8.997374, 174.0409
-1.875527, 1.21037, 8.354618, 8.580108, 173.0807
-1.871949, 1.20251, 8.358361, 8.970437, 173.6733
-1.848768, 1.186999, 8.326577, 9.82461, 175.0439
-1.885685, 1.185939, 8.353656, 7.761111, 174.9858
-1.849646, 1.221392, 8.35, 10.45562, 172.2458
-1.858631, 1.20723, 8.344319, 9.586616, 173.3762
-1.873371, 1.209682, 8.352805, 8.693404, 173.1432
-1.87405, 1.219971, 8.361382, 8.897552, 172.3013
-1.863215, 1.209612, 8.379078, 10.26602, 173.0191
-1.858177, 1.212094, 8.35, 9.791708, 172.9693
-1.85438, 1.24267, 8.349541, 10.07352, 170.592
-1.863729, 1.237068, 8.34934, 9.33991, 171.0289
-1.880672, 1.195462, 8.353927, 8.15918, 174.2437
-1.860152, 1.176899, 8.387886, 10.76443, 175.5092
-1.885589, 1.204594, 8.35, 7.658458, 173.553
-1.86188, 1.204594, 8.342921, 9.291673, 173.5885
-1.855938, 1.204594, 8.357174, 10.17976, 173.5172
-1.882393, 1.204594, 8.348867, 7.873077, 173.5587
-1.85087, 1.204594, 8.339709, 10.05342, 173.6046
-1.88833, 1.196457, 8.35, 7.445154, 174.1862
-1.87096, 1.214298, 8.345592, 8.664637, 172.8195
-1.883202, 1.20387, 8.360168, 8.15001, 173.5585
-1.859131, 1.2064, 8.326632, 9.017429, 173.5292
-1.897877, 1.214207, 8.317439, 5.71279, 172.9652
-1.874877, 1.185061, 8.35, 8.492117, 175.0731
-1.841406, 1.206117, 8.341325, 10.83903, 173.4778
-1.880275, 1.193591, 8.352036, 8.133216, 174.3988
-1.872658, 1.216799, 8.342617, 8.443022, 172.6392
-1.861985, 1.201737, 8.325233, 8.752513, 173.9003
-1.867406, 1.195986, 8.35, 9.073534, 174.2229
-1.851173, 1.214338, 8.354143, 10.46009, 172.7744
-1.884519, 1.204713, 8.363897, 8.15958, 173.4744
-1.856003, 1.193462, 8.348614, 9.919524, 174.4264
-1.883467, 1.177037, 8.383662, 8.832893, 175.5206
-1.872175, 1.207964, 8.35, 8.702374, 173.2907
-1.894787, 1.237536, 8.355385, 7.10535, 170.9643
-1.888767, 1.173881, 8.342459, 7.183428, 175.9832
-1.855541, 1.226719, 8.342064, 9.759879, 171.8691
-1.864838, 1.184548, 8.349416, 9.255867, 175.116
-1.896605, 1.204594, 8.35, 6.801209, 173.553
-1.866844, 1.204594, 8.35807, 9.358678, 173.5127
-1.882177, 1.204594, 8.334218, 7.448001, 173.6321
-1.895735, 1.204594, 8.347393, 6.790023, 173.5661
-1.834875, 1.204594, 8.355042, 11.75434, 173.5278
-1.847564, 1.21132, 8.35, 10.6176, 173.0296
-1.905224, 1.200457, 8.355706, 6.303449, 173.8462
-1.899302, 1.206729, 8.354303, 6.721501, 173.3654
-1.847677, 1.195863, 8.371386, 11.24338, 174.1239
-1.843284, 1.201292, 8.327674, 10.28549, 173.9227
-1.844446, 1.199367, 8.35, 10.86024, 173.9598
-1.85034, 1.214426, 8.349773, 10.3948, 172.7889
-1.870332, 1.196198, 8.354393, 8.977432, 174.1841
-1.857323, 1.187179, 8.345149, 9.713259, 174.9334
-1.854682, 1.191261, 8.321109, 9.198833, 174.7395
-1.860677, 1.176845, 8.35, 9.597187, 175.7124
-1.892496, 1.207284, 8.344576, 6.957049, 173.3707
-1.888308, 1.216284, 8.339477, 7.12904, 172.6947
-1.849509, 1.187145, 8.363601, 10.87049, 174.8406
-1.88866, 1.214189, 8.379713, 8.312359, 172.6612
-1.890014, 1.210727, 8.35, 7.314119, 173.0757
-1.879605, 1.235723, 8.356948, 8.33293, 171.098
-1.831596, 1.242837, 8.347708, 11.79241, 170.5874
-1.893528, 1.239325, 8.324471, 6.266713, 170.9693
-1.897485, 1.198916, 8.3472, 6.648002, 174.009
-1.868049, 1.392094, 8.35, 9.023438, 158.9616
-1.868049, 1.392094, 8.355506, 9.188261, 158.9445
-1.868049, 1.392094, 8.35412, 9.146776, 158.9488
-1.868049, 1.392094, 8.359476, 9.306951, 158.9322
-1.868049, 1.392094, 8.376012, 9.800062, 158.881
-1.868049, 1.3944, 8.35, 9.023438, 158.7821
-1.868049, 1.397563, 8.345691, 8.894262, 158.5492
-1.868049, 1.399777, 8.352045, 9.084663, 158.3575
-1.868049, 1.399398, 8.350735, 9.045439, 158.3909
-1.868049, 1.395666, 8.311628, 7.868128, 158.802
-1.868049, 1.389145, 8.35, 9.023438, 159.191
-1.868049, 1.381667, 8.358051, 9.264364, 159.7472
-1.868049, 1.392877, 8.365459, 9.485621, 158.8528
-1.868049, 1.388394, 8.329549, 8.409119, 159.314
-1.868049, 1.37868, 8.31378, 7.933216, 160.1235
-1.868049, 1.411986, 8.35, 9.023438, 157.4135
-1.868049, 1.40815, 8.347675, 8.953757, 157.7189
-1.868049, 1.419837, 8.360951, 9.351039, 156.7716
-1.868049, 1.419356, 8.327921, 8.360081, 156.9027
-1.868049, 1.402456, 8.351431, 9.066267, 158.1509
-1.868049, 1.404999, 8.35, 9.023438, 157.9573
-1.868049, 1.415651, 8.345214, 8.879957, 157.1421
-1.868049, 1.3925, 8.358277, 9.271131, 158.9043
-1.868049, 1.424018, 8.343201, 8.819561, 156.4962
-1.868049, 1.375689, 8.32387, 8.237944, 160.324
-1.874578, 1.392094, 8.35, 8.515377, 158.9616
-1.876096, 1.392094, 8.352026, 8.458085, 158.9553
-1.864097, 1.392094, 8.343169, 9.126463, 158.9828
-1.862603, 1.392094, 8.353045, 9.538264, 158.9521
-1.860556, 1.392094, 8.334882, 9.153914, 159.0087
-1.877808, 1.39008, 8.35, 8.263979, 159.1183
-1.86858, 1.395345, 8.354591, 9.119611, 158.6944
-1.873777, 1.393828, 8.341364, 8.318167, 158.8534
-1.872631, 1.386512, 8.348495, 8.62165, 159.4007
-1.862269, 1.396502, 8.378487, 10.3219, 158.5316
-1.870613, 1.399215, 8.35, 8.823924, 158.4074
-1.865985, 1.387221, 8.355371, 9.34473, 159.3238
-1.866211, 1.383036, 8.359937, 9.463577, 159.6348
-1.861009, 1.390834, 8.353728, 9.682631, 159.048
-1.860766, 1.380545, 8.344813, 9.435096, 159.8771
-1.871885, 1.390304, 8.35, 8.724933, 159.1009
-1.86248, 1.399476, 8.353849, 9.571853, 158.3754
-1.870464, 1.406956, 8.333931, 8.352699, 157.8526
-1.867856, 1.41162, 8.349735, 9.030504, 157.4428
-1.858968, 1.409795, 8.319818, 8.825169, 157.6728
-1.860941, 1.389524, 8.35, 9.576631, 159.1616
-1.875635, 1.406152, 8.354521, 8.568821, 157.8542
-1.876578, 1.396347, 8.334949, 7.906651, 158.6768
-1.869691, 1.411706, 8.357038, 9.106464, 157.4149
-1.861099, 1.417216, 8.320962, 8.693132, 157.0897
-1.864736, 1.392094, 8.35, 9.281287, 158.9616
-1.870603, 1.392094, 8.352148, 8.889055, 158.9549
-1.869567, 1.392094, 8.34422, 8.731942, 158.9796
-1.869449, 1.392094, 8.362759, 9.296293, 158.922
-1.880318, 1.392094, 8.360589, 8.386717, 158.9287
-1.870726, 1.389935, 8.35, 8.815126, 159.1296
-1.872211, 1.388364, 8.356688, 8.900027, 159.2308
-1.879757, 1.38966, 8.365305, 8.571682, 159.1032
-1.870576, 1.383919, 8.320174, 7.92901, 159.6933
-1.884443, 1.383497, 8.318826, 6.8048, 159.7306
-1.885549, 1.394305, 8.35, 7.661576, 158.7895
-1.877587, 1.400296, 8.344967, 8.129811, 158.3385
-1.869408, 1.385992, 8.350231, 8.924589, 159.4357
-1.85516, 1.395007, 8.363615, 10.4319, 158.6931
-1.8754, 1.398111, 8.356054, 8.633051, 158.4749
-1.859947, 1.394343, 8.35, 9.653978, 158.7866
-1.868563, 1.404239, 8.346131, 8.867469, 158.028
-1.863116, 1.389935, 8.355097, 9.559665, 159.1136
-1.864037, 1.366006, 8.365131, 9.787488, 160.9409
-1.878727, 1.362511, 8.353618, 8.301215, 161.2515
-1.874517, 1.371912, 8.35, 8.520098, 160.5321
-1.874042, 1.355448, 8.358465, 8.810892, 161.784
-1.883979, 1.398234, 8.368584, 8.342099, 158.4273
-1.854251, 1.394966, 8.355517, 10.26162, 158.7211
-1.882582, 1.414318, 8.315087, 6.836658, 157.3332
-1.877621, 1.392094, 8.35, 8.278584, 158.9616
-1.841511, 1.392094, 8.345391, 10.95172, 158.9759
-1.854127, 1.392094, 8.351474, 10.15077, 158.957
-1.878807, 1.392094, 8.374384, 8.917108, 158.886
-1.855949, 1.392094, 8.327824, 9.301543, 159.0307
-1.895937, 1.388809, 8.35, 6.853166, 159.2172
-1.871599, 1.386929, 8.35187, 8.80321, 159.3576
-1.848461, 1.398329, 8.345405, 10.41092, 158.4904
-1.895134, 1.393311, 8.339775, 6.606159, 158.8985
-1.845489, 1.400367, 8.359198, 11.05222, 158.2899
-1.888267, 1.372225, 8.35, 7.450075, 160.5078
-1.85107, 1.383279, 8.344015, 10.1664, 159.6667
-1.888923, 1.373245, 8.358008, 7.640376, 160.4021
-1.856484, 1.395869, 8.352323, 9.992752, 158.6607
-1.889986, 1.39072, 8.331508, 6.756849, 159.1264
-1.890851, 1.411484, 8.35, 7.249017, 157.4526
-1.857613, 1.385954, 8.354505, 9.970007, 159.4251
-1.860924, 1.381151, 8.336344, 9.169064, 159.8572
-1.84422, 1.419737, 8.336353, 10.47157, 156.849
-1.867905, 1.373764, 8.34226, 8.802609, 160.4135
-1.888712, 1.38616, 8.35, 7.415485, 159.4234
-1.884433, 1.404903, 8.35267, 7.828789, 157.9568
-1.883889, 1.429951, 8.345953, 7.668786, 156.0265
-1.869191, 1.397765, 8.357734, 9.16616, 158.4967
-1.849994, 1.385277, 8.374721, 11.16222, 159.4138
-1.830607, 1.392094, 8.35, 11.93725, 158.9616
-1.865308, 1.392094, 8.345482, 9.101486, 158.9756
-1.86331, 1.392094, 8.361162, 9.725604, 158.9269
-1.833499, 1.392094, 8.379071, 12.56973, 158.8716
-1.902459, 1.392094, 8.381421, 7.294021, 158.8643
-1.834004, 1.389759, 8.35, 11.67284, 159.1433
-1.896249, 1.384726, 8.34452, 6.663051, 159.5524
-1.852926, 1.383415, 8.349334, 10.18046, 159.6391
-1.90552, 1.39186, 8.340625, 5.822611, 159.009
-1.892545, 1.389884, 8.361211, 7.455282, 159.0985
-1.865847, 1.376615, 8.35, 9.194798, 160.1662
-1.891933, 1.406116, 8.341702, 6.913948, 157.895
-1.841058, 1.373665, 8.33884, 10.79211, 160.4325
-1.854428, 1.395704, 8.343413, 9.88688, 158.7009
-1.846822, 1.396277, 8.344684, 10.51709, 158.6524
-1.85133, 1.394023, 8.35, 10.32454, 158.8114
-1.85483, 1.384261, 8.343813, 9.867454, 159.5909
-1.869676, 1.392507, 8.357426, 9.119167, 158.9064
-1.870611, 1.408884, 8.329164, 8.197575, 157.7164
-1.876749, 1.421781, 8.366513, 8.841476, 156.605
-1.849496, 1.40787, 8.35, 10.46728, 157.7339
-1.839241, 1.411098, 8.352388, 11.33617, 157.4757
-1.887225, 1.423864, 8.331356, 6.967607, 156.5413
-1.862255, 1.389335, 8.361606, 9.82079, 159.1399
-1.898802, 1.37473, 8.337312, 6.245542, 160.3546
-1.868049, 1.579594, 8.35, 9.023438, 144.3701
-1.868049, 1.579594, 8.340998, 8.753414, 144.3811
-1.868049, 1.579594, 8.349334, 9.003453, 144.371
-1.868049, 1.579594, 8.336493, 8.618102, 144.3866
-1.868049, 1.579594, 8.334135, 8.547163, 144.3895
-1.868049, 1.584445, 8.35, 9.023438, 143.9926
-1.868049, 1.583047, 8.342552, 8.800092, 144.1102
-1.868049, 1.57691, 8.3599, 9.319639, 144.5667
-1.868049, 1.576017, 8.355545, 9.189434, 144.6415
-1.868049, 1.584914, 8.384507, 10.05258, 143.9162
-1.868049, 1.590896, 8.35, 9.023438, 143.4906
-1.868049, 1.567107, 8.344623, 8.862205, 145.3491
-1.868049, 1.575537, 8.335699, 8.594184, 144.7039
-1.868049, 1.590444, 8.356297, 9.211936, 143.5188
-1.868049, 1.57034, 8.38548, 10.08147, 145.044
-1.868049, 1.586537, 8.35, 9.023438, 143.8298
-1.868049, 1.588583, 8.340424, 8.736191, 143.6813
-1.868049, 1.594049, 8.334083, 8.545575, 143.2623
-1.868049, 1.602111, 8.376311, 9.808974, 142.5919
-1.868049, 1.583462, 8.332273, 8.491116, 144.09
-1.868049, 1.561831, 8.35, 9.023438, 145.7524
-1.868049, 1.55475, 8.34338, 8.824925, 146.3132
-1.868049, 1.555247, 8.335187, 8.578792, 146.2865
-1.868049, 1.556746, 8.325377, 8.283391, 146.1839
-1.868049, 1.619393, 8.356172, 9.208159, 141.2679
-1.860274, 1.579594, 8.35, 9.628558, 144.3701
-1.865932, 1.579594, 8.357656, 9.417129, 144.3608
-1.872336, 1.579594, 8.353417, 8.792295, 144.366
-1.862708, 1.579594, 8.334993, 8.989463, 144.3884
-1.860308, 1.579594, 8.346119, 9.509883, 144.3749
-1.870341, 1.580626, 8.35, 8.845081, 144.2898
-1.859952, 1.576344, 8.344278, 9.482503, 144.6302
-1.865882, 1.576313, 8.336065, 8.774157, 144.6429
-1.872897, 1.57622, 8.320909, 7.769895, 144.6692
-1.873549, 1.570618, 8.386154, 9.675508, 145.0217
-1.866337, 1.58656, 8.35, 9.156675, 143.828
-1.861021, 1.594729, 8.342015, 9.331512, 143.2008
-1.862183, 1.567093, 8.354777, 9.622693, 145.3366
-1.872653, 1.577278, 8.338301, 8.31356, 144.5648
-1.867381, 1.590266, 8.363788, 9.487653, 143.5244
-1.87352, 1.568488, 8.35, 8.597674, 145.2344
-1.867212, 1.604814, 8.340719, 8.810291, 142.4164
-1.86324, 1.559055, 8.335552, 8.964715, 145.9891
-1.86186, 1.599214, 8.366584, 9.999776, 142.8264
-1.877447, 1.591398, 8.334343, 7.820578, 143.4687
-1.868516, 1.581834, 8.35, 8.987131, 144.1958
-1.861119, 1.617069, 8.358912, 9.828787, 141.4463
-1.877611, 1.54028, 8.367502, 8.804183, 147.4015
-1.873688, 1.597504, 8.329053, 7.954159, 142.9981
-1.876142, 1.616533, 8.359276, 8.671975, 141.4877
-1.849044, 1.579594, 8.35, 10.50246, 144.3701
-1.864945, 1.579594, 8.349265, 9.243021, 144.371
-1.887462, 1.579594, 8.360655, 7.833495, 144.3572
-1.866749, 1.579594, 8.356665, 9.324002, 144.3621
-1.871693, 1.579594, 8.3401, 8.442564, 144.3822
-1.853718, 1.579913, 8.35, 10.13871, 144.3452
-1.864803, 1.578703, 8.348816, 9.240589, 144.4409
-1.875491, 1.582813, 8.359284, 8.722758, 144.1086
-1.861994, 1.585922, 8.354148, 9.618616, 143.8729
-1.886676, 1.589171, 8.317021, 6.575403, 143.6619
-1.872214, 1.596726, 8.35, 8.699355, 143.0369
-1.873269, 1.570237, 8.354121, 8.740826, 145.0929
-1.852652, 1.598618, 8.36452, 10.65356, 142.8748
-1.85938, 1.597722, 8.369212, 10.2705, 142.9396
-1.886788, 1.578292, 8.336576, 7.159724, 144.488
-1.877998, 1.579297, 8.35, 8.249173, 144.3932
-1.859157, 1.573168, 8.35219, 9.780807, 144.8674
-1.848184, 1.580913, 8.335123, 10.12585, 144.2854
-1.869688, 1.568509, 8.336694, 8.496323, 145.2505
-1.849004, 1.554257, 8.352392, 10.5767, 146.3384
-1.877777, 1.60215, 8.35, 8.266382, 142.6147
-1.866244, 1.55248, 8.354574, 9.300771, 146.4733
-1.856039, 1.608944, 8.369187, 10.52912, 142.0685
-1.87674, 1.567282, 8.361133, 8.681059, 145.3134
-1.864983, 1.584175, 8.380567, 10.17321, 143.978
-1.859306, 1.579594, 8.35, 9.703875, 144.3701
-1.872651, 1.579594, 8.347486, 8.589892, 144.3732
-1.844529, 1.579594, 8.337333, 10.47671, 144.3856
-1.845868, 1.579594, 8.377645, 11.56868, 144.3367
-1.89483, 1.579594, 8.352015, 7.000237, 144.3677
-1.873319, 1.579299, 8.35, 8.613353, 144.3931
-1.883717, 1.58767, 8.354866, 7.950625, 143.7361
-1.860715, 1.571732, 8.369609, 10.1787, 144.9566
-1.849468, 1.574206, 8.36202, 10.82678, 144.7742
-1.8444, 1.578163, 8.355567, 11.02919, 144.4746
-1.888655, 1.572283, 8.35, 7.419891, 144.9391
-1.845564, 1.570538, 8.357099, 10.98413, 145.0656
-1.897017, 1.56484, 8.354622, 6.908827, 145.512
-1.859396, 1.594409, 8.337868, 9.333887, 143.2301
-1.890704, 1.569911, 8.321038, 6.382885, 145.1618
-1.884629, 1.602991, 8.35, 7.733216, 142.5493
-1.893102, 1.569686, 8.35629, 7.26368, 145.1329
-1.876103, 1.601414, 8.346063, 8.278298, 142.676
-1.867554, 1.605866, 8.355225, 9.218402, 142.3207
-1.889409, 1.559143, 8.377261, 8.180852, 145.923
-1.861954, 1.600477, 8.35, 9.497795, 142.745
-1.891106, 1.602324, 8.350502, 7.244239, 142.6007
-1.839136, 1.601941, 8.364266, 11.69596, 142.6169
-1.873235, 1.545749, 8.356346, 8.810134, 146.9941
-1.858402, 1.578133, 8.31128, 8.61218, 144.5317
-1.833406, 1.579594, 8.35, 11.71941, 144.3701
-1.84082, 1.579594, 8.346498, 11.03841, 144.3744
-1.843518, 1.579594, 8.33386, 10.4519, 144.3898
-1.865003, 1.579594, 8.361009, 9.589477, 144.3568
-1.848781, 1.579594, 8.354491, 10.65654, 144.3647
-1.856966, 1.577982, 8.35, 9.885921, 144.4955
-1.860011, 1.575112, 8.348392, 9.600935, 144.7209
-1.90615, 1.576676, 8.339611, 5.742702, 144.6102
-1.828235, 1.575146, 8.354115, 12.24335, 144.7111
-1.874345, 1.581836, 8.352112, 8.596845, 144.1932
-1.844163, 1.59044, 8.35, 10.88233, 143.526
-1.886645, 1.567895, 8.35144, 7.619677, 145.2786
-1.841802, 1.573343, 8.332559, 10.5469, 144.8789
-1.865767, 1.575602, 8.320675, 8.319869, 144.7177
-1.876124, 1.590111, 8.358408, 8.647342, 143.5423
-1.83392, 1.555871, 8.35, 11.67943, 146.2163
-1.853129, 1.599464, 8.355896, 10.36015, 142.8178
-1.828213, 1.55555, 8.361275, 12.45628, 146.2249
-1.887156, 1.559688, 8.360699, 7.858686, 145.9041
-1.886521, 1.569937, 8.33669, 7.184029, 145.1391
-1.861846, 1.609795, 8.35, 9.506135, 142.0198
-1.868611, 1.607828, 8.34756, 8.906565, 142.1752
-1.88733, 1.58861, 8.347491, 7.4473, 143.6713
-1.880085, 1.560019, 8.374792, 8.830104, 145.8586
-1.866128, 1.564515, 8.344434, 9.006128, 145.5512
-1.868049, 1.767094, 8.35, 9.023438, 129.7787
-1.868049, 1.767094, 8.340972, 8.752642, 129.7726
-1.868049, 1.767094, 8.348943, 8.991752, 129.778
-1.868049, 1.767094, 8.371266, 9.658771, 129.7931
-1.868049, 1.767094, 8.332991, 8.512716, 129.7672
-1.868049, 1.757097, 8.35, 9.023438, 130.5566
-1.868049, 1.776258, 8.344804, 8.86764, 129.0615
-1.868049, 1.764234, 8.368511, 9.576645, 130.0132
-1.868049, 1.76385, 8.350796, 9.04727, 130.0316
-1.868049, 1.759801, 8.338909, 8.690672, 130.3396
-1.868049, 1.787055, 8.35, 9.023438, 128.2253
-1.868049, 1.767682, 8.341594, 8.771324, 129.7271
-1.868049, 1.777232, 8.358124, 9.266539, 128.996
-1.868049, 1.75533, 8.321372, 8.162599, 130.6781
-1.868049, 1.752641, 8.360435, 9.335618, 130.9089
-1.868049, 1.766242, 8.35, 9.023438, 129.845
-1.868049, 1.786389, 8.35573, 9.194942, 128.2822
-1.868049, 1.741286, 8.354839, 9.168305, 131.7891
-1.868049, 1.787241, 8.360792, 9.34629, 128.2203
-1.868049, 1.791555, 8.341743, 8.775773, 127.8675
-1.868049, 1.794846, 8.35, 9.023438, 127.619
-1.868049, 1.733182, 8.353045, 9.11459, 132.4188
-1.868049, 1.75877, 8.361693, 9.373198, 130.4334
-1.868049, 1.776348, 8.368546, 9.577703, 129.0728
-1.868049, 1.79318, 8.375971, 9.798832, 127.773
-1.874673, 1.767094, 8.35, 8.507953, 129.7787
-1.871089, 1.767094, 8.349519, 8.772397, 129.7784
-1.875468, 1.767094, 8.357511, 8.671474, 129.7838
-1.86219, 1.767094, 8.325905, 8.756704, 129.7623
-1.872039, 1.767094, 8.350187, 8.718553, 129.7788
-1.866824, 1.77692, 8.35, 9.118824, 129.014
-1.861199, 1.764663, 8.342616, 9.335618, 129.9631
-1.877228, 1.769407, 8.338504, 7.963128, 129.5906
-1.867679, 1.761453, 8.345883, 8.928881, 130.2151
-1.863903, 1.77064, 8.359927, 9.642649, 129.5098
-1.873178, 1.781188, 8.35, 8.624282, 128.6819
-1.874557, 1.77961, 8.347099, 8.429832, 128.8023
-1.866404, 1.773011, 8.361028, 9.481144, 129.3263
-1.863829, 1.770129, 8.327031, 8.662691, 129.5262
-1.859307, 1.771732, 8.348388, 9.655595, 129.4165
-1.874954, 1.763798, 8.35, 8.486109, 130.0352
-1.867494, 1.785739, 8.350228, 9.073477, 128.3279
-1.870744, 1.74788, 8.346025, 8.694477, 131.272
-1.867858, 1.737831, 8.3498, 9.032321, 132.0559
-1.864086, 1.76506, 8.33626, 8.920054, 129.9279
-1.866347, 1.793763, 8.35, 9.155931, 127.7033
-1.872194, 1.791163, 8.355987, 8.880343, 127.9111
-1.877322, 1.752433, 8.341352, 8.041635, 130.915
-1.859471, 1.801287, 8.333281, 9.190493, 127.1007
-1.872838, 1.7632, 8.314939, 7.593942, 130.0592
-1.882887, 1.767094, 8.35, 7.868743, 129.7787
-1.878178, 1.767094, 8.344002, 8.054767, 129.7746
-1.865287, 1.767094, 8.345245, 9.09595, 129.7755
-1.855684, 1.767094, 8.367491, 10.50638, 129.7905
-1.860808, 1.767094, 8.346175, 9.472561, 129.7761
-1.884167, 1.757204, 8.35, 7.769136, 130.5483
-1.85786, 1.776608, 8.351416, 9.858584, 129.0394
-1.856713, 1.76416, 8.339628, 9.595656, 130.0003
-1.852837, 1.759178, 8.373152, 10.89523, 130.4085
-1.849753, 1.765785, 8.310045, 9.251504, 129.8539
-1.879605, 1.768328, 8.35, 8.124132, 129.6827
-1.8628, 1.754641, 8.348782, 9.395471, 130.7471
-1.878511, 1.768976, 8.330342, 7.616801, 129.6185
-1.871761, 1.749644, 8.36565, 9.203067, 131.1445
-1.85336, 1.773579, 8.318495, 9.223552, 129.2505
-1.869972, 1.75612, 8.35, 8.873835, 130.6327
-1.882433, 1.739511, 8.341015, 7.633309, 131.9216
-1.88733, 1.781197, 8.359556, 7.810793, 128.689
-1.851204, 1.747553, 8.330624, 9.755673, 131.29
-1.850486, 1.739071, 8.342269, 10.15978, 131.9564
-1.87747, 1.793381, 8.35, 8.290329, 127.733
-1.884356, 1.805626, 8.345075, 7.605987, 126.7748
-1.86121, 1.736168, 8.343575, 9.36347, 132.1831
-1.880592, 1.752864, 8.376981, 8.856182, 130.9004
-1.853901, 1.736489, 8.373169, 10.81314, 132.1689
-1.891615, 1.767094, 8.35, 7.18955, 129.7787
-1.855475, 1.767094, 8.344126, 9.826584, 129.7747
-1.890009, 1.767094, 8.352201, 7.380939, 129.7802
-1.862869, 1.767094, 8.326891, 8.733387, 129.763
-1.864656, 1.767094, 8.32546, 8.550854, 129.7621
-1.848714, 1.765669, 8.35, 10.52812, 129.8895
-1.84613, 1.761373, 8.353329, 10.82816, 130.226
-1.851029, 1.775744, 8.355199, 10.5027, 129.1095
-1.854294, 1.773996, 8.336279, 9.683976, 129.2313
-1.882097, 1.764142, 8.329266, 7.304392, 129.9949
-1.844249, 1.763124, 8.35, 10.87564, 130.0876
-1.846968, 1.771415, 8.342925, 10.45336, 129.4373
-1.872729, 1.784223, 8.336479, 8.252778, 128.4342
-1.838732, 1.75491, 8.350712, 11.326, 130.7273
-1.869857, 1.763313, 8.37529, 9.638357, 130.0891
-1.873769, 1.771794, 8.35, 8.578291, 129.4129
-1.886677, 1.754236, 8.346063, 7.455068, 130.7772
-1.841593, 1.746443, 8.363374, 11.47862, 131.392
-1.890162, 1.7449, 8.35807, 7.545934, 131.5095
-1.871789, 1.738441, 8.374712, 9.471331, 132.018
-1.890603, 1.732535, 8.35, 7.268271, 132.4681
-1.864986, 1.734996, 8.354907, 9.408603, 132.2783
-1.872505, 1.778317, 8.33682, 8.280544, 128.8949
-1.83868, 1.791703, 8.327774, 10.64777, 127.843
-1.857301, 1.731646, 8.328583, 9.218817, 132.5304
-1.894744, 1.767094, 8.35, 6.94602, 129.7787
-1.887823, 1.767094, 8.356638, 7.68465, 129.7832
-1.907116, 1.767094, 8.353463, 6.088285, 129.7811
-1.889481, 1.767094, 8.335587, 6.91987, 129.7689
-1.859568, 1.767094, 8.32532, 8.94383, 129.7619
-1.850727, 1.761233, 8.35, 10.37144, 130.2348
-1.842585, 1.75842, 8.355431, 11.16626, 130.4569
-1.869002, 1.764035, 8.354193, 9.074864, 130.0194
-1.836247, 1.773222, 8.364659, 11.93194, 129.3126
-1.87332, 1.758537, 8.340231, 8.319712, 130.4388
-1.841079, 1.771254, 8.35, 11.12233, 129.455
-1.871785, 1.784019, 8.342226, 8.499284, 128.455
-1.846481, 1.759151, 8.347314, 10.62195, 130.3952
-1.89396, 1.7481, 8.334312, 6.53203, 131.2492
-1.883898, 1.750837, 8.37121, 8.427157, 131.0546
-1.839333, 1.772957, 8.35, 11.2582, 129.3224
-1.836727, 1.787138, 8.359409, 11.73955, 128.2271
-1.87837, 1.792225, 8.363831, 8.635297, 127.8358
-1.862383, 1.783725, 8.326055, 8.746161, 128.4642
-1.875282, 1.746012, 8.387582, 9.583712, 131.4366
-1.833499, 1.787359, 8.35, 11.71216, 128.2017
-1.897727, 1.795832, 8.347238, 6.630249, 127.5396
-1.840842, 1.731788, 8.334268, 10.67282, 132.5212
-1.861583, 1.734328, 8.373423, 10.22471, 132.3367
-1.863203, 1.739804, 8.349604, 9.388704, 131.9023
-1.53628, 2.389187, 8.35, 34.84205, 81.36679
-1.53628, 2.389187, 8.35838, 35.0648, 81.425
-1.53628, 2.389187, 8.369673, 35.36417, 81.50327
-1.53628, 2.389187, 8.376708, 35.55027, 81.55193
-1.53628, 2.389187, 8.343711, 34.67457, 81.323
-1.53628, 2.387081, 8.35, 34.84205, 81.53064
-1.53628, 2.394385, 8.348894, 34.81261, 80.95451
-1.53628, 2.394947, 8.336351, 34.47823, 80.8226
-1.53628, 2.390702, 8.341213, 34.60795, 81.18752
-1.53628, 2.397258, 8.348404, 34.79955, 80.72746
-1.53628, 2.380931, 8.35, 34.84205, 82.00925
-1.53628, 2.394221, 8.346538, 34.74987, 80.95073
-1.53628, 2.39087, 8.358629, 35.07139, 81.29588
-1.53628, 2.406119, 8.357888, 35.05173, 80.10527
-1.53628, 2.397802, 8.388835, 35.87023, 80.96849
-1.53628, 2.398299, 8.35, 34.84205, 80.65765
-1.53628, 2.360571, 8.350934, 34.8669, 83.59988
-1.53628, 2.418737, 8.360599, 35.12366, 79.14397
-1.53628, 2.388424, 8.350349, 34.85134, 81.42857
-1.53628, 2.394923, 8.327793, 34.24944, 80.76414
-1.53628, 2.366613, 8.35, 34.84205, 83.12354
-1.53628, 2.400313, 8.35839, 35.06506, 80.56013
-1.53628, 2.376555, 8.350479, 34.85478, 82.3531
-1.53628, 2.423773, 8.325871, 34.19798, 78.4984
-1.53628, 2.371288, 8.387548, 35.83634, 83.01289
-1.542135, 2.389187, 8.35, 34.38641, 81.36679
-1.529266, 2.389187, 8.344404, 35.23923, 81.32782
-1.527081, 2.389187, 8.355735, 35.70987, 81.40663
-1.540646, 2.389187, 8.353386, 34.59243, 81.39032
-1.538607, 2.389187, 8.321898, 33.9098, 81.17058
-1.542843, 2.385712, 8.35, 34.33129, 81.63721
-1.530637, 2.396201, 8.341258, 35.04877, 80.75941
-1.532878, 2.391181, 8.346681, 35.01851, 81.18845
-1.539493, 2.399113, 8.364204, 34.96977, 80.69437
-1.52909, 2.399082, 8.312313, 34.39655, 80.32948
-1.527938, 2.391299, 8.35, 35.49128, 81.20241
-1.533431, 2.394239, 8.342044, 34.85208, 80.91782
-1.534025, 2.36983, 8.347869, 34.96083, 82.85875
-1.527532, 2.376016, 8.336285, 35.15845, 82.29797
-1.532782, 2.390722, 8.351322, 35.14943, 81.25653
-1.538228, 2.39144, 8.35, 34.69049, 81.19148
-1.543037, 2.363196, 8.355, 34.44949, 83.42285
-1.5388, 2.377508, 8.357418, 34.84334, 82.32632
-1.53726, 2.387958, 8.34341, 34.59019, 81.4166
-1.543058, 2.394323, 8.335722, 33.93293, 80.86685
-1.539519, 2.396585, 8.35, 34.58998, 80.79106
-1.528379, 2.392767, 8.342289, 35.25209, 81.03418
-1.527572, 2.385588, 8.338887, 35.22453, 81.56987
-1.530779, 2.354657, 8.353237, 35.35605, 84.0753
-1.536052, 2.387431, 8.328886, 34.29647, 81.35651
-1.545765, 2.389187, 8.35, 34.10395, 81.36679
-1.55566, 2.389187, 8.35835, 33.55743, 81.4248
-1.527235, 2.389187, 8.344032, 35.38758, 81.32523
-1.521117, 2.389187, 8.355493, 36.16724, 81.40495
-1.528267, 2.389187, 8.372468, 36.05992, 81.52261
-1.524492, 2.396975, 8.35, 35.75941, 80.76074
-1.526947, 2.38934, 8.359266, 35.81374, 81.41928
-1.538582, 2.380091, 8.355903, 34.81995, 82.11516
-1.540707, 2.396532, 8.335892, 34.12082, 80.69577
-1.552807, 2.382652, 8.382587, 34.42476, 82.09897
-1.554392, 2.385803, 8.35, 33.43258, 81.63011
-1.543868, 2.387291, 8.355633, 34.40176, 81.55338
-1.540757, 2.391006, 8.342201, 34.28554, 81.17078
-1.528784, 2.398024, 8.379524, 36.20579, 80.88628
-1.530805, 2.40914, 8.312136, 34.25773, 79.54167
-1.534589, 2.413025, 8.35, 34.97367, 79.51169
-1.521622, 2.408558, 8.348515, 35.94341, 79.84871
-1.520994, 2.391645, 8.362633, 36.36525, 81.26355
-1.524346, 2.390362, 8.338144, 35.45626, 81.1926
-1.534359, 2.410906, 8.363323, 35.34516, 79.77203
-1.530106, 2.403866, 8.35, 35.32253, 80.22449
-1.521931, 2.398333, 8.351251, 35.9918, 80.66382
-1.541713, 2.408835, 8.34466, 34.27676, 79.79953
-1.531603, 2.412735, 8.37102, 35.76283, 79.68503
-1.552006, 2.4042, 8.352193, 33.67694, 80.214
-1.518271, 2.389187, 8.35, 36.24357, 81.36679
-1.56282, 2.389187, 8.346704, 32.68802, 81.34384
-1.506973, 2.389187, 8.348849, 37.09245, 81.35876
-1.522133, 2.389187, 8.363718, 36.30544, 81.46202
-1.529953, 2.389187, 8.371882, 35.91366, 81.51855
-1.543552, 2.388248, 8.35, 34.27616, 81.43987
-1.5551, 2.391374, 8.357483, 33.57777, 81.24876
-1.550119, 2.397232, 8.339362, 33.48015, 80.66574
-1.5257, 2.394042, 8.345187, 35.53777, 80.95525
-1.523851, 2.384991, 8.386353, 36.76752, 81.94347
-1.540757, 2.404478, 8.35, 34.49362, 80.17683
-1.550451, 2.404686, 8.348592, 33.70155, 80.15059
-1.537082, 2.370116, 8.369759, 35.30424, 82.98419
-1.554795, 2.398297, 8.365591, 33.81815, 80.7675
-1.552541, 2.397694, 8.379176, 34.3548, 80.90941
-1.526915, 2.396674, 8.35, 35.57083, 80.78416
-1.540184, 2.414522, 8.346146, 34.43549, 79.36732
-1.558202, 2.380911, 8.339712, 32.85962, 81.94003
-1.516954, 2.379878, 8.361784, 36.65678, 82.17198
-1.527115, 2.373809, 8.388081, 36.56008, 82.82121
-1.521774, 2.412777, 8.35, 35.9709, 79.53099
-1.545975, 2.399861, 8.348349, 34.04346, 80.52446
-1.521071, 2.355132, 8.366863, 36.47073, 84.12828
-1.529284, 2.371709, 8.34761, 35.32306, 82.71075
-1.544499, 2.410978, 8.345477, 34.08159, 79.6385
-1.496594, 2.389187, 8.35, 37.93045, 81.36679
-1.562468, 2.389187, 8.359566, 33.06078, 81.43323
-1.56023, 2.389187, 8.355539, 33.12681, 81.40527
-1.523661, 2.389187, 8.379464, 36.60141, 81.57095
-1.521475, 2.389187, 8.340643, 35.74631, 81.30161
-1.567549, 2.388737, 8.35, 32.40871, 81.40181
-1.525183, 2.397729, 8.348479, 35.66534, 80.6913
-1.506906, 2.383566, 8.353633, 37.22354, 81.82924
-1.551207, 2.392956, 8.34212, 33.46932, 81.0183
-1.574111, 2.387908, 8.313775, 30.91564, 81.21358
-1.517449, 2.375582, 8.35, 36.30751, 82.42555
-1.50827, 2.392232, 8.35027, 37.02893, 81.13173
-1.547332, 2.389061, 8.342877, 33.79146, 81.327
-1.49834, 2.39218, 8.360133, 38.05999, 81.20457
-1.552163, 2.401749, 8.325548, 32.94937, 80.21544
-1.575425, 2.3983, 8.35, 31.79578, 80.65756
-1.561573, 2.364105, 8.356477, 33.0476, 83.36206
-1.525025, 2.385499, 8.360089, 35.98487, 81.72348
-1.57395, 2.415488, 8.322192, 31.15728, 79.1185
-1.56145, 2.412169, 8.326077, 32.23862, 79.40579
-1.56105, 2.361584, 8.35, 32.91447, 83.51489
-1.566342, 2.397913, 8.351522, 32.54356, 80.69841
-1.504899, 2.366486, 8.334005, 36.86274, 83.02554
-1.520299, 2.425808, 8.37184, 36.66169, 78.67644
-1.521468, 2.415978, 8.330322, 35.47274, 79.13928
-1.912672, 2.389187, 8.35, 5.550842, 81.36679
-1.912672, 2.389187, 8.355356, 5.713577, 81.40401
-1.912672, 2.389187, 8.343297, 5.346794, 81.3201
-1.912672, 2.389187, 8.32984, 4.936166, 81.22617
-1.912672, 2.389187, 8.355631, 5.721931, 81.40593
-1.912672, 2.383873, 8.35, 5.550842, 81.7803
-1.912672, 2.381999, 8.346231, 5.436172, 81.90022
-1.912672, 2.390385, 8.368134, 6.100931, 81.39963
-1.912672, 2.393049, 8.322594, 4.714465, 80.87383
-1.912672, 2.388086, 8.350577, 5.568366, 81.45648
-1.912672, 2.394209, 8.35, 5.550842, 80.97597
-1.912672, 2.402697, 8.341877, 5.303535, 80.25771
-1.912672, 2.375615, 8.33344, 5.046172, 82.30978
-1.912672, 2.378536, 8.355167, 5.707841, 82.23099
-1.912672, 2.372447, 8.360963, 5.883708, 82.74384
-1.912672, 2.377017, 8.35, 5.550842, 82.31383
-1.912672, 2.398684, 8.358656, 5.813727, 80.68867
-1.912672, 2.376795, 8.343664, 5.358009, 82.2878
-1.912672, 2.412556, 8.335472, 5.108213, 79.4435
-1.912672, 2.386278, 8.341821, 5.301847, 81.53645
-1.912672, 2.398334, 8.35, 5.550842, 80.65495
-1.912672, 2.414605, 8.344447, 5.381842, 79.34866
-1.912672, 2.364335, 8.356943, 5.761771, 83.34727
-1.912672, 2.400001, 8.341524, 5.292792, 80.46527
-1.912672, 2.388359, 8.384353, 6.590781, 81.66882
-1.919448, 2.389187, 8.35, 5.023527, 81.36679
-1.920344, 2.389187, 8.348615, 4.911532, 81.35713
-1.906996, 2.389187, 8.337108, 5.600624, 81.27693
-1.913115, 2.389187, 8.356389, 5.710516, 81.41118
-1.906653, 2.389187, 8.351973, 6.079087, 81.38049
-1.918518, 2.392338, 8.35, 5.095882, 81.12157
-1.907184, 2.39243, 8.349732, 5.96981, 81.11255
-1.907057, 2.39168, 8.362036, 6.352544, 81.25671
-1.912668, 2.384084, 8.361927, 5.913262, 81.8461
-1.920204, 2.388449, 8.322748, 4.130974, 81.23418
-1.905303, 2.373373, 8.35, 6.124291, 82.59741
-1.910193, 2.386382, 8.357203, 5.962372, 81.63495
-1.920613, 2.384493, 8.34256, 4.705782, 81.68059
-1.914838, 2.392298, 8.351555, 5.429549, 81.13556
-1.912041, 2.379227, 8.351363, 5.641379, 82.1512
-1.913621, 2.364956, 8.35, 5.477014, 83.25243
-1.922454, 2.411335, 8.345355, 4.647818, 79.60985
-1.915197, 2.392326, 8.357688, 5.588036, 81.17615
-1.922451, 2.371731, 8.350941, 4.818521, 82.73158
-1.916742, 2.373143, 8.331848, 4.680076, 82.49173
-1.919497, 2.366001, 8.35, 5.019751, 83.17116
-1.906047, 2.42403, 8.34121, 5.799422, 78.59099
-1.917588, 2.410511, 8.334091, 4.682708, 79.59296
-1.912107, 2.374444, 8.347978, 5.533333, 82.50027
-1.919348, 2.420886, 8.325541, 4.283538, 78.72142
-1.909337, 2.389187, 8.35, 5.810394, 81.36679
-1.89764, 2.389187, 8.35548, 6.886325, 81.40488
-1.895706, 2.389187, 8.336037, 6.448202, 81.26947
-1.895689, 2.389187, 8.331842, 6.322174, 81.24016
-1.900511, 2.389187, 8.339181, 6.169081, 81.2914
-1.911238, 2.381355, 8.35, 5.662479, 81.97624
-1.909869, 2.383438, 8.342326, 5.535564, 81.76117
-1.909701, 2.396026, 8.354537, 5.919771, 80.86638
-1.8927, 2.393006, 8.353271, 7.203813, 81.09244
-1.912457, 2.388315, 8.383012, 6.567063, 81.66299
-1.912136, 2.401517, 8.35, 5.592585, 80.40727
-1.923601, 2.40305, 8.358661, 4.964361, 80.34933
-1.908898, 2.369952, 8.36099, 6.177821, 82.93784
-1.922675, 2.380455, 8.378464, 5.637589, 82.24109
-1.900493, 2.385167, 8.357747, 6.733003, 81.73317
-1.90643, 2.375007, 8.35, 6.036615, 82.47026
-1.912954, 2.416506, 8.347601, 5.455899, 79.2234
-1.91333, 2.41917, 8.369765, 6.099229, 79.17659
-1.899475, 2.419054, 8.334081, 6.094909, 78.92674
-1.896964, 2.36067, 8.331192, 6.202898, 83.46022
-1.916667, 2.375319, 8.35, 5.239978, 82.44597
-1.900067, 2.393789, 8.347381, 6.452394, 80.99033
-1.904907, 2.390959, 8.36848, 6.714292, 81.35745
-1.897981, 2.377691, 8.322763, 5.867, 82.07443
-1.893567, 2.409136, 8.347586, 6.96466, 79.79707
-1.942132, 2.389187, 8.35, 3.258262, 81.36679
-1.938735, 2.389187, 8.355727, 3.698115, 81.40659
-1.933753, 2.389187, 8.357892, 4.151745, 81.42162
-1.911581, 2.389187, 8.346137, 5.51827, 81.33989
-1.930182, 2.389187, 8.38101, 5.13289, 81.58163
-1.915703, 2.398458, 8.35, 5.31498, 80.64526
-1.888304, 2.385745, 8.345891, 7.323174, 81.60622
-1.940758, 2.395618, 8.366764, 3.878574, 80.98372
-1.892804, 2.384653, 8.379199, 7.975674, 81.92064
-1.914277, 2.38059, 8.329385, 4.797091, 81.89378
-1.908027, 2.377733, 8.35, 5.912318, 82.25813
-1.931774, 2.37677, 8.345101, 3.914294, 82.29958
-1.899514, 2.400409, 8.367037, 7.089458, 80.61362
-1.89006, 2.385438, 8.348512, 7.265582, 81.64825
-1.888711, 2.406259, 8.38281, 8.401093, 80.27115
-1.936138, 2.361944, 8.35, 3.724709, 83.48686
-1.901948, 2.401334, 8.34444, 6.21676, 80.38208
-1.93143, 2.382153, 8.344574, 3.924937, 81.87677
-1.931437, 2.395803, 8.359908, 4.393315, 80.92142
-1.909696, 2.370299, 8.373857, 6.504965, 82.99757
-1.885865, 2.361551, 8.35, 7.637, 83.51743
-1.908006, 2.375095, 8.353324, 6.014829, 82.48607
-1.938513, 2.397919, 8.354355, 3.673353, 80.71791
-1.908612, 2.354364, 8.344635, 5.703721, 84.04124
-1.941595, 2.401094, 8.389497, 4.506397, 80.71825
-1.939995, 2.389187, 8.35, 3.424573, 81.36679
-1.91735, 2.389187, 8.353148, 5.282578, 81.38866
-1.927006, 2.389187, 8.336456, 4.020796, 81.2724
-1.880017, 2.389187, 8.365139, 8.546576, 81.47188
-1.894505, 2.389187, 8.313576, 5.858445, 81.11218
-1.913192, 2.396049, 8.35, 5.510387, 80.83281
-1.931563, 2.392976, 8.350907, 4.108472, 81.07825
-1.882511, 2.388316, 8.362771, 8.281832, 81.5231
-1.951175, 2.396051, 8.346931, 2.459922, 80.81102
-1.931496, 2.383732, 8.363595, 4.501219, 81.88493
-1.920813, 2.369651, 8.35, 4.91734, 82.88707
-1.887124, 2.374613, 8.358317, 7.789521, 82.5575
-1.919509, 2.370744, 8.363307, 5.423598, 82.89194
-1.891169, 2.391295, 8.335115, 6.774001, 81.09865
-1.917174, 2.392439, 8.329602, 4.577665, 80.97073
-1.929508, 2.365597, 8.35, 4.240651, 83.20258
-1.921578, 2.380106, 8.351874, 4.914894, 82.08635
-1.912511, 2.397334, 8.333495, 5.060463, 80.61632
-1.879661, 2.415863, 8.359509, 8.405457, 79.35948
-1.874768, 2.410451, 8.313996, 7.414484, 79.45259
-1.89734, 2.405549, 8.35, 6.744003, 80.09349
-1.877907, 2.409494, 8.344695, 8.096695, 79.74844
-1.90954, 2.411369, 8.365412, 6.261792, 79.75099
-1.925335, 2.392971, 8.370352, 5.185246, 81.21428
-1.914462, 2.369814, 8.314865, 4.337654, 82.63576
-1.912672, 2.599187, 8.35, 5.550842, 65.02434
-1.912672, 2.599187, 8.353661, 5.662079, 65.05756
-1.912672, 2.599187, 8.36515, 6.010623, 65.16159
-1.912672, 2.599187, 8.379064, 6.431279, 65.28712
-1.912672, 2.599187, 8.367478, 6.081119, 65.18262
-1.912672, 2.60587, 8.35, 5.550842, 64.50432
-1.912672, 2.594517, 8.358895, 5.820994, 65.46803
-1.912672, 2.602364, 8.360165, 5.859518, 64.86958
-1.912672, 2.604771, 8.326386, 4.830551, 64.3735
-1.912672, 2.607612, 8.339781, 5.239649, 64.27498
-1.912672, 2.597392, 8.35, 5.550842, 65.16403
-1.912672, 2.596591, 8.358479, 5.808363, 65.30301
-1.912672, 2.615658, 8.358521, 5.809665, 63.82127
-1.912672, 2.613773, 8.349874, 5.54698, 63.88808
-1.912672, 2.589664, 8.350824, 5.575891, 65.77284
-1.912672, 2.617205, 8.35, 5.550842, 63.62216
-1.912672, 2.609852, 8.343987, 5.367808, 64.13911
-1.912672, 2.60407, 8.358597, 5.811954, 64.72272
-1.912672, 2.622615, 8.339653, 5.235772, 63.10471
-1.912672, 2.623485, 8.355065, 5.704751, 63.18068
-1.912672, 2.576059, 8.35, 5.550842, 66.82425
-1.912672, 2.586057, 8.346481, 5.443769, 66.01469
-1.912672, 2.608157, 8.340673, 5.266857, 64.24071
-1.912672, 2.591264, 8.376777, 6.362243, 65.88095
-1.912672, 2.572344, 8.330325, 4.951015, 66.93967
-1.91451, 2.599187, 8.35, 5.407791, 65.02434
-1.916319, 2.599187, 8.351597, 5.315666, 65.03883
-1.913125, 2.599187, 8.333377, 5.008922, 64.87315
-1.92059, 2.599187, 8.33793, 4.566078, 64.91461
-1.911698, 2.599187, 8.370037, 6.234183, 65.20573
-1.904109, 2.58961, 8.35, 6.217246, 65.76965
-1.916687, 2.595802, 8.359939, 5.540614, 65.3775
-1.921235, 2.608625, 8.343755, 4.693823, 64.23259
-1.918276, 2.598862, 8.351636, 5.164561, 65.06451
-1.921121, 2.60456, 8.362104, 5.261893, 64.71654
-1.906158, 2.59357, 8.35, 6.057787, 65.46146
-1.9143, 2.604003, 8.352468, 5.499201, 64.6721
-1.919085, 2.589176, 8.351154, 5.086942, 65.81378
-1.917729, 2.618953, 8.364857, 5.608921, 63.62369
-1.916009, 2.596557, 8.311763, 4.121289, 64.8813
-1.919459, 2.606276, 8.35, 5.022697, 64.47273
-1.912794, 2.580394, 8.343746, 5.350957, 66.43123
-1.920514, 2.610902, 8.3416, 4.684181, 64.03539
-1.906336, 2.612006, 8.357566, 6.273265, 64.09631
-1.903785, 2.624663, 8.341064, 5.971212, 62.9583
-1.91056, 2.597858, 8.35, 5.715179, 65.12776
-1.911808, 2.619696, 8.356112, 5.803757, 63.48502
-1.904943, 2.577068, 8.366936, 6.664882, 66.89531
-1.920942, 2.585345, 8.377613, 5.746193, 66.34744
-1.910217, 2.560886, 8.335468, 5.29953, 67.87846
-1.910029, 2.599187, 8.35, 5.756507, 65.02434
-1.898279, 2.599187, 8.356572, 6.869659, 65.08395
-1.925019, 2.599187, 8.364831, 5.041924, 65.15869
-1.903509, 2.599187, 8.353948, 6.383514, 65.06017
-1.909002, 2.599187, 8.352229, 5.904121, 65.04457
-1.899715, 2.596962, 8.35, 6.559181, 65.19751
-1.931841, 2.597923, 8.354712, 4.203157, 65.16545
-1.92369, 2.594473, 8.336185, 4.271007, 65.26631
-1.911417, 2.599393, 8.322165, 4.799366, 64.75476
-1.92658, 2.595184, 8.380688, 5.402241, 65.61211
-1.910639, 2.584091, 8.35, 5.709085, 66.19911
-1.914079, 2.61451, 8.342694, 5.218878, 63.7644
-1.909616, 2.609962, 8.363738, 6.205215, 64.3118
-1.908438, 2.585911, 8.346443, 5.772271, 66.0257
-1.929989, 2.591518, 8.387581, 5.347009, 65.95769
-1.926252, 2.61206, 8.35, 4.494052, 64.02258
-1.923353, 2.594145, 8.348017, 4.65909, 65.39883
-1.908605, 2.590795, 8.342175, 5.629492, 65.60704
-1.897535, 2.586701, 8.320875, 5.844254, 65.73434
-1.907225, 2.5992, 8.389903, 7.179723, 65.38367
-1.929837, 2.633025, 8.35, 4.215031, 62.39108
-1.916749, 2.59488, 8.355446, 5.399222, 65.40871
-1.902339, 2.61182, 8.362349, 6.728582, 64.15469
-1.899323, 2.560302, 8.35901, 6.862121, 68.1286
-1.907182, 2.587428, 8.328572, 5.325837, 65.74699
-1.900377, 2.599187, 8.35, 6.507654, 65.02434
-1.920148, 2.599187, 8.351708, 5.021081, 65.03986
-1.931054, 2.599187, 8.367436, 4.65261, 65.18225
-1.904941, 2.599187, 8.374779, 6.901617, 65.24852
-1.902647, 2.599187, 8.332866, 5.810552, 64.8685
-1.926066, 2.608279, 8.35, 4.508529, 64.31679
-1.936154, 2.590022, 8.355687, 3.897572, 65.78868
-1.931559, 2.595802, 8.339008, 3.744206, 65.18829
-1.906669, 2.59742, 8.329016, 5.37941, 64.97127
-1.936043, 2.597727, 8.315237, 2.661967, 64.82156
-1.900408, 2.587448, 8.35, 6.505251, 65.93788
-1.892558, 2.592937, 8.357553, 7.344017, 65.57875
-1.917283, 2.606555, 8.335908, 4.762058, 64.32178
-1.925588, 2.588808, 8.360081, 4.853196, 65.92238
-1.912392, 2.583366, 8.342266, 5.337238, 66.18651
-1.898633, 2.624797, 8.35, 6.643338, 63.03142
-1.923656, 2.569818, 8.358018, 4.9405, 67.38025
-1.920362, 2.624291, 8.363857, 5.374103, 63.19977
-1.914447, 2.601764, 8.377842, 6.256785, 65.07635
-1.940584, 2.627668, 8.377159, 4.209309, 63.06136
-1.900976, 2.608392, 8.35, 6.461048, 64.30806
-1.883902, 2.609978, 8.345184, 7.644639, 64.14029
-1.913701, 2.580607, 8.34998, 5.470161, 66.47006
-1.885181, 2.600959, 8.336281, 7.276096, 64.76147
-1.936438, 2.577237, 8.311575, 2.517743, 66.39063
-1.88863, 2.599187, 8.35, 7.421808, 65.02434
-1.921875, 2.599187, 8.351723, 4.887156, 65.03998
-1.918088, 2.599187, 8.364236, 5.562215, 65.15332
-1.926553, 2.599187, 8.377174, 5.297785, 65.27011
-1.929667, 2.599187, 8.388005, 5.384803, 65.36758
-1.944961, 2.595833, 8.35, 3.038106, 65.2854
-1.937475, 2.596212, 8.340634, 3.333163, 65.17102
-1.909468, 2.604099, 8.364724, 6.246586, 64.77618
-1.916448, 2.605723, 8.373087, 5.95778, 64.72618
-1.934576, 2.608423, 8.375747, 4.632211, 64.54094
-1.874272, 2.5903, 8.35, 8.539209, 65.716
-1.942069, 2.615019, 8.34609, 3.143063, 63.7562
-1.902143, 2.58724, 8.353245, 6.468472, 65.98314
-1.892364, 2.618859, 8.365264, 7.591338, 63.63474
-1.88272, 2.598689, 8.374899, 8.628888, 65.28824
-1.886579, 2.586449, 8.35, 7.581453, 66.01566
-1.952008, 2.624084, 8.340296, 2.190328, 62.99617
-1.894962, 2.593693, 8.369931, 7.529984, 65.63124
-1.891854, 2.619538, 8.359154, 7.447042, 63.52551
-1.925144, 2.600002, 8.346955, 4.487271, 64.93327
-1.885746, 2.624764, 8.35, 7.646255, 63.03397
-1.886199, 2.627481, 8.350351, 7.621593, 62.82576
-1.952516, 2.569715, 8.330615, 1.851354, 67.14734
-1.917743, 2.57723, 8.346297, 5.043325, 66.70029
-1.924247, 2.577072, 8.378458, 5.515566, 66.9964
-1.912672, 2.809187, 8.35, 5.550842, 48.68193
-1.912672, 2.809187, 8.3419, 5.304236, 48.59116
-1.912672, 2.809187, 8.341087, 5.279489, 48.58203
-1.912672, 2.809187, 8.373681, 6.268716, 48.94624
-1.912672, 2.809187, 8.365795, 6.030149, 48.85841
-1.912672, 2.812195, 8.35, 5.550842, 48.44789
-1.912672, 2.808637, 8.353184, 5.647588, 48.76039
-1.912672, 2.799238, 8.353255, 5.649776, 49.49232
-1.912672, 2.802704, 8.376943, 6.367249, 49.48529
-1.912672, 2.814961, 8.338773, 5.208921, 48.10605
-1.912672, 2.790136, 8.35, 5.550842, 50.16451
-1.912672, 2.814651, 8.350833, 5.576148, 48.26608
-1.912672, 2.810636, 8.352502, 5.626874, 48.59724
-1.912672, 2.820865, 8.339181, 5.221367, 47.65062
-1.912672, 2.798247, 8.31512, 4.485354, 49.14493
-1.912672, 2.781313, 8.35, 5.550842, 50.8511
-1.912672, 2.832131, 8.340086, 5.248976, 46.783
-1.912672, 2.824888, 8.367114, 6.070075, 47.65393
-1.912672, 2.793808, 8.340222, 5.253124, 49.77065
-1.912672, 2.806749, 8.381556, 6.506453, 49.22278
-1.912672, 2.830406, 8.35, 5.550842, 47.03064
-1.912672, 2.809401, 8.349541, 5.536852, 48.66017
-1.912672, 2.843975, 8.353415, 5.65464, 46.01411
-1.912672, 2.77963, 8.360368, 5.865655, 51.09492
-1.912672, 2.80356, 8.380943, 6.487999, 49.46317
-1.903725, 2.809187, 8.35, 6.247129, 48.68193
-1.913242, 2.809187, 8.341083, 5.234942, 48.58197
-1.911188, 2.809187, 8.332294, 5.126967, 48.48325
-1.910143, 2.809187, 8.372947, 6.442795, 48.93808
-1.919904, 2.809187, 8.38042, 5.911617, 49.02115
-1.905201, 2.816372, 8.35, 6.132288, 48.1228
-1.913054, 2.804633, 8.353044, 5.61367, 49.07024
-1.911733, 2.812394, 8.366035, 6.110344, 48.61208
-1.905542, 2.816727, 8.32637, 5.386634, 47.82802
-1.905887, 2.801621, 8.36919, 6.659632, 49.48355
-1.917238, 2.808275, 8.35, 5.195532, 48.75298
-1.91063, 2.821994, 8.347122, 5.622268, 47.65268
-1.905516, 2.811709, 8.335587, 5.669632, 48.32367
-1.921732, 2.820181, 8.331292, 4.273839, 47.61433
-1.919344, 2.791283, 8.377162, 5.8565, 50.3734
-1.910117, 2.809994, 8.35, 5.749683, 48.61914
-1.914791, 2.798245, 8.352819, 5.471678, 49.56471
-1.915094, 2.834437, 8.341349, 5.098815, 46.61783
-1.913217, 2.820095, 8.355001, 5.660405, 47.8896
-1.907869, 2.793819, 8.314116, 4.830008, 49.47984
-1.919177, 2.801155, 8.35, 5.04467, 49.30699
-1.918444, 2.790793, 8.350623, 5.120687, 50.12022
-1.905927, 2.845676, 8.352021, 6.137037, 45.86569
-1.918846, 2.835267, 8.363451, 5.479517, 46.80626
-1.919351, 2.827092, 8.321038, 4.145093, 46.95782
-1.903588, 2.809187, 8.35, 6.257772, 48.68193
-1.92637, 2.809187, 8.3509, 4.512334, 48.692
-1.914975, 2.809187, 8.350549, 5.388322, 48.68808
-1.909427, 2.809187, 8.334729, 5.338612, 48.51062
-1.925281, 2.809187, 8.360919, 4.902549, 48.80402
-1.932037, 2.807428, 8.35, 4.043813, 48.81885
-1.92648, 2.813775, 8.347047, 4.386063, 48.29172
-1.927744, 2.811574, 8.364675, 4.825516, 48.66049
-1.928836, 2.812926, 8.326795, 3.581371, 48.12955
-1.911278, 2.815123, 8.378187, 6.512933, 48.53613
-1.912333, 2.80479, 8.35, 5.577207, 49.02417
-1.90112, 2.819172, 8.352551, 6.527123, 47.93369
-1.901235, 2.804992, 8.365186, 6.899986, 49.17744
-1.927475, 2.822231, 8.338964, 4.061093, 47.54166
-1.922847, 2.816571, 8.325915, 4.021854, 47.83501
-1.913435, 2.815403, 8.35, 5.491447, 48.1982
-1.931031, 2.782707, 8.359138, 4.40134, 50.84242
-1.914454, 2.82516, 8.367284, 5.936894, 47.63478
-1.92019, 2.834254, 8.333509, 4.46198, 46.54199
-1.922438, 2.836715, 8.342496, 4.561687, 46.45346
-1.928719, 2.812659, 8.35, 4.302034, 48.41173
-1.929495, 2.783427, 8.345572, 4.10614, 50.63814
-1.917396, 2.80235, 8.368408, 5.742545, 49.41837
-1.905353, 2.803726, 8.353935, 6.239719, 49.15074
-1.90319, 2.828051, 8.347974, 6.22726, 47.19086
-1.901977, 2.809187, 8.35, 6.383142, 48.68193
-1.934942, 2.809187, 8.356435, 4.014716, 48.75392
-1.92636, 2.809187, 8.353431, 4.590354, 48.72034
-1.917875, 2.809187, 8.338572, 4.797292, 48.5538
-1.906887, 2.809187, 8.369915, 6.603899, 48.90431
-1.918725, 2.81236, 8.35, 5.079789, 48.43503
-1.914587, 2.813894, 8.347589, 5.328398, 48.28851
-1.886293, 2.814354, 8.332452, 7.073536, 48.08197
-1.918172, 2.804042, 8.342577, 4.896441, 48.99954
-1.90112, 2.800363, 8.388601, 7.613282, 49.7952
-1.905109, 2.822026, 8.35, 6.139383, 47.68283
-1.932528, 2.807797, 8.344375, 3.833327, 48.72716
-1.890494, 2.826743, 8.336528, 6.869388, 47.1622
-1.92466, 2.799134, 8.361949, 4.982157, 49.5966
-1.912017, 2.815275, 8.339477, 5.281405, 48.08952
-1.925786, 2.795313, 8.35, 4.530358, 49.76166
-1.893387, 2.790606, 8.347696, 6.981997, 50.1026
-1.932048, 2.793547, 8.352649, 4.124036, 49.92828
-1.925652, 2.828069, 8.371649, 5.199981, 47.45833
-1.885772, 2.78593, 8.373549, 8.351712, 50.74918
-1.938858, 2.805691, 8.35, 3.513064, 48.95398
-1.917366, 2.836799, 8.344639, 5.022154, 46.47162
-1.888546, 2.814306, 8.341881, 7.18317, 48.19218
-1.920395, 2.798499, 8.365568, 5.423498, 49.68599
-1.88582, 2.826435, 8.366638, 8.140798, 47.52843
-1.878644, 2.809187, 8.35, 8.198991, 48.68193
-1.900605, 2.809187, 8.344912, 6.335692, 48.62492
-1.893175, 2.809187, 8.335398, 6.626158, 48.51814
-1.893967, 2.809187, 8.379148, 7.883964, 49.00702
-1.945864, 2.809187, 8.384762, 4.031682, 49.06937
-1.921062, 2.809099, 8.35, 4.897957, 48.6888
-1.948858, 2.80123, 8.345211, 2.587366, 49.24789
-1.895992, 2.80284, 8.361779, 7.204542, 49.30681
-1.891322, 2.812107, 8.363413, 7.616615, 48.60503
-1.894449, 2.810539, 8.343454, 6.770911, 48.50327
-1.922276, 2.824601, 8.35, 4.803472, 47.48241
-1.913297, 2.828415, 8.346133, 5.384502, 47.14153
-1.891178, 2.816517, 8.337641, 6.84979, 47.97203
-1.898164, 2.824731, 8.348721, 6.641121, 47.45775
-1.875095, 2.811584, 8.363917, 8.892288, 48.65126
-1.934669, 2.783154, 8.35, 3.839049, 50.70792
-1.888168, 2.790764, 8.340491, 7.170639, 50.01085
-1.911202, 2.818917, 8.362983, 6.05916, 48.07115
-1.912801, 2.803952, 8.332867, 5.018592, 48.89803
-1.952396, 2.805203, 8.342725, 2.235088, 48.91075
-1.932339, 2.811607, 8.35, 4.020352, 48.49361
-1.940559, 2.809675, 8.349502, 3.36535, 48.63838
-1.943604, 2.828923, 8.351461, 3.188581, 47.16272
-1.903238, 2.826641, 8.360232, 6.594744, 47.43988
-1.94539, 2.834435, 8.32528, 2.242413, 46.4332
-1.912672, 3.019187, 8.35, 5.550842, 32.33952
-1.912672, 3.019187, 8.34134, 5.287199, 32.22409
-1.912672, 3.019187, 8.356291, 5.741973, 32.4232
-1.912672, 3.019187, 8.33128, 4.980183, 32.08966
-1.912672, 3.019187, 8.344352, 5.378938, 32.26425
-1.912672, 3.018289, 8.35, 5.550842, 32.40939
-1.912672, 3.020451, 8.3481, 5.493007, 32.21587
-1.912672, 3.019674, 8.334748, 5.086126, 32.09807
-1.912672, 3.013475, 8.361638, 5.904179, 32.93813
-1.912672, 3.026526, 8.382979, 6.549411, 32.2081
-1.912672, 3.032922, 8.35, 5.550842, 31.27071
-1.912672, 3.029917, 8.34409, 5.370955, 31.42508
-1.912672, 3.003253, 8.363481, 5.96004, 33.75655
-1.912672, 3.031774, 8.377216, 6.375518, 31.72456
-1.912672, 3.006375, 8.352799, 5.635929, 33.37344
-1.912672, 3.02435, 8.35, 5.550842, 31.93776
-1.912672, 3.041618, 8.350638, 5.570226, 30.60262
-1.912672, 3.000744, 8.333102, 5.035858, 33.55246
-1.912672, 3.044973, 8.340776, 5.270004, 30.2075
-1.912672, 3.033832, 8.329592, 4.92857, 30.92433
-1.912672, 3.006244, 8.35, 5.550842, 33.3468
-1.912672, 3.009544, 8.348913, 5.517755, 33.07558
-1.912672, 2.981527, 8.348088, 5.492678, 35.24557
-1.912672, 3.028405, 8.350409, 5.563259, 31.62769
-1.912672, 3.054254, 8.323444, 4.740515, 29.24634
-1.90435, 3.019187, 8.35, 6.198478, 32.33952
-1.922216, 3.019187, 8.359331, 5.092406, 32.46362
-1.911782, 3.019187, 8.350061, 5.621982, 32.34035
-1.904311, 3.019187, 8.378145, 7.051864, 32.71292
-1.909932, 3.019187, 8.366843, 6.274624, 32.56329
-1.919012, 3.027816, 8.35, 5.057487, 31.66805
-1.918029, 3.010176, 8.345589, 4.99948, 32.98244
-1.912652, 3.02361, 8.351485, 5.59752, 32.01515
-1.902949, 3.028493, 8.35673, 6.511331, 31.70547
-1.910119, 3.019653, 8.327389, 5.060506, 32.00121
-1.906426, 3.023815, 8.35, 6.036916, 31.97937
-1.912082, 3.005112, 8.35365, 5.707698, 33.48296
-1.907688, 3.012333, 8.363626, 6.351657, 33.05313
-1.912201, 3.035217, 8.342109, 5.347338, 30.9856
-1.920735, 3.003528, 8.320441, 4.018679, 33.16771
-1.910597, 3.025526, 8.35, 5.712347, 31.84622
-1.920519, 3.019247, 8.350935, 4.968653, 32.34729
-1.905036, 3.036949, 8.344395, 5.974917, 30.88156
-1.906445, 3.039791, 8.342063, 5.794373, 30.62866
-1.915679, 3.027988, 8.342095, 5.075984, 31.54857
-1.920036, 3.044616, 8.35, 4.977808, 30.36063
-1.908954, 2.981118, 8.35336, 5.942144, 35.34549
-1.920148, 2.983946, 8.351418, 5.012269, 35.10043
-1.919023, 3.037384, 8.32708, 4.356122, 30.6131
-1.908487, 3.037724, 8.379322, 6.763558, 31.29134
-1.924627, 3.019187, 8.35, 4.620523, 32.33952
-1.899221, 3.019187, 8.341888, 6.351814, 32.2314
-1.920451, 3.019187, 8.335272, 4.495611, 32.14302
-1.896548, 3.019187, 8.324226, 6.023498, 31.99519
-1.921812, 3.019187, 8.316113, 3.801413, 31.88632
-1.921825, 3.011753, 8.35, 4.838591, 32.91808
-1.905128, 3.020374, 8.340016, 5.834727, 32.11392
-1.904398, 3.028504, 8.357329, 6.416774, 31.71265
-1.925117, 3.015108, 8.34592, 4.457674, 32.6028
-1.907438, 3.02642, 8.387632, 7.094979, 32.27803
-1.895337, 3.026582, 8.35, 6.899843, 31.76405
-1.913992, 3.038439, 8.355974, 5.629721, 30.92197
-1.91585, 3.028072, 8.358037, 5.547924, 31.75572
-1.926025, 3.011675, 8.320131, 3.595862, 32.52716
-1.902282, 3.021493, 8.373158, 7.059088, 32.46808
-1.910286, 3.024765, 8.35, 5.736566, 31.90549
-1.914278, 3.039686, 8.357035, 5.639691, 30.83934
-1.922554, 3.01313, 8.351998, 4.842796, 32.83739
-1.930249, 3.039141, 8.359679, 4.47866, 30.91739
-1.91055, 3.013916, 8.313438, 4.599695, 32.26254
-1.907629, 2.989316, 8.35, 5.943274, 34.66412
-1.897297, 3.020574, 8.354437, 6.881504, 32.29073
-1.918008, 3.015651, 8.359081, 5.411911, 32.73515
-1.90241, 3.05571, 8.379569, 7.242136, 29.90034
-1.894314, 3.008695, 8.338522, 6.632066, 33.00423
-1.901417, 3.019187, 8.35, 6.426716, 32.33952
-1.906292, 3.019187, 8.345533, 5.911703, 32.28001
-1.909344, 3.019187, 8.349892, 5.806575, 32.33807
-1.933618, 3.019187, 8.37838, 4.78662, 32.716
-1.895676, 3.019187, 8.324991, 6.114836, 32.00543
-1.889752, 3.013832, 8.35, 7.334547, 32.75626
-1.907109, 3.021903, 8.346942, 5.890946, 32.0874
-1.882943, 3.025774, 8.331856, 7.316766, 31.58359
-1.922763, 3.023763, 8.361655, 5.120645, 32.13892
-1.906968, 3.014946, 8.363158, 6.393371, 32.84392
-1.886385, 3.021449, 8.35, 7.596545, 32.1635
-1.891964, 3.023657, 8.350812, 7.186861, 32.0025
-1.89972, 3.02157, 8.337477, 6.179008, 31.98676
-1.900411, 3.034272, 8.355695, 6.677356, 31.24223
-1.90568, 3.024142, 8.334025, 5.609322, 31.73996
-1.931782, 3.017942, 8.35, 4.063711, 32.43643
-1.886563, 3.018667, 8.354922, 7.73097, 32.44545
-1.923507, 2.994666, 8.335466, 4.26331, 34.05751
-1.900883, 3.032619, 8.346065, 6.348996, 31.24124
-1.883644, 2.995896, 8.378007, 8.650246, 34.51711
-1.918027, 3.057364, 8.35, 5.134149, 29.36853
-1.938719, 2.991603, 8.355081, 3.679547, 34.55234
-1.886655, 2.997773, 8.336027, 7.153544, 33.82265
-1.924536, 3.013602, 8.370432, 5.249648, 33.04431
-1.929859, 3.055998, 8.3756, 4.993601, 29.82411
-1.901469, 3.019187, 8.35, 6.422725, 32.33952
-1.951458, 3.019187, 8.352646, 2.613902, 32.37474
-1.888928, 3.019187, 8.369149, 7.974887, 32.59386
-1.893112, 3.019187, 8.323852, 6.28036, 31.99017
-1.877059, 3.019187, 8.359517, 8.607945, 32.46608
-1.87593, 3.024456, 8.35, 8.410149, 31.92953
-1.898032, 3.00973, 8.354691, 6.83198, 33.13744
-1.934341, 3.019271, 8.340696, 3.579254, 32.20894
-1.936709, 3.012755, 8.342337, 3.445115, 32.73846
-1.904917, 3.012369, 8.388423, 7.31389, 33.37651
-1.910407, 3.036755, 8.35, 5.727139, 30.9724
-1.931973, 3.019146, 8.348617, 4.006491, 32.32428
-1.888793, 3.009607, 8.343348, 7.208261, 32.99706
-1.873107, 3.002724, 8.324653, 7.866683, 33.28629
-1.939262, 3.037756, 8.319317, 2.53654, 30.4785
-1.934492, 3.012764, 8.35, 3.852782, 32.83942
-1.950972, 3.002643, 8.345235, 2.423444, 33.5643
-1.949622, 3.024619, 8.34858, 2.631612, 31.8978
-1.941317, 3.026072, 8.329386, 2.687144, 31.5271
-1.888125, 3.046632, 8.336082, 7.040577, 30.01421
-1.949244, 3.012466, 8.35, 2.704754, 32.86258
-1.932389, 2.990303, 8.356068, 4.202027, 34.66629
-1.927832, 3.020445, 8.341914, 4.123693, 32.13376
-1.883415, 3.021883, 8.341952, 7.585001, 32.02228
-1.895194, 2.990857, 8.369702, 7.505078, 34.80025
