-1.855741, 0.02, 8.35, 6.090202, 265.7393
-1.855741, 0.02, 8.34353, 5.893736, 265.8491
-1.855741, 0.02, 8.351998, 6.150813, 265.7054
-1.855741, 0.02, 8.336106, 5.667915, 265.9753
-1.855741, 0.02, 8.337088, 5.697799, 265.9586
-1.855741, 0.01845019, 8.35, 6.090202, 265.8599
-1.855741, 0.01340675, 8.346194, 5.974674, 266.3172
-1.855741, 0.01655209, 8.356179, 6.277514, 265.9027
-1.855741, 0.02792371, 8.329483, 5.46607, 265.4699
-1.855741, 0.01474701, 8.337289, 5.703936, 266.3647
-1.855741, 0.03765272, 8.35, 6.090202, 264.3655
-1.855741, 0.01281893, 8.343219, 5.88428, 266.4137
-1.855741, 0.01109987, 8.342856, 5.873251, 266.5538
-1.855741, 0.002839327, 8.334097, 5.606732, 267.3477
-1.855741, 0.001587231, 8.333711, 5.594959, 267.4521
-1.855741, 0.00461355, 8.35, 6.090202, 266.9367
-1.855741, 0.001459688, 8.341975, 5.846472, 267.3199
-1.855741, 0.04421312, 8.343258, 5.885453, 263.9678
-1.855741, 0.0370246, 8.332155, 5.547552, 264.7147
-1.855741, 0.02845606, 8.387853, 7.232966, 264.4457
-1.855741, -0.0102481, 8.35, 6.090202, 268.0932
-1.855741, 0.02359813, 8.35634, 6.282377, 265.3521
-1.855741, 0.02963968, 8.333339, 5.583615, 265.2707
-1.855741, 0.03038008, 8.352587, 6.168652, 264.8879
-1.855741, 0.02633965, 8.385187, 7.152858, 264.6542
-1.857142, 0.02, 8.35, 5.981183, 265.7393
-1.860303, 0.02, 8.35011, 5.738568, 265.7375
-1.847449, 0.02, 8.359191, 7.013283, 265.5836
-1.852942, 0.02, 8.378676, 7.173972, 265.2549
-1.848025, 0.02, 8.328701, 6.044354, 266.1015
-1.85703, 0.01451212, 8.35, 5.989909, 266.1664
-1.860642, 0.02987763, 8.34486, 5.55253, 265.0573
-1.85052, 0.01409565, 8.330912, 5.916953, 266.5244
-1.849451, 0.01381486, 8.366574, 7.080445, 265.9391
-1.846448, 0.01993179, 8.315633, 5.769339, 266.33
-1.854581, 0.005619917, 8.35, 6.180468, 266.8584
-1.847323, 0.03819861, 8.352995, 6.835856, 264.2729
-1.85173, 0.01035675, 8.360761, 6.727939, 266.3065
-1.864366, 0.0233417, 8.377897, 6.264739, 265.0089
-1.862706, 0.01132828, 8.366311, 6.043139, 266.1367
-1.856912, 0.04789522, 8.35, 5.999136, 263.5685
-1.864413, 0.006921528, 8.3557, 5.588679, 266.6598
-1.850917, 0.01079463, 8.3584, 6.71977, 266.3126
-1.852936, 0.00842438, 8.358891, 6.577678, 266.4885
-1.862901, 0.00320459, 8.364643, 5.977449, 266.796
-1.857945, 0.0304099, 8.35, 5.918727, 264.9292
-1.848891, -0.0009557754, 8.341423, 6.363387, 267.5175
-1.864937, 0.01090343, 8.353434, 5.479002, 266.3887
-1.847557, 0.01216231, 8.348813, 6.691203, 266.3695
-1.854628, 0.04488205, 8.377976, 7.022195, 263.3373
-1.865323, 0.02, 8.35, 5.34452, 265.7393
-1.836237, 0.02, 8.341301, 7.345519, 265.887
-1.855058, 0.02, 8.337966, 5.777793, 265.9437
-1.837406, 0.02, 8.343887, 7.332573, 265.843
-1.838573, 0.02, 8.31397, 6.334291, 266.3531
-1.841577, 0.02938485, 8.35, 7.192483, 265.009
-1.850994, 0.01448599, 8.347031, 6.369624, 266.219
-1.843071, 0.01341246, 8.34255, 6.850905, 266.3789
-1.862952, 0.02597605, 8.368055, 6.076841, 264.9699
-1.852156, 0.01242104, 8.32814, 5.704923, 266.7025
-1.839755, 0.03751497, 8.35, 7.334261, 264.3763
-1.86106, 0.001421232, 8.345954, 5.553274, 267.2545
-1.841681, 0.002866719, 8.353743, 7.297325, 267.0086
-1.858966, 0.01063008, 8.37908, 6.719127, 265.9745
-1.837453, 0.02135575, 8.318172, 6.549654, 266.1753
-1.864486, 0.02681064, 8.35, 5.409679, 265.2093
-1.862342, 0.02597236, 8.348581, 5.533361, 265.2985
-1.849635, 0.03092227, 8.33481, 6.104579, 265.1457
-1.854829, 0.03277306, 8.372721, 6.848259, 264.3641
-1.84043, -0.005093427, 8.327022, 6.586132, 268.0887
-1.850396, -0.01443332, 8.35, 6.506195, 268.4189
-1.854459, 0.01869659, 8.343862, 6.003714, 265.945
-1.860569, -0.005880902, 8.365505, 6.184716, 267.4869
-1.870444, 0.03741096, 8.366227, 5.43972, 264.1126
-1.847118, 0.01415276, 8.325187, 6.008234, 266.618
-1.839542, 0.02, 8.35, 7.350883, 265.7393
-1.847363, 0.02, 8.348178, 6.687069, 265.7702
-1.863648, 0.02, 8.33175, 4.918456, 266.0495
-1.863996, 0.02, 8.376674, 6.256499, 265.2885
-1.876722, 0.02, 8.386071, 5.554261, 265.1305
-1.877358, 0.0178282, 8.35, 4.407935, 265.9083
-1.866215, 0.02729941, 8.343371, 5.073137, 265.2833
-1.884273, 0.01198485, 8.349396, 3.851309, 266.3734
-1.880936, 0.02063923, 8.373182, 4.836631, 265.2978
-1.871093, 0.02457274, 8.368883, 5.469933, 265.0649
-1.827287, 0.01712895, 8.35, 8.30452, 265.9627
-1.825954, 0.006457753, 8.347426, 8.330941, 266.8372
-1.861338, 0.01672569, 8.330908, 5.072865, 266.3193
-1.858849, 0.02821414, 8.351053, 5.880361, 265.0823
-1.86286, 0.02103203, 8.364209, 5.967507, 265.4186
-1.866996, -0.004269609, 8.35, 5.214357, 267.628
-1.883674, 0.002473099, 8.351955, 3.976336, 267.0698
-1.880255, 0.01707063, 8.3418, 3.931403, 266.1067
-1.880807, 0.00794764, 8.375711, 4.923477, 266.2396
-1.878122, 0.0479486, 8.334246, 3.865986, 263.8276
-1.853539, 0.04096387, 8.35, 6.261578, 264.1079
-1.852532, 0.01345376, 8.348171, 6.284466, 266.2799
-1.85356, -0.006435588, 8.369826, 6.859446, 267.4559
-1.854237, 0.04856523, 8.372259, 6.880288, 263.1464
-1.864363, 0.02491712, 8.337021, 5.02367, 265.5765
-1.880126, 0.02, 8.35, 4.192557, 265.7393
-1.823105, 0.02, 8.351016, 8.660474, 265.7221
-1.830151, 0.02, 8.347713, 8.012824, 265.7781
-1.869842, 0.02, 8.371866, 5.657501, 265.3696
-1.873471, 0.02, 8.358296, 4.963331, 265.5988
-1.860287, 0.02194967, 8.35, 5.736465, 265.5876
-1.831914, 0.01695765, 8.357293, 8.163714, 265.8523
-1.875265, 0.01302155, 8.358139, 4.819136, 266.1439
-1.85482, 0.01990507, 8.369501, 6.751814, 265.4168
-1.888221, 0.01671154, 8.339609, 3.243513, 266.172
-1.841503, 0.004420597, 8.35, 7.198262, 266.9517
-1.834394, 0.02989054, 8.340228, 7.456698, 265.1346
-1.839234, 0.01372787, 8.344697, 7.21467, 266.3177
-1.835651, 0.001256768, 8.330935, 7.077627, 267.5256
-1.877045, 0.02975549, 8.334037, 3.943548, 265.2498
-1.861231, 0.009801776, 8.35, 5.66298, 266.5329
-1.838121, 0.004993344, 8.347552, 7.387562, 266.949
-1.822625, 0.04954131, 8.334826, 8.21115, 263.6937
-1.884764, 0.0006904304, 8.358426, 4.08946, 267.0976
-1.849977, 0.01597961, 8.323686, 5.739226, 266.501
-1.831187, 0.03025089, 8.35, 8.001008, 264.9416
-1.826622, 0.02039289, 8.346667, 8.256068, 265.7653
-1.858926, 0.02348782, 8.357537, 6.071005, 265.3405
-1.869989, 0.04312345, 8.332625, 4.450593, 264.231
-1.892513, 0.006692792, 8.340084, 2.923665, 266.9446
-1.855741, 0.17, 8.35, 6.090202, 254.0661
-1.855741, 0.17, 8.352771, 6.174216, 254.0234
-1.855741, 0.17, 8.335002, 5.63427, 254.2982
-1.855741, 0.17, 8.325633, 5.348582, 254.4437
-1.855741, 0.17, 8.366638, 6.593871, 253.8098
-1.855741, 0.1604816, 8.35, 6.090202, 254.8069
-1.855741, 0.1697872, 8.341379, 5.828347, 254.216
-1.855741, 0.1632719, 8.369148, 6.669674, 254.2935
-1.855741, 0.1621821, 8.367148, 6.609292, 254.409
-1.855741, 0.1755831, 8.335243, 5.641637, 253.8592
-1.855741, 0.1859969, 8.35, 6.090202, 252.8213
-1.855741, 0.164615, 8.342631, 5.866427, 254.5995
-1.855741, 0.1671805, 8.344352, 5.918698, 254.373
-1.855741, 0.1693463, 8.36636, 6.58546, 253.8648
-1.855741, 0.1835674, 8.348271, 6.037717, 253.0368
-1.855741, 0.1936885, 8.35, 6.090202, 252.2227
-1.855741, 0.1406001, 8.340279, 5.794902, 256.5073
-1.855741, 0.1426228, 8.357221, 6.309042, 256.0833
-1.855741, 0.1509182, 8.343005, 5.877771, 255.6606
-1.855741, 0.179382, 8.320275, 5.184889, 253.794
-1.855741, 0.1380778, 8.35, 6.090202, 256.5504
-1.855741, 0.1568878, 8.357373, 6.313663, 254.9718
-1.855741, 0.1735122, 8.361861, 6.449475, 253.6104
-1.855741, 0.1625025, 8.35099, 6.120229, 254.6342
-1.855741, 0.182773, 8.329133, 5.455399, 253.3926
-1.855951, 0.17, 8.35, 6.073923, 254.0661
-1.858812, 0.17, 8.347286, 5.768795, 254.1081
-1.861494, 0.17, 8.342924, 5.427232, 254.1755
-1.855176, 0.17, 8.360093, 6.439919, 253.9105
-1.864083, 0.17, 8.380746, 6.372685, 253.5932
-1.846831, 0.1749013, 8.35, 6.783586, 253.6847
-1.853119, 0.1631515, 8.352069, 6.356921, 254.567
-1.847589, 0.1612696, 8.330523, 6.133833, 255.0488
-1.853181, 0.1607494, 8.353348, 6.390896, 254.7341
-1.850551, 0.1649405, 8.321774, 5.636144, 254.8988
-1.847275, 0.1622242, 8.35, 6.749067, 254.6713
-1.852071, 0.187259, 8.357537, 6.603999, 252.6081
-1.862008, 0.17048, 8.341492, 5.343561, 254.1603
-1.861441, 0.1574332, 8.379398, 6.536837, 254.5881
-1.846304, 0.1553971, 8.357092, 7.038875, 255.0921
-1.860555, 0.1829926, 8.35, 5.715609, 253.0551
-1.856603, 0.1669852, 8.342841, 5.805688, 254.4117
-1.863596, 0.1736791, 8.357119, 5.695281, 253.6703
-1.860785, 0.1552113, 8.322232, 4.850807, 255.6516
-1.848886, 0.1728734, 8.324939, 5.862594, 254.2301
-1.850649, 0.1989544, 8.35, 6.486526, 251.8129
-1.850109, 0.1385633, 8.345677, 6.397519, 256.5807
-1.862411, 0.1704295, 8.352437, 5.64527, 253.9951
-1.854705, 0.1408316, 8.337605, 5.794315, 256.5314
-1.859752, 0.1712198, 8.337835, 5.407906, 254.1593
-1.872267, 0.17, 8.35, 4.80413, 254.0661
-1.852607, 0.17, 8.358303, 6.585503, 253.9381
-1.855248, 0.17, 8.340839, 5.850391, 254.2078
-1.844998, 0.17, 8.357579, 7.155147, 253.9492
-1.849821, 0.17, 8.384991, 7.6056, 253.5282
-1.872974, 0.1797796, 8.35, 4.749126, 253.3051
-1.837568, 0.1610784, 8.356632, 7.704291, 254.6575
-1.859945, 0.1713259, 8.33076, 5.177035, 254.2606
-1.846796, 0.1723457, 8.356096, 6.970568, 253.7897
-1.856251, 0.1670423, 8.375348, 6.81716, 253.9054
-1.873454, 0.1898576, 8.35, 4.711761, 252.5208
-1.845309, 0.1821181, 8.349307, 6.881118, 253.1337
-1.858599, 0.1864388, 8.343248, 5.662537, 252.8901
-1.836385, 0.1632774, 8.334044, 7.114606, 254.8373
-1.839197, 0.1747571, 8.353216, 7.474666, 253.6465
-1.86748, 0.1613527, 8.35, 5.176692, 254.7391
-1.850642, 0.1851471, 8.34134, 6.224484, 253.02
-1.871675, 0.1421324, 8.361696, 5.206375, 256.0512
-1.866331, 0.156599, 8.378725, 6.137409, 254.6632
-1.85486, 0.1644353, 8.321026, 5.276713, 254.95
-1.849335, 0.175919, 8.35, 6.588764, 253.6055
-1.869323, 0.200469, 8.356585, 5.233727, 251.5955
-1.846062, 0.1454212, 8.36223, 7.212753, 255.7873
-1.84821, 0.1401687, 8.332321, 6.140084, 256.6667
-1.841881, 0.1794709, 8.366699, 7.672048, 253.0734
-1.878327, 0.17, 8.35, 4.33259, 254.0661
-1.873402, 0.17, 8.342077, 4.473767, 254.1886
-1.871553, 0.17, 8.361432, 5.207834, 253.8899
-1.861397, 0.17, 8.352068, 5.712876, 254.0342
-1.850074, 0.17, 8.31761, 5.54625, 254.5685
-1.874629, 0.1796187, 8.35, 4.620323, 253.3176
-1.865542, 0.1658202, 8.352715, 5.410123, 254.3494
-1.866709, 0.1731822, 8.34264, 5.012369, 253.932
-1.826058, 0.1684543, 8.343517, 8.205299, 254.2867
-1.832592, 0.1652299, 8.311484, 6.726322, 255.037
-1.858339, 0.1834561, 8.35, 5.888057, 253.019
-1.868411, 0.1872005, 8.344909, 4.948997, 252.8054
-1.872644, 0.1630559, 8.3314, 4.205961, 254.8958
-1.840001, 0.1587534, 8.341039, 7.044396, 255.0809
-1.856336, 0.160665, 8.387564, 7.178235, 254.2118
-1.863708, 0.1891671, 8.35, 5.470247, 252.5746
-1.842998, 0.1607095, 8.343202, 6.876311, 254.8949
-1.830081, 0.1564036, 8.360095, 8.390379, 254.9672
-1.883935, 0.1409273, 8.322453, 3.049493, 256.7637
-1.845358, 0.177525, 8.350663, 6.918283, 253.4704
-1.864771, 0.1670275, 8.35, 5.387492, 254.2975
-1.832701, 0.1693543, 8.34966, 7.872992, 254.1217
-1.832382, 0.1965733, 8.352128, 7.972069, 251.9659
-1.875117, 0.1980893, 8.326646, 3.86713, 252.2353
-1.843657, 0.132246, 8.319459, 6.10405, 257.4894
-1.858252, 0.17, 8.35, 5.894823, 254.0661
-1.820531, 0.17, 8.358622, 9.088469, 253.9332
-1.830124, 0.17, 8.360593, 8.401937, 253.9028
-1.853325, 0.17, 8.331814, 5.725622, 254.3477
-1.843143, 0.17, 8.369768, 7.666311, 253.7617
-1.824503, 0.1657933, 8.35, 8.521214, 254.3935
-1.830604, 0.1676172, 8.344389, 7.877455, 254.3384
-1.868019, 0.1701707, 8.330482, 4.538627, 254.355
-1.866073, 0.1628685, 8.323125, 4.465141, 255.0396
-1.853438, 0.1712045, 8.358263, 6.519642, 253.845
-1.884105, 0.1567879, 8.35, 3.882895, 255.0943
-1.832803, 0.1566742, 8.352509, 7.950768, 255.0641
-1.887524, 0.188007, 8.340348, 3.320503, 252.8123
-1.859536, 0.1880066, 8.344127, 5.616345, 252.7546
-1.830978, 0.1721083, 8.360721, 8.339381, 253.737
-1.869697, 0.1424462, 8.35, 5.004187, 256.2104
-1.821721, 0.1592858, 8.357048, 8.948908, 254.7904
-1.85505, 0.1472479, 8.339635, 5.829177, 255.9994
-1.828569, 0.1873797, 8.374088, 8.926678, 252.347
-1.825445, 0.1412587, 8.356716, 8.649445, 256.1973
-1.889798, 0.1694713, 8.35, 3.439865, 254.1073
-1.890465, 0.1464247, 8.346369, 3.276458, 255.9578
-1.845495, 0.1580369, 8.364975, 7.339497, 254.7645
-1.883103, 0.145434, 8.323241, 3.138828, 256.3992
-1.875487, 0.2061851, 8.384374, 5.598578, 250.7342
-1.855741, 0.32, 8.35, 6.090202, 242.393
-1.855741, 0.32, 8.352718, 6.172628, 242.3552
-1.855741, 0.32, 8.335314, 5.643783, 242.598
-1.855741, 0.32, 8.327847, 5.416145, 242.7025
-1.855741, 0.32, 8.365191, 6.55014, 242.1818
-1.855741, 0.3139005, 8.35, 6.090202, 242.8677
-1.855741, 0.3151105, 8.353005, 6.18134, 242.7315
-1.855741, 0.3155542, 8.353736, 6.203485, 242.6868
-1.855741, 0.3197297, 8.37261, 6.77413, 242.1
-1.855741, 0.3177457, 8.328311, 5.430336, 242.8719
-1.855741, 0.3310916, 8.35, 6.090202, 241.5298
-1.855741, 0.3052271, 8.342391, 5.859118, 243.6499
-1.855741, 0.308279, 8.334733, 5.626101, 243.52
-1.855741, 0.3206342, 8.344321, 5.917783, 242.4228
-1.855741, 0.3286658, 8.382079, 7.059402, 241.2764
-1.855741, 0.3245496, 8.35, 6.090202, 242.0389
-1.855741, 0.3105539, 8.346136, 5.9729, 243.1823
-1.855741, 0.3444024, 8.364276, 6.522489, 240.299
-1.855741, 0.3069123, 8.362064, 6.455626, 243.2421
-1.855741, 0.3365449, 8.33609, 5.667415, 241.2972
-1.855741, 0.2941189, 8.35, 6.090202, 244.4071
-1.855741, 0.3392936, 8.340661, 5.806503, 241.02
-1.855741, 0.3347719, 8.360151, 6.397748, 241.1037
-1.855741, 0.2975331, 8.321398, 5.219207, 244.5478
-1.855741, 0.2803361, 8.37604, 6.877513, 245.1078
-1.865591, 0.32, 8.35, 5.32372, 242.393
-1.859413, 0.32, 8.345038, 5.653653, 242.4622
-1.865275, 0.32, 8.332319, 4.808922, 242.6398
-1.851637, 0.32, 8.34863, 6.368093, 242.4121
-1.847478, 0.32, 8.33173, 6.179166, 242.6481
-1.859219, 0.3192068, 8.35, 5.819592, 242.4547
-1.854946, 0.3102188, 8.34633, 6.040692, 243.2057
-1.862621, 0.3204248, 8.362987, 5.949025, 242.1794
-1.849476, 0.3225825, 8.32855, 5.926566, 242.4911
-1.864242, 0.3111604, 8.376873, 6.243396, 242.7055
-1.855096, 0.3006417, 8.35, 6.140428, 243.8995
-1.862265, 0.3223101, 8.341811, 5.33329, 242.3272
-1.857539, 0.3234141, 8.355017, 6.102476, 242.0577
-1.852171, 0.3260905, 8.337528, 5.989523, 242.0923
-1.848488, 0.3026556, 8.333206, 6.145277, 243.9801
-1.851987, 0.3188495, 8.35, 6.382356, 242.4825
-1.862837, 0.2959878, 8.35605, 5.721846, 244.176
-1.857442, 0.3022837, 8.343431, 5.758252, 243.8645
-1.850859, 0.2955139, 8.359271, 6.750612, 244.1673
-1.851804, 0.3400948, 8.365489, 6.864939, 240.617
-1.856852, 0.3242804, 8.35, 6.003742, 242.0599
-1.847567, 0.3313786, 8.342628, 6.503005, 241.6095
-1.856242, 0.302238, 8.334477, 5.579267, 243.9947
-1.861044, 0.2916087, 8.369824, 6.278486, 244.3214
-1.857945, 0.2967941, 8.368176, 6.469259, 243.9421
-1.865991, 0.32, 8.35, 5.292563, 242.393
-1.874458, 0.32, 8.351336, 4.674397, 242.3744
-1.838925, 0.32, 8.343218, 7.194099, 242.4876
-1.863502, 0.32, 8.339443, 5.164733, 242.5403
-1.871608, 0.32, 8.313144, 3.725939, 242.9088
-1.847026, 0.3222027, 8.35, 6.768422, 242.2216
-1.865583, 0.3176194, 8.342633, 5.099845, 242.6812
-1.861238, 0.3112931, 8.369086, 6.241064, 242.8037
-1.850538, 0.323253, 8.349092, 6.467628, 242.1525
-1.840642, 0.3170455, 8.310662, 6.07172, 243.1749
-1.853207, 0.3062916, 8.35, 6.287427, 243.4598
-1.841665, 0.3097203, 8.340099, 6.886282, 243.3321
-1.869313, 0.3324358, 8.340386, 4.740715, 241.5581
-1.846437, 0.3274947, 8.347181, 6.729012, 241.8488
-1.869879, 0.3097487, 8.33797, 4.622726, 243.3598
-1.842172, 0.3216408, 8.35, 7.146192, 242.2653
-1.853343, 0.3424942, 8.355033, 6.429305, 240.5736
-1.839372, 0.3047329, 8.349113, 7.337294, 243.5936
-1.841081, 0.3103589, 8.368788, 7.796888, 242.8804
-1.872062, 0.3173404, 8.373549, 5.53618, 242.2723
-1.867943, 0.2808336, 8.35, 5.140643, 245.441
-1.84887, 0.3488162, 8.348363, 6.575375, 240.1728
-1.838624, 0.3401138, 8.340869, 7.146535, 240.9532
-1.842974, 0.2917305, 8.335882, 6.656442, 244.794
-1.837389, 0.2870094, 8.325168, 6.76722, 245.3157
-1.865936, 0.32, 8.35, 5.296826, 242.393
-1.862837, 0.32, 8.353477, 5.643682, 242.3446
-1.8594, 0.32, 8.356727, 6.009636, 242.2994
-1.846384, 0.32, 8.327176, 6.126065, 242.7119
-1.837598, 0.32, 8.356426, 7.695737, 242.3036
-1.838355, 0.3154317, 8.35, 7.443209, 242.7485
-1.831331, 0.3149109, 8.346742, 7.891688, 242.8346
-1.845356, 0.327774, 8.34236, 6.667156, 241.894
-1.869115, 0.3279446, 8.354873, 5.197864, 241.7073
-1.843172, 0.3224229, 8.347633, 6.996818, 242.2374
-1.873597, 0.327207, 8.35, 4.700661, 241.8322
-1.853841, 0.3346702, 8.353725, 6.35097, 241.2
-1.850992, 0.3171155, 8.342262, 6.225171, 242.7256
-1.835774, 0.3303705, 8.320556, 6.753302, 241.9946
-1.849818, 0.3114206, 8.375613, 7.324147, 242.7029
-1.858739, 0.308955, 8.35, 5.856886, 243.2525
-1.844075, 0.336336, 8.346478, 6.891575, 241.1702
-1.877128, 0.349519, 8.368349, 4.985132, 239.8463
-1.881264, 0.3299455, 8.331979, 3.551331, 241.8688
-1.868063, 0.3221062, 8.386619, 6.24155, 241.7222
-1.853394, 0.2880343, 8.35, 6.272907, 244.8806
-1.844661, 0.3205766, 8.352206, 7.019105, 242.3174
-1.882397, 0.3443554, 8.335761, 3.579168, 240.6928
-1.841274, 0.3541638, 8.342854, 7.000051, 239.8315
-1.859867, 0.3515003, 8.359507, 6.057572, 239.8124
-1.838271, 0.32, 8.35, 7.449803, 242.393
-1.848916, 0.32, 8.340782, 6.341958, 242.5216
-1.848041, 0.32, 8.331226, 6.119971, 242.6552
-1.873558, 0.32, 8.323666, 3.897257, 242.7611
-1.854684, 0.32, 8.328523, 5.519285, 242.693
-1.825201, 0.3221756, 8.35, 8.466911, 242.2237
-1.827999, 0.329778, 8.350766, 8.272176, 241.6215
-1.829874, 0.3181714, 8.358793, 8.367405, 242.4128
-1.840732, 0.3299738, 8.34902, 7.228646, 241.6304
-1.881113, 0.3253716, 8.37129, 4.765348, 241.6804
-1.851531, 0.3014058, 8.35, 6.417847, 243.84
-1.838346, 0.3129219, 8.359434, 7.728152, 242.8119
-1.848863, 0.3162472, 8.33767, 6.25165, 242.8575
-1.845337, 0.3072948, 8.320978, 6.01912, 243.7912
-1.876993, 0.3163851, 8.380321, 5.359082, 242.2525
-1.846307, 0.2933503, 8.35, 6.824369, 244.4669
-1.83102, 0.3379766, 8.347294, 7.932572, 241.0313
-1.833424, 0.3234749, 8.350243, 7.834239, 242.1192
-1.886433, 0.3311688, 8.353299, 3.802757, 241.4783
-1.8589, 0.3353305, 8.310244, 4.630666, 241.7504
-1.855907, 0.3238432, 8.35, 6.077285, 242.0939
-1.860754, 0.3212004, 8.349865, 5.695968, 242.3015
-1.841265, 0.2988421, 8.334947, 6.761384, 244.2528
-1.844752, 0.292757, 8.332222, 6.406775, 244.7662
-1.86214, 0.350938, 8.370932, 6.226931, 239.7011
-1.855741, 0.47, 8.35, 6.090202, 230.7198
-1.855741, 0.47, 8.342868, 5.873609, 230.8085
-1.855741, 0.47, 8.353618, 6.199908, 230.675
-1.855741, 0.47, 8.37677, 6.899557, 230.3886
-1.855741, 0.47, 8.342379, 5.858746, 230.8146
-1.855741, 0.4774084, 8.35, 6.090202, 230.1433
-1.855741, 0.4725973, 8.340072, 5.788579, 230.6409
-1.855741, 0.4650286, 8.359589, 6.380739, 230.9874
-1.855741, 0.468175, 8.351204, 6.126695, 230.8469
-1.855741, 0.4661772, 8.387352, 7.217917, 230.5544
-1.855741, 0.4529522, 8.35, 6.090202, 232.0465
-1.855741, 0.4697572, 8.343369, 5.888815, 230.8212
-1.855741, 0.4832374, 8.351806, 6.144948, 229.6675
-1.855741, 0.4579689, 8.335222, 5.640993, 231.8417
-1.855741, 0.4609455, 8.317126, 5.088587, 231.8374
-1.855741, 0.4977266, 8.35, 6.090202, 228.5621
-1.855741, 0.4766501, 8.342986, 5.877213, 230.289
-1.855741, 0.4800313, 8.368416, 6.647558, 229.713
-1.855741, 0.4757352, 8.339409, 5.768423, 230.4046
-1.855741, 0.4846247, 8.357198, 6.30837, 229.4935
-1.855741, 0.453849, 8.35, 6.090202, 231.9767
-1.855741, 0.4755809, 8.350751, 6.112976, 230.2763
-1.855741, 0.4838175, 8.341465, 5.830965, 229.7495
-1.855741, 0.4753349, 8.320853, 5.202584, 230.6663
-1.855741, 0.4646029, 8.340751, 5.80925, 231.2553
-1.857894, 0.47, 8.35, 5.922675, 230.7198
-1.865186, 0.47, 8.34193, 5.109372, 230.8201
-1.857895, 0.47, 8.347412, 5.843997, 230.752
-1.851972, 0.47, 8.348344, 6.333289, 230.7404
-1.864864, 0.47, 8.386451, 6.484265, 230.2694
-1.845926, 0.4783008, 8.35, 6.854067, 230.0739
-1.854591, 0.4741151, 8.359391, 6.464181, 230.2835
-1.850725, 0.4718249, 8.349948, 6.478972, 230.5785
-1.848847, 0.4769433, 8.34909, 6.599121, 230.1908
-1.846066, 0.473814, 8.35848, 7.099314, 230.3182
-1.846513, 0.47591, 8.35, 6.808391, 230.2599
-1.860377, 0.4564227, 8.349592, 5.717025, 231.7816
-1.85321, 0.4743124, 8.355431, 6.451678, 230.3171
-1.850701, 0.4701583, 8.375758, 7.260003, 230.3889
-1.856874, 0.4709147, 8.375852, 6.784029, 230.329
-1.85564, 0.4821679, 8.35, 6.098084, 229.7729
-1.85477, 0.4934005, 8.346943, 6.073008, 228.9361
-1.854493, 0.4788644, 8.36451, 6.626558, 229.8515
-1.85063, 0.4525937, 8.326705, 5.780268, 232.3686
-1.849117, 0.4882886, 8.361397, 6.950183, 229.1574
-1.851476, 0.4532455, 8.35, 6.422095, 232.0237
-1.864689, 0.4798265, 8.357461, 5.620694, 229.8634
-1.856151, 0.4529064, 8.355304, 6.219149, 231.9834
-1.85796, 0.4907344, 8.337267, 5.530329, 229.262
-1.856116, 0.4404234, 8.310061, 4.842925, 233.5319
-1.836212, 0.47, 8.35, 7.610021, 230.7198
-1.86868, 0.47, 8.350345, 5.093794, 230.7156
-1.855534, 0.47, 8.351932, 6.164861, 230.6959
-1.843483, 0.47, 8.351153, 7.079015, 230.7055
-1.849755, 0.47, 8.345638, 6.423926, 230.774
-1.841548, 0.4766709, 8.35, 7.194757, 230.2007
-1.864707, 0.4650934, 8.354084, 5.51671, 231.0508
-1.844487, 0.4694194, 8.36944, 7.552114, 230.5242
-1.850057, 0.4773768, 8.328836, 5.889902, 230.4077
-1.839052, 0.4638546, 8.364938, 7.838802, 231.0121
-1.838444, 0.4677022, 8.35, 7.436285, 230.8987
-1.838871, 0.4858513, 8.354656, 7.543416, 229.4293
-1.867121, 0.4536698, 8.334114, 4.71983, 232.1909
-1.85148, 0.4881633, 8.347898, 6.358137, 229.3321
-1.849391, 0.4729633, 8.349008, 6.554303, 230.5015
-1.843528, 0.46428, 8.35, 7.040634, 231.165
-1.866547, 0.4646618, 8.34621, 5.133805, 231.1826
-1.866063, 0.4578304, 8.343276, 5.082049, 231.7513
-1.844903, 0.4753759, 8.370532, 7.5527, 230.0484
-1.842928, 0.4737385, 8.348305, 7.036085, 230.4499
-1.839635, 0.4684318, 8.35, 7.343616, 230.8419
-1.867191, 0.4636382, 8.349768, 5.192113, 231.2178
-1.871239, 0.4707665, 8.344975, 4.730744, 230.7226
-1.854888, 0.4530869, 8.35451, 6.293306, 231.9793
-1.841365, 0.4362693, 8.356232, 7.396975, 233.2654
-1.876055, 0.47, 8.35, 4.509416, 230.7198
-1.858893, 0.47, 8.345249, 5.700531, 230.7789
-1.87565, 0.47, 8.358154, 4.789624, 230.6187
-1.831699, 0.47, 8.329642, 7.346892, 230.9733
-1.83999, 0.47, 8.383442, 8.320899, 230.3065
-1.843388, 0.4753521, 8.35, 7.051592, 230.3033
-1.862448, 0.4711733, 8.343363, 5.366321, 230.7109
-1.86061, 0.4670869, 8.337407, 5.328026, 231.1035
-1.839596, 0.4608944, 8.340089, 7.047172, 231.5526
-1.855259, 0.4671564, 8.370491, 6.747665, 230.6868
-1.862707, 0.4759058, 8.35, 5.548139, 230.2603
-1.842619, 0.4749439, 8.343741, 6.922188, 230.4126
-1.864529, 0.4585167, 8.352431, 5.480261, 231.583
-1.867071, 0.4633801, 8.347314, 5.12671, 231.2686
-1.864501, 0.4690583, 8.350002, 5.408549, 230.7931
-1.88053, 0.4833864, 8.35, 4.161115, 229.6781
-1.827763, 0.464199, 8.341939, 8.024912, 231.272
-1.868675, 0.4648409, 8.330063, 4.47464, 231.3705
-1.86813, 0.4415105, 8.328501, 4.469347, 233.2108
-1.884083, 0.4409466, 8.312168, 2.720304, 233.464
-1.874412, 0.4761926, 8.35, 4.637246, 230.2379
-1.877595, 0.5056032, 8.352423, 4.463511, 227.92
-1.867541, 0.4309704, 8.33737, 4.786592, 233.9192
-1.879345, 0.4792817, 8.360207, 4.565005, 229.8719
-1.828834, 0.4794933, 8.349119, 8.157649, 229.9919
-1.894342, 0.47, 8.35, 3.086271, 230.7198
-1.845501, 0.47, 8.346078, 6.768465, 230.7686
-1.854478, 0.47, 8.352691, 6.270032, 230.6865
-1.823407, 0.47, 8.337438, 8.228846, 230.8761
-1.833758, 0.47, 8.367191, 8.317552, 230.5069
-1.882058, 0.4686145, 8.35, 4.042211, 230.8277
-1.879151, 0.4726789, 8.34894, 4.236031, 230.5245
-1.874237, 0.4657597, 8.348126, 4.59363, 231.0732
-1.852445, 0.4697253, 8.328884, 5.705037, 231.0042
-1.843745, 0.4717097, 8.34389, 6.839004, 230.6626
-1.877714, 0.4565513, 8.35, 4.38024, 231.7664
-1.83391, 0.4547935, 8.358543, 8.046126, 231.796
-1.883662, 0.4695564, 8.331846, 3.360186, 230.9804
-1.886243, 0.4624096, 8.360692, 4.043698, 231.1772
-1.873904, 0.4743472, 8.364074, 5.105495, 230.2078
-1.892518, 0.4718992, 8.35, 3.228221, 230.5721
-1.816796, 0.4944777, 8.359425, 9.402823, 228.7004
-1.828149, 0.4788825, 8.352101, 8.300629, 230.0027
-1.81937, 0.484114, 8.347324, 8.840461, 229.6543
-1.88154, 0.4907179, 8.32703, 3.377523, 229.3888
-1.865337, 0.4996734, 8.35, 5.343432, 228.4106
-1.892992, 0.4512718, 8.352527, 3.268876, 232.1455
-1.841627, 0.4340007, 8.333114, 6.677542, 233.7376
-1.86192, 0.4618767, 8.331639, 5.04982, 231.582
-1.867294, 0.4635431, 8.324178, 4.402056, 231.5457
-1.868049, 1.204594, 8.35, 5.132389, 173.553
-1.868049, 1.204594, 8.351851, 5.188737, 173.5438
-1.868049, 1.204594, 8.351421, 5.175676, 173.5459
-1.868049, 1.204594, 8.35143, 5.17592, 173.5459
-1.868049, 1.204594, 8.370998, 5.770311, 173.4483
-1.868049, 1.208955, 8.35, 5.132389, 173.2136
-1.868049, 1.206876, 8.346678, 5.031123, 173.3919
-1.868049, 1.201558, 8.346202, 5.016603, 173.8083
-1.868049, 1.195629, 8.330314, 4.531145, 174.3512
-1.868049, 1.202821, 8.380509, 6.058116, 173.5385
-1.868049, 1.217105, 8.35, 5.132389, 172.5794
-1.868049, 1.201929, 8.34365, 4.938784, 173.7923
-1.868049, 1.223369, 8.34573, 5.002227, 172.1125
-1.868049, 1.186048, 8.359676, 5.426788, 174.9462
-1.868049, 1.210455, 8.383324, 6.143131, 172.9329
-1.868049, 1.201589, 8.35, 5.132389, 173.7869
-1.868049, 1.19074, 8.347429, 5.054026, 174.6443
-1.868049, 1.224897, 8.330771, 4.54515, 172.0655
-1.868049, 1.190603, 8.368197, 5.685425, 174.5484
-1.868049, 1.21473, 8.335326, 4.684525, 172.8362
-1.868049, 1.177968, 8.35, 5.132389, 175.625
-1.868049, 1.196554, 8.3426, 4.906726, 174.2163
-1.868049, 1.173094, 8.367547, 5.665698, 175.9113
-1.868049, 1.19796, 8.333239, 4.620652, 174.1544
-1.868049, 1.182811, 8.370475, 5.754447, 175.1416
-1.860568, 1.204594, 8.35, 5.714564, 173.553
-1.875365, 1.204594, 8.348029, 4.50285, 173.5629
-1.86542, 1.204594, 8.36852, 5.899315, 173.4606
-1.876278, 1.204594, 8.373388, 5.204272, 173.4364
-1.866074, 1.204594, 8.384061, 6.318412, 173.3835
-1.872126, 1.206703, 8.35, 4.815102, 173.3889
-1.861897, 1.207013, 8.351352, 5.652223, 173.358
-1.872663, 1.212627, 8.360014, 5.078487, 172.8787
-1.866634, 1.212034, 8.362133, 5.61131, 172.9143
-1.866857, 1.206797, 8.312581, 4.080176, 173.5687
-1.868356, 1.20669, 8.35, 5.108514, 173.3899
-1.864187, 1.206335, 8.347814, 5.366435, 173.4284
-1.866465, 1.203013, 8.331865, 4.702191, 173.7672
-1.858318, 1.202758, 8.373745, 6.608477, 173.577
-1.865227, 1.21692, 8.320859, 4.461737, 172.7364
-1.872691, 1.184213, 8.35, 4.771156, 175.1391
-1.86151, 1.204708, 8.341881, 5.394187, 173.5848
-1.858463, 1.200265, 8.367479, 6.407962, 173.8019
-1.864215, 1.216717, 8.351927, 5.489388, 172.6002
-1.869699, 1.214829, 8.342838, 4.785547, 172.7916
-1.872335, 1.216893, 8.35, 4.798865, 172.5959
-1.876399, 1.233057, 8.356619, 4.684582, 171.3068
-1.87729, 1.223342, 8.348054, 4.353805, 172.1034
-1.861301, 1.168116, 8.353897, 5.775948, 176.3709
-1.866238, 1.242476, 8.35653, 5.471921, 170.5748
-1.877342, 1.204594, 8.35, 4.409194, 173.553
-1.877582, 1.204594, 8.344337, 4.217348, 173.5814
-1.881304, 1.204594, 8.361121, 4.440622, 173.4975
-1.869431, 1.204594, 8.336567, 4.614716, 173.6203
-1.862607, 1.204594, 8.381209, 6.501088, 173.3976
-1.849534, 1.209363, 8.35, 6.573257, 173.1818
-1.85606, 1.200534, 8.340164, 5.766563, 173.9186
-1.857491, 1.208444, 8.341105, 5.683708, 173.2976
-1.848307, 1.196514, 8.358093, 6.913404, 174.1407
-1.87006, 1.207086, 8.348736, 4.937367, 173.3654
-1.87492, 1.203888, 8.35, 4.597692, 173.608
-1.869411, 1.194114, 8.352175, 5.092707, 174.3575
-1.867957, 1.211861, 8.353854, 5.256901, 172.9685
-1.84888, 1.223912, 8.325709, 5.886569, 172.1668
-1.877136, 1.185538, 8.318009, 3.443727, 175.2028
-1.871642, 1.189498, 8.35, 4.852781, 174.7278
-1.870189, 1.182322, 8.358886, 5.236387, 175.2399
-1.876632, 1.1982, 8.334067, 3.976707, 174.1315
-1.877401, 1.211676, 8.348475, 4.357996, 173.0094
-1.869625, 1.20465, 8.386549, 6.118469, 173.3668
-1.878035, 1.169545, 8.35, 4.355321, 176.2805
-1.85703, 1.173378, 8.358101, 6.235514, 175.9393
-1.86234, 1.226058, 8.349843, 5.571914, 171.8834
-1.868457, 1.234631, 8.363156, 5.500817, 171.1538
-1.86826, 1.236685, 8.36509, 5.574775, 170.9852
-1.874741, 1.204594, 8.35, 4.61164, 173.553
-1.875876, 1.204594, 8.359597, 4.816031, 173.5051
-1.857291, 1.204594, 8.337711, 5.595975, 173.6146
-1.841727, 1.204594, 8.35325, 7.278914, 173.5368
-1.84741, 1.204594, 8.350618, 6.757236, 173.5499
-1.848638, 1.201868, 8.35, 6.642981, 173.7652
-1.88045, 1.209245, 8.355319, 4.329915, 173.1647
-1.875015, 1.19992, 8.344035, 4.408035, 173.9469
-1.850557, 1.195054, 8.341686, 6.241522, 174.3379
-1.839877, 1.198372, 8.373527, 8.032565, 173.9184
-1.84039, 1.2069, 8.35, 7.284865, 173.3735
-1.839186, 1.216929, 8.346492, 7.272677, 172.6102
-1.847944, 1.205002, 8.338148, 6.337767, 173.5806
-1.852475, 1.20723, 8.343362, 6.143017, 173.3809
-1.854709, 1.208175, 8.336157, 5.749898, 173.3431
-1.895204, 1.21521, 8.35, 3.019195, 172.7269
-1.843258, 1.199407, 8.346035, 6.941786, 173.9767
-1.868487, 1.184434, 8.356688, 5.301948, 175.0871
-1.841751, 1.227627, 8.343137, 6.971526, 171.7934
-1.842337, 1.220671, 8.35262, 7.212424, 172.2892
-1.86623, 1.178539, 8.35, 5.273938, 175.5807
-1.882776, 1.194085, 8.354841, 4.134407, 174.3461
-1.887287, 1.213343, 8.366265, 4.132848, 172.7924
-1.897469, 1.19804, 8.323697, 2.031069, 174.1967
-1.873192, 1.185041, 8.362843, 5.12342, 175.008
-1.900863, 1.204594, 8.35, 2.578769, 173.553
-1.893729, 1.204594, 8.347769, 3.0654, 173.5642
-1.874999, 1.204594, 8.34146, 4.330473, 173.5958
-1.832943, 1.204594, 8.357223, 8.08166, 173.517
-1.892002, 1.204594, 8.337722, 2.890735, 173.6145
-1.83338, 1.213542, 8.35, 7.830391, 172.8567
-1.841835, 1.199301, 8.340028, 6.87089, 174.0153
-1.903254, 1.202736, 8.333614, 1.886687, 173.78
-1.834646, 1.203327, 8.325037, 6.977348, 173.7771
-1.869767, 1.197407, 8.373144, 5.702033, 173.9953
-1.830075, 1.196701, 8.35, 8.087611, 174.1672
-1.874601, 1.216913, 8.349924, 4.620237, 172.5947
-1.901237, 1.211857, 8.346811, 2.451439, 173.0035
-1.870694, 1.204213, 8.322136, 4.073925, 173.7226
-1.903439, 1.199288, 8.319572, 1.436791, 174.1203
-1.893603, 1.180556, 8.35, 3.143792, 175.4237
-1.884583, 1.204066, 8.353279, 3.946109, 173.5777
-1.901722, 1.204409, 8.334898, 2.045846, 173.6431
-1.903889, 1.187175, 8.376247, 3.149586, 174.7731
-1.850079, 1.212146, 8.358082, 6.775289, 172.9256
-1.894144, 1.197919, 8.35, 3.101664, 174.0725
-1.845109, 1.23611, 8.353026, 7.009034, 171.0863
-1.883949, 1.19298, 8.349209, 3.870792, 174.4609
-1.893118, 1.176974, 8.335738, 2.742634, 175.7779
-1.841529, 1.233231, 8.389412, 8.380179, 171.1397
-1.868049, 1.392094, 8.35, 5.132389, 158.9616
-1.868049, 1.392094, 8.346802, 5.0349, 158.9715
-1.868049, 1.392094, 8.336837, 4.730687, 159.0026
-1.868049, 1.392094, 8.359577, 5.423756, 158.9319
-1.868049, 1.392094, 8.322838, 4.302006, 159.0463
-1.868049, 1.388746, 8.35, 5.132389, 159.2221
-1.868049, 1.38739, 8.352365, 5.204387, 159.3202
-1.868049, 1.396127, 8.368881, 5.706139, 158.59
-1.868049, 1.385283, 8.356113, 5.31847, 159.4722
-1.868049, 1.385145, 8.383504, 6.148596, 159.3963
-1.868049, 1.406437, 8.35, 5.132389, 157.8454
-1.868049, 1.374456, 8.353966, 5.25311, 160.3212
-1.868049, 1.398894, 8.354943, 5.28285, 158.4174
-1.868049, 1.399997, 8.361984, 5.496883, 158.3103
-1.868049, 1.40079, 8.36553, 5.604515, 158.238
-1.868049, 1.397924, 8.35, 5.132389, 158.5078
-1.868049, 1.417032, 8.35166, 5.182929, 157.0162
-1.868049, 1.379984, 8.349826, 5.127082, 159.9045
-1.868049, 1.385651, 8.353469, 5.238004, 159.4519
-1.868049, 1.400216, 8.353137, 5.22789, 158.32
-1.868049, 1.363286, 8.35, 5.132389, 161.2034
-1.868049, 1.405219, 8.349592, 5.119958, 157.9414
-1.868049, 1.376925, 8.359447, 5.419822, 160.1113
-1.868049, 1.402923, 8.375075, 5.89375, 158.0439
-1.868049, 1.411904, 8.379748, 6.035099, 157.3337
-1.86258, 1.392094, 8.35, 5.558023, 158.9616
-1.87434, 1.392094, 8.358435, 4.900017, 158.9354
-1.869622, 1.392094, 8.363885, 5.43241, 158.9185
-1.872545, 1.392094, 8.331152, 4.20609, 159.0203
-1.860138, 1.392094, 8.350557, 5.764976, 158.9599
-1.871318, 1.390282, 8.35, 4.877973, 159.1026
-1.867481, 1.383005, 8.359773, 5.473866, 159.6377
-1.860491, 1.397406, 8.353742, 5.834212, 158.5368
-1.866752, 1.394755, 8.332644, 4.70365, 158.808
-1.875234, 1.382336, 8.385301, 5.646257, 159.6083
-1.866842, 1.401081, 8.35, 5.226331, 158.2622
-1.868991, 1.376316, 8.341531, 4.800725, 160.2171
-1.872918, 1.381788, 8.35759, 4.984832, 159.7393
-1.86919, 1.395797, 8.337505, 4.662237, 158.7118
-1.876005, 1.382336, 8.3557, 4.687214, 159.7027
-1.875668, 1.365841, 8.35, 4.539485, 161.0046
-1.874375, 1.407985, 8.356161, 4.828005, 157.7067
-1.866899, 1.3625, 8.345115, 5.07308, 161.2813
-1.875755, 1.378551, 8.346541, 4.427004, 160.0268
-1.858863, 1.392417, 8.324511, 5.070548, 159.0158
-1.864442, 1.417826, 8.35, 5.413141, 156.9591
-1.8751, 1.428383, 8.340336, 4.288216, 156.1641
-1.869886, 1.413431, 8.335298, 4.540386, 157.3437
-1.862335, 1.422899, 8.355494, 5.744004, 156.5489
-1.862535, 1.406482, 8.355652, 5.733218, 157.8252
-1.851428, 1.392094, 8.35, 6.425886, 158.9616
-1.876397, 1.392094, 8.344354, 4.310117, 158.9792
-1.875544, 1.392094, 8.334998, 4.090118, 159.0083
-1.850602, 1.392094, 8.338966, 6.155462, 158.9959
-1.863026, 1.392094, 8.37507, 6.283278, 158.8839
-1.880436, 1.402014, 8.35, 4.16841, 158.1895
-1.883759, 1.389587, 8.356982, 4.123435, 159.1348
-1.859096, 1.388795, 8.353392, 5.932074, 159.2077
-1.856177, 1.398969, 8.342379, 5.8248, 158.4497
-1.87105, 1.398511, 8.384809, 5.955534, 158.3568
-1.873991, 1.411306, 8.35, 4.669962, 157.4665
-1.853348, 1.377088, 8.3525, 6.352215, 160.1212
-1.854099, 1.386783, 8.34128, 5.953259, 159.4024
-1.878045, 1.398372, 8.332981, 3.83317, 158.5249
-1.854808, 1.386747, 8.325478, 5.416675, 159.4555
-1.867478, 1.415582, 8.35, 5.176806, 157.1337
-1.875102, 1.4145, 8.357154, 4.801798, 157.1973
-1.866363, 1.365623, 8.347322, 5.182099, 161.0306
-1.881327, 1.401708, 8.354074, 4.2237, 158.2012
-1.879387, 1.374913, 8.38028, 5.172343, 160.1996
-1.862515, 1.420595, 8.35, 5.56303, 156.7436
-1.873564, 1.381575, 8.357364, 4.927769, 159.7565
-1.878329, 1.423678, 8.36178, 4.691892, 156.4709
-1.853096, 1.393308, 8.370725, 6.922603, 158.8031
-1.86768, 1.421661, 8.34517, 5.013871, 156.6742
-1.89136, 1.392094, 8.35, 3.3183, 158.9616
-1.857732, 1.392094, 8.342771, 5.715551, 158.9841
-1.87223, 1.392094, 8.330105, 4.19858, 159.0236
-1.846379, 1.392094, 8.340877, 6.542487, 158.99
-1.847723, 1.392094, 8.356901, 6.922789, 158.9402
-1.846842, 1.400407, 8.35, 6.782742, 158.3146
-1.88276, 1.384747, 8.345856, 3.86065, 159.5465
-1.877011, 1.387142, 8.339675, 4.119058, 159.3796
-1.862642, 1.399304, 8.330807, 4.968095, 158.4589
-1.897283, 1.39069, 8.377532, 3.701177, 158.9852
-1.852898, 1.378789, 8.35, 6.311517, 159.9969
-1.866665, 1.373067, 8.340953, 4.964304, 160.4721
-1.854936, 1.374025, 8.355976, 6.333947, 160.3481
-1.843631, 1.40747, 8.379956, 7.934318, 157.6769
-1.870715, 1.394669, 8.328861, 4.27866, 158.8265
-1.857611, 1.377962, 8.35, 5.944748, 160.0613
-1.864331, 1.382837, 8.348302, 5.370097, 159.6874
-1.880935, 1.418994, 8.368333, 4.689116, 156.8163
-1.862517, 1.41423, 8.331349, 4.994388, 157.2929
-1.890657, 1.369214, 8.347197, 3.286958, 160.7515
-1.876894, 1.378488, 8.35, 4.444113, 160.0204
-1.874075, 1.377112, 8.358825, 4.932532, 160.0988
-1.850774, 1.374469, 8.334797, 6.015344, 160.3832
-1.882348, 1.376837, 8.345014, 3.866887, 160.1651
-1.840511, 1.400956, 8.347041, 7.186089, 158.2808
-1.858984, 1.392094, 8.35, 5.83786, 158.9616
-1.836195, 1.392094, 8.353135, 7.705765, 158.9518
-1.890067, 1.392094, 8.352846, 3.506198, 158.9528
-1.844674, 1.392094, 8.338601, 6.606417, 158.9971
-1.875411, 1.392094, 8.380069, 5.474153, 158.8685
-1.900581, 1.393291, 8.35, 2.600713, 158.8684
-1.833571, 1.401182, 8.349858, 7.811222, 158.2548
-1.877986, 1.385818, 8.352243, 4.427662, 159.4428
-1.852526, 1.391996, 8.335491, 5.899887, 159.0144
-1.85892, 1.382292, 8.331426, 5.277371, 159.7841
-1.873208, 1.395998, 8.35, 4.730916, 158.6578
-1.837285, 1.409932, 8.349975, 7.525735, 157.5735
-1.898119, 1.382804, 8.364851, 3.248348, 159.6371
-1.873089, 1.386905, 8.359425, 5.027361, 159.3356
-1.895692, 1.394667, 8.322742, 2.140288, 158.8456
-1.843928, 1.369636, 8.35, 7.009549, 160.7093
-1.904096, 1.420099, 8.359341, 2.614818, 156.7559
-1.897394, 1.3794, 8.345002, 2.694898, 159.9656
-1.862968, 1.391975, 8.352988, 5.618677, 158.9616
-1.867599, 1.393903, 8.381283, 6.116352, 158.7245
-1.830468, 1.395155, 8.35, 8.056998, 158.7233
-1.901036, 1.380521, 8.3565, 2.765336, 159.8412
-1.843435, 1.361956, 8.348638, 7.006674, 161.3116
-1.852905, 1.401739, 8.365268, 6.772785, 158.1651
-1.869113, 1.364754, 8.351152, 5.084682, 161.0853
-1.868049, 1.579594, 8.35, 5.132389, 144.3701
-1.868049, 1.579594, 8.351186, 5.168495, 144.3687
-1.868049, 1.579594, 8.346194, 5.016389, 144.3748
-1.868049, 1.579594, 8.366783, 5.642509, 144.3498
-1.868049, 1.579594, 8.312498, 3.984375, 144.416
-1.868049, 1.589189, 8.35, 5.132389, 143.6235
-1.868049, 1.58941, 8.351105, 5.166006, 143.605
-1.868049, 1.588629, 8.34896, 5.100689, 143.6682
-1.868049, 1.577995, 8.372209, 5.806975, 144.4673
-1.868049, 1.571395, 8.332924, 4.611039, 145.0304
-1.868049, 1.564608, 8.35, 5.132389, 145.5363
-1.868049, 1.564266, 8.350062, 5.134277, 145.5629
-1.868049, 1.564848, 8.34346, 4.93299, 145.5266
-1.868049, 1.585519, 8.358043, 5.377135, 143.8997
-1.868049, 1.565655, 8.381063, 6.074839, 145.4129
-1.868049, 1.583678, 8.35, 5.132389, 144.0523
-1.868049, 1.557516, 8.345834, 5.005374, 146.0942
-1.868049, 1.552251, 8.341267, 4.866042, 146.511
-1.868049, 1.563469, 8.364533, 5.574274, 145.605
-1.868049, 1.564368, 8.36097, 5.466099, 145.54
-1.868049, 1.573183, 8.35, 5.132389, 144.869
-1.868049, 1.581897, 8.348145, 5.075855, 144.1931
-1.868049, 1.542597, 8.334928, 4.672322, 147.2733
-1.868049, 1.600855, 8.370359, 5.750928, 142.6953
-1.868049, 1.600091, 8.343581, 4.936681, 142.7815
-1.876195, 1.579594, 8.35, 4.498501, 144.3701
-1.863003, 1.579594, 8.343951, 5.340986, 144.3775
-1.870312, 1.579594, 8.366605, 5.461421, 144.35
-1.877322, 1.579594, 8.321568, 3.538814, 144.4048
-1.866177, 1.579594, 8.333745, 4.782186, 144.39
-1.877985, 1.573557, 8.35, 4.359212, 144.8399
-1.861057, 1.576231, 8.343347, 5.474167, 144.6402
-1.859583, 1.574548, 8.359008, 6.064539, 144.7515
-1.874837, 1.570875, 8.366691, 5.112634, 145.0269
-1.863136, 1.570983, 8.36513, 5.973973, 145.0206
-1.871484, 1.571178, 8.35, 4.865127, 145.0251
-1.868425, 1.595578, 8.346055, 4.982858, 143.1304
-1.866425, 1.572976, 8.348612, 5.216532, 144.8869
-1.877463, 1.57346, 8.349336, 4.379497, 144.8484
-1.876998, 1.572943, 8.372428, 5.119228, 144.859
-1.865157, 1.557242, 8.35, 5.35748, 146.1096
-1.863364, 1.575856, 8.341555, 5.239806, 144.6716
-1.877743, 1.562319, 8.330795, 3.789611, 145.7412
-1.87102, 1.56737, 8.377373, 5.732903, 145.2849
-1.875101, 1.568076, 8.355078, 4.738498, 145.2598
-1.874383, 1.555032, 8.35, 4.639492, 146.2816
-1.876213, 1.555606, 8.345907, 4.371943, 146.2429
-1.870381, 1.614253, 8.366312, 5.447116, 141.6589
-1.876701, 1.588105, 8.322999, 3.631268, 143.7384
-1.8756, 1.581219, 8.318677, 3.584261, 144.2814
-1.881669, 1.579594, 8.35, 4.07248, 144.3701
-1.854693, 1.579594, 8.342284, 5.93751, 144.3795
-1.869261, 1.579594, 8.367901, 5.582328, 144.3484
-1.868847, 1.579594, 8.368225, 5.624356, 144.3481
-1.878571, 1.579594, 8.329774, 3.693638, 144.3948
-1.853134, 1.582055, 8.35, 6.293149, 144.1786
-1.849973, 1.584027, 8.343617, 6.345692, 144.0326
-1.87771, 1.587412, 8.334483, 3.905382, 143.7794
-1.874722, 1.581301, 8.369906, 5.219264, 144.2135
-1.887776, 1.570362, 8.362711, 3.986335, 145.072
-1.85098, 1.563008, 8.35, 6.460762, 145.6608
-1.862627, 1.59539, 8.354675, 5.696383, 143.1359
-1.881428, 1.595968, 8.342881, 3.873224, 143.1034
-1.863027, 1.571672, 8.370141, 6.134119, 144.9606
-1.863263, 1.563756, 8.355323, 5.666585, 145.5953
-1.869532, 1.585813, 8.35, 5.017018, 143.8862
-1.8674, 1.562172, 8.342629, 4.958181, 145.7362
-1.877456, 1.562201, 8.36206, 4.768252, 145.7069
-1.875457, 1.553001, 8.339048, 4.220953, 146.4559
-1.867654, 1.556182, 8.353667, 5.274739, 146.1868
-1.848121, 1.595553, 8.35, 6.683235, 143.1282
-1.870715, 1.573478, 8.347768, 4.856858, 144.8489
-1.874454, 1.54565, 8.330171, 4.027061, 147.0426
-1.873789, 1.601043, 8.353405, 4.789567, 142.6975
-1.850584, 1.615764, 8.336257, 6.07461, 141.567
-1.863567, 1.579594, 8.35, 5.481234, 144.3701
-1.847277, 1.579594, 8.340044, 6.447315, 144.3823
-1.881378, 1.579594, 8.368267, 4.652739, 144.348
-1.892012, 1.579594, 8.36787, 3.814988, 144.3485
-1.893925, 1.579594, 8.340378, 2.822657, 144.3819
-1.850316, 1.570594, 8.35, 6.512418, 145.0706
-1.853303, 1.570858, 8.349571, 6.266956, 145.0505
-1.861874, 1.577116, 8.341013, 5.339384, 144.5742
-1.887767, 1.583448, 8.373273, 4.309373, 144.0429
-1.896486, 1.586077, 8.379825, 3.832927, 143.8315
-1.848465, 1.573507, 8.35, 6.656442, 144.8438
-1.865869, 1.590657, 8.352715, 5.384645, 143.5062
-1.882786, 1.568761, 8.354964, 4.137397, 145.2066
-1.871337, 1.560119, 8.375649, 5.656114, 145.8496
-1.841734, 1.593307, 8.388057, 8.323832, 143.2621
-1.876972, 1.602154, 8.35, 4.438004, 142.6144
-1.871878, 1.552328, 8.341786, 4.583616, 146.5042
-1.877465, 1.57054, 8.343451, 4.199309, 145.0833
-1.84938, 1.552474, 8.378364, 7.440763, 146.4385
-1.869638, 1.574155, 8.370022, 5.617375, 144.768
-1.89347, 1.604667, 8.35, 3.154149, 142.4189
-1.889917, 1.566204, 8.344239, 3.253741, 145.4199
-1.84053, 1.556623, 8.356003, 7.454996, 146.149
-1.886718, 1.590126, 8.333517, 3.173275, 143.5689
-1.842212, 1.557444, 8.359115, 7.418017, 146.0807
-1.84556, 1.579594, 8.35, 6.882534, 144.3701
-1.835186, 1.579594, 8.342337, 7.458658, 144.3795
-1.906509, 1.579594, 8.344049, 1.955667, 144.3774
-1.831088, 1.579594, 8.3684, 8.561082, 144.3478
-1.834018, 1.579594, 8.387682, 8.910184, 144.3246
-1.849059, 1.585234, 8.35, 6.610208, 143.9312
-1.859291, 1.583303, 8.347152, 5.72741, 144.0848
-1.883821, 1.573646, 8.354113, 4.030867, 144.8278
-1.873911, 1.575337, 8.379086, 5.560656, 144.6649
-1.892341, 1.573228, 8.366399, 3.744493, 144.8446
-1.853291, 1.568905, 8.35, 6.280918, 145.202
-1.875571, 1.566169, 8.354976, 4.698844, 145.4081
-1.882275, 1.581611, 8.351233, 4.06301, 144.2117
-1.872969, 1.574299, 8.323658, 3.943033, 144.8157
-1.838606, 1.576183, 8.378073, 8.267412, 144.6006
-1.899876, 1.587399, 8.35, 2.655616, 143.7627
-1.887436, 1.566864, 8.353374, 3.727112, 145.3562
-1.898966, 1.569383, 8.34205, 2.48148, 145.1753
-1.866039, 1.555813, 8.36656, 5.791898, 146.1967
-1.866033, 1.560699, 8.371754, 5.949669, 145.81
-1.861113, 1.602618, 8.35, 5.672178, 142.5783
-1.888088, 1.596771, 8.343086, 3.360744, 143.0406
-1.884825, 1.548691, 8.358994, 4.102049, 146.7613
-1.869634, 1.614524, 8.354221, 5.13761, 141.6482
-1.881343, 1.560625, 8.342232, 3.859963, 145.8572
-1.868049, 1.767094, 8.35, 5.132389, 129.7787
-1.868049, 1.767094, 8.340613, 4.846072, 129.7724
-1.868049, 1.767094, 8.352677, 5.213914, 129.7805
-1.868049, 1.767094, 8.370623, 5.758924, 129.7926
-1.868049, 1.767094, 8.343926, 4.947209, 129.7746
-1.868049, 1.776006, 8.35, 5.132389, 129.0852
-1.868049, 1.776311, 8.355538, 5.300961, 129.0657
-1.868049, 1.769779, 8.338593, 4.784389, 129.5617
-1.868049, 1.775337, 8.336203, 4.711318, 129.1267
-1.868049, 1.763629, 8.338155, 4.77097, 130.0407
-1.868049, 1.751409, 8.35, 5.132389, 130.9993
-1.868049, 1.763135, 8.340235, 4.834528, 130.0806
-1.868049, 1.785982, 8.353756, 5.246744, 128.312
-1.868049, 1.76924, 8.343601, 4.937296, 129.6072
-1.868049, 1.754229, 8.371907, 5.797834, 130.7918
-1.868049, 1.743328, 8.35, 5.132389, 131.6282
-1.868049, 1.78693, 8.352407, 5.205674, 128.2372
-1.868049, 1.751204, 8.330833, 4.547038, 131.0054
-1.868049, 1.758444, 8.333083, 4.615903, 130.4419
-1.868049, 1.784405, 8.358247, 5.383344, 128.4385
-1.868049, 1.733513, 8.35, 5.132389, 132.392
-1.868049, 1.80253, 8.353892, 5.250878, 127.025
-1.868049, 1.736921, 8.340381, 4.838977, 132.1232
-1.868049, 1.804812, 8.327598, 4.447961, 126.8196
-1.868049, 1.732684, 8.310554, 3.924551, 132.4434
-1.866247, 1.767094, 8.35, 5.272651, 129.7787
-1.876783, 1.767094, 8.346638, 4.349942, 129.7764
-1.867039, 1.767094, 8.344231, 5.035172, 129.7748
-1.858645, 1.767094, 8.349032, 5.834799, 129.7781
-1.866092, 1.767094, 8.364322, 5.719914, 129.7884
-1.874941, 1.775996, 8.35, 4.59609, 129.0859
-1.866124, 1.762086, 8.343501, 5.084195, 130.1644
-1.864217, 1.77324, 8.367669, 5.966964, 129.3134
-1.872055, 1.766559, 8.328926, 4.176021, 129.8061
-1.872423, 1.772103, 8.362197, 5.163488, 129.3978
-1.872674, 1.748648, 8.35, 4.772472, 131.2142
-1.861168, 1.77546, 8.341285, 5.402713, 129.121
-1.862253, 1.762882, 8.34854, 5.539069, 130.1056
-1.858342, 1.763962, 8.330197, 5.284939, 130.0096
-1.877013, 1.774165, 8.362185, 4.806461, 129.2375
-1.873769, 1.781115, 8.35, 4.687257, 128.6875
-1.861806, 1.74732, 8.347907, 5.554547, 131.3165
-1.87452, 1.796431, 8.338119, 4.265499, 127.4841
-1.873215, 1.74932, 8.322782, 3.896813, 131.1482
-1.864989, 1.787395, 8.328838, 4.724779, 128.1801
-1.876951, 1.747851, 8.35, 4.439664, 131.2762
-1.863142, 1.798234, 8.340921, 5.237846, 127.3463
-1.876032, 1.793841, 8.339758, 4.197922, 127.6875
-1.86241, 1.801747, 8.363692, 5.986834, 127.096
-1.872238, 1.780056, 8.358568, 5.067487, 128.7769
-1.882867, 1.767094, 8.35, 3.979282, 129.7787
-1.885903, 1.767094, 8.34708, 3.653498, 129.7767
-1.87048, 1.767094, 8.345928, 4.819007, 129.776
-1.877521, 1.767094, 8.328485, 3.735981, 129.7641
-1.887493, 1.767094, 8.382777, 4.619865, 129.8008
-1.864776, 1.773497, 8.35, 5.387149, 129.2804
-1.875184, 1.758352, 8.344525, 4.409852, 130.4557
-1.869636, 1.761849, 8.339629, 4.692407, 130.1803
-1.858332, 1.769164, 8.330866, 5.306096, 129.6042
-1.863246, 1.760198, 8.347344, 5.425401, 130.3137
-1.861909, 1.781773, 8.35, 5.610209, 128.6364
-1.881475, 1.77229, 8.347325, 4.005733, 129.3724
-1.868284, 1.768917, 8.342392, 4.882121, 129.6315
-1.878572, 1.779992, 8.351005, 4.344149, 128.7758
-1.87051, 1.750675, 8.382818, 5.937209, 131.0731
-1.871091, 1.748916, 8.35, 4.895711, 131.1933
-1.879158, 1.768865, 8.348928, 4.235129, 129.6401
-1.855026, 1.753667, 8.341644, 5.892134, 130.8191
-1.872738, 1.771209, 8.361429, 5.115681, 129.4666
-1.863819, 1.743799, 8.357178, 5.679674, 131.5947
-1.867749, 1.745939, 8.35, 5.155778, 131.425
-1.853947, 1.772146, 8.343572, 6.034713, 129.3808
-1.852103, 1.792939, 8.332263, 5.834584, 127.7507
-1.866592, 1.746213, 8.334108, 4.7609, 131.3962
-1.872, 1.793713, 8.363214, 5.227304, 127.7196
-1.878485, 1.767094, 8.35, 4.320273, 129.7787
-1.891765, 1.767094, 8.355933, 3.46879, 129.7827
-1.892112, 1.767094, 8.348038, 3.199525, 129.7774
-1.860954, 1.767094, 8.374292, 6.420493, 129.7951
-1.839413, 1.767094, 8.341433, 7.102046, 129.7729
-1.880421, 1.772669, 8.35, 4.169569, 129.3448
-1.892884, 1.761227, 8.352547, 3.277888, 130.2368
-1.875514, 1.775168, 8.35011, 4.55482, 129.1504
-1.866785, 1.760158, 8.320725, 4.33598, 130.3006
-1.888849, 1.768292, 8.385771, 4.605803, 129.71
-1.861357, 1.765073, 8.35, 5.653195, 129.936
-1.894838, 1.781408, 8.35403, 3.171372, 128.668
-1.889129, 1.780798, 8.334213, 3.006635, 128.6993
-1.892005, 1.763303, 8.370875, 3.907356, 130.087
-1.883465, 1.749373, 8.3258, 3.189383, 131.1457
-1.843169, 1.794, 8.35, 7.068629, 127.6849
-1.882533, 1.793709, 8.346412, 3.895326, 127.7041
-1.886871, 1.741047, 8.367604, 4.206047, 131.8129
-1.862825, 1.787385, 8.368099, 6.088057, 128.2156
-1.84041, 1.786795, 8.359912, 7.582054, 128.2542
-1.854794, 1.752388, 8.35, 6.163902, 130.9231
-1.865651, 1.769796, 8.353863, 5.436516, 129.5712
-1.895757, 1.744736, 8.339572, 2.655144, 131.5139
-1.869111, 1.795056, 8.333509, 4.546165, 127.5868
-1.844577, 1.736672, 8.376828, 7.767134, 132.156
-1.871031, 1.767094, 8.35, 4.90036, 129.7787
-1.857909, 1.767094, 8.346359, 5.810895, 129.7762
-1.836529, 1.767094, 8.363674, 7.996774, 129.788
-1.866302, 1.767094, 8.36726, 5.79267, 129.7904
-1.869175, 1.767094, 8.383494, 6.061091, 129.8013
-1.865177, 1.769387, 8.35, 5.355906, 129.6003
-1.881696, 1.757906, 8.358934, 4.343476, 130.4989
-1.881129, 1.77581, 8.339897, 3.804975, 129.0926
-1.860062, 1.763821, 8.325516, 5.007706, 130.0175
-1.847104, 1.772173, 8.338243, 6.406145, 129.3748
-1.87667, 1.764922, 8.35, 4.461479, 129.9477
-1.8887, 1.751555, 8.359628, 3.82021, 130.993
-1.849122, 1.748469, 8.355825, 6.78154, 131.231
-1.891887, 1.754467, 8.324564, 2.493753, 130.7473
-1.874271, 1.765385, 8.387078, 5.774589, 129.936
-1.852294, 1.789594, 8.35, 6.358509, 128.0277
-1.83784, 1.745886, 8.359383, 7.765903, 131.4334
-1.88902, 1.767287, 8.3518, 3.555593, 129.7649
-1.898914, 1.786587, 8.379695, 3.640823, 128.2875
-1.890553, 1.795797, 8.381594, 4.346738, 127.5754
-1.869145, 1.762923, 8.35, 5.047131, 130.1033
-1.892805, 1.760552, 8.347404, 3.126054, 130.2862
-1.867268, 1.784312, 8.345754, 5.063767, 128.4352
-1.841333, 1.753811, 8.337411, 6.830721, 130.8055
-1.868422, 1.800396, 8.3177, 4.115181, 127.1542
-1.53628, 2.389187, 8.35, 30.951, 81.36679
-1.53628, 2.389187, 8.344657, 30.80601, 81.32957
-1.53628, 2.389187, 8.350435, 30.96279, 81.36981
-1.53628, 2.389187, 8.369441, 31.47679, 81.50168
-1.53628, 2.389187, 8.361745, 31.26895, 81.44835
-1.53628, 2.383972, 8.35, 30.951, 81.77264
-1.53628, 2.393462, 8.35562, 31.10327, 81.07343
-1.53628, 2.389145, 8.354854, 31.0825, 81.40376
-1.53628, 2.380739, 8.37165, 31.53635, 82.17258
-1.53628, 2.383775, 8.327976, 30.35213, 81.6355
-1.53628, 2.404197, 8.35, 30.951, 80.1987
-1.53628, 2.375606, 8.341116, 30.70982, 82.36304
-1.53628, 2.404603, 8.343491, 30.77434, 80.12074
-1.53628, 2.393145, 8.345671, 30.83353, 81.02844
-1.53628, 2.378369, 8.335605, 30.55993, 82.10986
-1.53628, 2.359603, 8.35, 30.951, 83.66902
-1.53628, 2.364315, 8.351275, 30.98557, 83.31088
-1.53628, 2.383853, 8.360841, 31.24452, 81.85663
-1.53628, 2.395474, 8.341129, 30.71018, 80.8152
-1.53628, 2.362825, 8.367415, 31.42213, 83.53456
-1.53628, 2.421864, 8.35, 30.951, 78.82382
-1.53628, 2.385834, 8.352635, 31.02243, 81.64597
-1.53628, 2.356325, 8.346722, 30.86207, 83.90237
-1.53628, 2.403557, 8.324863, 30.2672, 80.06938
-1.53628, 2.36168, 8.34007, 30.68138, 83.44098
-1.539298, 2.389187, 8.35, 30.71613, 81.36679
-1.544926, 2.389187, 8.357804, 30.49022, 81.42102
-1.543047, 2.389187, 8.334752, 30.00908, 81.26048
-1.538853, 2.389187, 8.355405, 30.89735, 81.40434
-1.539164, 2.389187, 8.323471, 30.00401, 81.18158
-1.540549, 2.395448, 8.35, 30.6188, 80.87956
-1.535776, 2.394463, 8.348312, 30.9445, 80.94437
-1.527922, 2.38808, 8.358438, 31.82922, 81.51144
-1.534569, 2.392584, 8.327134, 30.46271, 80.94214
-1.531604, 2.388535, 8.351644, 31.35933, 81.42891
-1.540795, 2.383226, 8.35, 30.59961, 81.83069
-1.535939, 2.381047, 8.34756, 30.91139, 81.98343
-1.545451, 2.376339, 8.344636, 30.09128, 82.32997
-1.526596, 2.384319, 8.344749, 31.56263, 81.70934
-1.528138, 2.40268, 8.384561, 32.51467, 80.56075
-1.528718, 2.394711, 8.35, 31.53949, 80.93694
-1.528743, 2.369627, 8.35676, 31.72013, 82.93456
-1.53735, 2.366929, 8.338316, 30.55036, 83.02017
-1.533912, 2.408004, 8.344678, 30.991, 79.86436
-1.526881, 2.3862, 8.367735, 32.16051, 81.7218
-1.53208, 2.420422, 8.35, 31.27782, 78.93607
-1.542715, 2.359509, 8.350397, 30.46101, 83.67903
-1.538952, 2.415832, 8.357543, 30.94759, 79.34767
-1.544158, 2.407482, 8.320426, 29.53062, 79.73102
-1.531519, 2.353514, 8.35172, 31.36808, 84.15424
-1.524655, 2.389187, 8.35, 31.85566, 81.36679
-1.534696, 2.389187, 8.348601, 31.03636, 81.35706
-1.52061, 2.389187, 8.34747, 32.10222, 81.34918
-1.544075, 2.389187, 8.334755, 29.92897, 81.2605
-1.528366, 2.389187, 8.342057, 31.35191, 81.31146
-1.551498, 2.393316, 8.35, 29.7667, 81.04547
-1.526247, 2.386041, 8.34085, 31.48428, 81.54819
-1.541746, 2.398721, 8.342417, 30.31938, 80.57127
-1.542679, 2.39743, 8.345592, 30.33319, 80.69424
-1.549845, 2.390255, 8.377415, 30.63978, 81.474
-1.535847, 2.407578, 8.35, 30.98469, 79.93555
-1.543959, 2.373358, 8.343744, 30.18318, 82.55609
-1.521299, 2.39035, 8.351665, 32.16173, 81.28786
-1.530254, 2.387884, 8.347623, 31.35559, 81.45168
-1.544401, 2.395157, 8.375593, 31.01272, 81.08119
-1.549504, 2.370583, 8.35, 29.92191, 82.81454
-1.548549, 2.382293, 8.352261, 30.05774, 81.91887
-1.536274, 2.402696, 8.355084, 31.08923, 80.35155
-1.544688, 2.385125, 8.330979, 29.77803, 81.55104
-1.55006, 2.378249, 8.317264, 28.98266, 81.9929
-1.53994, 2.355725, 8.35, 30.66615, 83.97084
-1.542426, 2.400029, 8.343552, 30.29726, 80.47746
-1.521468, 2.364104, 8.33766, 31.77039, 83.23593
-1.548051, 2.401384, 8.33, 29.48888, 80.27568
-1.535155, 2.419769, 8.38423, 31.96215, 79.23444
-1.562207, 2.389187, 8.35, 28.93338, 81.36679
-1.566146, 2.389187, 8.356065, 28.79291, 81.40894
-1.514435, 2.389187, 8.340224, 32.38773, 81.29868
-1.55745, 2.389187, 8.332871, 28.83439, 81.24736
-1.513337, 2.389187, 8.314625, 31.78106, 81.11955
-1.514416, 2.394593, 8.35, 32.6525, 80.94609
-1.511102, 2.392556, 8.34248, 32.7082, 81.05199
-1.554585, 2.383362, 8.339869, 29.24957, 81.75009
-1.518026, 2.381263, 8.37241, 32.97329, 82.13712
-1.516788, 2.397458, 8.387725, 33.47835, 80.98743
-1.560426, 2.383893, 8.35, 29.07194, 81.77873
-1.562453, 2.408653, 8.350981, 28.94099, 79.85893
-1.563845, 2.375344, 8.354545, 28.93025, 82.47499
-1.519034, 2.397213, 8.347398, 32.22297, 80.72383
-1.515977, 2.377618, 8.333097, 32.07513, 82.15123
-1.523179, 2.37498, 8.35, 31.97057, 82.4724
-1.564682, 2.401944, 8.346814, 28.65343, 80.35139
-1.506388, 2.371469, 8.330129, 32.74306, 82.61055
-1.527099, 2.381459, 8.32688, 31.03884, 81.8087
-1.533087, 2.366577, 8.353824, 31.30294, 83.15204
-1.510619, 2.401407, 8.35, 32.94796, 80.41577
-1.524215, 2.40504, 8.353054, 31.97229, 80.15483
-1.547114, 2.391703, 8.341649, 29.88028, 81.11258
-1.552555, 2.362974, 8.370344, 30.23792, 83.54247
-1.546575, 2.374838, 8.31495, 29.19147, 82.24362
-1.499018, 2.389187, 8.35, 33.85075, 81.36679
-1.502349, 2.389187, 8.345764, 33.47809, 81.3373
-1.54492, 2.389187, 8.346994, 30.19687, 81.34586
-1.56259, 2.389187, 8.370511, 29.46359, 81.50908
-1.57021, 2.389187, 8.33735, 27.96267, 81.27863
-1.535142, 2.388217, 8.35, 31.03957, 81.44223
-1.524453, 2.3943, 8.355549, 32.02104, 81.00778
-1.502161, 2.395766, 8.336942, 33.25597, 80.76291
-1.533476, 2.388001, 8.379393, 31.9623, 81.6624
-1.563692, 2.39086, 8.323741, 28.09603, 81.05287
-1.550097, 2.399041, 8.35, 29.87576, 80.59993
-1.559633, 2.387014, 8.351172, 29.1657, 81.54404
-1.566152, 2.373792, 8.35272, 28.70088, 82.58334
-1.537181, 2.402465, 8.323194, 30.15128, 80.14276
-1.497268, 2.383563, 8.383442, 34.87661, 82.03423
-1.537043, 2.417561, 8.35, 30.89161, 79.15868
-1.55502, 2.385231, 8.343057, 29.30293, 81.62654
-1.556532, 2.362288, 8.36271, 29.72158, 83.54494
-1.56019, 2.382563, 8.378962, 29.87958, 82.08104
-1.536674, 2.393209, 8.333959, 30.48446, 80.94135
-1.501467, 2.380518, 8.35, 33.66022, 82.04141
-1.567189, 2.419276, 8.35988, 28.81624, 79.09689
-1.553979, 2.426033, 8.35056, 29.58897, 78.50352
-1.527311, 2.416502, 8.348317, 31.60345, 79.22893
-1.55061, 2.41957, 8.348411, 29.79246, 78.99078
-1.912672, 2.389187, 8.35, 1.65978, 81.36679
-1.912672, 2.389187, 8.347125, 1.570845, 81.34677
-1.912672, 2.389187, 8.338518, 1.304312, 81.28679
-1.912672, 2.389187, 8.353592, 1.770773, 81.39175
-1.912672, 2.389187, 8.318428, 0.6797647, 81.14624
-1.912672, 2.380019, 8.35, 1.65978, 82.08023
-1.912672, 2.380805, 8.359668, 1.958256, 82.08545
-1.912672, 2.398405, 8.367203, 2.190371, 80.77043
-1.912672, 2.395859, 8.357112, 1.87942, 80.89745
-1.912672, 2.383313, 8.361953, 2.02868, 81.9062
-1.912672, 2.390323, 8.35, 1.65978, 81.27837
-1.912672, 2.408648, 8.340103, 1.353436, 79.78143
-1.912672, 2.380962, 8.35182, 1.716027, 82.01936
-1.912672, 2.402652, 8.34525, 1.512852, 80.28525
-1.912672, 2.399222, 8.351573, 1.708388, 80.59694
-1.912672, 2.385758, 8.35, 1.65978, 81.63365
-1.912672, 2.381238, 8.359098, 1.940703, 82.04788
-1.912672, 2.37519, 8.330276, 1.04845, 82.32121
-1.912672, 2.407181, 8.363899, 2.088675, 80.06549
-1.912672, 2.363852, 8.366096, 2.15631, 83.44597
-1.912672, 2.393685, 8.35, 1.65978, 81.01674
-1.912672, 2.400606, 8.340608, 1.369071, 80.41167
-1.912672, 2.377167, 8.350285, 1.668577, 82.30412
-1.912672, 2.415629, 8.328612, 0.9967804, 79.15413
-1.912672, 2.417439, 8.356745, 1.868091, 79.21696
-1.916084, 2.389187, 8.35, 1.394291, 81.36679
-1.91145, 2.389187, 8.340797, 1.470165, 81.30269
-1.90877, 2.389187, 8.337371, 1.572905, 81.27878
-1.914054, 2.389187, 8.355578, 1.724639, 81.40555
-1.904454, 2.389187, 8.337967, 1.927786, 81.28294
-1.908272, 2.381703, 8.35, 2.002244, 81.94923
-1.910976, 2.398876, 8.342671, 1.565166, 80.56105
-1.921806, 2.382949, 8.36903, 1.537571, 81.98309
-1.905773, 2.387066, 8.371184, 2.848291, 81.67833
-1.911436, 2.384259, 8.316333, 0.7110214, 81.51669
-1.91446, 2.391802, 8.35, 1.520662, 81.16327
-1.904654, 2.390843, 8.342699, 2.058449, 81.18692
-1.916054, 2.392951, 8.345694, 1.263285, 81.04375
-1.918511, 2.37162, 8.357689, 1.443315, 82.7859
-1.910521, 2.408967, 8.317396, 0.8157349, 79.59314
-1.916921, 2.364573, 8.35, 1.329103, 83.28229
-1.919006, 2.363981, 8.344225, 0.9878826, 83.28955
-1.912149, 2.406675, 8.335982, 1.26646, 79.90564
-1.918949, 2.40049, 8.34043, 0.8744717, 80.41943
-1.907195, 2.407164, 8.38423, 3.137584, 80.21104
-1.916786, 2.393872, 8.35, 1.339617, 81.00221
-1.919506, 2.391281, 8.3451, 0.9760523, 81.16962
-1.90613, 2.350415, 8.367723, 2.714367, 84.50017
-1.902892, 2.387278, 8.377392, 3.261995, 81.7047
-1.903499, 2.352693, 8.342221, 2.133622, 84.15547
-1.896546, 2.389187, 8.35, 2.914767, 81.36679
-1.919219, 2.389187, 8.354069, 1.276274, 81.39507
-1.901971, 2.389187, 8.369666, 3.096857, 81.50322
-1.902004, 2.389187, 8.331975, 1.933408, 81.24109
-1.932385, 2.389187, 8.362556, 0.5156994, 81.45398
-1.910255, 2.383555, 8.35, 1.847878, 81.80507
-1.899433, 2.383337, 8.344733, 2.527857, 81.78569
-1.893544, 2.386085, 8.351686, 3.200111, 81.61987
-1.925316, 2.3959, 8.333552, 0.1641512, 80.72856
-1.908051, 2.388632, 8.327629, 1.3269, 81.254
-1.895892, 2.40644, 8.35, 2.965679, 80.02415
-1.926189, 2.390965, 8.345237, 0.4599237, 81.19521
-1.92292, 2.38156, 8.334447, 0.3788567, 81.8531
-1.911717, 2.395403, 8.374207, 2.47982, 81.05244
-1.917259, 2.371237, 8.370708, 1.94222, 82.90356
-1.92346, 2.374362, 8.35, 0.8202839, 82.52051
-1.914387, 2.38299, 8.354779, 1.674013, 81.88196
-1.914875, 2.404477, 8.338423, 1.129646, 80.09448
-1.908735, 2.388409, 8.354376, 2.101207, 81.45772
-1.927848, 2.403824, 8.358973, 0.7572126, 80.29135
-1.901926, 2.403248, 8.35, 2.496057, 80.27254
-1.91182, 2.413924, 8.342003, 1.478662, 79.38405
-1.927637, 2.410069, 8.344129, 0.3126955, 79.69958
-1.913759, 2.396249, 8.331388, 0.9982252, 80.68607
-1.893049, 2.389187, 8.345554, 3.050251, 81.33583
-1.885636, 2.389187, 8.328338, 3.09813, 81.21567
-1.89378, 2.379955, 8.345347, 2.986951, 82.05325
-1.922424, 2.397252, 8.364988, 1.364794, 80.84444
-1.905542, 2.383475, 8.375526, 2.99931, 81.98685
-1.888251, 2.382711, 8.367045, 4.081779, 81.98796
-1.910658, 2.407456, 8.35, 1.816535, 79.94505
-1.905192, 2.402398, 8.35204, 2.304783, 80.35316
-1.913272, 2.402362, 8.330693, 1.014619, 80.20427
-1.895445, 2.404982, 8.362689, 3.389826, 80.22771
-1.902807, 2.377343, 8.35, 2.427478, 82.28848
-1.936734, 2.369286, 8.35865, 0.0564909, 82.97388
-1.894661, 2.392629, 8.341968, 2.814317, 81.04266
-1.920499, 2.415029, 8.339146, 0.7137966, 79.27725
-1.902655, 2.41826, 8.381042, 3.391957, 79.3284
-1.905881, 2.376185, 8.35, 2.188311, 82.37863
-1.904194, 2.405572, 8.345606, 2.184005, 80.06036
-1.905114, 2.382058, 8.349156, 2.221913, 81.91576
-1.883532, 2.383888, 8.378084, 4.784274, 81.97231
-1.910338, 2.423312, 8.366567, 2.352076, 78.83179
-1.87685, 2.389187, 8.35, 4.447546, 81.36679
-1.896546, 2.389187, 8.343554, 2.716355, 81.3219
-1.88604, 2.389187, 8.367327, 4.262066, 81.48703
-1.924143, 2.389187, 8.378865, 1.659422, 81.56682
-1.890514, 2.389187, 8.357212, 3.605304, 81.4169
-1.872802, 2.388196, 8.349774, 4.755664, 81.44235
-1.90537, 2.380396, 8.339338, 1.898761, 81.9776
-1.907114, 2.395634, 8.33075, 1.496816, 80.72957
-1.902331, 2.393292, 8.364606, 2.913694, 81.14937
-1.92585, 2.395164, 8.35, 0.6343031, 80.90161
-1.885382, 2.39895, 8.360916, 4.117513, 80.68394
-1.90695, 2.40584, 8.345198, 1.956825, 80.03656
-1.874288, 2.41145, 8.35, 4.646888, 79.63423
-1.887668, 2.389625, 8.351154, 3.640995, 81.34074
-1.875433, 2.378509, 8.330804, 3.970084, 82.06595
-1.921732, 2.396202, 8.331566, 0.3817892, 80.69104
-1.897089, 2.418396, 8.35, 2.87251, 79.09367
-1.895892, 2.373603, 8.351352, 3.00715, 82.5887
-1.920549, 2.353992, 8.345628, 0.9112501, 84.0768
-1.90956, 2.384058, 8.364593, 2.351747, 81.8665
-1.925814, 2.401047, 8.332156, 0.08182526, 80.31725
-1.912672, 2.599187, 8.35, 1.65978, 65.02434
-1.912672, 2.599187, 8.353498, 1.76784, 65.05608
-1.912672, 2.599187, 8.34531, 1.514711, 64.98177
-1.912672, 2.599187, 8.337991, 1.287932, 64.91516
-1.912672, 2.599187, 8.367454, 2.198095, 65.18239
-1.912672, 2.605784, 8.35, 1.65978, 64.51096
-1.912672, 2.608909, 8.343487, 1.458249, 64.20798
-1.912672, 2.603633, 8.354967, 1.813216, 64.72366
-1.912672, 2.60188, 8.337674, 1.278133, 64.70242
-1.912672, 2.600771, 8.342307, 1.421728, 64.8311
-1.912672, 2.588885, 8.35, 1.65978, 65.82611
-1.912672, 2.583426, 8.341778, 1.40532, 66.17755
-1.912672, 2.596187, 8.360665, 1.988997, 65.35413
-1.912672, 2.61305, 8.326107, 0.9188747, 63.72466
-1.912672, 2.615182, 8.372597, 2.356253, 63.98776
-1.912672, 2.612047, 8.35, 1.65978, 64.02361
-1.912672, 2.58689, 8.358394, 1.91896, 66.05644
-1.912672, 2.582146, 8.352292, 1.73059, 66.37091
-1.912672, 2.613379, 8.375303, 2.439423, 64.1524
-1.912672, 2.607197, 8.320832, 0.7546806, 64.13293
-1.912672, 2.616487, 8.35, 1.65978, 63.67805
-1.912672, 2.599672, 8.342888, 1.43971, 64.92203
-1.912672, 2.600419, 8.345788, 1.529503, 64.89018
-1.912672, 2.580458, 8.335575, 1.213017, 66.35345
-1.912672, 2.616521, 8.343156, 1.448007, 63.61206
-1.911025, 2.599187, 8.35, 1.787953, 65.02434
-1.907564, 2.599187, 8.344864, 1.898646, 64.97771
-1.913229, 2.599187, 8.358848, 1.889648, 65.10455
-1.914572, 2.599187, 8.360124, 1.824646, 65.1161
-1.920272, 2.599187, 8.375683, 1.861625, 65.25667
-1.912098, 2.597246, 8.35, 1.704469, 65.17545
-1.921459, 2.592842, 8.344958, 0.8195829, 65.47264
-1.915996, 2.608197, 8.334571, 0.9226656, 64.1815
-1.90574, 2.599879, 8.354495, 2.337828, 65.01134
-1.921867, 2.606648, 8.336601, 0.5280876, 64.32089
-1.907099, 2.602555, 8.35, 2.093539, 64.76227
-1.912815, 2.579842, 8.346718, 1.547127, 66.50066
-1.904745, 2.600572, 8.356713, 2.483511, 64.97757
-1.908255, 2.601475, 8.37417, 2.747283, 65.06557
-1.916094, 2.584113, 8.357822, 1.635303, 66.2672
-1.905324, 2.592636, 8.35, 2.231684, 65.53419
-1.90872, 2.583354, 8.346068, 1.845875, 66.22142
-1.902764, 2.570615, 8.368429, 2.997322, 67.40945
-1.91508, 2.580116, 8.357345, 1.69939, 66.57367
-1.91947, 2.626437, 8.332945, 0.6011724, 62.74387
-1.915053, 2.626322, 8.35, 1.4745, 62.91272
-1.91547, 2.59673, 8.354323, 1.575708, 65.25468
-1.903788, 2.582782, 8.365326, 2.822628, 66.43733
-1.903379, 2.589404, 8.36581, 2.869248, 65.92734
-1.904982, 2.595913, 8.333941, 1.76199, 65.13361
-1.930367, 2.599187, 8.35, 0.2827835, 65.02434
-1.928362, 2.599187, 8.353815, 0.5572557, 65.05894
-1.912201, 2.599187, 8.335475, 1.246619, 64.89226
-1.929365, 2.599187, 8.378512, 1.243701, 65.28217
-1.902006, 2.599187, 8.331635, 1.922736, 64.85727
-1.903689, 2.605884, 8.35, 2.358899, 64.50317
-1.928818, 2.593373, 8.352713, 0.4875612, 65.5013
-1.924072, 2.608763, 8.362647, 1.164422, 64.395
-1.913844, 2.594886, 8.352798, 1.655045, 65.38435
-1.922588, 2.601974, 8.323441, 0.0615406, 64.56485
-1.924235, 2.616219, 8.35, 0.7599592, 63.69891
-1.926468, 2.605616, 8.342393, 0.3497458, 64.45442
-1.902978, 2.589185, 8.350316, 2.423902, 65.80557
-1.903182, 2.615434, 8.352895, 2.487445, 63.78674
-1.920906, 2.592531, 8.333866, 0.5178881, 65.39664
-1.901135, 2.594014, 8.35, 2.557611, 65.42696
-1.917728, 2.569447, 8.354909, 1.418195, 67.38181
-1.91449, 2.623214, 8.33124, 0.9365988, 62.97934
-1.918579, 2.586454, 8.341378, 0.9327793, 65.93805
-1.89397, 2.595595, 8.321654, 2.241125, 65.04674
-1.894282, 2.564698, 8.35, 3.090949, 67.70836
-1.907505, 2.591119, 8.347907, 1.99728, 65.63338
-1.923877, 2.589684, 8.351004, 0.8189106, 65.77289
-1.90557, 2.634199, 8.358585, 2.477002, 62.38057
-1.922946, 2.622761, 8.331967, 0.2996635, 63.02148
-1.883361, 2.599187, 8.35, 3.940787, 65.02434
-1.898459, 2.599187, 8.357519, 2.996979, 65.09251
-1.907966, 2.599187, 8.342398, 1.791115, 64.95528
-1.940696, 2.599187, 8.376023, 0.2880192, 65.25974
-1.89289, 2.599187, 8.365306, 3.668404, 65.16298
-1.931066, 2.601385, 8.35, 0.2283382, 64.85329
-1.933797, 2.604687, 8.351815, 0.07229805, 64.6129
-1.895759, 2.598894, 8.349248, 2.952819, 65.04034
-1.92653, 2.609929, 8.35, 0.5813742, 64.18846
-1.892191, 2.604513, 8.343478, 3.053212, 64.55034
-1.923977, 2.585156, 8.366419, 1.288362, 66.26262
-1.893409, 2.599998, 8.37539, 3.936253, 65.19118
-1.894711, 2.584559, 8.38063, 3.995118, 66.43507
-1.893229, 2.596611, 8.358141, 3.422656, 65.29839
-1.912563, 2.573303, 8.348656, 1.626678, 67.02687
-1.918436, 2.598136, 8.338944, 0.8683062, 65.0058
-1.915593, 2.614761, 8.386628, 2.560501, 64.14894
-1.925095, 2.584789, 8.35, 0.6930685, 66.14488
-1.897879, 2.592147, 8.355304, 2.974062, 65.61995
-1.893817, 2.607044, 8.365608, 3.605676, 64.55556
-1.934025, 2.59773, 8.359151, 0.2825975, 65.22055
-1.89052, 2.599187, 8.35, 3.383718, 65.02434
-1.929235, 2.599187, 8.355509, 0.5419493, 65.0743
-1.889873, 2.599187, 8.334958, 2.971601, 64.88754
-1.876691, 2.599187, 8.326982, 3.754535, 64.8148
-1.893383, 2.600208, 8.345594, 3.025489, 64.90486
-1.929075, 2.590125, 8.358725, 0.6541014, 65.80789
-1.919293, 2.589199, 8.361411, 1.497545, 65.90387
-1.8836, 2.604918, 8.35, 3.922176, 64.57837
-1.919257, 2.602376, 8.350677, 1.168284, 64.78233
-1.898639, 2.590626, 8.358122, 3.001542, 65.76349
-1.916696, 2.580619, 8.35, 1.346669, 66.46936
-1.901708, 2.573887, 8.335777, 2.074156, 66.86757
-1.929151, 2.604473, 8.35, 0.3773832, 64.61301
-1.924054, 2.610564, 8.35793, 1.019855, 64.21178
-1.906908, 2.623824, 8.33827, 1.745853, 62.99754
-1.913332, 2.597959, 8.351896, 1.667061, 65.13716
-1.912672, 2.809187, 8.35, 1.65978, 48.68193
-1.912672, 2.809187, 8.352839, 1.747513, 48.7137
-1.912672, 2.809187, 8.339836, 1.345167, 48.56799
-1.912672, 2.809187, 8.379586, 2.570887, 49.0119
-1.912672, 2.809187, 8.373676, 2.389441, 48.94618
-1.912672, 2.803083, 8.35, 1.65978, 49.15697
-1.912672, 2.80591, 8.357792, 1.900392, 49.02385
-1.912672, 2.817484, 8.336697, 1.247821, 47.88593
-1.912672, 2.80666, 8.364428, 2.10494, 49.03943
-1.912672, 2.80737, 8.33804, 1.289492, 48.68947
-1.912672, 2.811645, 8.35, 1.65978, 48.49068
-1.912672, 2.807895, 8.342139, 1.416521, 48.6945
-1.912672, 2.82074, 8.351378, 1.702366, 47.79845
-1.912672, 2.822624, 8.326448, 0.9295034, 47.36856
-1.912672, 2.794806, 8.317575, 0.6531858, 49.44122
-1.912672, 2.827382, 8.35, 1.65978, 47.26601
-1.912672, 2.796728, 8.358296, 1.915941, 49.74329
-1.912672, 2.786231, 8.351791, 1.715126, 50.48807
-1.912672, 2.831809, 8.324042, 0.8546305, 46.62393
-1.912672, 2.804602, 8.353403, 1.764936, 49.07671
-1.912672, 2.797462, 8.35, 1.65978, 49.59436
-1.912672, 2.809889, 8.351503, 1.706228, 48.64413
-1.912672, 2.823382, 8.330261, 1.048007, 47.35286
-1.912672, 2.793097, 8.377113, 2.494984, 50.23222
-1.912672, 2.789611, 8.328812, 1.00296, 49.97171
-1.921203, 2.809187, 8.35, 0.9959221, 48.68193
-1.917517, 2.809187, 8.345694, 1.149316, 48.63368
-1.904918, 2.809187, 8.3356, 1.818323, 48.52042
-1.915748, 2.809187, 8.379498, 2.329717, 49.01091
-1.903677, 2.809187, 8.317719, 1.360631, 48.319
-1.914668, 2.800533, 8.35, 1.504455, 49.35541
-1.903101, 2.800263, 8.356829, 2.614889, 49.45219
-1.907523, 2.813236, 8.352032, 2.123179, 48.38971
-1.908729, 2.800195, 8.333762, 1.464243, 49.201
-1.915968, 2.817917, 8.378899, 2.29424, 48.32742
-1.904303, 2.791753, 8.35, 2.311106, 50.03873
-1.911179, 2.823447, 8.355524, 1.946497, 47.63478
-1.903543, 2.80199, 8.357409, 2.598324, 49.3244
-1.913683, 2.814206, 8.356345, 1.777139, 48.36269
-1.90874, 2.790956, 8.359117, 2.246876, 50.20099
-1.910214, 2.783103, 8.35, 1.85111, 50.71181
-1.919897, 2.835793, 8.342564, 0.8669043, 46.52611
-1.921481, 2.81527, 8.363338, 1.387081, 48.35844
-1.903152, 2.821861, 8.321755, 1.527014, 47.37466
-1.916525, 2.780017, 8.354405, 1.496201, 51
-1.906467, 2.801546, 8.35, 2.142706, 49.27658
-1.907793, 2.845882, 8.356573, 2.242212, 45.90224
-1.903494, 2.832623, 8.364933, 2.833343, 47.02852
-1.90999, 2.811201, 8.346504, 1.760473, 48.48598
-1.907628, 2.802059, 8.389001, 3.249865, 49.66832
-1.901876, 2.809187, 8.35, 2.499933, 48.68193
-1.904558, 2.809187, 8.340493, 1.997709, 48.57536
-1.905784, 2.809187, 8.341242, 1.925426, 48.58377
-1.90282, 2.809187, 8.363542, 2.843056, 48.83327
-1.924739, 2.809187, 8.380651, 1.668177, 49.02374
-1.928384, 2.808949, 8.35, 0.4370499, 48.7005
-1.895328, 2.814318, 8.356391, 3.205776, 48.35448
-1.900452, 2.809743, 8.348074, 2.551446, 48.61708
-1.896421, 2.818323, 8.324911, 2.150445, 47.68689
-1.91796, 2.802788, 8.362727, 1.641726, 49.32135
-1.90321, 2.797189, 8.35, 2.396135, 49.61563
-1.893514, 2.816903, 8.347181, 3.064041, 48.04967
-1.915428, 2.806123, 8.332011, 0.8874321, 48.71907
-1.893917, 2.801939, 8.334692, 2.648034, 49.07538
-1.925488, 2.796156, 8.334932, 0.1938057, 49.52902
-1.910732, 2.811273, 8.35, 1.81077, 48.51962
-1.9065, 2.805211, 8.342226, 1.900034, 48.90454
-1.904986, 2.802018, 8.347441, 2.178941, 49.21138
-1.897304, 2.783863, 8.322967, 2.021313, 50.3559
-1.895152, 2.821828, 8.313773, 1.90444, 47.28607
-1.901959, 2.792133, 8.35, 2.493482, 50.00914
-1.89766, 2.832675, 8.352241, 2.896972, 46.87971
-1.91093, 2.771614, 8.348628, 1.752949, 51.59111
-1.907197, 2.846244, 8.360099, 2.397094, 45.91479
-1.927422, 2.808227, 8.371042, 1.163778, 48.99138
-1.907779, 2.809187, 8.35, 2.04061, 48.68193
-1.9342, 2.809187, 8.35315, 0.08246899, 48.71718
-1.889953, 2.809187, 8.332538, 2.890749, 48.48598
-1.899619, 2.809187, 8.35146, 2.720518, 48.69829
-1.889665, 2.810197, 8.35, 3.450251, 48.60339
-1.930416, 2.808949, 8.349036, 0.2489233, 48.68967
-1.910626, 2.816053, 8.357922, 2.063456, 48.23679
-1.891888, 2.804557, 8.355886, 3.457789, 49.10785
-1.926033, 2.80971, 8.35, 0.6200409, 48.6413
-1.932189, 2.825774, 8.346165, 0.02160072, 47.34753
-1.924809, 2.824517, 8.336239, 0.2874184, 47.33247
-1.887717, 2.815796, 8.334554, 3.127284, 47.99329
-1.892914, 2.809662, 8.355712, 3.372688, 48.70894
-1.88374, 2.799806, 8.35, 3.911333, 49.41199
-1.917666, 2.789881, 8.359045, 1.550903, 50.28372
-1.891036, 2.824324, 8.334309, 2.860937, 47.32556
-1.905271, 2.793662, 8.361481, 2.589226, 50.01668
-1.886147, 2.801114, 8.327272, 3.025403, 49.05684
-1.907083, 2.773077, 8.35, 2.094727, 51.49205
-1.905656, 2.844018, 8.340279, 1.905599, 45.85901
-1.908864, 2.817411, 8.34807, 1.896529, 48.0202
-1.915098, 2.772315, 8.369191, 2.063212, 51.75859
-1.896225, 2.809187, 8.35, 2.939701, 48.68193
-1.933669, 2.809187, 8.357643, 0.2634144, 48.76743
-1.916242, 2.809187, 8.335371, 0.9283733, 48.51785
-1.908209, 2.809187, 8.368607, 2.58007, 48.88972
-1.905129, 2.816214, 8.35, 2.246776, 48.13512
-1.893905, 2.802513, 8.351348, 3.161688, 49.21635
-1.893889, 2.816052, 8.332336, 2.577581, 47.94827
-1.90485, 2.813868, 8.321952, 1.400471, 48.00119
-1.87602, 2.790668, 8.35, 4.512091, 50.12312
-1.914354, 2.826185, 8.352847, 1.616907, 47.39151
-1.886831, 2.789857, 8.346435, 3.561416, 50.14697
-1.902117, 2.792996, 8.34114, 2.207894, 49.84407
-1.874302, 2.814019, 8.339037, 4.31066, 48.1825
-1.928241, 2.815468, 8.35, 0.4481649, 48.19315
-1.901567, 2.819098, 8.354952, 2.676387, 47.96655
-1.915245, 2.824752, 8.35, 1.459579, 47.47069
-1.891638, 2.788015, 8.352312, 3.367653, 50.35492
-1.88654, 2.832275, 8.369971, 4.303894, 47.11284
-1.929316, 2.826251, 8.369884, 0.9809446, 47.57947
-1.927785, 2.788731, 8.369585, 1.090593, 50.48849
-1.912672, 3.019187, 8.35, 1.65978, 32.33952
-1.912672, 3.019187, 8.352474, 1.73624, 32.37245
-1.912672, 3.019187, 8.341913, 1.409512, 32.23174
-1.912672, 3.019187, 8.327201, 0.952878, 32.03503
-1.912672, 3.019187, 8.389468, 2.873654, 32.86238
-1.912672, 3.015315, 8.35, 1.65978, 32.64087
-1.912672, 3.023187, 8.345721, 1.527414, 31.97105
-1.912672, 3.012553, 8.330387, 1.051927, 32.59528
-1.912672, 3.025061, 8.338848, 1.314526, 31.73303
-1.912672, 3.015837, 8.380345, 2.594161, 33.00165
-1.912672, 3.033515, 8.35, 1.65978, 31.22455
-1.912672, 3.013967, 8.344579, 1.492066, 32.67384
-1.912672, 3.017774, 8.340358, 1.361318, 32.32109
-1.912672, 3.029195, 8.332964, 1.131964, 31.33165
-1.912672, 3.031487, 8.330659, 1.060352, 31.12178
-1.912672, 3.018337, 8.35, 1.65978, 32.40565
-1.912672, 3.040196, 8.351175, 1.6961, 30.72049
-1.912672, 3.03257, 8.351988, 1.721206, 31.32477
-1.912672, 3.041513, 8.37854, 2.538786, 30.98714
-1.912672, 3.033302, 8.372467, 2.35229, 31.5426
-1.912672, 3.022646, 8.35, 1.65978, 32.07036
-1.912672, 3.033555, 8.343349, 1.453986, 31.13182
-1.912672, 3.030153, 8.35796, 1.90557, 31.59294
-1.912672, 2.997576, 8.337653, 1.277475, 33.85938
-1.912672, 2.987807, 8.380905, 2.611327, 35.18166
-1.906709, 3.019187, 8.35, 2.123809, 32.33952
-1.911857, 3.019187, 8.351561, 1.771402, 32.36031
-1.921216, 3.019187, 8.346654, 0.8911228, 32.29494
-1.907711, 3.019187, 8.350375, 2.057462, 32.34451
-1.915544, 3.019187, 8.326344, 0.7020235, 32.02354
-1.918093, 3.01001, 8.35, 1.237893, 33.0537
-1.905404, 3.020826, 8.349574, 2.212272, 32.20633
-1.90748, 3.024265, 8.367361, 2.598424, 32.1759
-1.913582, 3.009876, 8.364136, 2.025275, 33.25066
-1.921559, 3.016387, 8.370052, 1.588225, 32.8232
-1.918838, 3.036316, 8.35, 1.179929, 31.00652
-1.910372, 3.008855, 8.341546, 1.577339, 33.03178
-1.914015, 3.029878, 8.359831, 1.858935, 31.63934
-1.904706, 3.021566, 8.34904, 2.250123, 32.1416
-1.911412, 3.014692, 8.322497, 0.9049559, 32.32307
-1.910104, 3.031122, 8.35, 1.859651, 31.41074
-1.904182, 3.034185, 8.347683, 2.249007, 31.14116
-1.911309, 3.047428, 8.366236, 2.266502, 30.36215
-1.912286, 3.001596, 8.330607, 1.088877, 33.45308
-1.919539, 3.004034, 8.35594, 1.309304, 33.59692
-1.914694, 3.044826, 8.35, 1.502466, 30.34433
-1.907288, 3.030443, 8.344632, 1.913023, 31.39146
-1.902687, 3.020232, 8.335332, 1.983991, 32.06236
-1.9118, 3.02039, 8.346555, 1.621127, 32.20003
-1.918283, 3.056052, 8.342584, 0.9932327, 29.36906
-1.903528, 3.019187, 8.35, 2.371387, 32.33952
-1.896067, 3.019187, 8.346603, 2.847533, 32.29427
-1.920787, 3.019187, 8.347797, 0.9599447, 32.31018
-1.921459, 3.019187, 8.335278, 0.5186605, 32.14313
-1.912776, 3.020223, 8.35, 1.651697, 32.25893
-1.925214, 3.011699, 8.346793, 0.5842209, 32.87978
-1.90897, 3.025481, 8.365088, 2.412786, 32.05116
-1.922398, 3.016694, 8.36321, 1.311822, 32.70883
-1.930821, 3.010019, 8.367025, 0.7756662, 33.27762
-1.899088, 3.023532, 8.35, 2.716928, 32.0014
-1.919133, 3.014868, 8.340337, 0.8572483, 32.5472
-1.902544, 3.031751, 8.363058, 2.849579, 31.53699
-1.907321, 3.00025, 8.350794, 2.10072, 33.82361
-1.918814, 3.03901, 8.338951, 0.8391237, 30.64738
-1.924184, 3.010973, 8.35, 0.7639503, 32.97876
-1.895822, 3.026888, 8.349224, 2.947183, 31.72986
-1.930431, 2.997702, 8.354629, 0.421586, 34.07211
-1.91584, 3.015397, 8.313457, 0.2770615, 32.14702
-1.907282, 3.049398, 8.35, 2.079248, 29.98846
-1.92462, 3.053642, 8.340217, 0.4259777, 29.52437
-1.926307, 2.997838, 8.362926, 0.9994125, 34.16994
-1.893743, 3.021137, 8.3536, 3.243413, 32.23572
-1.907975, 2.982093, 8.349607, 2.013159, 35.22115
-1.930328, 3.019187, 8.35, 0.2858019, 32.33952
-1.901461, 3.019187, 8.36802, 3.085957, 32.57889
-1.936602, 3.019187, 8.367992, 0.3567266, 32.57854
-1.919302, 3.019187, 8.376945, 1.975665, 32.69705
-1.91717, 3.016661, 8.35, 1.309748, 32.53612
-1.884073, 3.011813, 8.352403, 3.958969, 32.94521
-1.916645, 3.028069, 8.348148, 1.29324, 31.6235
-1.886583, 3.019287, 8.332857, 3.163462, 32.10294
-1.896538, 3.025612, 8.310916, 1.707373, 31.31395
-1.88339, 3.025424, 8.35, 3.938541, 31.85422
-1.932299, 3.009953, 8.354313, 0.2664757, 33.11517
-1.92488, 3.009152, 8.357328, 0.9369707, 33.21722
-1.920874, 3.027704, 8.340546, 0.728116, 31.5499
-1.924713, 3.023133, 8.35, 0.722723, 32.03247
-1.896414, 3.039275, 8.343052, 2.711148, 30.68224
-1.920828, 3.015413, 8.337912, 0.6497812, 32.47249
-1.88509, 2.998558, 8.342443, 3.574548, 33.84575
-1.889532, 3.002554, 8.346992, 3.368268, 33.59441
-1.910372, 2.988401, 8.346563, 1.732578, 34.6906
-1.921682, 3.006277, 8.358998, 1.237307, 33.46271
-1.919847, 2.986835, 8.384613, 2.16917, 35.30475
-1.873001, 3.019187, 8.35, 4.747024, 32.33952
-1.91569, 3.019187, 8.357046, 1.642785, 32.43324
-1.920007, 3.019187, 8.373325, 1.809597, 32.64915
-1.917263, 3.0285, 8.35, 1.302509, 31.61478
-1.893437, 3.018968, 8.340446, 2.862825, 32.22922
-1.883096, 3.022722, 8.337404, 3.575206, 31.896
-1.908664, 3.027829, 8.370845, 2.613459, 31.94562
-1.921172, 3.032088, 8.35, 0.9982967, 31.33556
-1.889431, 3.025585, 8.350027, 3.469248, 31.84195
-1.880116, 3.002762, 8.352816, 4.279432, 33.65472
-1.925604, 3.000193, 8.364712, 1.109219, 34.01038
-1.899632, 3.001981, 8.352361, 2.747269, 33.70958
-1.890652, 3.038954, 8.366546, 3.880105, 31.02435
-1.938174, 3.005918, 8.368614, 0.253973, 33.61694
-1.906471, 3.042203, 8.359673, 2.440338, 30.67931
-1.911269, 3.013177, 8.35, 1.76897, 32.80722
-1.887026, 2.987041, 8.349354, 3.635788, 34.83275
-1.906276, 3.058017, 8.321974, 1.289763, 28.93214
-1.925959, 3.035074, 8.364388, 1.071653, 31.29669
