-1.855741, 0.02, 8.35, 25.54546, 265.7393
-1.855741, 0.02, 8.34509, 25.40879, 265.8226
-1.855741, 0.02, 8.344602, 25.39518, 265.8309
-1.855741, 0.02, 8.340563, 25.28262, 265.8995
-1.855741, 0.02, 8.360509, 25.83735, 265.5614
-1.855741, 0.02798084, 8.35, 25.54546, 265.1182
-1.855741, 0.02969128, 8.342795, 25.34486, 265.1067
-1.855741, 0.01527901, 8.332047, 25.04494, 266.4127
-1.855741, 0.01533943, 8.368373, 26.05528, 265.7903
-1.855741, 0.01339619, 8.372675, 26.1743, 265.8683
-1.855741, 0.006003729, 8.35, 25.54546, 266.8285
-1.855741, 0.03230789, 8.341166, 25.29944, 264.9304
-1.855741, 0.02213006, 8.354484, 25.67009, 265.4977
-1.855741, 0.002277777, 8.374494, 26.22458, 266.7001
-1.855741, 0.02643203, 8.33447, 25.11259, 265.5016
-1.855741, 0.01911005, 8.35, 25.54546, 265.8086
-1.855741, 0.03619169, 8.359489, 25.80906, 264.3201
-1.855741, 0.02431049, 8.362383, 25.88931, 265.1948
-1.855741, 0.03688358, 8.341658, 25.31314, 264.5656
-1.855741, 0.04620232, 8.341151, 25.29902, 263.8481
-1.855741, 0.02162538, 8.35, 25.54546, 265.6128
-1.855741, 0.04062999, 8.340473, 25.28013, 264.2936
-1.855741, -0.006766543, 8.361733, 25.87133, 267.6205
-1.855741, -0.01894852, 8.353315, 25.63763, 268.7128
-1.855741, 0.04091233, 8.335135, 25.1312, 264.3613
-1.855188, 0.02, 8.35, 25.58847, 265.7393
-1.854929, 0.02, 8.355182, 25.75261, 265.6515
-1.856225, 0.02, 8.355396, 25.65781, 265.6479
-1.846402, 0.02, 8.36926, 26.80479, 265.4135
-1.85555, 0.02, 8.357865, 25.77889, 265.6061
-1.864144, 0.01993485, 8.35, 24.89154, 265.7444
-1.862911, 0.02466586, 8.354429, 25.11094, 265.3014
-1.863735, 0.02082863, 8.345548, 24.79906, 265.7503
-1.846774, 0.02311714, 8.33037, 25.69771, 265.8298
-1.860618, 0.02636056, 8.38157, 26.04199, 264.7132
-1.863282, 0.02002769, 8.35, 24.95866, 265.7372
-1.84952, 0.006672937, 8.347629, 25.96378, 266.817
-1.862633, 0.007106457, 8.342188, 24.79108, 266.8763
-1.863644, 0.01542271, 8.324212, 24.2087, 266.5355
-1.850067, 0.03419233, 8.315332, 25.0204, 265.2204
-1.849404, 0.03485569, 8.35, 26.03864, 264.5832
-1.865676, 0.02137898, 8.34564, 24.65055, 265.7059
-1.847696, 0.02649577, 8.342395, 25.96037, 265.3624
-1.850195, 0.02244437, 8.374646, 26.65907, 265.1331
-1.853966, -0.009480556, 8.33093, 25.1522, 268.3634
-1.857036, 0.02421839, 8.35, 25.44472, 265.411
-1.863483, 0.02694605, 8.355599, 25.09904, 265.1043
-1.856802, 0.009900304, 8.363324, 25.83305, 266.2984
-1.862831, 0.02693644, 8.347195, 24.91546, 265.2469
-1.848767, 0.0002312399, 8.371319, 26.67807, 266.913
-1.84203, 0.02, 8.35, 26.61251, 265.7393
-1.864247, 0.02, 8.357406, 25.08997, 265.6139
-1.842374, 0.02, 8.348794, 26.55234, 265.7598
-1.844788, 0.02, 8.328267, 25.79405, 266.1089
-1.867587, 0.02, 8.362384, 24.96898, 265.5297
-1.858539, 0.01106044, 8.35, 25.32771, 266.435
-1.869017, 0.01083887, 8.346746, 24.42132, 266.5077
-1.840937, 0.01791062, 8.355393, 26.84661, 265.8104
-1.868946, 0.01408129, 8.34252, 24.30858, 266.3273
-1.837246, 0.01743294, 8.322323, 26.21733, 266.4108
-1.843108, 0.01836617, 8.35, 26.52859, 265.8665
-1.866028, 0.01493428, 8.35228, 24.80852, 266.0948
-1.864317, 0.03679815, 8.356459, 25.05813, 264.3237
-1.868822, 0.03609877, 8.361614, 24.85153, 264.2917
-1.847273, 0.03217738, 8.325496, 25.52277, 265.2055
-1.849101, 0.04774106, 8.35, 26.06222, 263.5805
-1.859556, 0.04143256, 8.354542, 25.37501, 263.9954
-1.866498, 0.02991179, 8.356707, 24.89548, 264.855
-1.841307, 0.04680438, 8.355936, 26.83286, 263.5544
-1.847821, 0.002098283, 8.338403, 25.83967, 267.3315
-1.840367, 0.05260623, 8.35, 26.74187, 263.2018
-1.862665, 0.03926442, 8.353331, 25.0995, 264.1843
-1.83865, 0.026249, 8.368855, 27.39542, 264.9352
-1.863207, 0.05906972, 8.352072, 25.02228, 262.6646
-1.848845, 0.04322423, 8.370288, 26.64351, 263.5936
-1.851096, 0.02, 8.35, 25.90693, 265.7393
-1.853554, 0.02, 8.345149, 25.58072, 265.8216
-1.831459, 0.02, 8.345952, 27.32347, 265.808
-1.858294, 0.02, 8.333322, 24.88143, 266.0227
-1.86354, 0.02, 8.363114, 25.30375, 265.5173
-1.845737, 0.01416541, 8.35, 26.324, 266.1934
-1.852618, 0.01432308, 8.341805, 25.56058, 266.3207
-1.866953, 0.01653156, 8.345687, 24.55238, 266.0826
-1.850252, 0.01024869, 8.320501, 25.15058, 267.0032
-1.836404, 0.01297941, 8.332203, 26.5576, 266.5894
-1.839628, 0.02289786, 8.35, 26.79943, 265.5138
-1.849895, 0.03329119, 8.353175, 26.08845, 264.6516
-1.867274, 0.02514495, 8.367151, 25.12595, 265.0496
-1.882214, 0.03442548, 8.341737, 23.25302, 264.7558
-1.850368, 0.02362081, 8.382675, 26.86684, 264.907
-1.871443, 0.04202863, 8.35, 24.32354, 264.025
-1.856595, -0.0007403959, 8.348706, 25.443, 267.3755
-1.880841, -0.006301237, 8.336386, 23.20933, 268.021
-1.885489, 0.0299613, 8.349154, 23.20666, 264.9784
-1.881427, 0.0113186, 8.350593, 23.56316, 266.4048
-1.842217, 0.0126991, 8.35, 26.59792, 266.3075
-1.851215, 0.0339516, 8.358871, 26.14376, 264.5046
-1.883604, 0.002131749, 8.340589, 23.1124, 267.2913
-1.848126, 0.04260919, 8.358165, 26.36431, 263.8434
-1.831052, 0.05707832, 8.340735, 27.21112, 263.0077
-1.889581, 0.02, 8.35, 22.91206, 265.7393
-1.879607, 0.02, 8.354491, 23.81415, 265.6632
-1.81644, 0.02, 8.354537, 28.72828, 265.6624
-1.834353, 0.02, 8.371193, 27.79322, 265.3809
-1.848478, 0.02, 8.325165, 25.41945, 266.1618
-1.839641, 0.01495524, 8.35, 26.79839, 266.1319
-1.824012, 0.01083696, 8.354542, 28.13943, 266.375
-1.880972, 0.01409081, 8.339828, 23.29609, 266.3725
-1.875317, 0.02467798, 8.366197, 24.47483, 265.102
-1.847346, 0.01755879, 8.360969, 26.50254, 265.7433
-1.84971, 0.01768227, 8.35, 26.0148, 265.9197
-1.887307, 0.001254026, 8.345949, 22.97491, 267.2676
-1.889601, 0.0298482, 8.357496, 23.12133, 264.8467
-1.844553, 0.01695799, 8.334361, 25.98199, 266.2422
-1.882874, 0.02301583, 8.322269, 22.65222, 265.9757
-1.852401, 0.02867389, 8.35, 25.80538, 265.0643
-1.88295, 0.01780403, 8.350828, 23.45132, 265.8961
-1.894858, 0.004119903, 8.351018, 22.53, 266.9577
-1.841008, 0.006091588, 8.345068, 26.55547, 266.906
-1.891092, 0.01126869, 8.362016, 23.1324, 266.2143
-1.893724, 0.03632431, 8.35, 22.58961, 264.4689
-1.877056, -0.008484406, 8.35778, 24.10453, 267.822
-1.838319, -0.005231917, 8.348435, 26.85804, 267.7298
-1.881946, -0.01303432, 8.354244, 23.62524, 268.2367
-1.824374, 0.05009586, 8.385334, 28.95368, 262.8115
-1.855741, 0.17, 8.35, 25.54546, 254.0661
-1.855741, 0.17, 8.348333, 25.49907, 254.0919
-1.855741, 0.17, 8.330836, 25.01108, 254.3628
-1.855741, 0.17, 8.326888, 24.90066, 254.4241
-1.855741, 0.17, 8.326838, 24.89927, 254.4249
-1.855741, 0.1624531, 8.35, 25.54546, 254.6535
-1.855741, 0.1795871, 8.347653, 25.48014, 253.3561
-1.855741, 0.1619038, 8.361937, 25.87694, 254.5112
-1.855741, 0.1730614, 8.376311, 26.27481, 253.4238
-1.855741, 0.173026, 8.312197, 24.48875, 254.4162
-1.855741, 0.1853574, 8.35, 25.54546, 252.871
-1.855741, 0.1601817, 8.355749, 25.70523, 254.7409
-1.855741, 0.1608883, 8.334484, 25.11299, 255.0168
-1.855741, 0.1804059, 8.35393, 25.65471, 253.1961
-1.855741, 0.1869667, 8.316151, 24.59976, 253.265
-1.855741, 0.1460061, 8.35, 25.54546, 255.9334
-1.855741, 0.1659915, 8.351665, 25.59174, 254.3523
-1.855741, 0.1561453, 8.365544, 25.97694, 254.9026
-1.855741, 0.1668094, 8.347606, 25.47881, 254.3515
-1.855741, 0.1527518, 8.343915, 25.37604, 255.5035
-1.855741, 0.2030092, 8.35, 25.54546, 251.4973
-1.855741, 0.1839469, 8.345719, 25.42631, 253.0463
-1.855741, 0.1860341, 8.363897, 25.9313, 252.6064
-1.855741, 0.1619106, 8.377971, 26.32063, 254.263
-1.855741, 0.1789888, 8.336902, 25.18049, 253.5681
-1.85477, 0.17, 8.35, 25.62109, 254.0661
-1.863546, 0.17, 8.352448, 25.00631, 254.0284
-1.862385, 0.17, 8.356808, 25.21809, 253.9611
-1.845777, 0.17, 8.33274, 25.84146, 254.3333
-1.857581, 0.17, 8.340159, 25.12806, 254.2183
-1.86201, 0.1754588, 8.35, 25.05764, 253.6413
-1.858813, 0.1799886, 8.343593, 25.12783, 253.3872
-1.846583, 0.1645525, 8.344584, 26.10789, 254.5741
-1.854176, 0.1695904, 8.328985, 25.08143, 254.4235
-1.846654, 0.1675949, 8.386235, 27.25247, 253.6955
-1.86182, 0.1767636, 8.35, 25.07244, 253.5398
-1.857281, 0.1898759, 8.340816, 25.16969, 252.6596
-1.852633, 0.180525, 8.345967, 25.67521, 253.309
-1.860739, 0.1564969, 8.378859, 25.95766, 254.6691
-1.850164, 0.187291, 8.386245, 26.98088, 252.1697
-1.846363, 0.1440018, 8.35, 26.27531, 256.0894
-1.848149, 0.1707827, 8.350674, 26.155, 253.9948
-1.863085, 0.1852587, 8.345992, 24.86213, 252.94
-1.859725, 0.171396, 8.325096, 24.53949, 254.343
-1.854328, 0.1983264, 8.330089, 25.10046, 252.1644
-1.862842, 0.2083063, 8.35, 24.99285, 251.0851
-1.855522, 0.1660002, 8.346338, 25.46057, 254.4342
-1.851007, 0.186366, 8.339834, 25.63126, 252.9481
-1.857069, 0.1981331, 8.374413, 26.11934, 251.5079
-1.848044, 0.1517835, 8.316152, 25.20146, 256.0151
-1.839083, 0.17, 8.35, 26.84183, 254.0661
-1.83733, 0.17, 8.34427, 26.81977, 254.1547
-1.845196, 0.17, 8.340924, 26.11427, 254.2065
-1.875595, 0.17, 8.338623, 23.68117, 254.2421
-1.868809, 0.17, 8.34059, 24.26519, 254.2116
-1.870946, 0.1642511, 8.35, 24.36218, 254.5135
-1.869374, 0.1774783, 8.347818, 24.42354, 253.5177
-1.870122, 0.1786768, 8.360255, 24.71269, 253.2337
-1.875624, 0.1781966, 8.349863, 23.9943, 253.4304
-1.873378, 0.1683317, 8.347019, 24.08949, 254.2421
-1.850451, 0.1685406, 8.35, 25.95717, 254.1797
-1.848597, 0.1741283, 8.354385, 26.22301, 253.6774
-1.855001, 0.1670139, 8.367451, 26.08725, 254.0291
-1.87214, 0.1804765, 8.365186, 24.6933, 253.0184
-1.857683, 0.1734465, 8.350019, 25.39484, 253.7977
-1.84422, 0.1551689, 8.35, 26.44205, 255.2203
-1.861027, 0.1428619, 8.356791, 25.32317, 256.0714
-1.875736, 0.1807251, 8.343172, 23.79796, 253.3363
-1.874832, 0.1871039, 8.333613, 23.59986, 252.9859
-1.84371, 0.1908657, 8.361487, 26.79942, 252.2676
-1.855368, 0.1725845, 8.35, 25.57447, 253.865
-1.864768, 0.1488334, 8.358676, 25.08482, 255.5777
-1.859072, 0.1654419, 8.363564, 25.6633, 254.2111
-1.867023, 0.1743669, 8.341216, 24.42192, 253.8617
-1.854951, 0.2092476, 8.380815, 26.46038, 250.55
-1.85305, 0.17, 8.35, 25.75491, 254.0661
-1.873075, 0.17, 8.343792, 24.02258, 254.1621
-1.826462, 0.17, 8.346655, 27.73187, 254.1178
-1.841446, 0.17, 8.335717, 26.262, 254.2871
-1.874673, 0.17, 8.368537, 24.59005, 253.7806
-1.863147, 0.1745296, 8.35, 24.96914, 253.7137
-1.869851, 0.1720749, 8.351244, 24.48216, 253.8855
-1.857082, 0.1773948, 8.367818, 25.93583, 253.2175
-1.883824, 0.1799772, 8.347649, 23.29392, 253.3258
-1.859489, 0.160557, 8.324323, 24.53622, 255.2013
-1.845359, 0.1670396, 8.35, 26.35338, 254.2965
-1.840376, 0.1608133, 8.352365, 26.80661, 254.7443
-1.829416, 0.1846521, 8.368811, 28.11104, 252.6389
-1.85446, 0.1657963, 8.375695, 26.35713, 253.9967
-1.852605, 0.1527573, 8.353933, 25.89877, 255.3466
-1.857618, 0.1632925, 8.35, 25.39939, 254.5881
-1.842651, 0.1955131, 8.348969, 26.53555, 252.0964
-1.878444, 0.1936214, 8.341825, 23.54918, 252.3523
-1.827185, 0.1553385, 8.32207, 26.9961, 255.6442
-1.872306, 0.1674443, 8.373563, 24.91366, 253.9017
-1.843124, 0.1532194, 8.35, 26.52733, 255.372
-1.854283, 0.133632, 8.341811, 25.43108, 257.0259
-1.852719, 0.1398392, 8.362337, 26.12288, 256.2193
-1.8687, 0.2042319, 8.339006, 24.22932, 251.5684
-1.834471, 0.1399012, 8.36311, 27.56189, 256.2024
-1.821027, 0.17, 8.35, 28.24699, 254.0661
-1.833849, 0.17, 8.341043, 27.00166, 254.2046
-1.866628, 0.17, 8.366722, 25.1642, 253.8085
-1.842165, 0.17, 8.348858, 26.57034, 254.0838
-1.831665, 0.17, 8.321869, 26.6406, 254.5022
-1.86302, 0.161014, 8.35, 24.97905, 254.7654
-1.870859, 0.1658758, 8.35031, 24.37769, 254.3823
-1.819183, 0.1780058, 8.359225, 28.64333, 253.3016
-1.886936, 0.1797796, 8.374605, 23.80782, 252.9287
-1.859022, 0.1747861, 8.342701, 25.08668, 253.8062
-1.851371, 0.1770063, 8.35, 25.88556, 253.5209
-1.843192, 0.1694769, 8.350854, 26.54572, 254.0937
-1.838029, 0.1690912, 8.330422, 26.38139, 254.4402
-1.847651, 0.1764672, 8.347416, 26.10334, 253.6026
-1.835377, 0.1833237, 8.35556, 27.28359, 252.9442
-1.821259, 0.1534468, 8.35, 28.22894, 255.3543
-1.829918, 0.1627129, 8.355287, 27.7006, 254.5513
-1.878093, 0.1443281, 8.362917, 24.16758, 255.8615
-1.833802, 0.1419068, 8.328517, 26.65831, 256.5912
-1.82579, 0.1929191, 8.383882, 28.80439, 251.7694
-1.850771, 0.199789, 8.35, 25.93227, 251.7479
-1.837802, 0.16995, 8.350575, 26.9574, 254.0612
-1.866125, 0.1434157, 8.344636, 24.58752, 256.2193
-1.832932, 0.1784213, 8.361259, 27.63062, 253.2382
-1.834085, 0.2085866, 8.339212, 26.93267, 251.2259
-1.855741, 0.32, 8.35, 25.54546, 242.393
-1.855741, 0.32, 8.34212, 25.32603, 242.5029
-1.855741, 0.32, 8.355929, 25.71024, 242.3105
-1.855741, 0.32, 8.344775, 25.40002, 242.4658
-1.855741, 0.32, 8.380775, 26.39806, 241.966
-1.855741, 0.3221634, 8.35, 25.54546, 242.2246
-1.855741, 0.3205544, 8.350847, 25.56902, 242.3381
-1.855741, 0.3205391, 8.334969, 25.12653, 242.5608
-1.855741, 0.3167515, 8.33748, 25.19663, 242.8209
-1.855741, 0.3157594, 8.323447, 24.80431, 243.0953
-1.855741, 0.3094437, 8.35, 25.54546, 243.2145
-1.855741, 0.3350437, 8.342663, 25.34115, 241.3235
-1.855741, 0.3342549, 8.363908, 25.93158, 241.0923
-1.855741, 0.3124507, 8.321639, 24.75366, 243.3792
-1.855741, 0.3143941, 8.336631, 25.17292, 243.0166
-1.855741, 0.3001336, 8.35, 25.54546, 243.939
-1.855741, 0.3283074, 8.358539, 25.78268, 241.6284
-1.855741, 0.3350171, 8.357855, 25.7637, 241.1162
-1.855741, 0.335466, 8.337191, 25.18855, 241.3661
-1.855741, 0.3395965, 8.380712, 26.39628, 240.448
-1.855741, 0.3274719, 8.35, 25.54546, 241.8115
-1.855741, 0.3128677, 8.35624, 25.71889, 242.8607
-1.855741, 0.3072784, 8.344965, 25.4053, 243.4538
-1.855741, 0.3093342, 8.346491, 25.4478, 243.2723
-1.855741, 0.3514096, 8.317215, 24.62963, 240.3969
-1.860195, 0.32, 8.35, 25.19884, 242.393
-1.858134, 0.32, 8.35857, 25.59759, 242.2738
-1.855286, 0.32, 8.337327, 25.22783, 242.5698
-1.860642, 0.32, 8.362507, 25.51201, 242.2191
-1.852674, 0.32, 8.347157, 25.70513, 242.4326
-1.861622, 0.3113681, 8.35, 25.08781, 243.0647
-1.859034, 0.3204787, 8.340984, 25.03784, 242.4814
-1.849468, 0.3173464, 8.347937, 25.97631, 242.6283
-1.850615, 0.3153925, 8.328568, 25.34772, 243.0519
-1.851634, 0.325826, 8.371516, 26.46097, 241.642
-1.853327, 0.3209899, 8.35, 25.73333, 242.316
-1.84861, 0.309065, 8.352745, 26.17656, 243.2055
-1.855727, 0.3104279, 8.341456, 25.30864, 243.2579
-1.855422, 0.3082899, 8.354362, 25.69147, 243.2431
-1.863293, 0.3196078, 8.36807, 25.46056, 242.1723
-1.856173, 0.3077692, 8.35, 25.51184, 243.3448
-1.859268, 0.301206, 8.344371, 25.1141, 243.9351
-1.860994, 0.2922358, 8.362049, 25.47193, 244.3827
-1.865213, 0.3023581, 8.345767, 24.69013, 243.8257
-1.846528, 0.3221276, 8.350212, 26.26828, 242.2245
-1.860048, 0.3248563, 8.35, 25.2103, 242.0151
-1.849398, 0.3189423, 8.356782, 26.22715, 242.3809
-1.85397, 0.3597093, 8.33913, 25.38074, 239.45
-1.8458, 0.3215554, 8.326823, 25.67479, 242.5954
-1.8503, 0.2835966, 8.372595, 26.59431, 244.9039
-1.85464, 0.32, 8.35, 25.63118, 242.393
-1.848655, 0.32, 8.347078, 26.01583, 242.4337
-1.838639, 0.32, 8.341628, 26.64472, 242.5098
-1.861319, 0.32, 8.373904, 25.77557, 242.0611
-1.859619, 0.32, 8.36404, 25.63405, 242.1978
-1.867621, 0.3144785, 8.35, 24.62098, 242.8227
-1.868985, 0.3179859, 8.343938, 24.3452, 242.6344
-1.84275, 0.3106412, 8.345982, 26.44511, 243.1777
-1.837463, 0.3276261, 8.342898, 26.77151, 241.898
-1.85028, 0.3120409, 8.37364, 26.62466, 242.6822
-1.843889, 0.3218422, 8.35, 26.4678, 242.2496
-1.840904, 0.310537, 8.347609, 26.63389, 243.163
-1.851595, 0.3358627, 8.357632, 26.07985, 241.0536
-1.865345, 0.3116397, 8.357722, 25.01338, 242.9355
-1.865496, 0.3280775, 8.34225, 24.56975, 241.8718
-1.864202, 0.317051, 8.35, 24.88701, 242.6225
-1.860465, 0.3404644, 8.357672, 25.39138, 240.6953
-1.839736, 0.3447715, 8.348655, 26.75378, 240.4837
-1.859863, 0.3315264, 8.360376, 25.51339, 241.3529
-1.8462, 0.3203181, 8.31682, 25.36431, 242.8323
-1.864323, 0.3149153, 8.35, 24.87765, 242.7887
-1.86211, 0.2987589, 8.342793, 24.84874, 244.148
-1.843319, 0.3524344, 8.35859, 26.74978, 239.7522
-1.85161, 0.3399957, 8.328765, 25.27552, 241.1292
-1.849256, 0.2933264, 8.320246, 25.22129, 244.8929
-1.855488, 0.32, 8.35, 25.56519, 242.393
-1.862992, 0.32, 8.350091, 24.9837, 242.3917
-1.878629, 0.32, 8.344499, 23.60986, 242.4697
-1.854667, 0.32, 8.372097, 26.24166, 242.0861
-1.83663, 0.32, 8.35416, 27.14759, 242.3351
-1.865696, 0.3214197, 8.35, 24.77079, 242.2825
-1.844335, 0.3105706, 8.347569, 26.36573, 243.1609
-1.835041, 0.3256127, 8.338013, 26.82494, 242.1228
-1.846527, 0.3285136, 8.355611, 26.4179, 241.6529
-1.846533, 0.311537, 8.38922, 27.34378, 242.5047
-1.826901, 0.3291037, 8.35, 27.78986, 241.6845
-1.853026, 0.3041647, 8.342406, 25.54556, 243.7324
-1.872108, 0.3232557, 8.357345, 24.47705, 242.0377
-1.858545, 0.3328226, 8.369244, 25.86172, 241.1302
-1.849546, 0.3010304, 8.310349, 24.92146, 244.432
-1.858423, 0.3071947, 8.35, 25.33673, 243.3895
-1.883412, 0.301014, 8.351338, 23.42969, 243.8516
-1.864392, 0.3290618, 8.332727, 24.38919, 241.9274
-1.882883, 0.3006158, 8.354749, 23.56652, 243.8345
-1.848, 0.3360589, 8.355303, 26.29489, 241.0703
-1.845259, 0.3318132, 8.35, 26.36118, 241.4737
-1.831035, 0.2832558, 8.352395, 27.5341, 245.2182
-1.837803, 0.3462652, 8.356002, 27.10715, 240.2671
-1.834105, 0.3528674, 8.355482, 27.38041, 239.7608
-1.8856, 0.2941059, 8.37408, 23.89671, 244.0675
-1.889973, 0.32, 8.35, 22.88149, 242.393
-1.841742, 0.32, 8.348931, 26.60528, 242.4079
-1.822356, 0.32, 8.331763, 27.64123, 242.6476
-1.828145, 0.32, 8.366031, 28.13348, 242.1702
-1.878588, 0.32, 8.336759, 23.3955, 242.5778
-1.85425, 0.3201667, 8.35, 25.66154, 242.38
-1.839659, 0.3223981, 8.353968, 26.9066, 242.1512
-1.840856, 0.3204255, 8.343699, 26.52941, 242.4477
-1.829776, 0.3236231, 8.321339, 26.77344, 242.5107
-1.831167, 0.3194216, 8.324812, 26.76119, 242.7902
-1.846005, 0.3397156, 8.35, 26.30312, 240.8587
-1.893761, 0.3271606, 8.351745, 22.63587, 241.8116
-1.884133, 0.3253846, 8.368254, 23.84771, 241.7213
-1.81735, 0.3102404, 8.375389, 29.22717, 242.7975
-1.82565, 0.3341971, 8.362947, 28.24273, 241.11
-1.860601, 0.3127407, 8.35, 25.16727, 242.9579
-1.857244, 0.3168504, 8.358489, 25.66445, 242.5197
-1.873083, 0.3082827, 8.333587, 23.7355, 243.5359
-1.841609, 0.3411042, 8.344134, 26.4828, 240.8312
-1.853329, 0.3049028, 8.383699, 26.66561, 243.0954
-1.893244, 0.3137023, 8.35, 22.62694, 242.8831
-1.869329, 0.3054131, 8.346972, 24.40337, 243.5708
-1.837922, 0.3144147, 8.360906, 27.23315, 242.6754
-1.834688, 0.3145058, 8.330827, 26.65329, 243.0894
-1.842432, 0.2978074, 8.388328, 27.63691, 243.5803
-1.855741, 0.47, 8.35, 25.54546, 230.7198
-1.855741, 0.47, 8.352161, 25.60555, 230.693
-1.855741, 0.47, 8.34703, 25.4628, 230.7567
-1.855741, 0.47, 8.359452, 25.80803, 230.6027
-1.855741, 0.47, 8.347037, 25.46299, 230.7567
-1.855741, 0.4747702, 8.35, 25.54546, 230.3486
-1.855741, 0.465567, 8.352224, 25.6073, 231.0371
-1.855741, 0.4718669, 8.351665, 25.59174, 230.554
-1.855741, 0.4625987, 8.347583, 25.4782, 231.326
-1.855741, 0.4606179, 8.320032, 24.70862, 231.8263
-1.855741, 0.4827084, 8.35, 25.54546, 229.7309
-1.855741, 0.4825383, 8.345856, 25.4301, 229.7951
-1.855741, 0.4769012, 8.352343, 25.61058, 230.1539
-1.855741, 0.4761475, 8.341463, 25.30772, 230.347
-1.855741, 0.4867583, 8.358215, 25.77371, 229.3152
-1.855741, 0.4950694, 8.35, 25.54546, 228.7689
-1.855741, 0.4920946, 8.345843, 25.42976, 229.0511
-1.855741, 0.4995342, 8.360682, 25.84213, 228.2922
-1.855741, 0.453825, 8.379364, 26.3591, 231.6107
-1.855741, 0.4533039, 8.321815, 24.75861, 232.3751
-1.855741, 0.4872921, 8.35, 25.54546, 229.3742
-1.855741, 0.4325798, 8.340362, 25.27702, 233.7554
-1.855741, 0.438115, 8.362733, 25.89902, 233.0393
-1.855741, 0.4688262, 8.340302, 25.27538, 230.9319
-1.855741, 0.4340233, 8.38334, 26.4688, 233.0954
-1.846867, 0.47, 8.35, 26.23604, 230.7198
-1.853579, 0.47, 8.356459, 25.8931, 230.6397
-1.851315, 0.47, 8.339306, 25.59249, 230.8528
-1.853939, 0.47, 8.360223, 25.96945, 230.5931
-1.845753, 0.47, 8.352439, 26.39035, 230.6896
-1.851384, 0.4672916, 8.35, 25.88457, 230.9306
-1.863111, 0.4685727, 8.355528, 25.12599, 230.7623
-1.855484, 0.4723653, 8.366521, 26.02399, 230.3315
-1.864198, 0.4734783, 8.374601, 25.57152, 230.1456
-1.860034, 0.4770047, 8.331914, 24.70634, 230.3985
-1.849928, 0.4751885, 8.35, 25.99783, 230.3161
-1.857601, 0.4704475, 8.350939, 25.42686, 230.6734
-1.860823, 0.4666752, 8.36676, 25.61607, 230.7704
-1.845975, 0.4813898, 8.365153, 26.7246, 229.6475
-1.856686, 0.4854949, 8.343979, 25.30424, 229.5879
-1.86352, 0.4417974, 8.35, 24.94012, 232.9146
-1.86367, 0.4893003, 8.353588, 25.02843, 229.1741
-1.861078, 0.4944453, 8.360089, 25.41093, 228.6949
-1.848514, 0.4744495, 8.360875, 26.40913, 230.2393
-1.863109, 0.4491795, 8.317823, 24.07093, 232.7481
-1.855723, 0.4731905, 8.35, 25.54688, 230.4716
-1.863343, 0.4674813, 8.351295, 24.99001, 230.8997
-1.862948, 0.4522452, 8.333429, 24.52148, 232.3107
-1.859221, 0.4566697, 8.361253, 25.58757, 231.6162
-1.850276, 0.4852018, 8.374229, 26.64127, 229.2407
-1.874172, 0.47, 8.35, 24.11119, 230.7198
-1.869225, 0.47, 8.344974, 24.35556, 230.7823
-1.84362, 0.47, 8.336091, 26.10287, 230.8928
-1.835964, 0.47, 8.352712, 27.15938, 230.6862
-1.870115, 0.47, 8.370661, 25.00301, 230.464
-1.866883, 0.477165, 8.35, 24.67837, 230.1623
-1.837898, 0.4728103, 8.358559, 27.17028, 230.3952
-1.869739, 0.4798543, 8.340922, 24.20202, 230.0649
-1.864587, 0.4776474, 8.363333, 25.22847, 229.9605
-1.856889, 0.461224, 8.320877, 24.64271, 231.7683
-1.870017, 0.4511275, 8.35, 24.43449, 232.1885
-1.845748, 0.4557145, 8.3439, 26.15396, 231.9082
-1.859284, 0.4766501, 8.359333, 25.52939, 230.0872
-1.858599, 0.4513262, 8.36486, 25.73597, 231.9861
-1.851254, 0.4500569, 8.326763, 25.24746, 232.5659
-1.846313, 0.4844616, 8.35, 26.2792, 229.5944
-1.874296, 0.478839, 8.341055, 23.85073, 230.1424
-1.875046, 0.4605953, 8.35637, 24.22139, 231.3721
-1.856918, 0.4973466, 8.351128, 25.48525, 228.578
-1.845021, 0.4448745, 8.359144, 26.63272, 232.5594
-1.869466, 0.4865731, 8.35, 24.47738, 229.4301
-1.872242, 0.4820774, 8.358198, 24.49053, 229.6793
-1.863242, 0.4762224, 8.358377, 25.19517, 230.1323
-1.864178, 0.4851126, 8.333379, 24.42418, 229.748
-1.848776, 0.4816612, 8.32912, 25.50661, 230.0698
-1.859449, 0.47, 8.35, 25.25695, 230.7198
-1.850195, 0.47, 8.352972, 26.05954, 230.683
-1.86012, 0.47, 8.34269, 25.00084, 230.8107
-1.883871, 0.47, 8.33348, 22.89113, 230.9254
-1.856635, 0.47, 8.360797, 25.77586, 230.586
-1.846726, 0.4609389, 8.35, 26.24705, 231.425
-1.85982, 0.4726093, 8.352712, 25.30357, 230.4832
-1.8523, 0.4694172, 8.333487, 25.3535, 230.9708
-1.836674, 0.4716637, 8.372788, 27.65686, 230.3087
-1.864822, 0.4698083, 8.314121, 23.83281, 231.1824
-1.856151, 0.4697803, 8.35, 25.51359, 230.7369
-1.881737, 0.4837749, 8.350101, 23.52528, 229.6466
-1.872736, 0.4568843, 8.366978, 24.69702, 231.528
-1.857593, 0.4619355, 8.353483, 25.49827, 231.3039
-1.850853, 0.4591359, 8.329357, 25.35118, 231.8245
-1.854362, 0.4409063, 8.35, 25.65276, 232.9839
-1.874738, 0.4640953, 8.353286, 24.15905, 231.1384
-1.860163, 0.4976439, 8.344399, 25.04524, 228.6366
-1.856581, 0.4718482, 8.351437, 25.52005, 230.5582
-1.857895, 0.4528322, 8.355217, 25.52294, 231.9902
-1.868613, 0.4346988, 8.35, 24.5438, 233.467
-1.877768, 0.4661413, 8.359735, 24.10395, 230.899
-1.857965, 0.4998972, 8.332394, 24.88117, 228.607
-1.884382, 0.4513136, 8.320244, 22.47704, 232.5505
-1.865722, 0.477117, 8.385886, 25.76589, 229.7251
-1.831816, 0.47, 8.35, 27.40738, 230.7198
-1.853455, 0.47, 8.351868, 25.77527, 230.6967
-1.844443, 0.47, 8.356041, 26.59189, 230.6449
-1.861626, 0.47, 8.352831, 25.1664, 230.6847
-1.81697, 0.47, 8.384606, 29.50743, 230.2921
-1.84447, 0.4732564, 8.35, 26.42259, 230.4664
-1.868685, 0.4619311, 8.353772, 24.64355, 231.3007
-1.827942, 0.4793296, 8.354704, 27.83823, 229.9359
-1.822441, 0.460284, 8.35611, 28.30466, 231.3996
-1.865308, 0.4624208, 8.329142, 24.21719, 231.5709
-1.821637, 0.4595124, 8.35, 28.19952, 231.536
-1.830646, 0.4898851, 8.344106, 27.33584, 229.2444
-1.856355, 0.46633, 8.353286, 25.58906, 230.9646
-1.874547, 0.4702618, 8.320121, 23.24195, 231.0718
-1.841744, 0.4686, 8.349692, 26.6262, 230.8326
-1.858455, 0.4994665, 8.35, 25.3343, 228.4267
-1.8897, 0.4829604, 8.359414, 23.16748, 229.5958
-1.829391, 0.4854538, 8.362247, 27.93291, 229.3673
-1.886764, 0.4440297, 8.37555, 23.84751, 232.4181
-1.876287, 0.4609646, 8.334648, 23.51545, 231.6154
-1.845754, 0.5057912, 8.35, 26.32273, 227.9345
-1.838142, 0.4918969, 8.341912, 26.69127, 229.1145
-1.873185, 0.4671845, 8.352728, 24.26429, 230.905
-1.858517, 0.4347791, 8.330861, 24.79523, 233.7058
-1.878477, 0.4785348, 8.341424, 23.53536, 230.1615
-1.868049, 1.204594, 8.35, 24.58765, 173.553
-1.868049, 1.204594, 8.35031, 24.5963, 173.5515
-1.868049, 1.204594, 8.351475, 24.62883, 173.5457
-1.868049, 1.204594, 8.353822, 24.69436, 173.5339
-1.868049, 1.204594, 8.333219, 24.11775, 173.6371
-1.868049, 1.209767, 8.35, 24.58765, 173.1504
-1.868049, 1.205554, 8.341189, 24.34117, 173.5223
-1.868049, 1.202399, 8.369951, 25.14361, 173.6239
-1.868049, 1.211577, 8.337567, 24.2397, 173.071
-1.868049, 1.199374, 8.318974, 23.71729, 174.1167
-1.868049, 1.208076, 8.35, 24.58765, 173.2821
-1.868049, 1.224398, 8.343302, 24.40032, 172.044
-1.868049, 1.195533, 8.333496, 24.12552, 174.3423
-1.868049, 1.203756, 8.334016, 24.14013, 173.6985
-1.868049, 1.217509, 8.342675, 24.38278, 172.5836
-1.868049, 1.182292, 8.35, 24.58765, 175.2886
-1.868049, 1.187889, 8.353302, 24.67986, 174.836
-1.868049, 1.223082, 8.349842, 24.58321, 172.115
-1.868049, 1.217521, 8.351089, 24.61803, 172.5417
-1.868049, 1.229194, 8.312218, 23.52681, 171.8191
-1.868049, 1.193728, 8.35, 24.58765, 174.3986
-1.868049, 1.175962, 8.359126, 24.8423, 175.733
-1.868049, 1.18354, 8.362092, 24.92493, 175.1285
-1.868049, 1.222334, 8.346973, 24.50303, 172.1871
-1.868049, 1.219663, 8.330881, 24.05213, 172.4732
-1.871476, 1.204594, 8.35, 24.32094, 173.553
-1.866452, 1.204594, 8.353606, 24.81255, 173.535
-1.860186, 1.204594, 8.344783, 25.05413, 173.5791
-1.868014, 1.204594, 8.37758, 25.3582, 173.4156
-1.859395, 1.204594, 8.333837, 24.80995, 173.634
-1.859179, 1.201066, 8.35, 25.27794, 173.8276
-1.86566, 1.198934, 8.354838, 24.90855, 173.969
-1.860297, 1.210012, 8.360312, 25.47783, 173.0804
-1.871116, 1.203676, 8.34124, 24.10365, 173.6684
-1.873142, 1.203529, 8.357443, 24.39948, 173.5986
-1.860541, 1.222787, 8.35, 25.17195, 172.1372
-1.860914, 1.188449, 8.351444, 25.18314, 174.802
-1.874464, 1.201522, 8.36987, 24.64345, 173.6923
-1.862221, 1.220448, 8.340379, 24.77264, 172.3658
-1.864706, 1.194462, 8.371477, 25.44542, 174.2322
-1.87063, 1.193531, 8.35, 24.38677, 174.4139
-1.870739, 1.227298, 8.340213, 24.10423, 171.8329
-1.866956, 1.228344, 8.365175, 25.09568, 171.6327
-1.867666, 1.190437, 8.34174, 24.38649, 174.6972
-1.875474, 1.202286, 8.385628, 25.00334, 173.5544
-1.877911, 1.220296, 8.35, 23.82016, 172.331
-1.874623, 1.175306, 8.355866, 24.24025, 175.8012
-1.871073, 1.23177, 8.362907, 24.71277, 171.3772
-1.870563, 1.22713, 8.334288, 23.9517, 171.8744
-1.866127, 1.203958, 8.342476, 24.52694, 173.6402
-1.852587, 1.204594, 8.35, 25.79095, 173.553
-1.884185, 1.204594, 8.352762, 23.4095, 173.5392
-1.867357, 1.204594, 8.3363, 24.25813, 173.6217
-1.858254, 1.204594, 8.336647, 24.97752, 173.6199
-1.88575, 1.204594, 8.386036, 24.2187, 173.3737
-1.855644, 1.206736, 8.35, 25.553, 173.3863
-1.870299, 1.208849, 8.342985, 24.21621, 173.2567
-1.86749, 1.197188, 8.34726, 24.55454, 174.1433
-1.87933, 1.196292, 8.358192, 23.93931, 174.1574
-1.884144, 1.195961, 8.355469, 23.48867, 174.1971
-1.872687, 1.216959, 8.35, 24.22668, 172.5908
-1.857237, 1.202656, 8.355774, 25.58962, 173.6749
-1.872185, 1.204286, 8.347163, 24.18639, 173.5912
-1.866304, 1.218277, 8.348177, 24.67256, 172.497
-1.870247, 1.198206, 8.347445, 24.34513, 174.0631
-1.880534, 1.19495, 8.35, 23.6161, 174.3035
-1.8723, 1.211355, 8.3455, 24.13084, 173.0491
-1.874489, 1.221624, 8.368909, 24.61474, 172.1367
-1.872926, 1.195142, 8.361125, 24.51905, 174.2319
-1.853589, 1.190314, 8.336729, 25.34347, 174.7327
-1.854638, 1.225106, 8.35, 25.63133, 171.9568
-1.851036, 1.188943, 8.348875, 25.8804, 174.7768
-1.860173, 1.191529, 8.350868, 25.22474, 174.5653
-1.8664, 1.237979, 8.356073, 24.88538, 170.9267
-1.864013, 1.180943, 8.362164, 25.24052, 175.3299
-1.861332, 1.204594, 8.35, 25.11036, 173.553
-1.855517, 1.204594, 8.359107, 25.8159, 173.5076
-1.850923, 1.204594, 8.362297, 26.26129, 173.4916
-1.85106, 1.204594, 8.370216, 26.46965, 173.4522
-1.855536, 1.204594, 8.331055, 25.03322, 173.648
-1.868473, 1.196496, 8.35, 24.55466, 174.1832
-1.869007, 1.203206, 8.353792, 24.61906, 173.642
-1.880212, 1.208571, 8.355774, 23.80304, 173.2149
-1.888952, 1.209758, 8.347479, 22.88997, 173.1636
-1.88343, 1.205087, 8.377958, 24.17333, 173.3755
-1.84449, 1.210216, 8.35, 26.42106, 173.1155
-1.868973, 1.187338, 8.348777, 24.48157, 174.9022
-1.844159, 1.213329, 8.359157, 26.70011, 172.8283
-1.843149, 1.21848, 8.332622, 26.04316, 172.5571
-1.848621, 1.197848, 8.377131, 26.84961, 173.941
-1.864457, 1.202414, 8.35, 24.86721, 173.7227
-1.879024, 1.186922, 8.347668, 23.66813, 174.9404
-1.842703, 1.229915, 8.349959, 26.55892, 171.5827
-1.874608, 1.229246, 8.33444, 23.64059, 171.7086
-1.889089, 1.194647, 8.378636, 23.75347, 174.1816
-1.850324, 1.215703, 8.35, 25.96704, 172.6884
-1.887234, 1.244593, 8.359862, 23.37178, 170.3949
-1.86108, 1.189937, 8.331426, 24.61105, 174.7895
-1.866016, 1.181204, 8.37935, 25.56219, 175.2202
-1.852633, 1.202766, 8.325244, 25.09727, 173.8199
-1.878177, 1.204594, 8.35, 23.79945, 173.553
-1.859973, 1.204594, 8.346066, 25.10646, 173.5727
-1.867873, 1.204594, 8.349003, 24.57347, 173.558
-1.861624, 1.204594, 8.330129, 24.53228, 173.6526
-1.903003, 1.204594, 8.387687, 22.92857, 173.3655
-1.844264, 1.198423, 8.35, 26.4386, 174.0332
-1.903158, 1.208518, 8.34099, 21.60021, 173.2924
-1.869554, 1.209867, 8.344207, 24.30847, 173.1714
-1.856733, 1.204901, 8.371954, 26.07737, 173.4197
-1.851363, 1.208519, 8.338136, 25.55619, 173.3065
-1.881881, 1.199459, 8.35, 23.51122, 173.9526
-1.883274, 1.2156, 8.345343, 23.27188, 172.7193
-1.87563, 1.186399, 8.337094, 23.63554, 175.036
-1.843854, 1.198995, 8.335498, 26.06814, 174.0622
-1.86879, 1.194713, 8.338241, 24.20086, 174.382
-1.871958, 1.192845, 8.35, 24.28348, 174.4673
-1.872009, 1.223591, 8.359237, 24.53762, 172.0303
-1.8454, 1.219331, 8.351645, 26.39581, 172.3982
-1.867292, 1.214777, 8.334633, 24.21644, 172.836
-1.865405, 1.177325, 8.321198, 23.98644, 175.8276
-1.830311, 1.241447, 8.35, 27.5245, 170.685
-1.90249, 1.217902, 8.343661, 21.72792, 172.5482
-1.881971, 1.199895, 8.353558, 23.60405, 173.9007
-1.8643, 1.226431, 8.374413, 25.5584, 171.7373
-1.86971, 1.1708, 8.326396, 23.79647, 176.3094
-1.868049, 1.392094, 8.35, 24.58765, 158.9616
-1.868049, 1.392094, 8.353861, 24.69545, 158.9496
-1.868049, 1.392094, 8.369104, 25.12008, 158.9024
-1.868049, 1.392094, 8.340803, 24.33035, 158.9902
-1.868049, 1.392094, 8.337007, 24.224, 159.002
-1.868049, 1.399978, 8.35, 24.58765, 158.348
-1.868049, 1.395891, 8.35779, 24.80505, 158.6422
-1.868049, 1.395536, 8.354003, 24.69941, 158.6814
-1.868049, 1.391295, 8.331583, 24.07185, 159.0813
-1.868049, 1.397771, 8.359639, 24.85661, 158.4904
-1.868049, 1.382338, 8.35, 24.58765, 159.7208
-1.868049, 1.393719, 8.350873, 24.61202, 158.8324
-1.868049, 1.385179, 8.342557, 24.37946, 159.5234
-1.868049, 1.402784, 8.325764, 23.90835, 158.2026
-1.868049, 1.383496, 8.339858, 24.3039, 159.6631
-1.868049, 1.402528, 8.35, 24.58765, 158.1495
-1.868049, 1.400596, 8.354568, 24.71519, 158.2861
-1.868049, 1.421685, 8.350556, 24.60317, 156.6572
-1.868049, 1.389299, 8.335871, 24.19214, 159.2234
-1.868049, 1.410279, 8.324989, 23.88657, 157.6198
-1.868049, 1.361112, 8.35, 24.58765, 161.3726
-1.868049, 1.378936, 8.351487, 24.62917, 159.9807
-1.868049, 1.429901, 8.338717, 24.27193, 156.0502
-1.868049, 1.390603, 8.346558, 24.4914, 159.0883
-1.868049, 1.385254, 8.376453, 25.3242, 159.4101
-1.864241, 1.392094, 8.35, 24.884, 158.9616
-1.877893, 1.392094, 8.345942, 23.7077, 158.9742
-1.86678, 1.392094, 8.336984, 24.32227, 159.0021
-1.872142, 1.392094, 8.330582, 23.72445, 159.0221
-1.858579, 1.392094, 8.370914, 25.90536, 158.8968
-1.874636, 1.388692, 8.35, 24.07504, 159.2263
-1.862911, 1.394324, 8.352611, 25.06029, 158.78
-1.86809, 1.392127, 8.357871, 24.80418, 158.9346
-1.867411, 1.384159, 8.326755, 23.98597, 159.6534
-1.859796, 1.393684, 8.384144, 26.17683, 158.7327
-1.867656, 1.39838, 8.35, 24.61824, 158.4724
-1.861861, 1.406127, 8.358793, 25.31409, 157.8434
-1.85851, 1.380128, 8.358946, 25.57879, 159.8639
-1.85987, 1.389434, 8.339108, 24.92025, 159.2028
-1.862962, 1.380546, 8.352541, 25.05439, 159.8521
-1.873, 1.392665, 8.35, 24.20234, 158.9171
-1.877672, 1.391901, 8.346622, 23.74403, 158.9871
-1.876395, 1.384388, 8.359305, 24.19863, 159.5316
-1.866498, 1.409668, 8.377088, 25.46207, 157.5148
-1.870523, 1.401737, 8.382125, 25.28973, 158.1148
-1.864714, 1.396554, 8.35, 24.84721, 158.6145
-1.866742, 1.418022, 8.355338, 24.83837, 156.9286
-1.866995, 1.409815, 8.353324, 24.76244, 157.5728
-1.861327, 1.384546, 8.33772, 24.76799, 159.5881
-1.865778, 1.391555, 8.379521, 25.58534, 158.9119
-1.884463, 1.392094, 8.35, 23.31027, 158.9616
-1.862862, 1.392094, 8.353967, 25.10187, 158.9493
-1.869389, 1.392094, 8.361393, 24.80135, 158.9262
-1.885921, 1.392094, 8.328155, 22.58077, 159.0297
-1.874691, 1.392094, 8.324295, 23.34842, 159.0417
-1.85726, 1.395658, 8.35, 25.42731, 158.6842
-1.865831, 1.39329, 8.358193, 24.98876, 158.8432
-1.883519, 1.402093, 8.355298, 23.53247, 158.1675
-1.883849, 1.397081, 8.323487, 22.61053, 158.6548
-1.849466, 1.391418, 8.353218, 26.12303, 159.0041
-1.873821, 1.40332, 8.35, 24.13847, 158.0879
-1.858868, 1.385158, 8.348943, 25.27273, 159.5047
-1.849589, 1.394677, 8.347293, 25.94905, 158.7689
-1.85689, 1.382258, 8.334202, 25.01551, 159.7778
-1.883146, 1.40166, 8.370169, 23.97787, 158.1566
-1.875384, 1.382861, 8.35, 24.0168, 159.6801
-1.885021, 1.374419, 8.359974, 23.54689, 160.3043
-1.864742, 1.37323, 8.335652, 24.44386, 160.477
-1.886527, 1.383017, 8.362144, 23.49072, 159.6292
-1.856423, 1.41949, 8.335185, 25.07941, 156.8716
-1.848757, 1.422442, 8.35, 26.08901, 156.5998
-1.88114, 1.391694, 8.347358, 23.49468, 159.0009
-1.882987, 1.353488, 8.368673, 23.94839, 161.9008
-1.858345, 1.361043, 8.354793, 25.47618, 161.3616
-1.867825, 1.363062, 8.339547, 24.31269, 161.2565
-1.876104, 1.392094, 8.35, 23.96084, 158.9616
-1.860451, 1.392094, 8.359756, 25.45039, 158.9313
-1.872939, 1.392094, 8.36587, 24.65033, 158.9124
-1.859792, 1.392094, 8.343943, 25.06136, 158.9804
-1.884587, 1.392094, 8.364196, 23.6989, 158.9175
-1.838615, 1.391811, 8.35, 26.87821, 158.9836
-1.847908, 1.384472, 8.355474, 26.30672, 159.5373
-1.862411, 1.387028, 8.352521, 25.09664, 159.3479
-1.866957, 1.39987, 8.341152, 24.42527, 158.3832
-1.85102, 1.382788, 8.311268, 24.83189, 159.8104
-1.872765, 1.403879, 8.35, 24.22068, 158.0444
-1.871521, 1.37734, 8.357541, 24.52816, 160.0852
-1.882924, 1.377966, 8.340975, 23.1762, 160.0904
-1.889245, 1.408071, 8.373384, 23.59453, 157.6495
-1.88407, 1.390785, 8.362783, 23.69951, 159.0236
-1.838154, 1.419936, 8.35, 26.91412, 156.7949
-1.889032, 1.410736, 8.346004, 22.84215, 157.5225
-1.864471, 1.365833, 8.361173, 25.17739, 160.9676
-1.884384, 1.401631, 8.340944, 23.0616, 158.2467
-1.847336, 1.379045, 8.314574, 25.21264, 160.0923
-1.894308, 1.419588, 8.35, 22.54415, 156.8219
-1.882081, 1.40603, 8.355963, 23.66299, 157.8594
-1.868986, 1.401459, 8.342244, 24.29775, 158.2561
-1.846317, 1.373237, 8.342027, 26.05764, 160.4554
-1.863564, 1.404236, 8.358993, 25.1872, 157.9899
-1.858298, 1.392094, 8.35, 25.34653, 158.9616
-1.850664, 1.392094, 8.359996, 26.21767, 158.9306
-1.878636, 1.392094, 8.344377, 23.60593, 158.9791
-1.882782, 1.392094, 8.358386, 23.67637, 158.9356
-1.876922, 1.392094, 8.328537, 23.29388, 159.0285
-1.844045, 1.392905, 8.35, 26.45564, 158.8985
-1.885826, 1.397663, 8.354753, 23.33775, 158.5137
-1.847341, 1.383961, 8.362644, 26.54922, 159.5542
-1.860501, 1.393591, 8.366874, 25.64417, 158.793
-1.888606, 1.397617, 8.377372, 23.75559, 158.4485
-1.862427, 1.406012, 8.35, 25.02512, 157.8784
-1.852855, 1.392865, 8.340149, 25.49599, 158.9321
-1.846815, 1.386831, 8.345252, 26.10841, 159.3862
-1.86777, 1.40893, 8.332376, 24.11588, 157.7033
-1.88643, 1.410404, 8.358874, 23.40654, 157.5107
-1.883684, 1.403631, 8.35, 23.37094, 158.0638
-1.887853, 1.41393, 8.357837, 23.26675, 157.2397
-1.851018, 1.36446, 8.369844, 26.46263, 161.0451
-1.864269, 1.413309, 8.324393, 24.16497, 157.3849
-1.890224, 1.409943, 8.322729, 22.09123, 157.6526
-1.859723, 1.365082, 8.35, 25.23557, 161.0637
-1.875811, 1.423095, 8.355955, 24.15028, 156.5324
-1.84668, 1.419491, 8.358705, 26.49164, 156.8049
-1.859052, 1.398206, 8.348198, 25.23757, 158.4914
-1.896708, 1.418239, 8.368142, 22.86831, 156.8755
-1.868049, 1.579594, 8.35, 24.58765, 144.3701
-1.868049, 1.579594, 8.351611, 24.63264, 144.3682
-1.868049, 1.579594, 8.335988, 24.19543, 144.3872
-1.868049, 1.579594, 8.326655, 23.93341, 144.3986
-1.868049, 1.579594, 8.388888, 25.6687, 144.3231
-1.868049, 1.586015, 8.35, 24.58765, 143.8705
-1.868049, 1.583974, 8.353111, 24.67451, 144.0256
-1.868049, 1.573035, 8.342376, 24.37439, 144.8904
-1.868049, 1.584858, 8.341244, 24.34271, 143.9706
-1.868049, 1.571863, 8.377491, 25.35298, 144.9364
-1.868049, 1.591224, 8.35, 24.58765, 143.4651
-1.868049, 1.576993, 8.353346, 24.68107, 144.5684
-1.868049, 1.598199, 8.353324, 24.68044, 142.9188
-1.868049, 1.5898, 8.363677, 24.96909, 143.5607
-1.868049, 1.59757, 8.363891, 24.97503, 142.9569
-1.868049, 1.576404, 8.35, 24.58765, 144.6184
-1.868049, 1.591449, 8.341916, 24.36152, 143.4564
-1.868049, 1.596381, 8.346761, 24.49709, 143.0671
-1.868049, 1.586534, 8.325069, 23.88883, 143.8587
-1.868049, 1.580972, 8.33337, 24.122, 144.2829
-1.868049, 1.572278, 8.35, 24.58765, 144.9395
-1.868049, 1.589136, 8.359753, 24.85977, 143.6167
-1.868049, 1.576787, 8.348119, 24.53505, 144.5909
-1.868049, 1.575386, 8.323806, 23.85329, 144.7307
-1.868049, 1.553587, 8.324467, 23.87188, 146.4319
-1.862698, 1.579594, 8.35, 25.0041, 144.3701
-1.870413, 1.579594, 8.345692, 24.28316, 144.3754
-1.872299, 1.579594, 8.344825, 24.11201, 144.3764
-1.871991, 1.579594, 8.367857, 24.77936, 144.3485
-1.864716, 1.579594, 8.352627, 24.92033, 144.367
-1.867264, 1.574019, 8.35, 24.64876, 144.804
-1.875919, 1.584254, 8.342846, 23.77457, 144.0159
-1.873881, 1.583382, 8.360419, 24.4251, 144.0631
-1.876691, 1.572191, 8.329106, 23.32794, 144.9732
-1.865319, 1.579691, 8.376854, 25.54702, 144.3301
-1.874189, 1.563197, 8.35, 24.10983, 145.6461
-1.87669, 1.585638, 8.355476, 24.06856, 143.8935
-1.86057, 1.597706, 8.34153, 24.93343, 142.9694
-1.865351, 1.586203, 8.335687, 24.39733, 143.8723
-1.865162, 1.579563, 8.385921, 25.81025, 144.3291
-1.866372, 1.556816, 8.35, 24.71821, 146.1427
-1.871419, 1.562966, 8.345861, 24.20956, 145.6698
-1.871166, 1.576843, 8.369692, 24.89452, 144.5598
-1.874347, 1.569099, 8.320285, 23.26221, 145.2263
-1.86862, 1.598715, 8.386428, 25.55639, 142.845
-1.87117, 1.605029, 8.35, 24.34475, 142.3908
-1.871089, 1.55151, 8.353287, 24.44298, 146.5507
-1.866728, 1.590799, 8.350562, 24.70615, 143.4975
-1.86471, 1.572064, 8.33174, 24.33672, 144.9798
-1.871868, 1.575033, 8.320067, 23.44972, 144.763
-1.882461, 1.579594, 8.35, 23.46608, 144.3701
-1.867335, 1.579594, 8.358359, 24.87642, 144.36
-1.887313, 1.579594, 8.359247, 23.34831, 144.3589
-1.869478, 1.579594, 8.324454, 23.75995, 144.4013
-1.850885, 1.579594, 8.34171, 25.69293, 144.3802
-1.862337, 1.581748, 8.35, 25.03215, 144.2025
-1.849381, 1.57403, 8.355534, 26.19385, 144.7961
-1.866597, 1.585693, 8.356201, 24.87366, 143.8883
-1.85173, 1.583938, 8.330136, 25.30447, 144.0554
-1.870798, 1.589505, 8.324557, 23.65976, 143.6273
-1.87511, 1.564025, 8.35, 24.03813, 145.5817
-1.86501, 1.582951, 8.343332, 24.63789, 144.1168
-1.882606, 1.56399, 8.342492, 23.24372, 145.5947
-1.855185, 1.588306, 8.357136, 25.787, 143.6841
-1.855044, 1.570901, 8.370962, 26.18101, 145.0194
-1.863733, 1.558613, 8.35, 24.92354, 146.0029
-1.864337, 1.581664, 8.346403, 24.7761, 144.2133
-1.873242, 1.555994, 8.346126, 24.07502, 146.2123
-1.882499, 1.560384, 8.368353, 23.97738, 145.8392
-1.885698, 1.590637, 8.340667, 22.95141, 143.5211
-1.850579, 1.597598, 8.35, 25.94723, 142.969
-1.875964, 1.615617, 8.344423, 23.81534, 141.5715
-1.856184, 1.591105, 8.344613, 25.36102, 143.4802
-1.868378, 1.605611, 8.33579, 24.16423, 142.359
-1.87557, 1.588914, 8.362339, 24.34746, 143.631
-1.840088, 1.579594, 8.35, 26.7636, 144.3701
-1.849264, 1.579594, 8.340635, 25.78929, 144.3815
-1.849353, 1.579594, 8.358347, 26.27393, 144.36
-1.868339, 1.579594, 8.371877, 25.17464, 144.3436
-1.867787, 1.579594, 8.351969, 24.66301, 144.3678
-1.864094, 1.585614, 8.35, 24.89548, 143.9017
-1.843419, 1.579421, 8.340186, 26.2323, 144.3955
-1.846679, 1.583916, 8.330341, 25.70423, 144.0569
-1.857568, 1.580682, 8.344216, 25.24222, 144.2924
-1.842313, 1.583179, 8.389991, 27.69164, 144.0443
-1.883107, 1.565245, 8.35, 23.41584, 145.4868
-1.8404, 1.576429, 8.358502, 26.97422, 144.6058
-1.838404, 1.583355, 8.332211, 26.40182, 144.0984
-1.866231, 1.575251, 8.376679, 25.47144, 144.6747
-1.839916, 1.592255, 8.335789, 26.38324, 143.4003
-1.870611, 1.60076, 8.35, 24.38826, 142.7229
-1.872864, 1.578504, 8.346905, 24.12625, 144.4587
-1.888378, 1.59187, 8.335746, 22.60368, 143.4304
-1.889618, 1.55841, 8.323782, 22.16838, 146.0563
-1.888255, 1.573035, 8.319487, 22.15303, 144.9198
-1.862587, 1.579621, 8.35, 25.01271, 144.368
-1.879626, 1.598824, 8.346092, 23.577, 142.8777
-1.884588, 1.573289, 8.361071, 23.61126, 144.8467
-1.881315, 1.598667, 8.359916, 23.83332, 142.8757
-1.869389, 1.601629, 8.356747, 24.67177, 142.6486
-1.852008, 1.579594, 8.35, 25.83598, 144.3701
-1.836211, 1.579594, 8.358235, 27.2925, 144.3602
-1.880272, 1.579594, 8.339702, 23.34705, 144.3827
-1.857921, 1.579594, 8.373476, 26.02736, 144.3417
-1.840583, 1.579594, 8.333661, 26.27213, 144.39
-1.887339, 1.573559, 8.35, 23.08647, 144.8398
-1.878467, 1.579674, 8.340257, 23.5033, 144.3758
-1.897388, 1.576624, 8.362301, 22.65121, 144.586
-1.872654, 1.575699, 8.353329, 24.32237, 144.6691
-1.882216, 1.582063, 8.335804, 23.08574, 144.1949
-1.853579, 1.579467, 8.35, 25.71375, 144.38
-1.890206, 1.56719, 8.345511, 22.73688, 145.3414
-1.85526, 1.564821, 8.330151, 25.02947, 145.5469
-1.840954, 1.593294, 8.359755, 26.96574, 143.2935
-1.904939, 1.560277, 8.318559, 20.82304, 145.9179
-1.832125, 1.59637, 8.35, 27.38331, 143.0646
-1.870295, 1.559805, 8.349035, 24.3859, 145.9115
-1.85412, 1.604889, 8.345985, 25.55998, 142.4055
-1.838974, 1.558874, 8.374215, 27.51765, 145.9482
-1.835183, 1.568582, 8.356389, 27.32157, 145.2186
-1.858586, 1.541224, 8.35, 25.32404, 147.3561
-1.875741, 1.549324, 8.353865, 24.09729, 146.7199
-1.874091, 1.549134, 8.330242, 23.56278, 146.7707
-1.872584, 1.593977, 8.376927, 24.98564, 143.2221
-1.907364, 1.616653, 8.317181, 20.59419, 141.5139
-1.868049, 1.767094, 8.35, 24.58765, 129.7787
-1.868049, 1.767094, 8.352957, 24.6702, 129.7807
-1.868049, 1.767094, 8.339197, 24.28536, 129.7714
-1.868049, 1.767094, 8.329308, 24.00795, 129.7647
-1.868049, 1.767094, 8.332957, 24.1104, 129.7672
-1.868049, 1.76703, 8.35, 24.58765, 129.7837
-1.868049, 1.768817, 8.342172, 24.36869, 129.6391
-1.868049, 1.764173, 8.342179, 24.36889, 130.0009
-1.868049, 1.776531, 8.335278, 24.17551, 129.0329
-1.868049, 1.757199, 8.374418, 25.2677, 130.5628
-1.868049, 1.763574, 8.35, 24.58765, 130.0526
-1.868049, 1.760988, 8.355598, 24.74393, 130.2573
-1.868049, 1.748977, 8.337606, 24.24079, 131.1824
-1.868049, 1.764456, 8.352861, 24.66753, 129.9859
-1.868049, 1.774235, 8.331158, 24.05989, 129.2088
-1.868049, 1.773752, 8.35, 24.58765, 129.2606
-1.868049, 1.759026, 8.355716, 24.74719, 130.41
-1.868049, 1.77432, 8.363179, 24.9552, 129.2262
-1.868049, 1.768952, 8.362359, 24.93238, 129.6427
-1.868049, 1.775674, 8.367847, 25.08513, 129.1246
-1.868049, 1.736655, 8.35, 24.58765, 132.1475
-1.868049, 1.771364, 8.343094, 24.39451, 129.4414
-1.868049, 1.776201, 8.339088, 24.28232, 129.0616
-1.868049, 1.786442, 8.328551, 23.98667, 128.2542
-1.868049, 1.803581, 8.354352, 24.70915, 126.9438
-1.876866, 1.767094, 8.35, 23.9015, 129.7787
-1.863855, 1.767094, 8.358263, 25.14426, 129.7843
-1.85959, 1.767094, 8.366421, 25.70233, 129.7898
-1.872387, 1.767094, 8.341002, 23.99797, 129.7726
-1.860408, 1.767094, 8.350391, 25.19318, 129.779
-1.869948, 1.77109, 8.35, 24.43986, 129.4677
-1.874996, 1.769059, 8.353737, 24.15165, 129.6284
-1.872578, 1.76887, 8.36128, 24.55041, 129.6483
-1.873183, 1.775876, 8.373546, 24.8452, 129.1133
-1.862883, 1.76734, 8.378281, 25.77547, 129.7787
-1.864658, 1.7507, 8.35, 24.85159, 131.0545
-1.861629, 1.783549, 8.343586, 24.90835, 128.4928
-1.866077, 1.76494, 8.355826, 24.90364, 129.9502
-1.867412, 1.778651, 8.334698, 24.2089, 128.8671
-1.875823, 1.753639, 8.354579, 24.11087, 130.8282
-1.873346, 1.749384, 8.35, 24.17544, 131.1569
-1.87577, 1.753256, 8.346085, 23.87703, 130.8535
-1.85885, 1.746831, 8.346384, 25.20275, 131.3539
-1.867895, 1.785925, 8.352274, 24.66315, 128.3152
-1.863526, 1.772227, 8.326321, 24.27711, 129.3619
-1.868302, 1.778609, 8.35, 24.56796, 128.8826
-1.872169, 1.794968, 8.35696, 24.46163, 127.6162
-1.867377, 1.750687, 8.361486, 24.96031, 131.0613
-1.875998, 1.789637, 8.362446, 24.31722, 128.0356
-1.868024, 1.747913, 8.339471, 24.29498, 131.2663
-1.879775, 1.767094, 8.35, 23.67514, 129.7787
-1.855352, 1.767094, 8.341398, 25.33622, 129.7729
-1.870876, 1.767094, 8.35226, 24.43079, 129.7802
-1.851823, 1.767094, 8.322306, 25.07838, 129.7599
-1.863423, 1.767094, 8.31795, 24.04992, 129.7569
-1.866451, 1.776565, 8.35, 24.71206, 129.0416
-1.84859, 1.765752, 8.343337, 25.91698, 129.8787
-1.863068, 1.774974, 8.3573, 25.17866, 129.171
-1.849798, 1.774433, 8.344584, 25.85755, 129.2035
-1.884876, 1.775308, 8.374396, 23.96177, 129.1579
-1.884383, 1.762746, 8.35, 23.31656, 130.117
-1.874677, 1.77065, 8.349113, 24.047, 129.5013
-1.868982, 1.760111, 8.349782, 24.5089, 130.322
-1.868579, 1.750538, 8.352157, 24.60661, 131.0682
-1.876522, 1.781857, 8.379012, 24.73829, 128.6537
-1.855713, 1.78481, 8.35, 25.54762, 128.4
-1.855578, 1.777719, 8.354061, 25.67103, 128.955
-1.855069, 1.768946, 8.357566, 25.80794, 129.6398
-1.86905, 1.761664, 8.333824, 24.05672, 130.1912
-1.860047, 1.767369, 8.318918, 24.34097, 129.7361
-1.853922, 1.793013, 8.35, 25.68707, 127.7617
-1.854426, 1.799117, 8.345577, 25.52477, 127.2822
-1.873977, 1.757544, 8.333179, 23.65432, 130.5121
-1.849188, 1.759531, 8.348459, 26.01271, 130.3663
-1.860879, 1.738217, 8.33763, 24.80036, 132.0211
-1.88666, 1.767094, 8.35, 23.13931, 129.7787
-1.893233, 1.767094, 8.34098, 22.37323, 129.7726
-1.86205, 1.767094, 8.330057, 24.49704, 129.7652
-1.850704, 1.767094, 8.345548, 25.81378, 129.7757
-1.882056, 1.767094, 8.311383, 22.40776, 129.7524
-1.88044, 1.762131, 8.35, 23.62341, 130.1649
-1.86524, 1.761661, 8.35323, 24.89639, 130.2035
-1.853535, 1.769028, 8.339012, 25.4113, 129.6205
-1.839256, 1.759663, 8.365876, 27.26641, 130.3665
-1.846431, 1.758842, 8.3273, 25.63886, 130.4073
-1.881796, 1.771996, 8.35, 23.51785, 129.3972
-1.881025, 1.763815, 8.352316, 23.64284, 130.0354
-1.840709, 1.772236, 8.346964, 26.63123, 129.3763
-1.879445, 1.75846, 8.366446, 24.16122, 130.4603
-1.860646, 1.782676, 8.359131, 25.41784, 128.5737
-1.852518, 1.756073, 8.35, 25.79628, 130.6364
-1.873433, 1.78711, 8.342482, 23.95795, 128.2144
-1.889216, 1.787932, 8.334383, 22.49987, 128.1431
-1.890036, 1.788495, 8.338904, 22.56369, 128.1033
-1.88385, 1.757693, 8.362893, 23.7197, 130.5178
-1.846933, 1.738554, 8.35, 26.23095, 131.9997
-1.87429, 1.779927, 8.35306, 24.18762, 128.7825
-1.846965, 1.78203, 8.363989, 26.61557, 128.6279
-1.877358, 1.776104, 8.35035, 23.87302, 129.0778
-1.874326, 1.76021, 8.362434, 24.44677, 130.3219
-1.89333, 1.767094, 8.35, 22.62025, 129.7787
-1.834467, 1.767094, 8.349071, 27.17538, 129.7781
-1.847759, 1.767094, 8.35028, 26.17441, 129.7789
-1.851514, 1.767094, 8.362548, 26.22238, 129.7872
-1.838987, 1.767094, 8.332041, 26.35165, 129.7665
-1.843294, 1.767417, 8.35, 26.51414, 129.7535
-1.844693, 1.761172, 8.356583, 26.58746, 130.2436
-1.839728, 1.763136, 8.333037, 26.32148, 130.0759
-1.851313, 1.773974, 8.354179, 26.00604, 129.2464
-1.86867, 1.767317, 8.324756, 23.83152, 129.7441
-1.903129, 1.767926, 8.35, 21.85769, 129.7139
-1.847866, 1.770037, 8.351899, 26.21095, 129.551
-1.855018, 1.764644, 8.364346, 25.99989, 129.9787
-1.835673, 1.777262, 8.335198, 26.69769, 128.9759
-1.882713, 1.785936, 8.317153, 22.51991, 128.2838
-1.892712, 1.744311, 8.35, 22.66834, 131.5517
-1.860438, 1.745547, 8.358496, 25.41637, 131.4594
-1.85697, 1.772496, 8.359841, 25.72333, 129.3655
-1.83298, 1.768723, 8.369749, 27.86018, 129.6655
-1.837384, 1.770655, 8.325905, 26.30616, 129.4843
-1.882892, 1.791322, 8.35, 23.43258, 127.8932
-1.851897, 1.759797, 8.350493, 25.85833, 130.3469
-1.878872, 1.804364, 8.345411, 23.61663, 126.8735
-1.846379, 1.804404, 8.337607, 25.92991, 126.8621
-1.902998, 1.788767, 8.366256, 22.32684, 128.1066
-1.53628, 2.389187, 8.35, 50.40626, 81.36679
-1.53628, 2.389187, 8.357008, 50.57842, 81.41548
-1.53628, 2.389187, 8.351385, 50.44029, 81.3764
-1.53628, 2.389187, 8.376195, 51.04822, 81.54839
-1.53628, 2.389187, 8.328116, 49.86658, 81.21413
-1.53628, 2.384079, 8.35, 50.40626, 81.76431
-1.53628, 2.380762, 8.358778, 50.62185, 82.08267
-1.53628, 2.39232, 8.360607, 50.66673, 81.19701
-1.53628, 2.398292, 8.373074, 50.97193, 80.82033
-1.53628, 2.392299, 8.315539, 49.55503, 80.88271
-1.53628, 2.377186, 8.35, 50.40626, 82.30067
-1.53628, 2.386452, 8.346672, 50.32438, 81.55655
-1.53628, 2.390344, 8.36407, 50.75161, 81.37457
-1.53628, 2.374891, 8.33962, 50.15064, 82.40852
-1.53628, 2.37191, 8.374735, 51.01254, 82.87848
-1.53628, 2.394941, 8.35, 50.40626, 80.91899
-1.53628, 2.384968, 8.345037, 50.2841, 81.6608
-1.53628, 2.413435, 8.340174, 50.1643, 79.40891
-1.53628, 2.412955, 8.327033, 49.83979, 79.35136
-1.53628, 2.396454, 8.311319, 49.45026, 80.528
-1.53628, 2.416348, 8.35, 50.40626, 79.25311
-1.53628, 2.401918, 8.344085, 50.26066, 80.33405
-1.53628, 2.423528, 8.340596, 50.17471, 78.62553
-1.53628, 2.358144, 8.353942, 50.50312, 83.80873
-1.53628, 2.358031, 8.322227, 49.72082, 83.60628
-1.536842, 2.389187, 8.35, 50.36251, 81.36679
-1.543468, 2.389187, 8.349226, 49.82777, 81.36139
-1.530265, 2.389187, 8.330825, 50.4028, 81.23305
-1.53883, 2.389187, 8.36779, 50.6447, 81.49025
-1.534939, 2.389187, 8.385056, 51.36824, 81.60953
-1.527019, 2.387722, 8.35, 51.12694, 81.48074
-1.534602, 2.388561, 8.357273, 50.71537, 81.46596
-1.534525, 2.385975, 8.334064, 50.1504, 81.50618
-1.53895, 2.381677, 8.363505, 50.53033, 82.04396
-1.528545, 2.37921, 8.369773, 51.4916, 82.27837
-1.536428, 2.391484, 8.35, 50.39474, 81.18805
-1.529031, 2.388997, 8.358799, 51.18584, 81.44269
-1.544782, 2.376219, 8.355536, 49.88109, 82.41371
-1.527448, 2.385983, 8.367392, 51.51874, 81.73628
-1.539095, 2.379473, 8.338833, 49.91182, 82.04602
-1.546264, 2.369206, 8.35, 49.62932, 82.92169
-1.528738, 2.381179, 8.341025, 50.77296, 81.92822
-1.528802, 2.411063, 8.34583, 50.88588, 79.63445
-1.5295, 2.409461, 8.349447, 50.92031, 79.78503
-1.543077, 2.369192, 8.314486, 48.99746, 82.68179
-1.545964, 2.37849, 8.35, 49.65268, 82.1992
-1.526853, 2.387006, 8.352903, 51.21092, 81.55666
-1.52916, 2.366696, 8.364265, 51.30943, 83.21288
-1.530488, 2.40823, 8.336933, 50.53592, 79.79126
-1.534228, 2.377415, 8.330588, 50.08776, 82.14981
-1.53469, 2.389187, 8.35, 50.52997, 81.36679
-1.516485, 2.389187, 8.357149, 52.12094, 81.41646
-1.537409, 2.389187, 8.348989, 50.29352, 81.35974
-1.529258, 2.389187, 8.3662, 51.34907, 81.47923
-1.529285, 2.389187, 8.35421, 51.05377, 81.39604
-1.523271, 2.385299, 8.35, 51.41866, 81.66931
-1.552481, 2.393606, 8.350341, 49.15388, 81.02525
-1.521306, 2.391859, 8.334401, 51.1895, 81.04965
-1.534747, 2.385347, 8.379277, 51.24234, 81.8674
-1.53816, 2.396979, 8.312755, 49.33886, 80.49707
-1.536139, 2.400836, 8.35, 50.41722, 80.46027
-1.517781, 2.405188, 8.343965, 51.69846, 80.07854
-1.519079, 2.405934, 8.359612, 51.97929, 80.13191
-1.541904, 2.393398, 8.343402, 49.8058, 80.99287
-1.521991, 2.390409, 8.324179, 50.88485, 81.09113
-1.535584, 2.367284, 8.35, 50.4604, 83.07132
-1.55223, 2.392346, 8.352178, 49.21889, 81.13612
-1.526008, 2.40513, 8.361266, 51.48113, 80.2061
-1.551071, 2.404023, 8.35268, 49.32149, 80.23129
-1.540761, 2.405746, 8.345668, 49.95077, 80.04724
-1.536116, 2.413001, 8.35, 50.41901, 79.51357
-1.531847, 2.390458, 8.355207, 50.87899, 81.30411
-1.530237, 2.40087, 8.367579, 51.30671, 80.58168
-1.544846, 2.409145, 8.336721, 49.41135, 79.71838
-1.554909, 2.354931, 8.386481, 49.85619, 84.27263
-1.554149, 2.389187, 8.35, 49.01565, 81.36679
-1.54209, 2.389187, 8.344677, 49.82281, 81.32973
-1.506962, 2.389187, 8.34646, 52.60178, 81.34213
-1.557179, 2.389187, 8.330132, 48.28587, 81.22823
-1.523329, 2.389187, 8.311343, 50.46381, 81.09651
-1.539474, 2.389687, 8.35, 50.1577, 81.32788
-1.51306, 2.380363, 8.344083, 52.06898, 82.0128
-1.564279, 2.393876, 8.333941, 47.82708, 80.88913
-1.527149, 2.385, 8.323891, 50.47501, 81.51151
-1.51028, 2.393403, 8.336198, 52.09318, 80.94194
-1.563955, 2.399491, 8.35, 48.2526, 80.5649
-1.533004, 2.408966, 8.352283, 50.71722, 79.84389
-1.526142, 2.370972, 8.334831, 50.823, 82.68134
-1.548762, 2.40146, 8.348666, 49.40189, 80.40225
-1.565219, 2.380261, 8.324925, 47.52824, 81.88866
-1.526979, 2.411579, 8.35, 51.1301, 79.62421
-1.510199, 2.415091, 8.344599, 52.30438, 79.31186
-1.543174, 2.411436, 8.358763, 50.08561, 79.6982
-1.560059, 2.364508, 8.376554, 49.2128, 83.46478
-1.563051, 2.407119, 8.333283, 47.90637, 79.8517
-1.522474, 2.42003, 8.35, 51.48066, 78.96655
-1.536513, 2.409542, 8.34367, 50.2323, 79.7374
-1.530395, 2.399121, 8.368266, 51.31129, 80.72227
-1.551315, 2.354751, 8.368474, 49.69221, 84.1684
-1.508059, 2.427532, 8.33381, 52.20806, 78.26355
-1.561121, 2.389187, 8.35, 48.47313, 81.36679
-1.575004, 2.389187, 8.342152, 47.19642, 81.31213
-1.508067, 2.389187, 8.36633, 52.99792, 81.48013
-1.534205, 2.389187, 8.373073, 51.13289, 81.52679
-1.544741, 2.389187, 8.351242, 49.77842, 81.37541
-1.509292, 2.391763, 8.35, 52.50652, 81.16629
-1.555879, 2.390428, 8.357, 49.05443, 81.31895
-1.510217, 2.399073, 8.363578, 52.76424, 80.69305
-1.503605, 2.380571, 8.374441, 53.54014, 82.20467
-1.525341, 2.386328, 8.332507, 50.82833, 81.46782
-1.519671, 2.403059, 8.35, 51.69877, 80.28722
-1.49755, 2.404905, 8.346251, 53.32948, 80.11687
-1.519968, 2.376498, 8.347425, 51.61271, 82.33662
-1.511997, 2.380431, 8.339043, 52.02886, 81.97284
-1.562291, 2.397853, 8.336499, 48.04592, 80.59712
-1.561963, 2.368386, 8.35, 48.40758, 82.98553
-1.576138, 2.404106, 8.342319, 47.11228, 80.15115
-1.54582, 2.394188, 8.356937, 49.83493, 81.02615
-1.556652, 2.379621, 8.338457, 48.53424, 82.03195
-1.533823, 2.407128, 8.340131, 50.35465, 79.90007
-1.522108, 2.405738, 8.35, 51.5091, 80.07875
-1.51468, 2.385287, 8.341517, 51.88017, 81.61151
-1.564466, 2.356485, 8.337399, 47.89887, 83.82806
-1.546376, 2.410018, 8.342322, 49.43075, 79.69058
-1.547947, 2.426572, 8.323476, 48.84069, 78.26224
-1.912672, 2.389187, 8.35, 21.11504, 81.36679
-1.912672, 2.389187, 8.34866, 21.07698, 81.35745
-1.912672, 2.389187, 8.335187, 20.69366, 81.26353
-1.912672, 2.389187, 8.326918, 20.45774, 81.20572
-1.912672, 2.389187, 8.325989, 20.43121, 81.19922
-1.912672, 2.389697, 8.35, 21.11504, 81.32712
-1.912672, 2.396338, 8.346543, 21.01683, 80.78595
-1.912672, 2.39464, 8.340261, 20.83816, 80.87402
-1.912672, 2.383718, 8.344114, 20.94781, 81.75169
-1.912672, 2.396853, 8.38998, 22.2442, 81.04993
-1.912672, 2.37992, 8.35, 21.11504, 82.08791
-1.912672, 2.373252, 8.349112, 21.08979, 82.6008
-1.912672, 2.376665, 8.364803, 21.53446, 82.44214
-1.912672, 2.383154, 8.357435, 21.32589, 81.8875
-1.912672, 2.391966, 8.372262, 21.7452, 81.30551
-1.912672, 2.395226, 8.35, 21.11504, 80.89685
-1.912672, 2.41366, 8.349113, 21.08984, 79.45584
-1.912672, 2.380899, 8.348732, 21.07903, 82.00307
-1.912672, 2.362945, 8.345962, 21.00031, 83.38191
-1.912672, 2.381889, 8.316675, 20.16482, 81.70436
-1.912672, 2.413466, 8.35, 21.11504, 79.47737
-1.912672, 2.397875, 8.357641, 21.33173, 80.74443
-1.912672, 2.360548, 8.339823, 20.82571, 83.52753
-1.912672, 2.384613, 8.348775, 21.08023, 81.71428
-1.912672, 2.397174, 8.349661, 21.10538, 80.74283
-1.903551, 2.389187, 8.35, 21.82483, 81.36679
-1.910322, 2.389187, 8.352771, 21.37645, 81.38603
-1.919636, 2.389187, 8.367053, 21.05739, 81.48514
-1.912333, 2.389187, 8.376987, 21.90481, 81.55385
-1.907196, 2.389187, 8.377281, 22.31146, 81.55588
-1.910617, 2.386792, 8.35, 21.27498, 81.55318
-1.903698, 2.397589, 8.358473, 22.05288, 80.77249
-1.917055, 2.381994, 8.365263, 21.20709, 82.03142
-1.918557, 2.379688, 8.342319, 20.43838, 82.05324
-1.912354, 2.389925, 8.337326, 20.77945, 81.22093
-1.911368, 2.385612, 8.35, 21.21655, 81.64503
-1.906934, 2.37488, 8.346925, 21.47438, 82.45918
-1.914613, 2.395073, 8.366177, 21.4226, 81.02196
-1.909507, 2.38867, 8.378803, 22.17509, 81.60648
-1.916338, 2.401734, 8.345587, 20.70424, 80.35905
-1.907954, 2.387577, 8.35, 21.48218, 81.49207
-1.90481, 2.379286, 8.342653, 21.51864, 82.08684
-1.909059, 2.417567, 8.351071, 21.42657, 79.16595
-1.908091, 2.361187, 8.357792, 21.69218, 83.59773
-1.906773, 2.360801, 8.341263, 21.32629, 83.51744
-1.908387, 2.391254, 8.35, 21.44852, 81.2059
-1.91131, 2.357727, 8.358276, 21.45565, 83.86995
-1.904666, 2.420578, 8.363951, 22.13227, 79.02522
-1.903866, 2.383776, 8.362793, 22.16175, 81.87602
-1.909629, 2.421126, 8.361312, 21.67221, 78.96349
-1.912415, 2.389187, 8.35, 21.13508, 81.36679
-1.893411, 2.389187, 8.347733, 22.55001, 81.351
-1.902822, 2.389187, 8.338308, 21.5503, 81.28532
-1.905762, 2.389187, 8.336498, 21.2697, 81.27269
-1.911695, 2.389187, 8.353339, 21.28575, 81.38998
-1.907634, 2.394766, 8.35, 21.50714, 80.93263
-1.919215, 2.383101, 8.346405, 20.50354, 81.81563
-1.897254, 2.380436, 8.336706, 21.93892, 81.95634
-1.89336, 2.382866, 8.343821, 22.44358, 81.81609
-1.932381, 2.398448, 8.333028, 19.095, 80.52617
-1.898951, 2.406677, 8.35, 22.18284, 80.00568
-1.918727, 2.384405, 8.350756, 20.66528, 81.74411
-1.919329, 2.404278, 8.333598, 20.12927, 80.07556
-1.913184, 2.399199, 8.372607, 21.71524, 80.74669
-1.90565, 2.39482, 8.348327, 21.6141, 80.91666
-1.898081, 2.36607, 8.35, 22.25058, 83.16577
-1.893715, 2.39119, 8.3433, 22.40122, 81.16412
-1.917587, 2.374108, 8.363551, 21.11724, 82.63226
-1.918135, 2.396098, 8.375296, 21.40706, 81.0061
-1.912621, 2.404654, 8.317451, 20.19106, 79.93062
-1.910983, 2.397192, 8.35, 21.24653, 80.74382
-1.930961, 2.390323, 8.357272, 19.89937, 81.32901
-1.914252, 2.385197, 8.35075, 21.01334, 81.68243
-1.920939, 2.40911, 8.324615, 19.74649, 79.63409
-1.929613, 2.427007, 8.340407, 19.52238, 78.35312
-1.925126, 2.389187, 8.35, 20.14588, 81.36679
-1.920472, 2.389187, 8.359449, 20.77672, 81.43243
-1.895866, 2.389187, 8.349028, 22.39547, 81.36002
-1.941493, 2.389187, 8.36156, 19.20321, 81.44705
-1.905042, 2.389187, 8.370236, 22.28022, 81.50719
-1.922283, 2.398901, 8.35, 20.36712, 80.61086
-1.889885, 2.38317, 8.342572, 22.67897, 81.7838
-1.905538, 2.384438, 8.359543, 21.9401, 81.8022
-1.930024, 2.38627, 8.371234, 20.36958, 81.74046
-1.917889, 2.39744, 8.385319, 21.70901, 80.97198
-1.910836, 2.386954, 8.35, 21.25796, 81.54053
-1.90146, 2.40464, 8.351973, 22.04331, 80.17821
-1.888349, 2.386277, 8.335254, 22.59204, 81.49089
-1.901641, 2.375589, 8.372471, 22.60704, 82.57776
-1.919172, 2.399155, 8.374352, 21.29996, 80.76239
-1.921979, 2.363338, 8.35, 20.39075, 83.37836
-1.921248, 2.38531, 8.353939, 20.55977, 81.69574
-1.899801, 2.391142, 8.367603, 22.613, 81.33719
-1.927938, 2.409201, 8.333826, 19.4644, 79.69324
-1.933717, 2.360539, 8.335003, 19.04755, 83.49603
-1.910158, 2.372551, 8.35, 21.3107, 82.66144
-1.929361, 2.354957, 8.349967, 19.81535, 84.03038
-1.894909, 2.353567, 8.337101, 22.1329, 84.05354
-1.94066, 2.385413, 8.321975, 18.13053, 81.46591
-1.922049, 2.421635, 8.389577, 21.50688, 79.12843
-1.946706, 2.389187, 8.35, 18.46646, 81.36679
-1.924248, 2.389187, 8.356325, 20.3943, 81.41074
-1.951421, 2.389187, 8.346126, 17.98798, 81.33981
-1.910202, 2.389187, 8.320602, 20.47019, 81.1615
-1.905125, 2.389187, 8.318248, 20.79964, 81.14499
-1.885081, 2.390074, 8.35, 23.26223, 81.29771
-1.890119, 2.388569, 8.345664, 22.74796, 81.38467
-1.875805, 2.38733, 8.334017, 23.53536, 81.40016
-1.887797, 2.384012, 8.363918, 23.44181, 81.86546
-1.949033, 2.394322, 8.344381, 18.12374, 80.9278
-1.926502, 2.386286, 8.35, 20.03879, 81.59258
-1.892262, 2.386485, 8.351858, 22.75576, 81.58994
-1.891472, 2.406051, 8.339564, 22.47038, 79.9799
-1.883149, 2.406477, 8.327034, 22.7655, 79.85696
-1.925662, 2.395834, 8.323531, 19.34665, 80.66295
-1.881226, 2.39039, 8.35, 23.56218, 81.27316
-1.946545, 2.368487, 8.34393, 18.30448, 82.93665
-1.876274, 2.371637, 8.334122, 23.50169, 82.62466
-1.951905, 2.373983, 8.379778, 18.9158, 82.75177
-1.881672, 2.407353, 8.357475, 23.73715, 80.00642
-1.918687, 2.396678, 8.35, 20.64693, 80.78386
-1.940051, 2.364218, 8.34567, 18.86013, 83.28088
-1.910129, 2.416653, 8.36829, 21.83048, 79.36131
-1.872973, 2.428721, 8.321269, 23.39729, 78.07805
-1.926963, 2.36983, 8.356312, 20.18286, 82.91576
-1.912672, 2.599187, 8.35, 21.11504, 65.02434
-1.912672, 2.599187, 8.340256, 20.83805, 64.93579
-1.912672, 2.599187, 8.359037, 21.37128, 65.10628
-1.912672, 2.599187, 8.357824, 21.33694, 65.09528
-1.912672, 2.599187, 8.381325, 22.00072, 65.30748
-1.912672, 2.606397, 8.35, 21.11504, 64.46327
-1.912672, 2.608397, 8.350676, 21.1342, 64.31383
-1.912672, 2.592349, 8.350804, 21.13784, 65.56372
-1.912672, 2.604245, 8.372058, 21.73944, 64.83151
-1.912672, 2.592895, 8.349397, 21.09789, 65.50859
-1.912672, 2.59253, 8.35, 21.11504, 65.54245
-1.912672, 2.613721, 8.356236, 21.29192, 63.95076
-1.912672, 2.612209, 8.33594, 20.71515, 63.88129
-1.912672, 2.618713, 8.336396, 20.72813, 63.37843
-1.912672, 2.615638, 8.361332, 21.43627, 63.84866
-1.912672, 2.613141, 8.35, 21.11504, 63.93843
-1.912672, 2.60943, 8.350087, 21.1175, 64.22804
-1.912672, 2.577059, 8.347687, 21.04933, 66.72594
-1.912672, 2.583784, 8.37481, 21.81712, 66.44363
-1.912672, 2.629037, 8.36233, 21.46451, 62.8168
-1.912672, 2.559673, 8.35, 21.11504, 68.0994
-1.912672, 2.611068, 8.359944, 21.39696, 64.19107
-1.912672, 2.592583, 8.35625, 21.2923, 65.59453
-1.912672, 2.599339, 8.356502, 21.29944, 65.0715
-1.912672, 2.600534, 8.374221, 21.8005, 65.13902
-1.906682, 2.599187, 8.35, 21.58121, 65.02434
-1.917448, 2.599187, 8.357691, 20.96184, 65.09407
-1.907532, 2.599187, 8.351175, 21.54834, 65.03502
-1.915003, 2.599187, 8.337621, 20.58131, 64.91182
-1.911168, 2.599187, 8.378757, 22.04501, 65.28438
-1.916602, 2.604786, 8.35, 20.80919, 64.58864
-1.919522, 2.593122, 8.343497, 20.39678, 65.43765
-1.912875, 2.590696, 8.332761, 20.60868, 65.52977
-1.91204, 2.591581, 8.378529, 21.97098, 65.87204
-1.921163, 2.59974, 8.312959, 19.39439, 64.64336
-1.906803, 2.593316, 8.35, 21.57174, 65.48129
-1.917775, 2.592202, 8.350647, 20.73634, 65.57379
-1.922589, 2.599743, 8.351832, 20.39552, 64.99777
-1.918842, 2.58821, 8.343487, 20.44941, 65.82018
-1.90694, 2.616914, 8.370562, 22.14209, 63.83459
-1.908438, 2.613613, 8.35, 21.44454, 63.90176
-1.918298, 2.610247, 8.353231, 20.76908, 64.19334
-1.915674, 2.597074, 8.362759, 21.24344, 65.30412
-1.902915, 2.607185, 8.330772, 21.32904, 64.22548
-1.915972, 2.570981, 8.35785, 21.08113, 67.28835
-1.910513, 2.568712, 8.35, 21.28306, 67.39597
-1.912801, 2.600342, 8.35631, 21.28397, 64.99179
-1.906457, 2.628535, 8.366332, 22.06036, 62.8932
-1.920156, 2.625868, 8.331765, 20.0123, 62.77718
-1.921648, 2.566674, 8.366955, 20.8983, 67.70258
-1.923429, 2.599187, 8.35, 20.27793, 65.02434
-1.903071, 2.599187, 8.3574, 22.07133, 65.09143
-1.927245, 2.599187, 8.354774, 20.1171, 65.06763
-1.923824, 2.599187, 8.369952, 20.8144, 65.20497
-1.916459, 2.599187, 8.33836, 20.48889, 64.91855
-1.924098, 2.592351, 8.35, 20.22589, 65.55634
-1.901245, 2.593702, 8.345612, 21.88015, 65.41161
-1.914188, 2.591543, 8.354102, 21.11352, 65.65613
-1.926369, 2.600523, 8.376147, 20.79251, 65.15726
-1.932373, 2.606463, 8.362604, 19.94163, 64.57321
-1.902889, 2.602658, 8.35, 21.87634, 64.75427
-1.899391, 2.615477, 8.351261, 22.18419, 63.76833
-1.899177, 2.587349, 8.352692, 22.24122, 65.9697
-1.901037, 2.59089, 8.373005, 22.66899, 65.87625
-1.905714, 2.611137, 8.311563, 20.56254, 63.73914
-1.919103, 2.591478, 8.35, 20.6146, 65.6243
-1.903744, 2.580741, 8.340241, 21.53335, 66.37299
-1.928459, 2.628674, 8.351795, 19.9377, 62.74651
-1.924677, 2.587301, 8.340934, 19.922, 65.86807
-1.923319, 2.604002, 8.349087, 20.26043, 64.6413
-1.913002, 2.59166, 8.35, 21.08939, 65.61009
-1.897435, 2.616725, 8.352189, 22.36259, 63.67975
-1.894045, 2.618455, 8.359324, 22.82722, 63.61125
-1.920301, 2.621475, 8.32972, 19.94252, 63.10078
-1.907261, 2.575092, 8.338468, 21.20888, 66.79744
-1.907587, 2.599187, 8.35, 21.51077, 65.02434
-1.901023, 2.599187, 8.341883, 21.79181, 64.95061
-1.920922, 2.599187, 8.335424, 20.05723, 64.8918
-1.93007, 2.599187, 8.33783, 19.41287, 64.91371
-1.937301, 2.599187, 8.376074, 19.94257, 65.26019
-1.903716, 2.595587, 8.35, 21.81202, 65.30452
-1.894755, 2.596537, 8.356551, 22.69402, 65.28981
-1.938372, 2.592381, 8.355844, 19.28232, 65.6066
-1.934297, 2.608346, 8.344897, 19.2861, 64.26474
-1.927535, 2.599674, 8.321809, 19.15084, 64.72955
-1.919618, 2.599557, 8.35, 20.57452, 64.99557
-1.936956, 2.610601, 8.358303, 19.46274, 64.21234
-1.884886, 2.611866, 8.351541, 23.32066, 64.05186
-1.888754, 2.587007, 8.355525, 23.13173, 66.02167
-1.90603, 2.608966, 8.359623, 21.90411, 64.35152
-1.902058, 2.601985, 8.35, 21.94106, 64.80658
-1.935449, 2.608026, 8.355683, 19.5051, 64.38857
-1.88843, 2.624874, 8.369971, 23.5622, 63.21135
-1.890853, 2.608705, 8.361467, 23.13559, 64.38869
-1.916464, 2.617342, 8.346721, 20.72665, 63.5811
-1.904156, 2.56789, 8.35, 21.77773, 67.4599
-1.933205, 2.593613, 8.346626, 19.42062, 65.42767
-1.911829, 2.622605, 8.362969, 21.5481, 63.32253
-1.883226, 2.581828, 8.323359, 22.65553, 66.13728
-1.893252, 2.580586, 8.366394, 23.08755, 66.61731
-1.8745, 2.599187, 8.35, 24.08566, 65.02434
-1.874436, 2.599187, 8.351657, 24.137, 65.03937
-1.910866, 2.599187, 8.343273, 21.06457, 64.96326
-1.892194, 2.599187, 8.335704, 22.30502, 64.89436
-1.891353, 2.599187, 8.323609, 22.02806, 64.78401
-1.888862, 2.589572, 8.35, 22.96796, 65.7726
-1.926029, 2.59227, 8.357855, 20.29942, 65.63333
-1.920563, 2.5894, 8.331643, 19.97706, 65.62079
-1.91197, 2.603287, 8.367901, 21.6766, 64.86815
-1.907794, 2.608021, 8.356582, 21.68106, 64.39716
-1.940058, 2.590384, 8.35, 18.98382, 65.7094
-1.87724, 2.594955, 8.345115, 23.73537, 65.30954
-1.908101, 2.610772, 8.359936, 21.75204, 64.21405
-1.946073, 2.613969, 8.378753, 19.33866, 64.13828
-1.885512, 2.580383, 8.322622, 22.45613, 66.24355
-1.916466, 2.597845, 8.35, 20.81984, 65.12878
-1.946594, 2.623556, 8.341533, 18.23166, 63.04893
-1.883219, 2.628955, 8.359461, 23.67256, 62.79639
-1.935197, 2.624728, 8.359078, 19.62164, 63.12134
-1.899443, 2.570353, 8.319187, 21.27039, 66.99646
-1.89539, 2.625885, 8.35, 22.45996, 62.9467
-1.884751, 2.600193, 8.356256, 23.46358, 65.00285
-1.900095, 2.620333, 8.356496, 22.27723, 63.43907
-1.896954, 2.582777, 8.339287, 22.03535, 66.2058
-1.904879, 2.569859, 8.353204, 21.81214, 67.33482
-1.912672, 2.809187, 8.35, 21.11504, 48.68193
-1.912672, 2.809187, 8.349553, 21.10233, 48.67693
-1.912672, 2.809187, 8.369158, 21.65756, 48.89587
-1.912672, 2.809187, 8.321302, 20.29724, 48.35944
-1.912672, 2.809187, 8.378316, 21.91595, 48.99777
-1.912672, 2.809124, 8.35, 21.11504, 48.68689
-1.912672, 2.817216, 8.346747, 21.02264, 48.02043
-1.912672, 2.802933, 8.363314, 21.49235, 49.31665
-1.912672, 2.815119, 8.361304, 21.43549, 48.3474
-1.912672, 2.812875, 8.360699, 21.41833, 48.51497
-1.912672, 2.809382, 8.35, 21.11504, 48.66681
-1.912672, 2.827584, 8.342117, 20.891, 47.16051
-1.912672, 2.818741, 8.349789, 21.10903, 47.93604
-1.912672, 2.809715, 8.354087, 21.23099, 48.6866
-1.912672, 2.823707, 8.35587, 21.28153, 47.61848
-1.912672, 2.801389, 8.35, 21.11504, 49.28877
-1.912672, 2.810296, 8.350226, 21.12144, 48.59814
-1.912672, 2.791038, 8.359299, 21.37868, 50.19659
-1.912672, 2.81094, 8.321093, 20.29126, 48.22017
-1.912672, 2.820456, 8.37687, 21.87521, 48.10779
-1.912672, 2.822488, 8.35, 21.11504, 47.64684
-1.912672, 2.801751, 8.347344, 21.03959, 49.23109
-1.912672, 2.791116, 8.355847, 21.2809, 50.1526
-1.912672, 2.835132, 8.340802, 20.85358, 46.55739
-1.912672, 2.838569, 8.338672, 20.79296, 46.26501
-1.912652, 2.809187, 8.35, 21.1166, 48.68193
-1.9185, 2.809187, 8.350806, 20.68444, 48.69095
-1.90499, 2.809187, 8.360944, 22.02225, 48.80428
-1.92086, 2.809187, 8.339609, 20.18156, 48.56544
-1.909559, 2.809187, 8.371811, 21.97403, 48.92543
-1.915583, 2.80158, 8.35, 20.88856, 49.27397
-1.90975, 2.811739, 8.352488, 21.41295, 48.51128
-1.910226, 2.809536, 8.345716, 21.18379, 48.60675
-1.913263, 2.799427, 8.351939, 21.12408, 49.46303
-1.911865, 2.809287, 8.331111, 20.64038, 48.46214
-1.918505, 2.795285, 8.35, 20.66115, 49.76378
-1.904605, 2.806724, 8.352324, 21.80862, 48.89957
-1.910567, 2.819944, 8.336712, 20.9012, 47.69438
-1.909347, 2.818504, 8.355161, 21.52001, 48.01509
-1.913051, 2.793646, 8.359962, 21.36806, 50.00117
-1.919597, 2.801219, 8.35, 20.57618, 49.30202
-1.907783, 2.791011, 8.355474, 21.65051, 50.15662
-1.919469, 2.820927, 8.356175, 20.76171, 47.83813
-1.909971, 2.785823, 8.370006, 21.89117, 50.71889
-1.911988, 2.838222, 8.369217, 21.71238, 46.64265
-1.920373, 2.776775, 8.35, 20.51571, 51.20425
-1.909489, 2.78344, 8.343796, 21.18665, 50.61769
-1.905954, 2.797831, 8.3571, 21.83876, 49.6443
-1.91128, 2.826937, 8.321863, 20.42204, 46.9794
-1.907345, 2.816781, 8.335325, 21.113, 47.92526
-1.911229, 2.809187, 8.35, 21.22732, 48.68193
-1.927343, 2.809187, 8.340631, 19.70561, 48.5769
-1.930908, 2.809187, 8.332869, 19.20529, 48.48972
-1.902688, 2.809187, 8.379332, 22.71861, 49.00908
-1.896288, 2.809187, 8.34271, 22.18407, 48.60025
-1.90206, 2.81837, 8.35, 21.9409, 47.96733
-1.90156, 2.799251, 8.346103, 21.8695, 49.41191
-1.903133, 2.816304, 8.345327, 21.72508, 48.07544
-1.918032, 2.818757, 8.351084, 20.72873, 47.94945
-1.903753, 2.814251, 8.321082, 20.98771, 47.96141
-1.921587, 2.800301, 8.35, 20.42131, 49.37349
-1.914165, 2.792019, 8.359748, 21.27541, 50.12531
-1.926898, 2.790868, 8.359033, 20.26535, 50.20691
-1.89527, 2.828995, 8.375228, 23.17873, 47.42702
-1.896365, 2.793267, 8.312593, 21.32309, 49.50604
-1.91221, 2.790627, 8.35, 21.151, 50.12633
-1.894918, 2.803198, 8.354277, 22.61726, 49.19563
-1.895711, 2.830332, 8.367336, 22.92306, 47.23376
-1.918711, 2.809159, 8.367203, 21.13346, 48.87628
-1.93191, 2.800894, 8.342649, 19.40758, 49.24551
-1.905893, 2.794355, 8.35, 21.64264, 49.83621
-1.907511, 2.781116, 8.343596, 21.33503, 50.79649
-1.907495, 2.790471, 8.348748, 21.48242, 50.12463
-1.920511, 2.800319, 8.329738, 19.9266, 49.14642
-1.902727, 2.818689, 8.327912, 21.26234, 47.6924
-1.885281, 2.809187, 8.35, 23.24665, 48.68193
-1.920219, 2.809187, 8.357869, 20.7515, 48.76993
-1.9263, 2.809187, 8.358617, 20.29999, 48.77831
-1.893584, 2.809187, 8.333639, 22.13822, 48.49837
-1.895985, 2.809187, 8.350983, 22.44141, 48.69295
-1.897109, 2.817475, 8.35, 22.32622, 48.03697
-1.935968, 2.80972, 8.351192, 19.33621, 48.65381
-1.920513, 2.808136, 8.338236, 20.16944, 48.63197
-1.890115, 2.812562, 8.343251, 22.68024, 48.34349
-1.916481, 2.799673, 8.344293, 20.65627, 49.35898
-1.924634, 2.797175, 8.35, 20.18419, 49.61674
-1.942322, 2.797446, 8.356554, 18.99555, 49.66823
-1.940295, 2.801651, 8.347619, 18.89714, 49.24197
-1.919677, 2.824015, 8.362044, 20.91215, 47.66444
-1.88828, 2.792567, 8.388552, 24.09286, 50.39839
-1.927701, 2.830978, 8.35, 19.94548, 46.98616
-1.902122, 2.820332, 8.340631, 21.67069, 47.70856
-1.926278, 2.82274, 8.334311, 19.60773, 47.4491
-1.915379, 2.792367, 8.330694, 20.35442, 49.7775
-1.897363, 2.838538, 8.314483, 21.2989, 45.98776
-1.907308, 2.793548, 8.35, 21.53252, 49.899
-1.917967, 2.810904, 8.345183, 20.56588, 48.49431
-1.93163, 2.828377, 8.348081, 19.5848, 47.16672
-1.931638, 2.810678, 8.332989, 19.15177, 48.37477
-1.914945, 2.785969, 8.343466, 20.75232, 50.41707
-1.938951, 2.809187, 8.35, 19.06998, 48.68193
-1.887615, 2.809187, 8.349523, 23.05152, 48.67659
-1.893067, 2.809187, 8.369525, 23.18981, 48.89996
-1.882334, 2.809187, 8.352723, 23.5524, 48.71242
-1.946957, 2.809187, 8.380956, 19.33293, 49.02711
-1.884181, 2.816685, 8.35, 23.33224, 48.09842
-1.882346, 2.80076, 8.341356, 23.23205, 49.24158
-1.926283, 2.806066, 8.338078, 19.71519, 48.79149
-1.893087, 2.810459, 8.356153, 22.81245, 48.65189
-1.935975, 2.818988, 8.38072, 20.17748, 48.2648
-1.924344, 2.817097, 8.35, 20.20673, 48.06636
-1.938566, 2.822732, 8.342122, 18.87398, 47.53853
-1.930036, 2.817513, 8.354575, 19.89434, 48.08556
-1.924507, 2.790694, 8.362628, 20.55343, 50.25992
-1.903838, 2.826514, 8.323645, 21.05408, 47.03288
-1.881909, 2.831853, 8.35, 23.50905, 46.91806
-1.908909, 2.788462, 8.341249, 21.15945, 50.1985
-1.896252, 2.816499, 8.342301, 22.17539, 48.02603
-1.885716, 2.79438, 8.355135, 23.35706, 49.8909
-1.934632, 2.796134, 8.383771, 20.36812, 50.06972
-1.933487, 2.811564, 8.35, 19.4952, 48.49692
-1.908496, 2.783851, 8.345964, 21.32555, 50.60945
-1.943485, 2.793675, 8.35318, 18.80839, 49.92416
-1.884476, 2.770343, 8.376406, 24.04884, 51.98914
-1.893602, 2.801419, 8.317784, 21.68682, 48.92683
-1.912672, 3.019187, 8.35, 21.11504, 32.33952
-1.912672, 3.019187, 8.344269, 20.95219, 32.26314
-1.912672, 3.019187, 8.346291, 21.00966, 32.29012
-1.912672, 3.019187, 8.373148, 21.77023, 32.6468
-1.912672, 3.019187, 8.331403, 20.58576, 32.09128
-1.912672, 3.017686, 8.35, 21.11504, 32.45636
-1.912672, 3.022499, 8.356674, 21.30435, 32.17084
-1.912672, 3.015614, 8.34345, 20.9289, 32.53052
-1.912672, 3.021028, 8.329469, 20.53059, 31.92178
-1.912672, 3.01114, 8.348818, 21.08146, 32.9501
-1.912672, 3.024198, 8.35, 21.11504, 31.94957
-1.912672, 3.022096, 8.350086, 21.11748, 32.11432
-1.912672, 3.002492, 8.340389, 20.84184, 33.51227
-1.912672, 3.03269, 8.360681, 21.4178, 31.43216
-1.912672, 3.03738, 8.35675, 21.30651, 31.01479
-1.912672, 3.026292, 8.35, 21.11504, 31.78665
-1.912672, 3.031926, 8.344388, 20.95558, 31.27264
-1.912672, 2.991894, 8.336321, 20.72598, 34.28481
-1.912672, 3.013059, 8.344466, 20.95782, 32.74304
-1.912672, 3.033999, 8.383618, 22.0653, 31.63756
-1.912672, 2.984622, 8.35, 21.11504, 35.02943
-1.912672, 2.99154, 8.347355, 21.03989, 34.45656
-1.912672, 3.030371, 8.359058, 21.37188, 31.59068
-1.912672, 3.003464, 8.374388, 21.8052, 33.883
-1.912672, 3.018998, 8.313351, 20.06959, 31.864
-1.909217, 3.019187, 8.35, 21.38391, 32.33952
-1.907217, 3.019187, 8.34994, 21.5379, 32.33871
-1.905557, 3.019187, 8.340714, 21.40543, 32.21571
-1.919285, 3.019187, 8.327814, 19.96725, 32.04324
-1.915512, 3.019187, 8.375507, 21.61653, 32.67802
-1.904927, 3.023167, 8.35, 21.7178, 32.02986
-1.915208, 3.02917, 8.358161, 21.14931, 31.67204
-1.91867, 3.02388, 8.352138, 20.70906, 32.00291
-1.915381, 3.025163, 8.356547, 21.09016, 31.96201
-1.910549, 3.020881, 8.369677, 21.83699, 32.46935
-1.913428, 3.009506, 8.35, 21.05624, 33.09293
-1.903015, 3.013154, 8.346322, 21.7624, 32.76027
-1.907492, 3.016376, 8.360552, 21.8167, 32.69829
-1.917032, 3.031764, 8.347667, 20.70937, 31.32941
-1.906129, 3.026935, 8.378035, 22.41541, 32.1107
-1.915918, 3.011227, 8.35, 20.86246, 32.95898
-1.918098, 3.014086, 8.345078, 20.55266, 32.6712
-1.916235, 2.997361, 8.356771, 21.03005, 34.12668
-1.91575, 3.024099, 8.344031, 20.70574, 31.87743
-1.92012, 3.00358, 8.333794, 20.07319, 33.34036
-1.910736, 3.00004, 8.35, 21.26568, 33.82959
-1.909685, 3.015873, 8.357094, 21.54848, 32.69157
-1.903149, 3.010946, 8.330608, 21.30611, 32.72365
-1.90668, 2.983162, 8.340513, 21.31227, 35.02002
-1.916741, 2.985785, 8.384791, 21.78306, 35.38843
-1.922649, 3.019187, 8.35, 20.33867, 32.33952
-1.93235, 3.019187, 8.342442, 19.36739, 32.23878
-1.9032, 3.019187, 8.336123, 21.4588, 32.15442
-1.901453, 3.019187, 8.374143, 22.66864, 32.65997
-1.916935, 3.019187, 8.38154, 21.6764, 32.75777
-1.916716, 3.01783, 8.35, 20.80032, 32.44511
-1.923197, 3.009548, 8.3427, 20.08772, 32.99309
-1.896352, 3.010565, 8.342431, 22.17127, 32.91029
-1.899065, 3.028515, 8.364636, 22.58669, 31.80951
-1.912672, 3.027001, 8.342557, 20.90349, 31.63167
-1.928719, 3.007239, 8.35, 19.8663, 33.26933
-1.898329, 3.030223, 8.343049, 22.03474, 31.38728
-1.915366, 3.007509, 8.353969, 21.01813, 33.3007
-1.915838, 3.032803, 8.326425, 20.19653, 30.96182
-1.918605, 3.009613, 8.327781, 20.01936, 32.79004
-1.921132, 3.046592, 8.35, 20.45669, 30.20682
-1.930947, 3.038483, 8.343779, 19.51495, 30.75381
-1.919725, 3.044906, 8.360719, 20.8708, 30.48335
-1.927198, 2.990856, 8.36184, 20.32196, 34.69827
-1.929448, 3.04404, 8.325466, 19.10663, 30.07159
-1.906034, 2.998875, 8.35, 21.63166, 33.92027
-1.903047, 2.989916, 8.340112, 21.58392, 34.48849
-1.931377, 3.017195, 8.364087, 20.06126, 32.68147
-1.916379, 3.007952, 8.365589, 21.26883, 33.41925
-1.911171, 3.001745, 8.3232, 20.46875, 33.34355
-1.898466, 3.019187, 8.35, 22.22054, 32.33952
-1.908356, 3.019187, 8.354517, 21.57888, 32.39963
-1.885851, 3.019187, 8.335938, 22.80619, 32.15195
-1.937013, 3.019187, 8.375125, 19.93791, 32.67297
-1.890986, 3.019187, 8.322022, 22.01161, 31.96562
-1.898971, 3.011045, 8.35, 22.1813, 32.97311
-1.890146, 3.022112, 8.350099, 22.87079, 32.1132
-1.941011, 3.026721, 8.343042, 18.70997, 31.65999
-1.938256, 3.012372, 8.376794, 19.88902, 33.2236
-1.930716, 3.009629, 8.388988, 20.81921, 33.59608
-1.896586, 3.037272, 8.35, 22.36691, 30.93214
-1.921649, 3.00854, 8.344477, 20.259, 33.09506
-1.938994, 3.020147, 8.358479, 19.30931, 32.37767
-1.931287, 2.999368, 8.327051, 19.00858, 33.58002
-1.917825, 3.029289, 8.371688, 21.32915, 31.84354
-1.94202, 3.004578, 8.35, 18.83114, 33.47639
-1.921799, 3.014754, 8.348636, 20.36591, 32.66643
-1.92259, 3.033791, 8.334697, 19.90637, 30.99658
-1.931489, 3.036121, 8.338874, 19.33219, 30.87143
-1.941306, 3.006729, 8.360226, 19.17955, 33.44373
-1.914428, 3.055255, 8.35, 20.97844, 29.53271
-1.918295, 3.023069, 8.356726, 20.86864, 32.12715
-1.899067, 3.026584, 8.350454, 22.18663, 31.76999
-1.932848, 3.016937, 8.32126, 18.72006, 32.13118
-1.933438, 2.996659, 8.332182, 18.98824, 33.85898
-1.908706, 3.019187, 8.35, 21.42365, 32.33952
-1.927633, 3.019187, 8.354584, 20.08149, 32.40051
-1.936486, 3.019187, 8.353581, 19.36433, 32.38719
-1.935693, 3.019187, 8.35887, 19.57712, 32.45749
-1.879433, 3.019187, 8.351171, 23.73456, 32.35512
-1.915778, 3.016693, 8.35, 20.87332, 32.53368
-1.911447, 3.021982, 8.355289, 21.36037, 32.1925
-1.910942, 3.010359, 8.363245, 21.62481, 33.20145
-1.923573, 3.028122, 8.339817, 19.97608, 31.50751
-1.922361, 3.020728, 8.372587, 21.00258, 32.51984
-1.889705, 2.99981, 8.35, 22.90239, 33.84752
-1.941828, 3.005189, 8.355062, 18.99121, 33.4955
-1.898271, 3.024457, 8.346366, 22.13309, 31.88081
-1.930206, 3.029041, 8.378538, 20.56272, 31.95409
-1.902389, 3.037874, 8.389597, 23.02959, 31.41728
-1.941072, 3.025767, 8.35, 18.90494, 31.82747
-1.910839, 3.00839, 8.354924, 21.39728, 33.24474
-1.93296, 2.991471, 8.363384, 19.91823, 34.67059
-1.941559, 3.033656, 8.354292, 18.99002, 31.27126
-1.896151, 3.045857, 8.347888, 22.34108, 30.23534
-1.877976, 2.993774, 8.35, 23.81513, 34.31718
-1.909515, 3.035782, 8.351712, 21.40925, 31.07121
-1.872808, 3.014824, 8.362973, 24.57978, 32.85094
-1.899235, 3.01508, 8.340545, 21.89323, 32.53348
-1.921054, 3.02181, 8.388895, 21.56472, 32.65175
