-2.237973, 0.02, 8.372918, 0.403018, 265.3518
-2.237973, 0.01243539, 8.368331, 0.2607965, 266.0165
-2.237973, 0.0407238, 8.3636, 0.1139545, 263.8992
-2.240302, 0.02, 8.369701, 0.1225805, 265.4061
-2.228824, 0.02885647, 8.344013, 0.216651, 265.1512
-2.23024, 0.02778284, 8.363584, 0.7141829, 264.9048
-2.234839, 0.02831016, 8.362751, 0.3310919, 264.8778
-2.231117, 0.01167714, 8.37245, 0.9204912, 266.0056
-2.232559, 0.003685303, 8.358894, 0.3885412, 266.8568
-2.229837, 0.01002753, 8.377757, 1.183763, 266.0436
-2.228291, 0.04417665, 8.382647, 1.454401, 263.3145
-2.23057, -0.005857699, 8.35, 0.2669621, 267.7516
-2.230298, 0.001012299, 8.369773, 0.9013224, 266.8787
-2.229676, 0.004468718, 8.381862, 1.322837, 266.4049
-2.227322, 0.02, 8.349282, 0.4974461, 265.7515
-2.218183, 0.02, 8.335899, 0.7934046, 265.9789
-2.230105, 0.02, 8.364038, 0.7387161, 265.5017
-2.222141, 0.01757653, 8.353863, 1.042628, 265.8623
-2.221952, 0.02532824, 8.340818, 0.6525564, 265.48
-2.221606, 0.02041768, 8.35, 0.9645224, 265.7068
-2.2352, 0.009675579, 8.357583, 0.1425076, 266.4135
-2.232476, -0.002372066, 8.35, 0.1186323, 267.4803
-2.23361, 0.02749028, 8.357812, 0.2732992, 265.0247
-2.23769, 0.003829058, 8.367656, 0.2618551, 266.6962
-2.222136, 0.05424008, 8.35742, 1.15315, 262.9516
-2.231042, 0.03695219, 8.366638, 0.7464695, 264.1414
-2.210805, 0.02, 8.354951, 1.957898, 265.6554
-2.21357, 0.02, 8.339701, 1.270952, 265.9142
-2.233273, 0.0249781, 8.357994, 0.3050995, 265.2169
-2.217651, 0.01162254, 8.35, 1.27234, 266.3912
-2.218229, 0.007420116, 8.340101, 0.9203768, 266.8876
-2.22464, 0.01280918, 8.330065, 0.1081467, 266.6393
-2.220157, 0.02976234, 8.345201, 0.9284878, 265.0605
-2.209383, 0.03202755, 8.35, 1.915755, 264.8033
-2.219015, 0.01000988, 8.344866, 1.007037, 266.6044
-2.220728, 0.01839407, 8.338337, 0.6707811, 266.0626
-2.210018, 0.04069953, 8.33344, 1.35375, 264.4064
-2.222012, 0.05051105, 8.35, 0.9329939, 263.3649
-2.227678, 0.01249642, 8.350448, 0.5059147, 266.3156
-2.210083, -0.006168626, 8.331194, 1.278963, 268.1004
-2.21517, 0.006443129, 8.327193, 0.7576847, 267.1853
-2.203604, 0.02, 8.355165, 2.524524, 265.6518
-2.239276, 0.02904065, 8.367331, 0.1286173, 264.7441
-2.226815, 0.01936758, 8.348582, 0.5151701, 265.8126
-2.229153, 0.0132403, 8.35, 0.3772402, 266.2654
-2.231746, 0.01729249, 8.359286, 0.4638863, 265.7925
-2.220777, 0.03010916, 8.35, 1.029096, 264.9526
-2.205333, 0.04997247, 8.348036, 2.170286, 263.4395
-2.2202, 0.05815821, 8.354231, 1.204963, 262.6997
-2.200399, -0.01531848, 8.33741, 2.226591, 268.7062
-2.229075, -0.002650112, 8.339062, 0.04282951, 267.6902
-2.237973, 0.17, 8.375601, 0.4860878, 253.6721
-2.237973, 0.1728034, 8.382892, 0.7116222, 253.3431
-2.237973, 0.1615183, 8.360793, 0.02673626, 254.5588
-2.237973, 0.1516566, 8.374387, 0.4485083, 255.1137
-2.237973, 0.1442535, 8.370691, 0.3339958, 255.7457
-2.237973, 0.1870411, 8.389528, 0.9165573, 252.1394
-2.237973, 0.1559851, 8.360793, 0.02673626, 254.9888
-2.232451, 0.17, 8.36151, 0.4781485, 253.8887
-2.228026, 0.17, 8.348524, 0.4190397, 254.089
-2.228608, 0.17, 8.374809, 1.188126, 253.6842
-2.230859, 0.1783881, 8.35271, 0.3286743, 253.3718
-2.232938, 0.172861, 8.35, 0.08269787, 253.8435
-2.235072, 0.1548061, 8.367973, 0.4749441, 254.9689
-2.246029, 0.1679251, 8.38236, 0.07093906, 253.7293
-2.234277, 0.1830837, 8.364478, 0.428381, 252.8267
-2.233184, 0.17, 8.383368, 1.097503, 253.5531
-2.231051, 0.1734567, 8.343693, 0.03318787, 253.8944
-2.232547, 0.1709225, 8.35, 0.1131248, 253.9944
-2.218262, 0.1760487, 8.347164, 1.136942, 253.6391
-2.224871, 0.1915834, 8.35, 0.7104349, 252.3865
-2.232597, 0.1764455, 8.386232, 1.231298, 253.01
-2.218576, 0.2032805, 8.345397, 1.057706, 251.5458
-2.225988, 0.203677, 8.37485, 1.392589, 251.0713
-2.212734, 0.17, 8.345019, 1.500878, 254.1431
-2.219695, 0.17, 8.365564, 1.594505, 253.8263
-2.214291, 0.1662465, 8.35, 1.533837, 254.3582
-2.225045, 0.1627022, 8.36842, 1.267219, 254.349
-2.220157, 0.1849751, 8.362457, 1.462684, 252.7106
-2.219949, 0.1731003, 8.322193, 0.2287388, 254.255
-2.224504, 0.1360658, 8.35, 0.7390594, 256.7069
-2.23759, 0.1521844, 8.363535, 0.1417494, 255.2415
-2.212426, 0.17, 8.35, 1.678948, 254.0661
-2.204104, 0.17, 8.382487, 3.323822, 253.5666
-2.200584, 0.1794701, 8.35, 2.60047, 253.3292
-2.218332, 0.1614462, 8.339559, 0.8955002, 254.8942
-2.206645, 0.1767026, 8.35367, 2.241983, 253.4882
-2.199728, 0.1628547, 8.35, 2.667117, 254.6222
-2.207443, 0.1579796, 8.358775, 2.337255, 254.8652
-2.218477, 0.1999836, 8.330146, 0.5914879, 252.0342
-2.211326, 0.1453587, 8.345714, 1.632042, 256.0511
-2.218946, 0.180293, 8.349525, 1.156826, 253.2724
-2.237973, 0.32, 8.363533, 0.1118803, 242.2048
-2.237973, 0.2980463, 8.360431, 0.01547813, 243.9541
-2.237973, 0.3257896, 8.373662, 0.4260635, 241.6152
-2.237973, 0.3473282, 8.363604, 0.114069, 240.0809
-2.230912, 0.3158621, 8.347087, 0.1496601, 242.7558
-2.229608, 0.3350449, 8.353918, 0.4635143, 241.1682
-2.229275, 0.343927, 8.367385, 0.9068584, 240.2936
-2.233747, 0.2930586, 8.35, 0.01974106, 244.4896
-2.230576, 0.3464157, 8.36285, 0.6653452, 240.162
-2.23845, 0.2903242, 8.374022, 0.4002285, 244.3617
-2.221064, 0.32, 8.347991, 0.9443951, 242.421
-2.227624, 0.3140367, 8.340994, 0.2160931, 242.9832
-2.220925, 0.3176039, 8.340483, 0.7221937, 242.7124
-2.233106, 0.3151486, 8.348048, 0.008854866, 242.7978
-2.22385, 0.3033116, 8.327869, 0.1012945, 244.0046
-2.222122, 0.3172513, 8.35, 0.9243822, 242.6069
-2.221108, 0.3407282, 8.338385, 0.6426573, 240.9395
-2.233057, 0.334413, 8.349098, 0.04533291, 241.2838
-2.231865, 0.2847376, 8.369473, 0.770359, 244.8597
-2.231435, 0.2827045, 8.377167, 1.041627, 244.9081
-2.22466, 0.32, 8.340315, 0.4259491, 242.5281
-2.215519, 0.3158127, 8.323434, 0.6133747, 243.0913
-2.230603, 0.320555, 8.35, 0.2643585, 242.3498
-2.21349, 0.3254491, 8.366133, 2.093911, 241.7456
-2.232851, 0.3119313, 8.37674, 0.9186172, 242.6476
-2.240418, 0.33251, 8.378022, 0.3714609, 241.0341
-2.210543, 0.3436537, 8.346325, 1.711893, 240.6026
-2.216428, 0.3177246, 8.333119, 0.8438587, 242.8061
-2.226784, 0.3467363, 8.336486, 0.1411629, 240.4973
-2.223064, 0.292891, 8.357431, 1.081352, 244.3972
-2.229546, 0.331876, 8.35, 0.3466702, 241.4688
-2.209377, 0.32, 8.35, 1.916213, 242.393
-2.212226, 0.32, 8.34884, 1.658578, 242.4092
-2.20948, 0.3269492, 8.355318, 2.072296, 241.7785
-2.200743, 0.3121739, 8.354259, 2.719159, 242.9424
-2.22126, 0.3001191, 8.345884, 0.8637714, 243.9984
-2.205322, 0.3399034, 8.323006, 1.396351, 241.216
-2.206724, 0.2918462, 8.356748, 2.330632, 244.4881
-2.207177, 0.3029191, 8.378057, 2.950101, 243.328
-2.220451, 0.358307, 8.35, 1.054416, 239.4119
-2.237973, 0.47, 8.376668, 0.5191326, 230.3899
-2.237973, 0.4721963, 8.367186, 0.2252769, 230.3364
-2.237973, 0.4646945, 8.372125, 0.3784132, 230.8577
-2.237973, 0.4758509, 8.378717, 0.5825472, 229.911
-2.237973, 0.4728445, 8.386878, 0.8347607, 230.0439
-2.237973, 0.4710189, 8.364705, 0.1482725, 230.4585
-2.237973, 0.471428, 8.363214, 0.1019669, 230.4451
-2.237973, 0.4499837, 8.384008, 0.7461405, 231.8503
-2.230383, 0.47, 8.35, 0.281539, 230.7198
-2.23801, 0.47, 8.367783, 0.240941, 230.4996
-2.23157, 0.4618886, 8.35, 0.1891422, 231.3511
-2.229287, 0.4742562, 8.348027, 0.3054428, 230.413
-2.230597, 0.4719547, 8.362535, 0.6540155, 230.4126
-2.227902, 0.462711, 8.353055, 0.569458, 231.2489
-2.219074, 0.4732572, 8.349579, 1.148572, 230.4716
-2.227792, 0.4554225, 8.35, 0.4831266, 231.8543
-2.230239, 0.4801448, 8.379828, 1.216507, 229.5645
-2.230077, 0.4738922, 8.35, 0.3052998, 230.4169
-2.225184, 0.4707488, 8.35, 0.6860733, 230.6616
-2.230691, 0.4595408, 8.350487, 0.2726269, 231.5277
-2.220364, 0.47, 8.354176, 1.190557, 230.668
-2.211213, 0.47, 8.336083, 1.342592, 230.8929
-2.236895, 0.47, 8.384299, 0.8386517, 230.2959
-2.228174, 0.4721878, 8.347726, 0.3827333, 230.5778
-2.230036, 0.4788077, 8.364161, 0.7479858, 229.8602
-2.238048, 0.4687736, 8.365213, 0.1583004, 230.6266
-2.218932, 0.4546369, 8.35, 1.172647, 231.9154
-2.22674, 0.4601529, 8.374629, 1.327443, 231.1789
-2.242112, 0.4885818, 8.38004, 0.3026247, 228.9079
-2.234963, 0.491746, 8.35905, 0.2065229, 228.9173
-2.234316, 0.5096546, 8.356919, 0.1906729, 227.5508
-2.206615, 0.47, 8.35, 2.131162, 230.7198
-2.205284, 0.47, 8.330153, 1.621099, 230.9669
-2.211994, 0.47, 8.363343, 2.124195, 230.5545
-2.206552, 0.47, 8.339358, 1.807308, 230.8522
-2.204179, 0.4607181, 8.3261, 1.581688, 231.7421
-2.202155, 0.4647776, 8.35, 2.47829, 231.1263
-2.200733, 0.4885264, 8.358072, 2.837219, 229.1795
-2.215302, 0.47096, 8.35, 1.455102, 230.6451
-2.214667, 0.4851869, 8.340489, 1.209941, 229.6548
-2.202756, 0.4653215, 8.360735, 2.761803, 230.9503
-2.202179, 0.4526787, 8.333273, 1.959929, 232.2789
-2.20705, 0.4744056, 8.330997, 1.509547, 230.6126
-2.237973, 0.6199999, 8.389859, 0.9267855, 218.6144
-2.237973, 0.6271976, 8.363445, 0.109148, 218.3412
-2.237973, 0.6254603, 8.387323, 0.8485079, 218.2189
-2.237973, 0.6238216, 8.370482, 0.3275299, 218.5274
-2.233551, 0.6199999, 8.362925, 0.4365778, 218.9061
-2.232273, 0.6191536, 8.356812, 0.3461552, 219.0383
-2.233879, 0.6129241, 8.349701, 0.0001144409, 219.6006
-2.237553, 0.600791, 8.359546, 0.02061367, 220.4358
-2.231106, 0.6263659, 8.357256, 0.4506683, 218.4727
-2.246492, 0.622447, 8.38555, 0.133853, 218.4714
-2.233779, 0.6363345, 8.35477, 0.1655817, 217.7243
-2.236637, 0.6271097, 8.366678, 0.3132963, 218.3132
-2.233048, 0.5850224, 8.36445, 0.5229378, 221.6064
-2.227569, 0.6199999, 8.341037, 0.221715, 219.1445
-2.222376, 0.6199999, 8.360471, 1.228867, 218.9327
-2.231732, 0.6199999, 8.363569, 0.597868, 218.8991
-2.225852, 0.6199999, 8.342144, 0.3899002, 219.1324
-2.232856, 0.6236013, 8.35, 0.08903503, 218.7664
-2.220463, 0.6121662, 8.36214, 1.429124, 219.5233
-2.242309, 0.6138491, 8.384725, 0.4323721, 219.1464
-2.230249, 0.6151246, 8.352108, 0.3574133, 219.403
-2.232543, 0.6378994, 8.356623, 0.3193474, 217.5828
-2.225914, 0.6048706, 8.373984, 1.371574, 219.9598
-2.232769, 0.640268, 8.35, 0.09584427, 217.4694
-2.238158, 0.6456287, 8.36403, 0.1129961, 216.9032
-2.235767, 0.6300682, 8.378712, 0.7534361, 217.9543
-2.22657, 0.6112092, 8.337936, 0.2030325, 219.8636
-2.223415, 0.5843015, 8.352659, 0.9062004, 221.7949
-2.210187, 0.6199999, 8.344117, 1.671309, 219.1109
-2.219239, 0.6199999, 8.355632, 1.32308, 218.9854
-2.227496, 0.6154878, 8.35, 0.5061865, 219.3978
-2.209194, 0.6292127, 8.374246, 2.676716, 218.0685
-2.212804, 0.6148516, 8.362151, 2.024603, 219.3145
-2.220317, 0.6250055, 8.35, 1.064873, 218.6572
-2.226076, 0.6311637, 8.362865, 1.015449, 218.0394
-2.218646, 0.6228692, 8.321041, 0.2945423, 219.1395
-2.215737, 0.5915737, 8.357105, 1.640954, 221.1794
-2.215038, 0.5893037, 8.351072, 1.508875, 221.4235
-2.234462, 0.6403447, 8.380242, 0.9019661, 217.1413
-2.21805, 0.6199999, 8.348093, 1.182189, 219.0675
-2.207648, 0.6199999, 8.345367, 1.907673, 219.0972
-2.217632, 0.616803, 8.35, 1.273813, 219.2955
-2.220761, 0.6219885, 8.353435, 1.136713, 218.8546
-2.222438, 0.622942, 8.3729, 1.607881, 218.5695
-2.215741, 0.618715, 8.35, 1.420941, 219.1467
-2.208304, 0.6013291, 8.366097, 2.49557, 220.3215
-2.213572, 0.6306321, 8.318089, 0.5988979, 218.5652
-2.206915, 0.6079341, 8.35, 2.107816, 219.9857
-2.201088, 0.6155203, 8.355646, 2.735023, 219.3336
-2.230829, 0.591956, 8.366185, 0.7490444, 221.0485
-2.230571, 0.6470569, 8.35, 0.2668905, 216.9411
-2.219488, 0.626391, 8.354477, 1.267962, 218.5009
-1.855741, 0.02, 8.35, 29.43651, 265.7393
-1.855741, 0.02, 8.343559, 29.26044, 265.8486
-1.855741, 0.02, 8.342423, 29.22935, 265.8679
-1.855741, 0.02, 8.337392, 29.0916, 265.9535
-1.855741, 0.02, 8.32416, 28.7284, 266.179
-1.855741, 0.0143748, 8.35, 29.43651, 266.1771
-1.855741, 0.02495989, 8.342319, 29.22652, 265.4833
-1.855741, 0.02709562, 8.352422, 29.50262, 265.1462
-1.855741, 0.02207511, 8.369375, 29.96431, 265.2505
-1.855741, 0.01297086, 8.371118, 30.01166, 265.9277
-1.855741, 0.02564268, 8.35, 29.43651, 265.3002
-1.855741, 0.01505178, 8.359997, 29.70916, 265.9546
-1.855741, 0.007805505, 8.350118, 29.4397, 266.6863
-1.855741, 0.03641434, 8.365236, 29.85177, 264.2066
-1.855741, 0.01125244, 8.345228, 29.30609, 266.5014
-1.855741, 0.0299129, 8.35, 29.43651, 264.9679
-1.855741, 0.03850266, 8.354717, 29.56525, 264.2203
-1.855741, 0.03105015, 8.369563, 29.96942, 264.5507
-1.855741, -0.0003099125, 8.376093, 30.14668, 266.8736
-1.855741, 0.04269434, 8.358492, 29.66816, 263.8313
-1.855741, 0.0004027188, 8.35, 29.43651, 267.2644
-1.855741, 0.04115254, 8.357627, 29.64458, 263.9656
-1.855741, 0.0561355, 8.345166, 29.3044, 263.0074
-1.855741, 0.0007930472, 8.335554, 29.04123, 267.4822
-1.855741, 0.01392639, 8.377965, 30.19747, 265.7378
-1.8627, 0.02, 8.35, 28.89496, 265.7393
-1.864784, 0.02, 8.344422, 28.57986, 265.834
-1.862052, 0.02, 8.337217, 28.59487, 265.9565
-1.847686, 0.02, 8.378895, 30.84721, 265.2512
-1.860722, 0.02, 8.329687, 28.49168, 266.0847
-1.860643, 0.01121778, 8.35, 29.05509, 266.4227
-1.860946, 0.02933608, 8.352658, 29.10417, 264.968
-1.86174, 0.01239037, 8.338468, 28.65352, 266.5282
-1.860945, 0.01635589, 8.327064, 28.40202, 266.4138
-1.853004, 0.01611898, 8.350758, 29.6702, 266.0284
-1.862001, 0.02489899, 8.35, 28.94936, 265.3581
-1.854617, 0.01409042, 8.356416, 29.69895, 266.0901
-1.854241, 0.01502347, 8.352677, 29.62632, 266.0811
-1.846952, 0.01007747, 8.3429, 29.92703, 266.6327
-1.85068, 0.02940289, 8.34605, 29.72268, 265.0742
-1.851592, -0.00479749, 8.35, 29.75943, 267.6691
-1.858982, 0.02569074, 8.352702, 29.25817, 265.2508
-1.854921, 0.007075493, 8.358515, 29.73255, 266.5998
-1.855696, 0.03571691, 8.331391, 28.93059, 264.8296
-1.851558, 0.04085967, 8.389953, 30.84591, 263.4504
-1.85685, -0.006740622, 8.35, 29.35019, 267.8203
-1.85728, 0.01813381, 8.348723, 29.28187, 265.9062
-1.851235, 0.01654674, 8.341137, 29.54528, 266.1588
-1.855415, 0.006906721, 8.324667, 28.76784, 267.1926
-1.863167, -0.01197779, 8.373361, 29.49642, 267.8254
-1.861852, 0.02, 8.35, 28.96098, 265.7393
-1.848651, 0.02, 8.347246, 29.9132, 265.786
-1.87012, 0.02, 8.359617, 28.5812, 265.5764
-1.872182, 0.02, 8.326203, 27.50122, 266.1441
-1.869588, 0.02, 8.339873, 28.08058, 265.9113
-1.871145, 0.02741389, 8.35, 28.23782, 265.1624
-1.840956, 0.02748723, 8.352117, 30.64459, 265.1209
-1.840546, 0.01361169, 8.334455, 30.196, 266.5016
-1.837571, 0.01082788, 8.350509, 30.8643, 266.4444
-1.867043, 0.02471212, 8.363275, 28.92044, 265.1485
-1.851585, 0.001495123, 8.35, 29.75999, 267.1794
-1.870189, 0.0394337, 8.350986, 28.33926, 264.2104
-1.84307, 0.01776914, 8.336764, 30.06223, 266.1381
-1.853132, 0.02826583, 8.376307, 30.35492, 264.6537
-1.874302, 0.02235557, 8.358981, 28.2388, 265.4041
-1.840802, 0.01306527, 8.35, 30.59907, 266.279
-1.873465, 0.03970462, 8.35955, 28.31946, 264.046
-1.85972, 0.02496502, 8.351852, 29.17751, 265.3216
-1.848089, 0.04483339, 8.350266, 30.03924, 263.8023
-1.839047, 0.007255222, 8.342281, 30.52597, 266.8631
-1.86223, 0.03450304, 8.35, 28.93152, 264.6107
-1.873818, 0.0373811, 8.347892, 27.97181, 264.4221
-1.871596, 0.007481004, 8.364502, 28.60029, 266.4663
-1.842638, 0.01537867, 8.348047, 30.40315, 266.1322
-1.859245, -0.01619842, 8.310467, 28.07722, 269.2447
-1.883766, 0.02, 8.35, 27.25562, 265.7393
-1.867307, 0.02, 8.350492, 28.5499, 265.731
-1.841407, 0.02, 8.35118, 30.58402, 265.7193
-1.870881, 0.02, 8.347243, 28.18261, 265.7861
-1.827644, 0.02, 8.357869, 31.8355, 265.606
-1.871584, 0.02068673, 8.35, 28.20361, 265.6859
-1.829867, 0.02408412, 8.356909, 31.63678, 265.3047
-1.883225, 0.01266107, 8.360801, 27.59525, 266.1267
-1.834614, 0.02672006, 8.366607, 31.5297, 264.9365
-1.881132, 0.02463743, 8.356278, 27.63355, 265.2723
-1.851611, 0.01752609, 8.35, 29.75794, 265.9318
-1.850947, 0.03282357, 8.349594, 29.79856, 264.7482
-1.863392, 0.01706432, 8.338811, 28.53424, 266.1581
-1.828731, 0.005757887, 8.332075, 31.05266, 267.1549
-1.861386, 0.02333477, 8.34173, 28.77063, 265.6199
-1.879715, 0.02392109, 8.35, 27.57082, 265.4342
-1.883624, 0.01667392, 8.341036, 27.01903, 266.1506
-1.879423, 0.004626105, 8.343571, 27.41632, 267.0458
-1.87925, 0.03695106, 8.37292, 28.23654, 264.0366
-1.861206, 0.003827872, 8.333242, 28.55168, 267.2854
-1.840799, 0.03311221, 8.35, 30.59934, 264.7189
-1.856593, 0.0437711, 8.349837, 29.36574, 263.8921
-1.870242, 0.01299585, 8.333523, 27.85466, 266.5656
-1.872235, -0.01939143, 8.338544, 27.83767, 269.0039
-1.863782, 0.002718527, 8.331792, 28.31085, 267.3969
-1.855696, 0.02, 8.35, 29.44004, 265.7393
-1.868567, 0.02, 8.355602, 28.59196, 265.6444
-1.860595, 0.02, 8.348248, 29.01089, 265.769
-1.878882, 0.02, 8.371114, 28.21561, 265.3823
-1.872308, 0.02, 8.339473, 27.85757, 265.9181
-1.868991, 0.02380665, 8.35, 28.40538, 265.4431
-1.893625, 0.01275527, 8.350125, 26.49183, 266.301
-1.888601, 0.01115081, 8.356553, 27.0603, 266.3163
-1.81597, 0.01854063, 8.322062, 31.77698, 266.3288
-1.893695, 0.01257318, 8.382179, 27.37038, 265.7715
-1.893585, 0.02068241, 8.35, 26.49149, 265.6862
-1.825473, 0.01428728, 8.346549, 31.6988, 266.2426
-1.860948, 0.005322877, 8.365457, 29.4534, 266.6176
-1.893285, 0.03768041, 8.339363, 26.21987, 264.5421
-1.816876, 0.00097901, 8.334083, 32.03168, 267.4931
-1.863854, 0.02697209, 8.35, 28.80516, 265.1967
-1.869269, 0.00716447, 8.34342, 28.20301, 266.8507
-1.833608, 0.0319956, 8.342182, 30.94693, 264.9376
-1.890042, 0.0218872, 8.361666, 27.08935, 265.3951
-1.88917, -0.006920764, 8.318519, 25.96107, 268.3789
-1.874165, 0.0462601, 8.35, 28.00276, 263.6957
-1.851418, 0.01873933, 8.343771, 29.60291, 265.9432
-1.819951, 0.02061116, 8.342175, 32.01067, 265.8245
-1.822055, 0.03774789, 8.368153, 32.54641, 264.0543
-1.820063, 0.04193532, 8.360488, 32.49529, 263.857
-1.855741, 0.17, 8.35, 29.43651, 254.0661
-1.855741, 0.17, 8.359476, 29.69497, 253.92
-1.855741, 0.17, 8.341602, 29.20691, 254.196
-1.855741, 0.17, 8.32263, 28.68633, 254.4903
-1.855741, 0.17, 8.357815, 29.64971, 253.9456
-1.855741, 0.1761443, 8.35, 29.43651, 253.588
-1.855741, 0.1734154, 8.354026, 29.54638, 253.7384
-1.855741, 0.1670301, 8.356376, 29.61047, 254.1987
-1.855741, 0.1749432, 8.367071, 29.90168, 253.4193
-1.855741, 0.1787792, 8.363766, 29.81176, 253.172
-1.855741, 0.1891733, 8.35, 29.43651, 252.5741
-1.855741, 0.1504816, 8.349639, 29.42664, 255.5907
-1.855741, 0.1588707, 8.361647, 29.7541, 254.7514
-1.855741, 0.1808128, 8.352483, 29.50427, 253.1866
-1.855741, 0.1730947, 8.379186, 30.23056, 253.3772
-1.855741, 0.1934885, 8.35, 29.43651, 252.2383
-1.855741, 0.1454205, 8.341398, 29.20132, 256.1141
-1.855741, 0.1491592, 8.344913, 29.29746, 255.7677
-1.855741, 0.147597, 8.360393, 29.71993, 255.647
-1.855741, 0.1980855, 8.34405, 29.27387, 251.9708
-1.855741, 0.1988591, 8.35, 29.43651, 251.8203
-1.855741, 0.16412, 8.346181, 29.33215, 254.583
-1.855741, 0.1929393, 8.364119, 29.82137, 252.0666
-1.855741, 0.1563159, 8.36925, 29.96092, 254.8319
-1.855741, 0.146704, 8.335829, 29.04875, 256.1017
-1.859456, 0.17, 8.35, 29.14744, 254.0661
-1.85878, 0.17, 8.3521, 29.25742, 254.0337
-1.849082, 0.17, 8.369987, 30.49783, 253.7583
-1.859454, 0.17, 8.373914, 29.79953, 253.698
-1.847012, 0.17, 8.36866, 30.62252, 253.7787
-1.849814, 0.1740829, 8.35, 29.8978, 253.7484
-1.851194, 0.1694171, 8.352496, 29.85839, 254.073
-1.857473, 0.1621694, 8.359953, 29.57336, 254.5213
-1.860498, 0.1623244, 8.336614, 28.69944, 254.8716
-1.850823, 0.1799939, 8.336485, 29.45018, 253.4961
-1.864401, 0.1504053, 8.35, 28.76264, 255.591
-1.86324, 0.1656434, 8.342898, 28.65832, 254.5153
-1.854996, 0.1858716, 8.338746, 29.1868, 253.0033
-1.863282, 0.1603859, 8.355639, 29.00395, 254.7268
-1.862599, 0.1560562, 8.314766, 27.93371, 255.7029
-1.865519, 0.1857494, 8.35, 28.67559, 252.8405
-1.848121, 0.1905709, 8.346781, 29.94178, 252.5144
-1.85707, 0.1931673, 8.348125, 29.28187, 252.2918
-1.849776, 0.1471785, 8.331496, 29.39527, 256.1329
-1.858585, 0.1949735, 8.353141, 29.30107, 252.075
-1.849084, 0.2034727, 8.35, 29.95461, 251.4613
-1.846307, 0.1733795, 8.356596, 30.35, 253.7016
-1.857619, 0.1407278, 8.333578, 28.84064, 256.6031
-1.86095, 0.2031713, 8.350769, 29.05222, 251.4731
-1.850076, 0.2050113, 8.33425, 29.44731, 251.5797
-1.868312, 0.17, 8.35, 28.45821, 254.0661
-1.852301, 0.17, 8.347753, 29.64293, 254.1009
-1.874369, 0.17, 8.332613, 27.50765, 254.3353
-1.867502, 0.17, 8.370795, 29.09012, 253.7459
-1.870273, 0.17, 8.363096, 28.66462, 253.8643
-1.874115, 0.1776594, 8.35, 28.00667, 253.4701
-1.872198, 0.1611667, 8.35221, 28.21651, 254.7193
-1.863115, 0.1734102, 8.360222, 29.14224, 253.6435
-1.847978, 0.1657961, 8.341958, 29.82141, 254.518
-1.874085, 0.1632145, 8.310247, 26.91025, 255.214
-1.837806, 0.1725018, 8.35, 30.83229, 253.8715
-1.859116, 0.1668017, 8.358541, 29.40717, 254.183
-1.857588, 0.1634671, 8.360949, 29.59156, 254.405
-1.849117, 0.1660321, 8.326378, 29.30645, 254.7418
-1.84794, 0.1613773, 8.320704, 29.24277, 255.1939
-1.87329, 0.1977028, 8.35, 28.07085, 251.9103
-1.852824, 0.1983356, 8.351397, 29.70162, 251.8399
-1.864729, 0.1502708, 8.367972, 29.22835, 255.321
-1.845554, 0.1720487, 8.328012, 29.62928, 254.2468
-1.866437, 0.1655292, 8.359224, 28.85679, 254.2714
-1.8752, 0.1736339, 8.35, 27.92221, 253.7834
-1.870408, 0.1929121, 8.350578, 28.311, 252.2743
-1.87273, 0.186751, 8.345863, 28.00069, 252.8258
-1.837413, 0.173978, 8.322184, 30.10553, 254.1866
-1.849436, 0.1627997, 8.384779, 30.87051, 254.0893
-1.855904, 0.17, 8.35, 29.42386, 254.0661
-1.857649, 0.17, 8.342035, 29.07013, 254.1893
-1.859756, 0.17, 8.361521, 29.4387, 253.8885
-1.875486, 0.17, 8.342782, 27.70117, 254.1777
-1.86998, 0.17, 8.331474, 27.81858, 254.3529
-1.859437, 0.1636345, 8.35, 29.14894, 254.5615
-1.829753, 0.1606665, 8.346385, 31.36109, 254.8487
-1.852552, 0.1690877, 8.340294, 29.41961, 254.2873
-1.873927, 0.1730984, 8.347807, 27.96096, 253.8588
-1.833472, 0.1647241, 8.317744, 30.29221, 254.9787
-1.872925, 0.1543397, 8.35, 28.09922, 255.2849
-1.877808, 0.1831271, 8.358999, 27.96671, 252.907
-1.828352, 0.1552563, 8.361587, 31.88074, 255.0331
-1.865182, 0.1537455, 8.375753, 29.40528, 254.9305
-1.845041, 0.1697409, 8.369004, 30.78488, 253.7935
-1.866604, 0.1690198, 8.35, 28.59118, 254.1424
-1.856276, 0.145915, 8.341107, 29.15165, 256.0801
-1.829342, 0.1926986, 8.366084, 31.92497, 252.0555
-1.880445, 0.1465807, 8.351551, 27.5568, 255.8643
-1.861002, 0.1934288, 8.353365, 29.11912, 252.1918
-1.86314, 0.2048233, 8.35, 28.86077, 251.3562
-1.842831, 0.1572971, 8.356131, 30.60772, 254.9593
-1.871949, 0.1559208, 8.344378, 28.02063, 255.2495
-1.860074, 0.1356471, 8.346807, 29.01196, 256.79
-1.867068, 0.1797925, 8.385946, 29.53629, 252.7551
-1.879259, 0.17, 8.35, 27.60631, 254.0661
-1.84594, 0.17, 8.358135, 30.42036, 253.9407
-1.83453, 0.17, 8.334837, 30.67549, 254.3008
-1.88883, 0.17, 8.329432, 26.29141, 254.3846
-1.823342, 0.17, 8.355784, 32.11378, 253.9769
-1.832765, 0.175935, 8.35, 31.22458, 253.6043
-1.883724, 0.1719902, 8.344001, 27.09317, 254.0039
-1.874431, 0.1650502, 8.337255, 27.63096, 254.6492
-1.891174, 0.1690288, 8.321498, 25.88757, 254.5838
-1.886406, 0.1612933, 8.33952, 26.76026, 254.9067
-1.860523, 0.1538651, 8.35, 29.06436, 255.3218
-1.870707, 0.1507049, 8.350062, 28.27359, 255.5667
-1.824661, 0.1768821, 8.342591, 31.65495, 253.6446
-1.880692, 0.1851365, 8.320428, 26.67664, 253.3421
-1.821966, 0.1576741, 8.357244, 32.26011, 254.9127
-1.840995, 0.1544011, 8.35, 30.58409, 255.2801
-1.850385, 0.1852222, 8.345822, 29.7394, 252.9455
-1.891767, 0.1656894, 8.33415, 26.19342, 254.6476
-1.878116, 0.1495193, 8.373231, 28.33302, 255.2975
-1.86153, 0.192379, 8.350094, 28.98854, 252.3232
-1.880428, 0.1890445, 8.35, 27.51533, 252.5841
-1.877888, 0.1598639, 8.349727, 27.70549, 254.8592
-1.857198, 0.1352685, 8.367932, 29.812, 256.4865
-1.87549, 0.1772749, 8.348223, 27.85074, 253.5273
-1.846233, 0.1476631, 8.360429, 30.45987, 255.6413
-1.855741, 0.32, 8.35, 29.43651, 242.393
-1.855741, 0.32, 8.352363, 29.50101, 242.3601
-1.855741, 0.32, 8.351008, 29.46404, 242.379
-1.855741, 0.32, 8.326308, 28.78746, 242.724
-1.855741, 0.32, 8.317858, 28.55501, 242.8426
-1.855741, 0.3162813, 8.35, 29.43651, 242.6824
-1.855741, 0.3135238, 8.343509, 29.25907, 242.9879
-1.855741, 0.3152113, 8.34704, 29.35564, 242.8071
-1.855741, 0.3108134, 8.327616, 28.82338, 243.4227
-1.855741, 0.3153814, 8.33026, 28.896, 243.029
-1.855741, 0.3151999, 8.35, 29.43651, 242.7665
-1.855741, 0.3235196, 8.359968, 29.70838, 241.9808
-1.855741, 0.3004983, 8.340414, 29.17437, 244.0462
-1.855741, 0.339606, 8.368079, 29.92909, 240.6196
-1.855741, 0.3296413, 8.328741, 28.8543, 241.9376
-1.855741, 0.3365071, 8.35, 29.43651, 241.1084
-1.855741, 0.3018484, 8.358124, 29.65812, 243.691
-1.855741, 0.3469618, 8.360097, 29.71188, 240.1571
-1.855741, 0.3228435, 8.326183, 28.78402, 242.5038
-1.855741, 0.2914199, 8.384557, 30.37605, 244.128
-1.855741, 0.316016, 8.35, 29.43651, 242.703
-1.855741, 0.3587339, 8.348387, 29.39243, 239.4005
-1.855741, 0.359184, 8.352892, 29.51544, 239.3045
-1.855741, 0.3183205, 8.357476, 29.64047, 242.4196
-1.855741, 0.333155, 8.312428, 28.40538, 241.8902
-1.859897, 0.32, 8.35, 29.11311, 242.393
-1.853359, 0.32, 8.349964, 29.62091, 242.3935
-1.854651, 0.32, 8.361539, 29.83588, 242.2325
-1.852797, 0.32, 8.379535, 30.46825, 241.9832
-1.86171, 0.32, 8.369057, 29.49231, 242.1282
-1.861983, 0.3102697, 8.35, 28.95079, 243.1502
-1.861221, 0.3147666, 8.342406, 28.802, 242.9066
-1.846748, 0.3144379, 8.368708, 30.64433, 242.5648
-1.850262, 0.3195368, 8.376154, 30.57331, 242.0659
-1.853545, 0.3250143, 8.38149, 30.4632, 241.5675
-1.864497, 0.3053288, 8.35, 28.75513, 243.5347
-1.85117, 0.3333429, 8.343152, 29.60538, 241.4492
-1.852371, 0.3068807, 8.352241, 29.75986, 243.3825
-1.852978, 0.3047117, 8.339639, 29.36843, 243.7289
-1.86527, 0.3394589, 8.365509, 29.11912, 240.6661
-1.853492, 0.3074063, 8.35, 29.61159, 243.373
-1.859844, 0.3188007, 8.350484, 29.13044, 242.4796
-1.853465, 0.3252637, 8.336176, 29.23576, 242.1755
-1.856804, 0.318135, 8.33197, 28.86003, 242.7902
-1.863406, 0.3157068, 8.350827, 28.8627, 242.7155
-1.849822, 0.3012039, 8.35, 29.89719, 243.8557
-1.859837, 0.3351623, 8.356877, 29.30572, 241.1184
-1.84882, 0.284452, 8.340206, 29.70799, 245.2995
-1.850384, 0.2820838, 8.373173, 30.48311, 245.013
-1.854344, 0.2995654, 8.324431, 28.84498, 244.3459
-1.861102, 0.32, 8.35, 29.0193, 242.393
-1.841323, 0.32, 8.357535, 30.76306, 242.2881
-1.869309, 0.32, 8.334862, 27.96432, 242.6043
-1.873247, 0.32, 8.341548, 27.84162, 242.5109
-1.864163, 0.32, 8.326803, 28.14368, 242.7171
-1.846796, 0.3296393, 8.35, 30.13267, 241.6429
-1.845833, 0.3121708, 8.344468, 30.05695, 243.0798
-1.837457, 0.320433, 8.348679, 30.8235, 242.3777
-1.86374, 0.3298626, 8.33889, 28.50925, 241.7793
-1.86968, 0.3287892, 8.388471, 29.40258, 241.1792
-1.85683, 0.3354784, 8.35, 29.35175, 241.1884
-1.857371, 0.3304501, 8.351304, 29.34531, 241.5617
-1.863928, 0.3225699, 8.336293, 28.42329, 242.3839
-1.838368, 0.3310339, 8.357453, 30.99059, 241.4314
-1.858564, 0.337544, 8.375608, 29.91461, 240.6767
-1.847385, 0.3054039, 8.35, 30.08683, 243.5289
-1.847128, 0.3243325, 8.341578, 29.87726, 242.1729
-1.836092, 0.2933022, 8.355779, 31.12215, 244.3887
-1.838101, 0.3074531, 8.356685, 30.9905, 243.2755
-1.873769, 0.3149242, 8.361438, 28.34755, 242.6283
-1.837614, 0.3204035, 8.35, 30.84721, 242.3616
-1.857882, 0.3276846, 8.347448, 29.2001, 241.8303
-1.845094, 0.2866853, 8.354905, 30.39841, 244.9157
-1.838598, 0.3097664, 8.34739, 30.69975, 243.226
-1.868549, 0.3249909, 8.380287, 29.26761, 241.5859
-1.884497, 0.32, 8.35, 27.19873, 242.393
-1.848533, 0.32, 8.351308, 30.03312, 242.3748
-1.863821, 0.32, 8.333966, 28.36757, 242.6168
-1.857695, 0.32, 8.353752, 29.38694, 242.3408
-1.85597, 0.32, 8.310494, 28.33413, 242.9461
-1.872518, 0.3158526, 8.35, 28.13091, 242.7158
-1.85658, 0.321851, 8.353806, 29.4752, 242.196
-1.837207, 0.3205702, 8.333868, 30.44041, 242.5737
-1.828604, 0.3248509, 8.34516, 31.41744, 242.0827
-1.872024, 0.3107594, 8.374343, 28.83609, 242.7719
-1.872944, 0.3265766, 8.35, 28.09778, 241.8812
-1.863047, 0.3171275, 8.358462, 29.09944, 242.4986
-1.863127, 0.3208924, 8.356187, 29.03104, 242.2375
-1.826696, 0.3069046, 8.338022, 31.37275, 243.5808
-1.843287, 0.3040789, 8.344225, 30.24859, 243.7134
-1.853597, 0.3201078, 8.35, 29.60336, 242.3846
-1.862273, 0.3456261, 8.340235, 28.66053, 240.5324
-1.881695, 0.3485467, 8.340991, 27.16807, 240.2945
-1.831928, 0.3057818, 8.36137, 31.59705, 243.3397
-1.871555, 0.3020024, 8.345644, 28.08609, 243.8551
-1.853797, 0.3432781, 8.35, 29.58786, 240.5815
-1.827454, 0.299755, 8.348286, 31.5915, 243.9927
-1.850399, 0.3304151, 8.348039, 29.7988, 241.6096
-1.832012, 0.3506467, 8.370495, 31.83645, 239.7297
-1.833672, 0.2818696, 8.336722, 30.79368, 245.5507
-1.843009, 0.32, 8.35, 30.42736, 242.393
-1.895619, 0.32, 8.344704, 26.18627, 242.4668
-1.817693, 0.32, 8.332773, 31.93259, 242.6335
-1.887747, 0.32, 8.322039, 26.17033, 242.7839
-1.8193, 0.32, 8.313942, 31.29636, 242.8976
-1.87913, 0.3192571, 8.35, 27.6164, 242.4508
-1.839255, 0.3244757, 8.34129, 30.48281, 242.1658
-1.877801, 0.311684, 8.349669, 27.71068, 243.0448
-1.839455, 0.3187522, 8.339505, 30.41864, 242.6366
-1.841464, 0.3250018, 8.322542, 29.79894, 242.3862
-1.874408, 0.3041358, 8.35, 27.98382, 243.6276
-1.880953, 0.3351458, 8.358586, 27.71094, 241.0962
-1.847145, 0.3298634, 8.345372, 29.97939, 241.6895
-1.868529, 0.311181, 8.365952, 28.87815, 242.8562
-1.878835, 0.3001678, 8.385723, 28.61871, 243.4339
-1.841514, 0.3331278, 8.35, 30.54374, 241.3714
-1.817119, 0.3343473, 8.351118, 32.47218, 241.2611
-1.874771, 0.3401898, 8.365307, 28.37577, 240.6121
-1.883187, 0.3490762, 8.334209, 26.86413, 240.346
-1.829598, 0.3099074, 8.387338, 32.476, 242.6571
-1.827085, 0.327668, 8.35, 31.66656, 241.7963
-1.867757, 0.3154767, 8.340073, 28.22871, 242.8839
-1.819548, 0.3078713, 8.355118, 32.39086, 243.265
-1.868538, 0.297659, 8.332772, 27.96684, 244.376
-1.87917, 0.324612, 8.331469, 27.1015, 242.292
-1.855741, 0.47, 8.35, 29.43651, 230.7198
-1.855741, 0.47, 8.357967, 29.65387, 230.621
-1.855741, 0.47, 8.363043, 29.79209, 230.5582
-1.855741, 0.47, 8.322041, 28.67012, 231.0682
-1.855741, 0.47, 8.311467, 28.37887, 231.2006
-1.855741, 0.4798223, 8.35, 29.43651, 229.9555
-1.855741, 0.4646557, 8.34801, 29.38213, 231.1606
-1.855741, 0.4727682, 8.359993, 29.70905, 230.3808
-1.855741, 0.4749446, 8.323201, 28.70207, 230.6676
-1.855741, 0.4695931, 8.338759, 29.12906, 230.8913
-1.855741, 0.4544342, 8.35, 29.43651, 231.9312
-1.855741, 0.4786956, 8.35609, 29.60268, 229.9681
-1.855741, 0.4542828, 8.340991, 29.19017, 232.0564
-1.855741, 0.4597557, 8.348343, 29.39122, 231.5378
-1.855741, 0.4758569, 8.360812, 29.73138, 230.1306
-1.855741, 0.452972, 8.35, 29.43651, 232.045
-1.855741, 0.482527, 8.344593, 29.28872, 229.8115
-1.855741, 0.4975355, 8.348782, 29.40322, 228.5918
-1.855741, 0.4778082, 8.375895, 30.14132, 229.7938
-1.855741, 0.4947652, 8.338521, 29.12252, 228.9324
-1.855741, 0.4757192, 8.35, 29.43651, 230.2748
-1.855741, 0.4888525, 8.343407, 29.25626, 229.3334
-1.855741, 0.4874278, 8.331586, 28.93238, 229.5895
-1.855741, 0.4639827, 8.338168, 29.11285, 231.336
-1.855741, 0.4380533, 8.31622, 28.50989, 233.6382
-1.859156, 0.47, 8.35, 29.17075, 230.7198
-1.854779, 0.47, 8.351226, 29.54487, 230.7046
-1.846752, 0.47, 8.330051, 29.59166, 230.9682
-1.85108, 0.47, 8.368789, 30.31025, 230.4872
-1.848302, 0.47, 8.33042, 29.48082, 230.9636
-1.846862, 0.4600847, 8.35, 30.12752, 231.4915
-1.856565, 0.4742272, 8.341255, 29.13321, 230.4992
-1.853438, 0.4693495, 8.34189, 29.39422, 230.8713
-1.860703, 0.4770502, 8.336609, 28.68334, 230.3368
-1.849686, 0.4690978, 8.341086, 29.66457, 230.9009
-1.854164, 0.4606004, 8.35, 29.55923, 231.4513
-1.85555, 0.4823352, 8.34269, 29.25157, 229.8498
-1.846083, 0.4692931, 8.348853, 30.15686, 230.7891
-1.863515, 0.459356, 8.333063, 28.36666, 231.7607
-1.846029, 0.4862708, 8.327869, 29.58838, 229.7256
-1.847796, 0.4446272, 8.35, 30.05483, 232.6944
-1.850363, 0.4883318, 8.349717, 29.84736, 229.2967
-1.859719, 0.488395, 8.333078, 28.6631, 229.4957
-1.865716, 0.4638751, 8.336196, 28.2812, 231.369
-1.855232, 0.4791031, 8.327997, 28.87362, 230.2834
-1.852196, 0.4548731, 8.35, 29.71244, 231.897
-1.863126, 0.4415583, 8.346759, 28.77302, 232.9744
-1.849945, 0.4509865, 8.346803, 29.80042, 232.2398
-1.85213, 0.447956, 8.365051, 30.12722, 232.2455
-1.851364, 0.4423846, 8.329302, 29.2112, 233.1324
-1.836847, 0.47, 8.35, 30.90689, 230.7198
-1.874279, 0.47, 8.346256, 27.89091, 230.7664
-1.870751, 0.47, 8.335402, 27.86681, 230.9014
-1.87245, 0.47, 8.376789, 28.86984, 230.3884
-1.840345, 0.47, 8.311405, 29.58136, 231.2014
-1.838574, 0.460891, 8.35, 30.7725, 231.4287
-1.846538, 0.4653907, 8.359385, 30.40781, 230.9617
-1.852704, 0.4725728, 8.341533, 29.44166, 230.6246
-1.857187, 0.4775497, 8.354193, 29.4385, 230.0806
-1.838429, 0.4614103, 8.364644, 31.18034, 231.2056
-1.863598, 0.4525169, 8.35, 28.82508, 232.0804
-1.854937, 0.485237, 8.350016, 29.49949, 229.5339
-1.843728, 0.4806045, 8.332771, 29.90187, 230.1071
-1.849324, 0.4726638, 8.356415, 30.11052, 230.4332
-1.84267, 0.4561612, 8.328913, 29.87902, 232.0623
-1.842434, 0.4531479, 8.35, 30.47213, 232.0313
-1.864252, 0.4494363, 8.34262, 28.57179, 232.4134
-1.871318, 0.4496475, 8.359284, 28.47905, 232.1867
-1.845989, 0.4405878, 8.361043, 30.49546, 232.8686
-1.84658, 0.4729137, 8.359144, 30.39801, 230.38
-1.856766, 0.4494311, 8.35, 29.35676, 232.3205
-1.844558, 0.4884826, 8.353647, 30.40598, 229.2369
-1.853796, 0.495942, 8.335814, 29.20002, 228.8737
-1.856354, 0.5065072, 8.341298, 29.15082, 227.9838
-1.860191, 0.4651556, 8.329523, 28.52858, 231.3528
-1.845213, 0.47, 8.35, 30.25582, 230.7198
-1.855196, 0.47, 8.353208, 29.56651, 230.6801
-1.874563, 0.47, 8.332489, 27.48912, 230.9377
-1.860996, 0.47, 8.374061, 29.68387, 230.4221
-1.885132, 0.47, 8.341683, 26.91941, 230.8232
-1.849234, 0.4737033, 8.35, 29.94289, 230.4317
-1.85991, 0.4711366, 8.343355, 28.93015, 230.7139
-1.861666, 0.4749515, 8.337943, 28.64491, 230.4838
-1.833095, 0.4674604, 8.334044, 30.76587, 231.1164
-1.856066, 0.4734792, 8.375635, 30.10906, 230.1328
-1.844926, 0.4860823, 8.35, 30.27819, 229.4683
-1.841802, 0.4763844, 8.342529, 30.31806, 230.3154
-1.875578, 0.4733316, 8.334791, 27.4736, 230.6493
-1.868626, 0.4886093, 8.361896, 28.75972, 229.1264
-1.871686, 0.4753683, 8.386187, 29.18512, 229.8569
-1.869901, 0.4512474, 8.35, 28.33456, 232.1792
-1.878348, 0.4511627, 8.3555, 27.82853, 232.1165
-1.870948, 0.4525078, 8.331779, 27.75151, 232.3111
-1.852678, 0.4563329, 8.350897, 29.69935, 231.7722
-1.856623, 0.4852861, 8.310914, 28.29467, 230.0119
-1.836996, 0.4730523, 8.35, 30.89527, 230.4823
-1.882984, 0.4948709, 8.347125, 27.23711, 228.8194
-1.867404, 0.4842304, 8.366027, 28.9676, 229.4162
-1.850023, 0.4798767, 8.322907, 29.14056, 230.2861
-1.862164, 0.4735543, 8.315863, 27.99804, 230.8677
-1.889553, 0.47, 8.35, 26.80521, 230.7198
-1.840011, 0.47, 8.348748, 30.62662, 230.7354
-1.844312, 0.47, 8.367524, 30.8014, 230.5028
-1.816274, 0.47, 8.363545, 32.87175, 230.552
-1.893635, 0.47, 8.369491, 27.02598, 230.4785
-1.843635, 0.4645511, 8.35, 30.37866, 231.1439
-1.817324, 0.4667139, 8.341555, 32.19855, 231.0808
-1.888841, 0.4710662, 8.364822, 27.2696, 230.4534
-1.876164, 0.4654416, 8.374827, 28.52818, 230.7662
-1.831569, 0.4611086, 8.365623, 31.73967, 231.2168
-1.847957, 0.4547494, 8.35, 30.0423, 231.9067
-1.823229, 0.4780076, 8.352516, 32.03453, 230.0657
-1.824461, 0.4886167, 8.340331, 31.6094, 229.3895
-1.877024, 0.4844356, 8.376598, 28.50986, 229.2712
-1.817439, 0.4809141, 8.377331, 33.15044, 229.5354
-1.839526, 0.4663618, 8.35, 30.69839, 231.003
-1.872711, 0.4801052, 8.358563, 28.35096, 229.8281
-1.882601, 0.4759853, 8.366292, 27.79464, 230.0532
-1.877546, 0.4582576, 8.339591, 27.45264, 231.7643
-1.829898, 0.4492294, 8.37963, 32.24606, 231.9636
-1.854827, 0.4302617, 8.35, 29.50766, 233.8123
-1.880191, 0.4812405, 8.35498, 27.67091, 229.7839
-1.8718, 0.4324325, 8.365078, 28.60023, 233.4509
-1.864502, 0.4450314, 8.361349, 29.0652, 232.5194
-1.82658, 0.4822424, 8.358793, 31.94313, 229.6592
-1.868049, 1.204594, 8.35, 28.47869, 173.553
-1.868049, 1.204594, 8.357177, 28.67539, 173.5172
-1.868049, 1.204594, 8.354797, 28.61021, 173.5291
-1.868049, 1.204594, 8.3332, 28.01678, 173.6372
-1.868049, 1.204594, 8.323148, 27.73942, 173.6878
-1.868049, 1.197192, 8.35, 28.47869, 174.129
-1.868049, 1.212909, 8.359968, 28.75179, 172.8569
-1.868049, 1.210743, 8.356597, 28.65952, 173.0419
-1.868049, 1.207812, 8.327508, 27.85981, 173.4147
-1.868049, 1.200051, 8.33131, 27.96467, 174.0011
-1.868049, 1.191496, 8.35, 28.47869, 174.5723
-1.868049, 1.199524, 8.348213, 28.42966, 173.9566
-1.868049, 1.197161, 8.34107, 28.23339, 174.1768
-1.868049, 1.186285, 8.366005, 28.91687, 174.895
-1.868049, 1.211961, 8.344285, 28.32178, 173.0079
-1.868049, 1.188834, 8.35, 28.47869, 174.7794
-1.868049, 1.205275, 8.350224, 28.48484, 173.4989
-1.868049, 1.207384, 8.337182, 28.12645, 173.3997
-1.868049, 1.223073, 8.375825, 29.18481, 171.991
-1.868049, 1.215836, 8.347756, 28.41711, 172.6891
-1.868049, 1.174185, 8.35, 28.47869, 175.9194
-1.868049, 1.184412, 8.348463, 28.43651, 175.1316
-1.868049, 1.176021, 8.362899, 28.83196, 175.7085
-1.868049, 1.230556, 8.340445, 28.21619, 171.578
-1.868049, 1.193339, 8.367587, 28.96008, 174.3392
-1.865377, 1.204594, 8.35, 28.68665, 173.553
-1.876643, 1.204594, 8.347857, 27.75093, 173.5638
-1.858056, 1.204594, 8.350931, 29.28177, 173.5484
-1.873583, 1.204594, 8.347776, 27.98691, 173.5641
-1.870631, 1.204594, 8.317707, 27.38727, 173.7152
-1.871651, 1.210631, 8.35, 28.1984, 173.0832
-1.871268, 1.201715, 8.346251, 28.12514, 173.7959
-1.858987, 1.207239, 8.369503, 29.71587, 173.2504
-1.871059, 1.210788, 8.370775, 28.81349, 172.9687
-1.871114, 1.194981, 8.341679, 28.01133, 174.3436
-1.865487, 1.189515, 8.35, 28.67809, 174.7264
-1.86199, 1.189922, 8.356544, 29.12918, 174.6611
-1.863356, 1.203742, 8.350654, 28.86183, 173.616
-1.861324, 1.190634, 8.364922, 29.40956, 174.5628
-1.874147, 1.18534, 8.331544, 27.49549, 175.1475
-1.861258, 1.184424, 8.35, 29.00723, 175.1226
-1.858889, 1.187659, 8.348011, 29.13716, 174.8812
-1.859056, 1.186432, 8.358295, 29.40515, 174.9234
-1.860978, 1.195483, 8.365722, 29.45832, 174.1821
-1.877635, 1.201374, 8.328917, 27.15061, 173.91
-1.876765, 1.227149, 8.35, 27.80046, 171.7977
-1.863653, 1.235424, 8.35539, 28.96834, 171.1285
-1.861186, 1.184248, 8.366458, 29.46221, 175.0509
-1.874284, 1.205096, 8.325692, 27.32296, 173.6357
-1.875318, 1.234514, 8.381979, 28.78904, 171.075
-1.865372, 1.204594, 8.35, 28.68703, 173.553
-1.872423, 1.204594, 8.356153, 28.30725, 173.5223
-1.850816, 1.204594, 8.366481, 30.26811, 173.4708
-1.884574, 1.204594, 8.345077, 27.05675, 173.5777
-1.88785, 1.204594, 8.324865, 26.24092, 173.6791
-1.872705, 1.205429, 8.35, 28.11637, 173.488
-1.884858, 1.214332, 8.34952, 27.15734, 172.7975
-1.881195, 1.201015, 8.361945, 27.78445, 173.7715
-1.866961, 1.195856, 8.340354, 28.29848, 174.2821
-1.879853, 1.2064, 8.367857, 28.05099, 173.3237
-1.867731, 1.220903, 8.35, 28.50347, 172.2838
-1.879877, 1.205061, 8.353937, 27.66666, 173.497
-1.878856, 1.19802, 8.364176, 28.02744, 173.9929
-1.852767, 1.196049, 8.326392, 29.02199, 174.3384
-1.852499, 1.221173, 8.378965, 30.47593, 172.1233
-1.851119, 1.174683, 8.35, 29.79621, 175.8807
-1.88225, 1.185197, 8.347404, 27.30193, 175.076
-1.871667, 1.21906, 8.333693, 27.74819, 172.5065
-1.855067, 1.213628, 8.363935, 29.86878, 172.7817
-1.848482, 1.197411, 8.315966, 29.07028, 174.2854
-1.887743, 1.187051, 8.35, 26.94613, 174.9182
-1.876029, 1.167791, 8.340778, 27.60361, 176.4666
-1.869344, 1.224294, 8.340505, 28.11699, 172.0656
-1.870131, 1.181696, 8.378626, 29.09975, 175.1858
-1.864038, 1.202807, 8.373164, 29.42353, 173.5762
-1.886515, 1.204594, 8.35, 27.04167, 173.553
-1.839928, 1.204594, 8.359768, 30.93202, 173.5042
-1.873397, 1.204594, 8.354462, 28.18507, 173.5307
-1.89619, 1.204594, 8.372567, 26.91243, 173.4405
-1.882325, 1.204594, 8.318674, 26.50024, 173.7103
-1.89664, 1.194598, 8.35, 26.25373, 174.3309
-1.868067, 1.20565, 8.356607, 28.65839, 173.4379
-1.881404, 1.206307, 8.350117, 27.44257, 173.4191
-1.865748, 1.195082, 8.341632, 28.42814, 174.336
-1.867488, 1.19871, 8.380968, 29.36842, 173.8548
-1.860207, 1.187955, 8.35, 29.08899, 174.8479
-1.892089, 1.21472, 8.352716, 26.68303, 172.7517
-1.83969, 1.184887, 8.337929, 30.35736, 175.1495
-1.869461, 1.20436, 8.327859, 27.75932, 173.6823
-1.856425, 1.22057, 8.334958, 28.97161, 172.3826
-1.887676, 1.230012, 8.35, 26.95134, 171.5749
-1.88439, 1.18166, 8.355503, 27.35879, 175.309
-1.840287, 1.203888, 8.365232, 31.05197, 173.5318
-1.864947, 1.206079, 8.360832, 29.01649, 173.3835
-1.87173, 1.20341, 8.324191, 27.48083, 173.7749
-1.858659, 1.167255, 8.35, 29.20943, 176.4588
-1.875822, 1.2127, 8.35646, 28.05136, 172.8904
-1.869124, 1.206131, 8.340265, 28.12752, 173.482
-1.895448, 1.184795, 8.325035, 25.65243, 175.224
-1.854099, 1.219787, 8.326085, 28.90953, 172.487
-1.891688, 1.204594, 8.35, 26.63911, 173.553
-1.897093, 1.204594, 8.348196, 26.16845, 173.5621
-1.904107, 1.204594, 8.34108, 25.42434, 173.5977
-1.851248, 1.204594, 8.350821, 29.80851, 173.5489
-1.87038, 1.204594, 8.346339, 28.19674, 173.5714
-1.836866, 1.194901, 8.35, 30.90537, 174.3073
-1.901819, 1.211643, 8.359511, 26.11454, 172.9576
-1.86098, 1.19842, 8.362272, 29.36414, 173.9714
-1.866631, 1.203438, 8.376414, 29.31091, 173.5111
-1.900743, 1.209493, 8.318164, 25.04678, 173.33
-1.880406, 1.191419, 8.35, 27.51711, 174.5783
-1.852626, 1.196725, 8.359811, 29.94621, 174.1156
-1.839711, 1.222398, 8.330153, 30.14381, 172.2634
-1.851557, 1.198248, 8.345881, 29.64972, 174.0677
-1.843614, 1.197033, 8.335715, 29.99115, 174.2141
-1.862011, 1.197912, 8.35, 28.9486, 174.073
-1.881401, 1.21161, 8.358975, 27.68678, 172.9628
-1.884876, 1.225832, 8.340998, 26.92044, 171.9434
-1.87952, 1.18568, 8.3472, 27.50885, 175.0395
-1.842623, 1.183351, 8.32828, 29.86539, 175.3197
-1.841471, 1.231306, 8.35, 30.54703, 171.4742
-1.869029, 1.207932, 8.3596, 28.66558, 173.2456
-1.868035, 1.207538, 8.332539, 27.99967, 173.4109
-1.869597, 1.22601, 8.356521, 28.53709, 171.8552
-1.873237, 1.215367, 8.34483, 27.93275, 172.74
-1.868049, 1.392094, 8.35, 28.47869, 158.9616
-1.868049, 1.392094, 8.351917, 28.53125, 158.9556
-1.868049, 1.392094, 8.335131, 28.06994, 159.0079
-1.868049, 1.392094, 8.338192, 28.15422, 158.9984
-1.868049, 1.392094, 8.323593, 27.75172, 159.0439
-1.868049, 1.394084, 8.35, 28.47869, 158.8067
-1.868049, 1.400108, 8.341165, 28.23599, 158.3647
-1.868049, 1.397034, 8.368605, 28.98786, 158.5204
-1.868049, 1.401514, 8.330154, 27.93281, 158.2885
-1.868049, 1.384448, 8.348758, 28.4446, 159.5605
-1.868049, 1.39864, 8.35, 28.47869, 158.4521
-1.868049, 1.385134, 8.348027, 28.42455, 159.5095
-1.868049, 1.409466, 8.348667, 28.4421, 157.6136
-1.868049, 1.39665, 8.325602, 27.8072, 158.6819
-1.868049, 1.39207, 8.314326, 27.49545, 159.0748
-1.868049, 1.418087, 8.35, 28.47869, 156.9388
-1.868049, 1.403526, 8.349739, 28.47153, 158.0727
-1.868049, 1.394145, 8.336271, 28.10137, 158.8444
-1.868049, 1.409712, 8.348215, 28.4297, 157.5957
-1.868049, 1.418137, 8.351058, 28.50771, 156.9319
-1.868049, 1.395092, 8.35, 28.47869, 158.7282
-1.868049, 1.378033, 8.354074, 28.5904, 160.0426
-1.868049, 1.365476, 8.368929, 28.99673, 160.9692
-1.868049, 1.425878, 8.376973, 29.21609, 156.2581
-1.868049, 1.390298, 8.378817, 29.26629, 159.0116
-1.868328, 1.392094, 8.35, 28.45701, 158.9616
-1.877439, 1.392094, 8.346568, 27.65342, 158.9723
-1.862722, 1.392094, 8.357016, 29.08514, 158.9398
-1.875052, 1.392094, 8.32431, 27.22472, 159.0417
-1.875032, 1.392094, 8.343133, 27.74626, 158.9829
-1.877063, 1.393689, 8.35, 27.77726, 158.8374
-1.875119, 1.394393, 8.347385, 27.85659, 158.7907
-1.862787, 1.396976, 8.354002, 28.99771, 158.5694
-1.858351, 1.400418, 8.325227, 28.55401, 158.3889
-1.858422, 1.393066, 8.321182, 28.43715, 158.9755
-1.873182, 1.399886, 8.35, 28.07925, 158.3552
-1.859926, 1.408413, 8.342925, 28.91716, 157.7124
-1.863818, 1.409413, 8.362428, 29.14782, 157.5774
-1.874101, 1.383794, 8.33405, 27.56824, 159.6585
-1.861434, 1.392998, 8.36399, 29.37564, 158.8479
-1.862493, 1.398395, 8.35, 28.91108, 158.4712
-1.862465, 1.374605, 8.345055, 28.7778, 160.3389
-1.871971, 1.384637, 8.339018, 27.87128, 159.5769
-1.860903, 1.404806, 8.35335, 29.12644, 157.9623
-1.866765, 1.372631, 8.373796, 29.2291, 160.3978
-1.871688, 1.399529, 8.35, 28.19548, 158.383
-1.871846, 1.365927, 8.351666, 28.22894, 160.9923
-1.866383, 1.428849, 8.352423, 28.67477, 156.0946
-1.873006, 1.428168, 8.34339, 27.91111, 156.1724
-1.862337, 1.384424, 8.344183, 28.76385, 159.577
-1.853103, 1.392094, 8.35, 29.6418, 158.9616
-1.869175, 1.392094, 8.340071, 28.11821, 158.9925
-1.863616, 1.392094, 8.366522, 29.27523, 158.9104
-1.874298, 1.392094, 8.342351, 27.78185, 158.9854
-1.873781, 1.392094, 8.383327, 28.94497, 158.8585
-1.856996, 1.395812, 8.35, 29.3389, 158.6723
-1.859491, 1.397178, 8.348743, 29.11029, 158.5698
-1.882484, 1.38811, 8.337003, 26.99628, 159.3126
-1.854942, 1.388897, 8.370592, 30.05944, 159.1459
-1.860983, 1.392754, 8.380384, 29.85672, 158.8163
-1.860899, 1.392506, 8.35, 29.03512, 158.9295
-1.876765, 1.392638, 8.347131, 27.72138, 158.9281
-1.873845, 1.387651, 8.365403, 28.45027, 159.2589
-1.848144, 1.384027, 8.346622, 29.93567, 159.6001
-1.885935, 1.388359, 8.323085, 26.34094, 159.3372
-1.878205, 1.38617, 8.35, 27.68835, 159.4226
-1.851195, 1.412474, 8.352737, 29.86487, 157.3677
-1.868915, 1.373726, 8.365422, 28.83368, 160.3403
-1.861235, 1.385596, 8.338128, 28.68359, 159.505
-1.885871, 1.41677, 8.349586, 27.08035, 157.0424
-1.869056, 1.374593, 8.35, 28.40034, 160.3235
-1.867124, 1.3897, 8.349386, 28.53386, 159.1498
-1.882843, 1.363889, 8.336555, 26.95589, 161.2022
-1.879352, 1.383886, 8.363943, 27.98251, 159.5559
-1.862468, 1.430272, 8.329843, 28.35966, 156.0455
-1.848149, 1.392094, 8.35, 30.02731, 158.9616
-1.891585, 1.392094, 8.343369, 26.46345, 158.9822
-1.886788, 1.392094, 8.365531, 27.44855, 158.9134
-1.882101, 1.392094, 8.360107, 27.6635, 158.9302
-1.840931, 1.392094, 8.371208, 31.16349, 158.8959
-1.884599, 1.393271, 8.35, 27.19075, 158.87
-1.856025, 1.390665, 8.355032, 29.55173, 159.0571
-1.88762, 1.399322, 8.337406, 26.60708, 158.4373
-1.886398, 1.399935, 8.360722, 27.34644, 158.319
-1.855296, 1.385006, 8.354967, 29.6067, 159.4974
-1.862482, 1.409249, 8.35, 28.91191, 157.6266
-1.857137, 1.386009, 8.356423, 29.50328, 159.4148
-1.897205, 1.37386, 8.336323, 25.8298, 160.4256
-1.888633, 1.375582, 8.321627, 26.08964, 160.3398
-1.844451, 1.401941, 8.323511, 29.59222, 158.2752
-1.875893, 1.382647, 8.35, 27.86829, 159.6967
-1.85553, 1.369452, 8.353235, 29.54128, 160.7128
-1.86831, 1.384413, 8.341271, 28.21858, 159.5871
-1.88909, 1.375102, 8.322006, 26.06452, 160.3761
-1.868124, 1.37157, 8.333499, 28.01916, 160.6136
-1.890419, 1.411296, 8.35, 26.73782, 157.4673
-1.873186, 1.41096, 8.348353, 28.03363, 157.4982
-1.863125, 1.379338, 8.337603, 28.52181, 159.9945
-1.87195, 1.383246, 8.36813, 28.67207, 159.5923
-1.878029, 1.422617, 8.312759, 26.67163, 156.691
-1.899196, 1.392094, 8.35, 26.05481, 158.9616
-1.836013, 1.392094, 8.347665, 30.9084, 158.9688
-1.879249, 1.392094, 8.369303, 28.13755, 158.9017
-1.880808, 1.392094, 8.348394, 27.44154, 158.9666
-1.884573, 1.392094, 8.380827, 28.04029, 158.8662
-1.830047, 1.383438, 8.35, 31.4361, 159.6352
-1.828113, 1.396262, 8.349417, 31.5708, 158.639
-1.832117, 1.38826, 8.330129, 30.73564, 159.3226
-1.871282, 1.386205, 8.35669, 28.41072, 159.3987
-1.843716, 1.398767, 8.323239, 29.64217, 158.5239
-1.904759, 1.393288, 8.35, 25.62191, 158.8686
-1.904993, 1.378788, 8.346955, 25.51898, 160.0069
-1.836759, 1.401574, 8.342001, 30.69659, 158.248
-1.901752, 1.377113, 8.350908, 25.88108, 160.1244
-1.88872, 1.389441, 8.365361, 27.29384, 159.12
-1.853999, 1.379786, 8.35, 29.57213, 159.9193
-1.871314, 1.421661, 8.359892, 28.49593, 156.6329
-1.897229, 1.398405, 8.338534, 25.88947, 158.5054
-1.839383, 1.362718, 8.355307, 30.85344, 161.2296
-1.888357, 1.419237, 8.360449, 27.18674, 156.8197
-1.83518, 1.358527, 8.35, 31.03662, 161.5738
-1.842604, 1.3587, 8.35753, 30.66331, 161.5344
-1.843398, 1.397563, 8.33768, 30.06154, 158.5737
-1.848811, 1.381246, 8.379992, 30.78967, 159.7097
-1.878466, 1.415541, 8.335759, 27.2751, 157.1779
-1.868049, 1.579594, 8.35, 28.47869, 144.3701
-1.868049, 1.579594, 8.35878, 28.71928, 144.3595
-1.868049, 1.579594, 8.346905, 28.39374, 144.3739
-1.868049, 1.579594, 8.363464, 28.84742, 144.3538
-1.868049, 1.579594, 8.333476, 28.02438, 144.3903
-1.868049, 1.583301, 8.35, 28.47869, 144.0816
-1.868049, 1.58713, 8.343579, 28.30238, 143.791
-1.868049, 1.584626, 8.364004, 28.86219, 143.9622
-1.868049, 1.584234, 8.377742, 29.23704, 143.9768
-1.868049, 1.581483, 8.312795, 27.453, 144.2678
-1.868049, 1.591753, 8.35, 28.47869, 143.4239
-1.868049, 1.576192, 8.343102, 28.28926, 144.6435
-1.868049, 1.562222, 8.33227, 27.99113, 145.7468
-1.868049, 1.575246, 8.343456, 28.29901, 144.7168
-1.868049, 1.575858, 8.378576, 29.25975, 144.6252
-1.868049, 1.552575, 8.35, 28.47869, 146.4728
-1.868049, 1.580244, 8.356926, 28.66851, 144.3112
-1.868049, 1.595579, 8.340755, 28.22472, 143.1359
-1.868049, 1.591113, 8.372257, 29.08753, 143.4493
-1.868049, 1.591165, 8.389708, 29.56245, 143.4263
-1.868049, 1.570039, 8.35, 28.47869, 145.1137
-1.868049, 1.614887, 8.351665, 28.52433, 141.6221
-1.868049, 1.546943, 8.340557, 28.2193, 146.9257
-1.868049, 1.593636, 8.341721, 28.25129, 143.2863
-1.868049, 1.575112, 8.380548, 29.31347, 144.6805
-1.860774, 1.579594, 8.35, 29.04485, 144.3701
-1.872342, 1.579594, 8.343182, 27.95713, 144.3784
-1.858492, 1.579594, 8.332973, 28.75593, 144.3909
-1.871516, 1.579594, 8.331978, 27.71267, 144.3921
-1.858667, 1.579594, 8.37313, 29.83924, 144.3421
-1.873001, 1.585678, 8.35, 28.09332, 143.8966
-1.87527, 1.578496, 8.358088, 28.13898, 144.4456
-1.861908, 1.57567, 8.365984, 29.39321, 144.6555
-1.867907, 1.572529, 8.359129, 28.73989, 144.9082
-1.864134, 1.583854, 8.354898, 28.91746, 144.0329
-1.865173, 1.593992, 8.35, 28.70248, 143.2497
-1.867791, 1.57168, 8.346297, 28.39713, 144.9908
-1.87388, 1.582687, 8.336879, 27.66359, 144.145
-1.867526, 1.596325, 8.367813, 29.00684, 143.0495
-1.862682, 1.584987, 8.334475, 28.47041, 143.9685
-1.862125, 1.586951, 8.35, 28.93972, 143.7976
-1.876364, 1.583188, 8.347598, 27.76553, 144.0933
-1.87428, 1.579258, 8.359186, 28.24608, 144.3851
-1.860268, 1.581686, 8.342823, 28.88772, 144.2159
-1.872253, 1.590195, 8.342947, 27.9576, 143.5529
-1.868513, 1.565589, 8.35, 28.44263, 145.46
-1.87508, 1.550598, 8.345339, 27.80321, 146.6337
-1.876735, 1.55494, 8.354336, 27.92198, 146.2824
-1.875487, 1.566833, 8.359065, 28.1489, 145.351
-1.863835, 1.55081, 8.355644, 28.96113, 146.6017
-1.868667, 1.579594, 8.35, 28.43063, 144.3701
-1.875193, 1.579594, 8.344101, 27.76039, 144.3773
-1.883844, 1.579594, 8.332873, 26.77584, 144.391
-1.863521, 1.579594, 8.321381, 28.04433, 144.4051
-1.863879, 1.579594, 8.366024, 29.24121, 144.3507
-1.866209, 1.572174, 8.35, 28.62193, 144.9475
-1.867801, 1.582312, 8.343813, 28.32812, 144.1659
-1.853423, 1.570598, 8.359054, 29.86369, 145.0584
-1.866067, 1.582934, 8.334177, 28.19824, 144.1289
-1.867801, 1.574517, 8.376042, 29.20996, 144.7323
-1.858056, 1.57102, 8.35, 29.25636, 145.0374
-1.884238, 1.579834, 8.343392, 27.03631, 144.3595
-1.880949, 1.578135, 8.357457, 27.68018, 144.4745
-1.86848, 1.570332, 8.342994, 28.25274, 145.1001
-1.857678, 1.588186, 8.357262, 29.48407, 143.6933
-1.861704, 1.560694, 8.35, 28.97251, 145.8409
-1.861991, 1.560442, 8.347044, 28.86921, 145.8647
-1.862222, 1.57942, 8.361613, 29.24957, 144.3696
-1.884524, 1.574228, 8.322747, 26.44169, 144.8224
-1.88277, 1.557083, 8.350224, 27.33926, 146.1216
-1.868638, 1.54266, 8.35, 28.43292, 147.2444
-1.873054, 1.561414, 8.344126, 27.92762, 145.7931
-1.869638, 1.583331, 8.344271, 28.19761, 144.0861
-1.865675, 1.560426, 8.374704, 29.33846, 145.8271
-1.883493, 1.550841, 8.341964, 27.05485, 146.6198
-1.884391, 1.579594, 8.35, 27.20695, 144.3701
-1.84789, 1.579594, 8.345785, 29.93267, 144.3753
-1.895154, 1.579594, 8.33278, 25.89113, 144.3911
-1.843832, 1.579594, 8.362816, 30.71116, 144.3546
-1.88774, 1.579594, 8.341267, 26.70473, 144.3808
-1.854201, 1.574834, 8.35, 29.55637, 144.7406
-1.874478, 1.573355, 8.346312, 27.87692, 144.8604
-1.881645, 1.581598, 8.349299, 27.40132, 144.215
-1.892179, 1.580247, 8.359269, 26.85714, 144.3082
-1.842334, 1.586356, 8.34731, 30.40672, 143.847
-1.841365, 1.585842, 8.35, 30.55525, 143.8839
-1.86338, 1.580105, 8.347209, 28.76554, 144.3337
-1.858518, 1.584972, 8.349483, 29.20625, 143.9522
-1.897064, 1.58312, 8.361066, 26.5271, 144.0827
-1.885467, 1.560497, 8.330278, 26.57732, 145.8841
-1.884738, 1.588432, 8.35, 27.17992, 143.6823
-1.851426, 1.581601, 8.350532, 29.78684, 144.2133
-1.874889, 1.59163, 8.352659, 28.01947, 143.4305
-1.885293, 1.58191, 8.337405, 26.78844, 144.205
-1.878982, 1.603645, 8.324512, 26.92347, 142.5233
-1.864907, 1.597951, 8.35, 28.72326, 142.9416
-1.89526, 1.603826, 8.350325, 26.37013, 142.4841
-1.838091, 1.560347, 8.345602, 30.69065, 145.8742
-1.887443, 1.554798, 8.32968, 26.40651, 146.3296
-1.887081, 1.55347, 8.355488, 27.14909, 146.395
-1.851564, 1.579594, 8.35, 29.7616, 144.3701
-1.856377, 1.579594, 8.35806, 29.60697, 144.3604
-1.898763, 1.579594, 8.337609, 25.74417, 144.3852
-1.869968, 1.579594, 8.320904, 27.52755, 144.4056
-1.858604, 1.579594, 8.351479, 29.25415, 144.3683
-1.884137, 1.586078, 8.35, 27.22674, 143.8656
-1.901025, 1.58005, 8.348135, 25.86063, 144.3369
-1.830606, 1.582034, 8.330513, 30.86399, 144.2035
-1.83539, 1.584688, 8.325025, 30.34108, 144.0028
-1.844586, 1.580838, 8.339606, 30.02157, 144.2859
-1.862628, 1.568614, 8.35, 28.90058, 145.2245
-1.886539, 1.589386, 8.349102, 27.01497, 143.6091
-1.838876, 1.594052, 8.35456, 30.87268, 143.2401
-1.829584, 1.592034, 8.351317, 31.5077, 143.4006
-1.896023, 1.597249, 8.373135, 26.94104, 142.9723
-1.891051, 1.55404, 8.35, 26.68867, 146.3588
-1.892157, 1.574497, 8.340669, 26.34403, 144.7786
-1.848768, 1.56173, 8.358777, 30.21795, 145.7481
-1.86175, 1.579814, 8.370947, 29.54072, 144.3277
-1.858914, 1.609258, 8.376135, 29.90175, 142.0378
-1.890067, 1.54267, 8.35, 26.76529, 147.2436
-1.837413, 1.579905, 8.354474, 30.98411, 144.3405
-1.892619, 1.576992, 8.368601, 27.08035, 144.5495
-1.858856, 1.568572, 8.345404, 29.06832, 145.2339
-1.898841, 1.584889, 8.363009, 26.44278, 143.943
-1.868049, 1.767094, 8.35, 28.47869, 129.7787
-1.868049, 1.767094, 8.356037, 28.64419, 129.7828
-1.868049, 1.767094, 8.344259, 28.32108, 129.7748
-1.868049, 1.767094, 8.370045, 29.02717, 129.7923
-1.868049, 1.767094, 8.371959, 29.0794, 129.7935
-1.868049, 1.757417, 8.35, 28.47869, 130.5318
-1.868049, 1.75716, 8.347918, 28.42153, 130.5506
-1.868049, 1.765902, 8.335193, 28.07167, 129.8616
-1.868049, 1.757174, 8.370852, 29.04921, 130.5627
-1.868049, 1.764872, 8.312853, 27.45462, 129.9272
-1.868049, 1.784213, 8.35, 28.47869, 128.4464
-1.868049, 1.776666, 8.350694, 28.49769, 129.0343
-1.868049, 1.761456, 8.355344, 28.62518, 130.2207
-1.868049, 1.768093, 8.350522, 28.49301, 129.7013
-1.868049, 1.752202, 8.364675, 28.88051, 130.9453
-1.868049, 1.746623, 8.35, 28.47869, 131.3718
-1.868049, 1.788375, 8.355277, 28.62336, 128.1273
-1.868049, 1.750591, 8.367899, 28.96859, 131.0721
-1.868049, 1.789517, 8.361384, 28.79055, 128.0439
-1.868049, 1.745171, 8.33982, 28.19901, 131.4801
-1.868049, 1.802746, 8.35, 28.47869, 127.0042
-1.868049, 1.766755, 8.358388, 28.70856, 129.8107
-1.868049, 1.784572, 8.343901, 28.31121, 128.4133
-1.868049, 1.773081, 8.355729, 28.63572, 129.317
-1.868049, 1.780167, 8.388286, 29.52384, 128.7922
-1.858476, 1.767094, 8.35, 29.22372, 129.7787
-1.874356, 1.767094, 8.341306, 27.74852, 129.7728
-1.870891, 1.767094, 8.331369, 27.74461, 129.7661
-1.871549, 1.767094, 8.351042, 28.23489, 129.7794
-1.864612, 1.767094, 8.37175, 29.34046, 129.7934
-1.867672, 1.774498, 8.35, 28.50805, 129.2025
-1.863303, 1.773932, 8.352177, 28.90762, 129.2482
-1.87167, 1.768142, 8.357017, 28.38947, 129.702
-1.86764, 1.775607, 8.339712, 28.22797, 129.1083
-1.877097, 1.768029, 8.316365, 26.84468, 129.6828
-1.866704, 1.751566, 8.35, 28.58335, 130.9871
-1.866564, 1.749935, 8.344941, 28.45543, 131.1114
-1.860763, 1.775506, 8.35044, 29.05771, 129.1244
-1.865105, 1.760776, 8.372139, 29.31274, 130.2839
-1.863838, 1.7795, 8.318823, 27.9489, 128.7881
-1.865068, 1.787389, 8.35, 28.71072, 128.1993
-1.868174, 1.772454, 8.359066, 28.7174, 129.3682
-1.862092, 1.747883, 8.357176, 29.13855, 131.2771
-1.866536, 1.737602, 8.351612, 28.64066, 132.0744
-1.870144, 1.761646, 8.351809, 28.36534, 130.2038
-1.868324, 1.801039, 8.35, 28.45732, 127.137
-1.866239, 1.736711, 8.341486, 28.38588, 132.14
-1.87166, 1.750213, 8.363183, 28.5592, 131.0991
-1.860287, 1.777322, 8.332917, 28.61442, 128.9694
-1.871927, 1.772915, 8.310703, 27.0917, 129.2966
-1.867668, 1.767094, 8.35, 28.50838, 129.7787
-1.854837, 1.767094, 8.358677, 29.74348, 129.7846
-1.872003, 1.767094, 8.351895, 28.22303, 129.78
-1.863618, 1.767094, 8.364893, 29.23069, 129.7888
-1.856135, 1.767094, 8.326358, 28.75806, 129.7627
-1.850881, 1.767907, 8.35, 29.81476, 129.7154
-1.857209, 1.762504, 8.350369, 29.33238, 130.1361
-1.852457, 1.763417, 8.33145, 29.18487, 130.053
-1.874449, 1.774359, 8.330835, 27.45233, 129.1989
-1.886253, 1.775327, 8.339024, 26.75849, 129.1297
-1.872251, 1.767078, 8.35, 28.15171, 129.7799
-1.851253, 1.763484, 8.343043, 29.59597, 130.0552
-1.86214, 1.756068, 8.362654, 29.28437, 130.6439
-1.866682, 1.769756, 8.353644, 28.68496, 129.5741
-1.879137, 1.784071, 8.343153, 27.42701, 128.4517
-1.876454, 1.785804, 8.35, 27.82461, 128.3226
-1.861679, 1.746431, 8.359332, 29.22956, 131.3911
-1.882462, 1.754019, 8.335065, 26.94437, 130.788
-1.867092, 1.779445, 8.378581, 29.33407, 128.8403
-1.867381, 1.737972, 8.330217, 27.98668, 132.0374
-1.863319, 1.765269, 8.35, 28.84684, 129.9207
-1.878388, 1.742466, 8.356817, 27.86167, 131.6982
-1.886598, 1.730556, 8.366482, 27.48952, 132.6272
-1.866266, 1.784184, 8.377241, 29.36168, 128.4718
-1.872982, 1.78111, 8.319864, 27.26326, 128.6632
-1.882328, 1.767094, 8.35, 27.36752, 129.7787
-1.848224, 1.767094, 8.358508, 30.25297, 129.7845
-1.850183, 1.767094, 8.346989, 29.78691, 129.7767
-1.838565, 1.767094, 8.35443, 30.89335, 129.7817
-1.880665, 1.767094, 8.314124, 26.50344, 129.7543
-1.870036, 1.758974, 8.35, 28.32405, 130.4106
-1.883377, 1.768235, 8.359042, 27.53502, 129.6961
-1.854181, 1.765467, 8.3404, 29.29559, 129.899
-1.890273, 1.775089, 8.341697, 26.51929, 129.1502
-1.847668, 1.765856, 8.383508, 30.97319, 129.8972
-1.866297, 1.774639, 8.35, 28.61502, 129.1916
-1.853076, 1.774839, 8.359667, 29.90736, 129.1833
-1.872507, 1.750536, 8.364341, 28.52509, 131.0746
-1.839636, 1.78451, 8.343074, 30.50165, 128.4174
-1.857776, 1.774665, 8.370226, 29.82945, 129.2047
-1.846777, 1.7571, 8.35, 30.1341, 130.5564
-1.84435, 1.786436, 8.347975, 30.26789, 128.2717
-1.869449, 1.756153, 8.363667, 28.74418, 130.6378
-1.841972, 1.761521, 8.326257, 29.86088, 130.1975
-1.863064, 1.769172, 8.32826, 28.26962, 129.6017
-1.862217, 1.770417, 8.35, 28.93258, 129.5201
-1.883283, 1.783936, 8.341369, 27.05478, 128.4607
-1.871917, 1.749577, 8.352637, 28.25013, 131.1432
-1.850692, 1.772918, 8.371559, 30.41548, 129.3413
-1.88687, 1.765691, 8.316898, 26.09563, 129.8658
-1.899212, 1.767094, 8.35, 26.05362, 129.7787
-1.890479, 1.767094, 8.351554, 26.77616, 129.7798
-1.898441, 1.767094, 8.363081, 26.47579, 129.7876
-1.853288, 1.767094, 8.320168, 28.81029, 129.7584
-1.828096, 1.767094, 8.368328, 32.08218, 129.7911
-1.900542, 1.763971, 8.35, 25.95011, 130.0217
-1.902627, 1.761588, 8.34363, 25.61065, 130.2032
-1.859267, 1.772549, 8.330564, 28.62928, 129.3399
-1.86295, 1.77395, 8.368468, 29.38002, 129.2589
-1.859677, 1.769763, 8.344473, 28.97893, 129.5671
-1.878127, 1.751271, 8.35, 27.69444, 131.01
-1.862861, 1.777194, 8.351633, 28.92716, 128.9939
-1.847659, 1.749192, 8.366139, 30.50406, 131.1798
-1.881293, 1.755134, 8.374091, 28.11014, 130.7228
-1.85473, 1.764628, 8.386984, 30.52002, 129.9946
-1.882214, 1.768393, 8.35, 27.3764, 129.6776
-1.895772, 1.751836, 8.359577, 26.58641, 130.9711
-1.878612, 1.744025, 8.363422, 28.02567, 131.5799
-1.873339, 1.786483, 8.32685, 27.4288, 128.2496
-1.892802, 1.746305, 8.334621, 26.12576, 131.3893
-1.841155, 1.756316, 8.35, 30.5716, 130.6174
-1.893703, 1.77181, 8.348789, 26.44873, 129.4108
-1.848273, 1.792919, 8.368834, 30.52936, 127.7866
-1.893198, 1.750305, 8.347012, 26.43879, 131.0837
-1.869084, 1.746186, 8.362335, 28.73613, 131.4115
-1.53628, 2.389187, 8.35, 54.29731, 81.36679
-1.53628, 2.389187, 8.354906, 54.41537, 81.40086
-1.53628, 2.389187, 8.345787, 54.19577, 81.33746
-1.53628, 2.389187, 8.375597, 54.91177, 81.54425
-1.53628, 2.389187, 8.348425, 54.25934, 81.3558
-1.53628, 2.389036, 8.35, 54.29731, 81.37854
-1.53628, 2.383143, 8.349104, 54.27571, 81.83096
-1.53628, 2.391694, 8.348205, 54.25404, 81.15916
-1.53628, 2.382447, 8.343083, 54.13055, 81.84364
-1.53628, 2.381495, 8.389221, 55.2372, 82.23381
-1.53628, 2.385866, 8.35, 54.29731, 81.6252
-1.53628, 2.37439, 8.355871, 54.4386, 82.55821
-1.53628, 2.406261, 8.353854, 54.39006, 80.06555
-1.53628, 2.400331, 8.369596, 54.76806, 80.63766
-1.53628, 2.382684, 8.341942, 54.103, 81.81726
-1.53628, 2.396461, 8.35, 54.29731, 80.80069
-1.53628, 2.396286, 8.359937, 54.53632, 80.88406
-1.53628, 2.41542, 8.350549, 54.31051, 79.32928
-1.53628, 2.389936, 8.337943, 54.00643, 81.22443
-1.53628, 2.401248, 8.380558, 55.03039, 80.64359
-1.53628, 2.404149, 8.35, 54.29731, 80.20242
-1.53628, 2.393173, 8.358767, 54.50819, 81.11786
-1.53628, 2.383905, 8.36884, 54.74997, 81.90756
-1.53628, 2.424306, 8.371718, 54.81892, 78.79208
-1.53628, 2.412104, 8.349013, 54.27352, 79.57623
-1.5411, 2.389187, 8.35, 53.92219, 81.36679
-1.538895, 2.389187, 8.351105, 54.12045, 81.37447
-1.528353, 2.389187, 8.34279, 54.74092, 81.31657
-1.545187, 2.389187, 8.379014, 54.30292, 81.56786
-1.530302, 2.389187, 8.311647, 53.83646, 81.09863
-1.533819, 2.385442, 8.35, 54.48883, 81.65823
-1.540476, 2.380093, 8.352811, 54.03851, 82.09375
-1.531787, 2.390842, 8.357471, 54.8264, 81.29005
-1.526939, 2.383201, 8.372514, 55.5628, 81.98744
-1.530901, 2.384638, 8.326047, 54.13845, 81.5547
-1.532694, 2.391329, 8.35, 54.5764, 81.20009
-1.545314, 2.400948, 8.357873, 53.78439, 80.50719
-1.531526, 2.382146, 8.356692, 54.82796, 81.96072
-1.541801, 2.3813, 8.37294, 54.41985, 82.13783
-1.540903, 2.392003, 8.312366, 53.02488, 80.8835
-1.545095, 2.404029, 8.35, 53.61132, 80.21178
-1.530462, 2.415118, 8.346475, 54.66532, 79.32338
-1.546138, 2.382275, 8.355786, 53.66994, 81.9445
-1.540716, 2.407474, 8.37125, 54.46345, 80.095
-1.542319, 2.413342, 8.343747, 53.67619, 79.44193
-1.539833, 2.389027, 8.35, 54.02077, 81.37921
-1.537753, 2.380453, 8.348458, 54.14552, 82.03586
-1.531656, 2.420693, 8.36463, 55.00812, 79.02116
-1.536662, 2.423493, 8.328496, 53.74811, 78.5396
-1.533304, 2.407109, 8.310555, 53.57512, 79.68913
-1.541686, 2.389187, 8.35, 53.87661, 81.36679
-1.536663, 2.389187, 8.342697, 54.0914, 81.31593
-1.531072, 2.389187, 8.363044, 55.01557, 81.45735
-1.539047, 2.389187, 8.369047, 54.54015, 81.49895
-1.529677, 2.389187, 8.383942, 55.62279, 81.60184
-1.524025, 2.381832, 8.35, 55.25101, 81.93918
-1.554003, 2.385595, 8.347589, 52.85952, 81.62964
-1.537835, 2.386761, 8.352504, 54.23657, 81.57291
-1.548769, 2.379929, 8.368946, 53.783, 82.21696
-1.544416, 2.379715, 8.373133, 54.22157, 82.26215
-1.536746, 2.385406, 8.35, 54.26106, 81.66107
-1.52596, 2.369766, 8.348437, 55.0629, 82.86755
-1.51668, 2.38718, 8.343001, 55.65528, 81.47435
-1.536299, 2.391001, 8.34096, 54.07777, 81.16245
-1.524182, 2.373168, 8.389991, 56.19215, 82.88374
-1.546791, 2.399629, 8.35, 53.47931, 80.55415
-1.535069, 2.359485, 8.341525, 54.18727, 83.62177
-1.551224, 2.393395, 8.362925, 53.44703, 81.12964
-1.524561, 2.377618, 8.351744, 55.25108, 82.27904
-1.542564, 2.407771, 8.359108, 54.02794, 79.98552
-1.552691, 2.410415, 8.35, 53.02018, 79.71475
-1.536957, 2.410937, 8.340828, 54.02338, 79.60831
-1.531721, 2.396387, 8.336469, 54.32618, 80.71117
-1.550094, 2.371955, 8.342557, 53.04179, 82.65727
-1.524946, 2.367297, 8.323582, 54.54382, 82.89172
-1.533354, 2.389187, 8.35, 54.525, 81.36679
-1.508444, 2.389187, 8.34953, 56.45235, 81.36349
-1.533863, 2.389187, 8.332674, 54.06753, 81.24597
-1.544046, 2.389187, 8.359955, 53.93317, 81.43594
-1.509193, 2.389187, 8.331842, 55.97182, 81.24016
-1.558814, 2.382128, 8.35, 52.54369, 81.91612
-1.541177, 2.392553, 8.343592, 53.76143, 81.06003
-1.564869, 2.393111, 8.351764, 52.11545, 81.07372
-1.516793, 2.396946, 8.331337, 55.36686, 80.63139
-1.534266, 2.388519, 8.345773, 54.3522, 81.38939
-1.56296, 2.37911, 8.35, 52.22107, 82.15096
-1.520478, 2.390955, 8.344514, 55.39564, 81.1909
-1.515034, 2.391533, 8.334464, 55.57909, 81.07552
-1.532087, 2.390476, 8.362548, 54.92482, 81.35374
-1.523067, 2.385061, 8.369967, 55.80259, 81.82561
-1.5414, 2.359404, 8.35, 53.89887, 83.68451
-1.520485, 2.405895, 8.349103, 55.50499, 80.0602
-1.512038, 2.387012, 8.361398, 56.45518, 81.61499
-1.517362, 2.377688, 8.33671, 55.4514, 82.17055
-1.563828, 2.409948, 8.339009, 51.88535, 79.67226
-1.535338, 2.397084, 8.35, 54.37062, 80.75218
-1.549219, 2.350286, 8.341909, 53.09419, 84.34096
-1.51649, 2.390167, 8.346475, 55.75311, 81.26595
-1.535277, 2.37729, 8.337574, 54.07572, 82.20755
-1.536366, 2.352831, 8.343239, 54.12765, 84.15143
-1.517005, 2.389187, 8.35, 55.79731, 81.36679
-1.5325, 2.389187, 8.352386, 54.64884, 81.38338
-1.569774, 2.389187, 8.360021, 51.93519, 81.43639
-1.568567, 2.389187, 8.351783, 51.8282, 81.37918
-1.529151, 2.389187, 8.36868, 55.29957, 81.4964
-1.505759, 2.385854, 8.35, 56.6725, 81.62619
-1.532342, 2.387985, 8.344768, 54.47783, 81.424
-1.521359, 2.379927, 8.365523, 55.82928, 82.19371
-1.544012, 2.39182, 8.330912, 53.23322, 81.02827
-1.546294, 2.394961, 8.368176, 53.95656, 81.04462
-1.53451, 2.40339, 8.35, 54.43508, 80.26152
-1.540642, 2.370628, 8.340803, 53.73562, 82.74875
-1.510811, 2.393587, 8.342459, 56.0994, 80.97151
-1.53624, 2.38024, 8.346292, 54.21104, 82.03757
-1.531417, 2.406216, 8.347741, 54.62139, 80.02548
-1.576131, 2.359854, 8.35, 51.19608, 83.64955
-1.497437, 2.364825, 8.349017, 57.29681, 83.25609
-1.504941, 2.405048, 8.33388, 56.35217, 80.01753
-1.567552, 2.363802, 8.358295, 52.06584, 83.3978
-1.556108, 2.379454, 8.333762, 52.35911, 82.01257
-1.501652, 2.400178, 8.35, 56.99205, 80.51141
-1.544691, 2.359598, 8.344299, 53.50482, 83.63142
-1.521598, 2.418172, 8.338937, 55.1747, 79.03085
-1.568257, 2.395765, 8.355792, 51.95005, 80.89554
-1.529374, 2.384817, 8.350946, 54.85743, 81.71336
-1.912672, 2.389187, 8.35, 25.00608, 81.36679
-1.912672, 2.389187, 8.354526, 25.13218, 81.39822
-1.912672, 2.389187, 8.336407, 24.62634, 81.27205
-1.912672, 2.389187, 8.371595, 25.60657, 81.51659
-1.912672, 2.389187, 8.367235, 25.48559, 81.48639
-1.912672, 2.384821, 8.35, 25.00608, 81.70654
-1.912672, 2.379697, 8.341486, 24.76839, 82.04681
-1.912672, 2.379378, 8.350663, 25.02457, 82.13464
-1.912672, 2.397452, 8.360121, 25.28791, 80.79472
-1.912672, 2.396155, 8.365628, 25.44099, 80.9341
-1.912672, 2.408239, 8.35, 25.00608, 79.88412
-1.912672, 2.407859, 8.345098, 24.86927, 79.87865
-1.912672, 2.393205, 8.359842, 25.28019, 81.12285
-1.912672, 2.406113, 8.376831, 25.75167, 80.24013
-1.912672, 2.405771, 8.369378, 25.54507, 80.21387
-1.912672, 2.41345, 8.35, 25.00608, 79.47862
-1.912672, 2.384712, 8.353106, 25.09263, 81.73651
-1.912672, 2.383914, 8.360525, 25.29915, 81.84964
-1.912672, 2.38343, 8.355986, 25.17287, 81.85608
-1.912672, 2.399261, 8.331947, 24.50149, 80.45511
-1.912672, 2.408017, 8.35, 25.00608, 79.9014
-1.912672, 2.418309, 8.343031, 24.81158, 79.0499
-1.912672, 2.388546, 8.333528, 24.54575, 81.30193
-1.912672, 2.410372, 8.351788, 25.05591, 79.73099
-1.912672, 2.419486, 8.312931, 23.96742, 78.73836
-1.91208, 2.389187, 8.35, 25.05216, 81.36679
-1.920536, 2.389187, 8.35328, 24.48581, 81.38959
-1.920673, 2.389187, 8.330442, 23.83514, 81.23038
-1.920267, 2.389187, 8.360273, 24.70189, 81.43814
-1.917047, 2.389187, 8.370478, 25.23601, 81.50883
-1.91152, 2.396009, 8.35, 25.09576, 80.83586
-1.919601, 2.38969, 8.344143, 24.30297, 81.28683
-1.906299, 2.394445, 8.343861, 25.33108, 80.91454
-1.915565, 2.37939, 8.346241, 24.67599, 82.10338
-1.904967, 2.381427, 8.340372, 25.33765, 81.90436
-1.909044, 2.380577, 8.35, 25.28845, 82.0368
-1.908366, 2.377653, 8.355732, 25.50066, 82.30356
-1.917489, 2.37835, 8.366611, 25.09425, 82.32364
-1.918441, 2.397477, 8.346165, 24.4499, 80.69464
-1.921156, 2.392131, 8.362996, 24.70874, 81.22833
-1.920512, 2.391677, 8.35, 24.39597, 81.17299
-1.911552, 2.416776, 8.352127, 25.15248, 79.23512
-1.909904, 2.390898, 8.34203, 24.99925, 81.17796
-1.904989, 2.389472, 8.379288, 26.41533, 81.54761
-1.92127, 2.412588, 8.362229, 24.67848, 79.63351
-1.903048, 2.372423, 8.35, 25.75507, 82.67136
-1.902787, 2.378721, 8.354181, 25.89147, 82.2099
-1.921856, 2.367277, 8.337708, 23.94692, 82.98889
-1.904389, 2.350517, 8.340883, 25.39692, 84.31618
-1.909594, 2.406576, 8.343065, 25.05228, 79.96407
-1.903269, 2.389187, 8.35, 25.73789, 81.36679
-1.918042, 2.389187, 8.35837, 24.82175, 81.42493
-1.920193, 2.389187, 8.353635, 24.5224, 81.39204
-1.929179, 2.389187, 8.346382, 23.61996, 81.3416
-1.920864, 2.389187, 8.369503, 24.91267, 81.50209
-1.9291, 2.397321, 8.35, 23.72762, 80.73381
-1.902859, 2.379619, 8.351381, 25.80814, 82.12085
-1.921839, 2.387068, 8.336277, 23.90807, 81.43631
-1.909295, 2.385496, 8.376352, 26.00031, 81.83574
-1.918325, 2.385759, 8.349737, 24.55882, 81.63171
-1.922312, 2.397536, 8.35, 24.2559, 80.71707
-1.930268, 2.384916, 8.348049, 23.58202, 81.68567
-1.919278, 2.386745, 8.346301, 24.38853, 81.53119
-1.899786, 2.381615, 8.372392, 26.6286, 82.10962
-1.898027, 2.372943, 8.329009, 25.56197, 82.48793
-1.931005, 2.376289, 8.35, 23.57938, 82.37048
-1.90673, 2.376816, 8.343122, 25.27697, 82.28246
-1.913575, 2.384693, 8.361909, 25.26751, 81.79865
-1.911735, 2.375517, 8.379858, 25.90814, 82.63338
-1.909419, 2.392648, 8.339368, 24.96267, 81.02301
-1.896183, 2.418493, 8.35, 26.28933, 79.08618
-1.910977, 2.420541, 8.345729, 25.01889, 78.89566
-1.896089, 2.364245, 8.342892, 26.09935, 83.26012
-1.904451, 2.366509, 8.340602, 25.38421, 83.06833
-1.928922, 2.380735, 8.344549, 23.58852, 81.987
-1.914639, 2.389187, 8.35, 24.85302, 81.36679
-1.902086, 2.389187, 8.348742, 25.795, 81.35803
-1.942329, 2.389187, 8.360209, 22.98549, 81.4377
-1.928912, 2.389187, 8.366165, 24.19474, 81.47899
-1.916441, 2.389187, 8.346253, 24.60814, 81.3407
-1.931089, 2.392298, 8.35, 23.5729, 81.12468
-1.89167, 2.392433, 8.353142, 26.72741, 81.13609
-1.936693, 2.392317, 8.340808, 22.87788, 81.05891
-1.920996, 2.394377, 8.352611, 24.4313, 80.98114
-1.925734, 2.398646, 8.324476, 23.27213, 80.45007
-1.942182, 2.373493, 8.35, 22.70963, 82.58807
-1.936237, 2.384163, 8.348862, 23.1402, 81.74989
-1.924623, 2.386367, 8.362274, 24.41925, 81.67113
-1.904919, 2.381599, 8.354068, 25.72248, 81.98524
-1.924125, 2.378387, 8.330122, 23.55678, 82.07079
-1.916664, 2.410392, 8.35, 24.69542, 79.71655
-1.892542, 2.376151, 8.346974, 26.48882, 82.36058
-1.90213, 2.388596, 8.350533, 25.84127, 81.41647
-1.884583, 2.372588, 8.36382, 27.57272, 82.75214
-1.918866, 2.39778, 8.372864, 25.16117, 80.85863
-1.893984, 2.401827, 8.35, 26.46046, 80.3831
-1.909189, 2.401062, 8.344001, 25.10992, 80.40016
-1.904032, 2.350633, 8.362475, 26.02474, 84.44885
-1.891469, 2.379948, 8.341478, 26.4201, 82.02719
-1.893214, 2.357392, 8.381402, 27.38631, 84.0486
-1.895882, 2.389187, 8.35, 26.3127, 81.36679
-1.880002, 2.389187, 8.352781, 27.62509, 81.38611
-1.925141, 2.389187, 8.363829, 24.42238, 81.4628
-1.933081, 2.389187, 8.342164, 23.19753, 81.31221
-1.948958, 2.389187, 8.352034, 22.23973, 81.38092
-1.9355, 2.387322, 8.35, 23.22958, 81.51195
-1.933222, 2.394104, 8.354232, 23.52568, 81.01378
-1.928886, 2.390334, 8.349925, 23.74221, 81.27699
-1.920431, 2.385487, 8.328417, 23.797, 81.50499
-1.923758, 2.387045, 8.314578, 23.14706, 81.2867
-1.929041, 2.403732, 8.35, 23.73226, 80.23489
-1.932666, 2.397452, 8.355281, 23.59835, 80.76073
-1.881871, 2.372216, 8.368084, 27.9005, 82.80986
-1.93658, 2.380365, 8.3359, 22.74821, 81.95633
-1.941563, 2.382525, 8.338115, 22.42237, 81.80321
-1.911783, 2.395056, 8.35, 25.07531, 80.91008
-1.901244, 2.369398, 8.353436, 25.99082, 82.92998
-1.896826, 2.375428, 8.35363, 26.33982, 82.46225
-1.893098, 2.383248, 8.367432, 27.01089, 81.94894
-1.88509, 2.380201, 8.335011, 26.73795, 81.96301
-1.904472, 2.379454, 8.35, 25.64426, 82.12419
-1.948899, 2.401063, 8.342817, 21.98373, 80.39169
-1.873043, 2.374918, 8.341414, 27.85383, 82.41864
-1.910214, 2.429183, 8.338005, 24.86266, 78.1658
-1.924828, 2.423951, 8.384533, 25.02298, 78.9126
-1.912672, 2.599187, 8.35, 25.00608, 65.02434
-1.912672, 2.599187, 8.349653, 24.9964, 65.02119
-1.912672, 2.599187, 8.335569, 24.60291, 64.89311
-1.912672, 2.599187, 8.343936, 24.83684, 64.96927
-1.912672, 2.599187, 8.333352, 24.54084, 64.87292
-1.912672, 2.606139, 8.35, 25.00608, 64.48332
-1.912672, 2.589546, 8.34165, 24.77297, 65.69958
-1.912672, 2.601255, 8.34126, 24.76207, 64.78384
-1.912672, 2.601967, 8.37258, 25.63387, 65.01302
-1.912672, 2.597251, 8.381834, 25.89011, 65.46214
-1.912672, 2.600594, 8.35, 25.00608, 64.9149
-1.912672, 2.579803, 8.343359, 24.82073, 66.4738
-1.912672, 2.619006, 8.342727, 24.80305, 63.41447
-1.912672, 2.597473, 8.326971, 24.36198, 64.9485
-1.912672, 2.603838, 8.318228, 24.11644, 64.37137
-1.912672, 2.583177, 8.35, 25.00608, 66.27029
-1.912672, 2.603282, 8.349345, 24.9878, 64.69974
-1.912672, 2.590711, 8.364973, 25.42278, 65.81831
-1.912672, 2.614233, 8.350587, 25.02243, 63.85887
-1.912672, 2.572616, 8.371853, 25.61371, 67.2841
-1.912672, 2.616488, 8.35, 25.00608, 63.67798
-1.912672, 2.60076, 8.342164, 24.78735, 64.83067
-1.912672, 2.578352, 8.369522, 25.54908, 66.81837
-1.912672, 2.634302, 8.367485, 25.49253, 62.45618
-1.912672, 2.634156, 8.313746, 23.99036, 61.95958
-1.910599, 2.599187, 8.35, 25.16746, 65.02434
-1.919107, 2.599187, 8.342832, 24.30475, 64.95923
-1.919569, 2.599187, 8.351881, 24.52194, 65.0414
-1.916949, 2.599187, 8.324272, 23.95235, 64.79005
-1.910999, 2.599187, 8.338769, 24.82284, 64.92226
-1.905504, 2.591708, 8.35, 25.5639, 65.60637
-1.907889, 2.60578, 8.35079, 25.40032, 64.51851
-1.906506, 2.606388, 8.353066, 25.57119, 64.49203
-1.904052, 2.59925, 8.330065, 25.12125, 64.83801
-1.911377, 2.604893, 8.358915, 25.35507, 64.66164
-1.904241, 2.587607, 8.35, 25.66219, 65.92554
-1.920797, 2.610452, 8.35321, 24.46355, 64.17715
-1.90345, 2.60941, 8.330368, 25.17676, 64.04816
-1.910707, 2.582267, 8.33219, 24.66154, 66.18216
-1.908488, 2.582864, 8.381478, 26.20461, 66.57404
-1.919203, 2.611066, 8.35, 24.49787, 64.09995
-1.912958, 2.61709, 8.350672, 25.00259, 63.63733
-1.919127, 2.613875, 8.333719, 24.04777, 63.73082
-1.911605, 2.627626, 8.374983, 25.78322, 63.04439
-1.915589, 2.591093, 8.326151, 24.11133, 65.43906
-1.919159, 2.570174, 8.35, 24.50129, 67.28223
-1.9059, 2.570489, 8.343171, 25.34294, 67.19759
-1.904536, 2.6276, 8.357601, 25.85036, 62.88429
-1.918746, 2.612533, 8.337176, 24.1744, 63.86745
-1.90747, 2.630302, 8.343016, 25.2163, 62.53731
-1.906206, 2.599187, 8.35, 25.50925, 65.02434
-1.906041, 2.599187, 8.344825, 25.37803, 64.97736
-1.921282, 2.599187, 8.332776, 23.85321, 64.86768
-1.916421, 2.599187, 8.35406, 24.82764, 65.06117
-1.90208, 2.599187, 8.372648, 26.45764, 65.22931
-1.900536, 2.599923, 8.35, 25.95057, 64.96709
-1.924871, 2.603843, 8.350091, 24.0593, 64.66286
-1.924098, 2.607593, 8.345606, 23.99376, 64.32996
-1.919855, 2.608938, 8.358802, 24.6929, 64.34621
-1.912179, 2.592885, 8.345681, 24.92399, 65.47589
-1.905734, 2.61744, 8.35, 25.54603, 63.60387
-1.916574, 2.596037, 8.353861, 24.81019, 65.30437
-1.928884, 2.593416, 8.333355, 23.2766, 65.323
-1.929841, 2.603148, 8.329038, 23.0802, 64.52454
-1.931015, 2.605339, 8.35274, 23.65548, 64.57065
-1.924182, 2.622247, 8.35, 24.11037, 63.22984
-1.929607, 2.607946, 8.355367, 23.83869, 64.39191
-1.902619, 2.580638, 8.367541, 26.27468, 66.6234
-1.904232, 2.624964, 8.362803, 26.01826, 63.13766
-1.914969, 2.628153, 8.321636, 24.03285, 62.50349
-1.896882, 2.591085, 8.35, 26.23488, 65.65489
-1.894928, 2.569924, 8.341707, 26.15692, 67.22871
-1.918889, 2.614888, 8.367684, 25.01538, 63.96544
-1.895458, 2.565371, 8.345052, 26.20846, 67.61273
-1.914667, 2.597329, 8.342408, 24.63874, 65.10011
-1.901209, 2.599187, 8.35, 25.89819, 65.02434
-1.91204, 2.599187, 8.359945, 25.33223, 65.1145
-1.893726, 2.599187, 8.346472, 26.38271, 64.99231
-1.893489, 2.599187, 8.320577, 25.68103, 64.75627
-1.902301, 2.599187, 8.312943, 24.77873, 64.6864
-1.930314, 2.591558, 8.35, 23.63317, 65.61809
-1.938997, 2.603385, 8.342134, 22.73573, 64.62587
-1.937305, 2.594891, 8.350274, 23.09684, 65.36116
-1.921442, 2.596756, 8.378257, 25.11114, 65.4684
-1.903115, 2.589856, 8.38693, 26.77115, 66.08061
-1.889306, 2.589664, 8.35, 26.82448, 65.76544
-1.927714, 2.596726, 8.346946, 23.74988, 65.18822
-1.885663, 2.612684, 8.354931, 27.24402, 64.01935
-1.916693, 2.607067, 8.326066, 24.02269, 64.19133
-1.940772, 2.591418, 8.331325, 22.29195, 65.46049
-1.902035, 2.624069, 8.35, 25.83389, 63.08803
-1.905132, 2.598911, 8.341358, 25.35223, 64.96735
-1.925101, 2.611464, 8.361309, 24.35519, 64.17288
-1.885406, 2.621301, 8.3317, 26.62148, 63.13287
-1.890464, 2.591701, 8.348951, 26.7053, 65.59749
-1.933009, 2.6073, 8.35, 23.42348, 64.39297
-1.93325, 2.62189, 8.341383, 23.16236, 63.17732
-1.903443, 2.611109, 8.360274, 26.00947, 64.19096
-1.886494, 2.610442, 8.340116, 26.76991, 64.05756
-1.92252, 2.569924, 8.325126, 23.54134, 67.08249
-1.894412, 2.599187, 8.35, 26.42713, 65.02434
-1.917145, 2.599187, 8.355794, 24.81969, 65.07689
-1.908833, 2.599187, 8.364944, 25.72015, 65.15971
-1.897798, 2.599187, 8.360521, 26.45498, 65.11971
-1.945797, 2.599187, 8.318021, 21.52207, 64.73289
-1.888688, 2.59053, 8.35, 26.8726, 65.69804
-1.907892, 2.600569, 8.359729, 25.64854, 65.00513
-1.899362, 2.603469, 8.34236, 25.82969, 64.6214
-1.873, 2.592182, 8.348443, 28.05057, 65.55545
-1.926142, 2.59808, 8.377855, 24.73556, 65.36208
-1.940683, 2.613113, 8.35, 22.82624, 63.94066
-1.894771, 2.58924, 8.35634, 26.57465, 65.85532
-1.885772, 2.582248, 8.335881, 26.70889, 66.21664
-1.889404, 2.608042, 8.322891, 26.06461, 64.08594
-1.925516, 2.586641, 8.330365, 23.45512, 65.82452
-1.88416, 2.581061, 8.35, 27.22492, 66.43495
-1.926921, 2.579636, 8.357156, 24.09755, 66.6093
-1.928999, 2.589319, 8.334729, 23.30628, 65.655
-1.910683, 2.619432, 8.334493, 24.72791, 63.3047
-1.937475, 2.594899, 8.317287, 22.1516, 65.06133
-1.880087, 2.627436, 8.35, 27.54188, 62.82602
-1.875473, 2.562264, 8.347435, 27.83034, 67.87541
-1.943066, 2.56469, 8.355613, 22.79889, 67.7579
-1.891381, 2.626216, 8.332338, 26.17319, 62.75545
-1.949593, 2.583009, 8.355503, 22.28828, 66.33238
-1.912672, 2.809187, 8.35, 25.00608, 48.68193
-1.912672, 2.809187, 8.342837, 24.80616, 48.60165
-1.912672, 2.809187, 8.34176, 24.77606, 48.58958
-1.912672, 2.809187, 8.349877, 25.00265, 48.68054
-1.912672, 2.809187, 8.331195, 24.48042, 48.47089
-1.912672, 2.802936, 8.35, 25.00608, 49.16844
-1.912672, 2.818335, 8.345568, 24.88242, 47.91998
-1.912672, 2.814439, 8.330518, 24.46142, 48.05356
-1.912672, 2.803658, 8.34625, 24.90143, 49.07039
-1.912672, 2.818423, 8.360832, 25.30771, 48.08533
-1.912672, 2.80673, 8.35, 25.00608, 48.87317
-1.912672, 2.82899, 8.346416, 24.90611, 47.09996
-1.912672, 2.812599, 8.363299, 25.37629, 48.56552
-1.912672, 2.827274, 8.338274, 24.67858, 47.14081
-1.912672, 2.801492, 8.343718, 24.83075, 49.21091
-1.912672, 2.832772, 8.35, 25.00608, 46.84651
-1.912672, 2.783633, 8.349078, 24.98038, 50.66048
-1.912672, 2.791268, 8.340515, 24.74125, 49.9718
-1.912672, 2.807821, 8.365425, 25.43535, 48.96037
-1.912672, 2.789279, 8.320892, 24.19132, 49.90997
-1.912672, 2.796884, 8.35, 25.00608, 49.63937
-1.912672, 2.770645, 8.347726, 24.94263, 51.65674
-1.912672, 2.773196, 8.352245, 25.06866, 51.50711
-1.912672, 2.841307, 8.321876, 24.21894, 45.85716
-1.912672, 2.824524, 8.375935, 25.72683, 47.7818
-1.909072, 2.809187, 8.35, 25.28629, 48.68193
-1.906685, 2.809187, 8.340513, 25.20767, 48.57559
-1.919798, 2.809187, 8.345447, 24.32419, 48.63092
-1.908488, 2.809187, 8.325879, 24.65798, 48.41104
-1.910873, 2.809187, 8.371835, 25.75287, 48.92569
-1.915226, 2.817059, 8.35, 24.80737, 48.06932
-1.920235, 2.816985, 8.350744, 24.43833, 48.08351
-1.920439, 2.804248, 8.362307, 24.74526, 49.20323
-1.908584, 2.802573, 8.328339, 24.71937, 48.95494
-1.91238, 2.818703, 8.379345, 25.84386, 48.27151
-1.911562, 2.804575, 8.35, 25.09249, 49.04088
-1.910917, 2.806303, 8.359572, 25.40909, 49.0132
-1.92157, 2.795832, 8.334207, 23.8709, 49.54622
-1.916191, 2.819237, 8.364782, 25.1442, 48.06653
-1.921564, 2.823329, 8.347999, 24.2581, 47.55865
-1.919757, 2.800391, 8.35, 24.45471, 49.36642
-1.909789, 2.779219, 8.351274, 25.26592, 51.02794
-1.916962, 2.830517, 8.334567, 24.24038, 46.8456
-1.909187, 2.833903, 8.325622, 24.59619, 46.47864
-1.920816, 2.795685, 8.366221, 24.82502, 49.91171
-1.919937, 2.826471, 8.35, 24.44076, 47.33688
-1.91371, 2.826689, 8.354443, 25.04917, 47.37047
-1.919045, 2.779191, 8.367617, 25.00138, 51.2077
-1.918265, 2.826399, 8.376973, 25.3219, 47.64812
-1.913511, 2.80389, 8.352667, 25.0152, 49.12384
-1.922115, 2.809187, 8.35, 24.27126, 48.68193
-1.927729, 2.809187, 8.351053, 23.86388, 48.69371
-1.9303, 2.809187, 8.349519, 23.62074, 48.67654
-1.918398, 2.809187, 8.336465, 24.18164, 48.53014
-1.904004, 2.809187, 8.325194, 24.98892, 48.40332
-1.917249, 2.813003, 8.35, 24.64994, 48.38498
-1.924431, 2.806659, 8.354167, 24.20765, 48.9252
-1.931605, 2.812541, 8.347236, 23.45507, 48.38986
-1.926767, 2.819154, 8.34155, 23.67208, 47.81076
-1.911431, 2.803792, 8.327338, 24.46918, 48.84862
-1.897811, 2.820845, 8.35, 26.1626, 47.7747
-1.915474, 2.790097, 8.356405, 24.96669, 50.23796
-1.905371, 2.813722, 8.362814, 25.93002, 48.47285
-1.918136, 2.816636, 8.365562, 25.01484, 48.27728
-1.913414, 2.82475, 8.363912, 25.3357, 47.62849
-1.916036, 2.816178, 8.35, 24.74433, 48.13788
-1.90229, 2.801037, 8.348035, 25.75942, 49.29433
-1.921947, 2.784509, 8.340936, 24.03036, 50.50305
-1.912322, 2.805435, 8.376699, 25.77514, 49.27078
-1.926141, 2.786482, 8.31814, 23.06149, 50.09804
-1.895468, 2.790224, 8.35, 26.3449, 50.15768
-1.914375, 2.775231, 8.340003, 24.59424, 51.21582
-1.917356, 2.77824, 8.332568, 24.15357, 50.90016
-1.90474, 2.842724, 8.347267, 25.54732, 46.04051
-1.896637, 2.790545, 8.384361, 27.2023, 50.50925
-1.935152, 2.809187, 8.35, 23.25671, 48.68193
-1.936302, 2.809187, 8.350965, 23.19431, 48.69275
-1.938125, 2.809187, 8.360306, 23.31492, 48.79716
-1.924087, 2.809187, 8.347123, 24.03716, 48.64972
-1.899001, 2.809187, 8.389809, 27.1689, 49.12534
-1.912573, 2.813715, 8.35, 25.01378, 48.32956
-1.883853, 2.811457, 8.357078, 27.44393, 48.58461
-1.930268, 2.805603, 8.331756, 23.12355, 48.75681
-1.904691, 2.813242, 8.336106, 25.24016, 48.21001
-1.903179, 2.815761, 8.326029, 25.07667, 47.89958
-1.931717, 2.800877, 8.35, 23.52402, 49.32867
-1.905968, 2.824813, 8.348351, 25.48193, 47.44716
-1.902, 2.801864, 8.34726, 25.76044, 49.22136
-1.895544, 2.789343, 8.329707, 25.77514, 50.00252
-1.900945, 2.803841, 8.333193, 25.45099, 48.91031
-1.888656, 2.796629, 8.35, 26.87503, 49.65924
-1.88631, 2.832489, 8.351056, 27.08673, 46.88066
-1.927327, 2.81581, 8.331875, 23.35633, 47.96196
-1.911735, 2.785841, 8.353733, 25.18301, 50.53964
-1.889644, 2.803839, 8.346816, 26.71009, 49.06267
-1.93591, 2.814175, 8.35, 23.1977, 48.29381
-1.914192, 2.796498, 8.348754, 24.85299, 49.65565
-1.922378, 2.808723, 8.363408, 24.6253, 48.86783
-1.934337, 2.799707, 8.360756, 23.62195, 49.53893
-1.933921, 2.848289, 8.318082, 22.45185, 45.26756
-1.89847, 2.809187, 8.35, 26.1113, 48.68193
-1.930764, 2.809187, 8.359226, 23.85684, 48.78511
-1.894357, 2.809187, 8.359609, 26.69719, 48.78937
-1.894002, 2.809187, 8.349984, 26.45853, 48.68173
-1.874521, 2.809187, 8.34524, 27.84408, 48.6286
-1.917923, 2.814994, 8.35, 24.59744, 48.23007
-1.872806, 2.807966, 8.350419, 28.12002, 48.78163
-1.950738, 2.799636, 8.36672, 22.51542, 49.6104
-1.881805, 2.807077, 8.37288, 28.03718, 49.10106
-1.920779, 2.819027, 8.31325, 23.34246, 47.49915
-1.93288, 2.802314, 8.35, 23.43348, 49.2168
-1.890864, 2.827323, 8.344587, 26.55337, 47.20894
-1.884272, 2.814013, 8.33413, 26.7773, 48.12755
-1.910064, 2.793589, 8.331841, 24.70199, 49.69485
-1.933335, 2.813309, 8.383176, 24.32613, 48.73233
-1.940414, 2.829283, 8.35, 22.84719, 47.11806
-1.917068, 2.816798, 8.358959, 24.91396, 48.19052
-1.878761, 2.793783, 8.336869, 27.28279, 49.7355
-1.93936, 2.794056, 8.359203, 23.18803, 49.96094
-1.919889, 2.801268, 8.334566, 24.01211, 49.12628
-1.951094, 2.842819, 8.35, 22.01606, 46.06464
-1.896992, 2.848386, 8.349345, 26.20817, 45.62383
-1.916299, 2.838607, 8.349055, 24.69742, 46.38156
-1.946629, 2.832607, 8.355012, 22.50488, 46.91666
-1.89144, 2.802554, 8.342117, 26.44007, 49.11031
-1.912672, 3.019187, 8.35, 25.00608, 32.33952
-1.912672, 3.019187, 8.35998, 25.28399, 32.47223
-1.912672, 3.019187, 8.366479, 25.46459, 32.55846
-1.912672, 3.019187, 8.359898, 25.28172, 32.47113
-1.912672, 3.019187, 8.35035, 25.01584, 32.34419
-1.912672, 3.0179, 8.35, 25.00608, 32.4397
-1.912672, 3.024248, 8.357372, 25.21145, 32.04414
-1.912672, 3.022713, 8.354254, 25.12462, 32.1219
-1.912672, 3.011102, 8.36734, 25.48851, 33.19768
-1.912672, 3.024455, 8.32267, 24.24128, 31.56296
-1.912672, 3.013893, 8.35, 25.00608, 32.75157
-1.912672, 3.02231, 8.359632, 25.27433, 32.2249
-1.912672, 3.030776, 8.342353, 24.79262, 31.33488
-1.912672, 3.013441, 8.370819, 25.58506, 33.06198
-1.912672, 3.038134, 8.388051, 26.06192, 31.37643
-1.912672, 3.009499, 8.35, 25.00608, 33.09346
-1.912672, 3.021732, 8.348998, 24.97813, 32.12814
-1.912672, 3.021878, 8.366374, 25.46169, 32.34811
-1.912672, 3.038114, 8.354368, 25.12781, 30.92555
-1.912672, 2.992853, 8.349033, 24.97912, 34.37628
-1.912672, 2.991794, 8.35, 25.00608, 34.47131
-1.912672, 3.044239, 8.346623, 24.91188, 30.34412
-1.912672, 3.031251, 8.348362, 24.96039, 31.37869
-1.912672, 2.994719, 8.338737, 24.69156, 34.09625
-1.912672, 3.000838, 8.329916, 24.44455, 33.50305
-1.906988, 3.019187, 8.35, 25.44846, 32.33952
-1.903062, 3.019187, 8.345222, 25.62105, 32.27586
-1.910566, 3.019187, 8.366466, 25.62778, 32.55829
-1.911023, 3.019187, 8.372913, 25.77106, 32.64372
-1.9071, 3.019187, 8.388464, 26.50477, 32.84914
-1.916526, 3.015555, 8.35, 24.70616, 32.62219
-1.918879, 3.023965, 8.35635, 24.70034, 32.05252
-1.916891, 3.023028, 8.347108, 24.59697, 32.00198
-1.91116, 3.021536, 8.340474, 24.85796, 32.02954
-1.915979, 3.018175, 8.376263, 25.4795, 32.76653
-1.914296, 3.036942, 8.35, 24.87971, 30.95781
-1.917746, 3.025074, 8.349164, 24.58788, 31.87018
-1.920668, 3.014893, 8.330819, 23.84608, 32.41847
-1.921672, 3.005324, 8.364027, 24.6974, 33.60284
-1.918967, 3.015229, 8.312932, 23.47518, 32.15308
-1.918813, 3.041118, 8.35, 24.52822, 30.63286
-1.904759, 3.025874, 8.346566, 25.52639, 31.77321
-1.917496, 3.034154, 8.367351, 25.11429, 31.4079
-1.905564, 3.008623, 8.337671, 25.21581, 32.99858
-1.903579, 3.009395, 8.341059, 25.46491, 32.98329
-1.908333, 2.993165, 8.35, 25.3438, 34.36465
-1.920633, 3.024089, 8.351354, 24.42438, 31.97614
-1.913893, 3.007758, 8.350938, 24.93722, 33.24129
-1.908004, 3.002724, 8.357721, 25.58411, 33.72209
-1.918003, 3.001297, 8.366206, 25.04306, 33.94418
-1.92578, 3.019187, 8.35, 23.986, 32.33952
-1.901163, 3.019187, 8.340865, 25.64777, 32.21773
-1.896823, 3.019187, 8.361161, 26.54848, 32.4879
-1.900772, 3.019187, 8.340552, 25.66953, 32.21356
-1.903233, 3.019187, 8.330759, 25.20461, 32.08267
-1.904307, 3.016756, 8.35, 25.65704, 32.52872
-1.912537, 3.015179, 8.350763, 25.03793, 32.66159
-1.923044, 3.016783, 8.362631, 24.55185, 32.69421
-1.909805, 3.024224, 8.329309, 24.65125, 31.67027
-1.894345, 3.028629, 8.37861, 27.22192, 31.98701
-1.914799, 3.035716, 8.35, 24.84056, 31.05325
-1.92362, 3.013541, 8.343366, 23.96819, 32.69084
-1.928931, 3.010067, 8.368258, 24.25172, 33.29015
-1.927094, 3.000826, 8.344581, 23.73173, 33.69724
-1.894935, 3.000254, 8.330763, 25.8521, 33.55983
-1.904157, 3.023143, 8.35, 25.66877, 32.03169
-1.921342, 3.033054, 8.347453, 24.26009, 31.22609
-1.909297, 3.048473, 8.332174, 24.77111, 29.81729
-1.924026, 3.019393, 8.349627, 24.11207, 32.31854
-1.923946, 3.003791, 8.348283, 24.08059, 33.51509
-1.895687, 3.055648, 8.35, 26.32789, 29.50212
-1.925837, 3.03247, 8.356915, 24.1751, 31.39877
-1.918767, 3.019023, 8.365718, 24.97009, 32.5611
-1.914771, 3.025076, 8.3629, 25.20209, 32.05347
-1.908358, 3.051524, 8.343467, 25.15972, 29.7338
-1.884992, 3.019187, 8.35, 27.16018, 32.33952
-1.905586, 3.019187, 8.341282, 25.31475, 32.2233
-1.916512, 3.019187, 8.358985, 24.95789, 32.45901
-1.887579, 3.019187, 8.348153, 26.90784, 32.31493
-1.917362, 3.019187, 8.348627, 24.60275, 32.32124
-1.884783, 3.016392, 8.35, 27.17643, 32.55707
-1.928697, 3.027709, 8.357121, 23.95856, 31.77174
-1.916618, 3.02609, 8.341983, 24.47489, 31.6949
-1.920952, 3.016812, 8.340513, 24.09607, 32.39813
-1.935332, 3.012934, 8.31625, 22.28967, 32.37689
-1.939662, 3.030279, 8.35, 22.90577, 31.47633
-1.897861, 3.008777, 8.346278, 26.05542, 33.10048
-1.920006, 3.033385, 8.361773, 24.76403, 31.39288
-1.901426, 3.028628, 8.322463, 25.1138, 31.23421
-1.890946, 3.022359, 8.325483, 26.0164, 31.76442
-1.926871, 2.995652, 8.35, 23.90108, 34.17104
-1.887339, 3.000141, 8.351626, 27.02242, 33.84302
-1.935602, 3.025466, 8.341027, 22.96908, 31.73071
-1.908377, 3.016428, 8.376716, 26.08154, 32.90804
-1.910226, 3.006156, 8.361774, 25.52399, 33.50864
-1.904665, 2.982517, 8.35, 25.62923, 35.19325
-1.911418, 3.049139, 8.346892, 25.01706, 29.96626
-1.921843, 3.057686, 8.346464, 24.19341, 29.29501
-1.911518, 3.058485, 8.359959, 25.37314, 29.41772
-1.937813, 3.036961, 8.315592, 22.07704, 30.48996
-1.907961, 3.019187, 8.35, 25.37268, 32.33952
-1.88536, 3.019187, 8.344899, 26.99063, 32.27155
-1.915308, 3.019187, 8.353965, 24.91157, 32.39227
-1.886955, 3.019187, 8.330478, 26.46672, 32.0789
-1.930294, 3.019187, 8.347758, 23.57183, 32.30965
-1.949269, 3.014091, 8.35, 22.15812, 32.73613
-1.892612, 3.014661, 8.35524, 26.71215, 32.76122
-1.873052, 3.015526, 8.366115, 28.53132, 32.83797
-1.919129, 3.01136, 8.32066, 23.68037, 32.55882
-1.91934, 3.019787, 8.355515, 24.6412, 32.36629
-1.877377, 3.036142, 8.35, 27.75282, 31.02005
-1.915398, 3.012119, 8.344851, 24.65013, 32.82133
-1.903438, 3.012147, 8.369302, 26.25977, 33.1424
-1.944664, 3.012336, 8.367694, 23.01438, 33.10649
-1.878555, 3.002392, 8.330947, 27.13507, 33.39543
-1.880209, 3.002043, 8.35, 27.5324, 33.67369
-1.891863, 3.018008, 8.342333, 26.41304, 32.32919
-1.881545, 3.002125, 8.35951, 27.69028, 33.79214
-1.877306, 3.023861, 8.343654, 27.58344, 31.8909
-1.9518, 3.017565, 8.389232, 23.06491, 32.98486
-1.892836, 3.024197, 8.35, 26.54979, 31.94965
-1.920908, 3.031711, 8.357236, 24.56732, 31.4621
-1.929186, 3.038921, 8.368375, 24.2352, 31.05151
-1.897213, 2.991204, 8.328249, 25.60427, 34.23289
-1.895888, 2.998001, 8.341684, 26.08153, 33.87918
