-1.53628, 2.389187, 8.35, 15.3868, 81.36679
-1.53628, 2.389187, 8.340134, 15.09899, 81.29805
-1.53628, 2.389187, 8.338447, 15.04971, 81.28629
-1.53628, 2.389187, 8.331576, 14.84877, 81.2383
-1.53628, 2.389187, 8.327053, 14.71627, 81.20668
-1.53628, 2.382576, 8.35, 15.3868, 81.88123
-1.53628, 2.380982, 8.342008, 15.15371, 81.95026
-1.53628, 2.38099, 8.333791, 14.91358, 81.89307
-1.53628, 2.39777, 8.352894, 15.47105, 80.71921
-1.53628, 2.388637, 8.358112, 15.62287, 81.4659
-1.53628, 2.388974, 8.35, 15.3868, 81.38336
-1.53628, 2.406206, 8.357678, 15.61026, 80.097
-1.53628, 2.393111, 8.365713, 15.8436, 81.17108
-1.53628, 2.393624, 8.342396, 15.16502, 80.9682
-1.53628, 2.376583, 8.347094, 15.30208, 82.32774
-1.53628, 2.414406, 8.35, 15.3868, 79.40424
-1.53628, 2.362935, 8.358336, 15.6294, 83.46544
-1.53628, 2.416349, 8.362627, 15.75404, 79.34412
-1.53628, 2.409412, 8.332451, 14.87436, 79.6669
-1.53628, 2.360036, 8.352804, 15.46845, 83.65399
-1.53628, 2.416096, 8.35, 15.3868, 79.27272
-1.53628, 2.36351, 8.340467, 15.10872, 83.30106
-1.53628, 2.351731, 8.334697, 14.94009, 84.18076
-1.53628, 2.35519, 8.364418, 15.80604, 84.10767
-1.53628, 2.411308, 8.345959, 15.26899, 79.61624
-1.544818, 2.389187, 8.35, 14.72239, 81.36679
-1.52991, 2.389187, 8.355569, 16.04427, 81.40549
-1.544469, 2.389187, 8.330858, 14.18891, 81.23329
-1.526878, 2.389187, 8.373193, 16.78987, 81.52762
-1.535081, 2.389187, 8.367036, 15.97509, 81.48502
-1.54366, 2.386827, 8.35, 14.81247, 81.55043
-1.542654, 2.380169, 8.349893, 14.88765, 82.06784
-1.530235, 2.384235, 8.346529, 15.75623, 81.72815
-1.538267, 2.393689, 8.345621, 15.10438, 80.98578
-1.529872, 2.385452, 8.359148, 16.1511, 81.72063
-1.543583, 2.408859, 8.35, 14.81847, 79.83588
-1.538295, 2.393415, 8.348392, 15.18309, 81.0265
-1.529118, 2.373753, 8.365962, 16.40704, 82.67616
-1.538453, 2.381444, 8.332908, 14.71825, 81.85153
-1.535137, 2.379788, 8.35969, 15.75757, 82.16461
-1.539325, 2.361693, 8.35, 15.14986, 83.50641
-1.528305, 2.380306, 8.346161, 15.89584, 82.03156
-1.540531, 2.359976, 8.357969, 15.28826, 83.69307
-1.542571, 2.372326, 8.342987, 14.69225, 82.63132
-1.529456, 2.408775, 8.324971, 15.18807, 79.66278
-1.541553, 2.369525, 8.35, 14.9765, 82.8969
-1.540815, 2.411402, 8.342383, 14.81139, 79.58321
-1.542324, 2.401443, 8.335343, 14.48772, 80.30905
-1.530893, 2.407974, 8.326729, 15.12732, 79.73796
-1.529971, 2.421801, 8.344076, 15.7054, 78.78557
-1.529021, 2.389187, 8.35, 15.95169, 81.36679
-1.549977, 2.389187, 8.347631, 14.25151, 81.3503
-1.53751, 2.389187, 8.332054, 14.76678, 81.24164
-1.549067, 2.389187, 8.349442, 14.37537, 81.36288
-1.539954, 2.389187, 8.381556, 16.01757, 81.58539
-1.522704, 2.388433, 8.35, 16.4433, 81.42543
-1.533941, 2.394001, 8.355664, 15.73358, 81.0318
-1.538533, 2.379818, 8.331873, 14.6817, 81.97124
-1.519339, 2.38286, 8.342224, 16.47974, 81.80551
-1.549533, 2.380441, 8.355927, 14.52876, 82.08809
-1.536252, 2.370684, 8.35, 15.389, 82.80673
-1.518439, 2.383146, 8.340785, 16.50809, 81.77327
-1.530805, 2.392615, 8.362468, 16.17484, 81.18704
-1.544573, 2.375057, 8.357878, 14.97135, 82.52007
-1.525444, 2.403979, 8.360303, 16.52866, 80.28876
-1.527636, 2.360892, 8.35, 16.05948, 83.5687
-1.525407, 2.376122, 8.358386, 16.47604, 82.44069
-1.533997, 2.378681, 8.349967, 15.56351, 82.18411
-1.525659, 2.380951, 8.37009, 16.79491, 82.14546
-1.542943, 2.41432, 8.378999, 15.71188, 79.61917
-1.517424, 2.38938, 8.35, 16.8542, 81.35179
-1.556267, 2.372275, 8.355696, 13.99834, 82.7215
-1.535883, 2.411692, 8.36992, 15.99647, 79.75812
-1.532741, 2.375111, 8.324288, 14.91154, 82.28642
-1.539926, 2.386161, 8.310538, 13.94606, 81.32753
-1.543747, 2.389187, 8.35, 14.80574, 81.36679
-1.520793, 2.389187, 8.351227, 16.62752, 81.37532
-1.538996, 2.389187, 8.354835, 15.31629, 81.40039
-1.553825, 2.389187, 8.357538, 14.24216, 81.41916
-1.511466, 2.389187, 8.36696, 17.80663, 81.4845
-1.565102, 2.3856, 8.35, 13.14387, 81.64589
-1.532238, 2.38456, 8.354929, 15.84465, 81.76091
-1.509538, 2.387108, 8.35771, 17.69022, 81.58197
-1.517456, 2.390573, 8.369737, 17.4215, 81.39615
-1.506684, 2.39833, 8.361577, 18.02332, 80.73674
-1.510665, 2.384317, 8.35, 17.3802, 81.74576
-1.534357, 2.394394, 8.356637, 15.72949, 81.00803
-1.508268, 2.39096, 8.339371, 17.25965, 81.15462
-1.511943, 2.407432, 8.361375, 17.60884, 80.02805
-1.553218, 2.386336, 8.382906, 15.0288, 81.81563
-1.560023, 2.400864, 8.35, 13.53912, 80.45807
-1.558186, 2.410625, 8.351283, 13.71972, 79.70767
-1.526025, 2.375442, 8.334552, 15.73548, 82.33087
-1.515158, 2.415322, 8.326511, 16.34917, 79.1628
-1.531791, 2.365816, 8.345341, 15.60053, 83.15416
-1.564638, 2.359308, 8.35, 13.17997, 83.69196
-1.550845, 2.353527, 8.355203, 14.40554, 84.17613
-1.524545, 2.361216, 8.332753, 15.7985, 83.42813
-1.515767, 2.383439, 8.356724, 17.17744, 81.86043
-1.520329, 2.358935, 8.376218, 17.38506, 83.89481
-1.569637, 2.389187, 8.35, 12.79092, 81.36679
-1.537884, 2.389187, 8.343047, 15.05909, 81.31836
-1.525554, 2.389187, 8.337558, 15.85977, 81.28008
-1.529465, 2.389187, 8.323911, 15.15628, 81.18468
-1.565271, 2.389187, 8.327019, 12.45243, 81.20644
-1.522941, 2.394286, 8.35, 16.42489, 80.96997
-1.54039, 2.38784, 8.354456, 15.19685, 81.5025
-1.521086, 2.379483, 8.343337, 16.37591, 82.07625
-1.551359, 2.382632, 8.359884, 14.50243, 81.94493
-1.574936, 2.39658, 8.319777, 11.48276, 80.57808
-1.560108, 2.40225, 8.35, 13.53252, 80.35023
-1.575757, 2.405427, 8.35301, 12.40349, 80.1244
-1.513107, 2.377988, 8.364515, 17.60884, 82.33745
-1.54593, 2.39313, 8.332523, 14.12378, 80.93736
-1.52716, 2.393823, 8.368948, 16.64545, 81.13834
-1.510295, 2.365265, 8.35, 17.409, 83.22842
-1.574937, 2.377775, 8.359957, 12.672, 82.32289
-1.526753, 2.398462, 8.331745, 15.59687, 80.51596
-1.517011, 2.376986, 8.339312, 16.57657, 82.24313
-1.511665, 2.396469, 8.374008, 17.9937, 80.96835
-1.515003, 2.381506, 8.35, 17.04263, 81.96452
-1.565385, 2.351194, 8.343835, 12.94025, 84.28288
-1.56403, 2.409469, 8.3605, 13.53564, 79.86353
-1.521601, 2.408452, 8.377894, 17.33469, 80.06627
-1.550676, 2.36921, 8.359306, 14.53859, 82.98416
