-1.855741, 0.02, 8.35, 17.76336, 265.7393
-1.855741, 0.02, 8.342345, 17.54248, 265.8693
-1.855741, 0.02, 8.344956, 17.61788, 265.8249
-1.855741, 0.02, 8.363537, 18.15285, 265.5102
-1.855741, 0.02, 8.36595, 18.22213, 265.4694
-1.855741, 0.01208505, 8.35, 17.76336, 266.3553
-1.855741, 0.02787572, 8.352925, 17.84763, 265.0771
-1.855741, 0.0197279, 8.348228, 17.71227, 265.7905
-1.855741, 0.02251245, 8.344973, 17.61834, 265.629
-1.855741, 0.02271153, 8.329341, 17.16625, 265.879
-1.855741, 0.02702894, 8.35, 17.76336, 265.1923
-1.855741, 0.03631127, 8.35261, 17.83852, 264.4261
-1.855741, 0.02858671, 8.35755, 17.98074, 264.9438
-1.855741, 0.0107787, 8.364495, 18.18037, 266.2102
-1.855741, 0.02106711, 8.363804, 18.16051, 265.4228
-1.855741, 0.03660544, 8.35, 17.76336, 264.4471
-1.855741, 0.04681814, 8.350245, 17.77039, 263.6482
-1.855741, 0.04344836, 8.354132, 17.88237, 263.8455
-1.855741, 0.009097091, 8.337821, 17.41173, 266.796
-1.855741, 0.04344478, 8.345677, 17.63868, 263.9871
-1.855741, -0.001302283, 8.35, 17.76336, 267.3971
-1.855741, 0.02339219, 8.359913, 18.04871, 265.3078
-1.855741, 0.01804096, 8.33347, 17.28586, 266.173
-1.855741, -0.006755844, 8.322589, 16.9704, 268.2954
-1.855741, 0.03426536, 8.375347, 18.49156, 264.2044
-1.859388, 0.02, 8.35, 17.47952, 265.7393
-1.854031, 0.02, 8.358722, 18.14741, 265.5916
-1.863422, 0.02, 8.359052, 17.42695, 265.586
-1.853475, 0.02, 8.361567, 18.27232, 265.5435
-1.865671, 0.02, 8.346258, 16.88232, 265.8028
-1.862196, 0.02639245, 8.35, 17.26104, 265.2418
-1.859659, 0.01174028, 8.340046, 17.17079, 266.5519
-1.861474, 0.01102247, 8.335758, 16.90516, 266.6812
-1.857084, 0.02197902, 8.355512, 17.81767, 265.492
-1.854638, 0.01319043, 8.321978, 17.03881, 266.7481
-1.858617, 0.03719766, 8.35, 17.5396, 264.401
-1.854984, 0.02625854, 8.34602, 17.70749, 265.3195
-1.846111, 2.834946E-05, 8.363153, 18.89002, 267.0682
-1.859573, 0.03807713, 8.368147, 17.98771, 264.0288
-1.855032, 0.03984088, 8.357092, 18.0227, 264.0765
-1.853354, 0.04823607, 8.35, 17.94913, 263.5419
-1.854139, 0.02488131, 8.340782, 17.62213, 265.5155
-1.854163, 0.02402711, 8.367257, 18.38217, 265.1346
-1.848793, 0.005911192, 8.35147, 18.34637, 266.8106
-1.859577, 0.002055481, 8.315272, 16.45796, 267.7336
-1.849989, 0.007555504, 8.35, 18.21103, 266.7077
-1.854067, 0.0445086, 8.348962, 17.86375, 263.8494
-1.854968, 0.05154411, 8.351024, 17.853, 263.2675
-1.846875, 0.03934069, 8.371098, 19.05789, 263.8815
-1.847203, -0.001408331, 8.375656, 19.16267, 266.9662
-1.861762, 0.02, 8.35, 17.29487, 265.7393
-1.869013, 0.02, 8.351292, 16.76793, 265.7174
-1.853933, 0.02, 8.36111, 18.22364, 265.5512
-1.857922, 0.02, 8.331579, 17.06097, 266.0524
-1.873006, 0.02, 8.374965, 17.14142, 265.3174
-1.853952, 0.02894123, 8.35, 17.90261, 265.0435
-1.873163, 0.0160864, 8.356394, 16.59283, 265.9353
-1.860365, 0.02859567, 8.343868, 17.22636, 265.1739
-1.838774, 0.01344405, 8.326213, 18.40011, 266.6557
-1.8418, 0.01859805, 8.380747, 19.72671, 265.3287
-1.846266, 0.01901175, 8.35, 18.50076, 265.8162
-1.837466, 0.006117411, 8.350576, 19.20201, 266.8098
-1.861419, 0.02953026, 8.361557, 17.65476, 264.8031
-1.8605, 0.03678389, 8.363551, 17.78356, 264.2061
-1.872294, 0.01676658, 8.335744, 16.06114, 266.2336
-1.860581, 0.008805381, 8.35, 17.38671, 266.6105
-1.861063, 0.04010063, 8.351607, 17.39561, 264.1481
-1.843602, 0.03654952, 8.340516, 18.43549, 264.6108
-1.839932, 0.04360957, 8.323028, 18.21772, 264.3545
-1.854546, -0.002205791, 8.347931, 17.79674, 267.5029
-1.844416, 0.01024415, 8.35, 18.64467, 266.4985
-1.852607, 0.00388651, 8.358875, 18.26247, 266.8415
-1.859589, -0.01417261, 8.359735, 17.74456, 268.2304
-1.859565, 0.02398401, 8.323586, 16.70079, 265.8776
-1.851641, 0.0307435, 8.342215, 17.85812, 265.0345
-1.879868, 0.02, 8.35, 15.88577, 265.7393
-1.860747, 0.02, 8.357427, 17.58804, 265.6135
-1.860626, 0.02, 8.364139, 17.79067, 265.5
-1.855999, 0.02, 8.362423, 18.10088, 265.529
-1.869377, 0.02, 8.317223, 15.74884, 266.2975
-1.869289, 0.01051393, 8.35, 16.70903, 266.4775
-1.880904, 0.02940147, 8.359122, 16.07011, 264.854
-1.851692, 0.0143132, 8.351749, 18.12884, 266.1521
-1.866051, 0.01482769, 8.378427, 17.78034, 265.6601
-1.844438, 0.01929454, 8.316655, 17.68149, 266.3623
-1.835262, 0.03182568, 8.35, 19.35711, 264.819
-1.875037, 0.01020245, 8.357328, 16.47417, 266.3769
-1.857455, 0.002492968, 8.360501, 17.93242, 266.922
-1.86073, 0.006264038, 8.349208, 17.35223, 266.8218
-1.859682, 0.02679822, 8.345999, 17.34109, 265.2779
-1.83109, 0.004026046, 8.35, 19.68175, 266.9824
-1.829283, 0.0361266, 8.357216, 20.02823, 264.3633
-1.882094, 0.0405551, 8.340395, 15.43279, 264.3008
-1.857296, 0.01979403, 8.337765, 17.28889, 265.9632
-1.835892, 0.01465555, 8.348345, 19.26066, 266.1834
-1.878178, -0.002116207, 8.35, 16.01734, 267.4604
-1.875012, -0.003237307, 8.345395, 16.12999, 267.6269
-1.844405, 0.02636614, 8.345467, 18.51528, 265.3205
-1.84352, 0.003134053, 8.354263, 18.8367, 266.9789
-1.829082, 0.04371967, 8.331245, 19.30112, 264.2077
-1.826585, 0.02, 8.35, 20.03231, 265.7393
-1.855874, 0.02, 8.344163, 17.58463, 265.8384
-1.827379, 0.02, 8.336856, 19.59476, 265.9626
-1.832214, 0.02, 8.345098, 19.45406, 265.8225
-1.844071, 0.02, 8.342146, 18.44589, 265.8726
-1.867751, 0.01575337, 8.35, 16.82871, 266.0698
-1.869881, 0.02290765, 8.34231, 16.44004, 265.6433
-1.867937, 0.02383731, 8.350387, 16.82545, 265.4341
-1.827216, 0.01759591, 8.377314, 20.75993, 265.4642
-1.827639, 0.02672085, 8.312783, 18.88291, 265.8479
-1.845694, 0.001424264, 8.35, 18.54528, 267.1849
-1.873996, 0.03570124, 8.348248, 16.29194, 264.5468
-1.889358, 0.01636584, 8.361807, 15.49109, 265.8218
-1.844362, 0.02035368, 8.329857, 18.06908, 266.0542
-1.891872, 0.02870931, 8.314921, 13.92305, 265.656
-1.888116, 0.04554369, 8.35, 15.24396, 263.7515
-1.843287, 0.04557044, 8.355222, 18.88228, 263.6623
-1.8706, 0.03394395, 8.338998, 16.28776, 264.8394
-1.844139, 0.01878939, 8.372703, 19.31607, 265.4494
-1.892888, 0.04007967, 8.355391, 15.02987, 264.0864
-1.895519, 0.03908559, 8.35, 14.66786, 264.254
-1.828738, 0.05434942, 8.342311, 19.645, 263.1941
-1.886167, 0.03709531, 8.346053, 15.28051, 264.4752
-1.830685, 0.03174585, 8.362368, 20.06609, 264.6173
-1.829401, -0.0123637, 8.368222, 20.33239, 267.9437
-1.855741, 0.17, 8.35, 17.76336, 254.0661
-1.855741, 0.17, 8.34855, 17.72153, 254.0885
-1.855741, 0.17, 8.330788, 17.20818, 254.3636
-1.855741, 0.17, 8.329975, 17.18465, 254.3762
-1.855741, 0.17, 8.313931, 16.7188, 254.6258
-1.855741, 0.1736116, 8.35, 17.76336, 253.7851
-1.855741, 0.1675851, 8.354326, 17.88799, 254.1872
-1.855741, 0.1793255, 8.343558, 17.57751, 253.4394
-1.855741, 0.1602565, 8.345329, 17.62862, 254.897
-1.855741, 0.1715034, 8.326642, 17.088, 254.3106
-1.855741, 0.1704739, 8.35, 17.76336, 254.0293
-1.855741, 0.1761473, 8.355783, 17.92993, 253.4989
-1.855741, 0.1574431, 8.36308, 18.13973, 254.84
-1.855741, 0.1839948, 8.339624, 17.46387, 253.136
-1.855741, 0.1770096, 8.365139, 18.19887, 253.2884
-1.855741, 0.1651115, 8.35, 17.76336, 254.4466
-1.855741, 0.1509912, 8.359292, 18.03085, 255.4003
-1.855741, 0.1666961, 8.338362, 17.42738, 254.5037
-1.855741, 0.1627565, 8.320293, 16.90377, 255.0926
-1.855741, 0.144877, 8.352165, 17.82573, 255.9873
-1.855741, 0.1656053, 8.35, 17.76336, 254.4082
-1.855741, 0.1547758, 8.342521, 17.54753, 255.3677
-1.855741, 0.1950098, 8.368722, 18.30168, 251.8362
-1.855741, 0.1734017, 8.379352, 18.60618, 253.3509
-1.855741, 0.1330126, 8.334632, 17.31947, 257.1881
-1.847457, 0.17, 8.35, 18.40807, 254.0661
-1.847608, 0.17, 8.346844, 18.30555, 254.1149
-1.860171, 0.17, 8.353827, 17.52905, 254.0071
-1.862589, 0.17, 8.357591, 17.44957, 253.9491
-1.847606, 0.17, 8.345337, 18.26229, 254.1382
-1.860507, 0.1660094, 8.35, 17.39247, 254.3767
-1.850067, 0.1734034, 8.359006, 18.46374, 253.6627
-1.849325, 0.1677351, 8.366696, 18.74179, 253.9847
-1.863665, 0.1761146, 8.360936, 17.46238, 253.4223
-1.857171, 0.1702808, 8.340128, 17.36702, 254.1969
-1.853359, 0.1735161, 8.35, 17.94877, 253.7925
-1.847759, 0.175862, 8.353302, 18.4794, 253.5592
-1.85788, 0.1837233, 8.345305, 17.46141, 253.0701
-1.861362, 0.1638405, 8.364147, 17.73379, 254.3265
-1.858925, 0.1543837, 8.38423, 18.49895, 254.7498
-1.864598, 0.1617154, 8.35, 17.07414, 254.7109
-1.863835, 0.1730474, 8.341228, 16.87962, 253.9644
-1.865639, 0.1640255, 8.350396, 17.00456, 254.525
-1.854753, 0.1480669, 8.379204, 18.67853, 255.3173
-1.848449, 0.1673172, 8.36094, 18.64489, 254.1059
-1.855859, 0.1307143, 8.35, 17.75423, 257.1234
-1.851355, 0.1644525, 8.350656, 18.12358, 254.4877
-1.858525, 0.1896371, 8.35508, 17.69321, 252.4606
-1.862297, 0.2061222, 8.379803, 18.11086, 250.8074
-1.861974, 0.1805238, 8.34209, 17.04954, 253.3686
-1.867584, 0.17, 8.35, 16.84178, 254.0661
-1.864071, 0.17, 8.353292, 17.21021, 254.0154
-1.856287, 0.17, 8.356108, 17.8968, 253.9719
-1.866939, 0.17, 8.354839, 17.0319, 253.9915
-1.857526, 0.17, 8.312446, 16.53595, 254.649
-1.842053, 0.1747637, 8.35, 18.82861, 253.6954
-1.857361, 0.1702318, 8.356383, 17.82127, 253.9496
-1.875185, 0.1767177, 8.33283, 15.75082, 253.808
-1.870894, 0.1615475, 8.341056, 16.32464, 254.863
-1.871524, 0.1745854, 8.335133, 16.10332, 253.9387
-1.873183, 0.1873417, 8.35, 16.40602, 252.7166
-1.865757, 0.1579823, 8.34306, 16.78297, 255.1095
-1.855602, 0.1829601, 8.352735, 17.85295, 253.0157
-1.852481, 0.1751407, 8.363878, 18.41592, 253.4529
-1.863406, 0.1899818, 8.356482, 17.35402, 252.4125
-1.839794, 0.1645792, 8.35, 19.00439, 254.488
-1.861909, 0.1711281, 8.349119, 17.25789, 253.992
-1.843869, 0.1939282, 8.330389, 18.12292, 252.5029
-1.843609, 0.1723304, 8.355392, 18.86212, 253.8017
-1.837834, 0.1952032, 8.338989, 18.84109, 252.2723
-1.843763, 0.1539844, 8.35, 18.69548, 255.3125
-1.848813, 0.1455045, 8.355506, 18.46075, 255.8861
-1.860325, 0.1902784, 8.342782, 17.19802, 252.5982
-1.873086, 0.2007317, 8.349948, 16.41201, 251.6754
-1.835869, 0.207561, 8.315796, 18.32644, 251.6607
-1.858076, 0.17, 8.35, 17.58164, 254.0661
-1.852717, 0.17, 8.342954, 17.79565, 254.1751
-1.871343, 0.17, 8.345808, 16.42761, 254.1309
-1.877337, 0.17, 8.369345, 16.64314, 253.7682
-1.849332, 0.17, 8.321814, 17.44849, 254.503
-1.858092, 0.1765055, 8.35, 17.58046, 253.5599
-1.857998, 0.1649338, 8.358972, 17.84622, 254.3216
-1.826287, 0.176331, 8.360728, 20.36116, 253.4087
-1.835462, 0.1710672, 8.324256, 18.60224, 254.3817
-1.874927, 0.1735073, 8.316038, 15.28042, 254.3188
-1.839005, 0.1526005, 8.35, 19.06577, 255.4202
-1.854847, 0.1521192, 8.346675, 17.73705, 255.5096
-1.871509, 0.1619481, 8.361384, 16.86575, 254.5163
-1.866819, 0.1781, 8.358003, 17.13259, 253.313
-1.858748, 0.1674552, 8.373618, 18.20872, 253.9
-1.854862, 0.1493593, 8.35, 17.83178, 255.6724
-1.876003, 0.1641465, 8.346469, 16.08404, 254.5764
-1.833886, 0.1423155, 8.34752, 19.39316, 256.2596
-1.851878, 0.1594315, 8.351758, 18.11457, 254.8613
-1.839754, 0.1614119, 8.342738, 18.79915, 254.8474
-1.867147, 0.1532418, 8.35, 16.87573, 255.3703
-1.88291, 0.162858, 8.340605, 15.37534, 254.7679
-1.83791, 0.1453082, 8.351429, 19.19191, 255.9653
-1.884345, 0.1440667, 8.323017, 14.74906, 256.5096
-1.862422, 0.148477, 8.389217, 18.37071, 255.1301
-1.894218, 0.17, 8.35, 14.76909, 254.0661
-1.828982, 0.17, 8.352855, 19.92728, 254.0221
-1.824547, 0.17, 8.358327, 20.42806, 253.9377
-1.884155, 0.17, 8.320046, 14.6768, 254.5305
-1.824088, 0.17, 8.355031, 20.36993, 253.9885
-1.844408, 0.172423, 8.35, 18.64532, 253.8776
-1.884341, 0.176367, 8.349226, 15.51516, 253.5826
-1.860392, 0.1607522, 8.349284, 17.38071, 254.797
-1.820323, 0.1712823, 8.328574, 19.90797, 254.2979
-1.856009, 0.1671572, 8.315586, 16.74601, 254.8222
-1.888355, 0.1671655, 8.35, 15.22532, 254.2867
-1.817942, 0.1853895, 8.35456, 20.83454, 252.7989
-1.893116, 0.1849895, 8.35119, 14.88954, 252.8815
-1.836957, 0.1560829, 8.324399, 18.48965, 255.5495
-1.863489, 0.1725551, 8.31972, 16.28178, 254.336
-1.8319, 0.1590289, 8.35, 19.61872, 254.9199
-1.857866, 0.1666339, 8.350051, 17.59947, 254.3273
-1.836182, 0.1761851, 8.36517, 19.7189, 253.352
-1.820505, 0.1808483, 8.354641, 20.63749, 253.1508
-1.8387, 0.1432312, 8.312409, 18.00715, 256.7429
-1.87389, 0.1556383, 8.35, 16.35103, 255.1838
-1.893784, 0.1535149, 8.349951, 14.80136, 255.3498
-1.836499, 0.1747111, 8.333568, 18.78931, 253.953
-1.883867, 0.1334996, 8.360501, 15.87981, 256.7408
-1.873816, 0.2038432, 8.348139, 16.30277, 251.4606
-1.855741, 0.32, 8.35, 17.76336, 242.393
-1.855741, 0.32, 8.351603, 17.80952, 242.3707
-1.855741, 0.32, 8.35654, 17.95169, 242.302
-1.855741, 0.32, 8.366267, 18.23124, 242.1669
-1.855741, 0.32, 8.356241, 17.94311, 242.3061
-1.855741, 0.3172966, 8.35, 17.76336, 242.6034
-1.855741, 0.3198847, 8.355252, 17.91464, 242.3289
-1.855741, 0.3278053, 8.338393, 17.42826, 241.9466
-1.855741, 0.3149988, 8.334578, 17.3179, 242.9982
-1.855741, 0.3227549, 8.329601, 17.17379, 242.4629
-1.855741, 0.3116154, 8.35, 17.76336, 243.0455
-1.855741, 0.3179486, 8.340082, 17.47709, 242.6912
-1.855741, 0.3380127, 8.35977, 18.0446, 240.8571
-1.855741, 0.3297717, 8.367009, 18.25253, 241.3978
-1.855741, 0.3221512, 8.353983, 17.8781, 242.1702
-1.855741, 0.2937138, 8.35, 17.76336, 244.4386
-1.855741, 0.3056869, 8.344831, 17.61422, 243.5797
-1.855741, 0.2962006, 8.348395, 17.71707, 244.2679
-1.855741, 0.3041071, 8.368754, 18.30262, 243.3662
-1.855741, 0.3290125, 8.350417, 17.77536, 241.6859
-1.855741, 0.3442462, 8.35, 17.76336, 240.5061
-1.855741, 0.3454495, 8.357139, 17.96891, 240.315
-1.855741, 0.2923588, 8.362189, 18.11415, 244.3712
-1.855741, 0.2922493, 8.328356, 17.13771, 244.861
-1.855741, 0.3468391, 8.362954, 18.13611, 240.1277
-1.864632, 0.32, 8.35, 17.07145, 242.393
-1.853012, 0.32, 8.352786, 18.05593, 242.3542
-1.853743, 0.32, 8.35224, 17.98332, 242.3618
-1.860414, 0.32, 8.322952, 16.61604, 242.7711
-1.855076, 0.32, 8.339314, 17.50673, 242.5421
-1.845784, 0.329373, 8.35, 18.53821, 241.6636
-1.859924, 0.3107628, 8.355793, 17.6049, 243.0307
-1.853245, 0.322621, 8.343524, 17.7709, 242.2791
-1.851035, 0.3218158, 8.340639, 17.85989, 242.3821
-1.861931, 0.3179725, 8.349638, 17.27121, 242.5558
-1.858307, 0.3144911, 8.35, 17.56368, 242.8217
-1.862941, 0.3074974, 8.35153, 17.24722, 243.3445
-1.8573, 0.3256348, 8.348644, 17.60293, 241.9733
-1.852518, 0.3113421, 8.354243, 18.1363, 243.0073
-1.862121, 0.3383348, 8.354919, 17.4089, 240.8986
-1.858098, 0.3462646, 8.35, 17.57996, 240.3491
-1.855041, 0.3197184, 8.346155, 17.70703, 242.4685
-1.853995, 0.3466735, 8.342185, 17.67388, 240.4241
-1.852317, 0.3107229, 8.3498, 18.02409, 243.1178
-1.864899, 0.3068018, 8.324142, 16.30042, 243.785
-1.855284, 0.3176299, 8.35, 17.79891, 242.5774
-1.85307, 0.3556482, 8.35198, 18.02819, 239.592
-1.855663, 0.2800291, 8.343651, 17.58631, 245.5947
-1.859117, 0.3106118, 8.368203, 18.02473, 242.8689
-1.847435, 0.3032268, 8.329724, 17.82546, 243.9849
-1.85877, 0.32, 8.35, 17.52761, 242.393
-1.856687, 0.32, 8.355205, 17.83968, 242.3206
-1.837638, 0.32, 8.369059, 19.71667, 242.1282
-1.868705, 0.32, 8.373902, 17.44444, 242.0611
-1.842304, 0.32, 8.351811, 18.86098, 242.3678
-1.874266, 0.3116669, 8.35, 16.32176, 243.0415
-1.874846, 0.3286642, 8.359215, 16.54371, 241.5914
-1.851153, 0.3232598, 8.356631, 18.31106, 242.0473
-1.858579, 0.3264385, 8.332477, 17.03577, 242.1355
-1.849629, 0.3242174, 8.378146, 19.0456, 241.6754
-1.856119, 0.3282265, 8.35, 17.73395, 241.7528
-1.875596, 0.3350533, 8.350354, 16.22849, 241.2167
-1.856806, 0.3310951, 8.345491, 17.55037, 241.5919
-1.851594, 0.3117802, 8.346891, 17.99656, 243.0763
-1.87499, 0.300579, 8.386706, 17.32548, 243.3884
-1.840628, 0.3302921, 8.35, 18.93947, 241.5921
-1.856601, 0.3307828, 8.356874, 17.89445, 241.459
-1.845464, 0.3194452, 8.359962, 18.84885, 242.2975
-1.846724, 0.3262337, 8.373727, 19.14474, 241.5799
-1.844553, 0.3304508, 8.33189, 18.11285, 241.8307
-1.870525, 0.2858261, 8.35, 16.61284, 245.0524
-1.845371, 0.3178847, 8.348384, 18.52392, 242.5802
-1.864901, 0.2956066, 8.3548, 17.18923, 244.2233
-1.843631, 0.3171539, 8.372128, 19.33906, 242.3065
-1.83894, 0.3112594, 8.33851, 18.74112, 243.2345
-1.826675, 0.32, 8.35, 20.02533, 242.393
-1.849516, 0.32, 8.358746, 18.49907, 242.2713
-1.876624, 0.32, 8.341697, 15.89686, 242.5088
-1.857789, 0.32, 8.330633, 17.04391, 242.6635
-1.880931, 0.32, 8.380462, 16.68539, 241.9704
-1.856575, 0.3198705, 8.35, 17.69849, 242.4031
-1.845142, 0.3139966, 8.35356, 18.6904, 242.8104
-1.847955, 0.3169459, 8.342828, 18.16293, 242.7309
-1.835196, 0.3199098, 8.379897, 20.2145, 241.9852
-1.847707, 0.3190015, 8.312031, 17.29178, 243.0026
-1.836475, 0.3076055, 8.35, 19.26271, 243.3576
-1.879706, 0.3122802, 8.346762, 15.80425, 243.0391
-1.845533, 0.3336604, 8.364575, 18.97561, 241.1293
-1.849593, 0.3160542, 8.348897, 18.21008, 242.7155
-1.829654, 0.3373069, 8.386869, 20.84148, 240.5415
-1.880406, 0.3476103, 8.35, 15.84394, 240.2443
-1.859423, 0.3416847, 8.352008, 17.53477, 240.6779
-1.882567, 0.3213874, 8.334377, 15.22028, 242.5029
-1.852303, 0.3357345, 8.375973, 18.77619, 240.8121
-1.843112, 0.2913657, 8.387689, 19.82247, 244.0881
-1.877996, 0.3378959, 8.35, 16.0315, 241.0003
-1.837503, 0.3464228, 8.358252, 19.41872, 240.2242
-1.883789, 0.3237261, 8.345555, 15.45123, 242.1648
-1.858993, 0.3189734, 8.376071, 18.26009, 242.1107
-1.853442, 0.2810012, 8.382088, 18.86264, 244.9703
-1.886477, 0.32, 8.35, 15.37152, 242.393
-1.868982, 0.32, 8.352992, 16.81952, 242.3513
-1.872051, 0.32, 8.362191, 16.84699, 242.2235
-1.827055, 0.32, 8.342746, 19.78854, 242.4942
-1.850821, 0.32, 8.315525, 17.14979, 242.8754
-1.887379, 0.3118834, 8.35, 15.30132, 243.0246
-1.823533, 0.324095, 8.345796, 20.14994, 242.1328
-1.824628, 0.3220384, 8.357384, 20.39495, 242.1318
-1.846968, 0.3130572, 8.321801, 17.63281, 243.3295
-1.826927, 0.3130974, 8.385983, 21.02766, 242.4288
-1.857695, 0.3143821, 8.35, 17.61128, 242.8302
-1.830721, 0.3341747, 8.342536, 19.497, 241.3929
-1.886159, 0.3212786, 8.367787, 15.91318, 242.0465
-1.87165, 0.3390837, 8.355554, 16.68619, 240.8317
-1.850681, 0.3381814, 8.375813, 18.89734, 240.6245
-1.817923, 0.329838, 8.35, 20.7064, 241.6274
-1.867249, 0.3447125, 8.343375, 16.67589, 240.5605
-1.849247, 0.3136596, 8.339832, 17.97592, 243.0289
-1.894818, 0.3299878, 8.344935, 14.57429, 241.6858
-1.823496, 0.3476073, 8.329481, 19.68637, 240.5254
-1.83321, 0.3068311, 8.35, 19.51674, 243.4178
-1.842831, 0.3053436, 8.358844, 19.02148, 243.4092
-1.854879, 0.3160531, 8.368456, 18.36094, 242.443
-1.846936, 0.3376356, 8.328221, 17.82103, 241.3209
-1.889588, 0.3255455, 8.367048, 15.62548, 241.7255
-1.855741, 0.47, 8.35, 17.76336, 230.7198
-1.855741, 0.47, 8.34053, 17.49006, 230.8376
-1.855741, 0.47, 8.340924, 17.50142, 230.8327
-1.855741, 0.47, 8.359747, 18.04393, 230.599
-1.855741, 0.47, 8.339987, 17.47433, 230.8443
-1.855741, 0.4684414, 8.35, 17.76336, 230.8411
-1.855741, 0.4755992, 8.359168, 18.02729, 230.171
-1.855741, 0.472134, 8.351215, 17.79837, 230.5387
-1.855741, 0.4716445, 8.341835, 17.52774, 230.6932
-1.855741, 0.4653398, 8.370554, 18.35422, 230.8271
-1.855741, 0.4640022, 8.35, 17.76336, 231.1866
-1.855741, 0.4607089, 8.345577, 17.63577, 231.4983
-1.855741, 0.4762983, 8.336565, 17.37542, 230.3959
-1.855741, 0.4523957, 8.367642, 18.27071, 231.8682
-1.855741, 0.4833471, 8.381989, 18.68158, 229.29
-1.855741, 0.4961416, 8.35, 17.76336, 228.6855
-1.855741, 0.445524, 8.350156, 17.76783, 232.6226
-1.855741, 0.4963409, 8.366027, 18.22434, 228.4757
-1.855741, 0.4602041, 8.34492, 17.61683, 231.5458
-1.855741, 0.4646782, 8.337132, 17.39182, 231.2947
-1.855741, 0.4669424, 8.35, 17.76336, 230.9578
-1.855741, 0.4587474, 8.342192, 17.53804, 231.6935
-1.855741, 0.4921777, 8.368222, 18.28736, 228.7723
-1.855741, 0.4655568, 8.364346, 18.17609, 230.8872
-1.855741, 0.4928042, 8.342284, 17.54072, 229.0393
-1.859536, 0.47, 8.35, 17.46802, 230.7198
-1.850453, 0.47, 8.352946, 18.25964, 230.6833
-1.852409, 0.47, 8.356565, 18.21147, 230.6384
-1.846034, 0.47, 8.375629, 19.25257, 230.4027
-1.849717, 0.47, 8.341976, 18.00108, 230.8196
-1.861946, 0.4755711, 8.35, 17.28049, 230.2863
-1.863593, 0.4615632, 8.348454, 17.10763, 231.3958
-1.856736, 0.4611808, 8.351517, 17.72964, 231.3872
-1.850305, 0.4737732, 8.378063, 18.99081, 230.0802
-1.846452, 0.4679967, 8.372775, 19.13861, 230.5934
-1.865548, 0.4560351, 8.35, 17.00021, 231.8066
-1.858696, 0.47994, 8.349065, 17.50639, 229.9578
-1.849682, 0.4893123, 8.357828, 18.45984, 229.1214
-1.859313, 0.4697262, 8.342555, 17.27031, 230.8337
-1.857549, 0.4772491, 8.311097, 16.4949, 230.6383
-1.856835, 0.4423696, 8.35, 17.67826, 232.8701
-1.84949, 0.482027, 8.345207, 18.11189, 229.8429
-1.855598, 0.4990527, 8.341313, 17.52385, 228.5644
-1.863091, 0.4516431, 8.326237, 16.50255, 232.4488
-1.864538, 0.4632847, 8.361866, 17.42134, 231.0946
-1.848669, 0.4793445, 8.35, 18.31375, 229.9926
-1.846074, 0.4990131, 8.358912, 18.77134, 228.3541
-1.852083, 0.482119, 8.337414, 17.68511, 229.9317
-1.857574, 0.4439259, 8.354846, 17.76039, 232.6876
-1.852151, 0.4481272, 8.343008, 17.84127, 232.5104
-1.854109, 0.47, 8.35, 17.89038, 230.7198
-1.873062, 0.47, 8.356089, 16.59187, 230.6443
-1.867834, 0.47, 8.34681, 16.72993, 230.7595
-1.856594, 0.47, 8.362924, 18.06896, 230.5597
-1.865345, 0.47, 8.327458, 16.36213, 231.0005
-1.85718, 0.4608822, 8.35, 17.65137, 231.4294
-1.843635, 0.476481, 8.342719, 18.49627, 230.3055
-1.86042, 0.4716628, 8.361456, 17.7295, 230.4486
-1.846592, 0.4714772, 8.329957, 17.89799, 230.8541
-1.844472, 0.4638769, 8.363481, 19.0267, 231.0285
-1.845952, 0.4844919, 8.35, 18.52515, 229.5921
-1.868013, 0.480041, 8.357289, 17.01914, 229.8488
-1.844519, 0.4736784, 8.348092, 18.58187, 230.4572
-1.871174, 0.488095, 8.36638, 17.03602, 229.1117
-1.872542, 0.4763373, 8.356852, 16.65439, 230.1421
-1.845933, 0.493626, 8.35, 18.52668, 228.8812
-1.852207, 0.4932431, 8.357205, 18.24559, 228.8234
-1.870788, 0.4428906, 8.353174, 16.68434, 232.7893
-1.837731, 0.4696134, 8.334916, 18.73199, 230.9376
-1.86857, 0.4740988, 8.317064, 15.80728, 230.8102
-1.838756, 0.4802193, 8.35, 19.08518, 229.9246
-1.872713, 0.4837249, 8.345572, 16.3141, 229.7061
-1.847422, 0.503063, 8.346137, 18.29966, 228.1936
-1.860563, 0.4510457, 8.321024, 16.54833, 232.5616
-1.852184, 0.5012053, 8.321261, 17.20978, 228.6405
-1.860424, 0.47, 8.35, 17.39893, 230.7198
-1.878618, 0.47, 8.343722, 15.8005, 230.7979
-1.831733, 0.47, 8.364137, 20.03503, 230.5447
-1.855597, 0.47, 8.351014, 17.8038, 230.7073
-1.836709, 0.47, 8.386465, 20.28365, 230.2693
-1.843282, 0.4687623, 8.35, 18.73299, 230.8162
-1.873623, 0.4694211, 8.347958, 16.31248, 230.7903
-1.831268, 0.4759153, 8.346379, 19.56433, 230.3043
-1.860188, 0.4600116, 8.33424, 16.96139, 231.6948
-1.826023, 0.4618218, 8.324902, 19.3578, 231.671
-1.842633, 0.4770998, 8.35, 18.78347, 230.1673
-1.848048, 0.4751877, 8.340416, 18.08621, 230.4348
-1.832444, 0.4885282, 8.338273, 19.24061, 229.4216
-1.826291, 0.4843317, 8.376804, 20.81722, 229.2768
-1.839494, 0.4880231, 8.362027, 19.37186, 229.1704
-1.837519, 0.4866288, 8.35, 19.18141, 229.4258
-1.866901, 0.4854887, 8.344928, 16.74799, 229.5767
-1.850953, 0.4494358, 8.351757, 18.18652, 232.298
-1.845849, 0.4835069, 8.345923, 18.41606, 229.7188
-1.87462, 0.4765701, 8.385459, 17.31829, 229.7727
-1.839769, 0.4939898, 8.35, 19.00629, 228.8529
-1.831356, 0.4314879, 8.341825, 19.42713, 233.8217
-1.88475, 0.4969223, 8.361633, 15.84407, 228.4837
-1.865692, 0.4639192, 8.356352, 17.17255, 231.1139
-1.872739, 0.4556326, 8.321077, 15.59877, 232.2026
-1.848374, 0.47, 8.35, 18.33673, 230.7198
-1.893534, 0.47, 8.348711, 14.78467, 230.7359
-1.83203, 0.47, 8.350767, 19.63051, 230.7103
-1.867159, 0.47, 8.334787, 16.43366, 230.9091
-1.872074, 0.47, 8.363291, 16.87695, 230.5551
-1.823179, 0.4783252, 8.35, 20.29743, 230.072
-1.819527, 0.4711744, 8.353436, 20.67929, 230.5859
-1.858766, 0.4669485, 8.357919, 17.75624, 230.8589
-1.863714, 0.4703389, 8.375864, 17.88797, 230.3735
-1.817671, 0.4726654, 8.338368, 20.3947, 230.6567
-1.875289, 0.4675026, 8.35, 16.24216, 230.9142
-1.872259, 0.4591989, 8.341681, 16.23651, 231.6647
-1.828414, 0.4536325, 8.343345, 19.69982, 232.0774
-1.826273, 0.451531, 8.370986, 20.65365, 231.8934
-1.888579, 0.4842655, 8.384557, 16.21096, 229.1875
-1.854569, 0.4989252, 8.35, 17.85457, 228.4689
-1.817826, 0.4505379, 8.342875, 20.51116, 232.3243
-1.869781, 0.4576281, 8.346893, 16.58076, 231.7216
-1.8599, 0.4691413, 8.366094, 17.90332, 230.5872
-1.854654, 0.4449682, 8.311099, 16.72139, 233.1631
-1.830426, 0.4412949, 8.35, 19.73341, 232.9537
-1.82829, 0.4945787, 8.342493, 19.68507, 228.8985
-1.861722, 0.4422232, 8.367281, 17.79592, 232.6626
-1.826145, 0.4939156, 8.372607, 20.70956, 228.5843
-1.869243, 0.4568245, 8.379203, 17.55518, 231.3801
-1.868049, 1.204594, 8.35, 16.80555, 173.553
-1.868049, 1.204594, 8.357217, 17.01425, 173.517
-1.868049, 1.204594, 8.35603, 16.97994, 173.5229
-1.868049, 1.204594, 8.3485, 16.7621, 173.5605
-1.868049, 1.204594, 8.316895, 15.84306, 173.7193
-1.868049, 1.20005, 8.35, 16.80555, 173.9066
-1.868049, 1.20733, 8.35119, 16.83995, 173.3342
-1.868049, 1.201533, 8.368185, 17.33072, 173.7
-1.868049, 1.197575, 8.328465, 16.18036, 174.2088
-1.868049, 1.207174, 8.381623, 17.71723, 173.1956
-1.868049, 1.20928, 8.35, 16.80555, 173.1884
-1.868049, 1.189129, 8.353264, 16.89996, 174.7397
-1.868049, 1.205389, 8.350327, 16.815, 173.4895
-1.868049, 1.215597, 8.378317, 17.62226, 172.5588
-1.868049, 1.191854, 8.37713, 17.58815, 174.4058
-1.868049, 1.225345, 8.35, 16.80555, 171.9381
-1.868049, 1.228155, 8.341278, 16.55276, 171.761
-1.868049, 1.213263, 8.341254, 16.55206, 172.9214
-1.868049, 1.190035, 8.350124, 16.80914, 174.6854
-1.868049, 1.179091, 8.380553, 17.68652, 175.3777
-1.868049, 1.200934, 8.35, 16.80555, 173.8378
-1.868049, 1.170226, 8.348242, 16.75462, 176.237
-1.868049, 1.234779, 8.349845, 16.80103, 171.2047
-1.868049, 1.179586, 8.35577, 16.97245, 175.4689
-1.868049, 1.210198, 8.385774, 17.83633, 172.9408
-1.871229, 1.204594, 8.35, 16.5581, 173.553
-1.86921, 1.204594, 8.357215, 16.92391, 173.517
-1.865395, 1.204594, 8.335165, 16.58219, 173.6273
-1.86556, 1.204594, 8.367547, 17.5056, 173.4655
-1.863306, 1.204594, 8.354239, 17.29709, 173.5319
-1.874589, 1.198035, 8.35, 16.29659, 174.0634
-1.861036, 1.197561, 8.359229, 17.61753, 174.0536
-1.861057, 1.21459, 8.358664, 17.59961, 172.7327
-1.858589, 1.199503, 8.353642, 17.64677, 173.9308
-1.86403, 1.1983, 8.338569, 16.78738, 174.1008
-1.876065, 1.199531, 8.35, 16.18177, 173.947
-1.864763, 1.184734, 8.345442, 16.9294, 175.1223
-1.864522, 1.21178, 8.348691, 17.04216, 173.0002
-1.876548, 1.213043, 8.376031, 16.8974, 172.768
-1.872234, 1.222066, 8.371925, 17.1137, 172.0878
-1.870391, 1.211418, 8.35, 16.62332, 173.022
-1.875095, 1.187313, 8.344554, 16.09906, 174.9261
-1.872467, 1.230145, 8.363691, 16.85799, 171.4998
-1.866901, 1.219594, 8.332723, 16.39376, 172.4697
-1.861208, 1.227345, 8.385823, 18.36769, 171.6124
-1.861506, 1.171315, 8.35, 17.31477, 176.1428
-1.862321, 1.169621, 8.354086, 17.36927, 176.2528
-1.860209, 1.218384, 8.36159, 17.74976, 172.4236
-1.869557, 1.178518, 8.359054, 16.95013, 175.5347
-1.861775, 1.222167, 8.324187, 16.54568, 172.3103
-1.880236, 1.204594, 8.35, 15.85718, 173.553
-1.872357, 1.204594, 8.347095, 16.38599, 173.5676
-1.868527, 1.204594, 8.335882, 16.35881, 173.6238
-1.862821, 1.204594, 8.343634, 17.02829, 173.5849
-1.873259, 1.204594, 8.320538, 15.54238, 173.7009
-1.866936, 1.194827, 8.35, 16.89214, 174.3131
-1.861887, 1.211322, 8.351153, 17.31837, 173.0237
-1.875062, 1.200762, 8.363794, 16.65942, 173.7818
-1.868788, 1.19752, 8.324397, 16.00422, 174.2337
-1.855462, 1.205, 8.319074, 16.89015, 173.6765
-1.868075, 1.206387, 8.35, 16.8035, 173.4134
-1.87866, 1.211693, 8.345062, 15.83621, 173.0249
-1.858953, 1.222515, 8.362813, 17.8825, 172.0967
-1.884503, 1.205816, 8.378184, 16.34268, 173.3179
-1.853166, 1.209908, 8.331565, 17.43155, 173.2309
-1.874758, 1.214544, 8.35, 16.28348, 172.7787
-1.865147, 1.186318, 8.35151, 17.07506, 174.9675
-1.884716, 1.218399, 8.348712, 15.47102, 172.485
-1.886657, 1.22261, 8.37357, 16.04216, 172.0377
-1.865888, 1.196606, 8.364432, 17.39038, 174.1015
-1.850952, 1.222211, 8.35, 18.13604, 172.1821
-1.879358, 1.20857, 8.341815, 15.68732, 173.2842
-1.881133, 1.1717, 8.348442, 15.74198, 176.1211
-1.864285, 1.217894, 8.348529, 17.05592, 172.5251
-1.878789, 1.187081, 8.335646, 15.55189, 174.9903
-1.862315, 1.204594, 8.35, 17.25181, 173.553
-1.854496, 1.204594, 8.352362, 17.9283, 173.5412
-1.868371, 1.204594, 8.36117, 17.10337, 173.4973
-1.846428, 1.204594, 8.320498, 17.63722, 173.7011
-1.86688, 1.204594, 8.320401, 16.03671, 173.7016
-1.89259, 1.1973, 8.35, 14.89576, 174.1206
-1.856939, 1.197409, 8.341336, 17.42, 174.1561
-1.879106, 1.195318, 8.335102, 15.51128, 174.3509
-1.885591, 1.211701, 8.36784, 15.95881, 172.9122
-1.8435, 1.20903, 8.364824, 19.14063, 173.1345
-1.891325, 1.206756, 8.35, 14.99416, 173.3847
-1.893578, 1.200547, 8.354234, 14.94242, 173.8466
-1.88197, 1.199622, 8.336226, 15.32082, 174.0096
-1.874004, 1.188685, 8.345566, 16.21346, 174.8139
-1.881332, 1.217403, 8.350706, 15.79236, 172.5528
-1.857652, 1.203576, 8.35, 17.61466, 173.6322
-1.882463, 1.218097, 8.35044, 15.69667, 172.5001
-1.881956, 1.197104, 8.339812, 15.42659, 174.1877
-1.876534, 1.189729, 8.332102, 15.62435, 174.8022
-1.846638, 1.209786, 8.377002, 19.24486, 173.0158
-1.86158, 1.172064, 8.35, 17.309, 176.0845
-1.841636, 1.213686, 8.348954, 18.83102, 172.8506
-1.854378, 1.214446, 8.363351, 18.25338, 172.721
-1.842858, 1.228173, 8.327911, 18.13032, 171.8236
-1.870331, 1.172017, 8.315307, 15.61828, 176.2739
-1.887084, 1.204594, 8.35, 15.32425, 173.553
-1.876956, 1.204594, 8.343137, 15.9129, 173.5874
-1.867349, 1.204594, 8.344467, 16.69982, 173.5807
-1.907489, 1.204594, 8.340088, 13.44502, 173.6027
-1.847722, 1.204594, 8.330433, 17.82353, 173.6511
-1.891074, 1.214383, 8.35, 15.01376, 172.7912
-1.88639, 1.206992, 8.349136, 15.35306, 173.3707
-1.864035, 1.210051, 8.332662, 16.61558, 173.2143
-1.898875, 1.207349, 8.343984, 14.23046, 173.3686
-1.830933, 1.196659, 8.3655, 20.13594, 174.0919
-1.866063, 1.211646, 8.35, 16.96009, 173.0042
-1.889634, 1.217879, 8.348039, 15.06856, 172.5287
-1.83485, 1.200671, 8.354315, 19.5125, 173.8366
-1.871644, 1.194391, 8.353495, 16.62698, 174.3292
-1.829037, 1.208475, 8.37286, 20.49232, 173.1379
-1.865081, 1.224029, 8.35, 17.03652, 172.0406
-1.87243, 1.183491, 8.349637, 16.4541, 175.1972
-1.872253, 1.194361, 8.361376, 16.80772, 174.2914
-1.876793, 1.215685, 8.331008, 15.57223, 172.783
-1.905782, 1.217889, 8.387744, 14.97073, 172.3356
-1.868719, 1.214624, 8.35, 16.75345, 172.7724
-1.872891, 1.184641, 8.351212, 16.46384, 175.0995
-1.847122, 1.237863, 8.364507, 18.85022, 170.8964
-1.845159, 1.240664, 8.378448, 19.40087, 170.6146
-1.890323, 1.210605, 8.313803, 14.01119, 173.2649
-1.868049, 1.392094, 8.35, 16.80555, 158.9616
-1.868049, 1.392094, 8.34466, 16.65081, 158.9782
-1.868049, 1.392094, 8.346058, 16.69135, 158.9738
-1.868049, 1.392094, 8.325955, 16.10727, 159.0366
-1.868049, 1.392094, 8.375073, 17.52901, 158.8839
-1.868049, 1.387712, 8.35, 16.80555, 159.3026
-1.868049, 1.390275, 8.345041, 16.6619, 159.1187
-1.868049, 1.396312, 8.351535, 16.84995, 158.6286
-1.868049, 1.390161, 8.379444, 17.65466, 159.0203
-1.868049, 1.397599, 8.311789, 15.69384, 158.6503
-1.868049, 1.379316, 8.35, 16.80555, 159.956
-1.868049, 1.40942, 8.340894, 16.5416, 157.64
-1.868049, 1.376267, 8.332933, 16.31036, 160.2492
-1.868049, 1.409897, 8.362513, 17.16715, 157.5396
-1.868049, 1.374549, 8.378032, 17.61407, 160.2352
-1.868049, 1.40739, 8.35, 16.80555, 157.7712
-1.868049, 1.367822, 8.341278, 16.55276, 160.8797
-1.868049, 1.409034, 8.336128, 16.40325, 157.6841
-1.868049, 1.398419, 8.358807, 17.06017, 158.4426
-1.868049, 1.365185, 8.334017, 16.34188, 161.1097
-1.868049, 1.370117, 8.35, 16.80555, 160.6718
-1.868049, 1.420529, 8.351165, 16.83924, 156.7455
-1.868049, 1.355114, 8.349646, 16.79526, 161.8406
-1.868049, 1.38073, 8.323003, 16.02124, 159.9332
-1.868049, 1.389437, 8.35847, 17.05045, 159.1418
-1.858602, 1.392094, 8.35, 17.54074, 158.9616
-1.859646, 1.392094, 8.348258, 17.40915, 158.967
-1.867533, 1.392094, 8.343024, 16.64359, 158.9833
-1.858672, 1.392094, 8.337763, 17.18164, 158.9997
-1.865336, 1.392094, 8.347127, 16.93357, 158.9705
-1.859805, 1.384885, 8.35, 17.44707, 159.5226
-1.866977, 1.382215, 8.346649, 16.79199, 159.7411
-1.860499, 1.397583, 8.367535, 17.8982, 158.481
-1.87481, 1.400035, 8.33626, 15.88002, 158.3853
-1.866234, 1.382367, 8.352181, 17.00985, 159.7115
-1.859619, 1.394389, 8.35, 17.46158, 158.783
-1.870735, 1.379774, 8.351046, 16.62683, 159.9169
-1.860109, 1.375143, 8.366484, 17.8983, 160.2268
-1.863127, 1.372327, 8.358605, 17.43696, 160.4714
-1.871356, 1.389739, 8.362166, 16.90029, 159.1068
-1.876383, 1.418955, 8.35, 16.15698, 156.8712
-1.863736, 1.422061, 8.359074, 17.40319, 156.6041
-1.860552, 1.377151, 8.340373, 17.11063, 160.1559
-1.859056, 1.394564, 8.339296, 17.19609, 158.8024
-1.870057, 1.419354, 8.340681, 16.37896, 156.8666
-1.869235, 1.384987, 8.35, 16.71324, 159.5146
-1.87674, 1.378178, 8.34929, 16.10857, 160.0468
-1.872047, 1.368453, 8.345502, 16.36396, 160.8164
-1.860523, 1.407168, 8.33924, 17.08009, 157.8203
-1.858487, 1.388346, 8.376542, 18.31288, 159.17
-1.857017, 1.392094, 8.35, 17.66411, 158.9616
-1.852211, 1.392094, 8.35924, 18.30372, 158.9329
-1.862479, 1.392094, 8.354052, 17.35604, 158.949
-1.878409, 1.392094, 8.349882, 15.99592, 158.9619
-1.849083, 1.392094, 8.325412, 17.57217, 159.0383
-1.876811, 1.383482, 8.35, 16.12371, 159.6318
-1.881954, 1.382235, 8.344458, 15.56208, 159.7466
-1.882801, 1.394787, 8.340962, 15.39421, 158.7799
-1.876127, 1.391702, 8.327209, 15.5133, 159.0632
-1.861163, 1.385951, 8.317209, 16.39038, 159.544
-1.865614, 1.376018, 8.35, 16.99509, 160.2126
-1.857105, 1.403587, 8.341074, 17.3995, 158.0939
-1.873612, 1.394572, 8.339114, 16.05646, 158.8023
-1.857737, 1.405855, 8.326744, 16.93522, 157.9599
-1.860264, 1.397925, 8.357623, 17.63124, 158.4846
-1.876501, 1.421342, 8.35, 16.14781, 156.6854
-1.851282, 1.416196, 8.348946, 18.08005, 157.089
-1.850693, 1.387569, 8.344201, 17.98923, 159.332
-1.857082, 1.394325, 8.342904, 17.45416, 158.8099
-1.851392, 1.385249, 8.345313, 17.96687, 159.5092
-1.880575, 1.391212, 8.35, 15.83078, 159.0302
-1.883144, 1.375711, 8.347606, 15.56116, 160.2443
-1.859132, 1.395352, 8.338715, 17.17327, 158.7428
-1.867836, 1.359531, 8.36517, 17.26034, 161.4437
-1.872482, 1.354185, 8.344333, 16.2961, 161.9315
-1.839006, 1.392094, 8.35, 19.06569, 158.9616
-1.84195, 1.392094, 8.349718, 18.82852, 158.9625
-1.848835, 1.392094, 8.342964, 18.09827, 158.9835
-1.840614, 1.392094, 8.329628, 18.35493, 159.0251
-1.865449, 1.392094, 8.386879, 18.0694, 158.8475
-1.869665, 1.385249, 8.35, 16.67981, 159.4943
-1.853811, 1.384571, 8.357057, 18.11666, 159.5246
-1.879385, 1.383492, 8.344773, 15.77139, 159.6477
-1.888533, 1.387782, 8.336779, 14.82536, 159.3389
-1.845966, 1.383292, 8.323384, 17.75684, 159.7319
-1.861387, 1.399114, 8.35, 17.32402, 158.4153
-1.853865, 1.373741, 8.342782, 17.70128, 160.4136
-1.846107, 1.376308, 8.366864, 18.99648, 160.1351
-1.892699, 1.412035, 8.35272, 14.96664, 157.4018
-1.863455, 1.389626, 8.355181, 17.31271, 159.1374
-1.888077, 1.40775, 8.35, 15.24696, 157.7432
-1.841692, 1.405925, 8.359285, 19.12265, 157.8577
-1.848409, 1.368923, 8.349235, 18.31194, 160.7673
-1.897703, 1.414075, 8.341284, 14.24263, 157.2762
-1.862302, 1.402761, 8.336127, 16.85127, 158.1731
-1.858083, 1.406439, 8.35, 17.58113, 157.8452
-1.895696, 1.428862, 8.351543, 14.69916, 156.096
-1.86135, 1.399312, 8.368527, 17.86065, 158.3438
-1.868999, 1.38292, 8.32536, 16.01579, 159.7546
-1.867223, 1.422574, 8.37348, 17.54727, 156.5241
-1.847535, 1.392094, 8.35, 18.40199, 158.9616
-1.867608, 1.392094, 8.351194, 16.87446, 158.9579
-1.885878, 1.392094, 8.350125, 15.42176, 158.9612
-1.851422, 1.392094, 8.334072, 17.64007, 159.0112
-1.860147, 1.392094, 8.3417, 17.18064, 158.9874
-1.907647, 1.396065, 8.35, 13.72404, 158.6525
-1.907192, 1.398219, 8.354252, 13.88413, 158.472
-1.8782, 1.394639, 8.361249, 16.34189, 158.7289
-1.887537, 1.382105, 8.377614, 16.09094, 159.6506
-1.844184, 1.400409, 8.352498, 18.73441, 158.3069
-1.842635, 1.373596, 8.35, 18.7833, 160.4011
-1.892063, 1.390245, 8.352586, 15.01223, 159.0974
-1.835531, 1.385845, 8.350094, 19.33883, 159.4475
-1.865131, 1.387956, 8.324946, 16.30573, 159.3628
-1.878576, 1.384457, 8.329237, 15.38139, 159.6222
-1.870934, 1.389234, 8.35, 16.58109, 159.1841
-1.895283, 1.39178, 8.351768, 14.7378, 158.9805
-1.892534, 1.379407, 8.340565, 14.62429, 159.9795
-1.856416, 1.420909, 8.340792, 17.44501, 156.7451
-1.866108, 1.372757, 8.321999, 16.14362, 160.5592
-1.848059, 1.383342, 8.35, 18.36124, 159.6426
-1.866208, 1.359312, 8.347733, 16.88318, 161.5205
-1.874635, 1.364324, 8.346343, 16.18682, 161.1351
-1.875395, 1.375297, 8.369847, 16.80842, 160.2038
-1.886056, 1.373957, 8.364923, 15.83807, 160.324
-1.868049, 1.579594, 8.35, 16.80555, 144.3701
-1.868049, 1.579594, 8.34278, 16.59632, 144.3789
-1.868049, 1.579594, 8.358439, 17.04958, 144.3599
-1.868049, 1.579594, 8.330851, 16.24979, 144.3935
-1.868049, 1.579594, 8.33739, 16.43988, 144.3855
-1.868049, 1.583928, 8.35, 16.80555, 144.0328
-1.868049, 1.581676, 8.353596, 16.90958, 144.2038
-1.868049, 1.572421, 8.365716, 17.25956, 144.9082
-1.868049, 1.573858, 8.364161, 17.21469, 144.7985
-1.868049, 1.577008, 8.327792, 16.16079, 144.599
-1.868049, 1.574913, 8.35, 16.80555, 144.7344
-1.868049, 1.564176, 8.352125, 16.86703, 145.567
-1.868049, 1.578423, 8.357259, 17.01545, 144.4524
-1.868049, 1.587243, 8.347353, 16.72887, 143.7779
-1.868049, 1.575309, 8.383298, 17.76531, 144.6619
-1.868049, 1.560797, 8.35, 16.80555, 145.8329
-1.868049, 1.575295, 8.347658, 16.73771, 144.7076
-1.868049, 1.58745, 8.362463, 17.16574, 143.7446
-1.868049, 1.60628, 8.379904, 17.66788, 142.2652
-1.868049, 1.579296, 8.374145, 17.50229, 144.364
-1.868049, 1.58622, 8.35, 16.80555, 143.8545
-1.868049, 1.61728, 8.350785, 16.82827, 141.4368
-1.868049, 1.579893, 8.340976, 16.54399, 144.3578
-1.868049, 1.603604, 8.330096, 16.22785, 142.5211
-1.868049, 1.562804, 8.31842, 15.88758, 145.7207
-1.869893, 1.579594, 8.35, 16.66207, 144.3701
-1.86458, 1.579594, 8.34627, 16.96761, 144.3747
-1.870304, 1.579594, 8.348802, 16.59536, 144.3716
-1.876451, 1.579594, 8.336774, 15.767, 144.3862
-1.861511, 1.579594, 8.328785, 16.69991, 144.396
-1.869044, 1.583721, 8.35, 16.72814, 144.049
-1.859689, 1.580513, 8.355745, 17.62186, 144.2917
-1.870303, 1.577075, 8.338978, 16.31038, 144.5798
-1.871834, 1.579046, 8.33717, 16.13843, 144.4284
-1.8706, 1.584941, 8.321476, 15.77745, 143.9873
-1.86241, 1.589413, 8.35, 17.24443, 143.606
-1.870322, 1.580267, 8.350639, 16.64718, 144.317
-1.861356, 1.56205, 8.34736, 17.25017, 145.7391
-1.87758, 1.575495, 8.341205, 15.80812, 144.7002
-1.866671, 1.566691, 8.311648, 15.79757, 145.4261
-1.858477, 1.554068, 8.35, 17.55043, 146.3566
-1.872736, 1.56254, 8.343614, 16.25545, 145.7061
-1.859931, 1.581054, 8.341958, 17.2049, 144.2661
-1.877072, 1.591013, 8.370087, 16.68517, 143.4594
-1.865457, 1.590437, 8.326879, 16.3365, 143.5519
-1.866915, 1.574524, 8.35, 16.8938, 144.7647
-1.86046, 1.551342, 8.340872, 17.13229, 146.5825
-1.863719, 1.56563, 8.354721, 17.2789, 145.4504
-1.85886, 1.610593, 8.377329, 18.30647, 141.9332
-1.8743, 1.608772, 8.322756, 15.52586, 142.1246
-1.852643, 1.579594, 8.35, 18.00443, 144.3701
-1.8744, 1.579594, 8.35196, 16.36818, 144.3678
-1.875502, 1.579594, 8.357899, 16.45456, 144.3606
-1.854295, 1.579594, 8.340631, 17.60565, 144.3815
-1.885943, 1.579594, 8.353114, 15.50373, 144.3664
-1.872201, 1.570759, 8.35, 16.48244, 145.0577
-1.879244, 1.585203, 8.35066, 15.95354, 143.9329
-1.873084, 1.586954, 8.334105, 15.95186, 143.8155
-1.887675, 1.571982, 8.345548, 15.14837, 144.9683
-1.886986, 1.584097, 8.32129, 14.4921, 144.0534
-1.857268, 1.56553, 8.35, 17.64453, 145.4646
-1.869372, 1.589612, 8.340329, 16.42212, 143.6013
-1.870364, 1.569801, 8.339046, 16.30756, 145.1467
-1.848114, 1.576542, 8.371726, 18.97971, 144.5807
-1.882672, 1.590688, 8.364604, 16.09168, 143.4907
-1.859994, 1.580023, 8.35, 17.43243, 144.3367
-1.857981, 1.58149, 8.358243, 17.82659, 144.2128
-1.855246, 1.560452, 8.349023, 17.77373, 145.8612
-1.858116, 1.57796, 8.32499, 16.8547, 144.5282
-1.86447, 1.588152, 8.335279, 16.65762, 143.7208
-1.8836, 1.605673, 8.35, 15.59538, 142.3406
-1.886009, 1.556943, 8.35622, 15.58894, 146.1239
-1.86701, 1.586205, 8.363349, 17.272, 143.8403
-1.849863, 1.594102, 8.34303, 18.0201, 143.2485
-1.867911, 1.554852, 8.355284, 16.96909, 146.2878
-1.838734, 1.579594, 8.35, 19.0869, 144.3701
-1.886842, 1.579594, 8.349648, 15.33275, 144.3706
-1.862105, 1.579594, 8.365887, 17.7261, 144.3509
-1.852981, 1.579594, 8.339802, 17.68411, 144.3826
-1.895271, 1.579594, 8.370984, 15.29865, 144.3447
-1.884991, 1.580377, 8.35, 15.4871, 144.3092
-1.838128, 1.585306, 8.345239, 18.99756, 143.9311
-1.860785, 1.585517, 8.3317, 16.84115, 143.9304
-1.866414, 1.585883, 8.373284, 17.60443, 143.8539
-1.870736, 1.57569, 8.345669, 16.47091, 144.6794
-1.883961, 1.567276, 8.35, 15.56726, 145.3288
-1.887763, 1.564925, 8.359248, 15.54062, 145.4991
-1.856154, 1.595532, 8.36809, 18.25152, 143.1108
-1.888777, 1.583591, 8.361801, 15.53606, 144.0452
-1.84765, 1.574113, 8.331664, 17.86471, 144.82
-1.867686, 1.560437, 8.35, 16.8338, 145.861
-1.886873, 1.552483, 8.3539, 15.45419, 146.4742
-1.87635, 1.572186, 8.341581, 15.91488, 144.9575
-1.871999, 1.565752, 8.339587, 16.19587, 145.4615
-1.882976, 1.565106, 8.331568, 15.10626, 145.5228
-1.854401, 1.584511, 8.35, 17.86766, 143.9875
-1.888594, 1.554816, 8.350084, 15.20921, 146.2982
-1.884026, 1.595346, 8.353441, 15.66233, 143.1406
-1.871205, 1.565791, 8.338017, 16.21216, 145.4606
-1.861516, 1.547424, 8.380304, 18.18579, 146.8271
-1.883958, 1.579594, 8.35, 15.5675, 144.3701
-1.874378, 1.579594, 8.343727, 16.13085, 144.3778
-1.849572, 1.579594, 8.366467, 18.71607, 144.3502
-1.896781, 1.579594, 8.373857, 15.265, 144.3412
-1.840275, 1.579594, 8.35707, 19.16944, 144.3616
-1.83948, 1.586738, 8.35, 19.02882, 143.8142
-1.847167, 1.580925, 8.35564, 18.59256, 144.2598
-1.872963, 1.57029, 8.356078, 16.59924, 145.0862
-1.878168, 1.574603, 8.361615, 16.35498, 144.7439
-1.858657, 1.589366, 8.328032, 16.90076, 143.6343
-1.853495, 1.591636, 8.35, 17.93814, 143.433
-1.870634, 1.587609, 8.352157, 16.6668, 143.744
-1.888436, 1.576325, 8.353681, 15.3263, 144.6199
-1.844444, 1.591762, 8.349503, 18.62823, 143.4238
-1.890672, 1.595664, 8.355726, 15.21197, 143.1135
-1.881833, 1.603117, 8.35, 15.73287, 142.5395
-1.89307, 1.582178, 8.354275, 14.98315, 144.164
-1.873045, 1.587467, 8.34619, 16.30621, 143.7617
-1.838749, 1.601344, 8.369468, 19.6421, 142.6581
-1.870422, 1.603793, 8.340904, 16.35706, 142.4958
-1.833541, 1.583818, 8.35, 19.491, 144.0414
-1.892665, 1.547311, 8.347192, 14.80791, 146.8867
-1.886526, 1.596848, 8.361763, 15.70988, 143.0152
-1.843752, 1.617881, 8.321414, 17.87283, 141.4144
-1.898484, 1.556293, 8.373958, 15.13576, 146.1488
-1.868049, 1.767094, 8.35, 16.80555, 129.7787
-1.868049, 1.767094, 8.354253, 16.92857, 129.7816
-1.868049, 1.767094, 8.364502, 17.22454, 129.7885
-1.868049, 1.767094, 8.345689, 16.68066, 129.7758
-1.868049, 1.767094, 8.373229, 17.47596, 129.7944
-1.868049, 1.762353, 8.35, 16.80555, 130.1476
-1.868049, 1.774049, 8.351732, 16.85567, 129.2388
-1.868049, 1.766074, 8.368861, 17.35022, 129.8706
-1.868049, 1.776343, 8.33758, 16.44539, 129.0493
-1.868049, 1.768998, 8.31637, 15.82772, 129.607
-1.868049, 1.781799, 8.35, 16.80555, 128.6343
-1.868049, 1.770683, 8.348775, 16.77006, 129.4985
-1.868049, 1.775255, 8.336329, 16.40905, 129.1332
-1.868049, 1.767941, 8.33172, 16.2751, 129.7002
-1.868049, 1.75766, 8.371578, 17.42845, 130.5253
-1.868049, 1.786637, 8.35, 16.80555, 128.2578
-1.868049, 1.789505, 8.343502, 16.61725, 128.0287
-1.868049, 1.754058, 8.360927, 17.12138, 130.7991
-1.868049, 1.792475, 8.369601, 17.37152, 127.8217
-1.868049, 1.782186, 8.386051, 17.84431, 128.634
-1.868049, 1.79176, 8.35, 16.80555, 127.8592
-1.868049, 1.805141, 8.353085, 16.89478, 126.8211
-1.868049, 1.766704, 8.332461, 16.29664, 129.7972
-1.868049, 1.759601, 8.365853, 17.26351, 130.3713
-1.868049, 1.739274, 8.322258, 15.99953, 131.9326
-1.875256, 1.767094, 8.35, 16.2447, 129.7787
-1.872565, 1.767094, 8.345594, 16.32628, 129.7757
-1.874665, 1.767094, 8.330194, 15.71455, 129.7653
-1.871544, 1.767094, 8.340699, 16.26364, 129.7724
-1.860632, 1.767094, 8.357963, 17.6124, 129.7841
-1.877712, 1.762661, 8.35, 16.05354, 130.1236
-1.86859, 1.771743, 8.347295, 16.68511, 129.4149
-1.862294, 1.773468, 8.332666, 16.75149, 129.2698
-1.871692, 1.770916, 8.364142, 16.93121, 129.4914
-1.875341, 1.765272, 8.328659, 15.61699, 129.9064
-1.864184, 1.772738, 8.35, 17.10636, 129.3394
-1.874004, 1.75757, 8.355597, 16.50438, 130.5231
-1.868983, 1.747716, 8.363379, 17.11966, 131.2931
-1.874259, 1.760834, 8.331307, 15.7787, 130.2543
-1.875986, 1.78125, 8.343254, 15.99189, 128.6715
-1.86418, 1.759539, 8.35, 17.10666, 130.3666
-1.869199, 1.753523, 8.346095, 16.60295, 130.8327
-1.869261, 1.757059, 8.361007, 17.02955, 130.5659
-1.864152, 1.741349, 8.334862, 16.67029, 131.7758
-1.858122, 1.756866, 8.329748, 16.99227, 130.563
-1.876701, 1.783587, 8.35, 16.13225, 128.4952
-1.861332, 1.728174, 8.353466, 17.42832, 132.8085
-1.871959, 1.728145, 8.350087, 16.5038, 132.8098
-1.867952, 1.78399, 8.363265, 17.19639, 128.4751
-1.867567, 1.747609, 8.366099, 17.30804, 131.3027
-1.865321, 1.767094, 8.35, 17.01789, 129.7787
-1.86584, 1.767094, 8.352793, 17.05824, 129.7806
-1.854481, 1.767094, 8.365834, 18.31671, 129.7894
-1.861683, 1.767094, 8.323849, 16.54305, 129.7609
-1.854883, 1.767094, 8.354477, 17.95911, 129.7818
-1.8619, 1.767648, 8.35, 17.28407, 129.7356
-1.868541, 1.76977, 8.351973, 16.82438, 129.5718
-1.873322, 1.759581, 8.334323, 15.93962, 130.3539
-1.870804, 1.772694, 8.343816, 16.41179, 129.3384
-1.859784, 1.75875, 8.321366, 16.61917, 130.411
-1.881362, 1.752552, 8.35, 15.76952, 130.9104
-1.869517, 1.766956, 8.352743, 16.77074, 129.7913
-1.867169, 1.749209, 8.356938, 17.0746, 131.174
-1.864573, 1.779589, 8.33484, 16.63683, 128.7941
-1.879998, 1.759956, 8.327966, 15.23333, 130.3208
-1.861626, 1.766926, 8.35, 17.30538, 129.7918
-1.882911, 1.763275, 8.340614, 15.37551, 130.0699
-1.865231, 1.756127, 8.337905, 16.67451, 130.6253
-1.871544, 1.781914, 8.363134, 16.91358, 128.6362
-1.86874, 1.750098, 8.371113, 17.36145, 131.112
-1.872377, 1.786079, 8.35, 16.46873, 128.3013
-1.855187, 1.78842, 8.353167, 17.8977, 128.1219
-1.867237, 1.751591, 8.341792, 16.63095, 130.9809
-1.875285, 1.743055, 8.370084, 16.82382, 131.6581
-1.866209, 1.780295, 8.355167, 17.09814, 128.7556
-1.847978, 1.767094, 8.35, 18.36752, 129.7787
-1.845503, 1.767094, 8.347062, 18.47564, 129.7767
-1.891724, 1.767094, 8.356497, 15.15262, 129.7831
-1.839341, 1.767094, 8.362822, 19.40648, 129.7874
-1.879562, 1.767094, 8.332685, 15.40521, 129.767
-1.877213, 1.760652, 8.35, 16.09241, 130.28
-1.85033, 1.767671, 8.348835, 18.15093, 129.733
-1.886065, 1.774959, 8.367515, 15.91259, 129.1798
-1.856311, 1.766439, 8.345584, 17.59164, 129.8267
-1.86124, 1.770344, 8.328815, 16.72189, 129.5107
-1.855155, 1.7803, 8.35, 17.80899, 128.7509
-1.872874, 1.762296, 8.352771, 16.51033, 130.1538
-1.86981, 1.779512, 8.353722, 16.77624, 128.8153
-1.850681, 1.763475, 8.343347, 17.96555, 130.0561
-1.852007, 1.779837, 8.323358, 17.28431, 128.7655
-1.851664, 1.763503, 8.35, 18.08066, 130.0581
-1.838192, 1.787292, 8.344207, 18.96299, 128.2018
-1.879697, 1.793672, 8.362428, 16.25977, 127.7221
-1.886096, 1.766446, 8.338385, 15.06223, 129.8213
-1.880928, 1.760104, 8.389507, 16.94625, 130.3465
-1.876745, 1.779214, 8.35, 16.12887, 128.8355
-1.842705, 1.786633, 8.347026, 18.69245, 128.2555
-1.841286, 1.784475, 8.336479, 18.49985, 128.4145
-1.885271, 1.751452, 8.356197, 15.6456, 130.9991
-1.869136, 1.790693, 8.341589, 16.47709, 127.9345
-1.893545, 1.767094, 8.35, 14.82141, 129.7787
-1.852087, 1.767094, 8.354388, 18.17399, 129.7817
-1.875844, 1.767094, 8.366942, 16.68959, 129.7902
-1.878188, 1.767094, 8.339988, 15.72527, 129.7719
-1.838337, 1.767094, 8.316313, 18.14841, 129.7558
-1.858572, 1.764873, 8.35, 17.54303, 129.9515
-1.877631, 1.761742, 8.358758, 16.31394, 130.2006
-1.900633, 1.771155, 8.35163, 14.3175, 129.4638
-1.899381, 1.776249, 8.374235, 15.0743, 129.0848
-1.882366, 1.772896, 8.352423, 15.76188, 129.3289
-1.865184, 1.77176, 8.35, 17.02855, 129.4156
-1.849651, 1.749556, 8.350623, 18.25526, 131.1438
-1.846607, 1.782157, 8.358013, 18.70417, 128.6131
-1.900497, 1.783931, 8.330894, 13.71971, 128.4522
-1.904875, 1.760225, 8.385013, 14.96168, 130.3344
-1.902416, 1.782097, 8.35, 14.13108, 128.6111
-1.900532, 1.748901, 8.356693, 14.47349, 131.1978
-1.887998, 1.771678, 8.340106, 14.96432, 129.4147
-1.899541, 1.773115, 8.36566, 14.81216, 129.3216
-1.896834, 1.751815, 8.340943, 14.30038, 130.9629
-1.907941, 1.79588, 8.35, 13.7011, 127.5385
-1.866937, 1.73558, 8.348903, 16.86029, 132.2308
-1.900082, 1.800116, 8.343627, 14.12606, 127.2025
-1.888372, 1.761693, 8.374698, 15.94171, 130.2143
-1.881996, 1.753201, 8.326615, 15.03787, 130.8472
-1.53628, 2.389187, 8.35, 42.62415, 81.36679
-1.53628, 2.389187, 8.357855, 42.82502, 81.42136
-1.53628, 2.389187, 8.334373, 42.22329, 81.25784
-1.53628, 2.389187, 8.359748, 42.87336, 81.43451
-1.53628, 2.389187, 8.374639, 43.25287, 81.53763
-1.53628, 2.393834, 8.35, 42.62415, 81.00516
-1.53628, 2.385037, 8.357904, 42.82629, 81.74437
-1.53628, 2.381284, 8.369266, 43.11612, 82.114
-1.53628, 2.388402, 8.32093, 41.87711, 81.22514
-1.53628, 2.394658, 8.354149, 42.73029, 80.97006
-1.53628, 2.402069, 8.35, 42.62415, 80.3643
-1.53628, 2.384384, 8.353621, 42.71679, 81.76555
-1.53628, 2.377863, 8.330239, 42.11696, 82.11244
-1.53628, 2.40311, 8.334066, 42.21539, 80.16998
-1.53628, 2.397784, 8.360641, 42.89615, 80.77255
-1.53628, 2.408292, 8.35, 42.62415, 79.88002
-1.53628, 2.364615, 8.359732, 42.87296, 83.34419
-1.53628, 2.386872, 8.365973, 43.0322, 81.65741
-1.53628, 2.395042, 8.335316, 42.24751, 80.80795
-1.53628, 2.386168, 8.333718, 42.20644, 81.48874
-1.53628, 2.375754, 8.35, 42.62415, 82.41214
-1.53628, 2.401527, 8.359052, 42.85559, 80.47046
-1.53628, 2.394606, 8.351002, 42.64978, 80.95206
-1.53628, 2.38834, 8.328942, 42.08357, 81.28598
-1.53628, 2.380715, 8.364779, 43.00173, 82.12741
-1.527607, 2.389187, 8.35, 43.29906, 81.36679
-1.537998, 2.389187, 8.346741, 42.40688, 81.34409
-1.54528, 2.389187, 8.342043, 41.71908, 81.31136
-1.529369, 2.389187, 8.340564, 42.92076, 81.30106
-1.54153, 2.389187, 8.351967, 42.26604, 81.38045
-1.529447, 2.390043, 8.35, 43.15593, 81.30019
-1.533536, 2.380403, 8.343913, 42.6819, 82.00851
-1.538077, 2.396722, 8.332533, 42.03582, 80.6573
-1.542228, 2.390776, 8.363124, 42.49744, 81.33449
-1.53327, 2.388364, 8.366027, 43.26729, 81.54195
-1.539032, 2.380352, 8.35, 42.41002, 82.05429
-1.531355, 2.403833, 8.349934, 43.00574, 80.22652
-1.527836, 2.38141, 8.335171, 42.90214, 81.8698
-1.536836, 2.407497, 8.378834, 43.31646, 80.14697
-1.529305, 2.401355, 8.355884, 43.31705, 80.46146
-1.537468, 2.361141, 8.35, 42.53174, 83.54936
-1.528248, 2.402862, 8.341127, 43.02249, 80.23955
-1.543693, 2.41871, 8.346139, 41.94809, 79.04128
-1.538781, 2.394066, 8.346973, 42.35195, 80.9659
-1.530978, 2.382733, 8.320271, 42.27435, 81.66338
-1.543631, 2.415935, 8.35, 42.05209, 79.28522
-1.533636, 2.394228, 8.356565, 42.99764, 81.02049
-1.533658, 2.372852, 8.36774, 43.2808, 82.75818
-1.540129, 2.366401, 8.359325, 42.56342, 83.20267
-1.527683, 2.381699, 8.365963, 43.69962, 82.0591
-1.533734, 2.389187, 8.35, 42.82229, 81.36679
-1.524976, 2.389187, 8.358646, 43.72397, 81.42686
-1.535655, 2.389187, 8.355583, 42.81557, 81.40558
-1.521532, 2.389187, 8.335531, 43.40289, 81.26595
-1.549523, 2.389187, 8.386184, 42.52035, 81.61731
-1.552755, 2.382064, 8.35, 41.34204, 81.92107
-1.539313, 2.387764, 8.359583, 42.63342, 81.54396
-1.555647, 2.385097, 8.35499, 41.24559, 81.71956
-1.538267, 2.397432, 8.356314, 42.63113, 80.76953
-1.548134, 2.388189, 8.350535, 41.71539, 81.44818
-1.545829, 2.392341, 8.35, 41.88103, 81.12131
-1.530467, 2.384054, 8.345242, 42.9549, 81.73335
-1.521625, 2.381937, 8.366856, 44.19268, 82.04675
-1.524924, 2.389031, 8.322851, 42.81352, 81.18944
-1.552916, 2.389922, 8.334149, 40.92022, 81.19896
-1.523973, 2.366085, 8.35, 43.58188, 83.16458
-1.527211, 2.3628, 8.348058, 43.28033, 83.40726
-1.543539, 2.388537, 8.338116, 41.75364, 81.33466
-1.552583, 2.398578, 8.321093, 40.60786, 80.43137
-1.549866, 2.388178, 8.317008, 40.71409, 81.21512
-1.539035, 2.358717, 8.35, 42.40976, 83.73798
-1.529746, 2.369973, 8.34844, 43.09278, 82.8515
-1.55171, 2.381702, 8.342301, 41.2249, 81.89621
-1.521681, 2.378834, 8.368221, 44.22295, 82.29701
-1.53604, 2.403224, 8.385515, 43.54776, 80.5253
-1.55138, 2.389187, 8.35, 41.44903, 81.36679
-1.535511, 2.389187, 8.357487, 42.87543, 81.41879
-1.522007, 2.389187, 8.345123, 43.61061, 81.33282
-1.551026, 2.389187, 8.371124, 42.01901, 81.51332
-1.515916, 2.389187, 8.362861, 44.53497, 81.45609
-1.548938, 2.398333, 8.35, 41.63911, 80.65501
-1.520109, 2.391934, 8.351179, 43.91255, 81.16127
-1.513708, 2.397546, 8.363075, 44.71192, 80.8082
-1.564612, 2.387534, 8.376889, 41.11292, 81.68135
-1.5159, 2.397811, 8.310266, 43.1959, 80.41435
-1.555516, 2.405502, 8.35, 41.1272, 80.09711
-1.510642, 2.37973, 8.351168, 44.64893, 82.11078
-1.530091, 2.369218, 8.348646, 43.07118, 82.91164
-1.530717, 2.3809, 8.327445, 42.47923, 81.85625
-1.547936, 2.383416, 8.334339, 41.31346, 81.70761
-1.511328, 2.365589, 8.35, 44.56591, 83.2032
-1.520938, 2.370953, 8.340638, 43.57956, 82.72229
-1.555463, 2.385828, 8.360463, 41.40085, 81.70055
-1.508896, 2.364708, 8.322711, 44.06164, 83.08803
-1.520385, 2.411809, 8.313893, 42.93823, 79.3457
-1.516371, 2.366152, 8.35, 44.17347, 83.15938
-1.522992, 2.37261, 8.342855, 43.47614, 82.60828
-1.522461, 2.358028, 8.349597, 43.68924, 83.78894
-1.512921, 2.394815, 8.320749, 43.69722, 80.7229
-1.54891, 2.407945, 8.355761, 41.78939, 79.94812
-1.504214, 2.389187, 8.35, 45.11956, 81.36679
-1.564987, 2.389187, 8.348939, 40.36263, 81.35938
-1.555, 2.389187, 8.333176, 40.73246, 81.24948
-1.544314, 2.389187, 8.337049, 41.66575, 81.27654
-1.517154, 2.389187, 8.385104, 45.00042, 81.60986
-1.550491, 2.390488, 8.35, 41.51825, 81.26553
-1.504279, 2.395828, 8.358451, 45.32782, 80.90929
-1.51751, 2.392714, 8.351131, 44.11361, 81.10022
-1.538275, 2.393124, 8.350912, 42.49227, 81.06677
-1.572409, 2.39654, 8.360082, 40.07399, 80.86536
-1.50725, 2.389975, 8.35, 44.88333, 81.30544
-1.568055, 2.382239, 8.3545, 40.26797, 81.93848
-1.547272, 2.371173, 8.341999, 41.56284, 82.7144
-1.539972, 2.377151, 8.337589, 42.0181, 82.21849
-1.525538, 2.403905, 8.355111, 43.59029, 80.25768
-1.543188, 2.381605, 8.35, 42.08661, 81.9568
-1.505051, 2.417049, 8.341465, 44.83838, 79.13667
-1.575183, 2.376535, 8.354357, 39.70982, 82.38107
-1.502858, 2.359951, 8.321941, 44.51363, 83.45432
-1.54763, 2.413278, 8.352127, 41.79558, 79.50729
-1.533756, 2.409055, 8.35, 42.82056, 79.82062
-1.529074, 2.426654, 8.340509, 42.94237, 78.38139
-1.568398, 2.356521, 8.342785, 39.93742, 83.86102
-1.535307, 2.37948, 8.343599, 42.53592, 82.07823
-1.521652, 2.394522, 8.311604, 42.78033, 80.68112
-1.912672, 2.389187, 8.35, 13.33294, 81.36679
-1.912672, 2.389187, 8.353496, 13.43565, 81.39108
-1.912672, 2.389187, 8.343816, 13.15096, 81.32372
-1.912672, 2.389187, 8.368823, 13.88496, 81.49739
-1.912672, 2.389187, 8.346997, 13.24461, 81.34589
-1.912672, 2.396312, 8.35, 13.33294, 80.8123
-1.912672, 2.393122, 8.35714, 13.54262, 81.11049
-1.912672, 2.393362, 8.352569, 13.4084, 81.05988
-1.912672, 2.393832, 8.345318, 13.19518, 80.9725
-1.912672, 2.390444, 8.368039, 13.86201, 81.39439
-1.912672, 2.407555, 8.35, 13.33294, 79.93738
-1.912672, 2.377587, 8.357204, 13.54453, 82.3187
-1.912672, 2.40853, 8.348121, 13.27765, 79.84804
-1.912672, 2.390367, 8.353961, 13.44931, 81.30255
-1.912672, 2.378848, 8.389924, 14.50061, 82.44353
-1.912672, 2.374642, 8.35, 13.33294, 82.49869
-1.912672, 2.414859, 8.351981, 13.39113, 79.38327
-1.912672, 2.404231, 8.356879, 13.53498, 80.24489
-1.912672, 2.36994, 8.349818, 13.32757, 82.86336
-1.912672, 2.396335, 8.3561, 13.51213, 80.85339
-1.912672, 2.386451, 8.35, 13.33294, 81.57973
-1.912672, 2.374636, 8.355449, 13.49298, 82.53622
-1.912672, 2.400518, 8.341378, 13.07917, 80.42397
-1.912672, 2.362379, 8.359465, 13.61082, 83.5162
-1.912672, 2.392771, 8.331501, 12.78776, 80.95818
-1.911389, 2.389187, 8.35, 13.43277, 81.36679
-1.903202, 2.389187, 8.351425, 14.11165, 81.37668
-1.907971, 2.389187, 8.337581, 13.33364, 81.28023
-1.905458, 2.389187, 8.37283, 14.56188, 81.52512
-1.906602, 2.389187, 8.31572, 12.79507, 81.12726
-1.920098, 2.390444, 8.35, 12.75503, 81.26895
-1.921419, 2.391009, 8.359115, 12.92069, 81.28853
-1.910452, 2.379732, 8.361819, 13.8524, 82.18355
-1.903877, 2.386286, 8.378304, 14.84395, 81.78793
-1.903511, 2.381504, 8.320101, 13.1662, 81.75821
-1.92246, 2.395055, 8.35, 12.57128, 80.91014
-1.915144, 2.392332, 8.343059, 12.93617, 81.07347
-1.913985, 2.404689, 8.365325, 13.68058, 80.26917
-1.909469, 2.373029, 8.349874, 13.5785, 82.6234
-1.909425, 2.386739, 8.358271, 13.82818, 81.6145
-1.922617, 2.393424, 8.35, 12.559, 81.03708
-1.914983, 2.387979, 8.343601, 12.96471, 81.41634
-1.908688, 2.384548, 8.340853, 13.37407, 81.66447
-1.907369, 2.409683, 8.343122, 13.5436, 79.72244
-1.919354, 2.365444, 8.335389, 12.38159, 83.11618
-1.905918, 2.351591, 8.35, 13.85855, 84.29256
-1.914401, 2.419958, 8.343341, 13.00233, 78.92369
-1.91833, 2.365062, 8.355005, 13.03996, 83.27782
-1.915908, 2.384617, 8.370537, 13.68399, 81.86397
-1.910196, 2.404097, 8.347809, 13.46121, 80.19087
-1.900577, 2.389187, 8.35, 14.27417, 81.36679
-1.901418, 2.389187, 8.357656, 14.43273, 81.41997
-1.917847, 2.389187, 8.359845, 13.21983, 81.43518
-1.893128, 2.389187, 8.34587, 14.73322, 81.33803
-1.927859, 2.389187, 8.355617, 12.31689, 81.40581
-1.916725, 2.395035, 8.35, 13.01757, 80.9117
-1.92974, 2.399163, 8.34617, 11.89141, 80.56343
-1.90276, 2.387492, 8.347026, 14.01714, 81.47798
-1.919649, 2.384846, 8.333686, 12.30824, 81.59154
-1.923002, 2.381768, 8.35465, 12.66618, 81.9761
-1.930258, 2.382398, 8.35, 11.96438, 81.89513
-1.907187, 2.39856, 8.352785, 13.84146, 80.65695
-1.929441, 2.406253, 8.349258, 12.00604, 80.0334
-1.895912, 2.385583, 8.37319, 15.31302, 81.80722
-1.904467, 2.378565, 8.364014, 14.38156, 82.28918
-1.904605, 2.371703, 8.35, 13.96073, 82.7274
-1.924137, 2.37026, 8.353274, 12.53735, 82.8618
-1.896535, 2.374979, 8.347421, 14.51328, 82.45485
-1.900992, 2.38304, 8.374213, 14.94869, 82.01157
-1.923202, 2.407303, 8.369129, 13.07653, 80.09319
-1.900762, 2.385712, 8.35, 14.25977, 81.63721
-1.91988, 2.377731, 8.351137, 12.80551, 82.26605
-1.919113, 2.413732, 8.341873, 12.59199, 79.39803
-1.899547, 2.361431, 8.37026, 14.94573, 83.66168
-1.919842, 2.364658, 8.375944, 13.537, 83.4491
-1.892395, 2.389187, 8.35, 14.91089, 81.36679
-1.926318, 2.389187, 8.340685, 11.99554, 81.3019
-1.908298, 2.389187, 8.363864, 14.07959, 81.46306
-1.893371, 2.389187, 8.335967, 14.42436, 81.26897
-1.884318, 2.389187, 8.315609, 14.5338, 81.12646
-1.911775, 2.382857, 8.35, 13.40278, 81.85941
-1.89922, 2.395235, 8.351986, 14.43791, 80.91002
-1.895331, 2.39569, 8.339435, 14.37322, 80.78639
-1.91006, 2.389038, 8.367554, 14.05058, 81.50018
-1.912969, 2.39042, 8.343638, 13.12264, 81.22643
-1.911847, 2.370708, 8.35, 13.39715, 82.80486
-1.910308, 2.393413, 8.351047, 13.54764, 81.04526
-1.913539, 2.392898, 8.358907, 13.52712, 81.1402
-1.898748, 2.382277, 8.362653, 14.7861, 81.99155
-1.936866, 2.389331, 8.321003, 10.58733, 81.15306
-1.893413, 2.417636, 8.35, 14.8317, 79.15288
-1.91679, 2.401232, 8.348281, 12.96188, 80.41725
-1.905588, 2.409333, 8.353008, 13.97242, 79.8205
-1.933727, 2.376254, 8.3257, 10.97258, 82.20682
-1.925932, 2.387869, 8.362414, 12.66709, 81.55542
-1.910421, 2.360147, 8.35, 13.50811, 83.62672
-1.895886, 2.393872, 8.359462, 14.91547, 81.06839
-1.902505, 2.389279, 8.356435, 14.31252, 81.40436
-1.898971, 2.397025, 8.352479, 14.47167, 80.77425
-1.911217, 2.42493, 8.32502, 12.70972, 78.40186
-1.910086, 2.389187, 8.35, 13.53418, 81.36679
-1.948877, 2.389187, 8.343216, 10.31332, 81.31953
-1.938561, 2.389187, 8.340288, 11.02976, 81.29913
-1.901867, 2.389187, 8.328773, 13.55035, 81.2187
-1.874117, 2.389187, 8.323603, 15.56494, 81.18251
-1.91883, 2.382622, 8.35, 12.85376, 81.87772
-1.873899, 2.392535, 8.356228, 16.53083, 81.14972
-1.928108, 2.385289, 8.350883, 12.15786, 81.67619
-1.91157, 2.395095, 8.373189, 14.09811, 81.06918
-1.95165, 2.392533, 8.318396, 9.354172, 80.88455
-1.877621, 2.40728, 8.35, 16.06067, 79.95872
-1.933271, 2.399636, 8.344447, 11.56534, 80.51436
-1.925776, 2.399717, 8.3588, 12.57277, 80.60939
-1.883932, 2.370498, 8.338605, 15.23735, 82.7439
-1.89499, 2.38807, 8.319185, 13.80492, 81.23883
-1.907712, 2.370759, 8.35, 13.71895, 82.8009
-1.892306, 2.412313, 8.343669, 14.73285, 79.52156
-1.940483, 2.379244, 8.34234, 10.94108, 82.08797
-1.950403, 2.369141, 8.356216, 10.58162, 82.96872
-1.94705, 2.390188, 8.351226, 10.69407, 81.29742
-1.941544, 2.395703, 8.35, 11.08612, 80.85968
-1.949856, 2.382697, 8.347518, 10.3653, 81.85474
-1.951183, 2.386808, 8.333295, 9.83727, 81.43585
-1.919799, 2.412221, 8.354806, 12.91989, 79.60878
-1.898075, 2.421633, 8.35357, 14.57326, 78.86783
-1.912672, 2.599187, 8.35, 13.33294, 65.02434
-1.912672, 2.599187, 8.350361, 13.34354, 65.02762
-1.912672, 2.599187, 8.366943, 13.82994, 65.17778
-1.912672, 2.599187, 8.379593, 14.19959, 65.29192
-1.912672, 2.599187, 8.330822, 12.76772, 64.84985
-1.912672, 2.596335, 8.35, 13.33294, 65.24634
-1.912672, 2.60782, 8.34903, 13.3044, 64.34363
-1.912672, 2.60063, 8.354908, 13.47712, 64.95665
-1.912672, 2.597464, 8.322916, 12.53386, 64.91226
-1.912672, 2.595089, 8.327127, 12.6585, 65.13599
-1.912672, 2.618996, 8.35, 13.33294, 63.4828
-1.912672, 2.589644, 8.342384, 13.10879, 65.69858
-1.912672, 2.583359, 8.364767, 13.76624, 66.38751
-1.912672, 2.611382, 8.349159, 13.30819, 64.06758
-1.912672, 2.602532, 8.33303, 12.83292, 64.60907
-1.912672, 2.583692, 8.35, 13.33294, 66.23018
-1.912672, 2.59813, 8.349494, 13.31805, 65.10201
-1.912672, 2.592761, 8.362482, 13.69928, 65.63675
-1.912672, 2.578039, 8.364102, 13.74676, 66.79488
-1.912672, 2.597097, 8.353146, 13.42535, 65.2155
-1.912672, 2.614542, 8.35, 13.33294, 63.82941
-1.912672, 2.623232, 8.359092, 13.59989, 63.23776
-1.912672, 2.63269, 8.346209, 13.2214, 62.38144
-1.912672, 2.610376, 8.342287, 13.10593, 64.08269
-1.912672, 2.613842, 8.314528, 12.28526, 63.55521
-1.905301, 2.599187, 8.35, 13.90653, 65.02434
-1.920729, 2.599187, 8.358763, 12.96398, 65.10378
-1.920697, 2.599187, 8.352742, 12.78923, 65.04922
-1.908252, 2.599187, 8.358386, 13.9228, 65.10037
-1.908956, 2.599187, 8.37708, 14.41446, 65.26926
-1.907659, 2.605698, 8.35, 13.72305, 64.5177
-1.912571, 2.590943, 8.356334, 13.52682, 65.72287
-1.915775, 2.599919, 8.366864, 13.58673, 65.12025
-1.912625, 2.590477, 8.349925, 13.33437, 65.70155
-1.916669, 2.606346, 8.317744, 12.06834, 64.17091
-1.909574, 2.606431, 8.35, 13.57402, 64.46068
-1.910237, 2.595487, 8.35446, 13.65333, 65.3526
-1.907284, 2.618669, 8.339781, 13.45194, 63.41335
-1.920004, 2.604305, 8.374704, 13.48818, 64.85085
-1.904195, 2.60342, 8.373035, 14.66588, 64.90442
-1.91408, 2.582603, 8.35, 13.22338, 66.31499
-1.922533, 2.60151, 8.347872, 12.50277, 64.82423
-1.917147, 2.606442, 8.358736, 13.24167, 64.53964
-1.914502, 2.582938, 8.361198, 13.51946, 66.3885
-1.91463, 2.621006, 8.358648, 13.43469, 63.40671
-1.921088, 2.607245, 8.35, 12.67804, 64.39725
-1.921166, 2.634255, 8.351727, 12.72278, 62.31157
-1.917218, 2.605425, 8.351114, 13.01196, 64.54907
-1.913391, 2.609034, 8.369685, 13.85439, 64.43823
-1.907345, 2.569089, 8.325994, 13.0408, 67.15538
-1.906227, 2.599187, 8.35, 13.83449, 65.02434
-1.916045, 2.599187, 8.35541, 13.22956, 65.07339
-1.928259, 2.599187, 8.337047, 11.73643, 64.90657
-1.919201, 2.599187, 8.350312, 12.83405, 65.02718
-1.89323, 2.599187, 8.321452, 14.00917, 64.76428
-1.898751, 2.608561, 8.35, 14.41629, 64.29491
-1.902276, 2.60372, 8.343019, 13.93724, 64.60786
-1.919581, 2.599532, 8.366111, 13.26907, 65.14349
-1.913602, 2.601369, 8.340391, 12.97767, 64.76704
-1.907837, 2.593105, 8.354548, 13.84257, 65.53867
-1.896553, 2.597741, 8.35, 14.58737, 65.13693
-1.926894, 2.583302, 8.342163, 11.99441, 66.19066
-1.917191, 2.586573, 8.344745, 12.82641, 65.95895
-1.913359, 2.601859, 8.343793, 13.09683, 64.7599
-1.916089, 2.583661, 8.381144, 13.97997, 66.50929
-1.915932, 2.583894, 8.35, 13.07925, 66.21451
-1.898642, 2.57341, 8.359902, 14.71411, 67.11755
-1.91809, 2.605531, 8.331196, 12.35613, 64.3584
-1.89667, 2.603672, 8.338314, 14.23601, 64.56863
-1.893864, 2.581666, 8.372799, 15.46058, 66.59012
-1.901008, 2.609972, 8.35, 14.24064, 64.18506
-1.908787, 2.624208, 8.359159, 13.90384, 63.16252
-1.921175, 2.631776, 8.354543, 12.80507, 62.53098
-1.927809, 2.580763, 8.353673, 12.26346, 66.49077
-1.913305, 2.563767, 8.319971, 12.39721, 67.51793
-1.884955, 2.599187, 8.35, 15.48991, 65.02434
-1.912322, 2.599187, 8.345798, 13.23659, 64.98619
-1.886992, 2.599187, 8.348248, 15.28027, 65.00844
-1.934594, 2.599187, 8.362867, 12.00746, 65.14095
-1.921168, 2.599187, 8.354117, 12.79309, 65.06169
-1.88666, 2.606963, 8.35, 15.35723, 64.4192
-1.890559, 2.604593, 8.345502, 14.92251, 64.56256
-1.904274, 2.591481, 8.336414, 13.58756, 65.5016
-1.916212, 2.597712, 8.371298, 13.6826, 65.33163
-1.936914, 2.595879, 8.328503, 10.80731, 65.08688
-1.93956, 2.583427, 8.35, 11.24049, 66.25081
-1.913107, 2.599346, 8.348893, 13.26658, 65.00197
-1.928715, 2.584649, 8.360711, 12.40069, 66.25127
-1.932483, 2.613463, 8.348876, 11.75795, 63.90306
-1.901375, 2.58932, 8.331271, 13.66229, 65.62369
-1.910109, 2.599568, 8.35, 13.53242, 64.99471
-1.893585, 2.622304, 8.356943, 15.02089, 63.28998
-1.929008, 2.613101, 8.335532, 11.63311, 63.80797
-1.935831, 2.603868, 8.331428, 10.97899, 64.49023
-1.918253, 2.589937, 8.31149, 11.7586, 65.39655
-1.890338, 2.58563, 8.35, 15.071, 66.07942
-1.912256, 2.605135, 8.351144, 13.39891, 64.57196
-1.939957, 2.587744, 8.345567, 11.07801, 65.87512
-1.921183, 2.568974, 8.370459, 13.27221, 67.55455
-1.941042, 2.63439, 8.344006, 10.94706, 62.22824
-1.942418, 2.599187, 8.35, 11.0181, 65.02434
-1.89821, 2.599187, 8.354166, 14.5802, 65.06213
-1.928333, 2.599187, 8.350223, 12.12075, 65.02637
-1.914853, 2.599187, 8.364539, 13.59013, 65.15605
-1.884784, 2.599187, 8.354208, 15.62569, 65.06252
-1.879945, 2.606962, 8.35, 15.87978, 64.4193
-1.9225, 2.60506, 8.359375, 12.84436, 64.65282
-1.945717, 2.607531, 8.346594, 10.66001, 64.34384
-1.882679, 2.592701, 8.344244, 15.49945, 65.47717
-1.931632, 2.598012, 8.372808, 12.53039, 65.32188
-1.892196, 2.587571, 8.35, 14.92646, 65.92836
-1.918556, 2.580045, 8.342559, 12.65563, 66.44783
-1.92758, 2.588882, 8.348359, 12.12427, 65.81155
-1.878446, 2.611742, 8.35998, 16.28597, 64.13908
-1.881976, 2.603911, 8.382799, 16.67184, 64.9547
-1.929808, 2.59444, 8.35, 11.99943, 65.39378
-1.909613, 2.604676, 8.341219, 13.31285, 64.51691
-1.911665, 2.606499, 8.34563, 13.28281, 64.41531
-1.92435, 2.595347, 8.333219, 11.92776, 65.17123
-1.884392, 2.58359, 8.379248, 16.38195, 66.49797
-1.927401, 2.588284, 8.35, 12.1867, 65.87289
-1.890378, 2.588281, 8.354242, 15.19153, 65.91112
-1.935435, 2.604669, 8.336527, 11.16164, 64.4745
-1.885255, 2.622131, 8.350905, 15.49288, 63.2473
-1.879966, 2.593071, 8.381293, 16.78418, 65.78123
-1.912672, 2.809187, 8.35, 13.33294, 48.68193
-1.912672, 2.809187, 8.358767, 13.59036, 48.77997
-1.912672, 2.809187, 8.354554, 13.46673, 48.73288
-1.912672, 2.809187, 8.357596, 13.55603, 48.76691
-1.912672, 2.809187, 8.329148, 12.71823, 48.44785
-1.912672, 2.818472, 8.35, 13.33294, 47.95935
-1.912672, 2.811699, 8.344923, 13.18357, 48.42946
-1.912672, 2.80478, 8.364947, 13.77149, 49.19125
-1.912672, 2.803848, 8.322915, 12.53383, 48.79463
-1.912672, 2.817777, 8.364993, 13.77285, 48.18228
-1.912672, 2.807001, 8.35, 13.33294, 48.85207
-1.912672, 2.7908, 8.352698, 13.41223, 50.14252
-1.912672, 2.822384, 8.344872, 13.18208, 47.59682
-1.912672, 2.812346, 8.356695, 13.52958, 48.51123
-1.912672, 2.800742, 8.351422, 13.37474, 49.35498
-1.912672, 2.803936, 8.35, 13.33294, 49.09062
-1.912672, 2.821725, 8.346317, 13.22461, 47.66454
-1.912672, 2.790608, 8.34831, 13.2832, 50.10916
-1.912672, 2.831293, 8.370509, 13.93428, 47.19521
-1.912672, 2.807495, 8.360893, 13.65273, 48.93521
-1.912672, 2.796852, 8.35, 13.33294, 49.64189
-1.912672, 2.834559, 8.359448, 13.61036, 46.81554
-1.912672, 2.813534, 8.348493, 13.28859, 48.32675
-1.912672, 2.771439, 8.323498, 12.55109, 51.33197
-1.912672, 2.79581, 8.368054, 13.86246, 49.92215
-1.920887, 2.809187, 8.35, 12.69367, 48.68193
-1.91788, 2.809187, 8.354496, 13.06, 48.73224
-1.919109, 2.809187, 8.358315, 13.07668, 48.77492
-1.915782, 2.809187, 8.357319, 13.30609, 48.76378
-1.913873, 2.809187, 8.354901, 13.38354, 48.73679
-1.922397, 2.802763, 8.35, 12.57618, 49.18185
-1.918075, 2.806088, 8.343085, 12.70864, 48.84586
-1.906457, 2.808667, 8.352465, 13.88886, 48.74994
-1.902929, 2.815717, 8.322886, 13.29391, 47.86739
-1.913606, 2.818535, 8.358672, 13.51497, 48.05226
-1.909019, 2.796672, 8.35, 13.61725, 49.65588
-1.917829, 2.811903, 8.341197, 12.67209, 48.37166
-1.909795, 2.798365, 8.358932, 13.81888, 49.62305
-1.915591, 2.807175, 8.328787, 12.47981, 48.60083
-1.916263, 2.823933, 8.372513, 13.71426, 47.78902
-1.909065, 2.790922, 8.35, 13.61362, 50.10335
-1.915544, 2.78358, 8.347846, 13.04601, 50.65117
-1.90809, 2.819913, 8.332093, 13.16269, 47.64438
-1.921272, 2.794701, 8.331712, 12.12317, 49.6067
-1.912067, 2.817488, 8.349574, 13.3675, 48.03116
-1.907806, 2.797009, 8.35, 13.71164, 49.62967
-1.918674, 2.805835, 8.3581, 13.10421, 49.03316
-1.911562, 2.811908, 8.332895, 12.91554, 48.27783
-1.921774, 2.802063, 8.34983, 12.61961, 49.2345
-1.91273, 2.786655, 8.370088, 13.91747, 50.65515
-1.928306, 2.809187, 8.35, 12.11629, 48.68193
-1.911721, 2.809187, 8.346212, 13.29553, 48.63951
-1.893549, 2.809187, 8.359468, 15.09735, 48.78781
-1.904682, 2.809187, 8.37923, 14.80843, 49.00793
-1.91504, 2.809187, 8.336324, 12.74554, 48.52853
-1.916389, 2.802428, 8.35, 13.04368, 49.20795
-1.898018, 2.804632, 8.340686, 14.20052, 48.93248
-1.929446, 2.815494, 8.360727, 12.34434, 48.31175
-1.893672, 2.806945, 8.361595, 15.14965, 48.98581
-1.893871, 2.811371, 8.357782, 15.02315, 48.59917
-1.910819, 2.800427, 8.35, 13.47718, 49.36366
-1.894222, 2.813264, 8.346417, 14.66404, 48.32437
-1.925191, 2.796123, 8.341673, 12.11256, 49.60634
-1.910311, 2.812731, 8.371369, 14.14269, 48.64549
-1.913528, 2.820972, 8.312675, 12.16337, 47.34045
-1.912014, 2.809424, 8.35, 13.38415, 48.66353
-1.916745, 2.789671, 8.352771, 13.09753, 50.2312
-1.921277, 2.799236, 8.354802, 12.80478, 49.50961
-1.899447, 2.790835, 8.326926, 13.68484, 49.85533
-1.929715, 2.820127, 8.36191, 12.3583, 47.96501
-1.924254, 2.814335, 8.35, 12.43166, 48.28131
-1.893579, 2.782391, 8.348155, 14.76487, 50.74709
-1.901369, 2.77074, 8.365277, 14.65902, 51.83871
-1.921561, 2.797022, 8.334505, 12.18329, 49.4567
-1.90569, 2.81018, 8.342624, 13.65973, 48.52197
-1.886609, 2.809187, 8.35, 15.36118, 48.68193
-1.91142, 2.809187, 8.356417, 13.6188, 48.75371
-1.914205, 2.809187, 8.353269, 13.30972, 48.71851
-1.907512, 2.809187, 8.322223, 12.91639, 48.36983
-1.939359, 2.809187, 8.361105, 11.58511, 48.80608
-1.9251, 2.811568, 8.35, 12.36577, 48.49661
-1.916232, 2.816781, 8.356346, 13.24257, 48.16248
-1.922481, 2.818033, 8.340405, 12.28621, 47.88512
-1.916717, 2.806255, 8.341039, 12.754, 48.80994
-1.890878, 2.807296, 8.333876, 14.5575, 48.64854
-1.889555, 2.807978, 8.35, 15.13198, 48.77605
-1.903727, 2.792528, 8.34575, 13.9044, 49.93147
-1.917088, 2.819891, 8.344418, 12.82484, 47.78583
-1.885458, 2.79003, 8.320931, 14.60092, 49.85176
-1.885798, 2.807828, 8.357298, 15.63665, 48.86923
-1.917559, 2.834024, 8.35, 12.95264, 46.74907
-1.915302, 2.822034, 8.343198, 12.92793, 47.6051
-1.886871, 2.792352, 8.365762, 15.79913, 50.16551
-1.884084, 2.798176, 8.377283, 16.34912, 49.84019
-1.890577, 2.809098, 8.324032, 14.29221, 48.39716
-1.92386, 2.77498, 8.35, 12.46233, 51.34401
-1.930181, 2.848287, 8.352852, 12.05471, 45.67224
-1.923741, 2.811382, 8.368016, 13.00195, 48.7128
-1.935926, 2.782844, 8.377631, 12.33915, 51.03293
-1.897052, 2.848233, 8.379258, 15.40082, 45.98111
-1.943972, 2.809187, 8.35, 10.89716, 48.68193
-1.941498, 2.809187, 8.352431, 11.16182, 48.70914
-1.901468, 2.809187, 8.356018, 14.38092, 48.74925
-1.94813, 2.809187, 8.321193, 9.713116, 48.3582
-1.885169, 2.809187, 8.354089, 15.59227, 48.72769
-1.940286, 2.808058, 8.35, 11.18401, 48.76981
-1.886837, 2.817786, 8.357864, 15.5724, 48.10146
-1.896121, 2.811126, 8.349506, 14.60654, 48.52554
-1.884516, 2.810754, 8.334819, 15.08117, 48.38948
-1.945176, 2.81584, 8.3726, 11.47325, 48.41803
-1.934334, 2.805938, 8.35, 11.6472, 48.93475
-1.887811, 2.807585, 8.348645, 15.22814, 48.79147
-1.906124, 2.821912, 8.350367, 13.85327, 47.69583
-1.943163, 2.816288, 8.359501, 11.24196, 48.23622
-1.874351, 2.814928, 8.363204, 16.69752, 48.3835
-1.949853, 2.792605, 8.35, 10.43952, 49.97235
-1.911533, 2.816745, 8.356539, 13.61361, 48.1674
-1.945358, 2.80352, 8.369661, 11.37227, 49.34137
-1.932172, 2.788672, 8.366797, 12.3115, 50.46259
-1.903357, 2.835569, 8.38337, 15.03156, 47.0097
-1.881861, 2.793904, 8.35, 15.73066, 49.87132
-1.897484, 2.82699, 8.345318, 14.37784, 47.24319
-1.883061, 2.805416, 8.35789, 15.86666, 49.06339
-1.93821, 2.829691, 8.335289, 10.90842, 46.91826
-1.933425, 2.823868, 8.333122, 11.21713, 47.34758
-1.912672, 3.019187, 8.35, 13.33294, 32.33952
-1.912672, 3.019187, 8.345301, 13.19468, 32.27692
-1.912672, 3.019187, 8.337956, 12.9783, 32.17891
-1.912672, 3.019187, 8.329779, 12.73687, 32.06958
-1.912672, 3.019187, 8.327326, 12.66435, 32.03671
-1.912672, 3.016271, 8.35, 13.33294, 32.56644
-1.912672, 3.019948, 8.34103, 13.06891, 32.16063
-1.912672, 3.009898, 8.365918, 13.79993, 33.27242
-1.912672, 3.016807, 8.357675, 13.55833, 32.62663
-1.912672, 3.014653, 8.332232, 12.80933, 32.45604
-1.912672, 3.018937, 8.35, 13.33294, 32.35901
-1.912672, 3.033303, 8.346412, 13.22737, 31.1927
-1.912672, 3.03306, 8.354692, 13.4708, 31.32303
-1.912672, 3.001545, 8.355486, 13.49409, 33.78445
-1.912672, 3.03235, 8.321594, 12.49472, 30.93178
-1.912672, 3.006596, 8.35, 13.33294, 33.31938
-1.912672, 3.015628, 8.355766, 13.50231, 32.69302
-1.912672, 3.010012, 8.347099, 13.24759, 33.01515
-1.912672, 3.025597, 8.372517, 13.99295, 32.14113
-1.912672, 3.016242, 8.315595, 12.3169, 32.10962
-1.912672, 3.023489, 8.35, 13.33294, 32.00476
-1.912672, 3.043978, 8.346184, 13.22067, 30.35847
-1.912672, 3.031637, 8.359574, 13.61405, 31.49921
-1.912672, 3.017046, 8.328924, 12.71161, 32.22522
-1.912672, 3.04961, 8.342704, 13.11822, 29.87253
-1.908863, 3.019187, 8.35, 13.62938, 32.33952
-1.907915, 3.019187, 8.35446, 13.8339, 32.39888
-1.911654, 3.019187, 8.342685, 13.19697, 32.24203
-1.912959, 3.019187, 8.375882, 14.06902, 32.68298
-1.910202, 3.019187, 8.3392, 13.20745, 32.19553
-1.906517, 3.017423, 8.35, 13.81197, 32.47684
-1.918154, 3.02591, 8.34867, 12.86715, 31.79854
-1.914309, 3.018013, 8.341709, 12.96141, 32.32047
-1.919556, 3.023531, 8.364825, 13.23325, 32.19914
-1.920468, 3.011244, 8.335081, 12.28562, 32.75984
-1.917144, 3.030241, 8.35, 12.98491, 31.47934
-1.913369, 3.017406, 8.34397, 13.10128, 32.39786
-1.916825, 3.002804, 8.34886, 12.97618, 33.59946
-1.915387, 3.033839, 8.350945, 13.14946, 31.21204
-1.909338, 3.019864, 8.313783, 12.5238, 31.80211
-1.912936, 3.035105, 8.35, 13.31244, 31.10083
-1.922535, 3.015893, 8.349156, 12.54049, 32.58469
-1.913744, 3.040291, 8.330183, 12.66523, 30.42845
-1.913517, 3.025493, 8.327693, 12.60926, 31.54951
-1.908671, 3.01041, 8.36552, 14.09902, 33.22746
-1.909389, 3.00761, 8.35, 13.58846, 33.24045
-1.912339, 2.990422, 8.351322, 13.39774, 34.59526
-1.906425, 3.04348, 8.363676, 14.21956, 30.63416
-1.915041, 3.051977, 8.353451, 13.25004, 29.83487
-1.916074, 3.030957, 8.34118, 12.80828, 31.30499
-1.929685, 3.019187, 8.35, 12.00897, 32.33952
-1.893753, 3.019187, 8.357819, 15.03336, 32.44351
-1.901445, 3.019187, 8.369674, 14.78132, 32.60081
-1.928155, 3.019187, 8.335973, 11.71273, 32.1524
-1.902459, 3.019187, 8.326056, 13.42408, 32.01971
-1.898475, 3.017486, 8.35, 14.43779, 32.47191
-1.895223, 3.009266, 8.349707, 14.6823, 33.10771
-1.926381, 3.015831, 8.332707, 11.75416, 32.37054
-1.896808, 3.023331, 8.372075, 15.21107, 32.31108
-1.919607, 3.015943, 8.35683, 12.99434, 32.6826
-1.926546, 3.038265, 8.35, 12.25325, 30.8549
-1.928546, 3.028179, 8.344402, 11.93204, 31.56468
-1.922335, 3.020435, 8.361525, 12.92034, 32.39578
-1.920062, 3.03302, 8.350621, 12.77616, 31.27135
-1.906605, 3.015359, 8.310724, 12.64691, 32.11333
-1.906636, 3.016874, 8.35, 13.80266, 32.51955
-1.902998, 2.996177, 8.344573, 13.92663, 34.05917
-1.893014, 3.040519, 8.351942, 14.91945, 30.70573
-1.921206, 3.025678, 8.323879, 11.89599, 31.48369
-1.898091, 2.998403, 8.366455, 14.94799, 34.17216
-1.920143, 3.042691, 8.35, 12.75155, 30.51047
-1.895497, 3.044816, 8.353767, 14.77954, 30.39619
-1.922502, 3.041232, 8.363924, 12.97793, 30.81212
-1.930764, 2.999684, 8.34586, 11.80242, 33.8029
-1.90128, 3.027254, 8.338654, 13.88675, 31.55951
-1.916964, 3.019187, 8.35, 12.99891, 32.33952
-1.922191, 3.019187, 8.351981, 12.65054, 32.36589
-1.884687, 3.019187, 8.336213, 15.10865, 32.15561
-1.933865, 3.019187, 8.359716, 11.97105, 32.46873
-1.883551, 3.019187, 8.31857, 14.68065, 31.91931
-1.942184, 3.0128, 8.35, 11.0363, 32.83659
-1.927572, 3.024855, 8.350304, 12.18236, 31.9025
-1.907046, 3.025534, 8.349783, 13.76437, 31.84267
-1.929312, 3.011907, 8.35782, 12.26892, 33.00952
-1.88895, 3.027984, 8.37502, 15.90619, 31.98921
-1.921897, 3.006719, 8.35, 12.61504, 33.30981
-1.891983, 3.033862, 8.348813, 14.90833, 31.1815
-1.885874, 3.004069, 8.368322, 15.95083, 33.75667
-1.892711, 3.008696, 8.320482, 14.02116, 32.76454
-1.938049, 3.012362, 8.358269, 11.60299, 32.98004
-1.884745, 3.007043, 8.35, 15.50629, 33.28462
-1.886836, 3.044329, 8.356416, 15.53035, 30.46991
-1.894771, 3.022738, 8.351154, 14.75972, 32.07855
-1.904429, 3.022358, 8.350591, 13.99175, 32.1006
-1.929708, 3.042947, 8.376511, 12.78841, 30.84866
-1.92892, 3.035475, 8.35, 12.06855, 31.07202
-1.891582, 3.057034, 8.349948, 14.97269, 29.39355
-1.927219, 3.047678, 8.33639, 11.79804, 29.93692
-1.892998, 3.002887, 8.324543, 14.11816, 33.27216
-1.911686, 3.035085, 8.334131, 12.94237, 30.88805
-1.929299, 3.019187, 8.35, 12.03901, 32.33952
-1.919837, 3.019187, 8.354352, 12.90354, 32.39743
-1.926981, 3.019187, 8.354297, 12.34623, 32.39668
-1.92064, 3.019187, 8.375882, 13.47327, 32.68298
-1.939636, 3.019187, 8.363859, 11.64505, 32.52373
-1.880554, 3.01209, 8.35, 15.83243, 32.8918
-1.938446, 3.021174, 8.356769, 11.52773, 32.2751
-1.928098, 3.023489, 8.347292, 12.05243, 31.96855
-1.892059, 3.022158, 8.353214, 15.03087, 32.15117
-1.928848, 3.025011, 8.376504, 12.85498, 32.23955
-1.926201, 3.029011, 8.35, 12.2801, 31.57501
-1.908995, 3.009397, 8.343011, 13.41371, 33.00894
-1.943457, 3.007559, 8.345, 10.78862, 33.17842
-1.892645, 3.009379, 8.343546, 14.70284, 33.01744
-1.889754, 3.029037, 8.336523, 14.72265, 31.39192
-1.914718, 3.01925, 8.35, 13.17377, 32.33466
-1.873872, 3.032737, 8.356077, 16.52851, 31.36678
-1.925232, 3.048047, 8.35472, 12.49477, 30.15779
-1.894985, 3.010402, 8.321291, 13.86731, 32.64204
-1.950289, 3.029619, 8.379996, 11.29535, 31.92873
-1.906377, 3.058756, 8.35, 13.82283, 29.26025
-1.87985, 2.994644, 8.347684, 15.81987, 34.21925
-1.921328, 3.037331, 8.366693, 13.15051, 31.15236
-1.923279, 3.010338, 8.324839, 11.76268, 32.69434
-1.893248, 3.042775, 8.336004, 14.43505, 30.31383
