-10.96986, 0.02, 8.35, 24.44641, 265.7393
-10.96986, 0.02, 8.348489, 24.40414, 265.765
-10.96986, 0.02, 8.333879, 23.99473, 266.0132
-10.96986, 0.02, 8.323018, 23.68938, 266.1985
-10.96986, 0.02, 8.314413, 23.44687, 266.3456
-10.96986, 0.02936539, 8.35, 24.44641, 265.0105
-10.96986, 0.01910617, 8.340837, 24.18991, 265.9645
-10.96986, 0.02168119, 8.348878, 24.41501, 265.6275
-10.96986, 0.02115068, 8.359171, 24.70247, 265.4945
-10.96986, 0.02181348, 8.37978, 25.27578, 265.0957
-10.96986, 0.01338053, 8.35, 24.44641, 266.2544
-10.96986, 0.01279507, 8.345194, 24.31194, 266.3819
-10.96986, 0.007071495, 8.358639, 24.68764, 266.598
-10.96986, 0.02162019, 8.365376, 24.87541, 265.3533
-10.96986, 0.006992657, 8.329028, 23.85847, 267.1109
-10.96986, -0.004361635, 8.35, 24.44641, 267.6351
-10.96986, 0.003832964, 8.346295, 24.34277, 267.0609
-10.96986, 0.03848876, 8.356019, 24.61454, 264.1996
-10.96986, 0.02842863, 8.356705, 24.63368, 264.9704
-10.96986, 0.001662219, 8.316098, 23.49439, 267.7501
-10.96986, -0.01957235, 8.35, 24.44641, 268.8189
-10.96986, 0.05037094, 8.354698, 24.57766, 263.2976
-10.96986, 0.003952153, 8.344358, 24.28856, 267.0848
-10.96986, 0.02603401, 8.325944, 23.77172, 265.6775
-10.96986, 0.04728384, 8.316066, 23.49348, 264.1846
-10.9701, 0.02, 8.35, 24.428, 265.7393
-10.96638, 0.02, 8.345111, 24.58124, 265.8223
-10.97757, 0.02, 8.340412, 23.57783, 265.9021
-10.97619, 0.02, 8.329988, 23.39191, 266.0796
-10.96392, 0.02, 8.360231, 25.19374, 265.566
-10.96616, 0.01783765, 8.35, 24.73466, 265.9076
-10.97038, 0.01142681, 8.340127, 24.13013, 266.575
-10.96142, 0.02990406, 8.356044, 25.27162, 264.8668
-10.96988, 0.01622988, 8.348511, 24.40351, 266.058
-10.96424, 0.01785244, 8.334413, 24.44794, 266.1716
-10.96265, 0.03422032, 8.35, 25.00784, 264.6327
-10.96317, 0.03669799, 8.340053, 24.68979, 264.6071
-10.96604, 0.008736908, 8.330459, 24.19724, 266.9503
-10.97691, 0.02962838, 8.350112, 23.90141, 264.9881
-10.97553, 0.01679803, 8.360726, 24.30539, 265.8065
-10.96369, 0.0004416145, 8.35, 24.92673, 267.2614
-10.9653, 0.04700424, 8.347554, 24.73363, 263.6786
-10.96471, -0.003292864, 8.337543, 24.49947, 267.7665
-10.96087, 0.04430626, 8.348381, 25.10091, 263.8748
-10.97801, 0.001229733, 8.366361, 24.27053, 266.9201
-10.9753, 0.009481403, 8.35, 24.02338, 266.5579
-10.97297, 0.05656652, 8.352257, 24.26818, 262.8563
-10.96941, -0.01662477, 8.36115, 24.79325, 268.3966
-10.96661, 0.0361372, 8.339871, 24.4166, 264.6538
-10.96886, -0.006762957, 8.334588, 24.09317, 268.0881
-10.98418, 0.02, 8.35, 23.33257, 265.7393
-10.95688, 0.02, 8.357169, 25.65634, 265.6179
-10.97265, 0.02, 8.367708, 24.72413, 265.4397
-10.97318, 0.02, 8.347498, 24.11842, 265.7817
-10.95412, 0.02, 8.358655, 25.91187, 265.5927
-10.96315, 0.02770135, 8.35, 24.96901, 265.14
-10.98049, 0.0208331, 8.356568, 23.80357, 265.5633
-10.96589, 0.01896292, 8.362174, 25.09458, 265.6138
-10.98291, 0.02129465, 8.340876, 23.17463, 265.7934
-10.98252, 0.01932438, 8.37991, 24.29841, 265.2865
-10.96517, 0.01991355, 8.35, 24.81191, 265.746
-10.97984, 0.02369446, 8.351544, 23.71338, 265.4257
-10.97641, 0.03381053, 8.332699, 23.45092, 264.9562
-10.98454, 0.03586296, 8.350549, 23.32008, 264.4956
-10.98443, 0.0174227, 8.314061, 22.29844, 266.5531
-10.98912, 0.04966155, 8.35, 22.94796, 263.431
-10.95714, 0.00623848, 8.341015, 25.18646, 266.964
-10.95726, 0.02522198, 8.350964, 25.45433, 265.3167
-10.9502, 0.01760199, 8.366755, 26.44044, 265.642
-10.96964, -0.0006494429, 8.379272, 25.27893, 266.8457
-10.95464, 0.02577817, 8.35, 25.63149, 265.2896
-10.97251, 0.05144391, 8.345413, 24.11181, 263.3687
-10.96464, 0.04612596, 8.331371, 24.33201, 264.0179
-10.97267, 0.02205756, 8.356825, 24.4192, 265.4637
-10.9627, 0.01157561, 8.384299, 25.95583, 265.813
-10.94142, 0.02, 8.35, 26.65994, 265.7393
-10.99347, 0.02, 8.340998, 22.35497, 265.8922
-10.9904, 0.02, 8.349678, 22.83896, 265.7448
-10.99867, 0.02, 8.320329, 21.3632, 266.2444
-10.9609, 0.02, 8.349487, 25.12961, 265.748
-10.97144, 0.01804179, 8.35, 24.32375, 265.8917
-10.99356, 0.02541075, 8.357747, 22.82075, 265.1874
-10.99684, 0.02451875, 8.351402, 22.38643, 265.364
-10.94754, 0.02149506, 8.379204, 26.9904, 265.1301
-10.96022, 0.02636704, 8.329351, 24.62035, 265.5936
-10.97561, 0.01122722, 8.35, 23.99945, 266.422
-10.98766, 0.01289008, 8.35911, 23.31755, 266.1377
-10.95656, 0.02864658, 8.347877, 25.42221, 265.1023
-10.99018, 0.03127098, 8.359825, 23.1417, 264.6969
-10.95488, 0.02165047, 8.349784, 25.6067, 265.6145
-10.9542, -0.002067903, 8.35, 25.66569, 267.4566
-10.9605, 0.01603171, 8.359736, 25.44595, 265.8828
-10.99824, 0.02094875, 8.344919, 22.09485, 265.7516
-10.99778, 0.004414574, 8.3704, 22.84863, 266.604
-10.95655, 0.01844945, 8.367319, 25.96354, 265.5667
-10.96951, 0.02341195, 8.35, 24.47408, 265.4738
-10.96685, 0.01973624, 8.352464, 24.74971, 265.7181
-10.96027, 0.01830467, 8.34854, 25.15263, 265.896
-10.9502, 0.04464447, 8.325891, 25.30568, 264.2255
-10.98795, 0.05626909, 8.339114, 22.73186, 263.0977
-10.98103, 0.02, 8.35, 23.57732, 265.7393
-10.93562, 0.02, 8.354383, 27.23253, 265.665
-10.97108, 0.02, 8.369387, 24.89293, 265.4114
-10.97438, 0.02, 8.354985, 24.23472, 265.6548
-10.96226, 0.02, 8.359999, 25.31688, 265.57
-10.9913, 0.01970656, 8.35, 22.77851, 265.7621
-11.00762, 0.02377119, 8.3551, 21.65247, 265.3596
-11.00772, 0.01077249, 8.353708, 21.60537, 266.3942
-11.00749, 0.01490894, 8.369147, 22.05984, 265.8106
-10.96448, 0.02385861, 8.386838, 25.88832, 264.8188
-10.93205, 0.03591704, 8.35, 27.3894, 264.5006
-10.98981, 0.03074714, 8.340937, 22.63893, 265.0558
-10.99533, 0.002942871, 8.363171, 22.83551, 266.8415
-10.94174, 0.00360398, 8.358601, 26.87297, 266.8682
-10.98052, 0.01501072, 8.357669, 23.83185, 265.9973
-10.98513, 0.008092343, 8.35, 23.25807, 266.666
-10.94141, -0.001323787, 8.342005, 26.439, 267.5362
-10.95294, 0.04031137, 8.345359, 25.63455, 264.2365
-10.9398, 0.01973832, 8.343745, 26.61279, 265.8658
-10.94724, 0.02614285, 8.333406, 25.74592, 265.5422
-10.95448, 0.004913951, 8.35, 25.64396, 266.9133
-10.99123, 0.04865003, 8.341837, 22.55367, 263.6459
-10.97168, 0.02428576, 8.34289, 24.10622, 265.5262
-11.00269, 0.02911448, 8.358603, 22.13479, 264.8851
-10.96595, 0.05531929, 8.387593, 25.79565, 262.3697
-10.96986, 0.1925, 8.35, 24.44641, 252.3152
-10.96986, 0.1925, 8.342698, 24.24205, 252.4264
-10.96986, 0.1925, 8.330534, 23.9008, 252.6121
-10.96986, 0.1925, 8.371643, 25.0498, 251.9868
-10.96986, 0.1925, 8.378587, 25.24266, 251.8818
-10.96986, 0.1902868, 8.35, 24.44641, 252.4874
-10.96986, 0.200333, 8.358318, 24.6787, 251.5798
-10.96986, 0.1945105, 8.357056, 24.64346, 252.0516
-10.96986, 0.1989173, 8.359133, 24.70141, 251.6776
-10.96986, 0.1930655, 8.337316, 24.09119, 252.4644
-10.96986, 0.205268, 8.35, 24.44641, 251.3216
-10.96986, 0.2065128, 8.340936, 24.19267, 251.3615
-10.96986, 0.188737, 8.344262, 24.28587, 252.6956
-10.96986, 0.2073684, 8.36423, 24.84351, 250.9441
-10.96986, 0.1933351, 8.330008, 23.88599, 252.555
-10.96986, 0.2137029, 8.35, 24.44641, 250.6651
-10.96986, 0.1874385, 8.348133, 24.39418, 252.7376
-10.96986, 0.1848489, 8.33357, 23.98609, 253.1624
-10.96986, 0.2162449, 8.323017, 23.68936, 250.8728
-10.96986, 0.1671818, 8.330464, 23.89884, 254.5885
-10.96986, 0.2088612, 8.35, 24.44641, 251.0419
-10.96986, 0.1838095, 8.35483, 24.58132, 252.9176
-10.96986, 0.1654365, 8.362825, 24.80435, 254.223
-10.96986, 0.1905973, 8.359549, 24.71303, 252.318
-10.96986, 0.1560879, 8.376913, 25.1962, 254.7309
-10.97648, 0.1925, 8.35, 23.93141, 252.3152
-10.96556, 0.1925, 8.358716, 25.02422, 252.1827
-10.97763, 0.1925, 8.364439, 24.24634, 252.0959
-10.9724, 0.1925, 8.343235, 24.05973, 252.4182
-10.96063, 0.1925, 8.343551, 24.98523, 252.4134
-10.97845, 0.2015886, 8.35, 23.77846, 251.6079
-10.96523, 0.201464, 8.349729, 24.79945, 251.6217
-10.96872, 0.1925113, 8.356481, 24.71628, 252.2158
-10.97105, 0.1912094, 8.324183, 23.62986, 252.8101
-10.96293, 0.1969612, 8.356011, 25.15314, 251.8769
-10.96027, 0.2090967, 8.35, 25.19333, 251.0236
-10.97984, 0.1991675, 8.355212, 23.81607, 251.7174
-10.96968, 0.1740545, 8.363542, 24.83854, 253.5424
-10.96589, 0.1853729, 8.374148, 25.42743, 252.5018
-10.96571, 0.1887891, 8.349008, 24.7418, 252.6191
-10.97913, 0.1699097, 8.35, 23.72515, 254.0732
-10.97216, 0.192965, 8.346364, 24.16626, 252.3343
-10.96404, 0.2089041, 8.357235, 25.10096, 250.9298
-10.96372, 0.2029176, 8.353018, 25.0085, 251.4589
-10.97725, 0.217291, 8.346511, 23.77347, 250.4382
-10.96659, 0.1578334, 8.35, 24.70141, 255.013
-10.97281, 0.1917511, 8.351985, 24.27252, 252.3432
-10.97122, 0.192185, 8.354482, 24.46635, 252.2715
-10.97631, 0.2085, 8.33968, 23.65487, 251.2256
-10.96825, 0.1931277, 8.347401, 24.49914, 252.3059
-10.98126, 0.1925, 8.35, 23.55944, 252.3152
-10.9521, 0.1925, 8.347992, 25.77304, 252.3457
-10.95081, 0.1925, 8.366707, 26.39211, 252.0615
-10.97405, 0.1925, 8.371849, 24.73095, 251.9837
-10.96644, 0.1925, 8.316472, 23.77268, 252.8276
-10.98817, 0.1922574, 8.35, 23.02206, 252.3341
-10.96132, 0.1977771, 8.341065, 24.86195, 252.0401
-10.98962, 0.194728, 8.342251, 22.69046, 252.2597
-10.95498, 0.1936133, 8.361876, 25.93423, 252.0483
-10.96431, 0.2015896, 8.360353, 25.16697, 251.4514
-10.95043, 0.1841841, 8.35, 25.95875, 252.9623
-10.96266, 0.2096248, 8.355369, 25.15653, 250.9018
-10.97045, 0.1763809, 8.353025, 24.48549, 253.5231
-10.9797, 0.208153, 8.361235, 23.99606, 250.9281
-10.95756, 0.1753546, 8.331433, 24.88599, 253.9359
-10.95192, 0.1775108, 8.35, 25.84262, 253.4817
-10.9509, 0.1938414, 8.348608, 25.88346, 252.232
-10.95175, 0.2064242, 8.34446, 25.7024, 251.3152
-10.97648, 0.1921479, 8.375936, 24.65627, 251.9492
-10.98627, 0.1956092, 8.357919, 23.39199, 251.9531
-10.98185, 0.1934795, 8.35, 23.51372, 252.239
-10.9816, 0.1868551, 8.340836, 23.27539, 252.8946
-10.9506, 0.2036495, 8.338324, 25.62057, 251.6241
-10.95118, 0.1656184, 8.342226, 25.68463, 254.5277
-10.95832, 0.1680009, 8.384078, 26.2896, 253.6971
-10.98784, 0.1925, 8.35, 23.04783, 252.3152
-10.97361, 0.1925, 8.353692, 24.25841, 252.259
-10.95379, 0.1925, 8.35955, 25.96215, 252.17
-10.98236, 0.1925, 8.362024, 23.81134, 252.1325
-10.94352, 0.1925, 8.369055, 27.02266, 252.026
-10.98499, 0.1961024, 8.35, 23.2694, 252.0348
-10.981, 0.1876178, 8.34368, 23.40195, 252.7917
-10.97806, 0.1927949, 8.351166, 23.84135, 252.2745
-10.97566, 0.1955857, 8.322293, 23.21636, 252.4973
-10.98383, 0.1903793, 8.354895, 23.49732, 252.4057
-10.993, 0.2090548, 8.35, 22.64593, 251.0269
-10.97178, 0.1805279, 8.343289, 24.1097, 253.3499
-10.94931, 0.189122, 8.332831, 25.56865, 252.8405
-10.99788, 0.1973869, 8.350421, 22.27766, 251.9285
-10.96399, 0.2055227, 8.382993, 25.82007, 250.8062
-10.98993, 0.1667408, 8.35, 22.88502, 254.3198
-10.98706, 0.2107645, 8.34025, 22.8338, 251.0406
-10.94085, 0.1982715, 8.345078, 26.56773, 251.9407
-10.95064, 0.1710762, 8.373854, 26.60269, 253.6154
-10.95815, 0.1752776, 8.331169, 24.83229, 253.946
-10.98985, 0.1943842, 8.35, 22.89084, 252.1685
-10.97004, 0.2197915, 8.357999, 24.65638, 250.072
-10.97286, 0.1595591, 8.334094, 23.76732, 255.1265
-10.96891, 0.1750563, 8.359898, 24.79653, 253.5205
-10.97109, 0.1769081, 8.362842, 24.7097, 253.3315
-10.98117, 0.1925, 8.35, 23.56662, 252.3152
-10.99545, 0.1925, 8.343224, 22.26401, 252.4184
-10.9896, 0.1925, 8.335592, 22.50392, 252.5348
-10.9918, 0.1925, 8.363628, 23.12279, 252.1082
-10.97557, 0.1925, 8.345023, 23.86246, 252.391
-10.98396, 0.1875034, 8.35, 23.34927, 252.704
-10.94734, 0.1945795, 8.353992, 26.30978, 252.0927
-10.97438, 0.1857948, 8.360628, 24.39217, 252.6748
-10.99369, 0.1978452, 8.362834, 22.95347, 251.705
-10.96001, 0.1852147, 8.342688, 25.00957, 252.994
-10.95514, 0.1959212, 8.35, 25.59218, 252.0489
-10.9758, 0.1912718, 8.354052, 24.09764, 252.3491
-10.97534, 0.2039097, 8.3473, 23.9442, 251.4681
-10.93145, 0.2070576, 8.372229, 28.04701, 250.8483
-11.00227, 0.2031121, 8.374175, 22.60641, 251.1252
-10.9429, 0.2172297, 8.35, 26.54489, 250.3907
-10.95493, 0.202879, 8.349604, 25.59724, 251.5135
-11.00871, 0.1901606, 8.367435, 21.91662, 252.2321
-10.99662, 0.1775898, 8.359737, 22.63906, 253.3261
-10.93905, 0.1725408, 8.318818, 25.97876, 254.3511
-10.97391, 0.19634, 8.35, 24.1315, 252.0163
-10.97609, 0.1556956, 8.350211, 23.96753, 255.176
-10.99603, 0.1821769, 8.342279, 22.19175, 253.2369
-10.96935, 0.20308, 8.337542, 24.13774, 251.6804
-10.93348, 0.2114775, 8.329535, 26.71138, 251.1466
-10.96986, 0.3649999, 8.35, 24.44641, 238.8911
-10.96986, 0.3649999, 8.341267, 24.20197, 239.0089
-10.96986, 0.3649999, 8.35036, 24.45647, 238.8862
-10.96986, 0.3649999, 8.35288, 24.52686, 238.8523
-10.96986, 0.3649999, 8.353071, 24.53221, 238.8497
-10.96986, 0.3701713, 8.35, 24.44641, 238.4886
-10.96986, 0.3640943, 8.352785, 24.52422, 238.924
-10.96986, 0.3563998, 8.332666, 23.96071, 239.7959
-10.96986, 0.3693728, 8.340156, 24.17081, 238.6832
-10.96986, 0.3737488, 8.348619, 24.40776, 238.2287
-10.96986, 0.3726411, 8.35, 24.44641, 238.2964
-10.96986, 0.3844223, 8.353068, 24.53214, 237.3389
-10.96986, 0.3768916, 8.335296, 24.0345, 238.1624
-10.96986, 0.3821126, 8.351667, 24.49299, 237.5372
-10.96986, 0.3619257, 8.38263, 25.35483, 238.6915
-10.96986, 0.3581924, 8.35, 24.44641, 239.4208
-10.96986, 0.3901134, 8.344337, 24.28794, 237.0116
-10.96986, 0.3401413, 8.36892, 24.97407, 240.5665
-10.96986, 0.3557339, 8.354443, 24.57054, 239.5519
-10.96986, 0.3945445, 8.342423, 24.23435, 236.6918
-10.96986, 0.3793951, 8.35, 24.44641, 237.7708
-10.96986, 0.3920247, 8.340023, 24.16709, 236.9199
-10.96986, 0.3465637, 8.336124, 24.05775, 240.5157
-10.96986, 0.3442912, 8.355389, 24.59696, 240.429
-10.96986, 0.3907529, 8.314679, 23.45436, 237.3559
-10.9608, 0.3649999, 8.35, 25.1514, 238.8911
-10.96665, 0.3649999, 8.351839, 24.74769, 238.8663
-10.96855, 0.3649999, 8.340848, 24.29276, 239.0145
-10.97882, 0.3649999, 8.349104, 23.72435, 238.9031
-10.96215, 0.3649999, 8.313571, 24.0262, 239.3843
-10.97657, 0.3642952, 8.35, 23.92476, 238.9459
-10.96663, 0.3580481, 8.343397, 24.51389, 239.5216
-10.97951, 0.3736355, 8.349514, 23.68223, 238.2255
-10.96458, 0.3552081, 8.351171, 24.8904, 239.6372
-10.96437, 0.3691201, 8.372152, 25.4899, 238.2737
-10.96833, 0.3630019, 8.35, 24.5658, 239.0465
-10.9748, 0.3767854, 8.344331, 23.90358, 238.0497
-10.9667, 0.3508998, 8.36765, 25.18444, 239.7486
-10.97753, 0.3588875, 8.320196, 23.01126, 239.7718
-10.96124, 0.3792314, 8.370589, 25.68984, 237.5098
-10.96916, 0.3562019, 8.35, 24.50127, 239.5757
-10.97155, 0.3354363, 8.351831, 24.36616, 241.1665
-10.97683, 0.3437167, 8.3392, 23.60149, 240.6954
-10.96195, 0.3945064, 8.334932, 24.64157, 236.7938
-10.97218, 0.3663995, 8.323811, 23.53107, 239.1359
-10.96548, 0.3460188, 8.35, 24.78786, 240.3682
-10.96772, 0.3991379, 8.348367, 24.56789, 236.2559
-10.97419, 0.3316361, 8.331285, 23.58406, 241.7466
-10.9771, 0.3376775, 8.372438, 24.51043, 240.7097
-10.96754, 0.4039137, 8.355705, 24.78672, 235.7882
-10.95388, 0.3649999, 8.35, 25.69003, 238.8911
-10.97756, 0.3649999, 8.355744, 24.0085, 238.8137
-10.98802, 0.3649999, 8.367137, 23.51503, 238.6607
-10.9705, 0.3649999, 8.351315, 24.43375, 238.8734
-10.96534, 0.3649999, 8.337724, 24.45498, 239.0567
-10.97893, 0.3652346, 8.35, 23.74107, 238.8728
-10.95094, 0.3576594, 8.356826, 26.10842, 239.3699
-10.97724, 0.3703581, 8.357912, 24.09369, 238.368
-10.97814, 0.3720646, 8.337457, 23.44996, 238.5097
-10.9647, 0.3662032, 8.310113, 23.72955, 239.3372
-10.95524, 0.3581289, 8.35, 25.58464, 239.4258
-10.97165, 0.3809882, 8.340887, 24.05222, 237.7683
-10.96359, 0.3657603, 8.338748, 24.62035, 238.9836
-10.95914, 0.3772526, 8.376019, 26.0034, 237.5913
-10.98421, 0.3463676, 8.352872, 23.41051, 240.3018
-10.98417, 0.3638887, 8.35, 23.33329, 238.9775
-10.97335, 0.34149, 8.347857, 24.11499, 240.75
-10.97384, 0.3927703, 8.354583, 24.26535, 236.6695
-10.9665, 0.3619756, 8.347714, 24.64402, 239.1573
-10.95234, 0.3650477, 8.380794, 26.66177, 238.4741
-10.96814, 0.3963392, 8.35, 24.58084, 236.4522
-10.9612, 0.3409924, 8.357899, 25.34065, 240.6511
-10.9581, 0.4020652, 8.362307, 25.70399, 235.8456
-10.98034, 0.3393731, 8.336769, 23.25957, 241.0674
-10.97181, 0.3613915, 8.345428, 24.16722, 239.2337
-10.96222, 0.3649999, 8.35, 25.04097, 238.8911
-10.97875, 0.3649999, 8.341108, 23.50479, 239.011
-10.96449, 0.3649999, 8.349791, 24.85866, 238.8939
-10.96938, 0.3649999, 8.370847, 25.06549, 238.6109
-10.99457, 0.3649999, 8.377055, 23.28385, 238.5278
-10.94312, 0.3650465, 8.35, 26.52796, 238.8874
-10.95538, 0.363575, 8.351101, 25.6045, 238.9871
-10.99845, 0.3744781, 8.334519, 21.7833, 238.361
-10.99728, 0.3741385, 8.343899, 22.1408, 238.2616
-10.98127, 0.3713282, 8.311234, 22.46462, 238.9211
-10.97847, 0.34806, 8.35, 23.77669, 240.2094
-10.98877, 0.3771785, 8.34376, 22.79938, 238.0267
-10.99874, 0.358825, 8.342872, 21.99728, 239.4682
-10.97046, 0.3710582, 8.378823, 25.20302, 238.0344
-10.96404, 0.3488494, 8.385407, 25.88284, 239.6672
-10.96743, 0.3561381, 8.35, 24.63581, 239.5807
-10.94454, 0.3397831, 8.35452, 26.54235, 240.7915
-10.94591, 0.3684141, 8.352115, 26.36923, 238.597
-10.95625, 0.3436856, 8.341608, 25.27176, 240.6648
-10.9619, 0.3552495, 8.38033, 25.90815, 239.2398
-10.97461, 0.4021288, 8.35, 24.07681, 236.0016
-10.98205, 0.3566483, 8.343033, 23.30227, 239.6356
-10.95758, 0.3827806, 8.342444, 25.19214, 237.6079
-10.96572, 0.3758857, 8.377394, 25.53051, 237.6791
-10.98421, 0.3878666, 8.382823, 24.2482, 236.6787
-10.98806, 0.3649999, 8.35, 23.03002, 238.8911
-10.99734, 0.3649999, 8.346232, 22.20165, 238.9418
-11.00802, 0.3649999, 8.344925, 21.33316, 238.9595
-10.97006, 0.3649999, 8.325343, 23.73958, 239.2244
-11.00836, 0.3649999, 8.377924, 22.23925, 238.5162
-10.93659, 0.356363, 8.35, 27.03571, 239.5632
-10.97587, 0.3726617, 8.351926, 24.03284, 238.269
-10.95569, 0.3665031, 8.342413, 25.33844, 238.8763
-10.97798, 0.3594583, 8.36905, 24.34758, 239.0652
-10.93999, 0.3665569, 8.373283, 27.41342, 238.4575
-11.00163, 0.3695106, 8.35, 21.9746, 238.54
-10.9697, 0.350527, 8.351535, 24.50171, 239.9965
-10.97307, 0.3841311, 8.34008, 23.91914, 237.5342
-10.93404, 0.3701457, 8.357422, 27.43885, 238.3911
-10.99213, 0.366277, 8.365376, 23.14609, 238.5851
-10.9969, 0.3624692, 8.35, 22.34219, 239.088
-10.95618, 0.3784249, 8.356915, 25.70366, 237.7542
-10.96303, 0.3486314, 8.351131, 25.00943, 240.1495
-10.93659, 0.3889526, 8.379743, 27.85456, 236.635
-10.99983, 0.3527131, 8.347711, 22.04988, 239.8784
-10.98137, 0.3419119, 8.35, 23.55137, 240.6878
-10.99996, 0.3590809, 8.356915, 22.29984, 239.2582
-10.93964, 0.3826601, 8.345737, 26.68077, 237.5735
-10.95959, 0.3733903, 8.323835, 24.51475, 238.5897
-10.94203, 0.3456044, 8.388267, 27.66623, 239.8799
-10.96986, 0.5374999, 8.35, 24.44641, 225.4669
-10.96986, 0.5374999, 8.35206, 24.50399, 225.4428
-10.96986, 0.5374999, 8.33283, 23.96532, 225.6689
-10.96986, 0.5374999, 8.335255, 24.03337, 225.6403
-10.96986, 0.5374999, 8.381366, 25.31975, 225.1004
-10.96986, 0.5469854, 8.35, 24.44641, 224.7288
-10.96986, 0.5360541, 8.34567, 24.32526, 225.6304
-10.96986, 0.5441487, 8.364952, 24.86362, 224.7754
-10.96986, 0.5412825, 8.366753, 24.91375, 224.9771
-10.96986, 0.5469077, 8.336541, 24.06947, 224.8917
-10.96986, 0.5421706, 8.35, 24.44641, 225.1035
-10.96986, 0.5287048, 8.344482, 24.29203, 226.2167
-10.96986, 0.5247431, 8.360358, 24.73559, 226.337
-10.96986, 0.5571997, 8.37876, 25.24747, 223.6034
-10.96986, 0.5381826, 8.377611, 25.21557, 225.0912
-10.96986, 0.5253701, 8.35, 24.44641, 226.4109
-10.96986, 0.5571319, 8.340441, 24.17881, 224.0496
-10.96986, 0.5266678, 8.359297, 24.70599, 226.1999
-10.96986, 0.5222421, 8.338158, 24.11479, 226.7953
-10.96986, 0.5630403, 8.326997, 23.80135, 223.7441
-10.96986, 0.5346809, 8.35, 24.44641, 225.6863
-10.96986, 0.5762989, 8.352668, 24.52095, 222.4173
-10.96986, 0.5452327, 8.362667, 24.79995, 224.7178
-10.96986, 0.5686049, 8.354674, 24.57699, 222.993
-10.96986, 0.5227954, 8.329785, 23.87974, 226.8521
-10.97026, 0.5374999, 8.35, 24.41541, 225.4669
-10.96437, 0.5374999, 8.344554, 24.72217, 225.5309
-10.97986, 0.5374999, 8.336025, 23.27549, 225.6312
-10.97925, 0.5374999, 8.338311, 23.3874, 225.6043
-10.96065, 0.5374999, 8.34736, 25.08973, 225.4979
-10.97277, 0.5398398, 8.35, 24.2202, 225.2849
-10.96092, 0.5400752, 8.35284, 25.22138, 225.2333
-10.97246, 0.5322393, 8.367349, 24.72898, 225.6723
-10.97026, 0.537057, 8.372704, 25.04854, 225.2357
-10.96228, 0.528206, 8.38386, 25.97636, 225.7915
-10.96187, 0.5538448, 8.35, 25.06864, 224.195
-10.96739, 0.5571178, 8.345227, 24.50525, 223.9953
-10.97116, 0.5244032, 8.361393, 24.66376, 226.3512
-10.965, 0.5414295, 8.37492, 25.51808, 224.8707
-10.97816, 0.5400336, 8.377637, 24.57285, 224.9474
-10.96051, 0.5358428, 8.35, 25.17408, 225.5959
-10.97302, 0.5302362, 8.34979, 24.19494, 226.0347
-10.97524, 0.5229552, 8.367588, 24.51925, 226.3904
-10.96361, 0.5607461, 8.365479, 25.36368, 223.4803
-10.96142, 0.5475562, 8.373413, 25.75377, 224.4128
-10.97242, 0.5171055, 8.35, 24.24746, 227.0541
-10.96519, 0.577306, 8.355244, 24.95625, 222.3098
-10.9771, 0.5606147, 8.332122, 23.38112, 223.8742
-10.97849, 0.5382127, 8.324675, 23.06284, 225.7094
-10.97424, 0.5280661, 8.381942, 24.99669, 225.8248
-10.98328, 0.5374999, 8.35, 23.40204, 225.4669
-10.97921, 0.5374999, 8.354857, 23.85497, 225.41
-10.95128, 0.5374999, 8.363449, 26.26548, 225.3094
-10.96234, 0.5374999, 8.375589, 25.74317, 225.1677
-10.98552, 0.5374999, 8.378309, 24.02103, 225.136
-10.96688, 0.5320878, 8.35, 24.67891, 225.8881
-10.97453, 0.5289558, 8.347825, 24.02239, 226.1576
-10.97584, 0.5316905, 8.351168, 24.01391, 225.9053
-10.98334, 0.5293833, 8.374148, 24.07422, 225.8141
-10.97682, 0.5336195, 8.358578, 24.14559, 225.6681
-10.98902, 0.5245181, 8.35, 22.9555, 226.4772
-10.9715, 0.5418103, 8.344257, 24.15851, 225.1987
-10.97854, 0.5492116, 8.360253, 24.05873, 224.4366
-10.96225, 0.5303738, 8.371345, 25.63246, 225.7702
-10.97123, 0.5444089, 8.317158, 23.4173, 225.314
-10.98038, 0.522477, 8.35, 23.62802, 226.636
-10.98547, 0.5274798, 8.344259, 23.07047, 226.3147
-10.98188, 0.522877, 8.335845, 23.11273, 226.7734
-10.96036, 0.5611476, 8.343336, 24.99982, 223.7033
-10.95221, 0.5438086, 8.386168, 26.82037, 224.5559
-10.96735, 0.5284489, 8.35, 24.64186, 226.1713
-10.97351, 0.5113713, 8.343966, 23.99381, 227.5728
-10.96261, 0.5130054, 8.365366, 25.43876, 227.1894
-10.95398, 0.5605246, 8.343515, 25.502, 223.7498
-10.98412, 0.5683537, 8.327825, 22.7118, 223.3199
-10.96858, 0.5374999, 8.35, 24.54622, 225.4669
-10.94795, 0.5374999, 8.345756, 26.03408, 225.5168
-10.98578, 0.5374999, 8.36437, 23.61084, 225.2986
-10.94857, 0.5374999, 8.340055, 25.82746, 225.5838
-10.99594, 0.5374999, 8.320705, 21.58728, 225.812
-10.98913, 0.5355337, 8.35, 22.94719, 225.6199
-10.95243, 0.5471856, 8.353963, 25.91287, 224.6671
-10.96537, 0.532011, 8.349277, 24.77597, 225.9026
-10.94943, 0.5320523, 8.334495, 25.60534, 226.074
-10.99299, 0.5446445, 8.377615, 23.42247, 224.5901
-10.96104, 0.5296951, 8.35, 25.13276, 226.0743
-10.98814, 0.5393854, 8.354495, 23.15054, 225.2676
-10.95028, 0.5266966, 8.337306, 25.61777, 226.4583
-10.97018, 0.5442702, 8.345709, 24.3017, 224.9902
-10.95432, 0.5270638, 8.366819, 26.12263, 226.0804
-10.95218, 0.5607127, 8.35, 25.82261, 223.6605
-10.96528, 0.5278913, 8.34609, 24.69373, 226.261
-10.95227, 0.5578578, 8.363808, 26.1982, 223.7238
-10.98495, 0.5200546, 8.360462, 23.5663, 226.7001
-10.99955, 0.5396445, 8.336706, 21.75995, 225.456
-10.94668, 0.5624411, 8.35, 26.25021, 223.526
-10.99613, 0.561249, 8.359243, 22.66252, 223.5126
-10.98721, 0.5369357, 8.346374, 22.99418, 225.5534
-10.95919, 0.5672636, 8.377576, 26.04215, 222.8365
-10.96828, 0.5135074, 8.322019, 23.78526, 227.6704
-10.98156, 0.5374999, 8.35, 23.53616, 225.4669
-10.97549, 0.5374999, 8.353101, 24.09506, 225.4306
-10.98839, 0.5374999, 8.349563, 22.99258, 225.4721
-10.98798, 0.5374999, 8.36616, 23.49022, 225.2777
-10.98747, 0.5374999, 8.317491, 22.15767, 225.85
-10.93628, 0.5315953, 8.35, 27.05976, 225.9264
-10.94661, 0.5351653, 8.355284, 26.40275, 225.5865
-10.99478, 0.5331728, 8.359758, 22.78268, 225.6889
-10.94594, 0.5390625, 8.320514, 25.48764, 225.6922
-10.94269, 0.5400074, 8.312108, 25.50715, 225.7177
-10.99328, 0.545055, 8.35, 22.62432, 224.879
-10.9992, 0.5245264, 8.343494, 21.97908, 226.5538
-10.97022, 0.5362133, 8.359243, 24.67675, 225.4586
-11.0038, 0.5393211, 8.341131, 21.5539, 225.4292
-11.00185, 0.5527796, 8.343678, 21.77789, 224.3511
-10.98764, 0.5488342, 8.35, 23.06308, 224.5849
-10.99971, 0.5232075, 8.351592, 22.16894, 226.5603
-10.93865, 0.5472323, 8.346754, 26.78555, 224.7473
-10.96053, 0.5648324, 8.371735, 25.77694, 223.0916
-10.97404, 0.555262, 8.321713, 23.32658, 224.4127
-10.99162, 0.5164942, 8.35, 22.75346, 227.1016
-10.94413, 0.4984414, 8.356413, 26.62651, 228.4288
-10.97747, 0.5145498, 8.332964, 23.37567, 227.4572
-10.98801, 0.5408393, 8.356439, 23.21531, 225.1318
-11.0069, 0.5647134, 8.322804, 20.79127, 223.6619
-10.96986, 0.7099999, 8.35, 24.44641, 212.0428
-10.96986, 0.7099999, 8.359195, 24.70314, 211.9511
-10.96986, 0.7099999, 8.347421, 24.37424, 212.0686
-10.96986, 0.7099999, 8.35069, 24.46568, 212.0359
-10.96986, 0.7099999, 8.376143, 25.17481, 211.7825
-10.96986, 0.7081865, 8.35, 24.44641, 212.1839
-10.96986, 0.7015827, 8.34552, 24.32107, 212.743
-10.96986, 0.7147667, 8.357477, 24.65522, 211.5976
-10.96986, 0.7102763, 8.322794, 23.68309, 212.294
-10.96986, 0.7170058, 8.336064, 24.05607, 211.6361
-10.96986, 0.7188494, 8.35, 24.44641, 211.3541
-10.96986, 0.7108969, 8.356079, 24.61623, 211.9124
-10.96986, 0.7243338, 8.332515, 23.95645, 211.0999
-10.96986, 0.7166515, 8.364347, 24.84675, 211.3831
-10.96986, 0.7256132, 8.360602, 24.7424, 210.7236
-10.96986, 0.7100534, 8.35, 24.44641, 212.0387
-10.96986, 0.6929735, 8.358109, 24.67286, 213.2855
-10.96986, 0.6951355, 8.34082, 24.18945, 213.2928
-10.96986, 0.7099636, 8.349821, 24.44138, 212.0474
-10.96986, 0.7155151, 8.33828, 24.11824, 211.7303
-10.96986, 0.6887075, 8.35, 24.44641, 213.6998
-10.96986, 0.7010633, 8.355696, 24.60553, 212.6809
-10.96986, 0.7010511, 8.343207, 24.25631, 212.8078
-10.96986, 0.6821411, 8.321309, 23.64126, 214.5067
-10.96986, 0.7341718, 8.373609, 25.10443, 209.9323
-10.9769, 0.7099999, 8.35, 23.89894, 212.0428
-10.97431, 0.7099999, 8.340876, 23.84444, 212.1341
-10.96306, 0.7099999, 8.337944, 24.6389, 212.1635
-10.96509, 0.7099999, 8.369843, 25.37041, 211.845
-10.97734, 0.7099999, 8.312489, 22.80772, 212.4195
-10.9645, 0.7074704, 8.35, 24.86381, 212.2397
-10.97344, 0.7164099, 8.346565, 24.07169, 211.5781
-10.97608, 0.7142599, 8.335068, 23.54329, 211.8602
-10.97067, 0.7064708, 8.375137, 25.08405, 212.0662
-10.97951, 0.7141463, 8.32346, 22.94869, 211.9852
-10.97154, 0.7064477, 8.35, 24.31603, 212.3192
-10.97373, 0.7119892, 8.348421, 24.10144, 211.9038
-10.97384, 0.7056118, 8.36277, 24.49376, 212.2563
-10.96099, 0.6984369, 8.344634, 24.98713, 212.9969
-10.9712, 0.7126098, 8.328884, 23.75028, 212.0507
-10.97138, 0.7177871, 8.35, 24.32819, 211.4368
-10.96437, 0.7382782, 8.34068, 24.61381, 209.9328
-10.97056, 0.7270535, 8.345496, 24.26635, 210.7599
-10.96489, 0.7000238, 8.35653, 25.01583, 212.7533
-10.96589, 0.6856237, 8.357499, 24.96493, 213.8631
-10.97641, 0.6848834, 8.35, 23.93669, 213.9974
-10.97968, 0.7422339, 8.359298, 23.94287, 209.4446
-10.9692, 0.7384558, 8.344824, 24.35291, 209.8786
-10.97427, 0.6751638, 8.349278, 24.08356, 214.7613
-10.96999, 0.7128943, 8.3239, 23.70433, 212.0785
-10.98294, 0.7099999, 8.35, 23.42912, 212.0428
-10.95402, 0.7099999, 8.344778, 25.53407, 212.095
-10.96221, 0.7099999, 8.348924, 25.01212, 212.0536
-10.98955, 0.7099999, 8.349674, 22.90529, 212.0461
-10.96031, 0.7099999, 8.381877, 26.07432, 211.7256
-10.95201, 0.7124479, 8.35, 25.83574, 211.8523
-10.95559, 0.7193508, 8.351414, 25.59657, 211.3011
-10.98799, 0.7136062, 8.36547, 23.4701, 211.6085
-10.96889, 0.7035186, 8.320882, 23.70528, 212.8412
-10.97103, 0.7165217, 8.349725, 24.34775, 211.538
-10.98832, 0.7077256, 8.35, 23.00995, 212.2198
-10.9767, 0.7036769, 8.353394, 24.00961, 212.5008
-10.97919, 0.7127783, 8.365597, 24.15739, 211.6715
-10.96423, 0.7072353, 8.355169, 25.02905, 212.2062
-10.98238, 0.7054778, 8.337192, 23.11206, 212.5235
-10.97334, 0.723607, 8.35, 24.17556, 210.9839
-10.97284, 0.7197677, 8.345107, 24.07757, 211.3311
-10.98151, 0.7256548, 8.343766, 23.36456, 210.8859
-10.95709, 0.7294064, 8.359907, 25.71577, 210.4357
-10.97677, 0.7162304, 8.340775, 23.6502, 211.6497
-10.96836, 0.7033859, 8.35, 24.56361, 212.5575
-10.97275, 0.7362233, 8.357699, 24.43724, 209.9273
-10.97935, 0.6857038, 8.335287, 23.29451, 214.0845
-10.97232, 0.7210894, 8.376586, 24.99694, 210.918
-10.98812, 0.6725976, 8.348574, 22.98523, 214.9683
-10.98542, 0.7099999, 8.35, 23.2361, 212.0428
-10.97043, 0.7099999, 8.349006, 24.37471, 212.0528
-10.9614, 0.7099999, 8.334196, 24.66343, 212.2011
-10.94481, 0.7099999, 8.342825, 26.19717, 212.1146
-10.97806, 0.7099999, 8.362994, 24.172, 211.9132
-10.9721, 0.7107716, 8.35, 24.2725, 211.9828
-10.94617, 0.7047443, 8.358011, 26.51245, 212.3714
-10.99458, 0.7152196, 8.336935, 22.1541, 211.7667
-10.99935, 0.714429, 8.340199, 21.87484, 211.7958
-10.95819, 0.7036765, 8.32597, 24.68359, 212.7773
-10.94624, 0.6938462, 8.35, 26.28459, 213.2999
-10.97692, 0.7281331, 8.354939, 24.03585, 210.5833
-10.94506, 0.691839, 8.36199, 26.70822, 213.3343
-10.9969, 0.7256163, 8.379758, 23.17955, 210.536
-10.95768, 0.6943204, 8.341628, 25.16107, 213.3481
-10.94119, 0.705426, 8.35, 26.67769, 212.3987
-10.97238, 0.7225353, 8.35905, 24.5037, 210.9781
-10.97388, 0.729947, 8.367254, 24.61587, 210.322
-10.99207, 0.7016448, 8.353507, 22.81739, 212.6577
-10.97512, 0.7349304, 8.387463, 25.08189, 209.7395
-10.99491, 0.6916569, 8.35, 22.49721, 213.4703
-10.94978, 0.7042531, 8.358488, 26.24441, 212.4048
-10.9956, 0.7486618, 8.341208, 22.19513, 209.1186
-10.99401, 0.6817617, 8.36948, 23.11554, 214.0406
-10.98601, 0.73146, 8.366318, 23.64743, 210.2136
-10.94793, 0.7099999, 8.35, 26.15326, 212.0428
-10.98584, 0.7099999, 8.34079, 22.94377, 212.135
-10.95171, 0.7099999, 8.35669, 26.04512, 211.976
-11, 0.7099999, 8.368051, 22.60989, 211.8629
-10.97178, 0.7099999, 8.389008, 25.38325, 211.655
-10.93889, 0.7076569, 8.35, 26.85694, 212.2252
-10.99727, 0.7102456, 8.354859, 22.45096, 211.9752
-10.95586, 0.7033614, 8.358052, 25.75986, 212.4785
-11.00872, 0.710462, 8.331204, 20.8885, 212.1951
-10.93624, 0.7176427, 8.314134, 26.06775, 211.8053
-10.96029, 0.7087286, 8.35, 25.19159, 212.1417
-10.96328, 0.7114781, 8.345436, 24.83129, 211.9733
-10.99002, 0.7219296, 8.358392, 23.11407, 211.0317
-10.99129, 0.6942922, 8.353071, 22.86564, 213.234
-10.96, 0.6981514, 8.380478, 26.05987, 212.6579
-10.96425, 0.6881106, 8.35, 24.88345, 213.7462
-10.99096, 0.7157431, 8.35421, 22.92337, 211.5541
-10.99326, 0.7125667, 8.341745, 22.39304, 211.9254
-11.0062, 0.708113, 8.349127, 21.59378, 212.1984
-10.99716, 0.6930551, 8.385669, 23.32475, 213.0006
-10.94674, 0.6831216, 8.35, 26.24594, 214.1345
-10.97676, 0.6877005, 8.342072, 23.68751, 213.8593
-10.94551, 0.7318581, 8.364477, 26.74172, 210.2006
-10.99832, 0.7043386, 8.337851, 21.88857, 212.6057
-11.00337, 0.6788638, 8.34667, 21.74473, 214.5002
-10.99956, 1.204594, 8.35, 22.13515, 173.553
-10.99956, 1.204594, 8.345645, 22.012, 173.5748
-10.99956, 1.204594, 8.356813, 22.32751, 173.519
-10.99956, 1.204594, 8.362003, 22.47378, 173.4931
-10.99956, 1.204594, 8.358159, 22.36545, 173.5123
-10.99956, 1.202802, 8.35, 22.13515, 173.6925
-10.99956, 1.212444, 8.344315, 21.97436, 172.9701
-10.99956, 1.205623, 8.33704, 21.76831, 173.5377
-10.99956, 1.203152, 8.367479, 22.62794, 173.5778
-10.99956, 1.209997, 8.383559, 23.07933, 172.9672
-10.99956, 1.197012, 8.35, 22.13515, 174.1431
-10.99956, 1.187734, 8.342619, 21.92638, 174.9032
-10.99956, 1.221714, 8.338557, 21.81131, 172.276
-10.99956, 1.219913, 8.349739, 22.12777, 172.3622
-10.99956, 1.186974, 8.321707, 21.33269, 175.0713
-10.99956, 1.176759, 8.35, 22.13515, 175.7192
-10.99956, 1.2117, 8.351494, 22.17732, 172.9927
-10.99956, 1.220649, 8.34068, 21.87146, 172.3487
-10.99956, 1.214831, 8.324526, 21.41291, 172.8815
-10.99956, 1.178109, 8.317002, 21.19871, 175.7887
-10.99956, 1.22944, 8.35, 22.13515, 171.6194
-10.99956, 1.185517, 8.340571, 21.86837, 175.0866
-10.99956, 1.222344, 8.366179, 22.59135, 172.0938
-10.99956, 1.186576, 8.344246, 21.9724, 174.985
-10.99956, 1.164926, 8.324326, 21.40722, 176.7791
-10.99059, 1.204594, 8.35, 22.83361, 173.553
-10.99335, 1.204594, 8.349133, 22.59386, 173.5574
-10.99444, 1.204594, 8.36342, 22.9114, 173.4861
-11.00154, 1.204594, 8.321715, 21.17824, 173.695
-10.99479, 1.204594, 8.384152, 23.46537, 173.383
-10.9899, 1.198562, 8.35, 22.88698, 174.0225
-10.99794, 1.202194, 8.344193, 22.09748, 173.769
-10.99584, 1.209218, 8.364002, 22.8191, 173.1239
-11.00789, 1.211991, 8.327173, 20.83852, 173.0901
-10.99189, 1.201666, 8.373692, 23.39825, 173.6621
-11.00643, 1.222918, 8.35, 21.60074, 172.127
-10.99722, 1.216458, 8.346468, 22.21812, 172.647
-10.9901, 1.196225, 8.355324, 23.02158, 174.1772
-10.99977, 1.219023, 8.359256, 22.38071, 172.3853
-11.00604, 1.207273, 8.349361, 21.61295, 173.3477
-10.997, 1.196824, 8.35, 22.33452, 174.1577
-10.99617, 1.212979, 8.347452, 22.32765, 172.913
-11.00596, 1.183326, 8.342651, 21.42878, 175.2465
-10.99973, 1.180209, 8.371661, 22.73249, 175.3373
-10.99745, 1.212005, 8.325071, 21.5936, 173.0995
-11.00745, 1.179304, 8.35, 21.52136, 175.5211
-10.99439, 1.218289, 8.35266, 22.61267, 172.4743
-10.99599, 1.198834, 8.352043, 22.47123, 173.9909
-11.00236, 1.177122, 8.367039, 22.3983, 175.6012
-11.00846, 1.191431, 8.361646, 21.77236, 174.5177
-10.9951, 1.204594, 8.35, 22.48272, 173.553
-10.97992, 1.204594, 8.353302, 23.75619, 173.5365
-10.98534, 1.204594, 8.368231, 23.75316, 173.4621
-10.99946, 1.204594, 8.37555, 22.86255, 173.4257
-11.01082, 1.204594, 8.315663, 20.2808, 173.7255
-10.99405, 1.205241, 8.35, 22.56382, 173.5027
-11.00265, 1.207945, 8.350285, 21.90321, 173.2908
-11.00828, 1.198123, 8.369016, 21.99477, 173.9605
-10.99072, 1.201379, 8.347136, 22.74271, 173.8176
-10.9995, 1.20599, 8.337415, 21.78391, 173.5072
-11.01829, 1.210142, 8.35, 20.67814, 173.1212
-10.98561, 1.21673, 8.345407, 23.09157, 172.631
-10.98752, 1.212737, 8.34397, 22.90219, 172.949
-10.99139, 1.204455, 8.331369, 22.24495, 173.6573
-11.0181, 1.211812, 8.333177, 20.21338, 173.0744
-11.00438, 1.213464, 8.35, 21.76051, 172.8627
-10.98835, 1.201356, 8.349712, 23.00006, 173.8065
-11.0164, 1.210107, 8.359557, 21.09647, 173.0768
-11.00175, 1.187811, 8.372942, 22.61202, 174.7408
-11.01493, 1.176394, 8.331154, 20.40247, 175.8474
-11.00501, 1.20052, 8.35, 21.71112, 173.8701
-10.98966, 1.235249, 8.352503, 22.97612, 171.1556
-10.9911, 1.201048, 8.364656, 23.20623, 173.7552
-11.01325, 1.237786, 8.369744, 21.62958, 170.8781
-10.98695, 1.210657, 8.32262, 22.34344, 173.2169
-11.00277, 1.204594, 8.35, 21.88589, 173.553
-11.00471, 1.204594, 8.341034, 21.48083, 173.5979
-10.97962, 1.204594, 8.345355, 23.55715, 173.5763
-10.97881, 1.204594, 8.344259, 23.58918, 173.5818
-11, 1.204594, 8.324285, 21.37227, 173.6821
-10.99743, 1.206368, 8.35, 22.30122, 173.4149
-11.02071, 1.211789, 8.350341, 20.4989, 172.9914
-10.9944, 1.204361, 8.363041, 22.90429, 173.506
-10.98028, 1.194828, 8.366149, 24.08788, 174.2308
-10.97228, 1.197267, 8.350639, 24.27661, 174.12
-11.00133, 1.191742, 8.35, 21.99752, 174.5531
-10.98087, 1.185564, 8.348328, 23.54281, 175.0427
-10.99877, 1.212998, 8.351679, 22.24411, 172.8907
-10.99572, 1.201458, 8.33728, 22.07444, 173.8611
-10.99955, 1.218104, 8.335011, 21.71196, 172.5747
-10.99415, 1.186955, 8.35, 22.55652, 174.9257
-10.99271, 1.219605, 8.352769, 22.74613, 172.3714
-10.98251, 1.220781, 8.36468, 23.87405, 172.2224
-11.02361, 1.216044, 8.354206, 20.38386, 172.6414
-10.98407, 1.219049, 8.38326, 24.27172, 172.2674
-10.98519, 1.190919, 8.35, 23.25385, 174.6172
-10.99833, 1.242793, 8.354609, 22.36126, 170.559
-11.00622, 1.164642, 8.349174, 21.59383, 176.6666
-10.98584, 1.166726, 8.36976, 23.75733, 176.3938
-11.01336, 1.191656, 8.384481, 22.03637, 174.3837
-11.03945, 1.204594, 8.35, 19.03091, 173.553
-10.9596, 1.204594, 8.348551, 25.20511, 173.5603
-11.0186, 1.204594, 8.342231, 20.43231, 173.5919
-10.99376, 1.204594, 8.364103, 22.98334, 173.4827
-10.97159, 1.204594, 8.361165, 24.62411, 173.4973
-10.96235, 1.206772, 8.35, 25.03076, 173.3835
-11.03862, 1.204348, 8.340404, 18.82048, 173.6202
-10.99848, 1.195072, 8.362174, 22.56264, 174.2321
-10.9611, 1.19953, 8.339561, 24.83696, 173.9999
-10.98243, 1.201588, 8.355404, 23.62043, 173.7597
-11.03374, 1.191715, 8.35, 19.47567, 174.5552
-10.97558, 1.2008, 8.350852, 24.0258, 173.844
-11.03489, 1.205179, 8.352461, 19.45616, 173.4952
-10.99328, 1.196326, 8.341483, 22.38386, 174.2398
-10.99955, 1.190772, 8.364285, 22.5391, 174.5554
-11.02602, 1.180631, 8.35, 20.07634, 175.4178
-11.0156, 1.194306, 8.35281, 20.96675, 174.3393
-11.02493, 1.201996, 8.360474, 20.45933, 173.7026
-10.98278, 1.18881, 8.353406, 23.53691, 174.7637
-11.03291, 1.224582, 8.312847, 18.47234, 172.1766
-11.0321, 1.191939, 8.35, 19.60284, 174.5379
-11.00881, 1.174884, 8.354672, 21.54774, 175.8403
-10.97767, 1.220268, 8.347619, 23.77218, 172.3448
-11.02622, 1.216377, 8.373085, 20.71721, 172.5237
-10.98357, 1.197661, 8.334714, 22.94914, 174.1702
-10.99956, 1.459594, 8.35, 22.13515, 153.7087
-10.99956, 1.459594, 8.341613, 21.89787, 153.7291
-10.99956, 1.459594, 8.36689, 22.61135, 153.6678
-10.99956, 1.459594, 8.331111, 21.60005, 153.7546
-10.99956, 1.459594, 8.386608, 23.16469, 153.6203
-10.99956, 1.456391, 8.35, 22.13515, 153.9579
-10.99956, 1.466839, 8.350883, 22.16008, 153.1428
-10.99956, 1.459602, 8.349391, 22.11792, 153.7095
-10.99956, 1.455612, 8.356376, 22.31514, 154.0028
-10.99956, 1.452158, 8.341177, 21.88552, 154.3094
-10.99956, 1.469141, 8.35, 22.13515, 152.9656
-10.99956, 1.466741, 8.345273, 22.0015, 153.1636
-10.99956, 1.46369, 8.342608, 21.92608, 153.4076
-10.99956, 1.469737, 8.363802, 22.52445, 152.8873
-10.99956, 1.461638, 8.384647, 23.1098, 153.4666
-10.99956, 1.457378, 8.35, 22.13515, 153.8811
-10.99956, 1.453034, 8.34395, 21.96404, 154.2342
-10.99956, 1.488587, 8.342298, 21.91727, 151.4688
-10.99956, 1.469421, 8.378404, 22.9348, 152.8781
-10.99956, 1.487347, 8.366529, 22.60121, 151.5135
-10.99956, 1.490072, 8.35, 22.13515, 151.3368
-10.99956, 1.494597, 8.342988, 21.93681, 150.9992
-10.99956, 1.442776, 8.333128, 21.65733, 155.0613
-10.99956, 1.495494, 8.347223, 22.05663, 150.9206
-10.99956, 1.458356, 8.327937, 21.5099, 153.8589
-11.00212, 1.459594, 8.35, 21.93619, 153.7087
-11.0083, 1.459594, 8.355145, 21.60094, 153.6962
-10.99072, 1.459594, 8.349634, 22.81331, 153.7096
-11.00322, 1.459594, 8.323247, 21.09109, 153.7738
-10.9917, 1.459594, 8.352101, 22.8061, 153.7036
-11.00248, 1.454596, 8.35, 21.90792, 154.0976
-11.00298, 1.456804, 8.353423, 21.9663, 153.9174
-11.00139, 1.464588, 8.350063, 21.99514, 153.3199
-10.99687, 1.468889, 8.321372, 21.53378, 153.0523
-11.0036, 1.451229, 8.324782, 21.10511, 154.4232
-11.0038, 1.469327, 8.35, 21.80539, 152.9512
-11.00303, 1.458561, 8.345204, 21.73, 153.8007
-10.99184, 1.468057, 8.355343, 22.88632, 153.0376
-11.00007, 1.458691, 8.371702, 22.7077, 153.7262
-11.0026, 1.46198, 8.352142, 21.95977, 153.5178
-11.00269, 1.440232, 8.35, 21.89196, 155.2154
-11.00624, 1.486065, 8.34182, 21.3838, 151.6664
-11.00682, 1.467309, 8.343293, 21.38055, 153.124
-11.00245, 1.468649, 8.376932, 22.66969, 152.9413
-10.99497, 1.441277, 8.338679, 22.17296, 155.1637
-11.00567, 1.43651, 8.35, 21.65993, 155.5051
-11.00601, 1.451932, 8.351006, 21.66172, 154.3024
-11.00729, 1.434432, 8.35861, 21.77786, 155.6437
-11.00119, 1.47493, 8.363932, 22.4021, 152.4836
-10.99208, 1.427276, 8.339634, 22.42487, 156.2523
-10.99392, 1.459594, 8.35, 22.57416, 153.7087
-10.99786, 1.459594, 8.349793, 22.26218, 153.7092
-10.98923, 1.459594, 8.353184, 23.02899, 153.701
-10.9986, 1.459594, 8.3391, 21.90172, 153.7352
-11.01305, 1.459594, 8.325568, 20.38988, 153.7682
-10.98308, 1.469481, 8.35, 23.41813, 152.9392
-10.98351, 1.451352, 8.35169, 23.43228, 154.3458
-11.00246, 1.462686, 8.336151, 21.51702, 153.5012
-11.01414, 1.469142, 8.353495, 21.09974, 152.9575
-10.99406, 1.456738, 8.367352, 23.05189, 153.8884
-11.01514, 1.469005, 8.35, 20.9227, 152.9762
-11.01274, 1.478656, 8.355075, 21.25387, 152.2139
-10.98792, 1.463425, 8.354585, 23.17009, 153.3996
-11.00473, 1.449432, 8.36185, 22.06773, 154.4695
-10.99727, 1.45197, 8.376422, 23.05694, 154.236
-11.00641, 1.443212, 8.35, 21.60223, 154.9836
-10.99238, 1.44187, 8.350492, 22.70838, 155.0867
-10.99736, 1.435711, 8.344488, 22.15074, 155.582
-11.01315, 1.445333, 8.341806, 20.84473, 154.8395
-11.00715, 1.474895, 8.320872, 20.71641, 152.5844
-10.99688, 1.499247, 8.35, 22.34409, 150.6228
-10.998, 1.468117, 8.346764, 22.16516, 153.0529
-11.01227, 1.445309, 8.352589, 21.21998, 154.8137
-11.00262, 1.485091, 8.327599, 21.26169, 151.7731
-11.00845, 1.42838, 8.378994, 22.26244, 156.0586
-11.00201, 1.459594, 8.35, 21.94492, 153.7087
-10.97631, 1.459594, 8.345074, 23.80661, 153.7206
-11.02521, 1.459594, 8.334784, 19.70467, 153.7457
-10.99336, 1.459594, 8.322844, 21.84969, 153.7748
-10.99035, 1.459594, 8.387296, 23.89747, 153.6186
-11.0075, 1.453606, 8.35, 21.51725, 154.1746
-10.99183, 1.464672, 8.341323, 22.49178, 153.3341
-11.00856, 1.46512, 8.338391, 21.10567, 153.3062
-10.97204, 1.463944, 8.348062, 24.22262, 153.3748
-10.9936, 1.468516, 8.329208, 22.01109, 153.0631
-11.0066, 1.45025, 8.35, 21.58768, 154.4358
-10.9777, 1.454595, 8.34616, 23.72857, 154.1071
-10.98353, 1.450013, 8.35356, 23.48308, 154.4452
-11.01132, 1.473851, 8.357251, 21.42613, 152.5826
-11.01509, 1.446857, 8.370679, 21.51283, 154.6471
-11.0144, 1.457693, 8.35, 20.9803, 153.8566
-11.00122, 1.45745, 8.351508, 22.04876, 153.8718
-11.01922, 1.464913, 8.362964, 20.97379, 153.264
-11.00933, 1.472596, 8.321335, 20.55887, 152.7629
-11.02407, 1.439239, 8.3527, 20.30521, 155.2856
-10.97562, 1.459071, 8.35, 23.9985, 153.7494
-11.0194, 1.430425, 8.354529, 20.72014, 155.9663
-10.99914, 1.456743, 8.369975, 22.73093, 153.8816
-10.98575, 1.45164, 8.356395, 23.38956, 154.3116
-10.97233, 1.449621, 8.388562, 25.32802, 154.3878
-10.96992, 1.459594, 8.35, 24.44213, 153.7087
-11.01351, 1.459594, 8.341505, 20.80792, 153.7293
-10.98278, 1.459594, 8.34548, 23.3144, 153.7197
-11.0203, 1.459594, 8.346072, 20.40928, 153.7182
-10.96442, 1.459594, 8.382521, 25.77332, 153.6301
-10.98255, 1.461477, 8.35, 23.45934, 153.5621
-11.03119, 1.454244, 8.346636, 19.57778, 154.1333
-10.99666, 1.461598, 8.361416, 22.68305, 153.5253
-10.9662, 1.464869, 8.346631, 24.63721, 153.3062
-11.03865, 1.454203, 8.350206, 19.09962, 154.1277
-10.97139, 1.446791, 8.35, 24.32772, 154.705
-10.98828, 1.445844, 8.354787, 23.14806, 154.7664
-11.01221, 1.477181, 8.340293, 20.87532, 152.3618
-10.97369, 1.47273, 8.355254, 24.29564, 152.6744
-10.96221, 1.447821, 8.313143, 24.00968, 154.7191
-11.00291, 1.468183, 8.35, 21.87492, 153.0402
-11.01945, 1.473583, 8.342943, 20.38662, 152.6361
-11.01137, 1.448006, 8.369237, 21.7607, 154.5616
-10.96252, 1.442751, 8.328049, 24.40374, 155.0765
-11.0233, 1.487384, 8.35221, 20.35084, 151.5412
-10.98248, 1.487357, 8.35, 23.46487, 151.5481
-11.00325, 1.443497, 8.353122, 21.93653, 154.9532
-11.02122, 1.490703, 8.344278, 20.28673, 151.2998
-10.98954, 1.454935, 8.346304, 22.81112, 154.0804
-11.00364, 1.421944, 8.347281, 21.74104, 156.6463
-10.99956, 1.714594, 8.35, 22.13515, 133.8643
-10.99956, 1.714594, 8.356285, 22.31259, 133.8652
-10.99956, 1.714594, 8.361379, 22.45618, 133.866
-10.99956, 1.714594, 8.356087, 22.30698, 133.8652
-10.99956, 1.714594, 8.316236, 21.17685, 133.8593
-10.99956, 1.712738, 8.35, 22.13515, 134.0087
-10.99956, 1.707103, 8.345756, 22.01513, 134.447
-10.99956, 1.718676, 8.333719, 21.6741, 133.5435
-10.99956, 1.712153, 8.325844, 21.45041, 134.0512
-10.99956, 1.708022, 8.37138, 22.73759, 134.3774
-10.99956, 1.699479, 8.35, 22.13515, 135.0406
-10.99956, 1.695593, 8.34956, 22.12269, 135.343
-10.99956, 1.71949, 8.333866, 21.67827, 133.4801
-10.99956, 1.704155, 8.359019, 22.38971, 134.677
-10.99956, 1.724403, 8.325589, 21.44314, 133.0949
-10.99956, 1.70452, 8.35, 22.13515, 134.6483
-10.99956, 1.711208, 8.34635, 22.03192, 134.1274
-10.99956, 1.735914, 8.334288, 21.69024, 132.1994
-10.99956, 1.713207, 8.352997, 22.21978, 133.9727
-10.99956, 1.725135, 8.337097, 21.76991, 133.0407
-10.99956, 1.703757, 8.35, 22.13515, 134.7077
-10.99956, 1.705478, 8.348935, 22.10504, 134.5736
-10.99956, 1.697251, 8.357122, 22.33622, 135.2138
-10.99956, 1.715746, 8.358711, 22.38102, 133.776
-10.99956, 1.676567, 8.368672, 22.66148, 136.8192
-11.00309, 1.714594, 8.35, 21.8606, 133.8643
-10.995, 1.714594, 8.348163, 22.43823, 133.8641
-11.00457, 1.714594, 8.358674, 21.99068, 133.8656
-10.99088, 1.714594, 8.358605, 23.05339, 133.8656
-11.00258, 1.714594, 8.368875, 22.43265, 133.8671
-10.99239, 1.722405, 8.35, 22.69373, 133.2564
-10.99905, 1.70562, 8.353572, 22.27602, 134.5628
-11.00739, 1.714109, 8.365551, 21.96556, 133.9043
-10.99809, 1.714991, 8.372774, 22.89096, 133.8368
-11.00864, 1.714969, 8.361653, 21.75892, 133.8368
-11.00119, 1.716467, 8.35, 22.00892, 133.7185
-10.99818, 1.73356, 8.346107, 22.13247, 132.387
-11.00063, 1.72272, 8.364841, 22.47075, 133.2353
-11.00352, 1.713932, 8.326956, 21.17343, 133.9126
-11.0048, 1.694929, 8.343949, 21.55658, 135.395
-10.99302, 1.713246, 8.35, 22.64415, 133.9692
-11.00136, 1.700259, 8.351816, 22.04628, 134.9799
-11.00605, 1.701159, 8.356492, 21.8143, 134.9099
-10.99417, 1.717427, 8.377133, 23.31781, 133.6486
-11.00894, 1.697044, 8.348759, 21.3699, 135.2301
-11.00051, 1.707299, 8.35, 22.06135, 134.432
-10.99277, 1.709155, 8.357307, 22.8697, 134.2882
-10.99329, 1.753821, 8.361664, 22.95206, 130.818
-10.99514, 1.71512, 8.336971, 22.11083, 133.8214
-10.99851, 1.705876, 8.3311, 21.68186, 134.5416
-10.98467, 1.714594, 8.35, 23.29411, 133.8643
-11.01052, 1.714594, 8.3438, 21.1064, 133.8634
-11.00162, 1.714594, 8.346738, 21.88313, 133.8638
-11.01194, 1.714594, 8.368662, 21.70014, 133.8671
-10.98709, 1.714594, 8.380113, 23.94962, 133.8687
-11.00839, 1.707248, 8.35, 21.44844, 134.436
-11.00172, 1.71666, 8.356383, 22.14789, 133.7046
-11.00381, 1.705509, 8.340765, 21.54335, 134.5708
-10.99904, 1.721471, 8.341696, 21.94098, 133.3273
-11.01887, 1.719932, 8.358792, 20.88264, 133.4506
-10.98357, 1.704022, 8.35, 23.37961, 134.687
-10.99027, 1.706409, 8.351615, 22.90376, 134.5014
-11.00293, 1.694686, 8.365683, 22.31608, 135.4128
-10.98892, 1.706575, 8.372546, 23.59607, 134.4898
-10.9962, 1.695382, 8.368645, 22.92203, 135.3585
-11.01138, 1.729878, 8.35, 21.21534, 132.6749
-11.01515, 1.692531, 8.341948, 20.69292, 135.5819
-10.9834, 1.742176, 8.361379, 23.71256, 131.7227
-10.9886, 1.700569, 8.328938, 22.39388, 134.9556
-10.99627, 1.743777, 8.368773, 22.9202, 131.6015
-11.01028, 1.73814, 8.35, 21.30132, 132.0319
-11.00148, 1.734192, 8.345774, 21.8667, 132.3377
-10.99312, 1.727328, 8.334935, 22.21105, 132.8691
-10.99575, 1.694098, 8.322342, 21.64883, 135.4609
-11.01445, 1.731117, 8.337114, 20.60994, 132.5744
-11.02293, 1.714594, 8.35, 20.31668, 133.8643
-10.99262, 1.714594, 8.356671, 22.86306, 133.8653
-11.02835, 1.714594, 8.350911, 19.92077, 133.8645
-11.00574, 1.714594, 8.321788, 20.85232, 133.8602
-11.01578, 1.714594, 8.329575, 20.29075, 133.8613
-11.02938, 1.716729, 8.35, 19.8151, 133.6982
-11.01418, 1.724475, 8.344281, 20.83516, 133.0939
-10.97177, 1.704783, 8.352753, 24.37519, 134.6279
-10.9798, 1.715708, 8.378133, 24.45924, 133.782
-10.99614, 1.708105, 8.337469, 22.04707, 134.3683
-10.97631, 1.699453, 8.35, 23.945, 135.0426
-10.97757, 1.730813, 8.341033, 23.59467, 132.5993
-11.01554, 1.705141, 8.335052, 20.46636, 134.5991
-11.00383, 1.703394, 8.337177, 21.43968, 134.7354
-11.01491, 1.698119, 8.384459, 21.91572, 135.1458
-11.02858, 1.720498, 8.35, 19.87673, 133.4048
-10.99166, 1.688707, 8.352791, 22.82843, 135.8785
-11.01979, 1.738635, 8.338374, 20.22997, 131.9889
-10.98641, 1.688685, 8.370432, 23.73184, 135.8782
-10.98009, 1.738557, 8.336167, 23.2617, 131.994
-11.00576, 1.687646, 8.35, 21.65262, 135.9614
-11.02471, 1.69618, 8.347757, 20.11414, 135.2974
-10.98434, 1.689062, 8.349934, 23.31762, 135.8512
-10.98108, 1.69056, 8.328216, 22.96007, 135.7367
-10.99519, 1.740766, 8.368613, 22.99909, 131.8352
-10.9792, 1.714594, 8.35, 23.72017, 133.8643
-11.02944, 1.714594, 8.354768, 19.94642, 133.865
-11.03191, 1.714594, 8.335958, 19.2161, 133.8623
-10.9804, 1.714594, 8.360309, 23.91562, 133.8658
-11.00952, 1.714594, 8.342002, 21.13316, 133.8631
-10.98091, 1.719881, 8.35, 23.58663, 133.4529
-10.97243, 1.723841, 8.347903, 24.18816, 133.1442
-11.02972, 1.714908, 8.352804, 19.86843, 133.8403
-11.0028, 1.722098, 8.379725, 22.72099, 133.2869
-10.96573, 1.709438, 8.313472, 23.74327, 134.262
-10.99566, 1.696459, 8.35, 22.4389, 135.2755
-10.96123, 1.702131, 8.345089, 24.98148, 134.8341
-11.03791, 1.730009, 8.357885, 19.37652, 132.6671
-11.03737, 1.729558, 8.360895, 19.50462, 132.703
-11.0035, 1.729274, 8.383647, 22.7764, 132.7318
-11.02907, 1.744009, 8.35, 19.83896, 131.5752
-11.00536, 1.690538, 8.346153, 21.57473, 135.7367
-10.96152, 1.722487, 8.342094, 24.87535, 133.2482
-11.03324, 1.692196, 8.338854, 19.19509, 135.6082
-10.96541, 1.692635, 8.318011, 23.89641, 135.5755
-11.00786, 1.699723, 8.35, 21.4897, 135.0216
-11.01873, 1.711806, 8.353974, 20.75689, 134.0817
-10.96746, 1.736501, 8.341539, 24.3967, 132.1563
-10.98669, 1.715436, 8.355597, 23.29419, 133.7996
-11.0226, 1.720886, 8.337633, 19.98917, 133.372
-10.95079, 2.389187, 8.35, 25.93073, 81.36674
-10.95079, 2.389187, 8.35616, 26.10161, 81.40956
-10.95079, 2.389187, 8.335846, 25.537, 81.2681
-10.95079, 2.389187, 8.379303, 26.74122, 81.56982
-10.95079, 2.389187, 8.375631, 26.64001, 81.54445
-10.95079, 2.385529, 8.35, 25.93073, 81.65146
-10.95079, 2.395933, 8.344145, 25.76802, 80.80066
-10.95079, 2.386111, 8.337801, 25.59148, 81.52158
-10.95079, 2.385407, 8.373148, 26.57149, 81.8206
-10.95079, 2.398141, 8.348407, 25.88646, 80.65871
-10.95079, 2.403016, 8.35, 25.93073, 80.2906
-10.95079, 2.384578, 8.353204, 26.01963, 81.74753
-10.95079, 2.372747, 8.354927, 26.06742, 82.6796
-10.95079, 2.377883, 8.325265, 25.24173, 82.07671
-10.95079, 2.377389, 8.345279, 25.79955, 82.25258
-10.95079, 2.385643, 8.35, 25.93073, 81.64258
-10.95079, 2.392661, 8.35372, 26.03395, 81.12242
-10.95079, 2.415737, 8.367869, 26.42571, 79.42938
-10.95079, 2.395961, 8.346709, 25.83931, 80.81651
-10.95079, 2.413647, 8.381789, 26.80972, 79.69128
-10.95079, 2.412808, 8.35, 25.93073, 79.52856
-10.95079, 2.352783, 8.355004, 26.06956, 84.23274
-10.95079, 2.366195, 8.34964, 25.92072, 83.15363
-10.95079, 2.383046, 8.345012, 25.79212, 81.81026
-10.95079, 2.405328, 8.349337, 25.91228, 80.10593
-10.94778, 2.389187, 8.35, 26.1649, 81.36674
-10.94586, 2.389187, 8.357042, 26.50937, 81.41568
-10.95383, 2.389187, 8.34321, 25.5052, 81.31947
-10.9489, 2.389187, 8.331059, 25.55067, 81.23466
-10.95454, 2.389187, 8.338089, 25.30693, 81.28375
-10.95651, 2.393636, 8.35, 25.48566, 81.02057
-10.94758, 2.386906, 8.357089, 26.37684, 81.59341
-10.9481, 2.383797, 8.347187, 26.06226, 81.7668
-10.95163, 2.393074, 8.321657, 25.07538, 80.86533
-10.9456, 2.383303, 8.32864, 25.74133, 81.67694
-10.94485, 2.404242, 8.35, 26.3933, 80.19516
-10.95026, 2.374013, 8.352832, 26.05037, 82.56686
-10.9415, 2.406811, 8.343894, 26.48473, 79.95169
-10.94259, 2.409128, 8.347677, 26.50429, 79.79831
-10.94741, 2.396333, 8.327805, 25.57682, 80.65421
-10.95862, 2.415238, 8.35, 25.32157, 79.33948
-10.95368, 2.398188, 8.350866, 25.73011, 80.67241
-10.95794, 2.385406, 8.369523, 25.91678, 81.79573
-10.95365, 2.377693, 8.352816, 25.7866, 82.2805
-10.95761, 2.386575, 8.328981, 24.81365, 81.42403
-10.9536, 2.387553, 8.35, 25.71236, 81.49393
-10.94094, 2.390138, 8.349243, 26.67639, 81.28752
-10.95388, 2.358061, 8.36348, 26.06433, 83.87837
-10.9451, 2.422189, 8.341909, 26.14875, 78.73947
-10.95301, 2.409253, 8.318758, 24.88649, 79.58064
-10.95611, 2.389187, 8.35, 25.51683, 81.36674
-10.95537, 2.389187, 8.347857, 25.51456, 81.35182
-10.94057, 2.389187, 8.36867, 27.2414, 81.49631
-10.95003, 2.389187, 8.35641, 26.16763, 81.4113
-10.94937, 2.389187, 8.362735, 26.39425, 81.45518
-10.96412, 2.383364, 8.35, 24.89379, 81.81993
-10.95023, 2.380005, 8.345136, 25.83929, 82.0479
-10.94132, 2.384774, 8.333871, 26.22053, 81.59845
-10.94644, 2.391705, 8.376258, 26.99455, 81.3535
-10.9442, 2.398266, 8.335472, 26.04029, 80.55762
-10.94158, 2.39545, 8.35, 26.64783, 80.87941
-10.95836, 2.398576, 8.345988, 25.23022, 80.60779
-10.94791, 2.379695, 8.346929, 26.06981, 82.0844
-10.955, 2.385323, 8.347226, 25.52629, 81.64825
-10.95688, 2.387678, 8.376529, 26.19271, 81.66774
-10.96246, 2.385761, 8.35, 25.02281, 81.63339
-10.95028, 2.412255, 8.340992, 25.7202, 79.50679
-10.9351, 2.399836, 8.332775, 26.67506, 80.41611
-10.95339, 2.40987, 8.359467, 25.99089, 79.82495
-10.93436, 2.382807, 8.366824, 27.67231, 81.97896
-10.93679, 2.401244, 8.35, 27.02052, 80.42848
-10.94936, 2.41317, 8.356113, 26.21162, 79.54439
-10.95668, 2.395249, 8.365727, 25.90944, 81.00514
-10.951, 2.388968, 8.348887, 25.88342, 81.37604
-10.93235, 2.379292, 8.334177, 26.92835, 82.02814
-10.95061, 2.389187, 8.35, 25.94504, 81.36674
-10.93455, 2.389187, 8.343604, 27.01754, 81.3222
-10.97681, 2.389187, 8.341211, 23.65949, 81.30553
-10.94357, 2.389187, 8.372355, 27.11022, 81.52179
-10.97506, 2.389187, 8.355574, 24.1983, 81.40549
-10.93671, 2.392224, 8.35, 27.0264, 81.13043
-10.95879, 2.379759, 8.34504, 25.17001, 82.06645
-10.92609, 2.39431, 8.349438, 27.83727, 80.96413
-10.97592, 2.392185, 8.343199, 23.78423, 81.08592
-10.95697, 2.386318, 8.370852, 26.0282, 81.7341
-10.9798, 2.392472, 8.35, 23.67338, 81.11116
-10.92488, 2.399102, 8.344524, 27.7963, 80.55652
-10.92892, 2.397557, 8.348351, 27.58757, 80.70384
-10.93176, 2.388744, 8.334543, 26.98431, 81.29358
-10.95597, 2.390448, 8.335752, 25.13098, 81.16917
-10.94708, 2.369911, 8.35, 26.21922, 82.86687
-10.97932, 2.395211, 8.353686, 23.81365, 80.92381
-10.95881, 2.371961, 8.337391, 24.95496, 82.62164
-10.96182, 2.394376, 8.340046, 24.79421, 80.89311
-10.96714, 2.385142, 8.343929, 24.48866, 81.63959
-10.95498, 2.391613, 8.35, 25.60501, 81.17801
-10.95477, 2.364932, 8.355341, 25.76943, 83.29012
-10.9542, 2.392296, 8.366615, 26.12623, 81.24066
-10.95763, 2.394299, 8.3761, 26.12238, 81.15123
-10.94584, 2.3811, 8.33352, 25.85783, 81.88255
-10.94896, 2.389187, 8.35, 26.07293, 81.36674
-10.98328, 2.389187, 8.347854, 23.34208, 81.35182
-10.94504, 2.389187, 8.365213, 26.79854, 81.47235
-10.91644, 2.389187, 8.357387, 28.80594, 81.41808
-10.94873, 2.389187, 8.315579, 25.13198, 81.12622
-10.95296, 2.380273, 8.35, 25.76181, 82.0605
-10.96942, 2.395822, 8.35799, 24.70426, 80.90652
-10.92497, 2.379766, 8.330893, 27.41305, 81.96854
-10.91455, 2.392199, 8.372935, 29.37734, 81.29213
-10.94862, 2.389722, 8.376603, 26.83531, 81.50969
-10.97312, 2.373906, 8.35, 24.19295, 82.55594
-10.9479, 2.377096, 8.347545, 26.08792, 82.29092
-10.9833, 2.405871, 8.344968, 23.25903, 80.03252
-10.95077, 2.375697, 8.342718, 25.72965, 82.36687
-10.97537, 2.381676, 8.387164, 25.05428, 82.20578
-10.9169, 2.410867, 8.35, 28.56806, 79.67958
-10.95276, 2.384867, 8.350116, 25.78075, 81.70375
-10.91198, 2.364177, 8.338708, 28.64116, 83.2373
-10.91137, 2.40115, 8.345252, 28.86842, 80.40216
-10.92251, 2.392865, 8.33387, 27.68759, 80.96748
-10.93696, 2.416742, 8.35, 27.00727, 79.22246
-10.93935, 2.422238, 8.351033, 26.84929, 78.80226
-10.94554, 2.424489, 8.3571, 26.53573, 78.67142
-10.93354, 2.376586, 8.332259, 26.78281, 82.22595
-10.95394, 2.39735, 8.342275, 25.47084, 80.67706
-11.29513, 2.939583, 8.387188, 0.2898788, 38.9975
