-10.96986, 0.02, 8.35, 8.882146, 265.7393
-10.96986, 0.02, 8.340342, 8.592253, 265.9033
-10.96986, 0.02, 8.341492, 8.6268, 265.8838
-10.96986, 0.02, 8.330957, 8.309884, 266.063
-10.96986, 0.02, 8.328891, 8.247614, 266.0982
-10.96986, 0.01068365, 8.35, 8.882146, 266.4643
-10.96986, 0.02988805, 8.346011, 8.762498, 265.0371
-10.96986, 0.02279876, 8.354589, 9.019618, 265.4438
-10.96986, 0.02310678, 8.37105, 9.511428, 265.1422
-10.96986, 0.0100436, 8.337017, 8.492303, 266.736
-10.96986, 0.01347046, 8.35, 8.882146, 266.2474
-10.96986, 0.03538876, 8.344103, 8.705235, 264.6409
-10.96986, 0.03221039, 8.33529, 8.440347, 265.0372
-10.96986, 0.009696789, 8.32421, 8.106437, 266.9826
-10.96986, 0.02294535, 8.336032, 8.462677, 265.747
-10.96986, -0.008486243, 8.35, 8.882146, 267.9561
-10.96986, 0.04732449, 8.347272, 8.800321, 263.6584
-10.96986, 0.00888911, 8.345221, 8.738766, 266.6856
-10.96986, 0.01078457, 8.331096, 8.314061, 266.7796
-10.96986, -0.009901764, 8.380496, 9.792695, 267.542
-10.96986, 0.05242251, 8.35, 8.882146, 263.2162
-10.96986, 0.03941682, 8.348916, 8.849616, 264.2465
-10.96986, 0.02151421, 8.356322, 9.071503, 265.5144
-10.96986, 0.02427796, 8.377314, 9.698009, 264.946
-10.96986, 0.0112011, 8.365102, 9.333944, 266.1671
-10.97706, 0.02, 8.35, 8.322501, 265.7393
-10.96098, 0.02, 8.356868, 9.778376, 265.623
-10.97955, 0.02, 8.349554, 8.115048, 265.7469
-10.96207, 0.02, 8.349106, 9.462132, 265.7545
-10.96492, 0.02, 8.357917, 9.503202, 265.6052
-10.97875, 0.01851187, 8.35, 8.190451, 265.8551
-10.97192, 0.01895525, 8.34573, 8.594255, 265.8931
-10.96557, 0.0266518, 8.3343, 8.745203, 265.4874
-10.97461, 0.01967457, 8.360105, 8.815527, 265.5935
-10.97463, 0.01419506, 8.337351, 8.130598, 266.4066
-10.97886, 0.01606119, 8.35, 8.181911, 266.0458
-10.97784, 0.01648775, 8.346886, 8.168106, 266.0656
-10.97828, 0.03614342, 8.3545, 8.362141, 264.4075
-10.97205, 0.02240432, 8.332012, 8.170938, 265.8575
-10.96001, 0.00956442, 8.360351, 9.95759, 266.375
-10.96667, 0.0224575, 8.35, 9.130683, 265.5481
-10.96545, 0.02316217, 8.340967, 8.955274, 265.6463
-10.97871, 0.006013724, 8.350465, 8.207731, 266.8198
-10.96408, 0.002237249, 8.374517, 10.06336, 266.7028
-10.97531, 0.006896093, 8.34421, 8.284478, 266.8581
-10.97787, 0.05908504, 8.35, 8.258801, 262.6977
-10.97313, 0.03214317, 8.350325, 8.637886, 264.7888
-10.97262, 0.005136185, 8.334946, 8.214755, 267.1541
-10.96385, 0.0442351, 8.330191, 8.756204, 264.1852
-10.96983, -0.005194068, 8.372335, 9.552698, 267.3166
-10.96791, 0.02, 8.35, 9.034138, 265.7393
-10.96689, 0.02, 8.34307, 8.905864, 265.8569
-10.97036, 0.02, 8.356155, 9.027886, 265.635
-10.96453, 0.02, 8.362476, 9.669943, 265.5281
-10.96015, 0.02, 8.323458, 8.842049, 266.1909
-10.98096, 0.01058065, 8.35, 8.018274, 266.4723
-10.95499, 0.01762761, 8.34797, 9.979219, 265.9584
-10.9646, 0.02787867, 8.349607, 9.280057, 265.1328
-10.96296, 0.02099996, 8.363969, 9.836698, 265.4252
-10.98655, 0.01046013, 8.38705, 8.695164, 265.8529
-10.98158, 0.01594857, 8.35, 7.970781, 266.0546
-10.97001, 0.01252464, 8.350857, 8.896165, 266.3065
-10.98456, 0.01518783, 8.336703, 7.336993, 266.3403
-10.96206, 0.03838538, 8.34353, 9.295564, 264.4171
-10.98804, 0.03141014, 8.33652, 7.060261, 265.0788
-10.95764, 0.005022788, 8.35, 9.833307, 266.9048
-10.95673, 0.03725907, 8.357589, 10.13031, 264.269
-10.95836, 0.0281759, 8.343055, 9.569621, 265.2203
-10.97126, 0.002443643, 8.339331, 8.452835, 267.2886
-10.98569, 0.02765588, 8.387908, 8.787203, 264.5068
-10.97898, 0.04220913, 8.35, 8.172584, 264.011
-10.96463, 0.001453917, 8.352191, 9.35533, 267.1451
-10.95729, 0.0578894, 8.352616, 9.93855, 262.7474
-10.98544, -0.0109766, 8.355862, 7.846599, 268.0488
-10.98224, 0.003797874, 8.322115, 7.076426, 267.4793
-10.9691, 0.02, 8.35, 8.941526, 265.7393
-10.95044, 0.02, 8.341023, 10.12578, 265.8917
-10.98771, 0.02, 8.362465, 7.868643, 265.5283
-10.95367, 0.02, 8.321553, 9.291344, 266.2235
-10.98351, 0.02, 8.37614, 8.604355, 265.2975
-10.95413, 0.01259204, 8.35, 10.10648, 266.3158
-10.94516, 0.01407329, 8.357296, 11.02123, 266.0765
-10.97891, 0.01702564, 8.344681, 8.018274, 266.0612
-10.97894, 0.01621327, 8.358761, 8.439031, 265.8853
-10.95805, 0.02785147, 8.316801, 8.805785, 265.691
-10.95777, 0.01227597, 8.35, 9.823093, 266.3404
-10.97835, 0.02246699, 8.342197, 7.986875, 265.6796
-10.94989, 0.005729071, 8.347318, 10.35656, 266.8958
-10.95285, 0.03029629, 8.357996, 10.44409, 264.8034
-10.959, 0.01940811, 8.313349, 8.62803, 266.4101
-10.95097, 0.03179907, 8.35, 10.35251, 264.8211
-10.94525, 0.02794949, 8.35916, 11.06974, 264.9662
-10.94098, 0.02361909, 8.365602, 11.59191, 265.1942
-10.97342, 0.02256042, 8.337237, 8.222079, 265.7565
-10.9842, 0.002711544, 8.310403, 6.567965, 267.7666
-10.99436, 0.05808856, 8.35, 6.976047, 262.7752
-10.99896, -0.0007411316, 8.341606, 6.363831, 267.4977
-10.98786, 0.03969228, 8.363645, 7.892361, 263.9786
-10.97219, 0.002901431, 8.336091, 8.283277, 267.3086
-10.95639, -0.01870276, 8.320824, 9.056783, 269.2592
-10.95348, 0.02, 8.35, 10.15736, 265.7393
-10.98742, 0.02, 8.347516, 7.440562, 265.7815
-10.93532, 0.02, 8.344388, 11.40437, 265.8346
-10.99251, 0.02, 8.351182, 7.155418, 265.7193
-10.99609, 0.02, 8.317054, 5.840278, 266.3004
-10.94958, 0.01885879, 8.35, 10.46052, 265.8281
-10.97204, 0.02757967, 8.345554, 8.579021, 265.2245
-10.99832, 0.02523455, 8.334265, 6.19071, 265.5985
-10.99482, 0.02348235, 8.36686, 7.448244, 265.1836
-10.93285, 0.01394726, 8.328089, 11.1124, 266.5843
-10.98922, 0.006298919, 8.35, 7.375503, 266.8055
-10.97342, 0.03992198, 8.352979, 8.694592, 264.1391
-10.9828, 0.02885335, 8.368395, 8.427672, 264.7408
-10.94143, 0.001361329, 8.367919, 11.62597, 266.8833
-11.00118, 0.03352958, 8.379352, 7.330699, 264.1946
-10.99559, 0.02086167, 8.35, 6.880345, 265.6722
-10.95259, 0.02945916, 8.350577, 10.24384, 264.9935
-10.94834, 0.03190402, 8.367591, 11.07938, 264.5174
-10.93681, 0.01615058, 8.322443, 10.63431, 266.5089
-10.93014, 0.04394207, 8.349075, 11.94577, 263.8916
-10.93675, -0.0172277, 8.35, 11.45923, 268.6364
-10.986, -0.007110685, 8.343484, 7.429905, 267.9615
-10.94159, -0.01055497, 8.359467, 11.36284, 267.9539
-10.96568, -0.0003979057, 8.346788, 9.111671, 267.3818
-10.96215, 0.05204522, 8.355474, 9.645653, 263.1545
-10.96986, 0.1925, 8.35, 8.882146, 252.3152
-10.96986, 0.1925, 8.345046, 8.73353, 252.3906
-10.96986, 0.1925, 8.361237, 9.218459, 252.1445
-10.96986, 0.1925, 8.356569, 9.078884, 252.2153
-10.96986, 0.1925, 8.38895, 10.04385, 251.7255
-10.96986, 0.182838, 8.35, 8.882146, 253.0671
-10.96986, 0.1829582, 8.34701, 8.792453, 253.1035
-10.96986, 0.1902664, 8.355141, 9.036126, 252.4107
-10.96986, 0.1926445, 8.367396, 9.402452, 252.0399
-10.96986, 0.1939472, 8.334226, 8.408318, 252.4428
-10.96986, 0.1958717, 8.35, 8.882146, 252.0528
-10.96986, 0.1753681, 8.343404, 8.68422, 253.75
-10.96986, 0.1886206, 8.334682, 8.422022, 252.8512
-10.96986, 0.2012279, 8.366323, 9.370422, 251.3896
-10.96986, 0.1927878, 8.346665, 8.782125, 252.3435
-10.96986, 0.2024319, 8.35, 8.882146, 251.5423
-10.96986, 0.1995971, 8.359349, 9.16204, 251.6215
-10.96986, 0.193601, 8.36775, 9.412994, 251.9602
-10.96986, 0.215335, 8.332573, 8.358564, 250.7999
-10.96986, 0.1707263, 8.387412, 9.998188, 253.4349
-10.96986, 0.1810922, 8.35, 8.882146, 253.2029
-10.96986, 0.1938947, 8.34099, 8.611736, 252.3438
-10.96986, 0.1616796, 8.368012, 9.420819, 254.4346
-10.96986, 0.2202913, 8.358332, 9.131613, 250.0281
-10.96986, 0.1856238, 8.349029, 8.853021, 252.8651
-10.97453, 0.1925, 8.35, 8.519382, 252.3152
-10.97567, 0.1925, 8.350824, 8.455067, 252.3026
-10.96558, 0.1925, 8.331757, 8.667841, 252.5934
-10.97592, 0.1925, 8.376819, 9.213367, 251.9085
-10.95994, 0.1925, 8.339812, 9.350038, 252.4704
-10.96973, 0.1831285, 8.35, 8.892546, 253.0445
-10.96465, 0.1918092, 8.344606, 9.126077, 252.4511
-10.96759, 0.1936635, 8.335569, 8.62587, 252.4445
-10.9734, 0.2019543, 8.36577, 9.079571, 251.3415
-10.96772, 0.2018018, 8.380955, 9.972868, 251.1251
-10.96314, 0.1852443, 8.35, 9.405527, 252.8798
-10.96029, 0.2015388, 8.349386, 9.609203, 251.6211
-10.97095, 0.1843773, 8.330328, 8.205929, 253.249
-10.97028, 0.1880057, 8.365264, 9.30625, 252.4325
-10.96547, 0.1933796, 8.354486, 9.358592, 252.1786
-10.96238, 0.1696783, 8.35, 9.464893, 254.0912
-10.97776, 0.1986601, 8.341101, 7.999778, 251.9708
-10.96849, 0.2056249, 8.352398, 9.061131, 251.2576
-10.96139, 0.1936596, 8.35186, 9.59723, 252.1967
-10.96259, 0.1810513, 8.362244, 9.813738, 253.0187
-10.96016, 0.2316728, 8.35, 9.637671, 249.2667
-10.95993, 0.2209523, 8.342471, 9.42976, 250.2135
-10.96184, 0.2103472, 8.353158, 9.60062, 250.8788
-10.96333, 0.1924345, 8.355167, 9.544816, 252.2417
-10.96207, 0.2042657, 8.374292, 10.21239, 251.034
-10.96019, 0.1925, 8.35, 9.634995, 252.3152
-10.98806, 0.1925, 8.343913, 7.282119, 252.4079
-10.95231, 0.1925, 8.348694, 10.20962, 252.3351
-10.96824, 0.1925, 8.378827, 9.868798, 251.8782
-10.96172, 0.1925, 8.385009, 10.55783, 251.7849
-10.97991, 0.1842871, 8.35, 8.100443, 252.9543
-10.97849, 0.1990078, 8.341837, 7.965431, 251.9325
-10.97892, 0.1825623, 8.367418, 8.699856, 252.8224
-10.97884, 0.1927823, 8.354681, 8.324103, 252.222
-10.95071, 0.1895147, 8.342232, 10.1414, 252.666
-10.96682, 0.1738289, 8.35, 9.119167, 253.7682
-10.95091, 0.1797278, 8.359376, 10.63598, 253.1654
-10.97636, 0.1818557, 8.368225, 8.922629, 252.8649
-10.96723, 0.201606, 8.327729, 8.418388, 251.9444
-10.9535, 0.2078873, 8.35886, 10.41937, 250.9845
-10.95415, 0.1720132, 8.35, 10.10535, 253.9095
-10.97532, 0.1675442, 8.347536, 8.383656, 254.2954
-10.9672, 0.1775415, 8.334509, 8.624582, 253.7178
-10.95148, 0.1961888, 8.379629, 11.19172, 251.5801
-10.95482, 0.2017667, 8.328053, 9.396629, 251.9269
-10.96058, 0.168793, 8.35, 9.604597, 254.1601
-10.95773, 0.1929476, 8.348173, 9.772067, 252.3082
-10.9679, 0.1642158, 8.332441, 8.50781, 254.7891
-10.95402, 0.221636, 8.349902, 10.11233, 250.0493
-10.97304, 0.1643632, 8.319109, 7.704306, 254.9856
-10.9562, 0.1925, 8.35, 9.945631, 252.3152
-10.94093, 0.1925, 8.343307, 10.9348, 252.4171
-10.96108, 0.1925, 8.343981, 9.385357, 252.4068
-10.97836, 0.1925, 8.3568, 8.425312, 252.2118
-10.95928, 0.1925, 8.323431, 8.909769, 252.7209
-10.95231, 0.1886996, 8.35, 10.24826, 252.6109
-10.99321, 0.1909116, 8.340132, 6.766434, 252.5893
-10.99322, 0.1855767, 8.366708, 7.568364, 252.5991
-10.9478, 0.1930829, 8.331555, 10.04897, 252.551
-10.95818, 0.1931741, 8.316386, 8.783555, 252.7762
-10.95327, 0.1769035, 8.35, 10.17374, 253.5289
-10.9551, 0.208876, 8.34428, 9.860015, 251.1269
-10.9562, 0.1785991, 8.331708, 9.398103, 253.6785
-10.94194, 0.1760699, 8.345371, 10.91742, 253.665
-10.95073, 0.2101638, 8.380143, 11.26554, 250.489
-10.97229, 0.2024576, 8.35, 8.693647, 251.5403
-10.98652, 0.163944, 8.350154, 7.590423, 254.5351
-10.94207, 0.2066745, 8.33033, 10.4594, 251.5094
-10.98896, 0.2223774, 8.340601, 7.112417, 250.1304
-10.98143, 0.1965985, 8.319795, 7.069187, 252.4564
-10.98349, 0.1694923, 8.35, 7.822051, 254.1057
-10.98781, 0.1642011, 8.359291, 7.765603, 254.3736
-10.97729, 0.2159283, 8.35386, 8.420019, 250.4342
-10.96872, 0.1599741, 8.370157, 9.573326, 254.5339
-10.97181, 0.2220945, 8.332327, 8.199277, 250.2764
-10.96632, 0.1925, 8.35, 9.157877, 252.3152
-10.98173, 0.1925, 8.354587, 8.096724, 252.2454
-10.95341, 0.1925, 8.331776, 9.617701, 252.5932
-10.95319, 0.1925, 8.358769, 10.44117, 252.1819
-10.99716, 0.1925, 8.322837, 5.933003, 252.73
-10.94227, 0.2011958, 8.35, 11.0296, 251.6385
-10.97513, 0.1964247, 8.359887, 8.769107, 251.8599
-10.93885, 0.1884471, 8.333879, 10.8163, 252.8771
-10.99402, 0.1964682, 8.349005, 6.972384, 252.0215
-10.99364, 0.1941367, 8.373763, 7.74755, 251.8277
-10.99003, 0.1855124, 8.35, 7.312632, 252.8589
-10.94989, 0.1859292, 8.344261, 10.26552, 252.9143
-10.93505, 0.1761241, 8.366297, 12.07356, 253.3394
-10.95483, 0.1780154, 8.337325, 9.673619, 253.6374
-10.93385, 0.191025, 8.336847, 11.29436, 252.6306
-10.96917, 0.2050977, 8.35, 8.936062, 251.3348
-10.94324, 0.1759891, 8.355016, 11.10303, 253.523
-10.96828, 0.2195368, 8.335427, 8.567891, 250.4293
-10.97674, 0.1666282, 8.367811, 8.88063, 254.0535
-10.93414, 0.2146591, 8.327239, 10.98587, 250.933
-10.9998, 0.2040926, 8.35, 6.552658, 251.413
-11.00973, 0.1927245, 8.357336, 6.002183, 252.1862
-10.93276, 0.2232379, 8.350554, 11.78634, 249.9149
-10.93286, 0.2306987, 8.326801, 11.07265, 249.6876
-10.97179, 0.1657533, 8.373205, 9.426012, 254.0384
-10.96986, 0.3649999, 8.35, 8.882146, 238.8911
-10.96986, 0.3649999, 8.353312, 8.981352, 238.8465
-10.96986, 0.3649999, 8.340748, 8.604455, 239.0159
-10.96986, 0.3649999, 8.330223, 8.287768, 239.1582
-10.96986, 0.3649999, 8.383095, 9.869957, 238.447
-10.96986, 0.3658271, 8.35, 8.882146, 238.8267
-10.96986, 0.3558215, 8.358875, 9.147863, 239.4851
-10.96986, 0.3569988, 8.368733, 9.442334, 239.2604
-10.96986, 0.3697072, 8.333966, 8.400478, 238.7405
-10.96986, 0.365894, 8.345328, 8.741999, 238.8844
-10.96986, 0.3714869, 8.35, 8.882146, 238.3862
-10.96986, 0.3617184, 8.356231, 9.068756, 239.0623
-10.96986, 0.371092, 8.33126, 8.318996, 238.669
-10.96986, 0.3528016, 8.338861, 8.54775, 239.992
-10.96986, 0.3626235, 8.316254, 7.866082, 239.5335
-10.96986, 0.3758282, 8.35, 8.882146, 238.0484
-10.96986, 0.3842112, 8.340728, 8.603854, 237.5193
-10.96986, 0.3573979, 8.360011, 9.181852, 239.3472
-10.96986, 0.376183, 8.335965, 8.460646, 238.2087
-10.96986, 0.3490631, 8.381751, 9.830003, 239.7001
-10.96986, 0.4015442, 8.35, 8.882146, 236.0471
-10.96986, 0.4015664, 8.348647, 8.841577, 236.0632
-10.96986, 0.3937885, 8.353745, 8.994355, 236.6013
-10.96986, 0.3494329, 8.33939, 8.563657, 240.2473
-10.96986, 0.3812648, 8.360236, 9.188561, 237.4892
-10.96291, 0.3649999, 8.35, 9.423037, 238.8911
-10.97823, 0.3649999, 8.348328, 8.180594, 238.9136
-10.96415, 0.3649999, 8.358615, 9.584341, 238.7751
-10.97804, 0.3649999, 8.366987, 8.755274, 238.6627
-10.97812, 0.3649999, 8.380865, 9.163342, 238.4768
-10.97769, 0.3637352, 8.35, 8.273048, 238.9895
-10.97298, 0.372962, 8.340861, 8.364973, 238.394
-10.97969, 0.3648222, 8.365106, 8.571124, 238.7017
-10.97009, 0.3644453, 8.379415, 9.742999, 238.5392
-10.9691, 0.3668104, 8.342958, 8.730769, 238.845
-10.97519, 0.3808475, 8.35, 8.46797, 237.6578
-10.96978, 0.3662939, 8.355764, 9.061317, 238.7128
-10.97403, 0.3768457, 8.335838, 8.1317, 238.1587
-10.97366, 0.3614705, 8.324385, 7.814999, 239.513
-10.9654, 0.3772062, 8.359359, 9.509239, 237.8164
-10.96572, 0.3737341, 8.35, 9.205012, 238.2114
-10.9701, 0.3935584, 8.35187, 8.919625, 236.644
-10.97476, 0.3511516, 8.344768, 8.344274, 240.0401
-10.97719, 0.3770147, 8.356484, 8.507094, 237.8695
-10.97864, 0.3834921, 8.3616, 8.547449, 237.2981
-10.96397, 0.3459623, 8.35, 9.340568, 240.3726
-10.97074, 0.3796085, 8.359725, 9.105206, 237.6248
-10.97065, 0.3874779, 8.369785, 9.412723, 236.8804
-10.969, 0.3626045, 8.3712, 9.583325, 238.7921
-10.96923, 0.3849909, 8.366083, 9.412465, 237.1223
-10.98115, 0.3649999, 8.35, 8.003969, 238.8911
-10.97111, 0.3649999, 8.359085, 9.057255, 238.7688
-10.95736, 0.3649999, 8.361533, 10.19929, 238.7359
-10.96573, 0.3649999, 8.375527, 9.965672, 238.5482
-10.95801, 0.3649999, 8.386207, 10.88037, 238.4055
-10.95032, 0.3732746, 8.35, 10.40304, 238.2471
-10.95124, 0.3563748, 8.353737, 10.44245, 239.5116
-10.97454, 0.3583334, 8.355969, 8.697553, 239.3291
-10.98009, 0.3732673, 8.322225, 7.247558, 238.621
-10.96724, 0.3585159, 8.321837, 8.240061, 239.7784
-10.98477, 0.3746523, 8.35, 7.722244, 238.1399
-10.96741, 0.3519885, 8.351935, 9.131041, 239.8773
-10.95539, 0.3614244, 8.341728, 9.76171, 239.2812
-10.96051, 0.3659317, 8.375243, 10.36218, 238.4798
-10.95028, 0.3742939, 8.331707, 9.860501, 238.4132
-10.97377, 0.3754968, 8.35, 8.578277, 238.0742
-10.98549, 0.3375651, 8.342249, 7.432251, 241.1328
-10.98278, 0.3746779, 8.358833, 8.142943, 238.0199
-10.97841, 0.3742038, 8.329809, 7.608504, 238.4457
-10.96057, 0.3786024, 8.335856, 9.182167, 238.0215
-10.95848, 0.3301482, 8.35, 9.768105, 241.6033
-10.97047, 0.3580507, 8.357397, 9.056196, 239.3318
-10.96928, 0.3577064, 8.357405, 9.149623, 239.3584
-10.97375, 0.3417357, 8.354154, 8.70399, 240.6446
-10.98373, 0.3815717, 8.362062, 8.165503, 237.4412
-10.994, 0.3649999, 8.35, 7.003655, 238.8911
-10.95836, 0.3649999, 8.357373, 9.997473, 238.7918
-10.95166, 0.3649999, 8.361706, 10.64721, 238.7336
-10.96713, 0.3649999, 8.348449, 9.048343, 238.912
-10.99323, 0.3649999, 8.386399, 8.158021, 238.4029
-10.96532, 0.3573384, 8.35, 9.235539, 239.4873
-10.99387, 0.3715415, 8.346639, 6.912589, 238.4271
-10.99538, 0.3650915, 8.358989, 7.167621, 238.763
-10.9521, 0.3711059, 8.342863, 10.05136, 238.5117
-10.98044, 0.3630557, 8.383929, 9.075465, 238.5865
-10.94618, 0.373019, 8.35, 10.72543, 238.267
-10.99289, 0.3776211, 8.340178, 6.793413, 238.0401
-10.97268, 0.3690073, 8.354299, 8.791881, 238.5215
-10.97821, 0.3697001, 8.377789, 9.065051, 238.1535
-10.98077, 0.3749825, 8.335225, 7.587948, 238.3122
-10.97447, 0.3848621, 8.35, 8.523545, 237.3454
-10.98821, 0.3566683, 8.347339, 7.373872, 239.5755
-10.96763, 0.3781502, 8.331427, 8.498096, 238.1161
-10.97583, 0.359686, 8.352231, 8.484879, 239.2744
-10.94002, 0.3709203, 8.380189, 12.09716, 238.0269
-10.98305, 0.3851793, 8.35, 7.855711, 237.3207
-10.98561, 0.3592722, 8.341888, 7.412267, 239.4467
-10.96446, 0.3822982, 8.34307, 9.095192, 237.6371
-10.97774, 0.3420781, 8.339989, 7.967863, 240.8123
-10.94907, 0.3557691, 8.341512, 10.24733, 239.7247
-10.97696, 0.3649999, 8.35, 8.33004, 238.8911
-10.95836, 0.3649999, 8.348905, 9.744716, 238.9058
-11.0009, 0.3649999, 8.368459, 7.024913, 238.6429
-10.97129, 0.3649999, 8.339277, 8.448958, 239.0358
-10.97873, 0.3649999, 8.329935, 7.587619, 239.1621
-11.00665, 0.3663656, 8.35, 6.019135, 238.7848
-10.94952, 0.3741888, 8.352654, 10.544, 238.1405
-10.98665, 0.3741306, 8.352799, 7.659945, 238.1431
-10.99569, 0.3606116, 8.343892, 6.687827, 239.3152
-10.94974, 0.3608532, 8.368155, 10.98762, 238.9689
-10.97305, 0.3829616, 8.35, 8.633852, 237.4933
-10.99245, 0.3726505, 8.342031, 6.883435, 238.4026
-10.9485, 0.3632365, 8.358259, 10.78988, 238.917
-11.00511, 0.3692299, 8.320704, 5.247388, 238.9569
-10.93034, 0.3456955, 8.31201, 10.82847, 240.9152
-10.9786, 0.3805801, 8.35, 8.202095, 237.6786
-10.99681, 0.3701854, 8.35714, 7.000966, 238.3918
-10.98238, 0.3531761, 8.341511, 7.652535, 239.9267
-10.94881, 0.3685506, 8.368265, 11.06259, 238.3699
-10.93187, 0.3873473, 8.353161, 11.93251, 237.1101
-10.95478, 0.3998733, 8.35, 10.05571, 236.1772
-10.94165, 0.3603875, 8.353082, 11.16932, 239.2083
-10.94883, 0.3549187, 8.354247, 10.64525, 239.618
-10.95955, 0.3725318, 8.340255, 9.393082, 238.4357
-10.95875, 0.344645, 8.385393, 10.79947, 239.9931
-10.96986, 0.5374999, 8.35, 8.882146, 225.4669
-10.96986, 0.5374999, 8.356369, 9.072905, 225.3923
-10.96986, 0.5374999, 8.352464, 8.95596, 225.438
-10.96986, 0.5374999, 8.347589, 8.809848, 225.4952
-10.96986, 0.5374999, 8.319648, 7.968678, 225.8245
-10.96986, 0.5369842, 8.35, 8.882146, 225.5071
-10.96986, 0.537119, 8.347039, 8.793354, 225.5313
-10.96986, 0.5338561, 8.342666, 8.662062, 225.8369
-10.96986, 0.54066, 8.369432, 9.463177, 224.9942
-10.96986, 0.5343159, 8.378397, 9.730239, 225.3818
-10.96986, 0.5413504, 8.35, 8.882146, 225.1673
-10.96986, 0.5375748, 8.344525, 8.717895, 225.5254
-10.96986, 0.5404139, 8.352064, 8.943987, 225.216
-10.96986, 0.5437236, 8.37733, 9.698482, 224.6648
-10.96986, 0.5368545, 8.314521, 7.813668, 225.9356
-10.96986, 0.5437438, 8.35, 8.882146, 224.981
-10.96986, 0.5458729, 8.35199, 8.941755, 224.7922
-10.96986, 0.5420344, 8.355403, 9.043994, 225.0509
-10.96986, 0.5146715, 8.364452, 9.314561, 227.0709
-10.96986, 0.5467626, 8.384894, 9.923444, 224.3418
-10.96986, 0.5284492, 8.35, 8.882146, 226.1713
-10.96986, 0.5315756, 8.341437, 8.625169, 226.0291
-10.96986, 0.5335668, 8.345701, 8.753214, 225.8236
-10.96986, 0.5442089, 8.354964, 9.030848, 224.887
-10.96986, 0.5481689, 8.329094, 8.253722, 224.8804
-10.97671, 0.5374999, 8.35, 8.349094, 225.4669
-10.96154, 0.5374999, 8.348324, 9.480014, 225.4866
-10.96348, 0.5374999, 8.333261, 8.877039, 225.6638
-10.97347, 0.5374999, 8.321283, 7.73675, 225.8052
-10.9683, 0.5374999, 8.346972, 8.913188, 225.5025
-10.96783, 0.5398261, 8.35, 9.040561, 225.2859
-10.96418, 0.5460241, 8.347523, 9.25056, 224.8324
-10.96779, 0.5351236, 8.365392, 9.503889, 225.4713
-10.97924, 0.5305708, 8.336125, 7.73416, 226.1702
-10.9681, 0.532379, 8.365463, 9.481831, 225.6836
-10.96, 0.5341244, 8.35, 9.649715, 225.7296
-10.97955, 0.5527048, 8.343032, 7.918839, 224.3644
-10.96977, 0.5474793, 8.358799, 9.152842, 224.5881
-10.96365, 0.5408897, 8.332553, 8.842807, 225.4077
-10.96519, 0.5225228, 8.346792, 9.149795, 226.6706
-10.96808, 0.5125043, 8.35, 9.021077, 227.4121
-10.97126, 0.5657812, 8.349267, 8.75174, 223.2744
-10.97921, 0.5285481, 8.369858, 8.750181, 225.9294
-10.97328, 0.5221405, 8.329185, 7.989779, 226.9104
-10.97199, 0.5454009, 8.379139, 9.587603, 224.5138
-10.97027, 0.5361396, 8.35, 8.850617, 225.5728
-10.97275, 0.5092402, 8.341751, 8.410048, 227.7654
-10.97449, 0.5563554, 8.365371, 8.982639, 223.8225
-10.96555, 0.5051963, 8.348371, 9.168849, 228.0005
-10.97945, 0.574949, 8.353952, 8.254967, 222.5078
-10.96675, 0.5374999, 8.35, 9.124632, 225.4669
-10.98218, 0.5374999, 8.357274, 8.142142, 225.3817
-10.95172, 0.5374999, 8.369716, 10.8802, 225.2362
-10.97393, 0.5374999, 8.331668, 8.014197, 225.6826
-10.98755, 0.5374999, 8.316483, 6.490774, 225.8619
-10.98301, 0.5445437, 8.35, 7.859216, 224.9188
-10.98533, 0.5369064, 8.347044, 7.589478, 225.5479
-10.96825, 0.5313668, 8.354088, 9.130468, 225.896
-10.96008, 0.5315992, 8.349399, 9.625669, 225.9332
-10.96577, 0.5365419, 8.336213, 8.78716, 225.7037
-10.97849, 0.5295741, 8.35, 8.210936, 226.0837
-10.97638, 0.5334282, 8.344627, 8.213224, 225.8471
-10.95233, 0.5433611, 8.367446, 10.76557, 224.8076
-10.97407, 0.5544977, 8.337029, 8.165045, 224.2944
-10.9705, 0.5213773, 8.360535, 9.148221, 226.5965
-10.96817, 0.5177035, 8.35, 9.014082, 227.0075
-10.97299, 0.512354, 8.340353, 8.348866, 227.5396
-10.97613, 0.5256345, 8.352303, 8.463349, 226.363
-10.98476, 0.5078501, 8.361806, 8.078241, 227.6325
-10.96072, 0.5349635, 8.342446, 9.367518, 225.7532
-10.9763, 0.552761, 8.35, 8.381109, 224.2793
-10.98372, 0.5052175, 8.346283, 7.691631, 228.024
-10.95167, 0.5078321, 8.368426, 10.84571, 227.5545
-10.96233, 0.5177045, 8.340511, 9.18407, 227.1208
-10.96807, 0.5390685, 8.375901, 9.795127, 225.0424
-10.95533, 0.5374999, 8.35, 10.01308, 225.4669
-10.9579, 0.5374999, 8.34493, 9.66166, 225.5265
-10.94607, 0.5374999, 8.333892, 10.25396, 225.6563
-10.99082, 0.5374999, 8.325647, 6.51422, 225.7536
-10.9601, 0.5374999, 8.318979, 8.711286, 225.8324
-10.97733, 0.5333831, 8.35, 8.301373, 225.7873
-10.9887, 0.5304127, 8.353498, 7.521615, 225.9772
-10.95041, 0.5298353, 8.35472, 10.53626, 226.0077
-10.9964, 0.5380578, 8.355811, 6.992841, 225.3554
-10.97115, 0.5369602, 8.344223, 8.608489, 225.5768
-10.95117, 0.5208338, 8.35, 10.33685, 226.7639
-10.95784, 0.5569203, 8.354787, 9.960723, 223.9004
-10.95884, 0.5456171, 8.338389, 9.393096, 224.9707
-10.97883, 0.5216497, 8.35479, 8.328066, 226.6435
-10.96356, 0.5181863, 8.381293, 10.30485, 226.5982
-10.97879, 0.5236843, 8.35, 8.18749, 226.5421
-10.99341, 0.5241312, 8.347172, 6.964345, 226.5409
-10.94023, 0.5638145, 8.369084, 11.7535, 223.2008
-10.9529, 0.5264122, 8.341293, 9.942555, 226.433
-10.95213, 0.5585742, 8.382715, 11.23266, 223.4516
-10.99762, 0.5332923, 8.35, 6.722231, 225.7944
-10.94219, 0.5396973, 8.344668, 10.87689, 225.3584
-10.97507, 0.5121531, 8.349777, 8.470645, 227.4421
-10.98233, 0.5093718, 8.353869, 8.028474, 227.6094
-10.94376, 0.5675462, 8.384456, 11.93304, 222.7366
-10.96926, 0.5374999, 8.35, 8.928995, 225.4669
-10.9763, 0.5374999, 8.351286, 8.419776, 225.4519
-11.00919, 0.5374999, 8.361912, 6.183243, 225.3274
-10.97284, 0.5374999, 8.340106, 8.353543, 225.5832
-11.00864, 0.5374999, 8.36654, 6.36549, 225.2733
-10.93309, 0.5295538, 8.35, 11.74397, 226.0853
-10.96651, 0.5335675, 8.350626, 9.162169, 225.7656
-10.98123, 0.5473453, 8.344746, 7.839546, 224.7619
-10.94838, 0.5368898, 8.360757, 10.87373, 225.3883
-10.95076, 0.5285959, 8.356998, 10.57713, 226.0772
-10.94438, 0.53907, 8.35, 10.86568, 225.3448
-10.95641, 0.5289516, 8.355183, 10.08336, 226.071
-10.96844, 0.5444381, 8.336239, 8.579578, 225.0878
-10.93889, 0.5383033, 8.327792, 10.632, 225.6656
-10.96355, 0.5552732, 8.36391, 9.788818, 223.9234
-10.96462, 0.5140375, 8.35, 9.290271, 227.2928
-10.95097, 0.5431119, 8.354179, 10.47662, 224.9814
-10.94992, 0.5466193, 8.336397, 10.02874, 224.9159
-10.93499, 0.5486915, 8.374229, 12.3113, 224.3153
-11.00779, 0.5474645, 8.368793, 6.499572, 224.4734
-11.00602, 0.5070612, 8.35, 6.068187, 227.8357
-10.99016, 0.5152687, 8.343077, 7.093792, 227.2799
-10.98254, 0.5104852, 8.342116, 7.658072, 227.664
-10.93933, 0.5149116, 8.364641, 11.69207, 227.05
-10.93196, 0.5045288, 8.342245, 11.60193, 228.1264
-10.96986, 0.7099999, 8.35, 8.882146, 212.0428
-10.96986, 0.7099999, 8.354814, 9.026327, 211.9948
-10.96986, 0.7099999, 8.369383, 9.461718, 211.8496
-10.96986, 0.7099999, 8.36201, 9.24159, 211.923
-10.96986, 0.7099999, 8.326399, 8.172483, 212.2794
-10.96986, 0.7030936, 8.35, 8.882146, 212.5803
-10.96986, 0.7031462, 8.350368, 8.893147, 212.5725
-10.96986, 0.7174469, 8.359831, 9.176459, 211.3659
-10.96986, 0.7028153, 8.335661, 8.45149, 212.7465
-10.96986, 0.7099185, 8.368238, 9.427571, 211.8673
-10.96986, 0.7129565, 8.35, 8.882146, 211.8127
-10.96986, 0.7065125, 8.342543, 8.658371, 212.3891
-10.96986, 0.720794, 8.363738, 9.293218, 211.0673
-10.96986, 0.7242457, 8.379708, 9.769249, 210.6427
-10.96986, 0.7257132, 8.361353, 9.22195, 210.7085
-10.96986, 0.7192789, 8.35, 8.882146, 211.3207
-10.96986, 0.7162971, 8.354212, 9.008331, 211.511
-10.96986, 0.7279119, 8.368661, 9.440174, 210.4662
-10.96986, 0.7380124, 8.353013, 8.972425, 209.8336
-10.96986, 0.6817836, 8.365768, 9.353857, 214.0769
-10.96986, 0.6714374, 8.35, 8.882146, 215.0438
-10.96986, 0.7230923, 8.354115, 9.005413, 210.9834
-10.96986, 0.7127161, 8.356151, 9.066339, 211.7702
-10.96986, 0.6821699, 8.361323, 9.221063, 214.0924
-10.96986, 0.7017679, 8.313285, 7.776289, 213.0551
-10.97684, 0.7099999, 8.35, 8.339481, 212.0428
-10.97192, 0.7099999, 8.349545, 8.708782, 212.0474
-10.96481, 0.7099999, 8.331776, 8.728452, 212.2254
-10.96071, 0.7099999, 8.325521, 8.860245, 212.2882
-10.96497, 0.7099999, 8.348472, 9.217029, 212.0581
-10.97137, 0.7079773, 8.35, 8.764658, 212.2002
-10.97764, 0.7113983, 8.351398, 8.318853, 211.92
-10.97737, 0.7101651, 8.367854, 8.833694, 211.852
-10.97817, 0.7180719, 8.336679, 7.834783, 211.5469
-10.97518, 0.7081326, 8.3394, 8.149424, 212.2944
-10.96284, 0.7030999, 8.35, 9.428973, 212.5798
-10.96, 0.7083613, 8.357879, 9.88462, 212.0916
-10.96568, 0.6938593, 8.332805, 8.691487, 213.4739
-10.96244, 0.7192585, 8.354987, 9.609089, 211.273
-10.96764, 0.7006307, 8.356162, 9.23986, 212.7098
-10.96947, 0.7155851, 8.35, 8.912544, 211.6082
-10.97166, 0.6858023, 8.355813, 8.916721, 213.8664
-10.97961, 0.7136853, 8.362718, 8.50585, 211.6296
-10.97749, 0.7326472, 8.35206, 8.350253, 210.2603
-10.9617, 0.7243232, 8.389184, 10.68322, 210.5442
-10.96096, 0.6868017, 8.35, 9.575272, 213.8481
-10.97725, 0.7449597, 8.353278, 8.406, 209.2906
-10.9758, 0.7262728, 8.357569, 8.647571, 210.7021
-10.9607, 0.7159436, 8.366809, 10.09654, 211.4137
-10.96589, 0.6834639, 8.357633, 9.419861, 214.0296
-10.98007, 0.7099999, 8.35, 8.08804, 212.0428
-10.98634, 0.7099999, 8.34924, 7.57709, 212.0504
-10.97083, 0.7099999, 8.360489, 9.120955, 211.9382
-10.95903, 0.7099999, 8.321716, 8.877425, 212.3265
-10.95473, 0.7099999, 8.344985, 9.910483, 212.093
-10.95023, 0.7008725, 8.35, 10.41035, 212.7531
-10.96705, 0.7152238, 8.357833, 9.33579, 211.5585
-10.95374, 0.7152141, 8.343403, 9.939823, 211.7027
-10.97521, 0.7053861, 8.334396, 7.996688, 212.5588
-10.98584, 0.7181367, 8.352405, 7.711244, 211.3858
-10.9506, 0.7030258, 8.35, 10.38131, 212.5855
-10.97608, 0.7245429, 8.345081, 8.250875, 210.9595
-10.96927, 0.7137391, 8.348447, 8.881416, 211.7673
-10.98499, 0.715584, 8.340223, 7.409835, 211.7055
-10.95442, 0.6985583, 8.315263, 9.043393, 213.2859
-10.95609, 0.6954532, 8.35, 9.954414, 213.1749
-10.96196, 0.6904448, 8.343027, 9.28834, 213.6357
-10.9689, 0.6958085, 8.364377, 9.387217, 213.0018
-10.97956, 0.7156658, 8.354, 8.2481, 211.5622
-10.97837, 0.7058513, 8.38823, 9.363627, 211.9839
-10.98552, 0.6807064, 8.35, 7.664065, 214.3225
-10.96164, 0.7283356, 8.358681, 9.781365, 210.5309
-10.96115, 0.6722215, 8.337854, 9.196343, 215.109
-10.98675, 0.721383, 8.327298, 6.881762, 211.3819
-10.98685, 0.7054275, 8.385053, 8.61248, 212.0483
-10.99828, 0.7099999, 8.35, 6.671104, 212.0428
-10.95602, 0.7099999, 8.352311, 10.02863, 212.0197
-10.96354, 0.7099999, 8.337507, 8.99992, 212.1679
-10.96692, 0.7099999, 8.351327, 9.151039, 212.0296
-10.98901, 0.7099999, 8.38018, 8.299141, 211.7424
-10.98982, 0.7176935, 8.35, 7.329497, 211.4441
-10.95804, 0.7077362, 8.35123, 9.839344, 212.2067
-10.94763, 0.7009889, 8.348091, 10.55557, 212.7633
-10.96774, 0.7028748, 8.365282, 9.504061, 212.4438
-10.94212, 0.702588, 8.363924, 11.45402, 212.4797
-10.95572, 0.7200164, 8.35, 9.982982, 211.2633
-10.96873, 0.7101708, 8.351754, 9.022665, 212.012
-10.97033, 0.7262961, 8.347495, 8.770738, 210.7993
-10.99446, 0.6959755, 8.378033, 7.812524, 212.8512
-10.9582, 0.6943194, 8.326771, 9.094148, 213.4996
-10.9991, 0.6853298, 8.35, 6.606631, 213.9627
-10.95294, 0.7275222, 8.355708, 10.36951, 210.6232
-10.96876, 0.6801037, 8.356384, 9.158835, 214.3037
-10.97039, 0.6924457, 8.341674, 8.591609, 213.4937
-10.95297, 0.7054115, 8.340626, 9.917421, 212.4941
-10.95599, 0.7129453, 8.35, 9.961553, 211.8136
-10.97018, 0.6943871, 8.358401, 9.108796, 213.1726
-10.99338, 0.6717423, 8.333567, 6.554389, 215.191
-10.9588, 0.7039813, 8.376934, 10.54454, 212.2414
-10.94581, 0.7448253, 8.379185, 11.61859, 209.0524
-10.99197, 0.7099999, 8.35, 7.162056, 212.0428
-10.99905, 0.7099999, 8.347689, 6.540899, 212.0659
-10.95973, 0.7099999, 8.333741, 9.183784, 212.2056
-10.99279, 0.7099999, 8.344295, 6.925607, 212.0999
-10.99347, 0.7099999, 8.340584, 6.760397, 212.137
-10.99558, 0.7124682, 8.35, 6.880817, 211.8507
-10.96183, 0.7199484, 8.352375, 9.578319, 211.2451
-10.94962, 0.7197161, 8.347096, 10.37128, 211.3154
-10.99356, 0.7102771, 8.340633, 6.754532, 212.1149
-10.93391, 0.7031358, 8.383858, 12.67864, 212.2378
-10.94057, 0.7174653, 8.35, 11.16182, 211.4618
-10.94537, 0.7244816, 8.340488, 10.50546, 211.0096
-10.93587, 0.7007932, 8.334991, 11.08224, 212.911
-10.96638, 0.7031907, 8.374468, 9.883876, 212.3273
-10.94623, 0.7112068, 8.357202, 10.93552, 211.8771
-10.94826, 0.7297773, 8.35, 10.56335, 210.5037
-10.94671, 0.723318, 8.350819, 10.70808, 210.9983
-11.00377, 0.7333429, 8.347706, 6.173687, 210.2486
-10.9383, 0.7262922, 8.328733, 10.70626, 210.9845
-10.99323, 0.7023162, 8.373115, 7.759738, 212.4087
-10.97263, 0.6752049, 8.35, 8.666682, 214.7506
-10.97081, 0.7122406, 8.353201, 8.904376, 211.8365
-10.98357, 0.6748576, 8.340566, 7.531285, 214.8754
-10.94637, 0.7394021, 8.365119, 11.15943, 209.6084
-10.94439, 0.7453817, 8.323078, 10.0614, 209.5497
-10.99956, 1.204594, 8.35, 6.570883, 173.553
-10.99956, 1.204594, 8.349194, 6.546464, 173.5571
-10.99956, 1.204594, 8.334019, 6.086011, 173.6331
-10.99956, 1.204594, 8.372517, 7.25059, 173.4408
-10.99956, 1.204594, 8.336306, 6.155534, 173.6216
-10.99956, 1.205336, 8.35, 6.570883, 173.4953
-10.99956, 1.209747, 8.344483, 6.403728, 173.1793
-10.99956, 1.206306, 8.341057, 6.299787, 173.4644
-10.99956, 1.208014, 8.362971, 6.962943, 173.2226
-10.99956, 1.205216, 8.322913, 5.747895, 173.6403
-10.99956, 1.197888, 8.35, 6.570883, 174.0749
-10.99956, 1.192342, 8.347915, 6.507726, 174.5172
-10.99956, 1.185936, 8.331088, 5.996876, 175.1034
-10.99956, 1.220258, 8.349133, 6.544633, 172.3382
-10.99956, 1.193515, 8.329248, 5.9409, 174.5215
-10.99956, 1.214372, 8.35, 6.570883, 172.7921
-10.99956, 1.23047, 8.359468, 6.8572, 171.4945
-10.99956, 1.203773, 8.344649, 6.408777, 173.6437
-10.99956, 1.182014, 8.330364, 5.97486, 175.4131
-10.99956, 1.198811, 8.376801, 7.379508, 173.8679
-10.99956, 1.190798, 8.35, 6.570883, 174.6266
-10.99956, 1.178221, 8.346288, 6.458416, 175.6249
-10.99956, 1.199835, 8.363345, 6.974201, 173.8561
-10.99956, 1.207557, 8.358623, 6.831636, 173.2796
-10.99956, 1.183474, 8.349575, 6.558022, 175.1988
-10.99752, 1.204594, 8.35, 6.72977, 173.553
-11.00001, 1.204594, 8.352139, 6.601195, 173.5423
-11.00137, 1.204594, 8.361639, 6.782041, 173.4949
-11.00492, 1.204594, 8.363195, 6.553259, 173.4872
-10.99521, 1.204594, 8.334668, 6.445384, 173.6299
-10.99452, 1.203691, 8.35, 6.963344, 173.6233
-10.99537, 1.211168, 8.346251, 6.783957, 173.0599
-11.00151, 1.199453, 8.346379, 6.309729, 173.9714
-10.99104, 1.194608, 8.338791, 6.895566, 174.3874
-11.00298, 1.205566, 8.387248, 7.428589, 173.2924
-10.99845, 1.201906, 8.35, 6.657572, 173.7621
-10.99368, 1.200264, 8.358557, 7.287326, 173.8469
-10.99987, 1.187198, 8.331472, 5.984344, 175.0029
-11.00624, 1.21422, 8.330657, 5.46258, 172.899
-11.00005, 1.201139, 8.368387, 7.088799, 173.7295
-10.99426, 1.196274, 8.35, 6.983943, 174.2005
-11.00547, 1.216828, 8.347397, 6.032166, 172.6136
-10.99414, 1.183898, 8.367125, 7.50927, 175.0746
-10.99354, 1.207412, 8.332373, 6.506038, 173.4215
-10.99633, 1.22119, 8.313461, 5.712118, 172.4389
-10.99255, 1.201629, 8.35, 7.116523, 173.7837
-11.00416, 1.208009, 8.347999, 6.152315, 173.2972
-11.00749, 1.189553, 8.364657, 6.397905, 174.6481
-11.0048, 1.223409, 8.366178, 6.653094, 172.0112
-11.00337, 1.179412, 8.384905, 7.328367, 175.3301
-10.98506, 1.204594, 8.35, 7.699327, 173.553
-11.00941, 1.204594, 8.348314, 5.753045, 173.5615
-11.00033, 1.204594, 8.344652, 6.349268, 173.5798
-11.01105, 1.204594, 8.331882, 5.125165, 173.6439
-10.98948, 1.204594, 8.322231, 6.514978, 173.6924
-11.00174, 1.198927, 8.35, 6.401439, 173.994
-11.00049, 1.196808, 8.342957, 6.285481, 174.1947
-10.99008, 1.195773, 8.368088, 7.853379, 174.1476
-11.00648, 1.204899, 8.357747, 6.267471, 173.4906
-11.0028, 1.206906, 8.360968, 6.651206, 173.3185
-11.00366, 1.187819, 8.35, 6.252294, 174.8585
-11.01009, 1.212779, 8.359276, 6.033382, 172.8705
-11.01168, 1.19198, 8.3483, 5.576348, 174.5434
-10.98843, 1.215013, 8.353155, 7.532072, 172.7267
-11.0004, 1.187897, 8.347449, 6.428418, 174.8656
-10.99366, 1.233569, 8.35, 7.030191, 171.2981
-10.98389, 1.234239, 8.346971, 7.699471, 171.2603
-11.01305, 1.184761, 8.334955, 5.062709, 175.1748
-10.99163, 1.198185, 8.354431, 7.322259, 174.0293
-11.0045, 1.231205, 8.366368, 6.682177, 171.4048
-11.01476, 1.242734, 8.35, 5.388665, 170.5849
-10.99404, 1.223362, 8.357868, 7.238145, 172.0547
-11.00682, 1.168535, 8.342626, 5.782156, 176.3988
-10.99743, 1.226608, 8.37253, 7.416286, 171.7325
-11.00209, 1.175529, 8.352998, 6.465254, 175.799
-10.99461, 1.204594, 8.35, 6.956692, 173.553
-10.98319, 1.204594, 8.351528, 7.890773, 173.5454
-11.01359, 1.204594, 8.341537, 5.221896, 173.5954
-10.99144, 1.204594, 8.374767, 7.948279, 173.4296
-11.01391, 1.204594, 8.389474, 6.649375, 173.3567
-11.01385, 1.203216, 8.35, 5.459433, 173.6602
-11.02678, 1.199144, 8.356011, 4.636331, 173.9467
-10.99322, 1.211526, 8.364494, 7.501345, 172.9422
-11.00256, 1.201402, 8.32794, 5.667229, 173.9128
-10.99744, 1.208452, 8.373046, 7.431622, 173.1388
-10.97832, 1.187267, 8.35, 8.224182, 174.9014
-11.01393, 1.224452, 8.355905, 5.632253, 171.9793
-11.00868, 1.190511, 8.334225, 5.381541, 174.7302
-11.02546, 1.211725, 8.366501, 5.058403, 172.9169
-11.01926, 1.205328, 8.33529, 4.588966, 173.5695
-10.97419, 1.227929, 8.35, 8.545504, 171.7371
-11.01632, 1.223096, 8.34607, 5.14688, 172.1321
-10.98306, 1.224943, 8.365329, 8.315606, 171.8961
-10.98792, 1.195694, 8.336593, 7.07232, 174.314
-10.97278, 1.19186, 8.389342, 9.830074, 174.3432
-10.99914, 1.197462, 8.35, 6.604085, 174.108
-10.98076, 1.174827, 8.357091, 8.247485, 175.8319
-10.98536, 1.227619, 8.337373, 7.295108, 171.8215
-10.97315, 1.205701, 8.370589, 9.242692, 173.3644
-11.00485, 1.16528, 8.33434, 5.683851, 176.6972
-10.99726, 1.204594, 8.35, 6.750011, 173.553
-10.98856, 1.204594, 8.346988, 7.336349, 173.5681
-11.01939, 1.204594, 8.362645, 5.412769, 173.4899
-11.02493, 1.204594, 8.35274, 4.680133, 173.5393
-11.02226, 1.204594, 8.345964, 4.68112, 173.5732
-10.97982, 1.204401, 8.35, 8.107281, 173.5681
-11.03475, 1.203668, 8.353699, 3.945723, 173.6066
-10.98098, 1.200543, 8.355357, 8.177848, 173.8413
-11.01377, 1.196428, 8.349977, 5.464497, 174.1886
-11.01702, 1.212185, 8.376783, 6.025085, 172.8308
-11.02689, 1.210654, 8.35, 4.444156, 173.0814
-11.02193, 1.197183, 8.343898, 4.644027, 174.1607
-10.98375, 1.21568, 8.341156, 7.535019, 172.7336
-10.98739, 1.203172, 8.325006, 6.761885, 173.7894
-11.03796, 1.209092, 8.336122, 3.156123, 173.2718
-11.02347, 1.206308, 8.35, 4.710503, 173.4196
-11.01436, 1.227712, 8.348024, 5.35944, 171.7634
-10.96749, 1.1879, 8.365503, 9.53011, 174.7721
-10.98671, 1.209821, 8.351829, 7.626171, 173.1372
-11.02172, 1.213589, 8.365458, 5.317554, 172.7773
-11.02838, 1.212512, 8.35, 4.328327, 172.9368
-11.0074, 1.171814, 8.352404, 6.034055, 176.0912
-10.96374, 1.24392, 8.356649, 9.557705, 170.4621
-11.00811, 1.229681, 8.352516, 5.982385, 171.5888
-11.00228, 1.199526, 8.347453, 6.282063, 173.9603
-10.99956, 1.459594, 8.35, 6.570883, 153.7087
-10.99956, 1.459594, 8.357336, 6.792755, 153.6909
-10.99956, 1.459594, 8.330194, 5.969682, 153.7569
-10.99956, 1.459594, 8.320013, 5.659447, 153.7817
-10.99956, 1.459594, 8.336691, 6.167221, 153.741
-10.99956, 1.450739, 8.35, 6.570883, 154.3977
-10.99956, 1.465743, 8.353384, 6.673279, 153.2222
-10.99956, 1.457266, 8.334269, 6.093607, 153.9284
-10.99956, 1.458809, 8.331489, 6.009078, 153.8149
-10.99956, 1.469414, 8.377687, 7.406144, 152.8802
-10.99956, 1.471785, 8.35, 6.570883, 152.7599
-10.99956, 1.468134, 8.355804, 6.746464, 153.0305
-10.99956, 1.458809, 8.346742, 6.472178, 153.7776
-10.99956, 1.46639, 8.336767, 6.169553, 153.211
-10.99956, 1.477475, 8.345407, 6.431751, 152.3274
-10.99956, 1.432245, 8.35, 6.570883, 155.837
-10.99956, 1.474969, 8.350185, 6.57649, 152.5117
-10.99956, 1.46966, 8.361567, 6.920543, 152.8985
-10.99956, 1.442519, 8.358314, 6.822309, 155.0158
-10.99956, 1.458031, 8.373565, 7.282133, 153.7729
-10.99956, 1.436601, 8.35, 6.570883, 155.498
-10.99956, 1.431928, 8.350493, 6.585803, 155.8603
-10.99956, 1.429813, 8.33872, 6.228876, 156.057
-10.99956, 1.452159, 8.338841, 6.232553, 154.3152
-10.99956, 1.489607, 8.327476, 5.886912, 151.421
-11.00659, 1.459594, 8.35, 6.024427, 153.7087
-10.99272, 1.459594, 8.358547, 7.361526, 153.688
-11.00477, 1.459594, 8.355955, 6.34582, 153.6942
-10.99665, 1.459594, 8.343507, 6.600766, 153.7245
-10.99966, 1.459594, 8.328431, 5.90827, 153.7612
-10.99843, 1.45283, 8.35, 6.658874, 154.2351
-11.00574, 1.460045, 8.349629, 6.079187, 153.6745
-11.00919, 1.465651, 8.345428, 5.682621, 153.2481
-10.99919, 1.467345, 8.320528, 5.704007, 153.1749
-10.99042, 1.462076, 8.373403, 7.986588, 153.4595
-10.99631, 1.476401, 8.35, 6.824355, 152.4007
-11.00331, 1.476953, 8.345195, 6.133347, 152.3686
-10.99675, 1.445917, 8.344758, 6.630921, 154.7864
-11.00643, 1.443384, 8.366017, 6.52173, 154.9287
-10.99422, 1.458585, 8.327163, 6.294236, 153.843
-10.99285, 1.466309, 8.35, 7.093248, 153.1861
-10.99107, 1.487817, 8.356876, 7.439332, 151.4976
-11.0045, 1.450352, 8.36811, 6.734633, 154.3823
-10.9961, 1.464326, 8.336539, 6.432753, 153.3724
-10.9933, 1.466721, 8.357843, 7.295294, 153.1356
-10.99271, 1.489493, 8.35, 7.104049, 151.3819
-10.99973, 1.488024, 8.352567, 6.635256, 151.4907
-10.99719, 1.455808, 8.340584, 6.470075, 154.0265
-11.00808, 1.426248, 8.379972, 6.814327, 156.2211
-11.00006, 1.462045, 8.345489, 6.39576, 153.5287
-10.98406, 1.459594, 8.35, 7.777276, 153.7087
-10.98607, 1.459594, 8.352581, 7.698526, 153.7024
-10.99575, 1.459594, 8.350838, 6.893005, 153.7067
-11.0155, 1.459594, 8.341933, 5.08491, 153.7283
-11.00182, 1.459594, 8.331967, 5.847845, 153.7525
-10.98402, 1.455651, 8.35, 7.780852, 154.0155
-11.00543, 1.457693, 8.35144, 6.158338, 153.8531
-10.99663, 1.45406, 8.331025, 6.223698, 154.1865
-10.99218, 1.453371, 8.328962, 6.508069, 154.2455
-10.9867, 1.452174, 8.368548, 8.129354, 154.2398
-10.98497, 1.473009, 8.35, 7.706509, 152.6647
-11.01581, 1.453833, 8.343354, 5.104222, 154.1735
-10.98055, 1.457582, 8.338623, 7.708125, 153.8931
-10.9951, 1.454014, 8.359458, 7.203727, 154.1194
-10.99137, 1.466463, 8.376597, 8.009191, 153.1116
-11.01848, 1.433979, 8.35, 5.098801, 155.702
-10.99941, 1.446754, 8.358963, 6.853895, 154.685
-10.98356, 1.462227, 8.365179, 8.272376, 153.4673
-10.97962, 1.47003, 8.341468, 7.865911, 152.9163
-10.99041, 1.47105, 8.369824, 7.880316, 152.7715
-10.99525, 1.454859, 8.35, 6.906281, 154.0771
-11.01523, 1.450152, 8.346552, 5.246487, 154.4521
-11.00063, 1.491066, 8.345843, 6.362028, 151.2682
-11.00284, 1.430653, 8.37601, 7.101431, 155.8904
-10.99662, 1.428909, 8.378054, 7.645125, 156.0201
-10.97278, 1.459594, 8.35, 8.655052, 153.7087
-11.00311, 1.459594, 8.350805, 6.319427, 153.7067
-10.98286, 1.459594, 8.335879, 7.445111, 153.743
-11.0116, 1.459594, 8.373045, 6.332631, 153.6529
-11.02839, 1.459594, 8.33999, 4.021225, 153.733
-11.02361, 1.466274, 8.35, 4.699574, 153.1888
-11.0137, 1.456489, 8.340783, 5.190125, 153.973
-11.01467, 1.463201, 8.355867, 5.57333, 153.4139
-10.98267, 1.457505, 8.327842, 7.216315, 153.9256
-11.0006, 1.460276, 8.354094, 6.614385, 153.6457
-10.97712, 1.461503, 8.35, 8.317809, 153.5601
-10.97157, 1.469053, 8.347127, 8.663292, 152.9793
-11.01658, 1.456478, 8.341246, 4.979653, 153.9727
-10.9945, 1.445552, 8.339433, 6.645026, 154.8286
-11.0114, 1.445553, 8.324379, 4.867973, 154.8674
-10.98102, 1.469467, 8.35, 8.014183, 152.9403
-10.97943, 1.437, 8.348926, 8.105164, 155.4698
-11.02107, 1.469397, 8.349512, 4.882207, 152.9469
-11.01425, 1.437251, 8.356764, 5.633383, 155.4295
-11.02372, 1.465523, 8.31575, 3.640809, 153.3287
-10.98118, 1.435692, 8.35, 8.001652, 155.5687
-11.00554, 1.434402, 8.346765, 6.007605, 155.6778
-10.99392, 1.46508, 8.351089, 7.043238, 153.2791
-10.97878, 1.440671, 8.336465, 7.780638, 155.2168
-11.0273, 1.463107, 8.346346, 4.300604, 153.444
-11.0265, 1.459594, 8.35, 4.474797, 153.7087
-11.01231, 1.459594, 8.341898, 5.332031, 153.7284
-10.99484, 1.459594, 8.351995, 6.99842, 153.7038
-11.0216, 1.459594, 8.378271, 5.715437, 153.6403
-11.0067, 1.459594, 8.347001, 5.924678, 153.716
-11.02805, 1.46855, 8.35, 4.354091, 153.0117
-10.96721, 1.467258, 8.353847, 9.203839, 153.1032
-10.9848, 1.454703, 8.351901, 7.777176, 154.0845
-11.0232, 1.453828, 8.341406, 4.46919, 154.1787
-11.03709, 1.457369, 8.319035, 2.69743, 153.9579
-11.00409, 1.472007, 8.35, 6.218634, 152.7426
-10.97083, 1.445102, 8.358293, 9.055653, 154.8151
-11.00122, 1.447077, 8.34923, 6.418877, 154.6847
-11.03193, 1.448554, 8.335832, 3.618078, 154.6038
-11.03034, 1.462356, 8.354814, 4.322677, 153.4822
-10.96964, 1.479169, 8.35, 8.899484, 152.1853
-10.99004, 1.487595, 8.356744, 7.515607, 151.5151
-10.97741, 1.443937, 8.340671, 8.014512, 154.9513
-10.99687, 1.470304, 8.364679, 7.223768, 152.8412
-10.99183, 1.443371, 8.322777, 6.347909, 155.0419
-10.99269, 1.423189, 8.35, 7.105951, 156.5417
-10.96235, 1.490766, 8.350085, 9.469628, 151.2827
-10.97117, 1.474267, 8.342718, 8.562026, 152.5834
-11.03515, 1.499333, 8.358078, 4.048934, 150.5997
-11.01097, 1.451842, 8.363742, 6.100359, 154.2776
-10.99956, 1.714594, 8.35, 6.570883, 133.8643
-10.99956, 1.714594, 8.344156, 6.393814, 133.8635
-10.99956, 1.714594, 8.345725, 6.441379, 133.8637
-10.99956, 1.714594, 8.364893, 7.020893, 133.8665
-10.99956, 1.714594, 8.333715, 6.076784, 133.8619
-10.99956, 1.713599, 8.35, 6.570883, 133.9417
-10.99956, 1.717293, 8.352349, 6.641979, 133.6546
-10.99956, 1.707325, 8.369101, 7.147722, 134.4314
-10.99956, 1.71943, 8.364151, 6.998534, 133.4907
-10.99956, 1.720752, 8.377059, 7.387233, 133.3907
-10.99956, 1.731444, 8.35, 6.570883, 132.553
-10.99956, 1.69576, 8.344986, 6.418962, 135.3302
-10.99956, 1.699728, 8.350376, 6.582255, 135.0211
-10.99956, 1.714492, 8.340449, 6.281362, 133.8708
-10.99956, 1.702135, 8.318303, 5.607262, 134.8332
-10.99956, 1.723917, 8.35, 6.570883, 133.1388
-10.99956, 1.717142, 8.348872, 6.536722, 133.6658
-10.99956, 1.719574, 8.36697, 7.083521, 133.4801
-10.99956, 1.739879, 8.337226, 6.183472, 131.8914
-10.99956, 1.700865, 8.366384, 7.06584, 134.9328
-10.99956, 1.714716, 8.35, 6.570883, 133.8548
-10.99956, 1.742309, 8.345131, 6.423368, 131.7054
-10.99956, 1.718041, 8.342423, 6.341243, 133.5947
-10.99956, 1.676695, 8.363647, 6.983299, 136.8104
-10.99956, 1.703173, 8.369995, 7.174673, 134.7537
-11.00886, 1.714594, 8.35, 5.847731, 133.8643
-11.00314, 1.714594, 8.344306, 6.119499, 133.8635
-11.00863, 1.714594, 8.368596, 6.428833, 133.8671
-10.99248, 1.714594, 8.351727, 7.174516, 133.8646
-10.99096, 1.714594, 8.380146, 8.146734, 133.8687
-10.99985, 1.705015, 8.35, 6.548796, 134.6097
-10.99303, 1.709046, 8.353115, 7.173414, 134.2963
-10.99467, 1.709667, 8.357225, 7.169595, 134.2484
-10.99782, 1.710231, 8.354259, 6.835284, 134.2042
-10.99934, 1.716991, 8.333897, 6.100044, 133.675
-10.99735, 1.730817, 8.35, 6.743431, 132.6018
-10.99555, 1.72564, 8.350268, 6.89146, 133.0047
-11.00638, 1.710678, 8.346674, 5.939527, 134.1687
-10.99187, 1.70723, 8.361166, 7.506008, 134.4382
-11.00322, 1.724996, 8.358311, 6.537781, 133.0569
-10.98985, 1.730074, 8.35, 7.326937, 132.6597
-11.00013, 1.737292, 8.343254, 6.32266, 132.0954
-10.99018, 1.721969, 8.356913, 7.509713, 133.2918
-10.99933, 1.691445, 8.345457, 6.451793, 135.6661
-10.9986, 1.726149, 8.32512, 5.890317, 132.9585
-11.00139, 1.677382, 8.35, 6.428747, 136.7602
-10.99933, 1.682894, 8.341934, 6.344361, 136.3326
-11.00302, 1.678548, 8.368354, 6.856685, 136.6655
-11.00832, 1.712242, 8.343524, 5.692878, 134.0465
-11.00419, 1.72375, 8.331954, 5.662179, 133.1474
-11.00171, 1.714594, 8.35, 6.403813, 133.8643
-10.98333, 1.714594, 8.352596, 7.91223, 133.8647
-11.01636, 1.714594, 8.355372, 5.426874, 133.8651
-10.98714, 1.714594, 8.339823, 7.230692, 133.8628
-11.00886, 1.714594, 8.34746, 5.770426, 133.864
-11.00139, 1.721276, 8.35, 6.42899, 133.3443
-10.993, 1.720024, 8.342347, 6.850519, 133.4401
-11.01381, 1.707605, 8.352549, 5.540013, 134.4084
-11.01676, 1.706786, 8.349524, 5.218477, 134.4719
-11.00424, 1.723921, 8.335592, 5.76931, 133.1349
-11.01006, 1.698656, 8.35, 5.754333, 135.1046
-11.00944, 1.726219, 8.357233, 6.02191, 132.9615
-10.99311, 1.70465, 8.335311, 6.628504, 134.6374
-10.99182, 1.711058, 8.34171, 6.922646, 134.1385
-10.99469, 1.70289, 8.375489, 7.717938, 134.7758
-11.01101, 1.70918, 8.35, 5.679703, 134.2856
-11.00308, 1.714592, 8.359703, 6.591268, 133.8659
-11.01851, 1.688103, 8.361212, 5.43726, 135.9245
-11.00971, 1.708502, 8.32121, 4.903207, 134.3359
-11.00287, 1.735684, 8.316902, 5.305696, 132.2111
-11.0057, 1.721627, 8.35, 6.093349, 133.317
-10.9866, 1.702073, 8.349477, 7.563615, 134.8387
-10.99, 1.696945, 8.330762, 6.732874, 135.2384
-10.99126, 1.745632, 8.349089, 7.189794, 131.4485
-11.01567, 1.7019, 8.330668, 4.727426, 134.8518
-10.98953, 1.714594, 8.35, 7.351527, 133.8643
-10.9726, 1.714594, 8.351331, 8.708897, 133.8645
-11.01578, 1.714594, 8.33064, 4.718041, 133.8615
-10.99203, 1.714594, 8.379929, 8.057699, 133.8687
-10.99452, 1.714594, 8.319666, 6.042624, 133.8598
-11.0021, 1.712642, 8.35, 6.373529, 134.0162
-10.99746, 1.710702, 8.356151, 6.920485, 134.1678
-11.0179, 1.722203, 8.35549, 5.31126, 133.2734
-11.02458, 1.710111, 8.368115, 5.175619, 134.215
-11.01219, 1.714689, 8.377183, 6.411681, 133.8609
-10.98478, 1.732296, 8.35, 7.721357, 132.4867
-10.98334, 1.717927, 8.357122, 8.047771, 133.6062
-10.98173, 1.727338, 8.330471, 7.36958, 132.8671
-10.97606, 1.710599, 8.338495, 8.053865, 134.1739
-11.00966, 1.725309, 8.314212, 4.693122, 133.0212
-10.97383, 1.742444, 8.35, 8.57317, 131.697
-10.98211, 1.720187, 8.35338, 8.030663, 133.4297
-10.98679, 1.731695, 8.3609, 7.892847, 132.537
-10.98682, 1.732668, 8.349225, 7.539496, 132.4575
-11.00097, 1.710534, 8.312641, 5.323906, 134.1763
-10.97137, 1.730135, 8.35, 8.765187, 132.6548
-11.00988, 1.735269, 8.342151, 5.529327, 132.2526
-10.99628, 1.744513, 8.33175, 6.273451, 131.5277
-11.02335, 1.750406, 8.370144, 5.333204, 131.0876
-10.98567, 1.739468, 8.368932, 8.221178, 131.9361
-10.99031, 1.714594, 8.35, 7.290902, 133.8643
-11.02955, 1.714594, 8.344522, 4.069519, 133.8635
-11.0257, 1.714594, 8.361507, 4.888144, 133.866
-10.97679, 1.714594, 8.326049, 7.62115, 133.8608
-10.98317, 1.714594, 8.371635, 8.496423, 133.8675
-10.99129, 1.714746, 8.35, 7.214427, 133.8524
-10.99791, 1.704905, 8.34957, 6.686583, 134.6183
-11.03238, 1.707672, 8.351695, 4.06889, 134.4031
-10.9744, 1.723419, 8.345865, 8.404956, 133.1766
-10.97553, 1.717743, 8.358665, 8.700986, 133.6208
-11.02866, 1.708292, 8.35, 4.306827, 134.3547
-10.97766, 1.726831, 8.359487, 8.560467, 132.9146
-11.00788, 1.702489, 8.347566, 5.850005, 134.8063
-11.0067, 1.71898, 8.367157, 6.534805, 133.5263
-10.98663, 1.732615, 8.382872, 8.563972, 132.4727
-11.01129, 1.704955, 8.35, 5.658216, 134.6144
-10.97972, 1.738869, 8.345235, 7.971625, 131.9733
-11.01, 1.720123, 8.345127, 5.610466, 133.433
-10.99749, 1.732036, 8.352269, 6.800637, 132.5077
-10.97985, 1.718107, 8.317201, 7.114463, 133.5849
-10.9647, 1.71431, 8.35, 9.28422, 133.8864
-10.98977, 1.695467, 8.34471, 7.173142, 135.353
-11.03603, 1.698833, 8.345525, 3.595991, 135.0909
-11.0044, 1.736523, 8.351696, 6.245642, 132.1584
-10.96352, 1.733368, 8.331364, 8.817072, 132.397
-10.95079, 2.389187, 8.35, 10.36647, 81.36674
-10.95079, 2.389187, 8.359672, 10.65413, 81.43393
-10.95079, 2.389187, 8.363495, 10.76769, 81.46045
-10.95079, 2.389187, 8.372859, 11.04528, 81.52528
-10.95079, 2.389187, 8.376586, 11.15556, 81.55106
-10.95079, 2.386915, 8.35, 10.36647, 81.54356
-10.95079, 2.389161, 8.353112, 10.4591, 81.39044
-10.95079, 2.397794, 8.356041, 10.54623, 80.7395
-10.95079, 2.39356, 8.331954, 9.827714, 80.89984
-10.95079, 2.379652, 8.347299, 10.28598, 82.09029
-10.95079, 2.376511, 8.35, 10.36647, 82.35324
-10.95079, 2.387251, 8.342747, 10.15021, 81.46712
-10.95079, 2.405504, 8.369221, 10.93748, 80.23347
-10.95079, 2.391729, 8.369716, 10.95215, 81.30624
-10.95079, 2.405958, 8.330125, 9.772954, 79.91965
-10.95079, 2.362865, 8.35, 10.36647, 83.41521
-10.95079, 2.35997, 8.352606, 10.44404, 83.65781
-10.95079, 2.414238, 8.367637, 10.89056, 79.54416
-10.95079, 2.387794, 8.366347, 10.85229, 81.58842
-10.95079, 2.393713, 8.347692, 10.29767, 80.99843
-10.95079, 2.367045, 8.35, 10.36647, 83.0899
-10.95079, 2.370216, 8.35162, 10.4147, 82.85411
-10.95079, 2.418063, 8.331339, 9.809303, 78.98404
-10.95079, 2.429135, 8.325583, 9.636927, 78.07776
-10.95079, 2.368324, 8.334414, 9.901328, 82.88506
-10.94807, 2.389187, 8.35, 10.57819, 81.36674
-10.9551, 2.389187, 8.344234, 9.8592, 81.32661
-10.95044, 2.389187, 8.352787, 10.47679, 81.38612
-10.95766, 2.389187, 8.349078, 9.804525, 81.36034
-10.95255, 2.389187, 8.357668, 10.45787, 81.42001
-10.94897, 2.387643, 8.35, 10.50814, 81.48692
-10.95267, 2.381763, 8.350619, 10.23877, 81.94876
-10.95237, 2.382783, 8.355292, 10.40092, 81.9016
-10.95115, 2.394219, 8.362786, 10.71872, 81.06459
-10.94284, 2.384518, 8.322912, 10.17737, 81.54227
-10.94483, 2.375124, 8.35, 10.83017, 82.46121
-10.94721, 2.39532, 8.345082, 10.49888, 80.85495
-10.95433, 2.404931, 8.361639, 10.43727, 80.22426
-10.94847, 2.389071, 8.337645, 10.17835, 81.28973
-10.9472, 2.373807, 8.388116, 11.77443, 82.82158
-10.96042, 2.401238, 8.35, 9.617186, 80.42896
-10.94753, 2.390288, 8.358066, 10.85991, 81.33727
-10.94419, 2.375564, 8.365477, 11.33898, 82.53223
-10.94315, 2.418828, 8.361011, 11.28745, 79.13986
-10.94817, 2.405811, 8.363481, 10.97091, 80.16893
-10.95181, 2.42518, 8.35, 10.28679, 78.56578
-10.9473, 2.36236, 8.341323, 10.37971, 83.39636
-10.95646, 2.353374, 8.363609, 10.33077, 84.24338
-10.95899, 2.411334, 8.345769, 9.602108, 79.61292
-10.94207, 2.384233, 8.362229, 11.4078, 81.83661
-10.95422, 2.389187, 8.35, 10.09964, 81.36674
-10.94154, 2.389187, 8.345772, 10.96097, 81.3373
-10.95367, 2.389187, 8.351389, 10.18378, 81.3764
-10.93306, 2.389187, 8.369054, 12.30868, 81.49896
-10.93763, 2.389187, 8.373839, 12.09532, 81.53206
-10.9597, 2.398965, 8.35, 9.67329, 80.60588
-10.95915, 2.384745, 8.345941, 9.594884, 81.68439
-10.9649, 2.397088, 8.367506, 9.791422, 80.87479
-10.96618, 2.382691, 8.362073, 9.530039, 81.95535
-10.94502, 2.394862, 8.330789, 10.24293, 80.79005
-10.96995, 2.377442, 8.35, 8.875737, 82.28079
-10.94288, 2.401339, 8.347675, 10.9126, 80.40463
-10.96797, 2.383399, 8.339874, 8.725762, 81.74728
-10.95165, 2.381086, 8.3634, 10.69784, 82.08919
-10.94683, 2.380154, 8.369555, 11.25471, 82.20363
-10.95085, 2.409855, 8.35, 10.3622, 79.75835
-10.94972, 2.390784, 8.356204, 10.63449, 81.28569
-10.93357, 2.409704, 8.363173, 12.09593, 79.86429
-10.94934, 2.38483, 8.369064, 11.04545, 81.83733
-10.9586, 2.413921, 8.32186, 8.915076, 79.23842
-10.95187, 2.416621, 8.35, 10.28222, 79.23187
-10.95972, 2.371891, 8.353118, 9.764543, 82.73393
-10.94562, 2.35998, 8.357577, 10.99382, 83.69014
-10.94032, 2.373177, 8.372114, 11.83549, 82.76253
-10.96653, 2.411279, 8.36741, 9.66166, 79.77228
-10.93054, 2.389187, 8.35, 11.9421, 81.36674
-10.93351, 2.389187, 8.342242, 11.48141, 81.31271
-10.94346, 2.389187, 8.369658, 11.51982, 81.50314
-10.96525, 2.389187, 8.320553, 8.356619, 81.16112
-10.96289, 2.389187, 8.335678, 8.995457, 81.26692
-10.92662, 2.391346, 8.35, 12.24734, 81.19876
-10.95688, 2.382061, 8.356297, 10.08018, 81.96466
-10.95336, 2.385257, 8.343767, 9.980536, 81.62943
-10.92284, 2.383928, 8.351204, 12.57671, 81.78438
-10.93295, 2.390501, 8.314404, 10.69618, 81.0153
-10.92402, 2.375866, 8.35, 12.44961, 82.40346
-10.96257, 2.400242, 8.358511, 9.704018, 80.56656
-10.95962, 2.369604, 8.341802, 9.433808, 82.83527
-10.97433, 2.383982, 8.33525, 8.090887, 81.66982
-10.96223, 2.406606, 8.366978, 9.982953, 80.13202
-10.93667, 2.398103, 8.35, 11.46533, 80.6729
-10.97976, 2.393909, 8.353081, 8.204813, 81.02084
-10.96864, 2.364477, 8.352952, 9.066095, 83.30954
-10.97069, 2.374217, 8.326747, 8.118739, 82.37303
-10.96291, 2.407046, 8.324952, 8.671803, 79.79764
-10.9211, 2.359261, 8.35, 12.67689, 83.69568
-10.97085, 2.39485, 8.347579, 8.732615, 80.9091
-10.93963, 2.379842, 8.330233, 10.647, 81.95802
-10.93513, 2.386632, 8.352866, 11.66967, 81.58548
-10.97607, 2.370255, 8.315412, 7.355447, 82.60506
-10.95183, 2.389187, 8.35, 10.28584, 81.36674
-10.96122, 2.389187, 8.340975, 9.284978, 81.30389
-10.94892, 2.389187, 8.353384, 10.61235, 81.39027
-10.95381, 2.389187, 8.378616, 10.98165, 81.56506
-10.93569, 2.389187, 8.323339, 10.74898, 81.18063
-10.92475, 2.393383, 8.35, 12.39298, 81.04024
-10.92849, 2.37959, 8.357568, 12.32534, 82.1655
-10.93354, 2.387442, 8.339159, 11.38747, 81.42723
-10.93145, 2.397393, 8.35146, 11.91506, 80.73846
-10.91849, 2.385756, 8.342752, 12.66655, 81.58357
-10.92037, 2.391683, 8.35, 12.73365, 81.17255
-10.95721, 2.386614, 8.347606, 9.795499, 81.55045
-10.96089, 2.406698, 8.359456, 9.862747, 80.07143
-10.97233, 2.393214, 8.348796, 8.654351, 81.04497
-10.97205, 2.383496, 8.350433, 8.725047, 81.81265
-10.9145, 2.361935, 8.35, 13.19053, 83.48753
-10.92073, 2.412323, 8.356698, 12.90307, 79.6144
-10.98962, 2.388889, 8.336235, 6.92821, 81.29411
-10.95709, 2.411161, 8.377219, 10.68583, 79.85144
-10.93541, 2.381735, 8.315295, 10.53045, 81.7068
-10.94335, 2.397708, 8.35, 10.94564, 80.70364
-10.91782, 2.382922, 8.343667, 12.74551, 81.81062
-10.95819, 2.411273, 8.368675, 10.34688, 79.78175
-10.93303, 2.401117, 8.369551, 12.3255, 80.57639
-10.94257, 2.376781, 8.348222, 10.9533, 82.32005
