-10.96986, 0.02, 8.35, 12.77327, 265.7393
-10.96986, 0.02, 8.355014, 12.92091, 265.6544
-10.96986, 0.02, 8.34204, 12.53842, 265.8744
-10.96986, 0.02, 8.348737, 12.736, 265.7607
-10.96986, 0.02, 8.350871, 12.79891, 265.7245
-10.96986, 0.01903447, 8.35, 12.77327, 265.8145
-10.96986, 0.01028595, 8.356798, 12.97341, 266.3794
-10.96986, 0.02004571, 8.359289, 13.04669, 265.5784
-10.96986, 0.01817353, 8.344483, 12.61055, 265.9752
-10.96986, 0.02961582, 8.329396, 12.1644, 265.3393
-10.96986, 0.00922627, 8.35, 12.77327, 266.5777
-10.96986, 0.01660096, 8.35413, 12.89489, 265.9337
-10.96986, 0.01666618, 8.356731, 12.97145, 265.8845
-10.96986, 0.02178594, 8.34817, 12.71929, 265.6313
-10.96986, 0.02115134, 8.365027, 13.21525, 265.3956
-10.96986, 0.02450482, 8.35, 12.77327, 265.3887
-10.96986, 0.04604257, 8.343091, 12.56945, 263.8281
-10.96986, 0.03227055, 8.354413, 12.90324, 264.7101
-10.96986, 0.0390663, 8.379982, 13.65343, 263.7549
-10.96986, -0.003685869, 8.371388, 13.40186, 267.2158
-10.96986, 0.04594106, 8.35, 12.77327, 263.7206
-10.96986, 0.04682438, 8.35159, 12.82009, 263.6253
-10.96986, -0.004461065, 8.356945, 12.97774, 267.5235
-10.96986, 0.002370968, 8.339434, 12.4614, 267.2925
-10.96986, 0.01661278, 8.389126, 13.92052, 265.3415
-10.96468, 0.02, 8.35, 13.17676, 265.7393
-10.9744, 0.02, 8.345592, 12.29011, 265.8141
-10.974, 0.02, 8.356529, 12.64398, 265.6287
-10.97156, 0.02, 8.328739, 12.01263, 266.1008
-10.97316, 0.02, 8.387914, 13.62956, 265.0995
-10.96943, 0.01341671, 8.35, 12.8071, 266.2516
-10.96974, 0.01948483, 8.359544, 13.06353, 265.6177
-10.96475, 0.02938586, 8.352079, 13.23273, 264.9738
-10.97821, 0.02659116, 8.324696, 11.37358, 265.6552
-10.97339, 0.02561383, 8.374015, 13.20522, 264.8979
-10.96897, 0.02258763, 8.35, 12.84249, 265.5379
-10.96118, 0.005757152, 8.357203, 13.66011, 266.7246
-10.96337, 0.01814114, 8.334384, 12.81873, 266.1496
-10.96131, 0.0009204745, 8.349957, 13.43791, 267.2249
-10.97773, 0.001686875, 8.373363, 12.84938, 266.7652
-10.96297, 0.0150212, 8.35, 13.30975, 266.1268
-10.97933, 0.004507744, 8.342182, 11.80557, 267.0789
-10.97795, 0.03628254, 8.363784, 12.55101, 264.2411
-10.96479, -0.003928056, 8.350862, 13.19318, 267.5866
-10.96925, 0.03178377, 8.336698, 12.42817, 265.0467
-10.97431, 0.05210886, 8.35, 12.427, 263.2405
-10.96399, 0.0513791, 8.349492, 13.21518, 263.3058
-10.96978, -0.01393408, 8.353054, 12.86998, 268.3273
-10.97443, 0.001478311, 8.352602, 12.49439, 267.1361
-10.9603, 0.05589057, 8.330199, 12.93433, 263.2757
-10.95964, 0.02, 8.35, 13.56922, 265.7393
-10.97735, 0.02, 8.34039, 11.90615, 265.9025
-10.97714, 0.02, 8.332606, 11.69206, 266.0349
-10.96091, 0.02, 8.354878, 13.61316, 265.6566
-10.97409, 0.02, 8.349513, 12.42971, 265.7476
-10.96587, 0.02174823, 8.35, 13.08402, 265.6032
-10.95108, 0.01087062, 8.358056, 14.47065, 266.3126
-10.96742, 0.01712146, 8.348879, 12.93074, 265.9824
-10.97249, 0.01463226, 8.373911, 13.27216, 265.7515
-10.96441, 0.01850193, 8.322471, 12.38455, 266.3248
-10.96497, 0.03135647, 8.35, 13.15378, 264.8555
-10.97616, 0.03295968, 8.348696, 12.24478, 264.7527
-10.95185, 0.02172283, 8.339018, 13.85319, 265.7916
-10.98845, 0.0112825, 8.349725, 11.31848, 266.4224
-10.98981, 0.008897711, 8.341323, 10.96358, 266.7516
-10.9883, 0.0237096, 8.35, 11.33833, 265.4506
-10.95979, 0.02923055, 8.350597, 13.57487, 265.0109
-10.9527, 0.04408098, 8.369641, 14.68324, 263.5378
-10.95002, -0.0007364471, 8.33799, 13.96565, 267.5595
-10.98428, 0.01761293, 8.315454, 10.62329, 266.5143
-10.98875, 0.03264519, 8.35, 11.30319, 264.7552
-10.96016, 0.04295341, 8.343244, 13.32946, 264.0662
-10.98115, -0.01530047, 8.344907, 11.74428, 268.5746
-10.96639, 1.481175E-05, 8.322725, 12.23771, 267.7643
-10.9534, 0.02079297, 8.388936, 15.1897, 265.021
-10.99955, 0.02, 8.35, 10.46295, 265.7393
-10.94166, 0.02, 8.340188, 14.68121, 265.9059
-10.95114, 0.02, 8.331667, 13.69207, 266.0509
-10.99373, 0.02, 8.321154, 10.05544, 266.2303
-10.97535, 0.02, 8.385804, 13.39836, 265.135
-10.98722, 0.01468136, 8.35, 11.42241, 266.1532
-10.95682, 0.01442401, 8.343296, 13.59116, 266.2874
-10.95963, 0.01011639, 8.350963, 13.59806, 266.492
-10.97209, 0.02151534, 8.333291, 12.10605, 265.9051
-10.98649, 0.02368385, 8.32662, 10.78451, 265.8494
-10.96383, 0.03092902, 8.35, 13.2426, 264.8888
-10.94734, 0.01367984, 8.357648, 14.7493, 266.1011
-10.97699, 0.001273595, 8.340918, 11.95018, 267.3525
-10.96381, 0.0314608, 8.343246, 13.04574, 264.9613
-10.97917, 0.008788845, 8.315726, 11.03153, 267.1994
-10.94501, 0.01788656, 8.35, 14.70739, 265.9038
-10.98289, 0.0109937, 8.340812, 11.48731, 266.597
-10.96595, 0.03629537, 8.342847, 12.86738, 264.5914
-10.97531, 0.001533123, 8.346122, 12.23499, 267.243
-10.95695, 0.01045382, 8.375587, 14.52684, 266.0473
-10.97721, 0.0545927, 8.35, 12.20173, 263.0473
-10.9771, 0.04237286, 8.350696, 12.23047, 263.9866
-10.99306, 0.05551169, 8.342924, 10.75746, 263.0933
-10.97663, 0.03650729, 8.352566, 12.32244, 264.4116
-10.97104, -0.01011872, 8.339179, 12.36262, 268.2702
-11.00044, 0.02, 8.35, 10.39367, 265.7393
-10.96615, 0.02, 8.353929, 13.1779, 265.6727
-10.96639, 0.02, 8.343637, 12.85585, 265.8473
-10.97658, 0.02, 8.378105, 13.07742, 265.2645
-10.99332, 0.02, 8.318767, 10.01591, 266.2711
-11.00055, 0.01581127, 8.35, 10.38517, 266.0653
-10.97799, 0.01289884, 8.359392, 12.4184, 266.1322
-10.94031, 0.02234359, 8.348486, 15.02928, 265.5826
-10.98857, 0.02309833, 8.342915, 11.10713, 265.6182
-10.96916, 0.02784218, 8.356553, 13.02054, 265.0185
-10.94301, 0.01092146, 8.35, 14.86294, 266.4458
-10.96325, 0.03901997, 8.344908, 13.13829, 264.3446
-10.98661, 0.02021573, 8.335822, 11.0493, 265.9633
-10.97075, 0.02653034, 8.36377, 13.10971, 264.9989
-10.95128, 0.01166883, 8.314748, 13.18225, 266.9911
-10.93026, 0.01902099, 8.35, 15.85523, 265.8155
-10.98079, 0.003941039, 8.344691, 11.76617, 267.08
-10.95506, 0.04176971, 8.330904, 13.36388, 264.3656
-10.96627, -0.005541852, 8.365825, 13.51786, 267.4551
-11.00276, 0.04561311, 8.360226, 10.51721, 263.5756
-10.95614, 0.03460891, 8.35, 13.84126, 264.6024
-10.97037, -0.006333001, 8.346616, 12.63432, 267.8469
-11.00124, 0.05709801, 8.352152, 10.39591, 262.8166
-10.9403, 0.01426509, 8.364758, 15.50378, 265.935
-10.93804, 0.0494917, 8.332855, 14.74903, 263.7305
-10.96986, 0.1925, 8.35, 12.77327, 252.3152
-10.96986, 0.1925, 8.349573, 12.76065, 252.3217
-10.96986, 0.1925, 8.340283, 12.48652, 252.4632
-10.96986, 0.1925, 8.346272, 12.66333, 252.3719
-10.96986, 0.1925, 8.358429, 13.02139, 252.1871
-10.96986, 0.1831718, 8.35, 12.77327, 253.0411
-10.96986, 0.1969645, 8.352571, 12.849, 251.9288
-10.96986, 0.196575, 8.363041, 13.15693, 251.8005
-10.96986, 0.19848, 8.336183, 12.36528, 252.0596
-10.96986, 0.1898651, 8.387379, 13.86954, 251.9532
-10.96986, 0.1812426, 8.35, 12.77327, 253.1912
-10.96986, 0.1964393, 8.340988, 12.50735, 252.1455
-10.96986, 0.1991727, 8.33057, 12.19917, 252.091
-10.96986, 0.190195, 8.337419, 12.40183, 252.6866
-10.96986, 0.1819662, 8.318724, 11.84771, 253.6161
-10.96986, 0.2188184, 8.35, 12.77327, 250.267
-10.96986, 0.2201514, 8.356888, 12.97604, 250.0605
-10.96986, 0.1633097, 8.366942, 13.27146, 254.3246
-10.96986, 0.1778048, 8.372984, 13.44861, 253.1067
-10.96986, 0.1757527, 8.376795, 13.56019, 253.2077
-10.96986, 0.1820901, 8.35, 12.77327, 253.1253
-10.96986, 0.2160626, 8.357282, 12.98764, 250.3726
-10.96986, 0.1821791, 8.358835, 13.03332, 252.9832
-10.96986, 0.2267053, 8.343865, 12.59229, 249.7446
-10.96986, 0.1913573, 8.318308, 11.83537, 252.8887
-10.96852, 0.1925, 8.35, 12.87824, 252.3152
-10.96983, 0.1925, 8.354282, 12.90181, 252.2501
-10.97301, 0.1925, 8.344923, 12.37839, 252.3925
-10.96215, 0.1925, 8.379526, 14.23837, 251.8676
-10.96343, 0.1925, 8.374265, 13.98518, 251.9471
-10.96592, 0.2004161, 8.35, 13.08021, 251.6991
-10.97827, 0.1921524, 8.3584, 12.36693, 252.2145
-10.97838, 0.1991503, 8.35445, 12.24222, 251.7303
-10.97022, 0.185993, 8.320243, 11.86483, 253.2781
-10.97345, 0.1922511, 8.332204, 11.96796, 252.606
-10.96263, 0.2051926, 8.35, 13.33611, 251.3274
-10.97194, 0.190356, 8.341352, 12.35646, 252.614
-10.97489, 0.1880343, 8.346295, 12.27303, 252.7193
-10.97775, 0.1978033, 8.374938, 12.89384, 251.5256
-10.96726, 0.1905503, 8.346292, 12.86672, 252.5234
-10.96672, 0.1941992, 8.35, 13.01764, 252.1829
-10.96653, 0.1662486, 8.346379, 12.92594, 254.4142
-10.9682, 0.2047424, 8.343266, 12.7039, 251.4642
-10.97758, 0.209974, 8.343118, 11.96915, 251.0589
-10.9599, 0.2075058, 8.312526, 12.4429, 251.7147
-10.96586, 0.1720508, 8.35, 13.08509, 253.9066
-10.97361, 0.1715881, 8.35324, 12.57724, 253.8926
-10.97633, 0.1810733, 8.342311, 12.04247, 253.3224
-10.97295, 0.2267708, 8.330244, 11.94898, 249.9427
-10.96165, 0.2318903, 8.361686, 13.75554, 249.0769
-10.98689, 0.1925, 8.35, 11.44805, 252.3152
-10.97083, 0.1925, 8.355142, 12.84991, 252.237
-10.95735, 0.1925, 8.349432, 13.73064, 252.3238
-10.96018, 0.1925, 8.330829, 12.96219, 252.6076
-10.98786, 0.1925, 8.353674, 11.4813, 252.2593
-10.98707, 0.2024569, 8.35, 11.43386, 251.5403
-10.9817, 0.1950746, 8.349883, 11.84884, 252.1166
-10.96235, 0.2023996, 8.349879, 13.35457, 251.5466
-10.98096, 0.1986056, 8.322082, 11.08068, 252.2646
-10.96236, 0.1963381, 8.357005, 13.56328, 251.9103
-10.95024, 0.1959605, 8.35, 14.30027, 252.0459
-10.98784, 0.2051332, 8.342277, 11.1451, 251.4487
-10.98181, 0.2052871, 8.369003, 12.40478, 251.0341
-10.95533, 0.177955, 8.339238, 13.58791, 253.6127
-10.98384, 0.1904806, 8.371402, 12.31761, 252.1472
-10.97005, 0.2001505, 8.35, 12.75872, 251.7198
-10.98742, 0.2066684, 8.359382, 11.68519, 251.0713
-10.9519, 0.1775423, 8.35067, 14.1905, 253.4689
-10.9561, 0.2132339, 8.370623, 14.44775, 250.393
-10.95326, 0.2160559, 8.383038, 15.02921, 249.9893
-10.95069, 0.1661377, 8.35, 14.26559, 254.3667
-10.9535, 0.1632309, 8.349982, 14.04649, 254.5932
-10.95327, 0.1751546, 8.335943, 13.65216, 253.8818
-10.98049, 0.1658135, 8.377728, 12.76334, 253.9641
-10.96998, 0.2181958, 8.378819, 13.61019, 249.8861
-10.98753, 0.1925, 8.35, 11.39854, 252.3152
-10.9692, 0.1925, 8.35023, 12.83143, 252.3117
-10.97171, 0.1925, 8.331715, 12.08891, 252.5941
-10.99801, 0.1925, 8.336786, 10.18923, 252.5166
-10.97662, 0.1925, 8.374809, 12.97771, 251.9389
-10.94439, 0.2001214, 8.35, 14.75535, 251.7221
-10.98731, 0.1872452, 8.349164, 11.39059, 252.7369
-10.94368, 0.1933767, 8.356991, 15.01485, 252.1407
-10.95396, 0.1961851, 8.365226, 14.45602, 251.7978
-10.97574, 0.2018519, 8.36538, 12.7693, 251.3553
-10.98948, 0.1748061, 8.35, 11.24631, 253.6921
-10.94804, 0.1875867, 8.350951, 14.49959, 252.683
-10.95961, 0.1882622, 8.355688, 13.73783, 252.5582
-10.98501, 0.1949501, 8.351473, 11.63827, 252.1021
-10.95985, 0.2001583, 8.315833, 12.54424, 252.2388
-10.95886, 0.1648224, 8.35, 13.62966, 254.4691
-10.95522, 0.1755265, 8.348116, 13.85788, 253.6651
-10.99236, 0.1952505, 8.338172, 10.67077, 252.2811
-10.94186, 0.1976672, 8.327985, 14.30813, 252.2479
-10.97036, 0.2106812, 8.373322, 13.41991, 250.5508
-10.95053, 0.1597501, 8.35, 14.27824, 254.8638
-10.97157, 0.1805978, 8.347057, 12.5535, 253.2866
-10.95646, 0.186213, 8.353154, 13.90898, 252.7563
-10.98872, 0.1742774, 8.378679, 12.15368, 253.2933
-10.94852, 0.1601155, 8.36459, 14.86005, 254.609
-10.93752, 0.1925, 8.35, 15.29067, 252.3152
-10.99182, 0.1925, 8.348246, 11.01262, 252.3419
-10.94086, 0.1925, 8.358556, 15.28009, 252.1851
-10.99025, 0.1925, 8.35127, 11.22444, 252.2959
-10.95681, 0.1925, 8.344473, 13.62671, 252.3994
-11.00626, 0.1977489, 8.35, 9.940653, 251.9067
-10.93822, 0.19555, 8.34961, 15.22406, 252.0838
-10.99054, 0.1860319, 8.355351, 11.32261, 252.7368
-10.99438, 0.1998538, 8.355449, 11.02728, 251.6605
-11.00936, 0.2014859, 8.366479, 10.19105, 251.3672
-10.94903, 0.1853855, 8.35, 14.39497, 252.8688
-10.98714, 0.1982515, 8.35961, 11.71306, 251.7221
-10.97864, 0.1832291, 8.346677, 11.99212, 253.0876
-10.945, 0.1784671, 8.32395, 13.94413, 253.8087
-11.00785, 0.1962955, 8.359997, 10.11552, 251.8683
-10.97483, 0.2211086, 8.35, 12.3871, 250.0888
-10.94113, 0.1867682, 8.34656, 14.90891, 252.8138
-10.95803, 0.1743784, 8.332157, 13.16923, 254.0008
-11.00313, 0.1988977, 8.342843, 9.970579, 251.9259
-10.98867, 0.1887842, 8.346382, 11.20205, 252.6596
-11.00662, 0.2136812, 8.35, 9.912744, 250.6668
-10.98442, 0.2270898, 8.341866, 11.39892, 249.7444
-10.93103, 0.2016665, 8.338385, 15.45672, 251.7778
-10.99606, 0.2184229, 8.353837, 10.84896, 250.2405
-10.93605, 0.1942052, 8.329805, 14.81512, 252.4902
-10.96986, 0.3649999, 8.35, 12.77327, 238.8911
-10.96986, 0.3649999, 8.349087, 12.74632, 238.9034
-10.96986, 0.3649999, 8.366035, 13.24486, 238.6754
-10.96986, 0.3649999, 8.356609, 12.96787, 238.8021
-10.96986, 0.3649999, 8.343746, 12.58877, 238.9754
-10.96986, 0.3608534, 8.35, 12.77327, 239.2137
-10.96986, 0.3633625, 8.346986, 12.68437, 239.0592
-10.96986, 0.3579653, 8.362979, 13.15511, 239.263
-10.96986, 0.3651762, 8.356518, 12.96515, 238.7896
-10.96986, 0.3590254, 8.349525, 12.75926, 239.3624
-10.96986, 0.3623649, 8.35, 12.77327, 239.0961
-10.96986, 0.3693566, 8.341235, 12.51463, 238.6699
-10.96986, 0.3632332, 8.333787, 12.2944, 239.2478
-10.96986, 0.3569668, 8.369522, 13.34714, 239.2522
-10.96986, 0.3779385, 8.338567, 12.43579, 238.037
-10.96986, 0.385185, 8.35, 12.77327, 237.3202
-10.96986, 0.3665, 8.35522, 12.92697, 238.7041
-10.96986, 0.3569561, 8.33105, 12.21338, 239.7746
-10.96986, 0.365037, 8.346087, 12.65785, 238.9409
-10.96986, 0.3891203, 8.345656, 12.64516, 237.0715
-10.96986, 0.3395225, 8.35, 12.77327, 240.8737
-10.96986, 0.384976, 8.34209, 12.53988, 237.4416
-10.96986, 0.3719483, 8.336393, 12.37152, 238.5331
-10.96986, 0.3771379, 8.342142, 12.54141, 238.0515
-10.96986, 0.3444999, 8.369683, 13.35186, 240.2178
-10.96107, 0.3649999, 8.35, 13.45754, 238.8911
-10.96767, 0.3649999, 8.342451, 12.72141, 238.9929
-10.97801, 0.3649999, 8.342905, 11.92932, 238.9868
-10.97001, 0.3649999, 8.373312, 13.44727, 238.5779
-10.96478, 0.3649999, 8.365032, 13.60994, 238.6889
-10.97235, 0.3735799, 8.35, 12.57976, 238.2234
-10.97143, 0.3740605, 8.343695, 12.46551, 238.2704
-10.9676, 0.356352, 8.347574, 12.87837, 239.597
-10.97977, 0.3565857, 8.368009, 12.53337, 239.3022
-10.96738, 0.3712677, 8.364614, 13.3963, 238.2077
-10.96528, 0.3688351, 8.35, 13.13021, 238.5926
-10.96253, 0.3846222, 8.340523, 13.06533, 237.49
-10.97369, 0.3520132, 8.359185, 12.74659, 239.7769
-10.96194, 0.3568678, 8.365865, 13.85493, 239.3093
-10.96025, 0.3843354, 8.328499, 12.88834, 237.6727
-10.9673, 0.3537905, 8.35, 12.97299, 239.7634
-10.96395, 0.3499623, 8.354816, 13.37494, 239.9957
-10.97197, 0.3653361, 8.330136, 12.02178, 239.1332
-10.97679, 0.3546097, 8.370425, 12.83617, 239.423
-10.97244, 0.3523356, 8.316352, 11.57603, 240.3363
-10.96194, 0.3964868, 8.35, 13.38979, 236.4407
-10.97676, 0.3788123, 8.343765, 12.05247, 237.8994
-10.97264, 0.3775989, 8.344321, 12.38925, 237.9865
-10.96637, 0.3634322, 8.376249, 13.81518, 238.6601
-10.97798, 0.3309272, 8.370889, 12.75743, 241.2548
-10.96187, 0.3649999, 8.35, 13.39572, 238.8911
-10.97849, 0.3649999, 8.347611, 12.03123, 238.9233
-10.95279, 0.3649999, 8.364763, 14.53403, 238.6925
-10.9849, 0.3649999, 8.32546, 10.87398, 239.2228
-10.96721, 0.3649999, 8.324841, 12.23614, 239.2312
-10.97436, 0.3721777, 8.35, 12.42355, 238.3325
-10.9652, 0.3649037, 8.34856, 13.0937, 238.918
-10.97071, 0.3607522, 8.345462, 12.57335, 239.283
-10.96292, 0.3634365, 8.352005, 13.37241, 238.9857
-10.95112, 0.3572941, 8.364397, 14.65304, 239.296
-10.9549, 0.3536177, 8.35, 13.93815, 239.7768
-10.97906, 0.3778482, 8.345084, 11.91248, 237.9568
-10.96491, 0.3485996, 8.33743, 12.78866, 240.3391
-10.9512, 0.3701563, 8.321007, 13.37362, 238.8804
-10.97866, 0.3838792, 8.310149, 10.90466, 237.954
-10.95518, 0.3785254, 8.35, 13.91559, 237.8385
-10.96741, 0.3781149, 8.349575, 12.95179, 237.8761
-10.95114, 0.3489654, 8.349707, 14.22166, 240.1429
-10.96614, 0.3757394, 8.374039, 13.7681, 237.735
-10.95621, 0.3448529, 8.350748, 13.85761, 240.4487
-10.95288, 0.4027454, 8.35, 14.09519, 235.9537
-10.95156, 0.3879574, 8.35065, 14.21674, 237.0959
-10.96622, 0.3304239, 8.355423, 13.21667, 241.5069
-10.9748, 0.3450596, 8.354909, 12.5337, 240.3757
-10.95389, 0.4003859, 8.329626, 13.41768, 236.4053
-10.96432, 0.3649999, 8.35, 13.20436, 238.8911
-10.95423, 0.3649999, 8.357756, 14.21691, 238.7867
-10.96595, 0.3649999, 8.330448, 12.50065, 239.1552
-10.99951, 0.3649999, 8.35218, 10.53113, 238.8617
-10.95058, 0.3649999, 8.356197, 14.45495, 238.8076
-10.98534, 0.3700301, 8.35, 11.56853, 238.4996
-10.94535, 0.3737285, 8.34572, 14.55598, 238.2691
-10.95008, 0.3700522, 8.340029, 14.021, 238.6319
-10.9788, 0.3566072, 8.37651, 12.8587, 239.186
-10.99356, 0.3622971, 8.364967, 11.37267, 238.8997
-10.96062, 0.3494125, 8.35, 13.49227, 240.1041
-10.99427, 0.3455541, 8.348041, 10.8158, 240.4312
-10.97735, 0.370001, 8.354101, 12.3118, 238.4468
-10.97535, 0.3491863, 8.378338, 13.18009, 239.7368
-10.97366, 0.3646717, 8.346333, 12.36959, 238.9661
-10.95966, 0.3898919, 8.35, 13.56731, 236.9539
-10.95444, 0.3768861, 8.344379, 13.80856, 238.0412
-10.95842, 0.3684416, 8.332705, 13.15475, 238.8562
-10.98267, 0.338171, 8.37436, 12.49585, 240.6451
-10.99642, 0.3948275, 8.322108, 9.873862, 236.9386
-10.99376, 0.3986028, 8.35, 10.9137, 236.276
-10.94074, 0.3478297, 8.346013, 14.92305, 240.2817
-10.94163, 0.3813185, 8.356068, 15.14746, 237.5405
-10.96564, 0.3664798, 8.35375, 13.21259, 238.7255
-10.9821, 0.3425879, 8.314274, 10.75896, 241.127
-11.00687, 0.3649999, 8.35, 9.893446, 238.8911
-10.98153, 0.3649999, 8.348387, 11.81758, 238.9128
-10.97389, 0.3649999, 8.348312, 12.40994, 238.9138
-10.94847, 0.3649999, 8.326176, 13.7386, 239.2131
-10.98613, 0.3649999, 8.325058, 10.76549, 239.2283
-10.94359, 0.3739289, 8.35, 14.81794, 238.1962
-10.99375, 0.3642326, 8.35948, 11.19596, 238.8231
-10.99385, 0.3650182, 8.355703, 11.07619, 238.8129
-10.96537, 0.3568969, 8.342818, 12.91107, 239.6191
-11.00866, 0.3629705, 8.335213, 9.311328, 239.2489
-11.0024, 0.3627273, 8.35, 10.2416, 239.0679
-10.95882, 0.3496379, 8.353923, 13.74754, 240.0331
-10.98192, 0.3475371, 8.344095, 11.65998, 240.3307
-10.97123, 0.3488588, 8.350374, 12.67765, 240.1421
-10.97977, 0.3759351, 8.312945, 10.90147, 238.5377
-10.95726, 0.3500279, 8.35, 13.75415, 240.0562
-10.99628, 0.338573, 8.343293, 10.51808, 241.0399
-10.9614, 0.3670671, 8.353775, 13.54251, 238.6794
-10.94342, 0.3392113, 8.359772, 15.11624, 240.7639
-10.95693, 0.3712016, 8.326148, 13.07735, 238.7294
-10.97629, 0.371146, 8.35, 12.27304, 238.4128
-10.95098, 0.3656757, 8.340685, 13.96992, 238.9641
-10.9862, 0.4009003, 8.353116, 11.5941, 236.0564
-10.9996, 0.3860956, 8.355635, 10.62658, 237.1747
-10.96602, 0.3414229, 8.378639, 13.91218, 240.3346
-10.96986, 0.5374999, 8.35, 12.77327, 225.4669
-10.96986, 0.5374999, 8.344297, 12.60507, 225.5339
-10.96986, 0.5374999, 8.3628, 13.14983, 225.317
-10.96986, 0.5374999, 8.32131, 11.92454, 225.8048
-10.96986, 0.5374999, 8.323254, 11.98224, 225.7819
-10.96986, 0.5410837, 8.35, 12.77327, 225.188
-10.96986, 0.5361695, 8.344124, 12.59992, 225.6396
-10.96986, 0.5469564, 8.334571, 12.31761, 224.9109
-10.96986, 0.533617, 8.370515, 13.37624, 225.5282
-10.96986, 0.5464553, 8.323108, 11.9779, 225.0842
-10.96986, 0.5202513, 8.35, 12.77327, 226.8092
-10.96986, 0.5310621, 8.348296, 12.72301, 225.9881
-10.96986, 0.528846, 8.369935, 13.35925, 225.9053
-10.96986, 0.5416157, 8.349231, 12.75058, 225.1556
-10.96986, 0.5244325, 8.324162, 12.0092, 226.7915
-10.96986, 0.512707, 8.35, 12.77327, 227.3963
-10.96986, 0.5318944, 8.342934, 12.56481, 225.9866
-10.96986, 0.5088251, 8.333594, 12.28871, 227.8961
-10.96986, 0.5130861, 8.320403, 11.89759, 227.7228
-10.96986, 0.545916, 8.349134, 12.74773, 224.8221
-10.96986, 0.5352844, 8.35, 12.77327, 225.6394
-10.96986, 0.5026181, 8.357874, 13.00505, 228.0864
-10.96986, 0.5380017, 8.334284, 12.30911, 225.6126
-10.96986, 0.569773, 8.322373, 11.9561, 223.2717
-10.96986, 0.5149331, 8.311491, 11.63263, 227.6861
-10.96401, 0.5374999, 8.35, 13.22918, 225.4669
-10.96701, 0.5374999, 8.342685, 12.77983, 225.5529
-10.9612, 0.5374999, 8.360993, 13.77006, 225.3381
-10.97591, 0.5374999, 8.360126, 12.60105, 225.3483
-10.96166, 0.5374999, 8.369278, 13.97713, 225.2413
-10.96884, 0.5347861, 8.35, 12.8527, 225.6781
-10.96889, 0.5428659, 8.340981, 12.58272, 225.1548
-10.97453, 0.542205, 8.33286, 11.9031, 225.3015
-10.96697, 0.5310803, 8.322081, 12.17319, 226.2971
-10.97459, 0.533325, 8.337477, 12.03484, 225.9396
-10.96609, 0.5518879, 8.35, 13.06692, 224.3473
-10.96686, 0.5280916, 8.35861, 13.25991, 226.0974
-10.9696, 0.5332109, 8.332312, 12.2715, 226.0095
-10.96752, 0.5530474, 8.343487, 12.76367, 224.3325
-10.96851, 0.5567039, 8.375641, 13.63109, 223.6776
-10.97235, 0.546326, 8.35, 12.5797, 224.7801
-10.97332, 0.555978, 8.356691, 12.70131, 223.9518
-10.9789, 0.5225048, 8.357255, 12.28425, 226.5477
-10.96333, 0.5581477, 8.353258, 13.37783, 223.8226
-10.96844, 0.5260842, 8.319124, 11.97049, 226.7226
-10.97036, 0.5269765, 8.35, 12.73479, 226.2859
-10.97942, 0.5449543, 8.342676, 11.81248, 224.9723
-10.9734, 0.5627266, 8.360951, 12.82073, 223.3783
-10.97157, 0.500571, 8.359991, 12.93448, 228.22
-10.96936, 0.5497359, 8.332068, 12.28286, 224.7234
-10.97999, 0.5374999, 8.35, 11.9855, 225.4669
-10.96241, 0.5374999, 8.343939, 13.17511, 225.5381
-10.98275, 0.5374999, 8.364614, 12.20196, 225.2958
-10.96656, 0.5374999, 8.342379, 12.80545, 225.5565
-10.96081, 0.5374999, 8.338459, 13.13836, 225.6026
-10.96844, 0.5433531, 8.35, 12.88393, 225.0114
-10.9895, 0.5389395, 8.353366, 11.34459, 225.3155
-10.97649, 0.5455729, 8.354901, 12.40256, 224.7816
-10.97847, 0.5364077, 8.379248, 12.96505, 225.2097
-10.98833, 0.5290234, 8.370664, 11.94727, 225.883
-10.97771, 0.5264899, 8.35, 12.16302, 226.3237
-10.98664, 0.538293, 8.342024, 11.2309, 225.4989
-10.97128, 0.5206023, 8.344191, 12.49186, 226.8512
-10.98127, 0.5331433, 8.353186, 11.98019, 225.7685
-10.97302, 0.5215329, 8.356075, 12.7069, 226.6373
-10.9557, 0.523773, 8.35, 13.87552, 226.5352
-10.97046, 0.5086091, 8.342562, 12.50741, 227.8048
-10.95611, 0.5249562, 8.342758, 13.6311, 226.5291
-10.95867, 0.5544354, 8.36558, 14.10118, 223.9692
-10.9826, 0.5339597, 8.352844, 11.86646, 225.709
-10.97275, 0.5199325, 8.35, 12.54829, 226.834
-10.96121, 0.5586032, 8.35001, 13.44671, 223.8246
-10.97917, 0.5170048, 8.342566, 11.82876, 227.1508
-10.95371, 0.5117902, 8.343899, 13.85169, 227.5409
-10.96372, 0.5610071, 8.313392, 12.1699, 224.0605
-10.9674, 0.5374999, 8.35, 12.96515, 225.4669
-10.94223, 0.5374999, 8.347028, 14.83658, 225.5018
-10.98893, 0.5374999, 8.360125, 11.58975, 225.3483
-10.99556, 0.5374999, 8.325027, 10.02833, 225.7609
-10.98412, 0.5374999, 8.369707, 12.24566, 225.2363
-10.9581, 0.5322821, 8.35, 13.68885, 225.873
-10.96564, 0.5342622, 8.354771, 13.242, 225.6628
-10.95283, 0.5363306, 8.35576, 14.26766, 225.4903
-10.96215, 0.5435585, 8.329736, 12.77664, 225.2326
-10.94662, 0.5342898, 8.375278, 15.31836, 225.4203
-10.97412, 0.5459262, 8.35, 12.44172, 224.8112
-10.97268, 0.5338754, 8.351257, 12.59078, 225.7342
-10.97153, 0.5451357, 8.350337, 12.65316, 224.8688
-10.97123, 0.5271075, 8.377984, 13.48932, 225.9456
-10.97645, 0.5322757, 8.334569, 11.80438, 226.0557
-10.96723, 0.5166027, 8.35, 12.97822, 227.0932
-10.99894, 0.5272555, 8.341118, 10.2458, 226.3694
-10.94491, 0.554597, 8.365006, 15.15261, 223.9633
-10.95873, 0.5522192, 8.320263, 12.76294, 224.6673
-10.98505, 0.5501887, 8.348734, 11.55363, 224.4942
-10.96718, 0.5206522, 8.35, 12.98202, 226.778
-10.97093, 0.5298796, 8.3585, 12.94019, 225.9597
-10.97016, 0.5758634, 8.333876, 12.27377, 222.6648
-10.94064, 0.5597528, 8.320701, 14.1897, 224.0737
-10.99065, 0.5219429, 8.334428, 10.69267, 226.8631
-10.94719, 0.5374999, 8.35, 14.53787, 225.4669
-10.93099, 0.5374999, 8.349874, 15.79473, 225.4684
-10.98977, 0.5374999, 8.351454, 11.26757, 225.4499
-10.98425, 0.5374999, 8.336071, 11.24079, 225.6307
-10.99277, 0.5374999, 8.376807, 11.78388, 225.1535
-10.94007, 0.5406636, 8.35, 15.09207, 225.2207
-10.9466, 0.5282729, 8.359897, 14.87238, 226.0681
-10.95325, 0.5369692, 8.365344, 14.51481, 225.3285
-10.93513, 0.5346331, 8.369545, 16.04435, 225.4607
-10.96391, 0.5433906, 8.385969, 14.28929, 224.5906
-10.99305, 0.5516135, 8.35, 10.96898, 224.3686
-10.94703, 0.5329159, 8.351042, 14.58042, 225.8114
-10.96819, 0.5510702, 8.355272, 13.05845, 224.3498
-11.00648, 0.541303, 8.330553, 9.342084, 225.399
-10.9965, 0.520312, 8.381049, 11.6203, 226.4363
-10.99986, 0.5413678, 8.35, 10.43867, 225.1659
-11.00835, 0.5243372, 8.352485, 9.852133, 226.4618
-10.94893, 0.5555445, 8.365193, 14.84642, 223.8875
-10.98646, 0.5375506, 8.347389, 11.40424, 225.4936
-11.00391, 0.5121608, 8.318306, 9.1748, 227.8204
-10.9459, 0.5492741, 8.35, 14.63851, 224.5507
-10.98008, 0.5737836, 8.351825, 12.03249, 222.6226
-10.98505, 0.5462555, 8.332798, 11.08099, 224.9863
-10.98378, 0.5603373, 8.345973, 11.57128, 223.7361
-10.93633, 0.5526564, 8.338932, 15.06035, 224.4158
-10.96986, 0.7099999, 8.35, 12.77327, 212.0428
-10.96986, 0.7099999, 8.359837, 13.06277, 211.9447
-10.96986, 0.7099999, 8.353626, 12.88005, 212.0066
-10.96986, 0.7099999, 8.331894, 12.23838, 212.2242
-10.96986, 0.7099999, 8.355472, 12.93438, 211.9882
-10.96986, 0.7126949, 8.35, 12.77327, 211.8331
-10.96986, 0.7068376, 8.347976, 12.71356, 212.3092
-10.96986, 0.703917, 8.342862, 12.56269, 212.588
-10.96986, 0.7019117, 8.37068, 13.38108, 212.4645
-10.96986, 0.7030768, 8.331697, 12.23253, 212.7662
-10.96986, 0.7165475, 8.35, 12.77327, 211.5333
-10.96986, 0.7206802, 8.350003, 12.77334, 211.2116
-10.96986, 0.7005538, 8.36856, 13.31892, 212.5911
-10.96986, 0.7106554, 8.334338, 12.31072, 212.1485
-10.96986, 0.7143989, 8.349303, 12.75271, 211.7074
-10.96986, 0.6897179, 8.35, 12.77327, 213.6212
-10.96986, 0.7161751, 8.359154, 13.04269, 211.4715
-10.96986, 0.6917863, 8.346629, 12.67385, 213.4945
-10.96986, 0.7282913, 8.338878, 12.44498, 210.7286
-10.96986, 0.7274333, 8.350764, 12.79577, 210.6786
-10.96986, 0.7017218, 8.35, 12.77327, 212.687
-10.96986, 0.6865093, 8.355734, 12.94211, 213.8123
-10.96986, 0.7053548, 8.346628, 12.67382, 212.4382
-10.96986, 0.6979949, 8.372323, 13.42924, 212.7519
-10.96986, 0.7225888, 8.349761, 12.76621, 211.0655
-10.96699, 0.7099999, 8.35, 12.99704, 212.0428
-10.97172, 0.7099999, 8.356359, 12.81579, 211.9793
-10.96137, 0.7099999, 8.369398, 14.00315, 211.8495
-10.96225, 0.7099999, 8.333454, 12.87832, 212.2085
-10.96014, 0.7099999, 8.37923, 14.38531, 211.7518
-10.96687, 0.7146332, 8.35, 13.006, 211.6823
-10.97954, 0.7090197, 8.35088, 12.04639, 212.1103
-10.96381, 0.7136145, 8.34677, 13.1491, 211.7937
-10.97803, 0.7125854, 8.370439, 12.74015, 211.6385
-10.96196, 0.7199492, 8.326068, 12.68273, 211.506
-10.96726, 0.7164204, 8.35, 12.97626, 211.5432
-10.97588, 0.7166892, 8.346398, 12.19849, 211.558
-10.96202, 0.7128252, 8.345865, 13.2617, 211.8642
-10.97929, 0.6988418, 8.329936, 11.44468, 213.1144
-10.96579, 0.7079737, 8.376145, 13.85728, 211.9396
-10.9741, 0.6987144, 8.35, 12.44368, 212.9211
-10.96305, 0.7364774, 8.353028, 13.39275, 209.9529
-10.97369, 0.7196448, 8.356708, 12.67349, 211.2259
-10.97403, 0.7127324, 8.375552, 13.20102, 211.5764
-10.96094, 0.7346048, 8.339743, 13.16601, 210.2281
-10.97723, 0.7246041, 8.35, 12.20019, 210.9063
-10.97232, 0.7437347, 8.344073, 12.40746, 209.4748
-10.96542, 0.683858, 8.342921, 12.91031, 214.1499
-10.97614, 0.7176358, 8.349604, 12.27279, 211.4525
-10.97318, 0.7421714, 8.332571, 11.99955, 209.7081
-10.98203, 0.7099999, 8.35, 11.82638, 212.0428
-10.9757, 0.7099999, 8.347805, 12.25398, 212.0648
-10.95127, 0.7099999, 8.343244, 14.02219, 212.1104
-10.98743, 0.7099999, 8.349595, 11.394, 212.0469
-10.95812, 0.7099999, 8.337918, 13.33214, 212.1638
-10.95018, 0.7182195, 8.35, 14.30477, 211.4032
-10.95177, 0.7155765, 8.356844, 14.38172, 211.5409
-10.94999, 0.7102102, 8.341234, 14.06279, 212.1141
-10.96561, 0.7151674, 8.32424, 12.34391, 211.8976
-10.96913, 0.7045981, 8.314906, 11.79149, 212.8174
-10.98249, 0.6948476, 8.35, 11.7904, 213.222
-10.98637, 0.7023091, 8.344635, 11.32977, 212.6954
-10.97898, 0.7208067, 8.330463, 11.48476, 211.3954
-10.95246, 0.7183083, 8.349027, 14.09912, 211.4059
-10.98915, 0.6930771, 8.37667, 12.06106, 213.0896
-10.97791, 0.734524, 8.35, 12.14687, 210.1343
-10.98033, 0.6896777, 8.347539, 11.88613, 213.6494
-10.96539, 0.7323793, 8.359821, 13.4104, 210.2054
-10.95673, 0.6967943, 8.326824, 13.11327, 213.3059
-10.98962, 0.7069794, 8.342692, 11.01912, 212.3512
-10.98153, 0.7262418, 8.35, 11.86509, 210.7789
-10.97424, 0.7302223, 8.347104, 12.34747, 210.4974
-10.9695, 0.7010376, 8.340107, 12.50982, 212.8401
-10.98488, 0.7439386, 8.335994, 11.18863, 209.5371
-10.97375, 0.6724503, 8.381848, 13.40715, 214.636
-10.96658, 0.7099999, 8.35, 13.0285, 212.0428
-10.9615, 0.7099999, 8.347841, 13.36088, 212.0644
-10.94108, 0.7099999, 8.347343, 14.93553, 212.0694
-10.99565, 0.7099999, 8.353393, 10.86764, 212.0089
-10.98748, 0.7099999, 8.321204, 10.54542, 212.3316
-10.96162, 0.7013495, 8.35, 13.41502, 212.716
-10.95254, 0.7039902, 8.352283, 14.18796, 212.4876
-10.97694, 0.7188511, 8.360633, 12.53662, 211.2489
-10.96885, 0.7189673, 8.334572, 12.39676, 211.498
-10.95137, 0.7172699, 8.341882, 13.97451, 211.5577
-10.98725, 0.7055211, 8.35, 11.42052, 212.3914
-10.98053, 0.7293617, 8.348259, 11.89198, 210.5531
-10.97779, 0.6946945, 8.361433, 12.49341, 213.1181
-10.95984, 0.7042906, 8.379951, 14.42931, 212.1873
-10.98217, 0.7062776, 8.342361, 11.58915, 212.4092
-10.94305, 0.7390547, 8.35, 14.85985, 209.7817
-10.97297, 0.7154531, 8.342183, 12.30087, 211.6962
-10.95408, 0.7243885, 8.33423, 13.53836, 211.0787
-10.98567, 0.7063271, 8.332973, 11.03738, 212.4998
-10.98396, 0.7032439, 8.359069, 11.94441, 212.4774
-10.95924, 0.7244166, 8.35, 13.60039, 210.9209
-10.95165, 0.7367366, 8.352283, 14.25765, 209.94
-10.98095, 0.7047307, 8.340767, 11.63684, 212.5457
-10.97873, 0.7166942, 8.333121, 11.58332, 211.6898
-10.98784, 0.7348148, 8.355276, 11.53084, 210.0603
-11.0041, 0.7099999, 8.35, 10.10932, 212.0428
-10.98695, 0.7099999, 8.357124, 11.65465, 211.9717
-10.97455, 0.7099999, 8.347111, 12.32348, 212.0717
-10.9762, 0.7099999, 8.349113, 12.2536, 212.0517
-11.00109, 0.7099999, 8.318201, 9.392495, 212.3619
-10.96598, 0.7088068, 8.35, 13.07546, 212.1357
-10.94352, 0.7182619, 8.342644, 14.60864, 211.4728
-10.95426, 0.7189951, 8.339645, 13.68359, 211.4455
-10.95033, 0.7128119, 8.356186, 14.4746, 211.7624
-10.93131, 0.71931, 8.312512, 14.67789, 211.6912
-11.00913, 0.6996034, 8.35, 9.717708, 212.8519
-10.95991, 0.6988209, 8.340968, 13.28241, 213.0042
-11.00629, 0.7181509, 8.354006, 10.0579, 211.3688
-10.99731, 0.7219716, 8.362, 10.99378, 210.9929
-10.97018, 0.7035646, 8.365673, 13.2098, 212.3863
-10.99584, 0.6898289, 8.35, 10.75162, 213.6125
-10.96895, 0.6996914, 8.35474, 12.98405, 212.7972
-10.973, 0.7163649, 8.340906, 12.26056, 211.6379
-10.94696, 0.691313, 8.363884, 14.96109, 213.3559
-10.95561, 0.6937382, 8.38224, 14.82428, 212.9822
-10.96998, 0.6951354, 8.35, 12.76411, 213.1996
-11.00088, 0.7281805, 8.346123, 10.24372, 210.666
-11.00448, 0.7082689, 8.364536, 10.51217, 212.0323
-10.9763, 0.6790415, 8.360328, 12.57677, 214.3457
-11.0095, 0.7344654, 8.323022, 8.879828, 210.4027
-10.99956, 1.204594, 8.35, 10.462, 173.553
-10.99956, 1.204594, 8.342784, 10.24694, 173.5892
-10.99956, 1.204594, 8.342404, 10.23562, 173.5911
-10.99956, 1.204594, 8.324619, 9.70386, 173.6804
-10.99956, 1.204594, 8.316515, 9.460745, 173.7212
-10.99956, 1.207043, 8.35, 10.462, 173.3624
-10.99956, 1.203452, 8.351206, 10.49787, 173.6358
-10.99956, 1.213854, 8.331745, 9.917221, 172.9222
-10.99956, 1.204855, 8.359715, 10.75084, 173.4842
-10.99956, 1.19558, 8.376442, 11.24651, 174.1203
-10.99956, 1.211236, 8.35, 10.462, 173.0361
-10.99956, 1.207128, 8.34287, 10.2495, 173.3913
-10.99956, 1.192622, 8.347457, 10.38623, 174.4977
-10.99956, 1.219502, 8.332803, 9.948835, 172.4764
-10.99956, 1.22375, 8.383596, 11.45785, 171.9015
-10.99956, 1.215005, 8.35, 10.462, 172.7428
-10.99956, 1.198444, 8.340539, 10.17996, 174.0796
-10.99956, 1.178295, 8.363672, 10.8683, 175.5277
-10.99956, 1.212237, 8.360685, 10.77966, 172.9057
-10.99956, 1.200458, 8.350392, 10.47366, 173.8729
-10.99956, 1.212385, 8.35, 10.462, 172.9467
-10.99956, 1.207594, 8.34543, 10.32585, 173.3423
-10.99956, 1.221674, 8.332368, 9.935846, 172.3091
-10.99956, 1.175367, 8.344081, 10.28563, 175.8588
-10.99956, 1.187569, 8.344551, 10.29963, 174.9061
-10.99517, 1.204594, 8.35, 10.80392, 173.553
-10.99939, 1.204594, 8.343801, 10.29051, 173.5841
-10.99905, 1.204594, 8.33988, 10.20053, 173.6037
-11.00148, 1.204594, 8.332635, 9.794655, 173.6401
-11.0054, 1.204594, 8.365436, 10.46694, 173.476
-11.00171, 1.214516, 8.35, 10.2951, 172.7809
-11.00503, 1.206007, 8.345385, 9.898953, 173.466
-10.9921, 1.205928, 8.330848, 10.47232, 173.545
-11.00274, 1.210487, 8.327615, 9.546003, 173.2053
-10.99063, 1.211643, 8.357266, 11.37307, 172.9687
-10.99236, 1.214578, 8.35, 11.02248, 172.776
-11.00356, 1.190003, 8.342773, 9.934988, 174.7258
-11.00252, 1.189674, 8.361266, 10.5673, 174.6561
-11.00297, 1.194673, 8.367311, 10.71186, 174.237
-11.00896, 1.20889, 8.383251, 10.71994, 173.0545
-11.00675, 1.20321, 8.35, 9.903116, 173.6607
-11.00162, 1.224832, 8.358297, 10.54871, 171.9383
-11.00638, 1.215593, 8.368383, 10.47887, 172.6074
-10.99915, 1.208788, 8.350272, 10.50216, 173.2253
-11.00916, 1.196291, 8.358609, 9.972353, 174.1554
-11.00145, 1.211608, 8.35, 10.31535, 173.0071
-10.99134, 1.199748, 8.346362, 10.99378, 173.9485
-11.00852, 1.215893, 8.350457, 9.778762, 172.6715
-11.00527, 1.233222, 8.378705, 10.87087, 171.1904
-11.00066, 1.223153, 8.350142, 10.38064, 172.1081
-11.00138, 1.204594, 8.35, 10.3207, 173.553
-10.98752, 1.204594, 8.356687, 11.59698, 173.5196
-11.01136, 1.204594, 8.368808, 10.10478, 173.4592
-10.98697, 1.204594, 8.379699, 12.31889, 173.4051
-11.00122, 1.204594, 8.325305, 9.594998, 173.6769
-11.01506, 1.209671, 8.35, 9.25631, 173.1579
-11.0008, 1.201382, 8.352834, 10.4504, 173.7887
-10.99144, 1.20559, 8.354593, 11.23047, 173.4526
-11.00963, 1.199848, 8.351634, 9.727249, 173.9141
-10.99518, 1.199643, 8.337355, 10.42648, 174.0023
-11.01442, 1.211426, 8.35, 9.305835, 173.0213
-11.01746, 1.193976, 8.340683, 8.789692, 174.4269
-10.982, 1.223696, 8.367288, 12.33908, 171.9836
-10.9922, 1.199772, 8.349248, 11.01282, 173.932
-10.99775, 1.208764, 8.322252, 9.774556, 173.3666
-10.98238, 1.231446, 8.35, 11.79907, 171.4633
-11.00042, 1.22798, 8.357519, 10.61907, 171.6973
-11.0111, 1.193932, 8.362556, 9.939151, 174.3187
-10.99718, 1.185985, 8.345782, 10.5221, 175.0231
-11.00792, 1.193758, 8.372583, 10.4837, 174.2812
-11.01185, 1.172114, 8.35, 9.505863, 176.0806
-11.01829, 1.240135, 8.351577, 9.051547, 170.7799
-11.00582, 1.199315, 8.347035, 9.886994, 173.9788
-10.99959, 1.238007, 8.336637, 10.06146, 171.0152
-11.01926, 1.216718, 8.377978, 9.7647, 172.4735
-10.97164, 1.204594, 8.35, 12.63528, 173.553
-10.98278, 1.204594, 8.345486, 11.63412, 173.5756
-10.99847, 1.204594, 8.355445, 10.70922, 173.5258
-11.0247, 1.204594, 8.328021, 7.843952, 173.6633
-10.98774, 1.204594, 8.384043, 12.38708, 173.3836
-10.99931, 1.200493, 8.35, 10.48183, 173.8722
-10.99706, 1.202666, 8.345261, 10.51615, 173.7269
-11.02258, 1.195736, 8.344289, 8.499341, 174.2714
-11.01005, 1.209951, 8.349893, 9.642749, 173.1366
-10.97677, 1.201555, 8.353315, 12.33377, 173.7729
-10.98504, 1.222478, 8.35, 11.59222, 172.1613
-11.01492, 1.185283, 8.354009, 9.387074, 175.035
-11.01508, 1.204006, 8.340132, 8.958549, 173.6482
-10.99183, 1.214413, 8.367944, 11.59518, 172.7011
-11.00723, 1.197297, 8.3879, 10.99091, 173.9295
-10.97085, 1.223939, 8.35, 12.69679, 172.0475
-10.98572, 1.188598, 8.359359, 11.81645, 174.7496
-11.01203, 1.23427, 8.334136, 9.0168, 171.3183
-11.01255, 1.215861, 8.359824, 9.744616, 172.6283
-10.99272, 1.233463, 8.366068, 11.47081, 171.2309
-10.97066, 1.165758, 8.35, 12.71157, 176.5753
-11.00838, 1.21034, 8.359674, 10.06458, 173.0581
-10.97707, 1.233347, 8.361347, 12.54757, 171.2621
-10.97703, 1.241914, 8.342499, 11.99355, 170.6834
-11.01587, 1.224455, 8.371469, 9.834051, 171.9046
-10.98802, 1.204594, 8.35, 11.35995, 173.553
-10.96385, 1.204594, 8.340275, 12.95524, 173.6017
-11.01488, 1.204594, 8.349147, 9.244709, 173.5573
-10.96292, 1.204594, 8.358427, 13.56152, 173.511
-10.99659, 1.204594, 8.340412, 10.40756, 173.601
-11.0042, 1.208065, 8.35, 10.10096, 173.2829
-11.00845, 1.197399, 8.345392, 9.632964, 174.1363
-11.0303, 1.199937, 8.351388, 8.111715, 173.9084
-10.96133, 1.208086, 8.376372, 14.20949, 173.1508
-10.99953, 1.205356, 8.318547, 9.524331, 173.6514
-10.98135, 1.221739, 8.35, 11.87922, 172.2188
-10.99481, 1.194766, 8.350339, 10.84189, 174.3161
-10.99256, 1.200017, 8.334827, 10.55563, 173.9859
-11.03355, 1.220888, 8.34419, 7.64235, 172.3131
-11.03397, 1.18749, 8.33278, 7.264638, 174.9733
-11.01715, 1.196845, 8.35, 9.093103, 174.156
-11.01764, 1.175772, 8.350152, 9.060116, 175.7952
-11.00128, 1.226422, 8.365807, 10.79806, 171.7789
-11.00908, 1.178098, 8.360821, 10.04374, 175.558
-10.98812, 1.201734, 8.365647, 11.81548, 173.6971
-11.01607, 1.241993, 8.35, 9.177647, 170.6426
-10.97988, 1.210256, 8.340814, 11.72193, 173.1578
-11.00162, 1.166087, 8.337571, 9.930725, 176.6168
-10.99238, 1.201706, 8.330487, 10.44042, 173.8761
-11.02577, 1.20619, 8.34563, 8.291187, 173.4506
-10.99956, 1.459594, 8.35, 10.462, 153.7087
-10.99956, 1.459594, 8.349154, 10.43678, 153.7107
-10.99956, 1.459594, 8.363259, 10.85607, 153.6766
-10.99956, 1.459594, 8.341084, 10.19626, 153.7303
-10.99956, 1.459594, 8.362255, 10.82627, 153.679
-10.99956, 1.450841, 8.35, 10.462, 154.3898
-10.99956, 1.462634, 8.35366, 10.57088, 153.4633
-10.99956, 1.468981, 8.335753, 10.03706, 153.0114
-10.99956, 1.451135, 8.330523, 9.880672, 154.416
-10.99956, 1.456965, 8.339467, 10.14798, 153.9391
-10.99956, 1.445296, 8.35, 10.462, 154.8213
-10.99956, 1.464546, 8.358813, 10.72407, 153.3023
-10.99956, 1.478101, 8.362716, 10.83993, 152.24
-10.99956, 1.465208, 8.363714, 10.86954, 153.2393
-10.99956, 1.44743, 8.353572, 10.56828, 154.6462
-10.99956, 1.440315, 8.35, 10.462, 155.209
-10.99956, 1.461092, 8.345004, 10.31316, 153.6041
-10.99956, 1.438575, 8.368415, 11.00892, 155.2959
-10.99956, 1.441434, 8.348435, 10.4154, 155.126
-10.99956, 1.452969, 8.380218, 11.35809, 154.1492
-10.99956, 1.443045, 8.35, 10.462, 154.9965
-10.99956, 1.470038, 8.350848, 10.48724, 152.8939
-10.99956, 1.498251, 8.362369, 10.82962, 150.6752
-10.99956, 1.453152, 8.328383, 9.816613, 154.264
-10.99956, 1.457584, 8.335335, 10.02455, 153.901
-11.00092, 1.459594, 8.35, 10.35643, 153.7087
-10.99805, 1.459594, 8.356447, 10.77141, 153.6931
-10.99383, 1.459594, 8.33401, 10.43188, 153.7476
-10.99411, 1.459594, 8.350809, 10.91067, 153.7067
-11.00917, 1.459594, 8.372808, 10.39388, 153.6535
-11.00409, 1.463893, 8.35, 10.1101, 153.3741
-11.00559, 1.466259, 8.352165, 10.05768, 153.1849
-11.00355, 1.46333, 8.340557, 9.869556, 153.4405
-11.00866, 1.463573, 8.379387, 10.62803, 153.3291
-10.9981, 1.451947, 8.374547, 11.30409, 154.2425
-10.99374, 1.454699, 8.35, 10.91483, 154.0896
-11.00387, 1.446389, 8.342554, 9.905019, 154.7554
-10.99112, 1.479549, 8.346534, 11.01581, 152.1634
-10.99418, 1.474187, 8.376826, 11.67518, 152.5121
-11.00082, 1.467218, 8.367126, 10.87292, 153.0752
-11.00892, 1.482408, 8.35, 9.733615, 151.9333
-11.00823, 1.440452, 8.359139, 10.06026, 155.1743
-11.00066, 1.429827, 8.369637, 10.96019, 155.9717
-10.98979, 1.484721, 8.3701, 11.81777, 151.7097
-11.00626, 1.461396, 8.358228, 10.1864, 153.5486
-11.00532, 1.452208, 8.35, 10.01397, 154.2834
-10.9936, 1.493769, 8.344116, 10.75092, 151.0614
-10.98965, 1.477732, 8.333554, 10.74439, 152.3341
-11.00082, 1.496238, 8.346854, 10.2708, 150.8635
-11.00502, 1.481019, 8.329953, 9.438171, 152.0858
-10.99562, 1.459594, 8.35, 10.76853, 153.7087
-11.01632, 1.459594, 8.357849, 9.392939, 153.6897
-10.99066, 1.459594, 8.341445, 10.90028, 153.7295
-10.99411, 1.459594, 8.344685, 10.72859, 153.7216
-11.0141, 1.459594, 8.359124, 9.603124, 153.6866
-10.98636, 1.460254, 8.35, 11.48938, 153.6573
-10.98363, 1.462862, 8.341807, 11.45894, 153.474
-11.00148, 1.46198, 8.335447, 9.878411, 153.558
-10.98415, 1.460401, 8.341636, 11.41344, 153.6661
-10.98676, 1.463539, 8.353721, 11.56832, 153.3928
-11.0178, 1.442355, 8.35, 9.043164, 155.0502
-10.98539, 1.470956, 8.350766, 11.58746, 152.8227
-10.98213, 1.4425, 8.339913, 11.51997, 155.0652
-10.99117, 1.459134, 8.343856, 10.93241, 153.7594
-11.01147, 1.471916, 8.373856, 10.24607, 152.695
-10.98128, 1.47288, 8.35, 11.88457, 152.6747
-10.98041, 1.445592, 8.357604, 12.17727, 154.7788
-10.98617, 1.435349, 8.35324, 11.6002, 155.5868
-10.99782, 1.432611, 8.346437, 10.49144, 155.8181
-10.99554, 1.431548, 8.319942, 9.877882, 155.973
-11.01365, 1.47231, 8.35, 9.365616, 152.7191
-11.01379, 1.458158, 8.342439, 9.128394, 153.8389
-11.01508, 1.481202, 8.362879, 9.639301, 151.9987
-11.00616, 1.421837, 8.356489, 10.1421, 156.6287
-10.99184, 1.435897, 8.350983, 11.0919, 155.5501
-11.01689, 1.459594, 8.35, 9.113817, 153.7087
-10.9912, 1.459594, 8.35701, 11.32044, 153.6917
-11.02752, 1.459594, 8.368642, 8.845582, 153.6636
-10.9915, 1.459594, 8.333272, 10.59156, 153.7494
-10.9965, 1.459594, 8.333452, 10.20681, 153.7489
-11.00125, 1.451754, 8.35, 10.33067, 154.3188
-11.01753, 1.46431, 8.351438, 9.106979, 153.3382
-11.02274, 1.468544, 8.341709, 8.409662, 153.0315
-11.00283, 1.45162, 8.346677, 10.10901, 154.3376
-11.00383, 1.466805, 8.386023, 11.1991, 153.0631
-11.02359, 1.470076, 8.35, 8.59211, 152.8929
-10.99487, 1.44116, 8.344008, 10.64888, 155.1588
-11.01818, 1.449938, 8.331124, 8.446741, 154.5079
-10.98752, 1.465508, 8.361688, 11.7449, 153.2208
-10.98524, 1.446181, 8.361018, 11.9023, 154.7243
-11.00246, 1.459379, 8.35, 10.2365, 153.7254
-11.02466, 1.479155, 8.35414, 8.633394, 152.1772
-10.99559, 1.472227, 8.332964, 10.26392, 152.7648
-11.02262, 1.476517, 8.358975, 8.936892, 152.3715
-11.02922, 1.439536, 8.33428, 7.68013, 155.311
-11.02039, 1.427398, 8.35, 8.841305, 156.2141
-10.98483, 1.473813, 8.340785, 11.33506, 152.6232
-10.98243, 1.482894, 8.355002, 11.94364, 151.8844
-11.00466, 1.482011, 8.352967, 10.15377, 151.9576
-11.00798, 1.461215, 8.382502, 10.77307, 153.5045
-10.97563, 1.459594, 8.35, 12.32434, 153.7087
-10.97528, 1.459594, 8.357974, 12.58683, 153.6894
-11.03764, 1.459594, 8.359283, 7.778649, 153.6862
-11.00311, 1.459594, 8.331983, 9.647355, 153.7525
-11.01154, 1.459594, 8.343593, 9.338622, 153.7242
-10.9785, 1.456392, 8.35, 12.10104, 153.9578
-10.98256, 1.45993, 8.355281, 11.94125, 153.6697
-10.99424, 1.4619, 8.357126, 11.08781, 153.512
-11.03407, 1.469341, 8.378247, 8.624239, 152.8846
-11.00719, 1.452399, 8.320994, 8.999619, 154.3413
-10.99432, 1.452481, 8.35, 10.87007, 154.2622
-10.99575, 1.46504, 8.355403, 10.91927, 153.272
-11.02793, 1.469648, 8.350938, 8.283048, 152.9241
-10.9872, 1.457872, 8.363883, 11.83484, 153.8088
-11.02645, 1.473768, 8.37652, 9.16327, 152.5452
-10.98554, 1.456484, 8.35, 11.55363, 153.9507
-10.99782, 1.485529, 8.340552, 10.31583, 151.7108
-11.02195, 1.434616, 8.33484, 8.263979, 155.6931
-11.0233, 1.432824, 8.378213, 9.458742, 155.7161
-11.01785, 1.463951, 8.336664, 8.638644, 153.4014
-10.96943, 1.439948, 8.35, 12.8071, 155.2375
-11.03119, 1.43774, 8.357712, 8.232636, 155.389
-10.96677, 1.4425, 8.35629, 13.19932, 155.0226
-10.97576, 1.480796, 8.348396, 12.26721, 152.0623
-11.03099, 1.442634, 8.368378, 8.568234, 154.9809
-10.99956, 1.714594, 8.35, 10.462, 133.8643
-10.99956, 1.714594, 8.359071, 10.73173, 133.8656
-10.99956, 1.714594, 8.335602, 10.03252, 133.8622
-10.99956, 1.714594, 8.367064, 10.9689, 133.8668
-10.99956, 1.714594, 8.374393, 11.18591, 133.8679
-10.99956, 1.7069, 8.35, 10.462, 134.4631
-10.99956, 1.720103, 8.347111, 10.37593, 133.435
-10.99956, 1.718445, 8.338898, 10.13097, 133.5625
-10.99956, 1.716099, 8.368865, 11.02225, 133.7503
-10.99956, 1.718256, 8.334156, 9.989319, 133.5764
-10.99956, 1.698475, 8.35, 10.462, 135.1186
-10.99956, 1.704553, 8.356997, 10.67011, 134.646
-10.99956, 1.699612, 8.366135, 10.94132, 135.0301
-10.99956, 1.718044, 8.34255, 10.23997, 133.5945
-10.99956, 1.731331, 8.324602, 9.70336, 132.5537
-10.99956, 1.71147, 8.35, 10.462, 134.1074
-10.99956, 1.718324, 8.341286, 10.20224, 133.5724
-10.99956, 1.711744, 8.342767, 10.24644, 134.0853
-10.99956, 1.727049, 8.347646, 10.39188, 132.8943
-10.99956, 1.730612, 8.35568, 10.63099, 132.6195
-10.99956, 1.726224, 8.35, 10.462, 132.9592
-10.99956, 1.713481, 8.356583, 10.65778, 133.9518
-10.99956, 1.750013, 8.331499, 9.909868, 131.0986
-10.99956, 1.685247, 8.331372, 9.906063, 136.1509
-10.99956, 1.693193, 8.370067, 11.05785, 135.5283
-11.00016, 1.714594, 8.35, 10.41581, 133.8643
-10.9923, 1.714594, 8.346082, 10.91091, 133.8638
-10.99873, 1.714594, 8.352513, 10.60166, 133.8647
-11.0066, 1.714594, 8.335625, 9.484878, 133.8622
-10.99945, 1.714594, 8.353455, 10.5737, 133.8648
-10.99144, 1.709958, 8.35, 11.09443, 134.2251
-10.99496, 1.709758, 8.352175, 10.88505, 134.2408
-10.99519, 1.716551, 8.364419, 11.2302, 133.7144
-11.00754, 1.720018, 8.366832, 10.34248, 133.4456
-11.0091, 1.723843, 8.372143, 10.37948, 133.1499
-10.9905, 1.698134, 8.35, 11.16759, 135.1452
-10.99101, 1.722083, 8.349828, 11.12261, 133.2814
-11.00628, 1.710793, 8.337066, 9.552784, 134.1587
-10.99724, 1.734571, 8.365128, 11.09173, 132.3149
-10.99246, 1.699766, 8.382092, 11.96433, 135.0181
-11.00246, 1.69963, 8.35, 10.2365, 135.0288
-11.00895, 1.703552, 8.355542, 9.89675, 134.7238
-11.00753, 1.721704, 8.342536, 9.619102, 133.3093
-11.0056, 1.684772, 8.336644, 9.593453, 136.1871
-11.00393, 1.714199, 8.384885, 11.1572, 133.9
-11.00135, 1.698203, 8.35, 10.32283, 135.1398
-11.00262, 1.738191, 8.359735, 10.51384, 132.0317
-11.00542, 1.675498, 8.369777, 10.59455, 136.9019
-11.00117, 1.698743, 8.340778, 10.06167, 135.098
-10.99272, 1.698495, 8.379559, 11.86905, 135.1167
-10.9887, 1.714594, 8.35, 11.30723, 133.8643
-10.98219, 1.714594, 8.352924, 11.90075, 133.8647
-10.99239, 1.714594, 8.34963, 11.00952, 133.8643
-11.00068, 1.714594, 8.321733, 9.530511, 133.8602
-10.99919, 1.714594, 8.362748, 10.87004, 133.8662
-11.01882, 1.72166, 8.35, 8.963614, 133.3144
-11.01132, 1.718571, 8.355269, 9.704318, 133.5558
-11.01198, 1.706801, 8.352057, 9.556789, 134.4709
-11.01776, 1.720724, 8.358997, 9.315147, 133.3891
-10.98305, 1.719911, 8.343615, 11.55809, 133.4492
-11.0095, 1.70736, 8.35, 9.688969, 134.4272
-10.98654, 1.719309, 8.358582, 11.72958, 133.4991
-10.98, 1.720649, 8.334045, 11.51141, 133.3897
-11.0015, 1.715047, 8.367706, 10.83793, 133.8317
-10.99601, 1.719688, 8.365857, 11.20909, 133.471
-11.01392, 1.744181, 8.35, 9.344845, 131.5618
-10.98242, 1.737578, 8.346063, 11.67967, 132.0742
-10.98891, 1.737502, 8.339263, 10.97182, 132.0775
-10.98612, 1.742509, 8.349717, 11.49962, 131.6918
-10.99918, 1.720724, 8.387111, 11.59118, 133.395
-11.00793, 1.741003, 8.35, 9.811091, 131.8091
-10.98573, 1.739776, 8.351781, 11.59109, 131.9053
-10.99114, 1.718588, 8.352472, 11.19108, 133.5539
-10.99719, 1.685693, 8.356366, 10.83578, 136.1125
-10.99819, 1.731574, 8.346636, 10.46883, 132.5418
-10.97905, 1.714594, 8.35, 12.05811, 133.8643
-10.98706, 1.714594, 8.342653, 11.21697, 133.8632
-11.02774, 1.714594, 8.363957, 8.687968, 133.8664
-10.97936, 1.714594, 8.349376, 12.01561, 133.8642
-10.98063, 1.714594, 8.345811, 11.81105, 133.8637
-11.02425, 1.724169, 8.35, 8.541169, 133.1192
-11.02768, 1.722176, 8.347366, 8.194728, 133.2736
-10.98313, 1.722136, 8.364486, 12.16856, 133.2806
-11.02145, 1.705263, 8.368673, 9.317393, 134.5914
-10.99658, 1.706512, 8.368243, 11.23518, 134.4944
-11.0026, 1.696794, 8.35, 10.22558, 135.2495
-10.97446, 1.713813, 8.357089, 12.62482, 133.926
-11.01531, 1.700271, 8.346215, 9.123187, 134.9789
-11.00448, 1.712291, 8.349401, 10.06172, 134.0434
-10.99847, 1.709496, 8.334722, 10.09177, 134.2596
-11.01629, 1.694484, 8.35, 9.16008, 135.4293
-11.02328, 1.735645, 8.341004, 8.345919, 132.2229
-11.01564, 1.705643, 8.330881, 8.63687, 134.5597
-11.02586, 1.718617, 8.32078, 7.534618, 133.5457
-11.01232, 1.744045, 8.367265, 9.984527, 131.58
-10.9959, 1.736196, 8.35, 10.74735, 132.1832
-10.97521, 1.693594, 8.349032, 12.32876, 135.4986
-10.97407, 1.682084, 8.355165, 12.59789, 136.3933
-11.02284, 1.723425, 8.363027, 9.040504, 133.1801
-10.98025, 1.739504, 8.348366, 11.91659, 131.9251
-10.96346, 1.714594, 8.35, 13.27199, 133.8643
-10.98311, 1.714594, 8.347811, 11.67775, 133.864
-10.96862, 1.714594, 8.363373, 13.26334, 133.8663
-11.02766, 1.714594, 8.34885, 8.240604, 133.8642
-11.00109, 1.714594, 8.384527, 11.36734, 133.8694
-11.02349, 1.708109, 8.35, 8.600063, 134.3689
-10.99577, 1.722597, 8.350952, 10.78524, 133.2417
-10.97121, 1.717243, 8.355197, 12.82186, 133.659
-11.02087, 1.706645, 8.369145, 9.376388, 134.4842
-11.02929, 1.715941, 8.34287, 7.933602, 133.7583
-11.01628, 1.725945, 8.35, 9.161024, 132.9809
-10.99385, 1.709242, 8.348946, 10.87493, 134.2807
-11.03351, 1.717022, 8.369027, 8.391652, 133.6786
-10.96434, 1.701984, 8.324459, 12.44953, 134.8451
-11.01835, 1.72508, 8.375761, 9.769421, 133.0548
-10.99174, 1.723716, 8.35, 11.07116, 133.1544
-10.97472, 1.696781, 8.346281, 12.28573, 135.2506
-11.02021, 1.731211, 8.3632, 9.250417, 132.5752
-10.96243, 1.691427, 8.360757, 13.66724, 135.6662
-10.98671, 1.718738, 8.31299, 10.35961, 133.5348
-10.96382, 1.744825, 8.35, 13.2436, 131.5117
-10.96076, 1.678913, 8.356243, 13.66532, 136.6397
-10.98129, 1.706756, 8.337108, 11.50198, 134.4733
-10.97001, 1.745234, 8.328969, 12.14036, 131.4703
-10.99186, 1.688264, 8.382252, 12.01498, 135.9095
-10.95079, 2.389187, 8.35, 14.25758, 81.36674
-10.95079, 2.389187, 8.340172, 13.96945, 81.29829
-10.95079, 2.389187, 8.330238, 13.67746, 81.22891
-10.95079, 2.389187, 8.354179, 14.37986, 81.3958
-10.95079, 2.389187, 8.38756, 15.35196, 81.62675
-10.95079, 2.388084, 8.35, 14.25758, 81.45261
-10.95079, 2.383249, 8.348362, 14.2096, 81.81755
-10.95079, 2.384531, 8.353452, 14.35857, 81.75298
-10.95079, 2.382082, 8.321438, 13.41817, 81.72235
-10.95079, 2.395015, 8.356874, 14.45865, 80.96146
-10.95079, 2.390903, 8.35, 14.25758, 81.23325
-10.95079, 2.408442, 8.341942, 14.02139, 79.81067
-10.95079, 2.372011, 8.360058, 14.55165, 82.77156
-10.95079, 2.393767, 8.346423, 14.15278, 80.98529
-10.95079, 2.398353, 8.323928, 13.49161, 80.46907
-10.95079, 2.399739, 8.35, 14.25758, 80.54559
-10.95079, 2.413481, 8.341472, 14.00758, 79.41467
-10.95079, 2.373999, 8.368346, 14.79345, 82.67323
-10.95079, 2.360373, 8.348289, 14.20747, 83.5977
-10.95079, 2.397067, 8.338407, 13.91759, 80.67186
-10.95079, 2.424457, 8.35, 14.25758, 78.62206
-10.95079, 2.362615, 8.359086, 14.52328, 83.49533
-10.95079, 2.374337, 8.338008, 13.9059, 82.44069
-10.95079, 2.402641, 8.35416, 14.37932, 80.34927
-10.95079, 2.420172, 8.364755, 14.68875, 79.06252
-10.95826, 2.389187, 8.35, 13.67643, 81.36674
-10.95957, 2.389187, 8.343599, 13.38615, 81.32217
-10.94489, 2.389187, 8.348169, 14.66289, 81.354
-10.95626, 2.389187, 8.322505, 13.02266, 81.17479
-10.95284, 2.389187, 8.380803, 14.99727, 81.58017
-10.94585, 2.385157, 8.35, 14.64184, 81.6804
-10.95119, 2.383592, 8.340791, 13.95656, 81.73854
-10.95086, 2.386447, 8.340132, 13.96295, 81.51157
-10.95721, 2.385071, 8.323406, 12.97518, 81.50259
-10.95334, 2.39424, 8.351638, 14.107, 80.98502
-10.94318, 2.387348, 8.35, 14.84958, 81.5099
-10.94294, 2.408074, 8.340642, 14.59492, 79.83
-10.94674, 2.379094, 8.342767, 14.36079, 82.10257
-10.94709, 2.370046, 8.359451, 14.82166, 82.92017
-10.95904, 2.384135, 8.334743, 13.16643, 81.65434
-10.95388, 2.362819, 8.35, 14.01724, 83.41873
-10.955, 2.364554, 8.341415, 13.67836, 83.22606
-10.9593, 2.395808, 8.337914, 13.2401, 80.76651
-10.94798, 2.402847, 8.376794, 15.25695, 80.49319
-10.95746, 2.410026, 8.349895, 13.73518, 79.74432
-10.95474, 2.389615, 8.35, 13.95015, 81.3335
-10.95595, 2.426259, 8.353719, 13.96535, 78.50905
-10.94279, 2.350344, 8.34559, 14.75158, 84.36058
-10.95934, 2.369908, 8.321131, 12.74109, 82.67117
-10.95974, 2.427452, 8.37023, 14.15401, 78.53711
-10.94213, 2.389187, 8.35, 14.93152, 81.36674
-10.93303, 2.389187, 8.357537, 15.85917, 81.41911
-10.96014, 2.389187, 8.34831, 13.48061, 81.355
-10.96284, 2.389187, 8.341463, 13.06827, 81.30728
-10.95524, 2.389187, 8.353977, 14.02787, 81.39439
-10.96979, 2.398709, 8.35, 12.77866, 80.62575
-10.93976, 2.380986, 8.350094, 15.11852, 82.00566
-10.9682, 2.38597, 8.367192, 13.4077, 81.73587
-10.9453, 2.396818, 8.32176, 13.85668, 80.57358
-10.94115, 2.388522, 8.351226, 15.04326, 81.42705
-10.93221, 2.409117, 8.35, 15.70378, 79.81577
-10.95662, 2.374078, 8.356579, 13.99685, 82.58728
-10.93813, 2.397787, 8.351038, 15.27334, 80.70485
-10.94278, 2.371614, 8.341948, 14.6453, 82.67966
-10.94447, 2.386277, 8.346375, 14.64372, 81.56812
-10.95335, 2.400052, 8.35, 14.05815, 80.52126
-10.93187, 2.386886, 8.350165, 15.73487, 81.54698
-10.9434, 2.373261, 8.361807, 15.17728, 82.68625
-10.96022, 2.394141, 8.327127, 12.8501, 80.82054
-10.93952, 2.4116, 8.314613, 14.09803, 79.36728
-10.94985, 2.392464, 8.35, 14.33061, 81.11176
-10.94586, 2.355091, 8.358498, 14.88934, 84.07625
-10.94978, 2.393697, 8.338343, 13.99458, 80.93405
-10.96421, 2.424206, 8.333824, 12.73632, 78.5231
-10.95206, 2.426148, 8.330525, 13.58698, 78.34737
-10.92283, 2.389187, 8.35, 16.43312, 81.36674
-10.93785, 2.389187, 8.356464, 15.45273, 81.41167
-10.92444, 2.389187, 8.369263, 16.86566, 81.50041
-10.9804, 2.389187, 8.347696, 11.88539, 81.35071
-10.94304, 2.389187, 8.372845, 15.52619, 81.52518
-10.94184, 2.386304, 8.35, 14.95378, 81.59116
-10.93321, 2.391453, 8.357413, 15.84114, 81.24216
-10.95921, 2.393084, 8.368781, 14.15219, 81.19463
-10.94213, 2.393044, 8.356877, 15.13209, 81.11465
-10.92094, 2.39315, 8.318202, 15.65503, 80.83499
-10.93075, 2.373272, 8.35, 15.81682, 82.60532
-10.97245, 2.399926, 8.35129, 12.61036, 80.54016
-10.96247, 2.389463, 8.340574, 13.07101, 81.2796
-10.9235, 2.382457, 8.339254, 16.06958, 81.81638
-10.97544, 2.391056, 8.362445, 12.70633, 81.30803
-10.95234, 2.359991, 8.35, 14.13676, 83.63885
-10.95465, 2.404601, 8.348348, 13.90899, 80.15546
-10.95697, 2.390164, 8.332641, 13.26619, 81.16953
-10.95839, 2.392888, 8.328263, 13.02599, 80.92632
-10.93756, 2.398715, 8.343383, 15.09383, 80.57861
-10.96363, 2.42685, 8.35, 13.25862, 78.43582
-10.94694, 2.41433, 8.342771, 14.34574, 79.35796
-10.96903, 2.405724, 8.348521, 12.79427, 80.06932
-10.92478, 2.351525, 8.329224, 15.67758, 84.16064
-10.97863, 2.407895, 8.319651, 11.19025, 79.69318
-10.96535, 2.389187, 8.35, 13.1248, 81.36674
-10.96674, 2.389187, 8.353068, 13.10637, 81.38808
-10.9686, 2.389187, 8.362336, 13.23428, 81.45242
-10.9119, 2.389187, 8.349858, 17.28016, 81.36575
-10.91895, 2.389187, 8.368806, 17.27872, 81.49724
-10.97887, 2.383799, 8.35, 12.07266, 81.78607
-10.97061, 2.389498, 8.341382, 12.46107, 81.28253
-10.92614, 2.392093, 8.356997, 16.37909, 81.18944
-10.98234, 2.390887, 8.320588, 10.92816, 81.02855
-10.96262, 2.385526, 8.382168, 14.27881, 81.87331
-10.9255, 2.40765, 8.35, 16.22572, 79.92996
-10.9431, 2.371578, 8.357809, 15.08396, 82.78998
-10.98917, 2.402768, 8.3545, 11.40404, 80.34178
-10.91426, 2.388646, 8.329201, 16.49763, 81.26395
-10.97063, 2.387482, 8.315729, 11.69902, 81.2606
-10.95728, 2.405009, 8.35, 13.75232, 80.13551
-10.92983, 2.36028, 8.343495, 15.69931, 83.57297
-10.98045, 2.411905, 8.348092, 11.8933, 79.5851
-10.92644, 2.371994, 8.328578, 15.52912, 82.55907
-10.92418, 2.36822, 8.356412, 16.51387, 83.04164
-10.91156, 2.425226, 8.35, 17.31058, 78.56215
-10.97117, 2.37339, 8.346054, 12.55518, 82.56924
-10.97718, 2.377283, 8.360409, 12.5112, 82.36421
-10.96915, 2.377135, 8.355106, 12.9788, 82.33957
-10.91317, 2.366922, 8.380932, 18.07569, 83.30685
