-10.96986, 0.02, 8.35, 28.33746, 265.7393
-10.96986, 0.02, 8.343735, 28.1653, 265.8456
-10.96986, 0.02, 8.349242, 28.31665, 265.7522
-10.96986, 0.02, 8.337314, 27.9886, 265.9548
-10.96986, 0.02, 8.315336, 27.38152, 266.3298
-10.96986, 0.02771178, 8.35, 28.33746, 265.1392
-10.96986, 0.02199525, 8.350854, 28.36088, 265.5696
-10.96986, 0.02224757, 8.365912, 28.77339, 265.2955
-10.96986, 0.01072753, 8.365189, 28.75361, 266.2024
-10.96986, 0.02503569, 8.35991, 28.60916, 265.1801
-10.96986, 0.02753249, 8.35, 28.33746, 265.1531
-10.96986, 0.0002562441, 8.347678, 28.27367, 267.3156
-10.96986, 0.0157047, 8.359013, 28.58458, 265.9205
-10.96986, 0.008043133, 8.376771, 29.06985, 266.2142
-10.96986, 0.01959446, 8.35213, 28.3959, 265.7347
-10.96986, 0.006229153, 8.35, 28.33746, 266.811
-10.96986, 0.01718218, 8.345621, 28.21717, 266.033
-10.96986, 0.02781258, 8.339148, 28.03908, 265.3148
-10.96986, 0.007962896, 8.347363, 28.26502, 266.7211
-10.96986, 0.01176621, 8.386896, 29.34551, 265.7544
-10.96986, 0.05657107, 8.35, 28.33746, 262.8933
-10.96986, -0.0001832433, 8.351841, 28.38797, 267.2784
-10.96986, -0.01986801, 8.345215, 28.206, 268.925
-10.96986, -0.001633409, 8.353032, 28.42064, 267.3708
-10.96986, 1.678616E-05, 8.369287, 28.86559, 266.9643
-10.96445, 0.02, 8.35, 28.75872, 265.7393
-10.96165, 0.02, 8.344385, 28.82256, 265.8346
-10.96614, 0.02, 8.332679, 28.15138, 266.0337
-10.96582, 0.02, 8.367669, 29.13506, 265.4404
-10.96167, 0.02, 8.347309, 28.90142, 265.785
-10.97225, 0.01503061, 8.35, 28.15187, 266.126
-10.97466, 0.01965316, 8.346002, 27.85403, 265.8341
-10.96809, 0.02351695, 8.336454, 28.10339, 265.6953
-10.96745, 0.01156159, 8.340777, 28.27238, 266.5533
-10.97204, 0.0282876, 8.313498, 27.16025, 265.7132
-10.96182, 0.01877727, 8.35, 28.96331, 265.8344
-10.96654, 0.002024055, 8.357144, 28.79153, 267.0159
-10.96246, 0.007687083, 8.364456, 29.3087, 266.451
-10.96495, 0.003920205, 8.368451, 29.22393, 266.6755
-10.97151, 0.003270406, 8.369536, 28.74474, 266.7075
-10.97014, -0.001982866, 8.35, 28.31632, 267.45
-10.96893, 0.01685056, 8.340459, 28.14826, 266.1467
-10.97124, 0.001601573, 8.357017, 28.42257, 267.0509
-10.96894, 0.03559484, 8.339005, 28.10745, 264.7107
-10.97751, 0.03056567, 8.377784, 28.50444, 264.4506
-10.96218, 0.01894826, 8.35, 28.93534, 265.8211
-10.96437, -0.01219407, 8.347926, 28.70785, 268.2805
-10.97212, -0.01742129, 8.335092, 27.75135, 268.9104
-10.96452, 0.04650581, 8.350796, 28.77515, 263.6633
-10.96068, 0.04368718, 8.330986, 28.53025, 264.2146
-10.95658, 0.02, 8.35, 29.37085, 265.7393
-10.95163, 0.02, 8.340526, 29.49789, 265.9002
-10.98526, 0.02, 8.364923, 27.55078, 265.4868
-10.97604, 0.02, 8.366947, 28.32205, 265.4526
-10.97829, 0.02, 8.325175, 26.99601, 266.1616
-10.97414, 0.02632593, 8.35, 28.00498, 265.247
-10.96251, 0.02613125, 8.347655, 28.84563, 265.3018
-10.97974, 0.01437796, 8.335841, 27.17796, 266.4182
-10.97635, 0.02546261, 8.361081, 28.1375, 265.1272
-10.97169, 0.02132673, 8.364867, 28.60293, 265.3846
-10.956, 0.003520004, 8.35, 29.41674, 267.0218
-10.98149, 0.02564338, 8.349442, 27.41747, 265.3096
-10.98588, 0.01189542, 8.346188, 26.98576, 266.435
-10.9653, 0.02455678, 8.3303, 28.15145, 265.7187
-10.97675, 0.01526146, 8.325257, 27.11866, 266.5302
-10.97777, 0.008889503, 8.35, 27.72248, 266.6039
-10.95002, 0.03959549, 8.348874, 29.85127, 264.2332
-10.97748, 0.03906827, 8.36872, 28.25867, 263.9423
-10.98098, -0.001722135, 8.327506, 26.85053, 267.8172
-10.96047, 0.003835768, 8.356226, 29.23827, 266.8907
-10.96738, 0.01330093, 8.35, 28.53108, 266.2606
-10.96501, 0.01921387, 8.346641, 28.62308, 265.8575
-10.98938, -0.00346604, 8.354406, 26.94075, 267.4897
-10.96491, -0.01988123, 8.350234, 28.72973, 268.8388
-10.98888, 0.01072547, 8.37571, 27.56624, 266.0241
-10.94602, 0.02, 8.35, 30.1928, 265.7393
-10.96043, 0.02, 8.359517, 29.33132, 265.5781
-10.95052, 0.02, 8.363524, 30.21049, 265.5104
-10.95041, 0.02, 8.337953, 29.5225, 265.9439
-10.96072, 0.02, 8.321684, 28.27177, 266.2213
-10.98214, 0.01510306, 8.35, 27.38185, 266.1204
-10.98185, 0.02090365, 8.353332, 27.49659, 265.6125
-10.98685, 0.02785151, 8.369607, 27.55611, 264.7982
-10.9669, 0.02177935, 8.325632, 27.89768, 266.0149
-10.97105, 0.02777657, 8.378778, 29.03259, 264.6502
-10.96662, 0.02616863, 8.35, 28.58973, 265.2592
-10.99542, 0.01986277, 8.344176, 26.18731, 265.8488
-10.99739, 0.006745788, 8.348403, 26.15092, 266.7981
-10.974, 0.02980975, 8.361444, 28.32936, 264.7833
-10.96333, 0.01360549, 8.3573, 29.04565, 266.1128
-10.96689, 0.0005807597, 8.35, 28.56924, 267.2505
-10.96463, -0.006524654, 8.351077, 28.77418, 267.7849
-10.94531, 0.02102367, 8.339392, 29.95907, 265.8397
-10.9714, 0.005543238, 8.373596, 28.86423, 266.462
-10.99768, 0.007265078, 8.32308, 25.42356, 267.1919
-10.94602, 0.001246274, 8.35, 30.19298, 267.1987
-10.99704, -0.002910644, 8.350568, 26.23803, 267.5125
-10.98351, 0.04401545, 8.352636, 27.34793, 263.8264
-10.96976, -0.005021786, 8.339379, 28.05356, 267.8695
-10.95695, -0.001640487, 8.344376, 29.18854, 267.5201
-10.94395, 0.02, 8.35, 30.35382, 265.7393
-10.97946, 0.02, 8.352063, 27.64759, 265.7043
-10.93729, 0.02, 8.33979, 30.59512, 265.9127
-10.99189, 0.02, 8.35217, 26.68326, 265.7025
-11.00747, 0.02, 8.327297, 24.77699, 266.1254
-10.97191, 0.01927685, 8.35, 28.17787, 265.7956
-10.9526, 0.0222549, 8.350382, 29.69139, 265.5574
-10.93273, 0.02901667, 8.340647, 30.97359, 265.1956
-10.98892, 0.02417405, 8.379148, 27.65701, 264.9233
-10.99556, 0.01677676, 8.353249, 26.42787, 265.935
-10.99512, 0.02218926, 8.35, 26.37169, 265.5689
-10.97741, 0.005648594, 8.34411, 27.58801, 266.957
-10.99257, 0.02703231, 8.357577, 26.78012, 265.0642
-10.98872, 0.01707904, 8.373919, 27.52948, 265.5616
-10.97615, 0.004221573, 8.38881, 28.91107, 266.3062
-10.93198, 0.02708286, 8.35, 31.28567, 265.1881
-11.00311, 0.02986368, 8.349563, 25.73772, 264.9791
-10.99107, 0.04971568, 8.351398, 26.7262, 263.4035
-10.95705, 0.04464107, 8.344362, 29.18022, 263.916
-10.96028, 0.005229254, 8.313694, 28.0852, 267.5128
-11.00068, -0.01762355, 8.35, 25.93892, 268.6672
-10.93928, -0.01119664, 8.355946, 30.87865, 268.0645
-11.00329, 0.04032873, 8.356963, 25.92965, 264.0408
-11.00858, 0.05855711, 8.357158, 25.52397, 262.6203
-10.94904, 0.008036452, 8.350928, 29.98331, 266.6545
-10.96986, 0.1925, 8.35, 28.33746, 252.3152
-10.96986, 0.1925, 8.355238, 28.48116, 252.2355
-10.96986, 0.1925, 8.365597, 28.76477, 252.0783
-10.96986, 0.1925, 8.332505, 27.85608, 252.582
-10.96986, 0.1925, 8.370874, 28.90896, 251.9984
-10.96986, 0.1976146, 8.35, 28.33746, 251.9171
-10.96986, 0.1844642, 8.355143, 28.47852, 252.8619
-10.96986, 0.202392, 8.347323, 28.26395, 251.5858
-10.96986, 0.2024429, 8.377203, 29.08163, 251.1317
-10.96986, 0.1954765, 8.32599, 27.67622, 252.4493
-10.96986, 0.1950905, 8.35, 28.33746, 252.1136
-10.96986, 0.2112369, 8.347061, 28.25672, 250.9012
-10.96986, 0.2097305, 8.334527, 27.91181, 251.2075
-10.96986, 0.2104733, 8.342519, 28.13185, 251.0291
-10.96986, 0.2044539, 8.382132, 29.21588, 250.9019
-10.96986, 0.1983443, 8.35, 28.33746, 251.8604
-10.96986, 0.199109, 8.340231, 28.06892, 251.9491
-10.96986, 0.2037295, 8.354925, 28.47257, 251.367
-10.96986, 0.2033321, 8.326932, 27.70227, 251.8217
-10.96986, 0.2070558, 8.322081, 27.56817, 251.6047
-10.96986, 0.2223193, 8.35, 28.33746, 249.9946
-10.96986, 0.2239199, 8.349483, 28.32325, 249.8778
-10.96986, 0.2134035, 8.334928, 27.92284, 250.9151
-10.96986, 0.1907092, 8.338778, 28.0289, 252.6258
-10.96986, 0.1891746, 8.355078, 28.47675, 252.4966
-10.97764, 0.1925, 8.35, 27.73257, 252.3152
-10.97197, 0.1925, 8.353805, 28.27828, 252.2573
-10.97486, 0.1925, 8.34667, 27.85665, 252.3659
-10.97022, 0.1925, 8.376849, 29.0444, 251.9081
-10.96447, 0.1925, 8.356112, 28.92477, 252.2223
-10.97906, 0.2011049, 8.35, 27.62172, 251.6455
-10.96208, 0.1865054, 8.353788, 29.04658, 252.7238
-10.96931, 0.1845897, 8.35524, 28.52398, 252.8507
-10.97975, 0.1996001, 8.328859, 26.98412, 252.0837
-10.96691, 0.2021806, 8.337663, 28.22847, 251.7486
-10.96862, 0.1847063, 8.35, 28.43395, 252.9217
-10.96202, 0.1846904, 8.357431, 29.15109, 252.8094
-10.97165, 0.1994729, 8.34265, 27.99618, 251.884
-10.97399, 0.204664, 8.341352, 27.77866, 251.4992
-10.96072, 0.2095337, 8.349172, 29.02665, 251.0021
-10.96095, 0.1992196, 8.35, 29.03106, 251.7923
-10.96074, 0.1958636, 8.343138, 28.8595, 252.1577
-10.97363, 0.2034258, 8.339732, 27.76138, 251.6202
-10.96613, 0.2168733, 8.335191, 28.22093, 250.6406
-10.96106, 0.1632805, 8.3268, 28.38561, 254.95
-10.97914, 0.1910264, 8.35, 27.61542, 252.4298
-10.97126, 0.2203391, 8.357452, 28.43295, 250.0375
-10.96049, 0.1559805, 8.355743, 29.22383, 255.0677
-10.96606, 0.2119511, 8.349057, 28.60751, 250.8156
-10.96658, 0.1914041, 8.345897, 28.48031, 252.463
-10.97035, 0.1925, 8.35, 28.29994, 252.3152
-10.96798, 0.1925, 8.347918, 28.4269, 252.3469
-10.97884, 0.1925, 8.367225, 28.11224, 252.0537
-10.96984, 0.1925, 8.335657, 27.94504, 252.5338
-10.97505, 0.1925, 8.368903, 28.45286, 252.0283
-10.97244, 0.1943323, 8.35, 28.13679, 252.1726
-10.96189, 0.1839529, 8.356382, 29.13292, 252.8827
-10.98057, 0.191101, 8.334179, 27.06745, 252.6655
-10.95193, 0.1960493, 8.365642, 30.15889, 251.802
-10.96881, 0.2024801, 8.380816, 29.2619, 251.0746
-10.95979, 0.2035983, 8.35, 29.12154, 251.4515
-10.95494, 0.1759024, 8.351826, 29.54832, 253.5788
-10.9568, 0.1830539, 8.348676, 29.31783, 253.0706
-10.97137, 0.193132, 8.347865, 28.16151, 252.2985
-10.97211, 0.2100489, 8.344586, 28.01373, 251.031
-10.98019, 0.2151734, 8.35, 27.5338, 250.5507
-10.98349, 0.17824, 8.351597, 27.32087, 253.4004
-10.98482, 0.1669441, 8.331923, 26.67346, 254.5844
-10.9667, 0.2130825, 8.375003, 29.26718, 250.3394
-10.95422, 0.2036063, 8.310415, 28.46908, 252.0518
-10.9895, 0.1907441, 8.35, 26.80969, 252.4518
-10.95319, 0.1662986, 8.341251, 29.39575, 254.4898
-10.96253, 0.1960453, 8.367318, 29.38148, 251.777
-10.98031, 0.1772006, 8.326982, 26.88791, 253.8607
-10.98568, 0.2182305, 8.321891, 26.32776, 250.7347
-10.99465, 0.1925, 8.35, 26.4088, 252.3152
-10.99072, 0.1925, 8.354241, 26.83176, 252.2507
-10.98554, 0.1925, 8.337148, 26.76194, 252.5111
-10.95136, 0.1925, 8.369741, 30.31401, 252.0156
-10.96818, 0.1925, 8.316848, 27.55506, 252.8218
-10.99609, 0.2024616, 8.35, 26.29671, 251.5399
-10.99163, 0.1829749, 8.346747, 26.55374, 253.1063
-10.95174, 0.1969025, 8.356332, 29.92032, 251.8766
-10.95901, 0.186664, 8.348942, 29.15291, 252.7855
-10.94491, 0.1965451, 8.337046, 29.92644, 252.1973
-10.98904, 0.1916515, 8.35, 26.84484, 252.3812
-10.97686, 0.202126, 8.343866, 27.62415, 251.6589
-10.97404, 0.1891684, 8.347807, 27.95231, 252.6079
-10.95364, 0.184848, 8.328341, 29.00697, 253.2428
-10.98709, 0.187171, 8.319758, 26.15797, 253.1935
-10.95982, 0.1754465, 8.35, 29.11892, 253.6423
-10.95772, 0.1866559, 8.354095, 29.39474, 252.7075
-10.94076, 0.2205869, 8.330466, 30.07041, 250.4219
-10.99758, 0.1946585, 8.351063, 26.20985, 252.1311
-10.96077, 0.1843166, 8.334914, 28.63183, 253.1833
-10.96246, 0.1766855, 8.35, 28.91386, 253.5459
-10.96396, 0.230588, 8.355521, 28.948, 249.2693
-10.98539, 0.1974942, 8.334388, 26.69739, 252.1638
-10.98294, 0.1928635, 8.378292, 28.09745, 251.8581
-10.96491, 0.2174221, 8.318844, 27.86548, 250.8439
-10.95271, 0.1925, 8.35, 29.67251, 252.3152
-10.95629, 0.1925, 8.342872, 29.19877, 252.4238
-10.93779, 0.1925, 8.332544, 30.35896, 252.5814
-10.9675, 0.1925, 8.352413, 28.58773, 252.2785
-11.00894, 0.1925, 8.356029, 25.46389, 252.2235
-10.96245, 0.1891806, 8.35, 28.91468, 252.5735
-11.00831, 0.1906306, 8.348046, 25.29148, 252.4904
-11.00162, 0.1909249, 8.3497, 25.85814, 252.4423
-11.00103, 0.1871557, 8.373924, 26.57428, 252.3669
-10.98913, 0.1983531, 8.380448, 27.67702, 251.4
-10.94099, 0.1855264, 8.35, 30.58412, 252.8579
-10.95863, 0.2026113, 8.351143, 29.24317, 251.511
-10.99144, 0.1998616, 8.367422, 27.13909, 251.4791
-10.9903, 0.1914625, 8.378475, 27.53202, 251.9639
-10.99996, 0.1754952, 8.356244, 26.16849, 253.5425
-10.98751, 0.2098348, 8.35, 26.96447, 250.9662
-10.94155, 0.1652302, 8.356475, 30.71689, 254.3371
-11.00814, 0.1669931, 8.341372, 25.11816, 254.4338
-10.97571, 0.2216555, 8.357998, 28.10234, 249.9271
-10.97323, 0.2100416, 8.357764, 28.28894, 250.8334
-10.95895, 0.1754254, 8.35, 29.18655, 253.644
-10.97285, 0.1646829, 8.340173, 27.83428, 254.6324
-10.99293, 0.1782986, 8.362928, 26.8997, 253.2221
-10.95846, 0.1994641, 8.34796, 29.1694, 251.8041
-10.94955, 0.2082529, 8.360845, 30.21338, 250.9262
-10.96986, 0.3649999, 8.35, 28.33746, 238.8911
-10.96986, 0.3649999, 8.341477, 28.10321, 239.006
-10.96986, 0.3649999, 8.369646, 28.87542, 238.627
-10.96986, 0.3649999, 8.361405, 28.65008, 238.7376
-10.96986, 0.3649999, 8.380255, 29.16479, 238.485
-10.96986, 0.3653848, 8.35, 28.33746, 238.8611
-10.96986, 0.371249, 8.341416, 28.10152, 238.52
-10.96986, 0.3666454, 8.336224, 27.95857, 238.9487
-10.96986, 0.3736887, 8.345511, 28.21415, 238.275
-10.96986, 0.3660688, 8.346435, 28.23951, 238.8559
-10.96986, 0.3568469, 8.35, 28.33746, 239.5255
-10.96986, 0.3557145, 8.352538, 28.40711, 239.5792
-10.96986, 0.354635, 8.355136, 28.47835, 239.628
-10.96986, 0.3602702, 8.336704, 27.97179, 239.4392
-10.96986, 0.3756724, 8.326273, 27.68404, 238.3787
-10.96986, 0.3591533, 8.35, 28.33746, 239.346
-10.96986, 0.3498177, 8.358303, 28.56514, 239.9595
-10.96986, 0.3462323, 8.366392, 28.78651, 240.1281
-10.96986, 0.3443342, 8.367386, 28.81366, 240.2619
-10.96986, 0.3670955, 8.373402, 28.97793, 238.4141
-10.96986, 0.3888838, 8.35, 28.33746, 237.0324
-10.96986, 0.3831669, 8.356611, 28.51879, 237.3895
-10.96986, 0.4024874, 8.351355, 28.37462, 235.956
-10.96986, 0.3282864, 8.366342, 28.78512, 241.5224
-10.96986, 0.3268194, 8.34097, 28.08925, 241.9876
-10.96457, 0.3649999, 8.35, 28.74928, 238.8911
-10.95996, 0.3649999, 8.352646, 29.18015, 238.8554
-10.96952, 0.3649999, 8.341647, 28.13438, 239.0037
-10.97598, 0.3649999, 8.371548, 28.45263, 238.6015
-10.96988, 0.3649999, 8.335646, 27.94134, 239.0849
-10.97324, 0.3606484, 8.35, 28.07509, 239.2297
-10.96487, 0.3667413, 8.355891, 28.88729, 238.6763
-10.97132, 0.3621879, 8.362956, 28.5796, 238.9352
-10.95986, 0.3608748, 8.368673, 29.62509, 238.9603
-10.96668, 0.3732501, 8.324829, 27.89268, 238.5872
-10.97118, 0.3466776, 8.35, 28.23539, 240.3169
-10.96617, 0.3795078, 8.350188, 28.62997, 237.7595
-10.97098, 0.3638692, 8.365382, 28.67249, 238.772
-10.96855, 0.3710317, 8.340513, 28.17904, 238.5491
-10.96052, 0.3648622, 8.331416, 28.55481, 239.1528
-10.97116, 0.3753638, 8.35, 28.23647, 238.0845
-10.96397, 0.3599979, 8.346837, 28.70971, 239.3231
-10.96034, 0.3431806, 8.337408, 28.73363, 240.7618
-10.96079, 0.3668831, 8.347077, 28.96328, 238.7839
-10.96557, 0.3424338, 8.319812, 27.84101, 241.0625
-10.96715, 0.3672568, 8.35, 28.54847, 238.7154
-10.9628, 0.3974606, 8.359537, 29.14782, 236.2397
-10.97725, 0.3773112, 8.337259, 27.41165, 238.1034
-10.97114, 0.3661594, 8.357124, 28.43343, 238.705
-10.97301, 0.3524017, 8.362393, 28.43296, 239.7032
-10.96022, 0.3649999, 8.35, 29.08764, 238.8911
-10.96605, 0.3649999, 8.348038, 28.58049, 238.9175
-10.96482, 0.3649999, 8.332047, 28.2373, 239.1335
-10.96749, 0.3649999, 8.345743, 28.40532, 238.9485
-10.9785, 0.3649999, 8.36237, 28.00551, 238.7247
-10.95583, 0.3595125, 8.35, 29.4298, 239.3181
-10.98799, 0.360841, 8.342709, 26.72553, 239.3134
-10.96976, 0.3610315, 8.368685, 28.85732, 238.948
-10.97143, 0.3738525, 8.365949, 28.65297, 237.9891
-10.97221, 0.3726818, 8.313706, 27.1531, 238.7818
-10.96904, 0.3590879, 8.35, 28.40129, 239.3511
-10.95554, 0.3525654, 8.342002, 29.23378, 239.9676
-10.97745, 0.3456457, 8.359522, 28.00886, 240.2672
-10.95156, 0.3785515, 8.344173, 29.60258, 237.9142
-10.95141, 0.3741183, 8.319268, 28.93224, 238.5944
-10.95025, 0.3596563, 8.35, 29.86382, 239.3069
-10.95843, 0.3707961, 8.358121, 29.44887, 238.3312
-10.9578, 0.350353, 8.331734, 28.77624, 240.2803
-10.98766, 0.3778899, 8.324251, 26.23899, 238.2327
-10.97481, 0.3666868, 8.347078, 27.87239, 238.7991
-10.98744, 0.392954, 8.35, 26.96952, 236.7156
-10.96023, 0.346499, 8.358003, 29.30564, 240.2216
-10.97287, 0.3441828, 8.33286, 27.6314, 240.7462
-10.97653, 0.3492936, 8.348032, 27.76471, 240.1402
-10.97727, 0.3603667, 8.379736, 28.57681, 238.8511
-10.95815, 0.3649999, 8.35, 29.24895, 238.8911
-10.95216, 0.3649999, 8.353763, 29.81747, 238.8404
-10.97066, 0.3649999, 8.365449, 28.69855, 238.6833
-10.97595, 0.3649999, 8.379767, 28.67948, 238.4915
-10.98535, 0.3649999, 8.34628, 27.02943, 238.9412
-10.99327, 0.3584142, 8.35, 26.51585, 239.4036
-10.99166, 0.3585995, 8.347521, 26.57242, 239.4227
-10.95207, 0.3683432, 8.361953, 30.04802, 238.4705
-10.9447, 0.3585812, 8.379228, 31.08746, 238.9963
-10.99754, 0.3667656, 8.316716, 25.2566, 239.2035
-10.95245, 0.3575615, 8.35, 29.69234, 239.4699
-10.94046, 0.3749776, 8.340696, 30.37271, 238.2392
-10.97506, 0.367561, 8.352092, 27.99057, 238.6637
-10.95376, 0.3699304, 8.376002, 30.29775, 238.1595
-10.99255, 0.3600171, 8.381633, 27.44378, 238.8528
-10.96561, 0.3923446, 8.35, 28.66864, 236.7631
-10.9934, 0.3376669, 8.353323, 26.59806, 240.9725
-10.94269, 0.3588357, 8.332754, 29.98276, 239.6048
-10.94321, 0.3397882, 8.368052, 30.90128, 240.6058
-10.98887, 0.3698737, 8.387733, 27.89618, 238.0076
-10.94061, 0.4046593, 8.35, 30.6144, 235.8047
-10.97945, 0.398928, 8.354424, 27.71288, 236.1927
-10.98923, 0.3311128, 8.352945, 26.91184, 241.4875
-10.96804, 0.3790573, 8.3786, 29.26138, 237.4172
-10.97011, 0.3602569, 8.353225, 28.40664, 239.2166
-10.98526, 0.3649999, 8.35, 27.13968, 238.8911
-10.93373, 0.3649999, 8.357252, 31.34531, 238.7934
-11.00851, 0.3649999, 8.366966, 25.80133, 238.6629
-10.98222, 0.3649999, 8.378774, 28.1664, 238.5048
-10.99779, 0.3649999, 8.329763, 25.60112, 239.1645
-10.96825, 0.3611571, 8.35, 28.46303, 239.1901
-10.94042, 0.3565669, 8.348688, 30.59353, 239.5651
-10.99965, 0.3627882, 8.337402, 25.66903, 239.2335
-10.97677, 0.3713447, 8.357599, 28.0086, 238.2955
-10.95859, 0.3662003, 8.353914, 29.32199, 238.745
-10.99372, 0.3743712, 8.35, 26.481, 238.1618
-11.00048, 0.3466907, 8.355773, 26.1152, 240.2371
-10.96798, 0.353134, 8.353769, 28.58746, 239.7633
-10.9407, 0.3844041, 8.339436, 30.31935, 237.5215
-10.96748, 0.3522294, 8.326951, 27.88864, 240.1994
-11.00963, 0.3577295, 8.35, 25.24302, 239.4568
-10.93279, 0.3508991, 8.347481, 31.15471, 240.0227
-10.97902, 0.3907669, 8.342384, 27.41509, 236.9866
-11.00525, 0.3478924, 8.354744, 25.71572, 240.1577
-10.98183, 0.393668, 8.342072, 27.18727, 236.7647
-10.97711, 0.3433896, 8.35, 27.77354, 240.5728
-10.97721, 0.338099, 8.350624, 27.78263, 240.976
-10.97566, 0.3528293, 8.369081, 28.40993, 239.5794
-10.97822, 0.3506691, 8.352907, 27.7668, 239.9667
-10.95975, 0.3323591, 8.327715, 28.51338, 241.7397
-10.96986, 0.5374999, 8.35, 28.33746, 225.4669
-10.96986, 0.5374999, 8.35681, 28.52421, 225.3871
-10.96986, 0.5374999, 8.363383, 28.70421, 225.3102
-10.96986, 0.5374999, 8.32583, 27.6718, 225.7514
-10.96986, 0.5374999, 8.379663, 29.14867, 225.1202
-10.96986, 0.5315677, 8.35, 28.33746, 225.9286
-10.96986, 0.5459189, 8.352003, 28.39242, 224.7884
-10.96986, 0.5316758, 8.365781, 28.7698, 225.7345
-10.96986, 0.531969, 8.367592, 28.81928, 225.6904
-10.96986, 0.5367986, 8.363771, 28.71484, 225.3601
-10.96986, 0.543012, 8.35, 28.33746, 225.038
-10.96986, 0.5421762, 8.355163, 28.47908, 225.0427
-10.96986, 0.5280856, 8.348022, 28.28312, 226.223
-10.96986, 0.5407907, 8.320142, 27.51456, 225.5616
-10.96986, 0.5348564, 8.31274, 27.30958, 226.113
-10.96986, 0.5135621, 8.35, 28.33746, 227.3298
-10.96986, 0.531993, 8.340456, 28.0751, 226.0081
-10.96986, 0.5138133, 8.364896, 28.74558, 227.1323
-10.96986, 0.5649117, 8.325012, 27.64923, 223.621
-10.96986, 0.5568342, 8.379443, 29.14267, 223.6239
-10.96986, 0.5069431, 8.35, 28.33746, 227.8449
-10.96986, 0.5674037, 8.353744, 28.44017, 223.097
-10.96986, 0.5232087, 8.330187, 27.79212, 226.815
-10.96986, 0.5509666, 8.372466, 28.95242, 224.1591
-10.96986, 0.5634534, 8.381381, 29.19545, 223.0887
-10.9716, 0.5374999, 8.35, 28.20245, 225.4669
-10.96175, 0.5374999, 8.346064, 28.86137, 225.5132
-10.97073, 0.5374999, 8.33525, 27.86439, 225.6404
-10.96458, 0.5374999, 8.334496, 28.32262, 225.6492
-10.97254, 0.5374999, 8.352519, 28.1986, 225.4374
-10.96264, 0.5459058, 8.35, 28.89948, 224.8128
-10.9788, 0.534983, 8.358632, 27.87921, 225.5614
-10.96566, 0.5352238, 8.35573, 28.82123, 225.5768
-10.97149, 0.5308697, 8.357586, 28.41946, 225.8935
-10.96881, 0.5333096, 8.375054, 29.10471, 225.4989
-10.97191, 0.5296826, 8.35, 28.17834, 226.0753
-10.97632, 0.5519089, 8.346667, 27.74351, 224.3843
-10.96599, 0.5442156, 8.331707, 28.13627, 225.1582
-10.97156, 0.5178679, 8.360229, 28.48622, 226.8728
-10.96296, 0.5296165, 8.328467, 28.28377, 226.3355
-10.96891, 0.5394935, 8.35, 28.41203, 225.3118
-10.97067, 0.5550469, 8.356086, 28.44196, 224.0311
-10.97723, 0.5626169, 8.340083, 27.49115, 223.6263
-10.96543, 0.519267, 8.326043, 28.02409, 227.1723
-10.97514, 0.5298305, 8.355783, 28.08548, 225.9955
-10.97298, 0.5616124, 8.35, 28.09463, 223.5905
-10.97933, 0.5412787, 8.359236, 27.85503, 225.065
-10.96597, 0.5774204, 8.3598, 28.90856, 222.2494
-10.96679, 0.5409277, 8.35017, 28.58166, 225.1982
-10.96034, 0.5757381, 8.375152, 29.76455, 222.2067
-10.96302, 0.5374999, 8.35, 28.87015, 225.4669
-10.9635, 0.5374999, 8.343624, 28.65812, 225.5418
-10.95286, 0.5374999, 8.357018, 29.85188, 225.3847
-10.98083, 0.5374999, 8.365578, 27.91253, 225.2845
-10.98326, 0.5374999, 8.361339, 27.60769, 225.3341
-10.95653, 0.5461332, 8.35, 29.37482, 224.7951
-10.97239, 0.537305, 8.346137, 28.03448, 225.5275
-10.95197, 0.5353367, 8.35822, 29.95372, 225.5388
-10.97756, 0.5340575, 8.346731, 27.64868, 225.7733
-10.98878, 0.5363452, 8.342949, 26.66997, 225.6397
-10.97008, 0.5396191, 8.35, 28.32095, 225.302
-10.95611, 0.5537717, 8.353534, 29.50394, 224.1598
-10.96959, 0.5299669, 8.340972, 28.11069, 226.1599
-10.96036, 0.5211726, 8.33741, 28.7319, 226.8876
-10.9845, 0.5277532, 8.358788, 27.44041, 226.1216
-10.96553, 0.5127283, 8.35, 28.67457, 227.3947
-10.95486, 0.5498264, 8.347782, 29.44462, 224.5334
-10.95547, 0.527374, 8.363297, 29.81978, 226.0978
-10.95637, 0.5654324, 8.358588, 29.62197, 223.195
-10.97423, 0.513117, 8.385454, 28.96826, 226.9417
-10.95768, 0.526094, 8.35, 29.28587, 226.3546
-10.95708, 0.522173, 8.348733, 29.29779, 226.6748
-10.9894, 0.5114715, 8.368115, 27.31676, 227.2757
-10.95309, 0.5098228, 8.367149, 30.10943, 227.4153
-10.95423, 0.5394694, 8.383592, 30.46715, 224.9219
-10.97915, 0.5374999, 8.35, 27.61454, 225.4669
-10.97001, 0.5374999, 8.340833, 28.07443, 225.5746
-10.99886, 0.5374999, 8.354259, 26.19886, 225.417
-10.97247, 0.5374999, 8.327601, 27.51758, 225.7305
-10.9841, 0.5374999, 8.385099, 28.19366, 225.057
-10.95372, 0.5456356, 8.35, 29.59355, 224.8338
-10.99339, 0.5460051, 8.344223, 26.34667, 224.8724
-10.94228, 0.5356405, 8.35006, 30.48554, 225.6109
-10.95225, 0.5378331, 8.370606, 30.26844, 225.1999
-10.98064, 0.543382, 8.364403, 27.89539, 224.8414
-10.94648, 0.5186633, 8.35, 30.15759, 226.9328
-10.98013, 0.5569345, 8.35459, 27.66525, 223.9016
-10.96574, 0.5547191, 8.362842, 29.00984, 223.9787
-10.98228, 0.5331698, 8.32024, 26.54766, 226.1558
-10.9654, 0.532466, 8.360383, 28.96907, 225.7365
-10.9757, 0.5596138, 8.35, 27.88326, 223.746
-10.96729, 0.5159339, 8.352516, 28.60711, 227.1152
-10.97095, 0.5646483, 8.348466, 28.2107, 223.3718
-10.96473, 0.5326954, 8.324137, 28.02589, 226.1466
-10.98402, 0.532702, 8.315696, 26.28513, 226.2463
-10.95171, 0.522878, 8.35, 29.75023, 226.6048
-10.99826, 0.5272564, 8.345318, 25.99799, 226.3196
-10.99772, 0.5316784, 8.350966, 26.1963, 225.9086
-10.99672, 0.5216531, 8.325345, 25.56155, 226.9943
-10.99734, 0.5622087, 8.332973, 25.72628, 223.7401
-10.95788, 0.5374999, 8.35, 29.27032, 225.4669
-10.94038, 0.5374999, 8.343789, 30.46281, 225.5399
-10.94567, 0.5374999, 8.352826, 30.2969, 225.4338
-11.00723, 0.5374999, 8.372138, 26.04429, 225.2079
-10.93766, 0.5374999, 8.320489, 30.04015, 225.8146
-10.9508, 0.5283943, 8.35, 29.82088, 226.1755
-11.00788, 0.545558, 8.345753, 25.26049, 224.8894
-10.96261, 0.5359004, 8.34215, 28.68692, 225.6837
-10.95643, 0.5299597, 8.322433, 28.62678, 226.3804
-10.94387, 0.5414976, 8.311357, 29.30393, 225.61
-10.95628, 0.5503281, 8.35, 29.39454, 224.4686
-10.97364, 0.5474675, 8.346082, 27.9359, 224.7368
-10.99048, 0.5178021, 8.340019, 26.45675, 227.1191
-10.97581, 0.5528296, 8.351795, 27.92384, 224.2532
-10.96677, 0.5324005, 8.375943, 29.28692, 225.5591
-10.95643, 0.5257363, 8.35, 29.38289, 226.3824
-10.93737, 0.5672877, 8.356537, 31.04317, 223.0742
-10.96899, 0.5101832, 8.330086, 27.85748, 227.8325
-10.94869, 0.5634876, 8.344689, 29.84058, 223.5055
-10.97215, 0.5401571, 8.375399, 28.85525, 224.9638
-10.96421, 0.5024627, 8.35, 28.77747, 228.1936
-10.95973, 0.5585175, 8.349898, 29.12344, 223.8325
-10.97985, 0.5064623, 8.342555, 27.35491, 227.9721
-10.97159, 0.5122332, 8.345526, 28.08015, 227.4869
-10.99218, 0.5589204, 8.331017, 26.07385, 224.0191
-10.96986, 0.7099999, 8.35, 28.33746, 212.0428
-10.96986, 0.7099999, 8.348775, 28.3038, 212.0551
-10.96986, 0.7099999, 8.342051, 28.11899, 212.1223
-10.96986, 0.7099999, 8.354487, 28.46056, 211.998
-10.96986, 0.7099999, 8.389094, 29.40529, 211.6541
-10.96986, 0.7192898, 8.35, 28.33746, 211.3199
-10.96986, 0.7063518, 8.344995, 28.19997, 212.377
-10.96986, 0.7110754, 8.367277, 28.8107, 211.787
-10.96986, 0.7123634, 8.346579, 28.24347, 211.893
-10.96986, 0.7188988, 8.34865, 28.30038, 211.3637
-10.96986, 0.711239, 8.35, 28.33746, 211.9464
-10.96986, 0.6914408, 8.349932, 28.33556, 213.4878
-10.96986, 0.7042046, 8.357941, 28.55523, 212.4141
-10.96986, 0.6923754, 8.329157, 27.76369, 213.6269
-10.96986, 0.7178295, 8.380419, 29.16924, 211.1331
-10.96986, 0.7032089, 8.35, 28.33746, 212.5713
-10.96986, 0.6949464, 8.349816, 28.3324, 213.2162
-10.96986, 0.7108455, 8.36415, 28.7252, 211.836
-10.96986, 0.7048323, 8.362505, 28.68019, 212.3196
-10.96986, 0.7268456, 8.351353, 28.37457, 210.7186
-10.96986, 0.6801606, 8.35, 28.33746, 214.3649
-10.96986, 0.6846165, 8.341614, 28.10696, 214.1042
-10.96986, 0.7407938, 8.368586, 28.84645, 209.4669
-10.96986, 0.7350115, 8.354445, 28.45938, 210.0531
-10.96986, 0.7062837, 8.332348, 27.85172, 212.5095
-10.97636, 0.7099999, 8.35, 27.8316, 212.0428
-10.96969, 0.7099999, 8.349826, 28.34597, 212.0446
-10.9789, 0.7099999, 8.344481, 27.48246, 212.098
-10.97542, 0.7099999, 8.356387, 28.08052, 211.9791
-10.97194, 0.7099999, 8.337373, 27.82811, 212.1692
-10.96074, 0.7124476, 8.35, 29.04762, 211.8523
-10.97434, 0.7132248, 8.346574, 27.89467, 211.826
-10.9758, 0.7017248, 8.353298, 27.96651, 212.6536
-10.96141, 0.7006938, 8.373424, 29.63475, 212.5315
-10.96039, 0.7123657, 8.332743, 28.60132, 212.0311
-10.96197, 0.7140729, 8.35, 28.95144, 211.7259
-10.97427, 0.7004483, 8.358618, 28.23109, 212.6993
-10.96881, 0.7082837, 8.360933, 28.71923, 212.0671
-10.9695, 0.7242848, 8.354992, 28.50287, 210.882
-10.97884, 0.7180635, 8.334421, 27.20926, 211.57
-10.96841, 0.7319296, 8.35, 28.45093, 210.3362
-10.97038, 0.6840818, 8.358015, 28.51726, 213.9777
-10.97752, 0.6843984, 8.35334, 27.83392, 214.0009
-10.97753, 0.6814159, 8.321838, 26.96248, 214.5578
-10.96706, 0.707664, 8.376539, 29.28121, 211.9597
-10.96702, 0.6909655, 8.35, 28.55916, 213.5241
-10.97701, 0.6909332, 8.356601, 27.96325, 213.4594
-10.96859, 0.7336953, 8.354776, 28.56746, 210.1523
-10.9697, 0.7227604, 8.345176, 28.21777, 211.0974
-10.96595, 0.7381102, 8.345101, 28.50796, 209.9028
-10.9729, 0.7099999, 8.35, 28.10121, 212.0428
-10.9696, 0.7099999, 8.352502, 28.42677, 212.0178
-10.966, 0.7099999, 8.343612, 28.46259, 212.1067
-10.98561, 0.7099999, 8.350174, 27.11703, 212.0411
-10.9598, 0.7099999, 8.338724, 28.81206, 212.1557
-10.97288, 0.7094293, 8.35, 28.103, 212.0872
-10.97906, 0.7188052, 8.349028, 27.59461, 211.3672
-10.96439, 0.7050998, 8.352762, 28.83892, 212.3964
-10.97084, 0.700674, 8.370897, 28.83415, 212.5583
-10.96824, 0.716301, 8.369221, 28.98964, 211.3621
-10.97307, 0.7125982, 8.35, 28.08815, 211.8406
-10.95824, 0.6947651, 8.348258, 29.19411, 213.2461
-10.97704, 0.7045222, 8.345603, 27.65825, 212.5133
-10.98602, 0.6985159, 8.321606, 26.29276, 213.2246
-10.97134, 0.7065943, 8.315232, 27.26289, 212.6581
-10.95148, 0.726366, 8.35, 29.7684, 210.7692
-10.97217, 0.7076039, 8.34956, 28.14616, 212.2337
-10.98909, 0.6806934, 8.358223, 27.06812, 214.239
-10.95882, 0.6966138, 8.347676, 29.13354, 213.1081
-10.98587, 0.7353316, 8.383094, 28.00172, 209.7506
-10.97082, 0.7416774, 8.35, 28.26324, 209.5776
-10.98754, 0.6710953, 8.345249, 26.83056, 215.1198
-10.95309, 0.7192363, 8.36321, 30.00255, 211.1935
-10.98897, 0.7439908, 8.323192, 26.10709, 209.6572
-10.96816, 0.7415937, 8.328796, 27.88705, 209.7898
-10.95331, 0.7099999, 8.35, 29.62591, 212.0428
-10.9438, 0.7099999, 8.353901, 30.4714, 212.0039
-10.95461, 0.7099999, 8.34668, 29.43367, 212.076
-10.95426, 0.7099999, 8.379069, 30.34216, 211.7534
-10.96396, 0.7099999, 8.345722, 28.67925, 212.0856
-10.9724, 0.7127005, 8.35, 28.14028, 211.8327
-10.9961, 0.7112035, 8.347847, 26.23604, 211.9706
-10.94527, 0.7016322, 8.335963, 29.86906, 212.8357
-10.96207, 0.7128394, 8.342962, 28.7508, 211.892
-10.96326, 0.7023875, 8.384323, 29.78683, 212.2911
-10.99917, 0.7261942, 8.35, 26.0572, 210.7826
-10.95282, 0.7207178, 8.355027, 29.80064, 211.1591
-10.98275, 0.7141885, 8.354386, 27.45585, 211.6732
-10.97209, 0.7127199, 8.364204, 28.55387, 211.6899
-10.98449, 0.7089381, 8.329829, 26.6412, 212.3278
-10.97476, 0.7304501, 8.35, 27.95634, 210.4514
-10.99734, 0.6889882, 8.352656, 26.27312, 213.6509
-10.99143, 0.7089576, 8.348972, 26.63047, 212.1342
-10.9564, 0.7363704, 8.357153, 29.58059, 209.9211
-10.98573, 0.6838363, 8.31518, 26.13657, 214.4377
-10.98241, 0.6928268, 8.35, 27.36089, 213.3792
-10.95244, 0.7472664, 8.345686, 29.57601, 209.1842
-10.94139, 0.7135236, 8.332359, 30.07261, 211.9447
-10.9812, 0.7452853, 8.349524, 27.44175, 209.3015
-10.94914, 0.6852682, 8.37452, 30.61617, 213.7171
-10.97719, 0.7099999, 8.35, 27.7676, 212.0428
-10.95857, 0.7099999, 8.35889, 29.45898, 211.9541
-10.98599, 0.7099999, 8.356103, 27.25096, 211.9819
-10.96502, 0.7099999, 8.345366, 28.58728, 212.0892
-11.00213, 0.7099999, 8.383846, 26.7622, 211.7061
-10.9351, 0.7136859, 8.35, 31.04277, 211.756
-10.95168, 0.7194939, 8.355066, 29.89071, 211.2539
-10.94432, 0.7011256, 8.346932, 30.24156, 212.7644
-10.93731, 0.7169425, 8.3624, 31.20657, 211.3797
-10.95918, 0.7034213, 8.355562, 29.32052, 212.4989
-10.94249, 0.7286646, 8.35, 30.46788, 210.5903
-11.00251, 0.6960887, 8.352879, 25.87689, 213.0963
-10.94384, 0.6900916, 8.357196, 30.55817, 213.5188
-10.98851, 0.7137541, 8.322132, 26.11321, 212.0291
-10.95551, 0.718235, 8.312978, 28.4386, 211.7706
-10.97172, 0.700846, 8.35, 28.19271, 212.7552
-10.96782, 0.7228634, 8.352817, 28.57357, 211.014
-10.95092, 0.7225701, 8.348092, 29.75959, 211.0834
-10.9525, 0.6929114, 8.37244, 30.29942, 213.1452
-10.93108, 0.732032, 8.359009, 31.5994, 210.2403
-10.97096, 0.7277535, 8.35, 28.2519, 210.6612
-10.95386, 0.7390624, 8.344939, 29.44488, 209.8303
-10.97496, 0.7252011, 8.348801, 27.90778, 210.8716
-10.94407, 0.684774, 8.379408, 31.14112, 213.7057
-11.00073, 0.7160609, 8.317539, 25.03039, 211.8949
-11.33003, 0.03898337, 8.349961, 0.3078175, 264.2627
-11.33217, 0.1678482, 8.372406, 0.8376074, 253.8881
-11.33375, 0.3725, 8.35, 0.01934052, 238.3074
-10.99956, 1.204594, 8.35, 26.0262, 173.553
-10.99956, 1.204594, 8.342852, 25.82761, 173.5888
-10.99956, 1.204594, 8.363643, 26.40414, 173.4849
-10.99956, 1.204594, 8.338516, 25.70701, 173.6105
-10.99956, 1.204594, 8.318707, 25.15417, 173.7102
-10.99956, 1.205131, 8.35, 26.0262, 173.5112
-10.99956, 1.209265, 8.342009, 25.80417, 173.2292
-10.99956, 1.21374, 8.352896, 26.10651, 172.8271
-10.99956, 1.210736, 8.327573, 25.40196, 173.1861
-10.99956, 1.20001, 8.350027, 26.02694, 173.9096
-10.99956, 1.222913, 8.35, 26.0262, 172.1274
-10.99956, 1.221934, 8.344054, 25.86104, 172.2323
-10.99956, 1.205848, 8.339375, 25.73088, 173.5085
-10.99956, 1.20859, 8.339101, 25.72326, 173.2962
-10.99956, 1.188732, 8.388588, 27.09177, 174.5893
-10.99956, 1.200671, 8.35, 26.0262, 173.8583
-10.99956, 1.224964, 8.357233, 26.22673, 171.9331
-10.99956, 1.203304, 8.333758, 25.57448, 173.735
-10.99956, 1.200933, 8.335331, 25.61829, 173.9119
-10.99956, 1.224694, 8.324262, 25.30948, 172.1127
-10.99956, 1.205269, 8.35, 26.0262, 173.5005
-10.99956, 1.166672, 8.348251, 25.97765, 176.5136
-10.99956, 1.179443, 8.346867, 25.93918, 175.5267
-10.99956, 1.18997, 8.326431, 25.37008, 174.8128
-10.99956, 1.234454, 8.315409, 25.06186, 171.3925
-10.99603, 1.204594, 8.35, 26.30133, 173.553
-10.98971, 1.204594, 8.348396, 26.74873, 173.5611
-11.0002, 1.204594, 8.347106, 25.89612, 173.5675
-11.00036, 1.204594, 8.371863, 26.56931, 173.444
-11.00423, 1.204594, 8.381603, 26.53805, 173.3957
-11.00888, 1.212387, 8.35, 25.30144, 172.9465
-10.99657, 1.195938, 8.355214, 26.40332, 174.2001
-10.99306, 1.204488, 8.357518, 26.74024, 173.5237
-11.00278, 1.208355, 8.344458, 25.6217, 173.2878
-10.99495, 1.1965, 8.311631, 25.31685, 174.3789
-11.00169, 1.20279, 8.35, 25.86067, 173.6934
-10.99181, 1.209985, 8.344131, 26.46735, 173.1625
-10.99822, 1.210438, 8.351106, 26.16128, 173.0927
-10.99376, 1.215698, 8.352857, 26.55662, 172.6749
-10.993, 1.208834, 8.311728, 25.47173, 173.4137
-11.00365, 1.231341, 8.35, 25.70838, 171.4716
-11.00362, 1.19452, 8.351123, 25.74135, 174.3313
-11.00235, 1.181902, 8.342816, 25.60955, 175.3565
-11.00887, 1.223564, 8.357555, 25.51186, 172.0404
-10.99867, 1.218908, 8.357936, 26.31548, 172.4006
-11.00545, 1.197273, 8.35, 25.56837, 174.1227
-10.9966, 1.184402, 8.358678, 26.49685, 175.0792
-10.99728, 1.165792, 8.36307, 26.56594, 176.5023
-10.99056, 1.182518, 8.331743, 26.22057, 175.3666
-11.00717, 1.223252, 8.37205, 26.04608, 171.9952
-11.00484, 1.204594, 8.35, 25.6157, 173.553
-10.99, 1.204594, 8.349821, 26.76517, 173.5539
-10.98521, 1.204594, 8.358768, 27.38503, 173.5092
-11.01081, 1.204594, 8.355638, 25.30789, 173.5249
-11.01466, 1.204594, 8.366389, 25.30758, 173.4713
-11.00384, 1.200105, 8.35, 25.69347, 173.9024
-11.00751, 1.20081, 8.359065, 25.65994, 173.8019
-10.99644, 1.206298, 8.340316, 26.00046, 173.4687
-10.98432, 1.195772, 8.369516, 27.75009, 174.1404
-10.98864, 1.204953, 8.372942, 27.50829, 173.4108
-10.9821, 1.191321, 8.35, 27.38507, 174.5859
-11.00338, 1.223322, 8.357856, 25.94725, 172.0578
-11.01178, 1.203935, 8.337508, 24.72708, 173.6669
-11.01003, 1.194147, 8.321876, 24.4251, 174.5101
-11.00669, 1.202132, 8.346905, 25.38573, 173.7602
-10.98779, 1.21678, 8.35, 26.94268, 172.6047
-10.98633, 1.179382, 8.34148, 26.82013, 175.5598
-10.9945, 1.202746, 8.356735, 26.60683, 173.6631
-10.98215, 1.175231, 8.332314, 26.89249, 175.9319
-10.98899, 1.223607, 8.320556, 26.03159, 172.2155
-11.00079, 1.205599, 8.35, 25.93061, 173.4748
-10.98178, 1.176166, 8.347887, 27.35164, 175.7765
-11.01356, 1.234294, 8.352359, 25.00299, 171.2307
-11.00487, 1.195528, 8.375979, 26.3331, 174.1267
-11.00213, 1.204181, 8.389432, 26.91648, 173.3888
-10.98612, 1.204594, 8.35, 27.07253, 173.553
-11.0192, 1.204594, 8.35718, 24.69835, 173.5172
-11.02138, 1.204594, 8.360247, 24.61485, 173.5019
-11.01874, 1.204594, 8.371906, 25.14449, 173.4438
-10.99084, 1.204594, 8.362763, 27.05721, 173.4893
-11.01291, 1.195911, 8.35, 24.98789, 174.2288
-10.97046, 1.198969, 8.343998, 28.12583, 174.0212
-10.9972, 1.20842, 8.339498, 25.91845, 173.3074
-11.00094, 1.201695, 8.34449, 25.76601, 173.8063
-10.99228, 1.203393, 8.351735, 26.64062, 173.6378
-11.00881, 1.217654, 8.35, 25.30661, 172.5366
-11.00422, 1.197185, 8.341047, 25.41472, 174.1751
-11.00774, 1.217534, 8.339763, 25.10479, 172.5959
-10.98167, 1.184748, 8.335611, 27.02142, 175.1724
-10.98362, 1.220807, 8.371567, 27.86036, 172.1872
-10.99347, 1.23229, 8.35, 26.50017, 171.3977
-11.01719, 1.187502, 8.344698, 24.50602, 174.9106
-10.99477, 1.23443, 8.345461, 26.27363, 171.2525
-10.99259, 1.232598, 8.326974, 25.92964, 171.4827
-11.01205, 1.193043, 8.375803, 25.77174, 174.3203
-11.00541, 1.202709, 8.35, 25.57099, 173.6997
-10.98589, 1.235132, 8.349425, 27.0744, 171.1792
-11.02608, 1.189015, 8.352339, 24.0285, 174.7533
-10.97874, 1.209661, 8.375217, 28.33912, 173.0343
-11.01511, 1.200262, 8.31984, 23.97122, 174.0429
-10.97035, 1.204594, 8.35, 28.29982, 173.553
-10.9772, 1.204594, 8.358137, 27.99003, 173.5124
-10.98874, 1.204594, 8.335058, 26.45501, 173.6279
-11.00413, 1.204594, 8.352349, 25.73643, 173.5413
-11.02829, 1.204594, 8.352788, 23.86873, 173.5391
-11.03592, 1.205635, 8.35, 23.1965, 173.472
-11.02163, 1.208958, 8.342662, 24.10352, 173.2498
-11.02777, 1.210828, 8.353004, 23.91515, 173.053
-11.02655, 1.21398, 8.373415, 24.58015, 172.7081
-10.96951, 1.200057, 8.36003, 28.6396, 173.8555
-11.02632, 1.224312, 8.35, 23.94394, 172.0186
-10.98183, 1.192881, 8.346445, 27.30816, 174.4828
-10.96355, 1.207719, 8.330075, 28.28191, 173.4091
-11.00211, 1.223474, 8.322278, 25.05515, 172.2175
-10.96226, 1.186109, 8.313337, 27.92104, 175.1826
-11.02993, 1.205368, 8.35, 23.66341, 173.4928
-11.02306, 1.176148, 8.35831, 24.43, 175.7228
-11.03036, 1.218985, 8.340109, 23.35124, 172.4811
-10.97754, 1.216436, 8.366214, 28.18583, 172.5525
-10.96202, 1.208568, 8.38014, 29.76957, 173.0948
-10.96416, 1.215164, 8.35, 28.78145, 172.7304
-10.99241, 1.231785, 8.342786, 26.38332, 171.4711
-11.00161, 1.232473, 8.367879, 26.36259, 171.2993
-11.00718, 1.19237, 8.371297, 26.02422, 174.3955
-11.02978, 1.237642, 8.371101, 24.26524, 170.883
-10.99956, 1.459594, 8.35, 26.0262, 153.7087
-10.99956, 1.459594, 8.34727, 25.95038, 153.7153
-10.99956, 1.459594, 8.366212, 26.47516, 153.6694
-10.99956, 1.459594, 8.330159, 25.47412, 153.757
-10.99956, 1.459594, 8.36204, 26.35979, 153.6795
-10.99956, 1.453519, 8.35, 26.0262, 154.1814
-10.99956, 1.453737, 8.345433, 25.89938, 154.1758
-10.99956, 1.452855, 8.360581, 26.31945, 154.2067
-10.99956, 1.455906, 8.374477, 26.70334, 153.9355
-10.99956, 1.467391, 8.323326, 25.28335, 153.1647
-10.99956, 1.47417, 8.35, 26.0262, 152.5743
-10.99956, 1.448241, 8.347203, 25.94855, 154.5993
-10.99956, 1.442071, 8.341183, 25.78121, 155.0953
-10.99956, 1.45106, 8.369699, 26.57148, 154.3234
-10.99956, 1.475796, 8.360127, 26.30689, 152.4249
-10.99956, 1.481015, 8.35, 26.0262, 152.0416
-10.99956, 1.479139, 8.352878, 26.10602, 152.1812
-10.99956, 1.433028, 8.353512, 26.1236, 155.7665
-10.99956, 1.473993, 8.350572, 26.04206, 152.5868
-10.99956, 1.44714, 8.368105, 26.52748, 154.6317
-10.99956, 1.478572, 8.35, 26.0262, 152.2318
-10.99956, 1.485316, 8.351757, 26.07492, 151.7032
-10.99956, 1.446749, 8.348296, 25.97887, 154.7126
-10.99956, 1.437953, 8.325624, 25.3475, 155.4575
-10.99956, 1.492867, 8.346493, 25.92881, 151.1266
-11.00789, 1.459594, 8.35, 25.37798, 153.7087
-11.00348, 1.459594, 8.359315, 25.97995, 153.6861
-10.99856, 1.459594, 8.368565, 26.61768, 153.6638
-11.00148, 1.459594, 8.325615, 25.19737, 153.768
-10.99287, 1.459594, 8.365255, 26.96829, 153.6717
-11.00271, 1.457576, 8.35, 25.78141, 153.8657
-11.00455, 1.469273, 8.345813, 25.52166, 152.9652
-11.00014, 1.460622, 8.343554, 25.80188, 153.6442
-11.00731, 1.467838, 8.354093, 25.53703, 153.0575
-11.00232, 1.465921, 8.33228, 25.31809, 153.2582
-11.00326, 1.453259, 8.35, 25.73866, 154.2016
-10.99927, 1.457529, 8.353395, 26.14314, 153.8611
-11.0035, 1.454332, 8.357344, 25.9236, 154.1
-10.99558, 1.465954, 8.343425, 26.15355, 153.2292
-11.00003, 1.44521, 8.355079, 26.13108, 154.815
-10.99774, 1.437835, 8.35, 26.16827, 155.402
-11.0059, 1.465657, 8.359248, 25.78985, 153.215
-11.00571, 1.47456, 8.366083, 25.99398, 152.5074
-11.00245, 1.430378, 8.321603, 25.00973, 156.0599
-11.00822, 1.436384, 8.346014, 25.24169, 155.5255
-11.00674, 1.430233, 8.35, 25.46768, 155.9935
-10.99626, 1.464848, 8.344554, 26.13203, 153.3127
-11.00118, 1.479548, 8.33488, 25.47961, 152.1895
-11.00196, 1.498029, 8.373306, 26.48516, 150.6702
-10.99106, 1.423748, 8.333805, 26.23877, 156.5434
-11.01375, 1.459594, 8.35, 24.92234, 153.7087
-11.01187, 1.459594, 8.341305, 24.82607, 153.7298
-11.01901, 1.459594, 8.338873, 24.20174, 153.7357
-10.99344, 1.459594, 8.366323, 26.9539, 153.6692
-11.00515, 1.459594, 8.313923, 24.58317, 153.7966
-10.99374, 1.456469, 8.35, 26.47974, 153.9518
-10.9878, 1.46602, 8.356675, 27.12584, 153.1928
-10.97998, 1.452339, 8.36352, 27.92235, 154.2395
-10.98746, 1.468911, 8.328172, 26.36337, 153.0347
-10.99535, 1.452401, 8.371959, 26.96079, 154.2137
-11.00069, 1.465556, 8.35, 25.93881, 153.2447
-11.01091, 1.45893, 8.355775, 25.304, 153.7463
-11.01799, 1.470562, 8.345813, 24.47505, 152.8648
-10.98412, 1.475929, 8.33534, 26.82273, 152.4706
-10.99807, 1.47068, 8.343056, 25.94978, 152.862
-11.01333, 1.477946, 8.35, 24.95451, 152.2805
-10.99657, 1.457543, 8.345432, 26.1327, 153.8794
-11.01361, 1.486985, 8.357919, 25.15344, 151.56
-10.99907, 1.472478, 8.353025, 26.14846, 152.699
-11.00369, 1.448708, 8.352868, 25.78501, 154.5486
-11.00203, 1.49474, 8.35, 25.83395, 150.9736
-11.0077, 1.477969, 8.344092, 25.2283, 152.2919
-11.00066, 1.420323, 8.364685, 26.34743, 156.7234
-10.99284, 1.456234, 8.336621, 26.17857, 154.0031
-11.01264, 1.478637, 8.34331, 24.82221, 152.2416
-10.9839, 1.459594, 8.35, 27.24488, 153.7087
-11.01863, 1.459594, 8.346072, 24.43282, 153.7182
-11.01856, 1.459594, 8.353508, 24.64573, 153.7002
-11.00435, 1.459594, 8.362518, 26.00096, 153.6784
-11.01696, 1.459594, 8.347931, 24.61493, 153.7137
-11.02623, 1.457552, 8.35, 23.95071, 153.8675
-11.01612, 1.459141, 8.347097, 24.6566, 153.751
-10.97356, 1.453168, 8.336128, 27.66801, 154.2433
-10.9783, 1.465082, 8.352045, 27.73702, 153.2767
-10.99804, 1.461228, 8.353337, 26.23757, 153.5735
-11.02709, 1.477656, 8.35, 23.88392, 152.303
-10.97039, 1.476632, 8.342287, 28.08483, 152.4001
-10.97283, 1.455525, 8.355631, 28.26149, 154.0114
-10.98466, 1.463805, 8.333163, 26.72039, 153.4212
-10.97422, 1.454927, 8.372583, 28.61782, 154.0161
-11.01123, 1.483173, 8.35, 25.11821, 151.8737
-10.99808, 1.465598, 8.349561, 26.12971, 153.2424
-10.99627, 1.471573, 8.360546, 26.57473, 152.7522
-10.99269, 1.452828, 8.327513, 25.93636, 154.2915
-10.99837, 1.481261, 8.316209, 25.17765, 152.0974
-10.97168, 1.479011, 8.35, 28.19645, 152.1976
-10.98215, 1.494278, 8.344761, 27.23662, 151.0204
-10.98281, 1.439636, 8.342575, 27.12494, 155.2813
-10.97578, 1.493684, 8.354742, 28.00747, 151.0459
-10.9887, 1.45452, 8.353158, 26.95903, 154.0957
-10.99341, 1.459594, 8.35, 26.50522, 153.7087
-11.00484, 1.459594, 8.353982, 25.72592, 153.699
-10.98533, 1.459594, 8.348966, 27.10503, 153.7112
-11.03492, 1.459594, 8.320974, 22.4555, 153.7794
-10.96107, 1.459594, 8.354947, 29.15701, 153.6967
-11.03324, 1.453017, 8.35, 23.40531, 154.2205
-11.00854, 1.465785, 8.345403, 25.19982, 153.2377
-10.97147, 1.456618, 8.337601, 27.87156, 153.9708
-10.99576, 1.466088, 8.358557, 26.55875, 153.1831
-11.02404, 1.456581, 8.310579, 23.01171, 154.0404
-10.9692, 1.475415, 8.35, 28.38923, 152.4775
-10.98011, 1.464509, 8.352695, 27.61394, 153.3198
-11.03418, 1.443534, 8.366384, 23.792, 154.9161
-11.01154, 1.479262, 8.327088, 24.45361, 152.2292
-11.02773, 1.454739, 8.359438, 24.09831, 154.0631
-11.02883, 1.449834, 8.35, 23.74902, 154.4682
-10.98039, 1.478946, 8.358096, 27.74105, 152.1846
-11.0181, 1.439236, 8.350178, 24.5888, 155.2924
-11.00428, 1.446909, 8.36718, 26.13575, 154.652
-11.00816, 1.430723, 8.324521, 24.64551, 156.0249
-11.00497, 1.448493, 8.35, 25.60548, 154.5725
-11.00315, 1.477104, 8.343664, 25.57117, 152.3602
-10.98798, 1.498671, 8.338752, 26.61633, 150.6905
-10.9875, 1.461307, 8.361856, 27.29171, 153.5468
-11.02833, 1.496849, 8.34479, 23.64155, 150.8201
-10.99956, 1.714594, 8.35, 26.0262, 133.8643
-10.99956, 1.714594, 8.345135, 25.89107, 133.8636
-10.99956, 1.714594, 8.347722, 25.96295, 133.864
-10.99956, 1.714594, 8.365088, 26.44409, 133.8665
-10.99956, 1.714594, 8.37143, 26.61929, 133.8675
-10.99956, 1.716866, 8.35, 26.0262, 133.6874
-10.99956, 1.720109, 8.347539, 25.95786, 133.4346
-10.99956, 1.707326, 8.352372, 26.09201, 134.4301
-10.99956, 1.719939, 8.374709, 26.70972, 133.4533
-10.99956, 1.709168, 8.358004, 26.24808, 134.2873
-10.99956, 1.714187, 8.35, 26.0262, 133.896
-10.99956, 1.699397, 8.34248, 25.81727, 135.047
-10.99956, 1.716535, 8.354405, 26.14838, 133.714
-10.99956, 1.716643, 8.322631, 25.2639, 133.7002
-10.99956, 1.716068, 8.326448, 25.37056, 133.7457
-10.99956, 1.69501, 8.35, 26.0262, 135.3883
-10.99956, 1.69122, 8.356719, 26.21249, 135.6827
-10.99956, 1.732288, 8.359457, 26.28832, 132.4904
-10.99956, 1.687491, 8.357259, 26.22744, 135.9725
-10.99956, 1.689708, 8.388015, 27.07602, 135.797
-10.99956, 1.751631, 8.35, 26.0262, 130.982
-10.99956, 1.715335, 8.356155, 26.19688, 133.8076
-10.99956, 1.704404, 8.343678, 25.85057, 134.657
-10.99956, 1.744125, 8.351986, 26.08129, 131.567
-10.99956, 1.700363, 8.347586, 25.95916, 134.9717
-11.00223, 1.714594, 8.35, 25.81852, 133.8643
-11.00005, 1.714594, 8.349134, 25.9644, 133.8642
-11.00167, 1.714594, 8.334859, 25.44113, 133.8621
-10.99411, 1.714594, 8.347489, 26.38078, 133.864
-10.99667, 1.714594, 8.366965, 26.72098, 133.8668
-10.99213, 1.713772, 8.35, 26.60491, 133.9283
-10.99235, 1.723829, 8.344452, 26.43409, 133.1443
-10.99732, 1.719353, 8.338022, 25.86843, 133.4916
-11.00754, 1.711296, 8.336718, 25.03492, 134.1194
-10.99608, 1.717182, 8.380607, 27.1424, 133.6682
-11.00615, 1.710238, 8.35, 25.5134, 134.2032
-10.99002, 1.707264, 8.357003, 26.96231, 134.4352
-11.00602, 1.718413, 8.361145, 25.83329, 133.5692
-11.00847, 1.713109, 8.34862, 25.29502, 133.9796
-11.00013, 1.700437, 8.346366, 25.88144, 134.966
-10.99558, 1.740283, 8.35, 26.33589, 131.8651
-10.99302, 1.693868, 8.355371, 26.68383, 135.4769
-10.99971, 1.739249, 8.340764, 25.75785, 131.9419
-10.99698, 1.690121, 8.326312, 25.56842, 135.7712
-11.00397, 1.711899, 8.371519, 26.2795, 134.0766
-10.99485, 1.708339, 8.35, 26.39277, 134.3511
-10.99533, 1.724298, 8.351741, 26.40356, 133.1095
-10.99152, 1.726691, 8.335942, 26.26262, 132.9191
-11.00282, 1.69165, 8.354429, 25.8959, 135.6494
-11.00251, 1.697565, 8.345828, 25.68086, 135.1896
-10.98191, 1.714594, 8.35, 27.40009, 133.8643
-11.00945, 1.714594, 8.344581, 25.10549, 133.8635
-10.99587, 1.714594, 8.361417, 26.62931, 133.866
-10.99537, 1.714594, 8.375357, 27.05326, 133.868
-11.00693, 1.714594, 8.349299, 25.43366, 133.8642
-10.99781, 1.711288, 8.35, 26.16253, 134.1216
-10.97968, 1.720898, 8.350914, 27.59897, 133.3739
-10.98391, 1.721356, 8.331098, 26.72144, 133.3339
-11.01141, 1.716962, 8.354989, 25.24332, 133.6808
-10.98085, 1.711967, 8.37754, 28.23881, 134.0721
-10.99518, 1.722015, 8.35, 26.36753, 133.2868
-10.99734, 1.731428, 8.351722, 26.2467, 132.5548
-11.00712, 1.730426, 8.336862, 25.0715, 132.6282
-10.98327, 1.724805, 8.376175, 28.01405, 133.0762
-11.00775, 1.696325, 8.323089, 24.63777, 135.287
-10.99953, 1.686216, 8.35, 26.02857, 136.0727
-10.99429, 1.743606, 8.342729, 26.23497, 131.6033
-10.99854, 1.712451, 8.369454, 26.64445, 134.0335
-10.98155, 1.70577, 8.347941, 27.37121, 134.5509
-11.00242, 1.686872, 8.367056, 26.27687, 136.0194
-10.99255, 1.753519, 8.35, 26.57165, 130.8351
-10.98609, 1.709689, 8.35431, 27.19384, 134.2464
-11.00303, 1.709501, 8.355706, 25.91526, 134.2612
-11.01867, 1.708435, 8.333116, 24.06625, 134.3422
-10.99164, 1.70951, 8.378393, 27.42572, 134.2626
-10.98777, 1.714594, 8.35, 26.94374, 133.8643
-10.98252, 1.714594, 8.359831, 27.62338, 133.8658
-10.99983, 1.714594, 8.344813, 25.86147, 133.8636
-10.98158, 1.714594, 8.322899, 26.67558, 133.8603
-11.01008, 1.714594, 8.376149, 25.93344, 133.8682
-11.0126, 1.705816, 8.35, 25.01146, 134.5474
-10.98204, 1.718204, 8.351842, 27.44051, 133.5837
-10.99949, 1.713991, 8.35541, 26.18155, 133.912
-10.99189, 1.712835, 8.363623, 26.99963, 134.0029
-11.02391, 1.719347, 8.356027, 24.3001, 133.4956
-11.02284, 1.725547, 8.35, 24.21491, 133.0119
-10.9915, 1.724102, 8.357166, 26.85222, 133.1261
-10.97581, 1.720572, 8.338137, 27.54805, 133.3966
-10.99695, 1.703505, 8.354785, 26.36218, 134.7274
-11.01124, 1.728792, 8.356885, 25.3095, 132.7614
-11.0227, 1.692548, 8.35, 24.22554, 135.58
-10.99658, 1.71865, 8.342155, 26.04027, 133.5472
-10.99034, 1.72182, 8.357118, 26.94092, 133.3035
-10.98641, 1.741606, 8.326941, 26.41099, 131.7525
-11.01113, 1.720651, 8.364263, 25.52279, 133.3959
-11.01595, 1.691726, 8.35, 24.75087, 135.6439
-10.98754, 1.742839, 8.350419, 26.97322, 131.6664
-10.98819, 1.752932, 8.337948, 26.57782, 130.8744
-11.0037, 1.696658, 8.377213, 26.4577, 135.2592
-11.00836, 1.679154, 8.358317, 25.57275, 136.6205
-11.02525, 1.714594, 8.35, 24.02706, 133.8643
-11.03339, 1.714594, 8.355102, 23.53706, 133.8651
-10.98178, 1.714594, 8.362535, 27.75524, 133.8662
-11.02199, 1.714594, 8.342377, 24.06713, 133.8632
-10.98602, 1.714594, 8.317698, 26.18404, 133.8595
-10.97088, 1.724507, 8.35, 28.25874, 133.0928
-10.99625, 1.717218, 8.357426, 26.4899, 133.6613
-10.99085, 1.724191, 8.344853, 26.56149, 133.1162
-11.0018, 1.713288, 8.331218, 25.32887, 133.9634
-10.99303, 1.713537, 8.366962, 27.00338, 133.9488
-10.96109, 1.731595, 8.35, 29.02054, 132.5413
-11.03042, 1.698498, 8.340928, 23.37015, 135.117
-11.00501, 1.724062, 8.341632, 25.36919, 133.1254
-10.9891, 1.710388, 8.348885, 26.80935, 134.1915
-11.00752, 1.718389, 8.371743, 26.01016, 133.573
-11.01011, 1.696177, 8.35, 25.2052, 135.2975
-10.97727, 1.715481, 8.348659, 27.72407, 133.7951
-11.03438, 1.687099, 8.346534, 23.21895, 136.0044
-10.96237, 1.689614, 8.339305, 28.62762, 135.8094
-10.97673, 1.743485, 8.328296, 27.20375, 131.6064
-10.96214, 1.717768, 8.35, 28.93885, 133.6173
-10.98116, 1.714287, 8.353479, 27.5545, 133.8886
-10.96911, 1.71052, 8.33943, 28.10585, 134.1802
-11.01709, 1.709126, 8.341372, 24.42112, 134.289
-11.02119, 1.749798, 8.346922, 24.25684, 131.1231
-10.95079, 2.389187, 8.35, 29.82177, 81.36674
-10.95079, 2.389187, 8.354099, 29.93345, 81.39523
-10.95079, 2.389187, 8.336915, 29.46445, 81.27557
-10.95079, 2.389187, 8.323976, 29.10992, 81.18509
-10.95079, 2.389187, 8.376581, 30.5439, 81.55103
-10.95079, 2.394321, 8.35, 29.82177, 80.96725
-10.95079, 2.394953, 8.354493, 29.94418, 80.94958
-10.95079, 2.394638, 8.369811, 30.36045, 81.0811
-10.95079, 2.382955, 8.379709, 30.62855, 82.0558
-10.95079, 2.380916, 8.335858, 29.43555, 81.91306
-10.95079, 2.394295, 8.35, 29.82177, 80.96925
-10.95079, 2.388836, 8.340648, 29.5665, 81.32899
-10.95079, 2.400796, 8.358151, 30.04373, 80.5209
-10.95079, 2.371236, 8.360809, 30.11601, 82.83685
-10.95079, 2.371667, 8.325586, 29.15411, 82.56418
-10.95079, 2.413552, 8.35, 29.82177, 79.47069
-10.95079, 2.370714, 8.347012, 29.74026, 82.78412
-10.95079, 2.402476, 8.368304, 30.31956, 80.46211
-10.95079, 2.365872, 8.328924, 29.24566, 83.03912
-10.95079, 2.394658, 8.352283, 29.88396, 80.95702
-10.95079, 2.389718, 8.35, 29.82177, 81.32549
-10.95079, 2.367691, 8.353452, 29.9158, 83.06284
-10.95079, 2.360487, 8.359712, 30.08616, 83.66487
-10.95079, 2.350765, 8.337895, 29.49125, 84.27719
-10.95079, 2.352295, 8.33265, 29.34773, 84.12323
-10.95069, 2.389187, 8.35, 29.82997, 81.36674
-10.95341, 2.389187, 8.346667, 29.52659, 81.34355
-10.94224, 2.389187, 8.367619, 30.96465, 81.48903
-10.95768, 2.389187, 8.326201, 28.6332, 81.20067
-10.95483, 2.389187, 8.34556, 29.38628, 81.33583
-10.94785, 2.380264, 8.35, 30.05048, 82.06117
-10.95918, 2.396907, 8.342607, 28.96624, 80.71394
-10.95483, 2.386297, 8.34378, 29.33742, 81.54857
-10.9473, 2.384469, 8.369318, 30.61778, 81.86708
-10.95535, 2.380749, 8.380729, 30.30308, 82.2337
-10.95165, 2.388303, 8.35, 29.75504, 81.43561
-10.95673, 2.393894, 8.340666, 29.10387, 80.93501
-10.95967, 2.392387, 8.353112, 29.21574, 81.13947
-10.95994, 2.401299, 8.379565, 29.9156, 80.63272
-10.95889, 2.369871, 8.377954, 29.95274, 83.05832
-10.94273, 2.373001, 8.35, 30.4493, 82.62639
-10.9528, 2.397533, 8.351203, 29.69836, 80.72575
-10.94501, 2.376475, 8.331928, 29.77846, 82.23236
-10.95219, 2.393256, 8.332526, 29.23532, 80.9276
-10.95282, 2.410956, 8.32653, 29.02159, 79.50372
-10.94178, 2.40218, 8.35, 30.52302, 80.35564
-10.95008, 2.424192, 8.346756, 29.78864, 78.61893
-10.95859, 2.349292, 8.334996, 28.80345, 84.37291
-10.94512, 2.398894, 8.334579, 29.84253, 80.50238
-10.94225, 2.394526, 8.368501, 30.98781, 81.08064
-10.93762, 2.389187, 8.35, 30.84643, 81.36674
-10.95064, 2.389187, 8.340158, 29.56474, 81.2982
-10.9597, 2.389187, 8.330126, 28.58356, 81.22813
-10.93367, 2.389187, 8.322844, 30.41582, 81.17717
-10.93143, 2.389187, 8.353175, 31.41423, 81.38881
-10.94969, 2.386915, 8.35, 29.90763, 81.54361
-10.94892, 2.384622, 8.353635, 30.06643, 81.74713
-10.95746, 2.383628, 8.349141, 29.27891, 81.79349
-10.93398, 2.396925, 8.330069, 30.58893, 80.62405
-10.94979, 2.398141, 8.337491, 29.55819, 80.5817
-10.9395, 2.403243, 8.35, 30.70044, 80.2729
-10.95725, 2.373328, 8.357061, 29.51214, 82.64891
-10.93237, 2.378131, 8.364248, 31.64013, 82.32448
-10.94454, 2.378307, 8.323906, 29.59587, 82.03419
-10.94517, 2.383877, 8.364737, 30.65898, 81.88152
-10.95574, 2.403224, 8.35, 29.43651, 80.27437
-10.94687, 2.393987, 8.357402, 30.32853, 81.045
-10.93134, 2.413059, 8.34315, 31.15009, 79.45967
-10.96795, 2.381078, 8.356688, 28.66987, 82.04381
-10.97077, 2.380605, 8.375785, 28.97301, 82.21118
-10.96978, 2.36236, 8.35, 28.34387, 83.45451
-10.9686, 2.411685, 8.354833, 28.5686, 79.65067
-10.93522, 2.370479, 8.359048, 31.27815, 82.88383
-10.94385, 2.407687, 8.368475, 30.86333, 80.05876
-10.9591, 2.40741, 8.316356, 28.2507, 79.70737
-10.9592, 2.389187, 8.35, 29.16696, 81.36674
-10.9208, 2.389187, 8.343088, 31.9692, 81.31862
-10.96392, 2.389187, 8.338947, 28.49689, 81.28975
-10.96277, 2.389187, 8.351741, 28.9369, 81.37886
-10.95881, 2.389187, 8.334795, 28.78085, 81.26076
-10.93745, 2.394247, 8.35, 30.86015, 80.97299
-10.95435, 2.381065, 8.350477, 29.55751, 82.00212
-10.93927, 2.386366, 8.332066, 30.23046, 81.46176
-10.92437, 2.390133, 8.373319, 32.50551, 81.45509
-10.93557, 2.381416, 8.383957, 31.92292, 82.20409
-10.97969, 2.372378, 8.35, 27.57304, 82.6749
-10.94184, 2.40187, 8.35271, 30.59179, 80.39894
-10.94347, 2.399217, 8.358297, 30.61676, 80.64471
-10.97, 2.402187, 8.345664, 28.20778, 80.32436
-10.93591, 2.404457, 8.38459, 31.91302, 80.42328
-10.96659, 2.372167, 8.35, 28.59265, 82.69127
-10.93655, 2.363592, 8.345109, 30.797, 83.32581
-10.95858, 2.363164, 8.34623, 29.11215, 83.36662
-10.92255, 2.40002, 8.37836, 32.78162, 80.72337
-10.95303, 2.380446, 8.33247, 29.16832, 81.92633
-10.9236, 2.355422, 8.35, 31.93776, 83.9944
-10.97729, 2.410222, 8.348166, 27.70866, 79.71667
-10.97839, 2.350724, 8.357484, 27.8798, 84.40907
-10.94998, 2.404149, 8.325957, 29.22779, 80.03101
-10.96591, 2.41607, 8.34763, 28.57986, 79.25754
-10.95648, 2.389187, 8.35, 29.37897, 81.36674
-10.91477, 2.389187, 8.348207, 32.57664, 81.35426
-10.96762, 2.389187, 8.337794, 28.17654, 81.28169
-10.98021, 2.389187, 8.373465, 28.17707, 81.52946
-10.92108, 2.389187, 8.325642, 31.47487, 81.19676
-10.99006, 2.393955, 8.35, 26.76574, 80.99577
-10.93923, 2.38809, 8.351614, 30.76554, 81.46333
-10.97891, 2.392053, 8.353114, 27.71956, 81.16548
-10.94769, 2.382149, 8.320632, 29.26004, 81.71153
-10.96219, 2.385515, 8.32335, 28.20253, 81.4675
-10.98431, 2.394877, 8.35, 27.21329, 80.92398
-10.9619, 2.374014, 8.341205, 28.71592, 82.48767
-10.98961, 2.395512, 8.351686, 26.84751, 80.8864
-10.94839, 2.39438, 8.325294, 29.33367, 80.78893
-10.97759, 2.372547, 8.351161, 27.76807, 82.66957
-10.9385, 2.411982, 8.35, 30.77816, 79.59282
-10.94463, 2.41794, 8.357902, 30.51619, 79.18639
-10.91998, 2.396473, 8.338889, 31.91985, 80.72153
-10.91897, 2.391207, 8.32983, 31.75365, 81.06847
-10.94719, 2.396579, 8.352287, 30.16438, 80.80759
-10.92607, 2.353037, 8.35, 31.7457, 84.18001
-10.95381, 2.411122, 8.354372, 29.70583, 79.69116
-10.93893, 2.426504, 8.337139, 30.39478, 78.36829
-10.9238, 2.390447, 8.340648, 31.66971, 81.20348
-10.92254, 2.358057, 8.335739, 31.63457, 83.69447
-11.32745, 2.389187, 8.35, 0.5094051, 81.36679
-11.32745, 2.389187, 8.350291, 0.5184317, 81.36879
-11.32745, 2.389187, 8.34869, 0.4686928, 81.35767
-11.32745, 2.389187, 8.389993, 1.745253, 81.64354
-11.32745, 2.390309, 8.35, 0.5094051, 81.2795
-11.32745, 2.38548, 8.342214, 0.2672768, 81.60132
-11.32745, 2.395855, 8.348157, 0.4521275, 80.83488
-11.32745, 2.39605, 8.367272, 1.044703, 80.95378
-11.32745, 2.394708, 8.35, 0.5094051, 80.93716
-11.32745, 2.389352, 8.356296, 0.7047844, 81.39772
-11.32745, 2.408257, 8.357235, 0.7339239, 79.93439
-11.32745, 2.404227, 8.341741, 0.2525568, 80.13762
-11.32745, 2.360429, 8.35, 0.5094051, 83.60478
-11.32745, 2.373448, 8.346472, 0.3997421, 82.56757
-11.32745, 2.364805, 8.356112, 0.699091, 83.30519
-11.32745, 2.377859, 8.343683, 0.3130102, 82.20505
-11.32745, 2.41113, 8.37817, 1.38123, 79.86058
-11.32745, 2.390898, 8.35, 0.5094051, 81.2336
-11.32745, 2.394679, 8.340846, 0.224719, 80.87511
-11.32745, 2.359128, 8.348506, 0.4629707, 83.69606
-11.32745, 2.349682, 8.367431, 1.049609, 84.55511
-11.33336, 2.389187, 8.35, 0.05016804, 81.36679
-11.33501, 2.389187, 8.355186, 0.08299828, 81.40283
-11.3302, 2.389187, 8.349463, 0.2790356, 81.36304
-11.32195, 2.387141, 8.338673, 0.586338, 81.44733
-11.33694, 2.394114, 8.371627, 0.4431009, 81.13443
-11.33104, 2.396664, 8.35, 0.2304125, 80.78493
-11.33338, 2.402647, 8.352649, 0.1306057, 80.33806
-11.32395, 2.377611, 8.338465, 0.4232883, 82.18861
-11.31984, 2.376497, 8.328248, 0.4257202, 82.2054
-11.3195, 2.376111, 8.349042, 1.099033, 82.37779
-11.31866, 2.385205, 8.35, 1.193562, 81.67671
-11.32819, 2.390965, 8.356093, 0.6410265, 81.27084
-11.33035, 2.37282, 8.351657, 0.3359127, 82.65169
-11.33245, 2.405787, 8.367492, 0.6640291, 80.19923
-11.31955, 2.393102, 8.32524, 0.3549671, 80.88834
-11.33308, 2.385596, 8.35, 0.07189751, 81.64626
-11.32388, 2.368254, 8.342443, 0.5531931, 82.94475
-11.31752, 2.401022, 8.359492, 1.576252, 80.51286
-11.32537, 2.379172, 8.36957, 1.277432, 82.28
-11.33335, 2.389187, 8.354459, 0.1896572, 81.39778
-11.33461, 2.389187, 8.358289, 0.2103281, 81.42436
-11.31204, 2.389187, 8.363657, 2.130475, 81.46161
-11.33167, 2.389187, 8.355373, 0.3484297, 81.40411
-11.32771, 2.381605, 8.352648, 0.5715895, 81.97499
-11.31219, 2.37972, 8.358601, 1.962905, 82.1624
-11.30987, 2.384524, 8.343973, 1.691465, 81.68797
-11.31761, 2.398413, 8.362089, 1.649451, 80.7339
-11.31766, 2.408287, 8.35, 1.271338, 79.88039
-11.32757, 2.370915, 8.348492, 0.4531431, 82.77852
-11.31125, 2.369552, 8.331871, 1.208997, 82.77199
-11.31366, 2.377126, 8.342239, 1.34232, 82.25223
-11.33254, 2.365011, 8.35, 0.1133966, 83.24815
-11.3353, 2.412535, 8.354471, 0.03819466, 79.58191
-11.30831, 2.428602, 8.342774, 1.77578, 78.24623
-11.31988, 2.427731, 8.357326, 1.325812, 78.42101
-11.3046, 2.389187, 8.350719, 2.30989, 81.37178
-11.30183, 2.389187, 8.358733, 2.772188, 81.42746
-11.31482, 2.389187, 8.372284, 2.17967, 81.52135
-11.32252, 2.381652, 8.35, 0.8933687, 81.95316
-11.30017, 2.398869, 8.340386, 2.336283, 80.54544
-11.33489, 2.385372, 8.362107, 0.3074312, 81.74731
-11.29987, 2.394335, 8.349172, 2.630868, 80.96031
-11.32038, 2.392741, 8.35, 1.059852, 81.09018
-11.32617, 2.386707, 8.360355, 0.9307623, 81.63144
-11.32372, 2.373195, 8.349231, 0.7762241, 82.60606
-11.3097, 2.391021, 8.333237, 1.372089, 81.10689
-11.32472, 2.409766, 8.33063, 0.1198912, 79.62617
-11.30478, 2.390938, 8.345743, 2.142391, 81.20084
-11.3251, 2.413862, 8.339641, 0.3706312, 79.3718
-11.33224, 2.401937, 8.35, 0.1366711, 80.37459
-11.3182, 2.354119, 8.351199, 1.266475, 84.10373
-11.30232, 2.42907, 8.361821, 2.828879, 78.3499
-11.31514, 2.398415, 8.357183, 1.689863, 80.6992
-11.32266, 2.389187, 8.35, 0.8823824, 81.36679
-11.33333, 2.389187, 8.353382, 0.1570272, 81.39029
-11.28808, 2.389187, 8.336521, 3.15927, 81.27284
-11.31916, 2.390651, 8.35, 1.154552, 81.25281
-11.29929, 2.395057, 8.355291, 2.864127, 80.94704
-11.30076, 2.387038, 8.3275, 1.891794, 81.3775
-11.31368, 2.38724, 8.369601, 2.186208, 81.65393
-11.29914, 2.379636, 8.35, 2.712493, 82.11006
-11.29099, 2.374008, 8.327966, 2.668562, 82.39771
-11.31244, 2.387195, 8.35, 1.677861, 81.52179
-11.30581, 2.412373, 8.342212, 1.953506, 79.50636
-11.31953, 2.375776, 8.34475, 0.9632921, 82.37463
-11.3243, 2.412214, 8.343462, 0.551734, 79.52774
-11.29952, 2.361773, 8.33638, 2.262998, 83.40907
-11.33296, 2.376118, 8.388475, 1.271868, 82.64505
-11.32745, 2.576687, 8.35, 0.5094051, 66.77531
-11.32745, 2.576687, 8.343233, 0.2990055, 66.71539
-11.32745, 2.576687, 8.35186, 0.5671692, 66.79178
-11.32745, 2.576687, 8.35424, 0.6410408, 66.81282
-11.32745, 2.567245, 8.35, 0.5094051, 67.51016
-11.32745, 2.578945, 8.35327, 0.6109142, 66.62862
-11.32745, 2.568689, 8.371053, 1.161561, 67.58185
-11.32745, 2.585908, 8.357043, 0.7279873, 66.1207
-11.32745, 2.563638, 8.35, 0.5094051, 67.79083
-11.32745, 2.585887, 8.35495, 0.6630564, 66.10362
-11.32745, 2.578574, 8.355301, 0.6739426, 66.67548
-11.32745, 2.588233, 8.369916, 1.126428, 66.05496
-11.32745, 2.590491, 8.377537, 1.361704, 65.94769
-11.32745, 2.565801, 8.35, 0.5094051, 67.62247
-11.32745, 2.564576, 8.348089, 0.4500389, 67.70116
-11.32745, 2.558836, 8.364117, 0.9470844, 68.28667
-11.32745, 2.593732, 8.353434, 0.6160069, 65.47984
-11.32745, 2.560674, 8.376119, 1.317959, 68.24759
-11.32745, 2.553124, 8.35, 0.5094051, 68.60901
-11.32745, 2.603723, 8.348404, 0.459795, 64.65681
-11.32745, 2.563695, 8.338559, 0.1534796, 67.68652
-11.318, 2.576687, 8.35, 1.245217, 66.77531
-11.33629, 2.576687, 8.35865, 0.09102345, 66.85178
-11.32966, 2.576687, 8.375228, 1.119561, 66.99783
-11.32753, 2.581471, 8.35, 0.5035257, 66.40306
-11.33583, 2.572696, 8.354979, 0.01220226, 67.12975
-11.33412, 2.573196, 8.351545, 0.03840923, 67.06059
-11.32477, 2.568183, 8.371183, 1.373963, 67.62222
-11.33267, 2.573688, 8.35, 0.1035976, 67.00877
-11.33229, 2.588916, 8.358645, 0.4020023, 65.90114
-11.32225, 2.573566, 8.351837, 0.971446, 67.03444
-11.3285, 2.583615, 8.349734, 0.4197836, 66.23378
-11.32613, 2.549956, 8.356704, 0.8206129, 68.91302
-11.32842, 2.597141, 8.364574, 0.8862877, 65.31534
-11.32732, 2.605932, 8.342557, 0.2884769, 64.43134
-11.32569, 2.537453, 8.35, 0.6470919, 69.82857
-11.32982, 2.577694, 8.368536, 0.9002781, 66.86076
-11.32212, 2.61019, 8.363755, 1.350017, 64.29424
-11.32313, 2.600393, 8.384582, 1.913996, 65.24341
-11.33454, 2.576687, 8.364268, 0.4011726, 66.90137
-11.33102, 2.568037, 8.35, 0.2319002, 67.44852
-11.33235, 2.577442, 8.358404, 0.3894711, 66.79092
-11.32402, 2.578773, 8.361977, 1.147943, 66.71909
-11.33198, 2.577914, 8.36221, 0.5362988, 66.7879
-11.3151, 2.561139, 8.34577, 1.339517, 67.94852
-11.31375, 2.579133, 8.373706, 2.3071, 66.79472
-11.31703, 2.559407, 8.357599, 1.555266, 68.18599
-11.33173, 2.600391, 8.35346, 0.2843142, 64.9621
-11.31458, 2.553423, 8.369094, 2.100592, 68.74982
-11.31622, 2.557873, 8.368385, 1.951189, 68.39827
-11.31667, 2.591541, 8.35, 1.348886, 65.6194
-11.31454, 2.596683, 8.348628, 1.472297, 65.20677
-11.32292, 2.576474, 8.366839, 1.383176, 66.94057
-11.32404, 2.606333, 8.339405, 0.4461908, 64.37123
-11.32728, 2.580313, 8.337402, 0.1311779, 66.38107
-11.31689, 2.576687, 8.35, 1.331248, 66.77531
-11.30823, 2.576687, 8.327551, 1.310191, 66.57608
-11.32491, 2.571355, 8.35, 0.7074738, 67.19025
-11.33356, 2.576746, 8.355172, 0.1950932, 66.81645
-11.30254, 2.579098, 8.336171, 2.021055, 66.46474
-11.32813, 2.578724, 8.338922, 0.1119661, 66.51837
-11.3066, 2.595164, 8.35, 2.132664, 65.33745
-11.32061, 2.564857, 8.350707, 1.063628, 67.70212
-11.32951, 2.563138, 8.363235, 0.759902, 67.94489
-11.31911, 2.592436, 8.35, 1.158886, 65.54976
-11.33159, 2.577499, 8.354578, 0.3297329, 66.75267
-11.31783, 2.60349, 8.35, 1.258221, 64.68948
-11.30015, 2.540401, 8.353094, 2.729616, 69.6254
-11.32749, 2.588432, 8.369143, 1.10002, 66.03258
-11.33217, 2.576687, 8.35, 0.1426649, 66.77531
-11.31989, 2.576687, 8.355385, 1.264572, 66.82294
-11.30516, 2.576687, 8.337171, 1.848407, 66.66161
-11.30529, 2.576687, 8.322087, 1.370316, 66.52742
-11.29982, 2.568442, 8.353699, 2.774034, 67.44939
-11.30363, 2.57389, 8.361753, 2.725224, 67.09648
-11.29233, 2.579832, 8.35, 3.243113, 66.53056
-11.3146, 2.589852, 8.331295, 0.9297609, 65.58244
-11.32493, 2.56067, 8.358752, 0.9775543, 68.09772
-11.31622, 2.580124, 8.35, 1.383963, 66.50789
-11.31867, 2.602945, 8.342793, 0.9699154, 64.66615
-11.31954, 2.602644, 8.357959, 1.371417, 64.82774
-11.29024, 2.536695, 8.35, 3.405547, 69.88754
-11.30224, 2.579786, 8.387023, 3.606791, 66.86136
-11.32745, 2.764187, 8.35, 0.5094051, 52.18388
-11.32745, 2.764187, 8.348791, 0.4718256, 52.1709
-11.32745, 2.764187, 8.345864, 0.3808594, 52.13943
-11.32745, 2.764187, 8.376026, 1.315098, 52.46249
-11.32745, 2.764187, 8.367441, 1.049938, 52.37082
-11.32745, 2.767948, 8.35, 0.5094051, 51.8912
-11.32745, 2.763909, 8.341724, 0.2520704, 52.11653
-11.32745, 2.763471, 8.343699, 0.3135395, 52.17192
-11.32745, 2.759247, 8.37465, 1.27264, 52.83105
-11.32745, 2.779788, 8.35, 0.5094051, 50.96979
-11.32745, 2.747723, 8.353539, 0.6192541, 53.50255
-11.32745, 2.745842, 8.367682, 1.057391, 53.79773
-11.32745, 2.7729, 8.367227, 1.043301, 51.69196
-11.32745, 2.775744, 8.360868, 0.8465195, 51.40237
-11.32745, 2.760557, 8.35, 0.5094051, 52.4664
-11.32745, 2.774263, 8.352409, 0.5842209, 51.42592
-11.32745, 2.772426, 8.35, 0.5094051, 51.54277
-11.32745, 2.776056, 8.350047, 0.5108643, 51.26071
-11.32745, 2.753908, 8.368898, 1.094971, 53.18433
-11.32745, 2.739301, 8.359101, 0.7917595, 54.21587
-11.32745, 2.741842, 8.381436, 1.48191, 54.25208
-11.33244, 2.764187, 8.35, 0.1214075, 52.18388
-11.32527, 2.764187, 8.352983, 0.7718182, 52.21591
-11.32545, 2.764187, 8.357516, 0.8981752, 52.26454
-11.33327, 2.763258, 8.35, 0.05674839, 52.25618
-11.3194, 2.759679, 8.341422, 0.8700371, 52.44287
-11.31755, 2.763712, 8.343067, 1.065388, 52.14635
-11.32698, 2.770445, 8.366843, 1.068349, 51.87848
-11.32239, 2.757617, 8.389947, 2.136226, 53.1194
-11.32712, 2.761808, 8.35, 0.5357122, 52.36906
-11.33642, 2.748593, 8.357565, 0.04749298, 53.47743
-11.32031, 2.755495, 8.377227, 1.906042, 53.14935
-11.32607, 2.763718, 8.366781, 1.137156, 52.40015
-11.32215, 2.737299, 8.35, 0.9221077, 54.27634
-11.32519, 2.759363, 8.346623, 0.5806446, 52.52319
-11.32978, 2.790951, 8.365812, 0.8190107, 50.27486
-11.33072, 2.778904, 8.3468, 0.1554823, 51.00371
-11.32227, 2.739609, 8.35, 0.9131384, 54.09659
-11.33349, 2.772146, 8.369615, 0.6486225, 51.77626
-11.32685, 2.802078, 8.364122, 0.9945059, 49.392
-11.3275, 2.764187, 8.344138, 0.3237391, 52.12088
-11.30834, 2.764187, 8.363387, 2.409267, 52.32744
-11.31299, 2.764187, 8.342113, 1.391144, 52.09909
-11.33433, 2.764187, 8.368752, 0.5566406, 52.38483
-11.31627, 2.760695, 8.35, 1.379399, 52.45567
-11.3206, 2.769358, 8.352728, 1.127143, 51.81091
-11.31381, 2.762539, 8.354939, 1.723781, 52.36507
-11.32866, 2.780354, 8.35, 0.4151917, 50.92578
-11.33405, 2.765389, 8.359935, 0.3048706, 52.19708
-11.31584, 2.78107, 8.365698, 1.89836, 51.04094
-11.32168, 2.773226, 8.32323, 0.1260281, 51.18945
-11.34226, 2.776864, 8.383419, 0.3954792, 51.55905
-11.32912, 2.775974, 8.344168, 0.1981401, 51.20323
-11.30793, 2.74329, 8.349713, 2.019596, 53.80708
-11.31258, 2.740098, 8.334657, 1.191444, 53.89711
-11.31438, 2.767579, 8.376489, 2.343535, 52.20438
-11.3202, 2.749644, 8.35, 1.073985, 53.31563
-11.32705, 2.757996, 8.358992, 0.8201122, 52.76161
-11.30997, 2.739297, 8.338645, 1.518445, 54.00153
-11.31114, 2.802699, 8.342982, 1.562362, 49.10869
-11.32078, 2.764187, 8.342772, 0.8043766, 52.10619
-11.30193, 2.764187, 8.352176, 2.562947, 52.20726
-11.3018, 2.764187, 8.327968, 1.824946, 51.94655
-11.29912, 2.764187, 8.344015, 2.529988, 52.11955
-11.31219, 2.768861, 8.35, 1.697516, 51.82016
-11.30978, 2.774419, 8.35, 1.884542, 51.38768
-11.31881, 2.77268, 8.359173, 1.465702, 51.62218
-11.31423, 2.756714, 8.367208, 2.069921, 52.94861
-11.31527, 2.744518, 8.348471, 1.410356, 53.69843
-11.3109, 2.770868, 8.349742, 1.789384, 51.66118
-11.29938, 2.766168, 8.334728, 2.223372, 51.86508
-11.34128, 2.768315, 8.387168, 0.5875111, 52.26149
-11.3138, 2.735721, 8.35, 1.57176, 54.39912
-11.31315, 2.725924, 8.352687, 1.705742, 55.18939
-11.32464, 2.76072, 8.345673, 0.5941057, 52.40735
-11.31736, 2.764187, 8.35, 1.295085, 52.18388
-11.3125, 2.764187, 8.352069, 1.736956, 52.2061
-11.28985, 2.764187, 8.334936, 2.972531, 52.02176
-11.32342, 2.763031, 8.35, 0.8235455, 52.27383
-11.31095, 2.768209, 8.347605, 1.719704, 51.84509
-11.3239, 2.758677, 8.338219, 0.4201698, 52.4866
-11.29953, 2.779447, 8.364185, 3.117957, 51.1506
-11.31824, 2.782032, 8.365966, 1.719518, 50.96922
-11.30295, 2.765203, 8.373495, 3.138242, 52.35672
-11.30141, 2.772526, 8.35, 2.535982, 51.53499
-11.3407, 2.761107, 8.367146, 0.0123167, 52.60683
-11.33023, 2.736652, 8.35, 0.2930546, 54.32669
-11.29929, 2.771312, 8.342523, 2.470608, 51.54849
-11.29848, 2.769305, 8.35008, 2.766337, 51.78645
-11.32745, 2.951687, 8.35, 0.5094051, 37.59245
-11.32745, 2.951687, 8.358103, 0.7608032, 37.6947
-11.32745, 2.951687, 8.354807, 0.6586218, 37.65312
-11.32745, 2.951687, 8.373513, 1.23755, 37.88861
-11.32745, 2.951014, 8.35, 0.5094051, 37.64482
-11.32745, 2.948539, 8.356232, 0.7028103, 37.91594
-11.32745, 2.955696, 8.336239, 0.08116722, 37.10576
-11.32745, 2.952985, 8.333732, 0.003004074, 37.28526
-11.32745, 2.945189, 8.378938, 1.404905, 38.46046
-11.32745, 2.93594, 8.35, 0.5094051, 38.8179
-11.32745, 2.942155, 8.342751, 0.2839851, 38.24324
-11.32745, 2.940567, 8.346881, 0.4124737, 38.41875
-11.32745, 2.937517, 8.362269, 0.8899069, 38.84821
-11.32745, 2.935453, 8.343014, 0.292182, 38.76859
-11.32745, 2.971351, 8.35, 0.5094051, 36.06218
-11.32745, 2.946186, 8.352333, 0.5818319, 38.0499
-11.32745, 2.926821, 8.363623, 0.9317923, 39.69594
-11.32745, 2.958589, 8.372531, 1.207209, 37.3407
-11.32745, 2.978316, 8.372974, 1.220913, 35.81569
-11.32745, 2.926317, 8.35, 0.5094051, 39.56677
-11.32745, 2.976987, 8.352037, 0.5726624, 35.64984
-11.32745, 2.967993, 8.335057, 0.04433155, 36.13185
-11.32745, 2.915397, 8.364107, 0.946784, 40.58929
-11.32745, 2.985654, 8.340256, 0.206337, 34.82251
-11.31916, 2.951687, 8.35, 1.154852, 37.59245
-11.32128, 2.951687, 8.346782, 0.8899212, 37.55177
-11.3316, 2.951687, 8.368773, 0.7696295, 37.82904
-11.31889, 2.951687, 8.379925, 2.099333, 37.96904
-11.33343, 2.951687, 8.368816, 0.6283951, 37.82957
-11.31915, 2.95244, 8.35, 1.155381, 37.53387
-11.3332, 2.943168, 8.357561, 0.2974463, 38.35016
-11.32024, 2.952761, 8.349604, 1.058364, 37.50385
-11.337, 2.952968, 8.378211, 0.6425714, 37.84828
-11.32532, 2.958331, 8.35, 0.6754732, 37.07538
-11.32494, 2.96716, 8.34332, 0.4972601, 36.30284
-11.33281, 2.962505, 8.355414, 0.260725, 36.81953
-11.32929, 2.933433, 8.366477, 0.8773184, 39.21768
-11.33505, 2.957885, 8.355738, 0.09693146, 37.18289
-11.33439, 2.970663, 8.36072, 0.3028822, 36.25302
-11.33034, 2.946712, 8.35759, 0.520463, 38.075
-11.32489, 2.942988, 8.383797, 1.753407, 38.6916
-11.33178, 2.926507, 8.35, 0.1727629, 39.55203
-11.31771, 2.973982, 8.359966, 1.576123, 35.98544
-11.32136, 2.957844, 8.361909, 1.352162, 37.26428
-11.31988, 2.983242, 8.364672, 1.552877, 35.32649
-11.33177, 2.987117, 8.356014, 0.3608751, 34.91335
-11.31712, 2.951687, 8.358161, 1.566339, 37.69543
-11.33136, 2.951687, 8.349359, 0.1856232, 37.58434
-11.30949, 2.94735, 8.35, 1.907043, 37.92996
-11.32438, 2.943218, 8.332848, 0.2153921, 38.03583
-11.33344, 2.943597, 8.353757, 0.1603746, 38.2692
-11.3153, 2.95146, 8.37223, 2.141118, 37.89009
-11.31565, 2.957755, 8.338179, 1.061883, 36.96991
-11.32074, 2.940676, 8.36109, 1.374922, 38.58801
-11.31353, 2.960696, 8.362795, 1.988282, 37.05392
-11.32192, 2.946935, 8.367148, 1.470909, 38.17761
-11.33526, 2.947602, 8.368981, 0.4913807, 38.1488
-11.33244, 2.980413, 8.355481, 0.2915096, 35.42776
-11.32225, 2.978609, 8.368505, 1.486588, 35.73561
-11.31204, 2.951687, 8.35, 1.708918, 37.59245
-11.33418, 2.951687, 8.359138, 0.2702236, 37.70775
-11.31324, 2.951687, 8.338844, 1.270137, 37.45129
-11.30434, 2.947016, 8.347419, 2.22878, 37.92346
-11.32384, 2.946969, 8.37277, 1.495385, 38.24538
-11.3039, 2.96973, 8.35, 2.342548, 36.18832
-11.30703, 2.935045, 8.354538, 2.23855, 38.94406
-11.30553, 2.949921, 8.377302, 3.054757, 38.07314
-11.31202, 2.944562, 8.348786, 1.673284, 38.13165
-11.30332, 2.954728, 8.35, 2.387195, 37.35582
-11.31168, 2.955118, 8.35612, 1.925783, 37.40294
-11.30961, 2.956099, 8.355031, 2.053671, 37.31288
-11.33129, 2.975399, 8.36983, 0.8258486, 36.00175
-11.29924, 2.965151, 8.366583, 3.214631, 36.756
-11.32506, 2.915699, 8.35, 0.6959009, 40.39304
-11.30394, 2.913348, 8.349957, 2.338028, 40.57549
-11.31959, 2.918436, 8.364153, 1.559043, 40.35387
-11.33091, 2.951687, 8.35, 0.2404547, 37.59245
-11.31502, 2.951687, 8.368309, 2.042356, 37.8232
-11.34108, 2.951687, 8.368012, 0.009784698, 37.81947
-11.32686, 2.954836, 8.35, 0.5560112, 37.3474
-11.29658, 2.945729, 8.354418, 3.047919, 38.11166
-11.31497, 2.942973, 8.337587, 1.096659, 38.11459
-11.29927, 2.956937, 8.35, 2.702465, 37.18391
-11.3078, 2.955755, 8.351412, 2.082696, 37.29376
-11.30065, 2.951173, 8.36933, 3.189197, 37.87596
-11.30661, 2.973367, 8.347478, 2.053313, 35.87286
-11.31374, 2.969573, 8.322253, 0.7154846, 35.84373
-11.30621, 2.933242, 8.353641, 2.274685, 39.07314
