-10.96986, 0.02, 8.35, 16.66426, 265.7393
-10.96986, 0.02, 8.348356, 16.61661, 265.7672
-10.96986, 0.02, 8.362367, 17.02188, 265.53
-10.96986, 0.02, 8.324648, 15.92744, 266.1706
-10.96986, 0.02, 8.321976, 15.84948, 266.2162
-10.96986, 0.01389989, 8.35, 16.66426, 266.214
-10.96986, 0.01999493, 8.342888, 16.45803, 265.8604
-10.96986, 0.02085898, 8.338448, 16.3291, 265.8686
-10.96986, 0.02861161, 8.375425, 17.39831, 264.6416
-10.96986, 0.01622019, 8.35144, 16.70594, 266.009
-10.96986, 0.01436858, 8.35, 16.66426, 266.1776
-10.96986, 0.01995285, 8.341522, 16.4184, 265.8869
-10.96986, 0.0188354, 8.357784, 16.88948, 265.698
-10.96986, 0.02979957, 8.369278, 17.22127, 264.6525
-10.96986, 0.007589002, 8.319988, 15.79147, 267.2198
-10.96986, 0.03413504, 8.35, 16.66426, 264.6393
-10.96986, 0.04788039, 8.340201, 16.38003, 263.7332
-10.96986, 0.0296521, 8.357368, 16.87748, 264.864
-10.96986, 0.02191501, 8.348037, 16.60734, 265.6235
-10.96986, 0.04348148, 8.331036, 16.11354, 264.2298
-10.96986, 0.04532074, 8.35, 16.66426, 263.7688
-10.96986, 0.05936845, 8.346254, 16.55569, 262.7377
-10.96986, 0.04243607, 8.336287, 16.26632, 264.2231
-10.96986, 0.05962206, 8.379466, 17.51452, 262.1699
-10.96986, 0.0490263, 8.319561, 15.779, 263.9897
-10.96362, 0.02, 8.35, 17.15052, 265.7393
-10.96317, 0.02, 8.342552, 16.96954, 265.8657
-10.96254, 0.02, 8.342954, 17.03037, 265.8589
-10.96895, 0.02, 8.338078, 16.38937, 265.9418
-10.96694, 0.02, 8.375604, 17.63004, 265.3066
-10.97171, 0.02543298, 8.35, 16.5205, 265.3165
-10.96041, 0.0237645, 8.351516, 17.44367, 265.4207
-10.96147, 0.01462173, 8.346873, 17.22746, 266.2111
-10.96175, 0.0140823, 8.328155, 16.6628, 266.5726
-10.96323, 0.02374185, 8.383315, 18.13896, 264.8869
-10.97584, 0.02491657, 8.35, 16.19888, 265.3567
-10.97061, 0.01435102, 8.357046, 16.81038, 266.0591
-10.9656, 0.0208514, 8.346682, 16.90033, 265.7293
-10.97825, 0.01603534, 8.343604, 15.82548, 266.1566
-10.97896, 0.006505105, 8.377216, 16.74408, 266.3259
-10.96959, 0.01258858, 8.35, 16.6855, 266.3161
-10.97462, 0.02829277, 8.353625, 16.39935, 265.0328
-10.96519, 0.04446838, 8.363417, 17.41523, 263.6114
-10.96287, 0.01869504, 8.341376, 16.95933, 265.9874
-10.96109, 0.03969371, 8.373571, 18.026, 263.8129
-10.96416, 0.05313964, 8.35, 17.10806, 263.1603
-10.97441, -0.01586127, 8.358473, 16.55628, 268.3835
-10.97031, -0.006791785, 8.33688, 16.24904, 268.0507
-10.96073, 0.03175209, 8.346175, 17.26448, 264.8892
-10.9701, 0.04817554, 8.371368, 17.26303, 263.1914
-10.98158, 0.02, 8.35, 15.75216, 265.7393
-10.97122, 0.02, 8.348862, 16.5255, 265.7586
-10.97736, 0.02, 8.358372, 16.324, 265.5975
-10.95891, 0.02, 8.326767, 16.84424, 266.1345
-10.98513, 0.02, 8.386065, 16.52181, 265.1306
-10.96882, 0.02046392, 8.35, 16.74571, 265.7032
-10.98835, 0.01678923, 8.35177, 15.27755, 265.9591
-10.97004, 0.02797431, 8.334601, 16.20353, 265.3792
-10.95257, 0.01034089, 8.379278, 18.84991, 265.9936
-10.96008, 0.01332354, 8.386642, 18.47812, 265.638
-10.98369, 0.02171922, 8.35, 15.58805, 265.6055
-10.9579, 0.006822367, 8.345957, 17.47849, 266.834
-10.95234, 0.02588331, 8.362396, 18.3842, 265.0723
-10.96334, 0.003171735, 8.339848, 16.87795, 267.223
-10.96166, 0.02675893, 8.326527, 16.62234, 265.611
-10.98372, 0.03523498, 8.35, 15.58634, 264.5537
-10.97735, -0.001438105, 8.359547, 16.35847, 267.2439
-10.98099, 0.005098733, 8.365274, 16.24193, 266.6382
-10.95861, -0.009360271, 8.331055, 16.99236, 268.3518
-10.97879, 0.01722262, 8.319209, 15.07153, 266.4805
-10.96894, 0.04281972, 8.35, 16.73644, 263.9634
-10.96398, 0.03480648, 8.359365, 17.3923, 264.4299
-10.96257, -0.01936876, 8.336901, 16.85266, 269.0307
-10.95795, 0.02588886, 8.342519, 17.37525, 265.4076
-10.98469, 0.04662976, 8.325915, 14.80668, 264.0701
-10.98748, 0.02, 8.35, 15.29327, 265.7393
-10.95381, 0.02, 8.352961, 17.99879, 265.6891
-10.97465, 0.02, 8.363177, 16.67311, 265.5162
-10.94689, 0.02, 8.345557, 18.32409, 265.8147
-10.96421, 0.02, 8.355309, 17.2579, 265.6494
-10.97592, 0.01382599, 8.35, 16.19319, 266.2198
-10.96362, 0.01913166, 8.344992, 17.00536, 265.8919
-10.97805, 0.02733104, 8.334105, 15.56482, 265.4377
-10.97295, 0.01441376, 8.363845, 16.82499, 265.9389
-10.94051, 0.01577852, 8.346391, 18.84513, 266.1292
-10.98293, 0.0008364767, 8.35, 15.64744, 267.2306
-10.99764, 0.006887562, 8.353778, 14.61338, 266.6952
-10.95971, 0.02495776, 8.346341, 17.34907, 265.4154
-10.95045, 0.008025837, 8.324416, 17.43616, 267.1095
-10.97181, 0.01786957, 8.388022, 17.60922, 265.2627
-10.97718, 0.037025, 8.35, 16.09499, 264.4144
-10.93998, -0.006708117, 8.358734, 19.23982, 267.6675
-10.99919, 0.02011915, 8.334076, 13.9153, 266.0006
-10.98138, 0.03268216, 8.340415, 15.48895, 264.9139
-10.96648, -0.008018689, 8.330466, 16.36102, 268.2574
-10.96216, 0.01373827, 8.35, 17.26397, 266.2266
-10.98555, 0.01198053, 8.356357, 15.62864, 266.2552
-10.96562, 0.02152203, 8.367944, 17.51222, 265.3176
-10.96949, -0.01733299, 8.353704, 16.80031, 268.5804
-10.99183, -0.01761208, 8.37216, 15.59974, 268.2832
-10.97921, 0.02, 8.35, 15.93717, 265.7393
-10.96155, 0.02, 8.349923, 17.30883, 265.7406
-10.99989, 0.02, 8.36272, 14.69939, 265.524
-10.99205, 0.02, 8.343147, 14.73769, 265.8556
-10.9772, 0.02, 8.345311, 15.95688, 265.8189
-10.93942, 0.02023424, 8.35, 19.03334, 265.7211
-10.93962, 0.02093139, 8.342339, 18.79825, 265.7968
-10.97425, 0.02275574, 8.352268, 16.3885, 265.4865
-10.98853, 0.01420522, 8.375112, 15.94115, 265.7644
-10.95753, 0.02709939, 8.347196, 17.54336, 265.2342
-10.99045, 0.01157029, 8.35, 15.06237, 266.3953
-10.98875, 0.006876302, 8.359766, 15.47881, 266.5939
-10.93668, 0.001657512, 8.361662, 19.58028, 266.9671
-10.95319, 0.0385517, 8.365404, 18.40462, 264.0378
-11.00773, 0.009185543, 8.339905, 13.42064, 266.7534
-10.98675, 0.04550039, 8.35, 15.35033, 263.7548
-10.99646, 0.04240765, 8.34439, 14.43041, 264.0894
-11.00132, 0.0002278462, 8.361586, 14.5553, 267.0795
-10.94698, 9.929202E-05, 8.356758, 18.63896, 267.1721
-11.00447, 0.0412584, 8.362212, 14.3284, 263.8808
-10.98756, 0.02128663, 8.35, 15.28716, 265.6392
-10.94803, 0.05485684, 8.355391, 18.51857, 262.9373
-10.94223, 0.009971086, 8.348449, 18.77021, 266.5462
-10.9452, -0.008680625, 8.322211, 17.78234, 268.4523
-11.00183, -0.009801924, 8.347469, 14.1026, 268.1022
-10.96986, 0.1925, 8.35, 16.66426, 252.3152
-10.96986, 0.1925, 8.353732, 16.7723, 252.2584
-10.96986, 0.1925, 8.368895, 17.21021, 252.0284
-10.96986, 0.1925, 8.333615, 16.18861, 252.565
-10.96986, 0.1925, 8.333673, 16.19026, 252.5642
-10.96986, 0.1842643, 8.35, 16.66426, 252.9561
-10.96986, 0.1989819, 8.348766, 16.62848, 251.8295
-10.96986, 0.1897112, 8.36089, 16.97926, 252.3664
-10.96986, 0.1973401, 8.366452, 17.13979, 251.6895
-10.96986, 0.1837331, 8.323728, 15.90059, 253.4009
-10.96986, 0.1892467, 8.35, 16.66426, 252.5683
-10.96986, 0.2066645, 8.343499, 16.47576, 251.311
-10.96986, 0.1796533, 8.358679, 16.91534, 253.1819
-10.96986, 0.1849657, 8.374305, 17.36607, 252.531
-10.96986, 0.1822268, 8.327463, 16.0095, 253.4609
-10.96986, 0.2025467, 8.35, 16.66426, 251.5333
-10.96986, 0.1908392, 8.344552, 16.50633, 252.5275
-10.96986, 0.1965039, 8.346572, 16.56489, 252.0556
-10.96986, 0.177517, 8.370726, 17.263, 253.1635
-10.96986, 0.2215934, 8.323576, 15.89619, 250.4468
-10.96986, 0.180481, 8.35, 16.66426, 253.2505
-10.96986, 0.1966402, 8.352267, 16.72989, 251.9586
-10.96986, 0.2183037, 8.330884, 16.10913, 250.5937
-10.96986, 0.188311, 8.347706, 16.59777, 252.6762
-10.96986, 0.2253133, 8.36795, 17.18299, 249.4951
-10.96204, 0.1925, 8.35, 17.27335, 252.3152
-10.97187, 0.1925, 8.356286, 16.68985, 252.2196
-10.97459, 0.1925, 8.360937, 16.6136, 252.149
-10.96009, 0.1925, 8.332315, 16.91286, 252.5849
-10.96281, 0.1925, 8.340417, 16.93558, 252.4612
-10.97107, 0.1939027, 8.35, 16.57014, 252.206
-10.97846, 0.1854887, 8.35273, 16.0745, 252.8191
-10.96495, 0.189504, 8.3692, 17.60078, 252.2563
-10.96463, 0.1910561, 8.368833, 17.61507, 252.1414
-10.96818, 0.1966561, 8.364916, 17.22631, 251.7659
-10.96466, 0.1817062, 8.35, 17.06888, 253.1552
-10.96189, 0.1864513, 8.358301, 17.52451, 252.6592
-10.9711, 0.2076394, 8.35739, 16.78232, 251.0258
-10.97277, 0.2047497, 8.333458, 15.95721, 251.6121
-10.96206, 0.177523, 8.373047, 17.9357, 253.1276
-10.97692, 0.1664953, 8.35, 16.11494, 254.3389
-10.97117, 0.1774208, 8.359606, 16.84085, 253.3412
-10.96831, 0.1872407, 8.362328, 17.14156, 252.5365
-10.96093, 0.2148945, 8.350822, 17.38319, 250.5601
-10.96471, 0.2199963, 8.365811, 17.52131, 249.9397
-10.97127, 0.1699358, 8.35, 16.55501, 254.0711
-10.95998, 0.1986056, 8.358635, 17.68275, 251.7093
-10.979, 0.2303167, 8.36638, 16.42817, 249.1298
-10.9781, 0.1931619, 8.354813, 16.16332, 252.1905
-10.97341, 0.1723468, 8.341951, 16.15434, 254.0078
-10.95563, 0.1925, 8.35, 17.77179, 252.3152
-10.96093, 0.1925, 8.347396, 17.2839, 252.3548
-10.97133, 0.1925, 8.349467, 16.53504, 252.3233
-10.95476, 0.1925, 8.36848, 18.37103, 252.0347
-10.96648, 0.1925, 8.385756, 17.95758, 251.7736
-10.98319, 0.1876514, 8.35, 15.62712, 252.6925
-10.95015, 0.1971811, 8.349108, 18.17299, 251.9644
-10.98756, 0.201501, 8.350661, 15.30654, 251.6047
-10.96896, 0.1971506, 8.340184, 16.45028, 252.1024
-10.96927, 0.1848922, 8.329141, 16.10454, 253.2271
-10.95108, 0.1914731, 8.35, 18.12595, 252.3951
-10.95334, 0.1931328, 8.358336, 18.18974, 252.1393
-10.95031, 0.1928423, 8.347771, 18.12205, 252.3225
-10.98675, 0.2007242, 8.320705, 14.49354, 252.1202
-10.9667, 0.1788246, 8.352962, 16.99622, 253.334
-10.96639, 0.1986938, 8.35, 16.93464, 251.8332
-10.98219, 0.2131699, 8.347948, 15.64499, 250.7374
-10.98485, 0.2003103, 8.33043, 14.92674, 252.0044
-10.95365, 0.1640904, 8.341684, 17.68606, 254.6551
-10.98273, 0.1755157, 8.38554, 16.69262, 253.0926
-10.96221, 0.2175403, 8.35, 17.26024, 250.3665
-10.98089, 0.1555045, 8.349553, 15.7933, 255.2012
-10.97616, 0.2100691, 8.33392, 15.7066, 251.1903
-10.981, 0.1651012, 8.353264, 15.89261, 254.3969
-10.96255, 0.1996772, 8.368443, 17.76469, 251.478
-10.98722, 0.1925, 8.35, 15.31322, 252.3152
-10.97168, 0.1925, 8.354326, 16.64849, 252.2494
-10.97941, 0.1925, 8.359727, 16.20336, 252.1674
-10.99124, 0.1925, 8.378233, 15.82199, 251.8872
-10.99686, 0.1925, 8.316626, 13.58301, 252.8252
-10.9885, 0.19785, 8.35, 15.21389, 251.8988
-10.99471, 0.1876717, 8.35719, 14.94023, 252.5813
-10.9748, 0.1880893, 8.346556, 16.1801, 252.711
-10.97081, 0.2008922, 8.326071, 15.89471, 252.0253
-10.95737, 0.1870335, 8.313006, 16.56432, 253.3083
-10.9487, 0.2110474, 8.35, 18.31155, 250.8718
-10.9954, 0.2044268, 8.350113, 14.68045, 251.3853
-10.96958, 0.2042608, 8.368513, 17.2216, 251.1211
-10.95032, 0.1978399, 8.326343, 17.50228, 252.2594
-10.95054, 0.2079768, 8.344019, 17.99616, 251.2009
-10.95031, 0.2081062, 8.35, 18.18585, 251.1007
-10.95424, 0.1785732, 8.355819, 18.04762, 253.3097
-10.97497, 0.1715225, 8.339981, 15.97598, 254.1024
-10.97951, 0.1931242, 8.354772, 16.05201, 252.1941
-10.97857, 0.1850979, 8.361468, 16.3192, 252.7161
-10.96319, 0.1948609, 8.35, 17.18376, 252.1315
-10.96022, 0.2018291, 8.344519, 17.25665, 251.6721
-10.98046, 0.2034731, 8.338416, 15.50231, 251.6365
-10.99681, 0.210455, 8.365072, 15.00691, 250.6917
-10.98195, 0.1795591, 8.344858, 15.57364, 253.4012
-11.00915, 0.1925, 8.35, 13.6068, 252.3152
-10.9418, 0.1925, 8.347249, 18.76927, 252.3571
-10.93077, 0.1925, 8.365156, 20.13845, 252.085
-10.95205, 0.1925, 8.350967, 18.07866, 252.3005
-10.96629, 0.1925, 8.380281, 17.8151, 251.8562
-10.96365, 0.1830661, 8.35, 17.14779, 253.0493
-10.94575, 0.1862345, 8.352224, 18.60453, 252.7688
-10.96273, 0.1862235, 8.33858, 16.8886, 252.9784
-10.93836, 0.1865075, 8.346159, 19.00558, 252.8402
-10.95128, 0.1925223, 8.317941, 17.18375, 252.8033
-10.95099, 0.2006352, 8.35, 18.13301, 251.6821
-10.99948, 0.212293, 8.356881, 14.56059, 250.6716
-10.93044, 0.1993691, 8.339187, 19.42297, 251.9446
-10.98126, 0.1899842, 8.374659, 16.49252, 252.1363
-10.96361, 0.1992711, 8.381259, 18.05064, 251.3167
-11.00046, 0.212467, 8.35, 14.2834, 250.7613
-10.97716, 0.1740633, 8.358864, 16.35341, 253.6136
-10.93092, 0.2014634, 8.348808, 19.66056, 251.6357
-10.94066, 0.1633072, 8.341085, 18.68114, 254.7254
-10.97204, 0.1799641, 8.369098, 17.04692, 252.9985
-10.93307, 0.2115968, 8.35, 19.52774, 250.829
-10.97255, 0.194913, 8.348303, 16.40596, 252.1532
-11.00252, 0.1918579, 8.347223, 14.04133, 252.4074
-10.95592, 0.1742689, 8.370346, 18.33398, 253.4214
-10.94976, 0.2013191, 8.389698, 19.36472, 251.0314
-10.96986, 0.3649999, 8.35, 16.66426, 238.8911
-10.96986, 0.3649999, 8.355783, 16.83164, 238.8132
-10.96986, 0.3649999, 8.357738, 16.88818, 238.7869
-10.96986, 0.3649999, 8.376998, 17.44356, 238.5285
-10.96986, 0.3649999, 8.360281, 16.96166, 238.7527
-10.96986, 0.355808, 8.35, 16.66426, 239.6064
-10.96986, 0.3727343, 8.347061, 16.57907, 238.3286
-10.96986, 0.3562847, 8.345337, 16.52907, 239.6326
-10.96986, 0.3686988, 8.354456, 16.79323, 238.5434
-10.96986, 0.358578, 8.356153, 16.84234, 239.3076
-10.96986, 0.366293, 8.35, 16.66426, 238.7904
-10.96986, 0.3643401, 8.34926, 16.6428, 238.9524
-10.96986, 0.3764463, 8.351327, 16.70267, 237.9826
-10.96986, 0.3652715, 8.364879, 17.0944, 238.6699
-10.96986, 0.377476, 8.368421, 17.19656, 237.6749
-10.96986, 0.3757445, 8.35, 16.66426, 238.0549
-10.96986, 0.366724, 8.347507, 16.59197, 238.7905
-10.96986, 0.3870496, 8.346032, 16.54924, 237.2278
-10.96986, 0.3859762, 8.321982, 15.8497, 237.6316
-10.96986, 0.3702122, 8.349561, 16.6515, 238.4913
-10.96986, 0.3937759, 8.35, 16.66426, 236.6517
-10.96986, 0.3282025, 8.355725, 16.82995, 241.6755
-10.96986, 0.3829109, 8.362097, 17.01407, 237.3367
-10.96986, 0.3767125, 8.347967, 16.60534, 238.0067
-10.96986, 0.3854503, 8.369009, 17.21353, 237.048
-10.97633, 0.3649999, 8.35, 16.16136, 238.8911
-10.96234, 0.3649999, 8.342555, 17.03434, 238.9915
-10.96972, 0.3649999, 8.356706, 16.86928, 238.8008
-10.96921, 0.3649999, 8.365901, 17.17462, 238.6772
-10.96451, 0.3649999, 8.343794, 16.90144, 238.9748
-10.96966, 0.3636498, 8.35, 16.68034, 238.9961
-10.97544, 0.3725423, 8.349644, 16.21958, 238.3089
-10.96039, 0.3664664, 8.343084, 17.20192, 238.8701
-10.97417, 0.3556786, 8.322741, 15.5354, 239.9877
-10.97021, 0.3586057, 8.355469, 16.79555, 239.3147
-10.97074, 0.3592689, 8.35, 16.59609, 239.3371
-10.97804, 0.3526521, 8.3528, 16.10896, 239.8139
-10.96135, 0.3708678, 8.345125, 17.18618, 238.4999
-10.96919, 0.3712887, 8.370256, 17.30194, 238.1307
-10.96994, 0.370443, 8.316499, 15.68336, 238.919
-10.9796, 0.3884325, 8.35, 15.90653, 237.0675
-10.96085, 0.389623, 8.34859, 17.325, 236.9935
-10.97864, 0.3711461, 8.340715, 15.71129, 238.5375
-10.9723, 0.3564662, 8.352049, 16.5337, 239.5274
-10.9718, 0.3843415, 8.344379, 16.35043, 237.4606
-10.97434, 0.3653763, 8.35, 16.31567, 238.8618
-10.96616, 0.3592016, 8.352893, 17.03609, 239.3032
-10.97649, 0.3738566, 8.351864, 16.2025, 238.1769
-10.9745, 0.3999976, 8.352876, 16.38659, 236.1298
-10.97093, 0.4029419, 8.331836, 16.054, 236.1767
-10.98712, 0.3649999, 8.35, 15.32159, 238.8911
-10.98633, 0.3649999, 8.357468, 15.60009, 238.7905
-10.96544, 0.3649999, 8.350951, 17.03598, 238.8783
-10.98962, 0.3649999, 8.360408, 15.43015, 238.751
-10.98795, 0.3649999, 8.351162, 15.29097, 238.8754
-10.97064, 0.370214, 8.35, 16.60363, 238.4853
-10.95156, 0.3718061, 8.359303, 18.35581, 238.2368
-10.95153, 0.3631201, 8.351258, 18.12718, 239.0204
-10.9862, 0.3705535, 8.358823, 15.65002, 238.3406
-10.97052, 0.3688794, 8.379557, 17.46639, 238.1936
-10.95755, 0.3604968, 8.35, 17.62289, 239.2415
-10.96663, 0.3664366, 8.357182, 17.12387, 238.6827
-10.98958, 0.3762202, 8.363418, 15.52095, 237.8389
-10.96834, 0.3801895, 8.340713, 16.51365, 237.8329
-10.95079, 0.3764531, 8.374947, 18.86437, 237.6676
-10.95217, 0.3810098, 8.35, 18.04098, 237.6452
-10.97519, 0.3532939, 8.348947, 16.21924, 239.8164
-10.9546, 0.3829477, 8.349584, 17.84015, 237.4999
-10.95286, 0.3647572, 8.35489, 18.1286, 238.8441
-10.95366, 0.3374026, 8.346912, 17.8361, 241.0812
-10.97515, 0.3518429, 8.35, 16.2525, 239.9149
-10.96773, 0.3542159, 8.350219, 16.83686, 239.7273
-10.97797, 0.3656174, 8.334665, 15.5873, 239.05
-10.96234, 0.3459024, 8.37791, 18.05303, 239.9972
-10.98743, 0.3685908, 8.373862, 15.9903, 238.2919
-10.95099, 0.3649999, 8.35, 18.13301, 238.8911
-10.98189, 0.3649999, 8.354183, 15.84977, 238.8347
-10.96636, 0.3649999, 8.337938, 16.58718, 239.0539
-10.96808, 0.3649999, 8.347237, 16.72327, 238.9283
-10.97273, 0.3649999, 8.341604, 16.19758, 239.0043
-10.95443, 0.3662713, 8.35, 17.86513, 238.7921
-10.98292, 0.3672707, 8.34236, 15.42582, 238.8172
-10.985, 0.3680166, 8.331368, 14.94211, 238.9074
-10.99634, 0.3639099, 8.334652, 14.15412, 239.1833
-10.94173, 0.3680353, 8.331481, 18.32138, 238.9044
-10.94295, 0.3473502, 8.35, 18.75898, 240.2646
-10.98629, 0.3526751, 8.3575, 15.60398, 239.7483
-10.96763, 0.361282, 8.338145, 16.49405, 239.3408
-10.97748, 0.3454211, 8.375144, 16.79948, 240.0721
-10.96778, 0.3667627, 8.340666, 16.55581, 238.8796
-10.96176, 0.360777, 8.35, 17.29473, 239.2197
-10.94065, 0.3902524, 8.345361, 18.80423, 236.9873
-10.95855, 0.3912291, 8.364625, 17.96597, 236.657
-10.98632, 0.3746954, 8.337105, 15.00725, 238.3094
-10.96184, 0.3524161, 8.312102, 16.18818, 240.3884
-10.94905, 0.3390617, 8.35, 18.28417, 240.9096
-10.9564, 0.32599, 8.349877, 17.70886, 241.9286
-10.94414, 0.3674698, 8.351071, 18.69693, 238.6844
-10.95521, 0.3420136, 8.37076, 18.40116, 240.3961
-10.96706, 0.3879758, 8.351318, 16.92073, 237.0856
-11.00289, 0.3649999, 8.35, 14.09436, 238.8911
-10.98363, 0.3649999, 8.358765, 15.84785, 238.7731
-10.97083, 0.3649999, 8.33469, 16.14461, 239.0978
-10.97729, 0.3649999, 8.367184, 16.58401, 238.66
-10.99338, 0.3649999, 8.344935, 14.68647, 238.9594
-10.97441, 0.3572028, 8.35, 16.31009, 239.4978
-10.97576, 0.3671595, 8.355728, 16.37153, 238.646
-10.97914, 0.3715751, 8.366497, 16.42054, 238.1586
-10.9709, 0.3588951, 8.352908, 16.66766, 239.3268
-10.96621, 0.3693081, 8.332317, 16.43589, 238.7938
-10.98089, 0.3842314, 8.35, 15.80608, 237.3944
-10.93075, 0.3821406, 8.356847, 19.90378, 237.4662
-10.95931, 0.3834986, 8.337933, 17.13703, 237.6121
-10.93637, 0.3636364, 8.361024, 19.58573, 238.8487
-10.9982, 0.3754008, 8.335581, 14.03652, 238.2748
-10.95121, 0.3830945, 8.35, 18.11585, 237.4829
-10.98244, 0.3832382, 8.349815, 15.68005, 237.4742
-10.99974, 0.3458346, 8.341249, 14.08303, 240.5023
-10.98613, 0.3689705, 8.35112, 15.43116, 238.567
-10.95783, 0.3855948, 8.3304, 17.03367, 237.549
-10.99215, 0.3418319, 8.35, 14.92992, 240.694
-10.98458, 0.3590093, 8.358784, 15.77485, 239.2385
-10.94702, 0.3785968, 8.355929, 18.61259, 237.7539
-10.97994, 0.3841309, 8.350252, 15.88719, 237.3989
-10.96931, 0.3761916, 8.352427, 16.7778, 237.9877
-10.96986, 0.5374999, 8.35, 16.66426, 225.4669
-10.96986, 0.5374999, 8.357588, 16.88381, 225.378
-10.96986, 0.5374999, 8.341614, 16.42103, 225.5655
-10.96986, 0.5374999, 8.377477, 17.45733, 225.1457
-10.96986, 0.5374999, 8.369092, 17.2159, 225.2435
-10.96986, 0.5292198, 8.35, 16.66426, 226.1113
-10.96986, 0.5461218, 8.344145, 16.4945, 224.8642
-10.96986, 0.5470417, 8.343082, 16.46367, 224.805
-10.96986, 0.5377473, 8.348651, 16.62515, 225.4635
-10.96986, 0.5339543, 8.344466, 16.50384, 225.808
-10.96986, 0.5193018, 8.35, 16.66426, 226.8831
-10.96986, 0.5249576, 8.355162, 16.81366, 226.3818
-10.96986, 0.5178661, 8.362599, 17.02861, 226.8448
-10.96986, 0.5461124, 8.331843, 16.13704, 225.0087
-10.96986, 0.5197639, 8.342551, 16.44825, 226.936
-10.96986, 0.5160314, 8.35, 16.66426, 227.1376
-10.96986, 0.5594841, 8.354622, 16.79804, 223.7029
-10.96986, 0.5390062, 8.360989, 16.98209, 225.2211
-10.96986, 0.5285069, 8.368963, 17.21218, 225.9431
-10.96986, 0.5396753, 8.372816, 17.32319, 225.0312
-10.96986, 0.5624784, 8.35, 16.66426, 223.5231
-10.96986, 0.5701535, 8.352408, 16.73397, 222.8983
-10.96986, 0.5575813, 8.349312, 16.64429, 223.9121
-10.96986, 0.5196994, 8.344161, 16.49496, 226.9218
-10.96986, 0.5482463, 8.373157, 17.33299, 224.3623
-10.96825, 0.5374999, 8.35, 16.78964, 225.4669
-10.96513, 0.5374999, 8.353864, 17.14396, 225.4216
-10.97914, 0.5374999, 8.335686, 15.52586, 225.6352
-10.97892, 0.5374999, 8.353872, 16.07184, 225.4215
-10.96442, 0.5374999, 8.335112, 16.65652, 225.642
-10.9711, 0.5416358, 8.35, 16.56837, 225.1451
-10.97944, 0.5422472, 8.357897, 16.14826, 225.0053
-10.96578, 0.5459077, 8.355864, 17.15172, 224.7444
-10.96713, 0.5337732, 8.353176, 16.9688, 225.7196
-10.9718, 0.5280849, 8.366372, 16.98687, 226.0064
-10.96062, 0.5308331, 8.35, 17.38355, 225.9857
-10.97898, 0.5341882, 8.340508, 15.67858, 225.8365
-10.97097, 0.5314522, 8.336237, 16.17831, 226.1002
-10.96597, 0.5299756, 8.358136, 17.20222, 225.9565
-10.96619, 0.5503361, 8.322453, 16.15033, 224.7888
-10.96376, 0.5464654, 8.35, 17.13947, 224.7692
-10.96999, 0.5548013, 8.359755, 16.93643, 224.0079
-10.96233, 0.5571611, 8.352957, 17.33611, 223.9028
-10.96921, 0.5224923, 8.325811, 16.0127, 226.9232
-10.97569, 0.5586079, 8.317771, 15.27128, 224.1971
-10.96485, 0.5666139, 8.35, 17.05463, 223.2013
-10.96282, 0.5575477, 8.356648, 17.40467, 223.8302
-10.96932, 0.4995655, 8.358118, 16.94173, 228.3208
-10.96275, 0.5069599, 8.335764, 16.80553, 228.0154
-10.9756, 0.5540661, 8.353587, 16.32229, 224.1363
-10.96562, 0.5374999, 8.35, 16.99461, 225.4669
-10.98522, 0.5374999, 8.358108, 15.70523, 225.3719
-10.98282, 0.5374999, 8.367357, 16.15972, 225.2637
-10.96222, 0.5374999, 8.361422, 17.58828, 225.3331
-10.98453, 0.5374999, 8.365258, 15.96617, 225.2883
-10.97841, 0.5401279, 8.35, 15.99893, 225.2624
-10.98366, 0.5415379, 8.34196, 15.35598, 225.2468
-10.98867, 0.5365263, 8.358737, 15.45505, 225.4402
-10.97968, 0.5338334, 8.373977, 16.59545, 225.4709
-10.9645, 0.5292625, 8.314461, 16.04962, 226.5299
-10.97086, 0.5328041, 8.35, 16.58701, 225.8324
-10.98343, 0.5465685, 8.344917, 15.46078, 224.8204
-10.96756, 0.5193033, 8.353579, 16.94683, 226.8404
-10.95293, 0.5537775, 8.376422, 18.74054, 223.8956
-10.96748, 0.5372286, 8.362609, 17.21395, 225.3403
-10.9773, 0.555309, 8.35, 16.0853, 224.081
-10.98444, 0.5575677, 8.348862, 15.49653, 223.9184
-10.96934, 0.5111139, 8.330808, 16.14743, 227.7512
-10.9641, 0.5107287, 8.36003, 17.40202, 227.4301
-10.97091, 0.5091904, 8.370338, 17.17047, 227.4262
-10.98934, 0.4988073, 8.35, 15.14859, 228.478
-10.98549, 0.5760627, 8.352748, 15.52792, 222.4348
-10.96394, 0.5047947, 8.369077, 17.67543, 227.7825
-10.95857, 0.5353845, 8.328803, 16.92978, 225.8814
-10.95571, 0.5589843, 8.345189, 17.62661, 223.8504
-10.99001, 0.5374999, 8.35, 15.09622, 225.4669
-10.94464, 0.5374999, 8.346457, 18.52539, 225.5085
-10.97008, 0.5374999, 8.359875, 16.93325, 225.3512
-10.95247, 0.5374999, 8.375674, 18.75462, 225.1667
-10.96915, 0.5374999, 8.368764, 17.26164, 225.2473
-10.95864, 0.5473432, 8.35, 17.53763, 224.7009
-10.95299, 0.5471795, 8.349806, 17.97184, 224.7159
-10.94757, 0.5351069, 8.342365, 18.17923, 225.743
-10.97586, 0.5396377, 8.353003, 16.2847, 225.2654
-10.95135, 0.5455689, 8.353476, 18.20525, 224.7985
-10.97789, 0.5441577, 8.35, 16.03935, 224.9488
-10.99728, 0.5271131, 8.347908, 14.46972, 226.3
-10.98446, 0.5327248, 8.338881, 15.20432, 225.9697
-10.97482, 0.5330809, 8.346633, 16.1805, 225.8505
-10.96509, 0.5262364, 8.334092, 16.57515, 226.5323
-10.94472, 0.5607283, 8.35, 18.62082, 223.6593
-10.97632, 0.552816, 8.34742, 16.08652, 224.3049
-10.94639, 0.562777, 8.340059, 18.20516, 223.6141
-10.99231, 0.5093534, 8.334095, 14.45213, 227.8489
-10.96375, 0.5341493, 8.358166, 17.37547, 225.6317
-10.94804, 0.5365599, 8.35, 18.36296, 225.5401
-10.95291, 0.5272478, 8.343012, 17.7822, 226.3476
-10.95383, 0.4975905, 8.352459, 17.98269, 228.5429
-10.96661, 0.5373672, 8.362627, 17.28221, 225.3293
-10.97755, 0.5013704, 8.363201, 16.44875, 228.1191
-10.97735, 0.5374999, 8.35, 16.08174, 225.4669
-10.93776, 0.5374999, 8.341552, 18.92015, 225.5662
-11.00704, 0.5374999, 8.342795, 13.55969, 225.5516
-10.93535, 0.5374999, 8.343472, 19.16303, 225.5436
-10.99155, 0.5374999, 8.365646, 15.43257, 225.2837
-10.93051, 0.5429083, 8.35, 19.727, 225.0461
-10.97229, 0.5439664, 8.344529, 16.31641, 225.0276
-10.94272, 0.5279633, 8.334856, 18.34145, 226.3886
-10.94333, 0.5412163, 8.347179, 18.64776, 225.2107
-10.97541, 0.5294145, 8.325286, 15.51271, 226.3891
-10.95133, 0.5193982, 8.35, 18.1063, 226.8756
-10.99589, 0.5428988, 8.345099, 14.49522, 225.1041
-11.00307, 0.5197653, 8.348164, 14.02658, 226.8689
-10.98127, 0.5530559, 8.376776, 16.55285, 223.9474
-10.93281, 0.525703, 8.330811, 18.99769, 226.613
-10.94376, 0.5389635, 8.35, 18.69574, 225.353
-10.93825, 0.5429594, 8.350247, 19.1312, 225.0392
-10.98618, 0.5502425, 8.335944, 14.98426, 224.6387
-10.97542, 0.5396196, 8.375715, 16.97586, 225.0018
-10.9712, 0.5666978, 8.37727, 17.34754, 222.8839
-10.97199, 0.5007765, 8.35, 16.4986, 228.3248
-11.00538, 0.5333326, 8.344182, 13.72968, 225.8598
-10.96871, 0.534246, 8.33442, 16.30221, 225.9039
-10.94759, 0.5673769, 8.350835, 18.42155, 223.1323
-10.98616, 0.5157225, 8.340944, 15.13162, 227.2701
-10.96986, 0.7099999, 8.35, 16.66426, 212.0428
-10.96986, 0.7099999, 8.358576, 16.91236, 211.9572
-10.96986, 0.7099999, 8.339439, 16.35791, 212.1485
-10.96986, 0.7099999, 8.338064, 16.31796, 212.1623
-10.96986, 0.7099999, 8.384331, 17.65429, 211.7013
-10.96986, 0.7129312, 8.35, 16.66426, 211.8147
-10.96986, 0.7005517, 8.346146, 16.55253, 212.817
-10.96986, 0.7162042, 8.369171, 17.21819, 211.3701
-10.96986, 0.7039939, 8.35894, 16.92291, 212.4204
-10.96986, 0.7175073, 8.332799, 16.16485, 211.6295
-10.96986, 0.7058537, 8.35, 16.66426, 212.3655
-10.96986, 0.7155806, 8.349309, 16.64421, 211.6154
-10.96986, 0.7294422, 8.34301, 16.46157, 210.5983
-10.96986, 0.7224337, 8.331265, 16.12023, 211.2605
-10.96986, 0.721339, 8.348393, 16.61768, 211.1763
-10.96986, 0.6927199, 8.35, 16.66426, 213.3876
-10.96986, 0.7171328, 8.352381, 16.73317, 211.4641
-10.96986, 0.7392452, 8.364545, 17.08477, 209.6261
-10.96986, 0.7310862, 8.329357, 16.06466, 210.6043
-10.96986, 0.7281485, 8.355166, 16.81379, 210.5798
-10.96986, 0.6846649, 8.35, 16.66426, 214.0144
-10.96986, 0.6999123, 8.345932, 16.54633, 212.8689
-10.96986, 0.6928523, 8.361995, 17.01116, 213.2555
-10.96986, 0.7290441, 8.354911, 16.80639, 210.5127
-10.96986, 0.6753985, 8.366411, 17.1386, 214.5662
-10.9789, 0.7099999, 8.35, 15.96128, 212.0428
-10.96315, 0.7099999, 8.359303, 17.45553, 211.95
-10.97012, 0.7099999, 8.356784, 16.84075, 211.9751
-10.96527, 0.7099999, 8.328124, 16.38694, 212.2621
-10.96899, 0.7099999, 8.356517, 16.92106, 211.9778
-10.97299, 0.7138585, 8.35, 16.4213, 211.7425
-10.95999, 0.7122881, 8.354326, 17.55722, 211.8217
-10.97512, 0.7045966, 8.363277, 16.63957, 212.3301
-10.97113, 0.7174197, 8.368627, 17.10411, 211.2811
-10.97842, 0.7136576, 8.327078, 15.33041, 211.9871
-10.96653, 0.7227736, 8.35, 16.92341, 211.0488
-10.96708, 0.7115508, 8.35436, 17.00691, 211.8786
-10.97754, 0.7075062, 8.349803, 16.06128, 212.2389
-10.97187, 0.7044984, 8.328961, 15.8968, 212.6829
-10.97091, 0.6976404, 8.318741, 15.6731, 213.3222
-10.97393, 0.7030613, 8.35, 16.3475, 212.5828
-10.96536, 0.7217687, 8.340412, 16.73678, 211.2217
-10.97685, 0.7077867, 8.332408, 15.60834, 212.3916
-10.97979, 0.7220684, 8.365945, 16.35431, 210.9466
-10.97601, 0.691168, 8.378428, 17.00795, 213.2199
-10.97259, 0.6817323, 8.35, 16.45235, 214.2426
-10.97529, 0.7074229, 8.357577, 16.46165, 212.1675
-10.96925, 0.7445668, 8.36054, 17.01682, 209.2513
-10.96092, 0.7320905, 8.378307, 18.17446, 210.0482
-10.96807, 0.7080749, 8.344102, 16.63277, 212.2517
-10.98031, 0.7099999, 8.35, 15.85133, 212.0428
-10.96757, 0.7099999, 8.344435, 16.68187, 212.0985
-10.97016, 0.7099999, 8.359102, 16.90422, 211.952
-10.98042, 0.7099999, 8.372509, 16.49527, 211.8186
-10.98164, 0.7099999, 8.356207, 15.9282, 211.9809
-10.96423, 0.7166145, 8.35, 17.10248, 211.5281
-10.95482, 0.7134142, 8.34519, 17.6965, 211.825
-10.98865, 0.7141247, 8.346703, 15.10617, 211.7546
-10.96161, 0.7147987, 8.379138, 18.14539, 211.3807
-10.9875, 0.716549, 8.374088, 15.99164, 211.2948
-10.94997, 0.7107793, 8.35, 18.2124, 211.9821
-10.96265, 0.690116, 8.342425, 17.00684, 213.6675
-10.98145, 0.6915983, 8.341075, 15.50261, 213.5658
-10.98258, 0.6968242, 8.355199, 15.82602, 213.0156
-10.97271, 0.710758, 8.360799, 16.75522, 211.8761
-10.96009, 0.7085556, 8.35, 17.42505, 212.1552
-10.96422, 0.7253666, 8.358325, 17.34348, 210.7652
-10.94998, 0.7241192, 8.363976, 18.61327, 210.8066
-10.95498, 0.6833925, 8.346024, 17.70824, 214.1543
-10.98965, 0.6866167, 8.367661, 15.63861, 213.6823
-10.95618, 0.740676, 8.35, 17.72946, 209.6556
-10.95916, 0.7339554, 8.356695, 17.68998, 210.1133
-10.95932, 0.6782156, 8.334086, 17.02479, 214.6808
-10.96122, 0.7117941, 8.366666, 17.81723, 211.7373
-10.97268, 0.6997648, 8.368377, 16.97642, 212.6542
-10.98747, 0.7099999, 8.35, 15.29381, 212.0428
-10.96998, 0.7099999, 8.343988, 16.48074, 212.103
-10.98084, 0.7099999, 8.346978, 15.72196, 212.073
-10.9977, 0.7099999, 8.362068, 14.85037, 211.9224
-10.98214, 0.7099999, 8.315629, 14.70481, 212.3878
-10.96129, 0.7000797, 8.35, 17.33166, 212.8148
-10.94173, 0.7049422, 8.348, 18.79596, 212.4565
-10.95219, 0.710217, 8.355177, 18.18837, 211.9742
-10.97809, 0.7199392, 8.367784, 16.53927, 211.0938
-10.94066, 0.7099208, 8.373053, 19.59573, 211.8193
-10.98059, 0.7133981, 8.35, 15.82947, 211.7784
-10.94794, 0.7018259, 8.350121, 18.37409, 212.6777
-10.95521, 0.7215054, 8.352026, 17.86285, 211.1274
-10.94729, 0.7188761, 8.365011, 18.85188, 211.2037
-10.99932, 0.7046474, 8.353746, 14.48121, 212.4217
-10.97437, 0.7147952, 8.35, 16.31395, 211.6696
-10.94062, 0.6993762, 8.352504, 19.01211, 212.8443
-10.97309, 0.7371522, 8.332039, 15.89131, 210.1048
-10.97561, 0.7217315, 8.378349, 17.03699, 210.851
-10.94687, 0.7325619, 8.337838, 18.10348, 210.406
-10.98095, 0.7276303, 8.35, 15.80169, 210.6708
-10.99721, 0.6742182, 8.352204, 14.60076, 214.8046
-10.98524, 0.7334487, 8.355641, 15.63209, 210.163
-10.94166, 0.7328075, 8.377007, 19.63115, 210.0052
-10.94889, 0.6937293, 8.333437, 17.81897, 213.4776
-11.00861, 0.7099999, 8.35, 13.64907, 212.0428
-10.93351, 0.7099999, 8.355794, 19.65928, 211.985
-10.95489, 0.7099999, 8.368521, 18.36213, 211.8582
-10.99998, 0.7099999, 8.371305, 14.94239, 211.8305
-10.96367, 0.7099999, 8.341221, 16.89205, 212.1306
-11.00499, 0.7062473, 8.35, 13.93044, 212.3348
-10.99339, 0.708818, 8.344289, 14.66679, 212.192
-10.97506, 0.7037104, 8.360139, 16.55341, 212.4304
-10.98991, 0.701245, 8.378055, 15.91995, 212.4423
-11.00439, 0.7198028, 8.364622, 14.40512, 211.1356
-11.0094, 0.7221143, 8.35, 13.58761, 211.1001
-10.95091, 0.7244494, 8.348951, 18.10892, 210.9287
-11.00059, 0.7137815, 8.331335, 13.72499, 211.9348
-10.9975, 0.7098724, 8.337256, 14.14032, 212.1803
-10.99421, 0.6914473, 8.338223, 14.42478, 213.6067
-10.991, 0.7129128, 8.35, 15.0191, 211.8161
-10.97306, 0.7278496, 8.355095, 16.56341, 210.6038
-10.97663, 0.7212502, 8.342817, 15.92862, 211.2383
-10.94439, 0.7164325, 8.355926, 18.81669, 211.4834
-10.99173, 0.7362857, 8.318204, 14.03096, 210.3078
-10.93004, 0.6775072, 8.35, 19.7635, 214.5714
-10.97151, 0.6839544, 8.351431, 16.5778, 214.055
-10.9412, 0.7002999, 8.362063, 19.24028, 212.6761
-10.93678, 0.710303, 8.365295, 19.67584, 211.8667
-10.94568, 0.7052369, 8.367741, 19.05437, 212.2358
-10.99956, 1.204594, 8.35, 14.35299, 173.553
-10.99956, 1.204594, 8.341676, 14.10909, 173.5947
-10.99956, 1.204594, 8.339613, 14.04857, 173.605
-10.99956, 1.204594, 8.329601, 13.75438, 173.6553
-10.99956, 1.204594, 8.332182, 13.83029, 173.6423
-10.99956, 1.212947, 8.35, 14.35299, 172.903
-10.99956, 1.203784, 8.352513, 14.42651, 173.6034
-10.99956, 1.203306, 8.348575, 14.31125, 173.6604
-10.99956, 1.19554, 8.342025, 14.11931, 174.2982
-10.99956, 1.19937, 8.329204, 13.74268, 174.0649
-10.99956, 1.216842, 8.35, 14.35299, 172.5999
-10.99956, 1.209398, 8.354738, 14.49155, 173.1557
-10.99956, 1.199313, 8.334513, 13.89879, 174.0424
-10.99956, 1.22148, 8.352826, 14.43566, 172.2253
-10.99956, 1.222202, 8.316901, 13.3801, 172.3431
-10.99956, 1.190416, 8.35, 14.35299, 174.6564
-10.99956, 1.230024, 8.340483, 14.0741, 171.6192
-10.99956, 1.19552, 8.338019, 14.00179, 174.3203
-10.99956, 1.222893, 8.347256, 14.27263, 172.1422
-10.99956, 1.206341, 8.363116, 14.7362, 173.3518
-10.99956, 1.218712, 8.35, 14.35299, 172.4543
-10.99956, 1.186811, 8.342849, 14.1435, 174.974
-10.99956, 1.176095, 8.33341, 13.86639, 175.8587
-10.99956, 1.232888, 8.360139, 14.64932, 171.3034
-10.99956, 1.231191, 8.310243, 13.18336, 171.6723
-11.00262, 1.204594, 8.35, 14.11503, 173.553
-10.99904, 1.204594, 8.345672, 14.26709, 173.5747
-11.00853, 1.204594, 8.355748, 13.82398, 173.5243
-10.99134, 1.204594, 8.345752, 14.86921, 173.5743
-10.99406, 1.204594, 8.334909, 14.33926, 173.6286
-11.0086, 1.195067, 8.35, 13.64965, 174.2944
-11.00277, 1.204619, 8.344062, 13.92912, 173.5808
-10.99952, 1.20365, 8.341949, 14.12019, 173.6668
-10.99106, 1.197777, 8.330079, 14.43217, 174.1847
-11.00183, 1.198046, 8.376978, 14.96429, 173.9263
-11.00617, 1.198138, 8.35, 13.83877, 174.0554
-10.99763, 1.203327, 8.346134, 14.39049, 173.671
-11.00936, 1.218546, 8.338556, 13.25432, 172.5229
-11.00853, 1.207438, 8.329894, 13.06332, 173.4319
-10.99345, 1.190149, 8.324991, 14.09579, 174.8062
-11.00363, 1.183892, 8.35, 14.03648, 175.1641
-10.99426, 1.205437, 8.343907, 14.58791, 173.5178
-11.00499, 1.231004, 8.358784, 14.1879, 171.4562
-10.9914, 1.228688, 8.361482, 15.32302, 171.6234
-11.0047, 1.21112, 8.311789, 12.82738, 173.2346
-11.00676, 1.208382, 8.35, 13.79292, 173.2582
-10.99059, 1.189598, 8.354724, 15.18941, 174.6957
-11.00189, 1.189121, 8.366914, 14.66596, 174.6701
-10.99037, 1.18233, 8.353916, 15.18248, 175.2652
-11.00045, 1.214325, 8.312998, 13.19544, 172.978
-10.98678, 1.204594, 8.35, 15.34807, 173.553
-10.99738, 1.204594, 8.349083, 14.4959, 173.5576
-10.99559, 1.204594, 8.333224, 14.17088, 173.6371
-11.01849, 1.204594, 8.322067, 12.05398, 173.6932
-10.98035, 1.204594, 8.330235, 15.27228, 173.6521
-10.99537, 1.206698, 8.35, 14.67954, 173.3893
-11.00962, 1.210277, 8.354318, 13.6974, 173.0894
-11.01222, 1.197315, 8.350134, 13.37185, 174.1188
-11.01382, 1.203784, 8.343286, 13.04614, 173.6497
-10.98531, 1.195036, 8.367615, 15.97424, 174.2073
-10.98377, 1.185153, 8.35, 15.58225, 175.0659
-11.01275, 1.215847, 8.345509, 13.19465, 172.6992
-11.00399, 1.217692, 8.359783, 14.29494, 172.4861
-10.9865, 1.22171, 8.347157, 15.28643, 172.2347
-11.01403, 1.22194, 8.321218, 12.37729, 172.3425
-10.98493, 1.188618, 8.35, 15.49158, 174.7963
-10.9841, 1.211111, 8.349801, 15.55032, 173.0469
-11.01897, 1.224863, 8.368945, 13.39923, 171.885
-10.99802, 1.178429, 8.364213, 14.88776, 175.5145
-10.99362, 1.233421, 8.346618, 14.71659, 171.3256
-11.0059, 1.22402, 8.35, 13.85995, 172.0413
-10.993, 1.190279, 8.354726, 15.00136, 174.6427
-11.00316, 1.219593, 8.337381, 13.70235, 172.447
-11.00489, 1.17513, 8.335272, 13.50582, 175.9241
-10.98409, 1.175683, 8.327989, 14.91487, 175.9197
-10.99687, 1.204594, 8.35, 14.56258, 173.553
-10.97644, 1.204594, 8.359643, 16.43242, 173.5049
-10.97369, 1.204594, 8.337188, 15.99459, 173.6172
-11.0267, 1.204594, 8.320576, 11.36866, 173.7007
-10.99757, 1.204594, 8.382528, 15.45553, 173.3911
-11.02584, 1.197114, 8.35, 12.30855, 174.1351
-11.01695, 1.194807, 8.352416, 13.07086, 174.3023
-11.02666, 1.209659, 8.347247, 12.16292, 173.1724
-10.98647, 1.199144, 8.334192, 14.91044, 174.0572
-11.02513, 1.211059, 8.350518, 12.37892, 173.0473
-10.97285, 1.205824, 8.35, 16.4321, 173.4573
-11.00258, 1.212151, 8.354508, 14.25021, 172.9427
-11.02037, 1.202981, 8.360872, 13.05372, 173.6241
-11.01484, 1.199337, 8.324986, 12.42555, 174.089
-11.00393, 1.18839, 8.333884, 13.53993, 174.8974
-10.9892, 1.22867, 8.35, 15.15975, 171.6794
-10.98137, 1.212871, 8.358649, 16.02045, 172.8664
-11.00281, 1.225969, 8.364685, 14.53008, 171.8195
-10.98814, 1.193219, 8.370333, 15.83342, 174.3345
-11.02481, 1.184941, 8.314663, 11.34031, 175.267
-11.00669, 1.194205, 8.35, 13.7981, 174.3615
-10.98833, 1.168534, 8.351838, 15.281, 176.3494
-10.99727, 1.189831, 8.339692, 14.22937, 174.755
-11.01868, 1.228135, 8.377189, 13.66373, 171.592
-11.01396, 1.198158, 8.388225, 14.35111, 173.8612
-11.00256, 1.204594, 8.35, 14.11953, 173.553
-11.00718, 1.204594, 8.340805, 13.48969, 173.5991
-10.97155, 1.204594, 8.369654, 17.10116, 173.455
-10.97791, 1.204594, 8.347807, 15.97444, 173.564
-11.03553, 1.204594, 8.37257, 12.22117, 173.4405
-10.96372, 1.211824, 8.35, 17.1422, 172.9904
-10.99306, 1.212193, 8.348697, 14.82071, 172.9681
-10.98703, 1.206061, 8.338772, 15.00097, 173.4949
-10.97855, 1.197665, 8.342069, 15.75741, 174.1325
-10.96947, 1.206222, 8.389836, 17.84273, 173.2288
-11.0188, 1.184978, 8.35, 12.85621, 175.0796
-10.96138, 1.216277, 8.345778, 17.20233, 172.6645
-10.97734, 1.192103, 8.360746, 16.39392, 174.4701
-11.02073, 1.185564, 8.357805, 12.93584, 174.9934
-11.0351, 1.214286, 8.334186, 11.11809, 172.8764
-11.03112, 1.228424, 8.35, 11.89758, 171.6985
-10.98573, 1.204796, 8.344186, 15.26005, 173.5663
-10.96124, 1.224102, 8.331972, 16.81363, 172.1217
-10.98447, 1.188897, 8.361316, 15.8565, 174.7163
-10.9814, 1.193349, 8.339642, 15.46457, 174.4812
-11.03733, 1.17846, 8.35, 11.41387, 175.5867
-10.98517, 1.243317, 8.349298, 15.45299, 170.5428
-10.96769, 1.236905, 8.357114, 17.03922, 171.0053
-11.03868, 1.171659, 8.379798, 12.18897, 175.9577
-10.96273, 1.224276, 8.376257, 17.97559, 171.8957
-10.99956, 1.459594, 8.35, 14.35299, 153.7087
-10.99956, 1.459594, 8.341708, 14.11002, 153.7288
-10.99956, 1.459594, 8.365739, 14.81265, 153.6706
-10.99956, 1.459594, 8.33172, 13.81672, 153.7531
-10.99956, 1.459594, 8.351572, 14.39898, 153.7049
-10.99956, 1.450733, 8.35, 14.35299, 154.3983
-10.99956, 1.457932, 8.353565, 14.45725, 153.8293
-10.99956, 1.46857, 8.339235, 14.03749, 153.0353
-10.99956, 1.467682, 8.329815, 13.76068, 153.1267
-10.99956, 1.452334, 8.345527, 14.22197, 154.2848
-10.99956, 1.467026, 8.35, 14.35299, 153.1303
-10.99956, 1.467252, 8.347602, 14.28276, 153.1183
-10.99956, 1.447103, 8.336254, 13.94995, 154.7159
-10.99956, 1.463461, 8.32845, 13.72052, 153.4593
-10.99956, 1.469266, 8.310268, 13.18412, 153.049
-10.99956, 1.456881, 8.35, 14.35299, 153.9198
-10.99956, 1.441918, 8.341237, 14.09622, 155.107
-10.99956, 1.438107, 8.354678, 14.48979, 155.3684
-10.99956, 1.464626, 8.320529, 13.48715, 153.3874
-10.99956, 1.44326, 8.313743, 13.28683, 155.0742
-10.99956, 1.488993, 8.35, 14.35299, 151.4208
-10.99956, 1.455172, 8.345381, 14.2177, 154.0642
-10.99956, 1.457881, 8.335393, 13.92467, 153.8777
-10.99956, 1.459217, 8.326388, 13.65981, 153.7955
-10.99956, 1.4279, 8.328388, 13.71868, 156.2346
-11.00543, 1.459594, 8.35, 13.89617, 153.7087
-10.99908, 1.459594, 8.352955, 14.47722, 153.7015
-11.00664, 1.459594, 8.348183, 13.74919, 153.7131
-10.99239, 1.459594, 8.345994, 14.79446, 153.7184
-11.00668, 1.459594, 8.346949, 13.70928, 153.7161
-10.99683, 1.454154, 8.35, 14.56567, 154.132
-11.00123, 1.465566, 8.347779, 14.1579, 153.2491
-10.99839, 1.457121, 8.359841, 14.73158, 153.877
-10.99319, 1.461915, 8.332028, 14.32311, 153.5714
-11.00618, 1.464047, 8.344076, 13.66415, 153.3762
-11.00422, 1.443703, 8.35, 13.99093, 154.9453
-10.99431, 1.465864, 8.353984, 14.87815, 153.2113
-11.00916, 1.471298, 8.346647, 13.50799, 152.8056
-10.99855, 1.444217, 8.330086, 13.84804, 154.9568
-10.99697, 1.445498, 8.319299, 13.65317, 154.8848
-10.99187, 1.437378, 8.35, 14.95135, 155.4375
-11.00756, 1.488453, 8.346734, 13.63445, 151.4698
-10.99238, 1.477397, 8.364998, 15.3492, 152.2896
-10.99602, 1.466717, 8.374891, 15.35397, 153.0959
-10.99469, 1.471817, 8.379989, 15.60493, 152.6887
-10.99436, 1.436247, 8.35, 14.75803, 155.5255
-11.00245, 1.480014, 8.344546, 13.96854, 152.1317
-10.99681, 1.425177, 8.332531, 14.05525, 156.4356
-10.99096, 1.49281, 8.360942, 15.34118, 151.1009
-10.99894, 1.472047, 8.348119, 14.34624, 152.7439
-11.00668, 1.459594, 8.35, 13.79946, 153.7087
-11.0177, 1.459594, 8.352523, 13.01555, 153.7026
-10.9954, 1.459594, 8.36151, 15.0129, 153.6808
-11.00295, 1.459594, 8.338301, 13.7462, 153.7371
-10.9878, 1.459594, 8.331479, 14.727, 153.7537
-11.01563, 1.457048, 8.35, 13.10243, 153.9068
-11.01543, 1.455916, 8.351337, 13.15779, 153.9916
-10.98569, 1.468828, 8.332936, 14.93485, 153.0299
-11.00366, 1.458309, 8.379343, 14.89051, 153.7374
-10.99547, 1.459107, 8.385557, 15.70603, 153.6605
-11.00848, 1.46083, 8.35, 13.65874, 153.6124
-10.98955, 1.450638, 8.353327, 15.2291, 154.3972
-10.98776, 1.450333, 8.347311, 15.19302, 154.4361
-11.01294, 1.461993, 8.353781, 13.42315, 153.5128
-11.00206, 1.472208, 8.324638, 13.41342, 152.7855
-11.00366, 1.441285, 8.35, 14.03458, 155.1335
-10.98165, 1.462927, 8.348241, 15.69582, 153.4535
-11.00646, 1.436242, 8.341222, 13.55866, 155.5493
-11.01665, 1.466719, 8.338468, 12.68317, 153.1814
-10.99984, 1.478597, 8.343255, 14.13358, 152.2449
-10.98555, 1.486544, 8.35, 15.44324, 151.6114
-11.0076, 1.431315, 8.346171, 13.61518, 155.9197
-10.98631, 1.447051, 8.352631, 15.46113, 154.678
-10.98856, 1.434005, 8.339686, 14.90789, 155.7277
-11.00437, 1.480007, 8.354237, 14.10294, 152.1107
-10.99349, 1.459594, 8.35, 14.82578, 153.7087
-11.0084, 1.459594, 8.359203, 13.93547, 153.6864
-11.00597, 1.459594, 8.332002, 13.32497, 153.7525
-11.02539, 1.459594, 8.352251, 12.40924, 153.7032
-10.99901, 1.459594, 8.351007, 14.42539, 153.7062
-11.00857, 1.463086, 8.35, 13.65239, 153.4369
-10.97314, 1.450571, 8.341718, 16.16907, 154.4317
-11.01977, 1.461251, 8.339828, 12.48044, 153.6043
-10.99541, 1.456982, 8.343343, 14.48147, 153.9283
-10.99724, 1.453968, 8.379178, 15.38368, 154.0743
-10.98838, 1.455312, 8.35, 15.22352, 154.0418
-10.97674, 1.472178, 8.340784, 15.86161, 152.7506
-10.98874, 1.452574, 8.338904, 14.87124, 154.2827
-11.00805, 1.440167, 8.35458, 13.82722, 155.2085
-10.98634, 1.447668, 8.352503, 15.45515, 154.6303
-11.00503, 1.442505, 8.35, 13.92723, 155.0385
-10.98135, 1.484776, 8.349977, 15.76954, 151.749
-11.01451, 1.483783, 8.338716, 12.85741, 151.8509
-10.9748, 1.468847, 8.377664, 17.07981, 152.9243
-10.97925, 1.476768, 8.374816, 16.65271, 152.3164
-10.97509, 1.473615, 8.35, 16.25785, 152.6175
-10.99277, 1.454656, 8.354438, 15.01106, 154.0819
-11.01628, 1.432854, 8.352153, 13.11529, 155.7838
-10.9823, 1.475322, 8.331297, 15.15136, 152.5272
-11.02108, 1.468068, 8.338002, 12.32417, 153.0773
-10.96732, 1.459594, 8.35, 16.86226, 153.7087
-11.00383, 1.459594, 8.351718, 14.07158, 153.7045
-11.00903, 1.459594, 8.351604, 13.6634, 153.7048
-10.99706, 1.459594, 8.347618, 14.47791, 153.7145
-10.98182, 1.459594, 8.380599, 16.6201, 153.6347
-11.01254, 1.461268, 8.35, 13.34324, 153.5784
-10.96322, 1.45674, 8.355177, 17.33089, 153.918
-11.02467, 1.455073, 8.346964, 12.30969, 154.0679
-10.98049, 1.468805, 8.326074, 15.1396, 153.0479
-10.99822, 1.460373, 8.366332, 14.93415, 153.6086
-10.99194, 1.468019, 8.35, 14.94624, 153.053
-11.02133, 1.460788, 8.358871, 12.92011, 153.5943
-10.98069, 1.466108, 8.347254, 15.74186, 153.2082
-10.98219, 1.473422, 8.334676, 15.25815, 152.6677
-10.99923, 1.459881, 8.323961, 13.61455, 153.7496
-10.99169, 1.46443, 8.35, 14.96607, 153.3323
-11.03855, 1.432853, 8.355416, 11.47951, 155.7751
-10.96537, 1.436133, 8.330808, 16.45753, 155.5857
-11.03063, 1.474397, 8.325048, 11.19467, 152.6137
-11.00817, 1.451627, 8.320238, 12.80648, 154.4035
-11.02734, 1.456885, 8.35, 12.19135, 153.9194
-11.00121, 1.437835, 8.341363, 13.97135, 155.4249
-10.97603, 1.492113, 8.341796, 15.94598, 151.1952
-11.03356, 1.458896, 8.365439, 12.16394, 153.7255
-11.02627, 1.474066, 8.312749, 11.16926, 152.6678
-10.99956, 1.714594, 8.35, 14.35299, 133.8643
-10.99956, 1.714594, 8.358228, 14.59352, 133.8655
-10.99956, 1.714594, 8.342257, 14.12613, 133.8632
-10.99956, 1.714594, 8.354992, 14.49896, 133.8651
-10.99956, 1.714594, 8.334026, 13.88452, 133.862
-10.99956, 1.721738, 8.35, 14.35299, 133.3083
-10.99956, 1.706495, 8.346511, 14.25083, 134.4943
-10.99956, 1.712838, 8.33389, 13.8805, 133.9988
-10.99956, 1.72122, 8.376245, 15.11847, 133.3542
-10.99956, 1.709124, 8.368309, 14.88755, 134.2917
-10.99956, 1.724211, 8.35, 14.35299, 133.1158
-10.99956, 1.726811, 8.353751, 14.4627, 132.9146
-10.99956, 1.704197, 8.348802, 14.31789, 134.6733
-10.99956, 1.731099, 8.350218, 14.35935, 132.5799
-10.99956, 1.708013, 8.385349, 15.3828, 134.3793
-10.99956, 1.724209, 8.35, 14.35299, 133.1161
-10.99956, 1.717177, 8.344661, 14.19658, 133.6623
-10.99956, 1.7135, 8.367712, 14.87015, 133.9518
-10.99956, 1.688659, 8.353065, 14.44263, 135.8822
-10.99956, 1.738445, 8.384562, 15.35996, 132.0215
-10.99956, 1.696451, 8.35, 14.35299, 135.2762
-10.99956, 1.705341, 8.34572, 14.22765, 134.5841
-10.99956, 1.736143, 8.34361, 14.1658, 132.185
-10.99956, 1.710292, 8.342669, 14.1382, 134.1983
-10.99956, 1.710978, 8.385422, 15.38492, 134.1496
-10.99295, 1.714594, 8.35, 14.86751, 133.8643
-10.99443, 1.714594, 8.356455, 14.94078, 133.8653
-10.99746, 1.714594, 8.330173, 13.93561, 133.8614
-10.99738, 1.714594, 8.364076, 14.93402, 133.8664
-10.99637, 1.714594, 8.36847, 15.14036, 133.867
-10.99824, 1.71694, 8.35, 14.4557, 133.6817
-10.99927, 1.720975, 8.341431, 14.12441, 133.3659
-10.9938, 1.714751, 8.334114, 14.33651, 133.8497
-11.00278, 1.70522, 8.323432, 13.32148, 134.5924
-10.99292, 1.708332, 8.340883, 14.60383, 134.3508
-10.99549, 1.729816, 8.35, 14.67015, 132.6797
-10.99388, 1.729887, 8.345105, 14.65211, 132.6727
-11.00304, 1.699608, 8.334737, 13.63465, 135.0306
-11.00718, 1.705605, 8.347973, 13.70075, 134.5637
-11.00119, 1.696868, 8.337258, 13.85296, 135.2442
-11.00757, 1.695121, 8.35, 13.72981, 135.3797
-10.9932, 1.72008, 8.350821, 14.87223, 133.4375
-11.00933, 1.737809, 8.362224, 13.95138, 132.0623
-11.00571, 1.705257, 8.330484, 13.30077, 134.5898
-11.00255, 1.687421, 8.3707, 14.72541, 135.9763
-10.99605, 1.715382, 8.35, 14.62669, 133.803
-10.99764, 1.704022, 8.351709, 14.55246, 134.6871
-10.99524, 1.721147, 8.365098, 15.12979, 133.3576
-11.005, 1.73516, 8.349518, 13.91574, 132.2637
-11.00247, 1.717691, 8.368701, 14.67307, 133.6266
-10.98882, 1.714594, 8.35, 15.18907, 133.8643
-11.01293, 1.714594, 8.342752, 13.09922, 133.8633
-11.01536, 1.714594, 8.349724, 13.11584, 133.8643
-10.99412, 1.714594, 8.340522, 14.49951, 133.8629
-10.99759, 1.714594, 8.333567, 14.02502, 133.8619
-10.99007, 1.711126, 8.35, 15.09182, 134.1341
-11.00159, 1.709752, 8.349173, 14.17098, 134.241
-10.99538, 1.713056, 8.362872, 15.05383, 133.9857
-11.00032, 1.722894, 8.32725, 13.62611, 133.2131
-10.99515, 1.712047, 8.330563, 14.12717, 134.0601
-10.99626, 1.731292, 8.35, 14.61007, 132.5648
-11.0067, 1.710023, 8.358826, 14.05589, 134.2209
-11.01217, 1.721001, 8.350433, 13.385, 133.3658
-11.01494, 1.704074, 8.36725, 13.66297, 134.6837
-10.98798, 1.732521, 8.35969, 15.53683, 132.4724
-11.00722, 1.724384, 8.35, 13.7573, 133.1024
-11.00154, 1.713142, 8.35882, 14.45679, 133.9784
-10.99899, 1.743523, 8.348685, 14.35939, 131.6124
-11.00404, 1.735172, 8.339747, 13.70376, 132.2592
-11.0036, 1.703392, 8.353757, 14.1486, 134.7361
-10.99209, 1.744523, 8.35, 14.93425, 131.5352
-11.01885, 1.683427, 8.353019, 12.94075, 136.2892
-11.00437, 1.678489, 8.335908, 13.56505, 136.6771
-11.01806, 1.68205, 8.340407, 12.631, 136.3986
-10.99297, 1.74043, 8.318871, 13.95317, 131.8409
-11.02916, 1.714594, 8.35, 12.0498, 133.8643
-10.98529, 1.714594, 8.342707, 15.25141, 133.8633
-10.99958, 1.714594, 8.339004, 14.02924, 133.8627
-11.02628, 1.714594, 8.338681, 11.93881, 133.8627
-11.01277, 1.714594, 8.367136, 13.82785, 133.8668
-11.01152, 1.719473, 8.35, 13.4222, 133.4846
-11.00021, 1.71485, 8.351463, 14.34515, 133.8446
-10.98147, 1.710549, 8.337669, 15.40149, 134.1777
-11.02011, 1.712133, 8.332705, 12.24329, 134.0536
-11.01087, 1.71888, 8.317828, 12.52387, 133.5246
-11.01859, 1.734074, 8.35, 12.87217, 132.3484
-11.00431, 1.719719, 8.354861, 14.12603, 133.4664
-10.99154, 1.720913, 8.339148, 14.65978, 133.3702
-11.02308, 1.707859, 8.378142, 13.34982, 134.3907
-10.98278, 1.715693, 8.361578, 15.99515, 133.7806
-11.00653, 1.690144, 8.35, 13.8105, 135.767
-11.00804, 1.721568, 8.35918, 13.96236, 133.3235
-10.98718, 1.704531, 8.346131, 15.20375, 134.6472
-11.00248, 1.705713, 8.359549, 14.40545, 134.556
-11.02205, 1.711845, 8.375243, 13.34551, 134.0813
-11.01761, 1.708698, 8.35, 12.94859, 134.3231
-10.97616, 1.731659, 8.345634, 16.04706, 132.5349
-10.98495, 1.690393, 8.354615, 15.62446, 135.7472
-10.98951, 1.681246, 8.333042, 14.63995, 136.4627
-11.02846, 1.691011, 8.354741, 12.24398, 135.6991
-11.03527, 1.714594, 8.35, 11.57434, 133.8643
-10.96181, 1.714594, 8.358464, 17.53548, 133.8656
-11.03947, 1.714594, 8.339791, 10.94413, 133.8628
-11.01935, 1.714594, 8.32677, 12.12645, 133.8609
-11.03105, 1.714594, 8.37851, 12.74312, 133.8685
-11.00263, 1.714365, 8.35, 14.1142, 133.8821
-11.01284, 1.724115, 8.342253, 13.09164, 133.1214
-11.01349, 1.704792, 8.335016, 12.82758, 134.6263
-11.01406, 1.714777, 8.361282, 13.55644, 133.8518
-10.96105, 1.714705, 8.315177, 16.33969, 133.8505
-10.96527, 1.709893, 8.35, 17.02144, 134.2301
-11.02425, 1.701986, 8.358268, 12.67585, 134.8456
-11.01056, 1.699734, 8.33333, 13.00674, 135.0207
-11.02129, 1.711692, 8.339586, 12.35498, 134.0889
-11.02889, 1.73427, 8.380643, 12.97339, 132.3436
-10.9616, 1.734044, 8.35, 17.3072, 132.3507
-11.02239, 1.710717, 8.344605, 12.41773, 134.1654
-10.9709, 1.717996, 8.342466, 16.36502, 133.5982
-11.02227, 1.738243, 8.352028, 12.64578, 132.0246
-11.02412, 1.713208, 8.332623, 11.92822, 133.9698
-10.97909, 1.728589, 8.35, 15.94614, 132.7752
-11.03726, 1.67496, 8.347894, 11.35709, 136.9492
-11.01792, 1.721313, 8.361037, 13.24901, 133.3438
-11.00255, 1.724828, 8.379259, 14.97437, 133.0752
-11.01657, 1.693159, 8.326028, 12.3216, 135.5341
-10.95079, 2.389187, 8.35, 18.14857, 81.36674
-10.95079, 2.389187, 8.352806, 18.22927, 81.38626
-10.95079, 2.389187, 8.36461, 18.56815, 81.46817
-10.95079, 2.389187, 8.37124, 18.75804, 81.51408
-10.95079, 2.389187, 8.348482, 18.10485, 81.35619
-10.95079, 2.381524, 8.35, 18.14857, 81.96313
-10.95079, 2.389155, 8.341699, 17.90942, 81.31142
-10.95079, 2.391457, 8.345344, 18.01447, 81.15759
-10.95079, 2.38776, 8.333067, 17.66024, 81.36006
-10.95079, 2.381654, 8.310999, 17.02063, 81.68329
-10.95079, 2.391176, 8.35, 18.14857, 81.21201
-10.95079, 2.380144, 8.357698, 18.36986, 82.12332
-10.95079, 2.407407, 8.367481, 18.65042, 80.07338
-10.95079, 2.380731, 8.326254, 17.46317, 81.86121
-10.95079, 2.403946, 8.325884, 17.45244, 80.04637
-10.95079, 2.385252, 8.35, 18.14857, 81.67303
-10.95079, 2.414889, 8.358377, 18.38935, 79.427
-10.95079, 2.407389, 8.333671, 17.67767, 79.83342
-10.95079, 2.401273, 8.32721, 17.49085, 80.26443
-10.95079, 2.360599, 8.375196, 18.87118, 83.75896
-10.95079, 2.396837, 8.35, 18.14857, 80.77148
-10.95079, 2.398855, 8.358528, 18.39366, 80.67445
-10.95079, 2.383933, 8.360477, 18.44963, 81.84787
-10.95079, 2.361152, 8.3616, 18.48182, 83.62579
-10.95079, 2.366203, 8.36077, 18.45802, 83.22772
-10.95624, 2.389187, 8.35, 17.72471, 81.36674
-10.95109, 2.389187, 8.35428, 18.2485, 81.3965
-10.9541, 2.389187, 8.344838, 17.74243, 81.3308
-10.94123, 2.389187, 8.342901, 18.68879, 81.31731
-10.95816, 2.389187, 8.384387, 18.56235, 81.60489
-10.96032, 2.385412, 8.35, 17.40695, 81.66052
-10.95057, 2.390554, 8.346891, 18.07621, 81.23869
-10.94183, 2.389499, 8.339464, 18.54332, 81.26904
-10.94757, 2.384884, 8.347361, 18.32371, 81.68341
-10.94625, 2.398357, 8.389812, 19.63943, 80.93236
-10.94426, 2.380341, 8.35, 18.65703, 82.05519
-10.94434, 2.405978, 8.345051, 18.50836, 80.02477
-10.94163, 2.396065, 8.364107, 19.26496, 80.93045
-10.95894, 2.384104, 8.334076, 17.05351, 81.65215
-10.94437, 2.380349, 8.332124, 18.13399, 81.93149
-10.95842, 2.386407, 8.35, 17.55514, 81.58315
-10.94601, 2.389656, 8.353424, 18.61865, 81.35406
-10.95595, 2.37944, 8.361919, 18.09021, 82.20688
-10.94241, 2.413054, 8.365476, 19.2438, 79.62061
-10.94604, 2.394228, 8.389131, 19.63632, 81.24731
-10.95727, 2.408863, 8.35, 17.6442, 79.83557
-10.95967, 2.366377, 8.359663, 17.73614, 83.20682
-10.96075, 2.426894, 8.343134, 17.17518, 78.38194
-10.94266, 2.387159, 8.373892, 19.46461, 81.68977
-10.95875, 2.384497, 8.338023, 17.18305, 81.64886
-10.95862, 2.389187, 8.35, 17.53904, 81.36674
-10.95741, 2.389187, 8.353029, 17.72113, 81.3878
-10.95133, 2.389187, 8.353987, 18.22161, 81.39447
-10.96741, 2.389187, 8.331755, 16.32617, 81.23952
-10.93335, 2.389187, 8.34973, 19.4981, 81.36487
-10.96412, 2.395667, 8.35, 17.11132, 80.86253
-10.93707, 2.388556, 8.358116, 19.44835, 81.47224
-10.95931, 2.393319, 8.362494, 17.8454, 81.13252
-10.93704, 2.389075, 8.328628, 18.60526, 81.22647
-10.96327, 2.39804, 8.368843, 17.72039, 80.8103
-10.94856, 2.405629, 8.35, 18.32205, 80.0872
-10.9471, 2.389163, 8.35046, 18.44902, 81.37184
-10.9363, 2.396051, 8.330326, 18.71191, 80.69402
-10.9482, 2.383088, 8.329741, 17.76654, 81.70139
-10.95229, 2.383217, 8.359723, 18.31169, 81.89836
-10.94013, 2.408652, 8.35, 18.97812, 79.85202
-10.94426, 2.386408, 8.353354, 18.75293, 81.60625
-10.95069, 2.406444, 8.330105, 17.58265, 79.88161
-10.93971, 2.379826, 8.329324, 18.41688, 81.95297
-10.9677, 2.418872, 8.321092, 15.99283, 78.84615
-10.94868, 2.403358, 8.35, 18.31249, 80.26402
-10.94437, 2.377972, 8.357074, 18.85144, 82.28793
-10.95516, 2.421428, 8.35771, 18.03062, 78.91382
-10.9679, 2.364616, 8.338936, 16.49603, 83.20456
-10.93647, 2.40155, 8.370802, 19.85716, 80.55156
-10.93737, 2.389187, 8.35, 19.19329, 81.36674
-10.95073, 2.389187, 8.356499, 18.34003, 81.41191
-10.93932, 2.389187, 8.343438, 18.85318, 81.32104
-10.92928, 2.389187, 8.349301, 19.80227, 81.36189
-10.9452, 2.389187, 8.387329, 19.65074, 81.62517
-10.97614, 2.38189, 8.35, 16.17574, 81.93463
-10.97192, 2.384552, 8.355541, 16.66474, 81.76569
-10.96385, 2.381034, 8.341104, 16.87486, 81.93999
-10.94491, 2.398184, 8.372926, 19.26267, 80.8277
-10.9802, 2.380056, 8.378484, 16.68509, 82.27214
-10.95525, 2.380084, 8.35, 17.80171, 82.07518
-10.94056, 2.3924, 8.358652, 19.19217, 81.17714
-10.92772, 2.370656, 8.364053, 20.34458, 82.90379
-10.92741, 2.3894, 8.364401, 20.37807, 81.4502
-10.94233, 2.404589, 8.376561, 19.56645, 80.3564
-10.96007, 2.415149, 8.35, 17.42606, 79.34642
-10.9601, 2.391608, 8.353123, 17.51431, 81.20015
-10.93712, 2.36545, 8.350521, 19.22745, 83.2175
-10.94272, 2.406731, 8.371552, 19.39331, 80.15477
-10.96539, 2.366478, 8.367769, 17.52538, 83.2533
-10.98022, 2.358967, 8.35, 15.85821, 83.71855
-10.96949, 2.357164, 8.348568, 16.6519, 83.84932
-10.94137, 2.395365, 8.349033, 18.85431, 80.87924
-10.97604, 2.389871, 8.358585, 16.43263, 81.37326
-10.94227, 2.399449, 8.362564, 19.17136, 80.65672
-10.9391, 2.389187, 8.35, 19.05822, 81.36674
-10.98741, 2.389187, 8.345175, 15.15826, 81.33315
-10.9445, 2.389187, 8.356341, 18.82017, 81.41081
-10.9685, 2.389187, 8.324839, 16.03987, 81.19115
-10.98168, 2.389187, 8.319172, 14.84423, 81.15143
-10.94618, 2.386389, 8.35, 18.50766, 81.58455
-10.97984, 2.391746, 8.359244, 16.15614, 81.23209
-10.96928, 2.384799, 8.351732, 16.76006, 81.72028
-10.96294, 2.381506, 8.323547, 16.43636, 81.78192
-10.91978, 2.384511, 8.330647, 20.00995, 81.59663
-10.95341, 2.406577, 8.35, 17.94432, 80.01346
-10.97208, 2.372781, 8.349004, 16.46313, 82.63678
-10.95957, 2.385371, 8.340643, 17.19513, 81.59892
-10.91389, 2.395033, 8.329973, 20.44982, 80.77095
-10.98519, 2.379897, 8.332584, 14.96301, 81.96996
-10.91141, 2.369096, 8.35, 21.21333, 82.93031
-10.928, 2.41741, 8.34417, 19.75594, 79.1282
-10.98103, 2.35932, 8.351661, 15.84384, 83.7021
-10.93078, 2.3897, 8.323072, 18.93386, 81.13878
-10.91236, 2.410316, 8.324921, 20.42461, 79.54213
-10.94927, 2.385369, 8.35, 18.26702, 81.66393
-10.91306, 2.353353, 8.356112, 21.2585, 84.19572
-10.97474, 2.407834, 8.340207, 16.0004, 79.84557
-10.94097, 2.369073, 8.35216, 18.97483, 82.94664
-10.94672, 2.397743, 8.326403, 17.78485, 80.53424
