-11.6926, 0.02, 0.3777673, 0.194006, 265.2702
-11.68202, 0.02, 0.3500004, 0.1541233, 265.7393
-11.68673, 0.02, 0.3644417, 0.2363491, 265.4949
-11.68398, 0.2074999, 0.3523424, 0.07470131, 251.1126
-11.69686, 0.3949999, 0.3876238, 0.1698732, 236.0633
-11.6827, 0.5869852, 0.3514786, 0.1467848, 221.5993
-11.68232, 0.6206055, 0.3869256, 1.274357, 218.5992
-11.35057, 0.02, 0.3500004, 25.9477, 265.7393
-11.35057, 0.02, 0.356292, 26.12224, 265.6327
-11.35057, 0.02, 0.3606923, 26.24413, 265.5583
-11.35057, 0.02, 0.3692403, 26.48051, 265.4139
-11.35057, 0.02, 0.3520774, 26.00535, 265.7041
-11.35057, 0.02451884, 0.3500004, 25.9477, 265.3876
-11.35057, 0.01054869, 0.3477362, 25.88483, 266.5134
-11.35057, 0.02806874, 0.3647795, 26.35725, 264.8625
-11.35057, 0.01824938, 0.3753879, 26.6502, 265.446
-11.35057, 0.0250988, 0.3520452, 26.00444, 265.308
-11.35057, 0.01303478, 0.3500004, 25.9477, 266.2813
-11.35057, 0.01670189, 0.3592028, 26.20288, 265.8398
-11.35057, 0.02799546, 0.3368216, 25.58119, 265.3399
-11.35057, 0.01292076, 0.3599204, 26.22278, 266.1215
-11.35057, 0.0261751, 0.3340026, 25.50264, 265.5296
-11.35057, 0.009736223, 0.3500004, 25.9477, 266.538
-11.35057, 0.04738059, 0.3432779, 25.76091, 263.7208
-11.35057, 0.02963844, 0.3551077, 26.08941, 264.9032
-11.35057, 0.03595177, 0.3696283, 26.49124, 264.1691
-11.35057, 0.02149631, 0.3748111, 26.63432, 265.2039
-11.35057, 0.006178837, 0.3500004, 25.9477, 266.8149
-11.35057, -0.007755758, 0.3404014, 25.68086, 268.065
-11.35057, -0.01720668, 0.3411687, 25.70223, 268.788
-11.35057, -0.01447029, 0.3712451, 26.5359, 268.0552
-11.35057, 0.01565304, 0.3199128, 25.10912, 266.5911
-11.35992, 0.02, 0.3500004, 25.21997, 265.7393
-11.34379, 0.02, 0.3473096, 26.40098, 265.7849
-11.34845, 0.02, 0.3413143, 25.87123, 265.8867
-11.35356, 0.02, 0.3702221, 26.27558, 265.3973
-11.35891, 0.02, 0.3834382, 26.22624, 265.1747
-11.34666, 0.01662447, 0.3500004, 26.25223, 266.002
-11.35777, 0.01772915, 0.3489315, 25.35748, 265.9342
-11.35666, 0.01020394, 0.3602003, 25.75753, 266.3279
-11.35124, 0.02086991, 0.3481966, 25.84529, 265.7022
-11.35319, 0.01283416, 0.3489328, 25.71413, 266.3152
-11.35752, 0.01749022, 0.3500004, 25.40724, 265.9346
-11.34727, 0.02264312, 0.3525608, 26.27561, 265.4903
-11.35278, 0.03319659, 0.3321431, 25.27837, 265.0135
-11.35745, 0.008814961, 0.3312861, 24.89003, 266.93
-11.35727, 0.00169887, 0.3160295, 24.47715, 267.7484
-11.35336, 0.03630564, 0.3500004, 25.73105, 264.4704
-11.34556, 0.02580042, 0.3560715, 26.50606, 265.1854
-11.34169, 0.003288461, 0.3678921, 27.1329, 266.7341
-11.34896, 0.002626499, 0.355749, 26.23273, 266.9929
-11.34839, 0.02312344, 0.3388942, 25.80899, 265.6845
-11.34933, 0.05191296, 0.3500004, 26.04461, 263.2558
-11.34898, -0.01983134, 0.3464423, 25.97254, 268.9008
-11.35739, 0.002101224, 0.3467205, 25.32613, 267.1884
-11.35614, -0.008881144, 0.3568517, 25.70446, 267.8688
-11.34499, 0.02115922, 0.3734738, 27.03029, 265.2525
-11.35022, 0.02, 0.3500004, 25.97531, 265.7393
-11.35563, 0.02, 0.355109, 25.69625, 265.6527
-11.34462, 0.02, 0.3598439, 26.68291, 265.5726
-11.36887, 0.02, 0.3286411, 23.92492, 266.1025
-11.3582, 0.02, 0.3287039, 24.75986, 266.1014
-11.33171, 0.01757725, 0.3500004, 27.41534, 265.9279
-11.35583, 0.02180301, 0.340508, 25.27443, 265.76
-11.3673, 0.01789843, 0.3537127, 24.74942, 265.8398
-11.36096, 0.01142311, 0.3395016, 24.84612, 266.586
-11.35368, 0.02865041, 0.3725695, 26.33135, 264.6865
-11.35794, 0.03954787, 0.3500004, 25.37417, 264.2181
-11.35415, 0.001458317, 0.359588, 25.93526, 267.0181
-11.33553, 0.0368645, 0.3329154, 26.64575, 264.7143
-11.3606, 0.009801555, 0.3503606, 25.17752, 266.5268
-11.36575, 0.01065439, 0.3794645, 25.58566, 265.9661
-11.34098, 0.04832737, 0.3500004, 26.69396, 263.5348
-11.36979, 0.02768404, 0.3512754, 24.48804, 265.1198
-11.33358, 0.03138647, 0.3683958, 27.77658, 264.5441
-11.33509, 0.04350273, 0.3517434, 27.2003, 263.8812
-11.35716, 0.02318169, 0.3791302, 26.24246, 265.0005
-11.33915, 0.02203906, 0.3500004, 26.8367, 265.5806
-11.3308, 0.02860542, 0.351681, 27.53297, 265.0413
-11.36426, -0.009277225, 0.3669689, 25.35471, 267.7256
-11.34115, 0.02056643, 0.3237481, 25.95213, 266.1418
-11.35385, 0.03267955, 0.3397891, 25.40853, 264.9247
-11.37512, 0.02, 0.3500004, 24.03727, 265.7393
-11.36409, 0.02, 0.3407748, 24.63786, 265.8959
-11.33584, 0.02, 0.3417192, 26.86503, 265.8799
-11.33169, 0.02, 0.3533854, 27.51001, 265.6819
-11.33735, 0.02, 0.3537788, 27.08097, 265.6753
-11.32455, 0.02378051, 0.3500004, 27.97304, 265.4451
-11.37082, 0.02568728, 0.3485837, 24.33226, 265.3206
-11.33058, 0.02648889, 0.3627646, 27.85478, 265.0191
-11.32926, 0.01771815, 0.3234865, 26.87349, 266.3687
-11.36938, 0.02721708, 0.3538324, 24.59093, 265.113
-11.33921, 0.03457401, 0.3500004, 26.83212, 264.6051
-11.35264, 0.01645057, 0.3423666, 25.57425, 266.1454
-11.34448, 0.02335157, 0.3357479, 26.0265, 265.7201
-11.33332, 0.01325434, 0.3211942, 26.4927, 266.7565
-11.37052, 0.02184705, 0.3280286, 23.77875, 265.9688
-11.37078, 0.01727666, 0.3500004, 24.3751, 265.9512
-11.36709, 0.0257498, 0.3469248, 24.57616, 265.3438
-11.36227, 0.01473051, 0.3417909, 24.80839, 266.2892
-11.35927, -0.008410199, 0.3569525, 25.46388, 267.8304
-11.36452, -0.005532196, 0.3566418, 25.04758, 267.612
-11.34748, -0.01614278, 0.3500004, 26.18799, 268.552
-11.32096, 0.02719564, 0.3521463, 28.31124, 265.1431
-11.32692, -0.01450489, 0.3566048, 27.96999, 268.3103
-11.36346, -0.009695068, 0.3348005, 24.52003, 268.313
-11.33086, -0.001303572, 0.3873934, 28.50775, 266.7581
-11.34217, 0.02, 0.3500004, 26.60141, 265.7393
-11.3426, 0.02, 0.3463217, 26.46632, 265.8017
-11.34107, 0.02, 0.3348358, 26.26632, 265.997
-11.33727, 0.02, 0.3390024, 26.67887, 265.9261
-11.37315, 0.02, 0.3876881, 25.24035, 265.1033
-11.33775, 0.01261245, 0.3500004, 26.94529, 266.3142
-11.34007, 0.02663088, 0.3503085, 26.77385, 265.2181
-11.31737, 0.0167749, 0.3398733, 28.25353, 266.1626
-11.33019, 0.0103817, 0.3635824, 27.90718, 266.2566
-11.38057, 0.02128239, 0.3399423, 23.33081, 265.8102
-11.36012, 0.01666379, 0.3500004, 25.20465, 265.9989
-11.3232, 0.009442445, 0.3440661, 27.91476, 266.6622
-11.37938, 0.008521933, 0.3394546, 23.40931, 266.8128
-11.38365, 0.008364954, 0.3534186, 23.46966, 266.5864
-11.35547, 0.03750207, 0.3268126, 24.91925, 264.7675
-11.33787, -0.001652891, 0.3500004, 26.93626, 267.4243
-11.3857, -0.008150397, 0.3502135, 23.21958, 267.9263
-11.37293, -0.002629874, 0.3428987, 24.00883, 267.6226
-11.38668, 0.02408663, 0.3569584, 23.33324, 265.3037
-11.37605, 0.04907741, 0.3516405, 24.01102, 263.4492
-11.31782, 0.01104115, 0.3500004, 28.49629, 266.4365
-11.37255, 0.01655892, 0.3450162, 24.09778, 266.0918
-11.37028, 0.01037506, 0.3368521, 24.04584, 266.713
-11.35392, 0.02694071, 0.3340417, 25.24223, 265.4692
-11.38771, 0.0568423, 0.3373359, 22.70093, 263.0826
-11.35057, 0.1925, 0.3500004, 25.9477, 252.3152
-11.35057, 0.1925, 0.3564552, 26.12676, 252.217
-11.35057, 0.1925, 0.3377623, 25.6074, 252.5017
-11.35057, 0.1925, 0.3437086, 25.77288, 252.411
-11.35057, 0.1925, 0.3838876, 26.88439, 251.8018
-11.35057, 0.1890461, 0.3500004, 25.9477, 252.584
-11.35057, 0.1957141, 0.3572073, 26.14759, 251.9557
-11.35057, 0.1846251, 0.3609969, 26.25255, 252.7601
-11.35057, 0.1916767, 0.3700698, 26.50344, 252.0745
-11.35057, 0.2019322, 0.3185446, 25.0708, 252.0587
-11.35057, 0.1990807, 0.3500004, 25.9477, 251.8031
-11.35057, 0.1961169, 0.3512416, 25.98217, 252.0149
-11.35057, 0.1923855, 0.3317922, 25.44099, 252.6018
-11.35057, 0.1756026, 0.335105, 25.53336, 253.8598
-11.35057, 0.2028979, 0.317992, 25.05534, 251.9917
-11.35057, 0.1956017, 0.3500004, 25.9477, 252.0738
-11.35057, 0.1832433, 0.3483756, 25.90259, 253.0604
-11.35057, 0.2199266, 0.3585286, 26.18421, 250.0536
-11.35057, 0.2200603, 0.3240881, 25.22588, 250.5588
-11.35057, 0.1692401, 0.3133876, 24.92638, 254.6937
-11.35057, 0.2209164, 0.3500004, 25.9477, 250.1038
-11.35057, 0.1725678, 0.3512198, 25.98155, 253.8475
-11.35057, 0.2137447, 0.342734, 25.74579, 250.771
-11.35057, 0.2096531, 0.3655897, 26.37965, 250.7463
-11.35057, 0.1738975, 0.3871379, 26.97381, 253.1935
-11.34096, 0.1925, 0.3500004, 26.69539, 252.3152
-11.34758, 0.1925, 0.3460857, 26.072, 252.3748
-11.34448, 0.1925, 0.3634613, 26.79374, 252.1107
-11.34479, 0.1925, 0.3242148, 25.68069, 252.7088
-11.34091, 0.1925, 0.389312, 27.78148, 251.72
-11.35366, 0.1973346, 0.3500004, 25.70701, 251.9389
-11.35799, 0.1865826, 0.3512179, 25.40395, 252.7571
-11.35577, 0.1872965, 0.3496734, 25.53384, 252.7251
-11.34199, 0.1888195, 0.3554785, 26.76733, 252.5181
-11.36003, 0.1875491, 0.349276, 25.19184, 252.7115
-11.34988, 0.2058528, 0.3500004, 26.00143, 251.276
-11.36057, 0.192699, 0.3415582, 24.93412, 252.4283
-11.35897, 0.2116492, 0.3351722, 24.88039, 251.0482
-11.34762, 0.2049825, 0.356936, 26.36948, 251.2392
-11.35813, 0.2119365, 0.3373427, 25.00673, 250.993
-11.35538, 0.1817115, 0.3500004, 25.57324, 253.1548
-11.35962, 0.2028053, 0.3474218, 25.17152, 251.5522
-11.35532, 0.2002359, 0.3669416, 26.04798, 251.4573
-11.34712, 0.1802366, 0.3559908, 26.38204, 253.1777
-11.35767, 0.1799867, 0.3338069, 24.94337, 253.5379
-11.35249, 0.2110215, 0.3500004, 25.79862, 250.8738
-11.35567, 0.2049588, 0.3597026, 25.82019, 251.1994
-11.35768, 0.1745824, 0.3342857, 24.95587, 253.952
-11.35129, 0.2131113, 0.3213892, 25.09392, 251.1422
-11.35331, 0.1956567, 0.3218069, 24.94822, 252.4992
-11.3551, 0.1925, 0.3500004, 25.59504, 252.3152
-11.34778, 0.1925, 0.3478013, 26.10429, 252.3486
-11.33226, 0.1925, 0.3505137, 27.38697, 252.3074
-11.36428, 0.1925, 0.3642382, 25.27707, 252.0989
-11.34991, 0.1925, 0.3508751, 26.02364, 252.3019
-11.36207, 0.1937091, 0.3500004, 25.05326, 252.2211
-11.34735, 0.2020892, 0.347587, 26.13107, 251.6054
-11.35444, 0.1885387, 0.3682042, 26.15128, 252.3464
-11.33548, 0.190062, 0.3234333, 26.38586, 252.9112
-11.33356, 0.19323, 0.3524827, 27.34012, 252.2206
-11.34584, 0.1828188, 0.3500004, 26.31593, 253.0686
-11.35961, 0.1791675, 0.3468485, 25.15649, 253.4011
-11.34365, 0.206839, 0.3402572, 26.21634, 251.3463
-11.35113, 0.1913343, 0.3749333, 26.59407, 252.0275
-11.33322, 0.1900389, 0.3470639, 27.21734, 252.5515
-11.35816, 0.2034892, 0.3500004, 25.35695, 251.46
-11.34577, 0.1707426, 0.3541366, 26.43591, 253.9445
-11.3692, 0.2188206, 0.3454868, 24.37152, 250.3344
-11.364, 0.2123009, 0.3672145, 25.38185, 250.5163
-11.34145, 0.1726686, 0.3806952, 27.50379, 253.3872
-11.36698, 0.180349, 0.3500004, 24.67102, 253.2608
-11.3395, 0.2172797, 0.3554932, 26.96132, 250.3047
-11.36765, 0.1583891, 0.3317946, 24.10885, 255.2537
-11.3396, 0.1752931, 0.3396998, 26.51662, 253.813
-11.36928, 0.2048987, 0.350756, 24.51259, 251.3389
-11.35242, 0.1925, 0.3500004, 25.80361, 252.3152
-11.32652, 0.1925, 0.3564698, 27.99755, 252.2168
-11.3533, 0.1925, 0.3458394, 25.61987, 252.3785
-11.34838, 0.1925, 0.35698, 26.31131, 252.2091
-11.37038, 0.1925, 0.361995, 24.74085, 252.1329
-11.32653, 0.1913148, 0.3500004, 27.8183, 252.4074
-11.35581, 0.2022547, 0.3580237, 25.76292, 251.4349
-11.35167, 0.1940907, 0.3539809, 25.97288, 252.1309
-11.32687, 0.1886114, 0.3644874, 28.18986, 252.3972
-11.37554, 0.1830859, 0.3585252, 24.24352, 252.9174
-11.36484, 0.1760664, 0.3500004, 24.83703, 253.5941
-11.36047, 0.2056828, 0.3460339, 25.06708, 251.3491
-11.32979, 0.1871788, 0.350116, 27.5679, 252.7275
-11.36697, 0.190181, 0.3680809, 25.17497, 252.2207
-11.32864, 0.1904486, 0.3291401, 27.07829, 252.7935
-11.37245, 0.1913834, 0.3500004, 24.24484, 252.4021
-11.36881, 0.2202941, 0.3470321, 24.4454, 250.1966
-11.37388, 0.1705074, 0.362389, 24.47998, 253.8357
-11.3562, 0.1939326, 0.371826, 26.11512, 251.8728
-11.3389, 0.1854107, 0.3891305, 27.93209, 252.2717
-11.3307, 0.205132, 0.3500004, 27.49437, 251.3321
-11.34675, 0.1586003, 0.35386, 26.35229, 254.8933
-11.33361, 0.1915917, 0.3654242, 27.69211, 252.1515
-11.33894, 0.1687433, 0.3487683, 26.81884, 254.183
-11.32175, 0.2182934, 0.3218705, 27.41512, 250.7302
-11.3508, 0.1925, 0.3500004, 25.92984, 252.3152
-11.33244, 0.1925, 0.3567468, 27.54488, 252.2126
-11.35638, 0.1925, 0.3448817, 25.35337, 252.3931
-11.35161, 0.1925, 0.3687292, 26.38538, 252.0309
-11.31777, 0.1925, 0.3227059, 27.74885, 252.732
-11.36181, 0.1887588, 0.3500004, 25.07309, 252.6063
-11.36122, 0.1888415, 0.356161, 25.29071, 252.506
-11.3563, 0.1894003, 0.3319365, 24.99815, 252.8325
-11.33753, 0.1871142, 0.3744839, 27.63735, 252.3616
-11.38163, 0.1835836, 0.3250023, 22.82624, 253.3929
-11.34479, 0.2025676, 0.3500004, 26.3977, 251.5317
-11.34499, 0.1811798, 0.3529463, 26.46383, 253.151
-11.31716, 0.2006893, 0.3631261, 28.90719, 251.4796
-11.36438, 0.2066318, 0.3700081, 25.43029, 250.9146
-11.32928, 0.1844417, 0.3165736, 26.68001, 253.4558
-11.33686, 0.1948529, 0.3500004, 27.01464, 252.1321
-11.37218, 0.1712548, 0.3476121, 24.19886, 254.0054
-11.36044, 0.1731462, 0.3571338, 25.37836, 253.7115
-11.35484, 0.1770088, 0.354921, 25.7526, 253.4451
-11.34399, 0.1940356, 0.3148952, 25.48306, 252.7317
-11.36748, 0.1596641, 0.3500004, 24.63178, 254.8705
-11.35172, 0.1844452, 0.3419839, 25.63575, 253.0648
-11.38863, 0.1797508, 0.3693668, 23.53004, 253.0109
-11.38623, 0.2307907, 0.3210761, 22.35642, 249.7659
-11.3784, 0.1567588, 0.3315312, 23.26259, 255.385
-11.35057, 0.3649999, 0.3500004, 25.9477, 238.8911
-11.35057, 0.3649999, 0.3478939, 25.88921, 238.9194
-11.35057, 0.3649999, 0.3336369, 25.49243, 239.112
-11.35057, 0.3649999, 0.3242525, 25.23049, 239.2392
-11.35057, 0.3649999, 0.3656632, 26.38166, 238.6804
-11.35057, 0.3565742, 0.3500004, 25.9477, 239.5468
-11.35057, 0.3698255, 0.3549256, 26.08436, 238.4494
-11.35057, 0.3695383, 0.3380725, 25.61604, 238.6983
-11.35057, 0.3681695, 0.3393192, 25.65076, 238.7882
-11.35057, 0.3641379, 0.3766614, 26.68535, 238.5999
-11.35057, 0.37753, 0.3500004, 25.9477, 237.916
-11.35057, 0.37646, 0.351608, 25.99232, 237.9778
-11.35057, 0.3778622, 0.3325788, 25.46293, 238.1231
-11.35057, 0.3520382, 0.3427482, 25.74617, 239.9985
-11.35057, 0.3724113, 0.3800204, 26.77792, 237.9136
-11.35057, 0.3830491, 0.3500004, 25.9477, 237.4865
-11.35057, 0.3542711, 0.3565902, 26.1305, 239.6366
-11.35057, 0.3778127, 0.3437515, 25.77407, 237.9774
-11.35057, 0.3544944, 0.3398265, 25.66488, 239.847
-11.35057, 0.3529427, 0.3405151, 25.68403, 239.9585
-11.35057, 0.4006564, 0.3500004, 25.9477, 236.1162
-11.35057, 0.3287749, 0.353529, 26.04564, 241.6613
-11.35057, 0.3751882, 0.3587053, 26.1891, 237.9819
-11.35057, 0.4025858, 0.3317665, 25.44027, 236.2054
-11.35057, 0.4021053, 0.3132339, 24.92207, 236.4874
-11.35105, 0.3649999, 0.3500004, 25.91065, 238.8911
-11.35713, 0.3649999, 0.3498362, 25.43261, 238.8933
-11.34952, 0.3649999, 0.357876, 26.24751, 238.785
-11.35671, 0.3649999, 0.34816, 25.41863, 238.9159
-11.34407, 0.3649999, 0.3564574, 26.63266, 238.8041
-11.35865, 0.3582212, 0.3500004, 25.31871, 239.4186
-11.34069, 0.3582501, 0.3465098, 26.62026, 239.4636
-11.34792, 0.3663927, 0.3572505, 26.35468, 238.6852
-11.34145, 0.3674779, 0.3289157, 26.07229, 238.9826
-11.35664, 0.3712015, 0.3584496, 25.71028, 238.2953
-11.34068, 0.3644975, 0.3500004, 26.71778, 238.9302
-11.34608, 0.3842638, 0.3409461, 26.04568, 237.5123
-11.35357, 0.3567364, 0.3360417, 25.32589, 239.7237
-11.35325, 0.3685397, 0.332018, 25.2387, 238.8578
-11.34117, 0.3562598, 0.379029, 27.47914, 239.179
-11.34536, 0.3696942, 0.3500004, 26.35298, 238.5257
-11.35561, 0.3593222, 0.3453525, 25.42621, 239.3958
-11.34961, 0.393875, 0.3652404, 26.44458, 236.4435
-11.35157, 0.3801543, 0.3346474, 25.44262, 237.9167
-11.34918, 0.3468264, 0.3129373, 25.02246, 240.814
-11.35921, 0.360716, 0.3500004, 25.27579, 239.2244
-11.34699, 0.3903123, 0.3557901, 26.38693, 236.8448
-11.35989, 0.3966538, 0.3324125, 24.73114, 236.6596
-11.35641, 0.3741067, 0.3282439, 24.88654, 238.4743
-11.34477, 0.4011159, 0.3641487, 26.79048, 235.8953
-11.3326, 0.3649999, 0.3500004, 27.34659, 238.8911
-11.36944, 0.3649999, 0.354783, 24.61285, 238.8266
-11.34134, 0.3649999, 0.3655922, 27.09648, 238.6814
-11.33455, 0.3649999, 0.3416048, 26.96259, 239.0043
-11.33673, 0.3649999, 0.3105808, 25.93007, 239.425
-11.36862, 0.3625877, 0.3500004, 24.54307, 239.0788
-11.34185, 0.3601437, 0.3522066, 26.68732, 239.2392
-11.333, 0.3600843, 0.3476428, 27.25006, 239.3055
-11.35356, 0.369177, 0.3314102, 25.19746, 238.8163
-11.36507, 0.3707393, 0.3245226, 24.10618, 238.7874
-11.3382, 0.3536764, 0.3500004, 26.91025, 239.7723
-11.35248, 0.3625499, 0.3437779, 25.62657, 239.1658
-11.35618, 0.3456421, 0.3604501, 25.80145, 240.2549
-11.3578, 0.3655542, 0.3422428, 25.16905, 238.9525
-11.34342, 0.3776426, 0.3299412, 25.94742, 238.1756
-11.34874, 0.358107, 0.3500004, 26.09033, 239.4275
-11.33827, 0.3860793, 0.3492114, 26.88352, 237.2611
-11.33692, 0.3643822, 0.357571, 27.21899, 238.8372
-11.35288, 0.3454757, 0.3797675, 26.59168, 240.0051
-11.35414, 0.3765022, 0.3623435, 26.01276, 237.8313
-11.36483, 0.346979, 0.3500004, 24.83786, 240.2935
-11.36339, 0.3432224, 0.3455856, 24.8271, 240.6463
-11.33251, 0.3854163, 0.3331128, 26.88632, 237.5268
-11.35738, 0.3575718, 0.3278522, 24.7996, 239.7701
-11.35872, 0.3822497, 0.3485145, 25.27252, 237.5684
-11.36376, 0.3649999, 0.3500004, 24.92133, 238.8911
-11.32846, 0.3649999, 0.3450567, 27.53227, 238.9577
-11.35143, 0.3649999, 0.369584, 26.42376, 238.6278
-11.3209, 0.3649999, 0.3364683, 27.88459, 239.0737
-11.32607, 0.3649999, 0.3608374, 28.15211, 238.7452
-11.33884, 0.3715206, 0.3500004, 26.86039, 238.3836
-11.35637, 0.3569989, 0.3436794, 25.32017, 239.5995
-11.33127, 0.3642818, 0.3509928, 27.47719, 238.9336
-11.34035, 0.3612156, 0.3615524, 27.06234, 239.0297
-11.32905, 0.3645414, 0.3471586, 27.54381, 238.9651
-11.33725, 0.3575232, 0.3500004, 26.98471, 239.4729
-11.36818, 0.3832695, 0.343829, 24.40475, 237.5514
-11.35402, 0.3629019, 0.3538502, 25.78601, 239.0024
-11.35999, 0.3717399, 0.3288167, 24.62281, 238.6513
-11.32635, 0.3462969, 0.3262404, 27.17699, 240.6722
-11.35805, 0.3695595, 0.3500004, 25.36562, 238.5362
-11.371, 0.3860815, 0.3524243, 24.42541, 237.2184
-11.36274, 0.3350948, 0.3332593, 24.53291, 241.4494
-11.34203, 0.3517641, 0.3753787, 27.31221, 239.5769
-11.36367, 0.3600852, 0.3864586, 25.94049, 238.7828
-11.38027, 0.4034837, 0.3500004, 23.63644, 235.8962
-11.37363, 0.3456436, 0.3440287, 23.98592, 240.4791
-11.33408, 0.3814381, 0.3668097, 27.69403, 237.3886
-11.37535, 0.3549044, 0.3405344, 23.7536, 239.8054
-11.32511, 0.3848399, 0.3134649, 26.91918, 237.8344
-11.31503, 0.3649999, 0.3500004, 28.71394, 238.8911
-11.33994, 0.3649999, 0.3536861, 26.87716, 238.8414
-11.3489, 0.3649999, 0.3515497, 26.12087, 238.8702
-11.37414, 0.3649999, 0.3356456, 23.71076, 239.0849
-11.32226, 0.3649999, 0.3480055, 28.09596, 238.918
-11.38342, 0.3719818, 0.3500004, 23.39142, 238.3477
-11.36682, 0.36677, 0.3538818, 24.79145, 238.7011
-11.33666, 0.36147, 0.3395121, 26.73996, 239.3076
-11.35354, 0.3639194, 0.3371078, 25.35799, 239.1493
-11.36168, 0.3707786, 0.3567575, 25.2712, 238.3508
-11.35512, 0.3620696, 0.3500004, 25.59367, 239.1191
-11.31839, 0.3638706, 0.3534168, 28.54557, 238.9329
-11.33945, 0.3454106, 0.3404572, 26.54866, 240.5462
-11.31265, 0.3662434, 0.3476658, 28.83452, 238.8257
-11.33381, 0.3493626, 0.3313726, 26.73686, 240.3625
-11.3535, 0.3456285, 0.3500004, 25.71954, 240.3986
-11.3497, 0.3598506, 0.3557573, 26.17523, 239.214
-11.33642, 0.3836583, 0.3306858, 26.5142, 237.6963
-11.34778, 0.3643564, 0.3689953, 26.6907, 238.6857
-11.3313, 0.3590539, 0.3498328, 27.44296, 239.356
-11.36868, 0.3430592, 0.3500004, 24.53814, 240.5985
-11.37139, 0.3451853, 0.3408702, 24.07166, 240.5581
-11.37281, 0.3525799, 0.3538173, 24.32419, 239.8057
-11.33016, 0.3572437, 0.3708152, 28.10856, 239.2133
-11.31093, 0.3860133, 0.3850887, 29.9883, 236.7925
-11.35057, 0.5374999, 0.3500004, 25.9477, 225.4669
-11.35057, 0.5374999, 0.3409566, 25.69633, 225.5732
-11.35057, 0.5374999, 0.3300079, 25.39122, 225.7021
-11.35057, 0.5374999, 0.3561912, 26.11944, 225.3944
-11.35057, 0.5374999, 0.3858243, 26.93769, 225.0485
-11.35057, 0.5353074, 0.3500004, 25.9477, 225.6376
-11.35057, 0.5431967, 0.3452097, 25.81461, 225.0796
-11.35057, 0.5470395, 0.3343898, 25.51342, 224.9066
-11.35057, 0.5339026, 0.3543086, 26.06725, 225.6962
-11.35057, 0.5398114, 0.3178248, 25.05066, 225.6654
-11.35057, 0.5268598, 0.3500004, 25.9477, 226.295
-11.35057, 0.5300792, 0.3447617, 25.80218, 226.1063
-11.35057, 0.5457755, 0.3406417, 25.68755, 224.9321
-11.35057, 0.5363433, 0.3385274, 25.6287, 225.6919
-11.35057, 0.5500684, 0.3671367, 26.42239, 224.2904
-11.35057, 0.548018, 0.3500004, 25.9477, 224.6484
-11.35057, 0.5337639, 0.3414088, 25.70889, 225.8589
-11.35057, 0.5405828, 0.3518177, 25.99814, 225.2058
-11.35057, 0.5449214, 0.3409852, 25.69712, 224.9946
-11.35057, 0.5614491, 0.3735706, 26.60009, 223.3332
-11.35057, 0.5275996, 0.3500004, 25.9477, 226.2374
-11.35057, 0.5725301, 0.3584079, 26.18086, 222.6453
-11.35057, 0.5740477, 0.3522089, 26.00902, 222.5977
-11.35057, 0.5580671, 0.3451315, 25.81242, 223.9225
-11.35057, 0.5376924, 0.3307423, 25.41171, 225.6785
-11.34132, 0.5374999, 0.3500004, 26.6679, 225.4669
-11.35986, 0.5374999, 0.3566532, 25.40972, 225.3889
-11.35587, 0.5374999, 0.3372482, 25.17989, 225.6168
-11.34722, 0.5374999, 0.3618115, 26.5352, 225.3286
-11.35548, 0.5374999, 0.3878548, 26.61331, 225.0249
-11.35497, 0.5324793, 0.3500004, 25.60531, 225.8576
-11.34722, 0.5455614, 0.3409858, 25.95839, 224.9447
-11.3582, 0.5410182, 0.3570662, 25.55032, 225.1105
-11.34581, 0.5380327, 0.3344437, 25.88629, 225.6083
-11.34824, 0.5323592, 0.3807078, 26.97757, 225.5065
-11.35068, 0.5474271, 0.3500004, 25.93933, 224.6944
-11.34426, 0.5561951, 0.3428855, 26.24152, 224.0943
-11.34354, 0.5311621, 0.3489532, 26.46622, 225.9725
-11.35235, 0.5394744, 0.3270661, 25.17051, 225.5827
-11.34341, 0.5558361, 0.3110533, 25.42139, 224.4921
-11.35029, 0.554521, 0.3500004, 25.96951, 224.1423
-11.34483, 0.5476118, 0.3564696, 26.57327, 224.6048
-11.35507, 0.5314041, 0.3399661, 25.31801, 226.0598
-11.34469, 0.5507162, 0.3534302, 26.5002, 224.3987
-11.3562, 0.5505619, 0.3855094, 26.49269, 224.0404
-11.35003, 0.502827, 0.3500004, 25.98945, 228.1652
-11.3535, 0.5332247, 0.3458339, 25.6039, 225.8487
-11.35803, 0.5430833, 0.3500909, 25.36962, 225.0314
-11.34439, 0.5246929, 0.3262388, 25.76866, 226.7464
-11.35184, 0.5737486, 0.3467057, 25.75713, 222.6835
-11.36258, 0.5374999, 0.3500004, 25.01318, 225.4669
-11.34399, 0.5374999, 0.3574696, 26.66635, 225.3794
-11.36466, 0.5374999, 0.3473531, 24.77755, 225.498
-11.3546, 0.5374999, 0.3208749, 24.82105, 225.81
-11.35467, 0.5374999, 0.3390096, 25.32237, 225.5961
-11.36856, 0.5347068, 0.3500004, 24.54771, 225.6843
-11.36605, 0.5438034, 0.3423933, 24.53084, 225.0653
-11.34728, 0.5473947, 0.3642195, 26.59747, 224.5318
-11.35573, 0.5403548, 0.3262169, 24.88236, 225.524
-11.36582, 0.5392999, 0.3282752, 24.15281, 225.5821
-11.33889, 0.5463378, 0.3500004, 26.85712, 224.7792
-11.34411, 0.5309499, 0.3541818, 26.56634, 225.9274
-11.34926, 0.5406474, 0.3540917, 26.16347, 225.1741
-11.36082, 0.5401456, 0.3689168, 25.67588, 225.0401
-11.3589, 0.5226841, 0.3626446, 25.65147, 226.4699
-11.35874, 0.5609804, 0.3500004, 25.31241, 223.6397
-11.34741, 0.5350899, 0.3403433, 25.92596, 225.7682
-11.35367, 0.5472245, 0.3502565, 25.71336, 224.7072
-11.36731, 0.5354775, 0.3493534, 24.62729, 225.6319
-11.36901, 0.5655609, 0.3524032, 24.58016, 223.2557
-11.33066, 0.5264389, 0.3500004, 27.49733, 226.3277
-11.36822, 0.5546911, 0.3471403, 24.49453, 224.1622
-11.36509, 0.5084434, 0.3319496, 24.3127, 227.9458
-11.33106, 0.5152272, 0.3724199, 28.0821, 226.9329
-11.36931, 0.5084873, 0.3580921, 24.7152, 227.6275
-11.34689, 0.5374999, 0.3500004, 26.23431, 225.4669
-11.34989, 0.5374999, 0.3438088, 25.8286, 225.5396
-11.32993, 0.5374999, 0.3390432, 27.2518, 225.5957
-11.32987, 0.5374999, 0.339583, 27.27111, 225.5893
-11.37994, 0.5374999, 0.3736334, 24.32294, 225.1905
-11.3729, 0.5383655, 0.3500004, 24.21029, 225.3996
-11.32458, 0.5314622, 0.3511317, 28.0011, 225.9235
-11.37271, 0.5420126, 0.3556134, 24.38221, 225.0502
-11.37594, 0.5467618, 0.3580993, 24.20032, 224.652
-11.33096, 0.5312709, 0.3174873, 26.57385, 226.3369
-11.37085, 0.529238, 0.3500004, 24.36988, 226.1099
-11.35654, 0.5225962, 0.3565055, 25.66376, 226.5495
-11.32433, 0.519267, 0.3642392, 28.38076, 226.7165
-11.32446, 0.5571395, 0.3313363, 27.46512, 224.1544
-11.3322, 0.5237027, 0.3667774, 27.83924, 226.3419
-11.35811, 0.5239522, 0.3500004, 25.36128, 226.5212
-11.36304, 0.5208574, 0.34447, 24.82291, 226.8279
-11.37887, 0.5566141, 0.3570328, 23.94294, 223.8984
-11.36055, 0.5286075, 0.3718795, 25.77913, 225.901
-11.37838, 0.5653941, 0.3211085, 22.97029, 223.6283
-11.33442, 0.5090494, 0.3500004, 27.20469, 227.681
-11.32743, 0.5748709, 0.3565212, 27.92778, 222.4847
-11.3406, 0.5236854, 0.3695059, 27.2615, 226.311
-11.32321, 0.545404, 0.3433726, 27.8946, 224.9291
-11.36113, 0.5019791, 0.317041, 24.20348, 228.6315
-11.36607, 0.5374999, 0.3500004, 24.74186, 225.4669
-11.38984, 0.5374999, 0.341213, 22.64382, 225.5702
-11.3207, 0.5374999, 0.3463409, 28.17171, 225.5099
-11.37932, 0.5374999, 0.3314486, 23.18884, 225.6852
-11.37765, 0.5374999, 0.346942, 23.75456, 225.5028
-11.31605, 0.5364898, 0.3500004, 28.63438, 225.5455
-11.36148, 0.5369143, 0.3419683, 24.87439, 225.6069
-11.31494, 0.5371318, 0.3400938, 28.4487, 225.612
-11.38219, 0.5320446, 0.3681475, 23.99519, 225.678
-11.38498, 0.5319241, 0.3759033, 23.99606, 225.5965
-11.3327, 0.541217, 0.3500004, 27.33839, 225.1777
-11.34685, 0.529137, 0.3503415, 26.24697, 226.1137
-11.32627, 0.5211902, 0.3521644, 27.89819, 226.7104
-11.34159, 0.5190921, 0.3434337, 26.46459, 226.9778
-11.35108, 0.5410773, 0.3374692, 25.55975, 225.3354
-11.36055, 0.5172151, 0.3500004, 25.17111, 227.0455
-11.33422, 0.5638504, 0.3514521, 27.26013, 223.3997
-11.36058, 0.5145416, 0.3492053, 25.14699, 227.2631
-11.3523, 0.5549823, 0.3769259, 26.55868, 223.7963
-11.3594, 0.5261104, 0.3238495, 24.52988, 226.6642
-11.35135, 0.5289567, 0.3500004, 25.88691, 226.1318
-11.33302, 0.5310699, 0.3473315, 27.23957, 225.9988
-11.31952, 0.5472238, 0.3568944, 28.55342, 224.6301
-11.32425, 0.5522088, 0.3607284, 28.29022, 224.1982
-11.37558, 0.5600625, 0.3759545, 24.72626, 223.4135
-11.35057, 0.7099999, 0.3500004, 25.9477, 212.0428
-11.35057, 0.7099999, 0.3403818, 25.68031, 212.1391
-11.35057, 0.7099999, 0.3561288, 26.11771, 211.9816
-11.35057, 0.7099999, 0.3528627, 26.02714, 212.0142
-11.35057, 0.7099999, 0.34681, 25.85909, 212.0747
-11.35057, 0.7136936, 0.3500004, 25.9477, 211.7554
-11.35057, 0.7166803, 0.3525042, 26.0172, 211.4981
-11.35057, 0.7056509, 0.34979, 25.94185, 212.3834
-11.35057, 0.7150465, 0.3393879, 25.65265, 211.7557
-11.35057, 0.7178398, 0.3715071, 26.54313, 211.2201
-11.35057, 0.7213609, 0.3500004, 25.9477, 211.1587
-11.35057, 0.7139611, 0.3400549, 25.67124, 211.8336
-11.35057, 0.7014516, 0.3345565, 25.51808, 212.864
-11.35057, 0.7019613, 0.3541093, 26.06172, 212.627
-11.35057, 0.72686, 0.3705126, 26.51566, 210.5298
-11.35057, 0.7120569, 0.3500004, 25.9477, 211.8827
-11.35057, 0.7135968, 0.3485825, 25.90834, 211.777
-11.35057, 0.7044517, 0.3332311, 25.48113, 212.6435
-11.35057, 0.7031465, 0.3299291, 25.389, 212.7786
-11.35057, 0.7352852, 0.3793531, 26.75953, 209.7903
-11.35057, 0.6918517, 0.3500004, 25.9477, 213.4551
-11.35057, 0.7402339, 0.3432152, 25.75916, 209.7558
-11.35057, 0.7285045, 0.3464347, 25.84866, 210.6378
-11.35057, 0.6777744, 0.3574812, 26.15519, 214.4735
-11.35057, 0.7191891, 0.3284456, 25.34759, 211.5417
-11.34108, 0.7099999, 0.3500004, 26.68606, 212.0428
-11.35369, 0.7099999, 0.3571405, 25.9032, 211.9715
-11.34064, 0.7099999, 0.3375595, 26.37621, 212.1673
-11.3532, 0.7099999, 0.3782602, 26.52575, 211.7615
-11.34918, 0.7099999, 0.3416081, 25.82245, 212.1268
-11.34845, 0.7092966, 0.3500004, 26.11259, 212.0975
-11.35058, 0.7119828, 0.3501647, 25.95148, 211.8869
-11.34667, 0.7148498, 0.333162, 25.78318, 211.8332
-11.35677, 0.71414, 0.3531505, 25.55267, 211.6893
-11.35959, 0.7162297, 0.3572242, 25.447, 211.4863
-11.3524, 0.7013928, 0.3500004, 25.80557, 212.7126
-11.34472, 0.6999355, 0.3593657, 26.66259, 212.7316
-11.34248, 0.7144512, 0.3610258, 26.88193, 211.5869
-11.35179, 0.7271553, 0.3491992, 25.8308, 210.7156
-11.34365, 0.720516, 0.3649275, 26.89891, 211.0771
-11.34543, 0.719925, 0.3500004, 26.34759, 211.2704
-11.35633, 0.6853064, 0.3516878, 25.54672, 213.9472
-11.34832, 0.7223002, 0.367686, 26.61251, 210.9115
-11.35716, 0.705582, 0.374426, 26.11233, 212.1422
-11.35719, 0.7338891, 0.3460048, 25.32151, 210.2227
-11.35728, 0.7360835, 0.3500004, 25.42583, 210.013
-11.34249, 0.6730641, 0.3505738, 26.59245, 214.9113
-11.35596, 0.704305, 0.363523, 25.90414, 212.3503
-11.34679, 0.7246882, 0.3665857, 26.70101, 210.7368
-11.35306, 0.7449538, 0.3344006, 25.31948, 209.4734
-11.33514, 0.7099999, 0.3500004, 27.14888, 212.0428
-11.337, 0.7099999, 0.3543473, 27.12407, 211.9994
-11.34737, 0.7099999, 0.3338771, 25.74848, 212.2043
-11.35325, 0.7099999, 0.3286839, 25.14546, 212.2564
-11.34436, 0.7099999, 0.3138642, 25.42548, 212.4056
-11.33939, 0.7009529, 0.3500004, 26.81793, 212.7469
-11.34134, 0.7051484, 0.3465404, 26.57069, 212.4551
-11.33289, 0.7021449, 0.3571293, 27.52001, 212.5824
-11.34724, 0.7145049, 0.3230527, 25.45742, 211.9612
-11.36523, 0.7019644, 0.3171894, 23.88704, 213.0001
-11.35091, 0.7075891, 0.3500004, 25.921, 212.2304
-11.33879, 0.715151, 0.3419588, 26.64194, 211.722
-11.33933, 0.6984181, 0.3343209, 26.3878, 213.103
-11.36334, 0.7088148, 0.3227648, 24.19205, 212.4085
-11.36504, 0.7087446, 0.3220233, 24.03846, 212.4214
-11.33747, 0.7044988, 0.3500004, 26.96707, 212.4709
-11.34109, 0.7083517, 0.3525649, 26.7567, 212.1454
-11.34691, 0.7036536, 0.3673109, 26.71152, 212.363
-11.33737, 0.7077435, 0.3478501, 26.91555, 212.2399
-11.33878, 0.6822404, 0.3181283, 25.98071, 214.5319
-11.35418, 0.6779288, 0.3500004, 25.66658, 214.5386
-11.35544, 0.7280194, 0.340113, 25.29309, 210.7376
-11.3677, 0.7189569, 0.3515932, 24.65884, 211.33
-11.35091, 0.7193123, 0.3533168, 26.01315, 211.2853
-11.36615, 0.7271642, 0.3281385, 24.12319, 210.9223
-11.33959, 0.7099999, 0.3500004, 26.80238, 212.0428
-11.35756, 0.7099999, 0.3550612, 25.54454, 211.9923
-11.33798, 0.7099999, 0.3488838, 26.89655, 212.054
-11.37228, 0.7099999, 0.3753831, 24.96642, 211.79
-11.36844, 0.7099999, 0.375195, 25.25897, 211.7919
-11.33249, 0.7152858, 0.3500004, 27.35467, 211.6315
-11.3312, 0.7041323, 0.3571662, 27.6523, 212.4275
-11.3358, 0.7016243, 0.3426118, 26.89334, 212.7691
-11.37954, 0.7066253, 0.3560863, 23.86364, 212.2444
-11.34859, 0.7108933, 0.3544452, 26.22514, 211.9289
-11.35568, 0.7287671, 0.3500004, 25.55027, 210.5823
-11.36452, 0.7243606, 0.3539316, 24.97175, 210.8866
-11.32104, 0.7296351, 0.3438035, 28.07568, 210.5755
-11.35786, 0.6980787, 0.3588133, 25.62532, 212.8815
-11.3559, 0.7200554, 0.3577879, 25.74922, 211.1833
-11.34022, 0.7277405, 0.3500004, 26.75315, 210.6622
-11.37426, 0.723022, 0.3505186, 24.11839, 211.0243
-11.36684, 0.7139378, 0.3502019, 24.68727, 211.7344
-11.36765, 0.6871851, 0.3798753, 25.45009, 213.5141
-11.35773, 0.7194549, 0.3776106, 26.15653, 211.0347
-11.34205, 0.7437745, 0.3500004, 26.61049, 209.4144
-11.35914, 0.6847013, 0.3551529, 25.42441, 213.9588
-11.36274, 0.6861255, 0.3383319, 24.67453, 214.0203
-11.33217, 0.7035053, 0.3597404, 27.6481, 212.4504
-11.35535, 0.7188184, 0.3152969, 24.60651, 211.7018
-11.33961, 0.7099999, 0.3500004, 26.80042, 212.0428
-11.32672, 0.7099999, 0.3416726, 27.57467, 212.1261
-11.34025, 0.7099999, 0.3478332, 26.69081, 212.0645
-11.3161, 0.7099999, 0.3369267, 28.27146, 212.1737
-11.3221, 0.7099999, 0.3878465, 29.19801, 211.6665
-11.35712, 0.700843, 0.3500004, 25.43829, 212.7554
-11.34892, 0.7091249, 0.3545599, 26.20304, 212.0653
-11.34963, 0.7107525, 0.3307306, 25.48453, 212.1771
-11.38004, 0.7133203, 0.3490134, 23.62637, 211.7943
-11.34056, 0.7015107, 0.3880661, 27.77464, 212.3217
-11.3655, 0.7005018, 0.3500004, 24.7856, 212.782
-11.35511, 0.7235081, 0.3415075, 25.35793, 211.0754
-11.36178, 0.7043947, 0.3627644, 25.43086, 212.351
-11.36561, 0.7192373, 0.371211, 25.3677, 211.1145
-11.38098, 0.694813, 0.3714732, 24.18258, 213.0074
-11.36898, 0.7349029, 0.3500004, 24.51505, 210.1048
-11.33676, 0.6864857, 0.3571577, 27.2198, 213.7996
-11.33237, 0.6913233, 0.3668056, 27.82651, 213.3255
-11.36215, 0.7253097, 0.3615648, 25.36842, 210.7378
-11.34743, 0.7332699, 0.3198706, 25.35361, 210.5271
-11.31215, 0.7092901, 0.3500004, 28.93755, 212.098
-11.37629, 0.7235532, 0.3454295, 23.81777, 211.0332
-11.33866, 0.711523, 0.3532243, 26.9636, 211.8921
-11.36206, 0.7379088, 0.3792635, 25.86658, 209.5878
-11.31759, 0.7350174, 0.3261655, 27.85815, 210.3288
-11.00697, 1.204594, 0.3500004, 52.68681, 173.553
-11.00697, 1.204594, 0.3465064, 52.60188, 173.5705
-11.00697, 1.204594, 0.3444544, 52.55196, 173.5808
-11.00697, 1.204594, 0.3346898, 52.31408, 173.6297
-11.00697, 1.204594, 0.3263928, 52.11149, 173.6714
-11.00697, 1.207293, 0.3500004, 52.68681, 173.343
-11.00697, 1.213353, 0.3484171, 52.64833, 172.8792
-11.00697, 1.207592, 0.3479668, 52.63737, 173.3298
-11.00697, 1.19523, 0.3370149, 52.37078, 174.348
-11.00697, 1.212901, 0.3889927, 53.62933, 172.7158
-11.00697, 1.19696, 0.3500004, 52.68681, 174.1471
-11.00697, 1.193369, 0.3487361, 52.65607, 174.433
-11.00697, 1.205622, 0.3520579, 52.73678, 173.4628
-11.00697, 1.199307, 0.3422975, 52.49947, 174.0034
-11.00697, 1.193194, 0.3296309, 52.19062, 174.5446
-11.00697, 1.199673, 0.3500004, 52.68681, 173.936
-11.00697, 1.181322, 0.348185, 52.64269, 175.3735
-11.00697, 1.184494, 0.3427787, 52.51117, 175.1548
-11.00697, 1.221424, 0.3306138, 52.21461, 172.3371
-11.00697, 1.211456, 0.3507517, 52.70505, 173.0153
-11.00697, 1.192282, 0.3500004, 52.68681, 174.5112
-11.00697, 1.207561, 0.3531234, 52.76264, 173.3066
-11.00697, 1.206512, 0.3348112, 52.31705, 173.4796
-11.00697, 1.201005, 0.3204977, 51.96728, 173.9815
-11.00697, 1.177174, 0.3457916, 52.58447, 175.7091
-10.99897, 1.204594, 0.3500004, 53.30974, 173.553
-11.01283, 1.204594, 0.3513938, 52.26468, 173.5461
-11.01511, 1.204594, 0.3596943, 52.28966, 173.5046
-11.00039, 1.204594, 0.3327388, 52.78021, 173.6396
-11.00039, 1.204594, 0.3771375, 53.85474, 173.4178
-11.01155, 1.200737, 0.3500004, 52.33051, 173.8532
-11.01174, 1.204476, 0.3459259, 52.21642, 173.5826
-11.01568, 1.19644, 0.3621516, 52.30486, 174.1259
-11.00093, 1.209356, 0.332215, 52.72479, 173.2707
-10.99953, 1.213292, 0.3613811, 53.54163, 172.8203
-10.99862, 1.196014, 0.3500004, 53.33664, 174.2207
-10.99869, 1.194159, 0.3445695, 53.19961, 174.3928
-11.00064, 1.194483, 0.3602422, 53.42756, 174.2877
-11.00416, 1.213564, 0.3333687, 52.50136, 172.9368
-10.99698, 1.209356, 0.3179876, 52.68682, 173.3416
-10.99805, 1.218183, 0.3500004, 53.38158, 172.4955
-11.00066, 1.21384, 0.3578098, 53.36702, 172.7952
-10.997, 1.199166, 0.3491504, 53.44265, 173.9797
-11.01571, 1.178211, 0.3269454, 51.44285, 175.728
-11.00885, 1.19762, 0.3656589, 52.92038, 174.0165
-11.0106, 1.165912, 0.3500004, 52.40484, 176.5633
-10.99958, 1.183121, 0.3550621, 53.38463, 175.1977
-11.01095, 1.176739, 0.3490425, 52.35373, 175.7258
-11.00969, 1.230247, 0.3354186, 52.12046, 171.6259
-11.01163, 1.195835, 0.3782634, 53.00992, 174.0914
-10.99504, 1.204594, 0.3500004, 53.61576, 173.553
-11.00347, 1.204594, 0.3540616, 53.05779, 173.5327
-11.0149, 1.204594, 0.3577653, 52.25935, 173.5143
-10.99879, 1.204594, 0.3446221, 53.19357, 173.58
-11.01658, 1.204594, 0.3154848, 51.09381, 173.7264
-11.00947, 1.201123, 0.3500004, 52.49248, 173.8231
-10.9952, 1.209673, 0.3489097, 53.57655, 173.1632
-11.00276, 1.213595, 0.3397159, 52.76539, 172.9031
-10.99033, 1.200561, 0.3573765, 54.15987, 173.8297
-11.02015, 1.199614, 0.3328963, 51.24298, 174.0271
-11.01446, 1.221615, 0.3500004, 52.10406, 172.2284
-10.99308, 1.204216, 0.3522544, 53.82218, 173.5711
-11.00362, 1.195317, 0.367901, 53.38085, 174.184
-11.01686, 1.199594, 0.3577461, 52.10585, 173.903
-11.00535, 1.20341, 0.3154712, 51.9707, 173.819
-11.01234, 1.219373, 0.3500004, 52.26889, 172.4029
-10.98785, 1.186959, 0.3593856, 54.40095, 174.8768
-11.0231, 1.214133, 0.3323058, 50.99796, 172.8977
-11.02227, 1.215711, 0.3730489, 52.05797, 172.5755
-11.02066, 1.189229, 0.3376825, 51.3202, 174.8123
-11.00172, 1.209001, 0.3500004, 53.09594, 173.21
-11.01412, 1.171654, 0.3550058, 52.25272, 176.0898
-10.99181, 1.196384, 0.3616808, 54.14852, 174.1326
-10.99814, 1.244364, 0.3400869, 53.13402, 170.5037
-10.98866, 1.228294, 0.3253754, 53.51656, 171.8262
-11.00157, 1.204594, 0.3500004, 53.10758, 173.553
-11.00436, 1.204594, 0.3502131, 52.89561, 173.552
-11.00924, 1.204594, 0.3649141, 52.87225, 173.4786
-10.99109, 1.204594, 0.3613487, 54.196, 173.4964
-11.03662, 1.204594, 0.3543759, 50.48754, 173.5312
-10.98871, 1.197776, 0.3500004, 54.10825, 174.0836
-11.00232, 1.196496, 0.3435251, 52.89152, 174.2162
-10.99733, 1.210447, 0.339177, 53.17477, 173.1511
-10.99404, 1.214469, 0.3795815, 54.40517, 172.6401
-11.02961, 1.212911, 0.3677245, 51.35857, 172.8189
-10.98885, 1.217849, 0.3500004, 54.09702, 172.5215
-11.00029, 1.21986, 0.3451441, 53.08924, 172.3885
-10.99688, 1.2049, 0.3529202, 53.54269, 173.5146
-10.98418, 1.196519, 0.3701329, 54.9439, 174.0793
-11.01797, 1.217047, 0.3440709, 51.68601, 172.6128
-11.00041, 1.175787, 0.3500004, 53.19748, 175.7948
-11.01817, 1.184553, 0.3429636, 51.64342, 175.1493
-10.99919, 1.193021, 0.3357158, 52.94595, 174.5269
-11.03139, 1.208645, 0.3630845, 51.10761, 173.173
-11.02077, 1.175419, 0.3849988, 52.46468, 175.6389
-11.0166, 1.191257, 0.3500004, 51.93782, 174.5909
-11.02692, 1.232155, 0.3535065, 51.2207, 171.3916
-11.01087, 1.170768, 0.3316709, 51.93671, 176.2835
-10.98338, 1.217029, 0.3391372, 54.26125, 172.6383
-10.99445, 1.198556, 0.3775379, 54.32427, 173.884
-10.99146, 1.204594, 0.3500004, 53.89385, 173.553
-10.98605, 1.204594, 0.3418777, 54.11897, 173.5937
-10.98686, 1.204594, 0.3406051, 54.02524, 173.6001
-10.98534, 1.204594, 0.3660117, 54.75489, 173.4731
-11.00826, 1.204594, 0.3179095, 51.80357, 173.7142
-10.99839, 1.213952, 0.3500004, 53.3548, 172.8248
-10.97131, 1.195085, 0.3461804, 55.37077, 174.3125
-10.99547, 1.206941, 0.3329, 53.16806, 173.4557
-10.96771, 1.205634, 0.3300744, 55.26498, 173.5717
-11.00527, 1.206379, 0.3612111, 53.09158, 173.3583
-11.03136, 1.218384, 0.3500004, 50.78872, 172.4798
-11.02594, 1.186768, 0.3544956, 51.3211, 174.917
-10.97515, 1.186526, 0.3689167, 55.6158, 174.8613
-11.01628, 1.216609, 0.3596265, 52.19722, 172.5711
-11.01968, 1.216766, 0.3503882, 51.70741, 172.6039
-10.98731, 1.185203, 0.3500004, 54.2172, 175.062
-11.01104, 1.176225, 0.3474963, 52.30908, 175.7739
-11.03238, 1.23198, 0.3395194, 50.45237, 171.4714
-11.04195, 1.216147, 0.3237353, 49.31498, 172.7827
-10.97217, 1.218943, 0.3375073, 55.09559, 172.4972
-11.01938, 1.208489, 0.3500004, 51.72159, 173.2499
-10.99392, 1.219753, 0.3565536, 53.86118, 172.3416
-11.03214, 1.212756, 0.354434, 50.83699, 172.8961
-10.99359, 1.226472, 0.3605606, 53.98291, 171.8
-10.99492, 1.18858, 0.3726253, 54.16978, 174.6828
-11.00697, 1.414594, 0.3500004, 52.68681, 157.2106
-11.00697, 1.414594, 0.3411177, 52.47075, 157.2362
-11.00697, 1.414594, 0.3416132, 52.48282, 157.2348
-11.00697, 1.414594, 0.3365122, 52.35854, 157.2495
-11.00697, 1.414594, 0.3432909, 52.52365, 157.23
-11.00697, 1.414036, 0.3500004, 52.68681, 157.254
-11.00697, 1.412048, 0.3568396, 52.85281, 157.3889
-11.00697, 1.409244, 0.3579447, 52.8796, 157.6036
-11.00697, 1.413027, 0.3372303, 52.37603, 157.3696
-11.00697, 1.42256, 0.3309806, 52.22358, 156.644
-11.00697, 1.424879, 0.3500004, 52.68681, 156.4102
-11.00697, 1.432009, 0.3418878, 52.48951, 155.8773
-11.00697, 1.427984, 0.3666988, 53.0916, 156.1228
-11.00697, 1.41854, 0.3594187, 52.91535, 156.8768
-11.00697, 1.409928, 0.3169374, 51.88009, 157.6709
-11.00697, 1.406846, 0.3500004, 52.68681, 157.8136
-11.00697, 1.440507, 0.348956, 52.66143, 155.1968
-11.00697, 1.396578, 0.3396986, 52.43618, 158.6442
-11.00697, 1.416409, 0.339431, 52.42966, 157.0996
-11.00697, 1.435372, 0.3668684, 53.09571, 155.5486
-11.00697, 1.440168, 0.3500004, 52.68681, 155.2204
-11.00697, 1.399584, 0.3461811, 52.59397, 158.3902
-11.00697, 1.434135, 0.3465767, 52.60358, 155.6991
-11.00697, 1.451843, 0.3600113, 52.9297, 154.2868
-11.00697, 1.402463, 0.3565709, 52.84628, 158.1349
-11.01554, 1.414594, 0.3500004, 52.02041, 157.2106
-10.9976, 1.414594, 0.3477489, 53.36204, 157.2171
-11.01119, 1.414594, 0.3603087, 52.60919, 157.181
-11.01316, 1.414594, 0.3521198, 52.25696, 157.2045
-11.01147, 1.414594, 0.3392381, 52.07448, 157.2417
-10.99919, 1.405656, 0.3500004, 53.29235, 157.9061
-11.01463, 1.411998, 0.3459909, 51.99323, 157.4243
-11.00738, 1.413826, 0.350772, 52.67361, 157.2681
-11.00858, 1.423201, 0.3502204, 52.56722, 156.5401
-10.99821, 1.42386, 0.3424481, 53.1857, 156.5106
-11.0082, 1.408527, 0.3500004, 52.59104, 157.6827
-11.01567, 1.406041, 0.3593876, 52.23875, 157.8484
-11.01073, 1.422071, 0.342257, 52.20577, 156.6505
-11.01183, 1.432393, 0.3258388, 51.71856, 155.8909
-10.99822, 1.396224, 0.3117307, 52.4374, 158.7581
-11.01409, 1.391039, 0.3500004, 52.13297, 159.0436
-10.99796, 1.38594, 0.3496229, 53.37926, 159.4417
-11.0115, 1.384606, 0.3377516, 52.03606, 159.5833
-11.01095, 1.428455, 0.3208433, 51.66481, 156.2122
-11.008, 1.409042, 0.3484884, 52.57024, 157.6471
-11.01418, 1.386478, 0.3500004, 52.12591, 159.3986
-10.99824, 1.450511, 0.3488345, 53.33821, 154.4184
-11.00463, 1.449363, 0.3482306, 52.82624, 154.5093
-11.01592, 1.416933, 0.3669904, 52.4043, 156.9801
-11.00369, 1.439218, 0.3279792, 52.40642, 155.3524
-11.01535, 1.414594, 0.3500004, 52.03524, 157.2106
-11.02629, 1.414594, 0.3533942, 51.26661, 157.2009
-11.01674, 1.414594, 0.341018, 51.7076, 157.2365
-11.02572, 1.414594, 0.3428483, 51.0528, 157.2313
-11.01863, 1.414594, 0.358529, 51.9875, 157.1861
-11.00594, 1.415934, 0.3500004, 52.76755, 157.1063
-10.98819, 1.422832, 0.3497407, 54.14228, 156.5702
-11.02213, 1.405377, 0.3364615, 51.17542, 157.9682
-10.99581, 1.407889, 0.3720432, 54.08695, 157.6676
-11.0046, 1.405826, 0.325054, 52.26385, 157.9672
-11.00456, 1.407411, 0.3500004, 52.87442, 157.7696
-11.00384, 1.396131, 0.3565938, 53.09066, 158.6272
-11.02009, 1.401627, 0.3304807, 51.18834, 158.2786
-11.01934, 1.421597, 0.3609261, 51.99062, 156.6349
-10.99356, 1.431461, 0.3572125, 53.90501, 155.8785
-11.00449, 1.430805, 0.3500004, 52.88047, 155.9491
-11.01962, 1.43285, 0.3496671, 51.69461, 155.7908
-11.00044, 1.429821, 0.3682235, 53.63611, 155.9761
-11.02263, 1.402319, 0.3745593, 52.06721, 158.0923
-10.99612, 1.429217, 0.3637763, 53.86431, 156.035
-10.99014, 1.419985, 0.3500004, 53.99669, 156.7911
-10.99472, 1.418837, 0.3584701, 53.84512, 156.8564
-11.00065, 1.385684, 0.3560624, 53.32578, 159.4412
-11.01433, 1.412634, 0.3479205, 52.06368, 157.3691
-10.98917, 1.404945, 0.3467596, 53.99385, 157.9711
-11.03437, 1.414594, 0.3500004, 50.55473, 157.2106
-11.03098, 1.414594, 0.3499012, 50.81585, 157.2109
-10.99081, 1.414594, 0.3531104, 54.0195, 157.2017
-11.02095, 1.414594, 0.3777255, 52.27451, 157.131
-11.03675, 1.414594, 0.3522421, 50.4246, 157.2042
-10.99621, 1.411306, 0.3500004, 53.52432, 157.4664
-10.99106, 1.411814, 0.3530947, 54.00009, 157.418
-11.02278, 1.417396, 0.3357506, 51.1076, 157.0332
-10.99136, 1.423904, 0.334861, 53.53546, 156.5283
-11.01722, 1.41977, 0.3104596, 50.91972, 156.9202
-11.00342, 1.411197, 0.3500004, 52.96366, 157.4749
-11.02851, 1.420928, 0.3493177, 50.99392, 156.7196
-11.01373, 1.397099, 0.3451349, 52.04243, 158.5869
-10.98683, 1.431776, 0.3536599, 54.34277, 155.8636
-11.02354, 1.398464, 0.3858452, 52.27017, 158.3573
-11.03629, 1.404488, 0.3500004, 50.40547, 157.9971
-10.98556, 1.392423, 0.349405, 54.33857, 158.9378
-10.98135, 1.409851, 0.3533914, 54.76208, 157.5697
-10.9892, 1.387975, 0.3379192, 53.77813, 159.3202
-11.0159, 1.443962, 0.3787062, 52.68951, 154.8513
-11.01116, 1.418846, 0.3500004, 52.3612, 156.8797
-11.01086, 1.434065, 0.3512791, 52.41546, 155.6919
-11.0232, 1.383039, 0.3624135, 51.72718, 159.6266
-10.99315, 1.405518, 0.3571544, 53.9354, 157.8957
-10.99522, 1.390161, 0.3226698, 52.93841, 159.1978
-11.01504, 1.414594, 0.3500004, 52.05876, 157.2106
-10.97891, 1.414594, 0.3525185, 54.93092, 157.2034
-11.03423, 1.414594, 0.3628633, 50.88146, 157.1736
-11.01897, 1.414594, 0.3722697, 52.29562, 157.1467
-10.97637, 1.414594, 0.3451341, 54.95145, 157.2247
-11.00031, 1.419331, 0.3500004, 53.20554, 156.8419
-10.997, 1.413368, 0.3571502, 53.63615, 157.2854
-11.00016, 1.410552, 0.3625227, 53.51958, 157.4886
-10.9774, 1.41435, 0.3597501, 55.22169, 157.2015
-10.99527, 1.404938, 0.3495649, 53.5874, 157.9633
-11.03621, 1.418945, 0.3500004, 50.41122, 156.872
-10.99371, 1.401355, 0.3569102, 53.88604, 158.2201
-11.00838, 1.419856, 0.3519169, 52.6236, 156.7957
-10.98354, 1.402251, 0.3645155, 54.85899, 158.1276
-11.04374, 1.398037, 0.3643081, 50.17818, 158.4555
-10.97706, 1.395823, 0.3500004, 55.0144, 158.6714
-10.9794, 1.386108, 0.3456587, 54.72832, 159.4412
-11.00821, 1.415465, 0.356007, 52.73628, 157.1255
-11.0219, 1.437598, 0.325772, 50.93092, 155.4847
-11.03245, 1.435787, 0.3413576, 50.4915, 155.5844
-11.0107, 1.396874, 0.3500004, 52.39706, 158.5896
-10.98904, 1.382167, 0.3480731, 54.03574, 159.7402
-11.01312, 1.4469, 0.3416706, 52.00521, 154.7178
-11.00912, 1.403378, 0.3218459, 51.83231, 158.168
-11.02475, 1.388074, 0.3533071, 51.38449, 159.264
-11.39921, 1.204594, 0.3500004, 22.1627, 173.553
-11.39921, 1.204594, 0.3504537, 22.17552, 173.5508
-11.39921, 1.204594, 0.3308001, 21.61886, 173.6493
-11.39921, 1.204594, 0.3484209, 22.11805, 173.5609
-11.39921, 1.204594, 0.3776234, 22.94035, 173.4154
-11.39921, 1.203733, 0.3500004, 22.1627, 173.62
-11.39921, 1.214068, 0.3525034, 22.23337, 172.8035
-11.39921, 1.211149, 0.3515292, 22.20587, 173.0354
-11.39921, 1.199207, 0.357532, 22.37527, 173.9342
-11.39921, 1.210297, 0.389174, 23.26391, 172.9165
-11.39921, 1.220896, 0.3500004, 22.1627, 172.2844
-11.39921, 1.209766, 0.3448548, 22.01722, 173.176
-11.39921, 1.188397, 0.3560802, 22.33433, 174.7821
-11.39921, 1.217047, 0.3508014, 22.18532, 172.58
-11.39921, 1.193691, 0.3782815, 22.95882, 174.2575
-11.39921, 1.22412, 0.3500004, 22.1627, 172.0335
-11.39921, 1.211501, 0.3469959, 22.07775, 173.0303
-11.39921, 1.185819, 0.3545653, 22.29159, 174.9904
-11.39921, 1.19987, 0.3641471, 22.56166, 173.8493
-11.39921, 1.190889, 0.3230696, 21.39912, 174.7584
-11.39921, 1.184094, 0.3500004, 22.1627, 175.1483
-11.39921, 1.170576, 0.3421856, 21.94166, 176.2421
-11.39921, 1.210192, 0.3559879, 22.33173, 173.0878
-11.39921, 1.230714, 0.3327735, 21.67487, 171.6021
-11.39921, 1.187971, 0.3323684, 21.66338, 174.938
-11.39085, 1.204594, 0.3500004, 22.81354, 173.553
-11.39751, 1.204594, 0.3499273, 22.29273, 173.5534
-11.4069, 1.204594, 0.3344743, 21.12356, 173.6308
-11.40702, 1.204594, 0.3777448, 22.33832, 173.4148
-11.40056, 1.204594, 0.3259779, 21.37672, 173.6735
-11.39877, 1.213933, 0.3500004, 22.19707, 172.8262
-11.39607, 1.20268, 0.3407776, 22.14652, 173.7483
-11.39808, 1.213549, 0.3689763, 22.78489, 172.7632
-11.39737, 1.207108, 0.365966, 22.7557, 173.2781
-11.39166, 1.212052, 0.3566319, 22.93701, 172.94
-11.40099, 1.201254, 0.3500004, 22.02388, 173.8129
-11.39818, 1.218578, 0.3475443, 22.17297, 172.4767
-11.39793, 1.21477, 0.3666977, 22.73279, 172.6795
-11.40717, 1.192284, 0.3767608, 22.29904, 174.3744
-11.40213, 1.207141, 0.3259682, 21.25381, 173.4747
-11.39738, 1.196307, 0.3500004, 22.30525, 174.1979
-11.40137, 1.179952, 0.3505651, 22.01075, 175.4677
-11.40439, 1.193507, 0.3421545, 21.53705, 174.4559
-11.39705, 1.22029, 0.3374161, 21.97493, 172.3925
-11.40855, 1.22306, 0.3331547, 20.95737, 172.1973
-11.38924, 1.239569, 0.3500004, 22.93841, 170.8312
-11.40403, 1.167858, 0.3551137, 21.93236, 176.3844
-11.40545, 1.194478, 0.3329698, 21.19371, 174.4273
-11.39904, 1.167817, 0.3788208, 22.98702, 176.2608
-11.39, 1.196098, 0.3638377, 23.26859, 174.1439
-11.39739, 1.204594, 0.3500004, 22.30406, 173.553
-11.40498, 1.204594, 0.3423513, 21.497, 173.5913
-11.37996, 1.204594, 0.3462672, 23.5558, 173.5717
-11.37936, 1.204594, 0.3310012, 23.17303, 173.6483
-11.40198, 1.204594, 0.369572, 22.49887, 173.4554
-11.38247, 1.2047, 0.3500004, 23.46528, 173.5447
-11.39532, 1.211992, 0.3452973, 22.33283, 173.0004
-11.387, 1.204548, 0.3340846, 22.66419, 173.6363
-11.40993, 1.199997, 0.3228881, 20.55699, 174.0481
-11.40664, 1.203187, 0.3395773, 21.28831, 173.7148
-11.38476, 1.199648, 0.3500004, 23.2868, 173.9379
-11.41314, 1.218312, 0.3503549, 21.08837, 172.4838
-11.39281, 1.202537, 0.3557424, 22.82215, 173.6843
-11.40473, 1.201646, 0.3795439, 22.56642, 173.6344
-11.41504, 1.202906, 0.3247503, 20.21059, 173.8115
-11.40601, 1.204333, 0.3500004, 21.63315, 173.5733
-11.38586, 1.21039, 0.3471027, 23.12025, 173.1163
-11.39635, 1.230086, 0.3420775, 22.16154, 171.6068
-11.41893, 1.20515, 0.3299512, 20.05574, 173.6101
-11.38998, 1.18193, 0.3618756, 23.21493, 175.2547
-11.40974, 1.167067, 0.3500004, 21.34348, 176.4734
-11.4142, 1.214905, 0.3511386, 21.02853, 172.745
-11.39277, 1.220554, 0.3650943, 23.08843, 172.2381
-11.38368, 1.235298, 0.3635177, 23.75041, 171.1003
-11.39986, 1.18674, 0.3327793, 21.62447, 175.0318
-11.38039, 1.204594, 0.3500004, 23.62724, 173.553
-11.39713, 1.204594, 0.3526456, 22.39902, 173.5398
-11.40348, 1.204594, 0.3507685, 21.85212, 173.5492
-11.37494, 1.204594, 0.331972, 23.54526, 173.6434
-11.37967, 1.204594, 0.3256575, 22.9979, 173.6751
-11.38928, 1.206715, 0.3500004, 22.93508, 173.3879
-11.38721, 1.207523, 0.3547088, 23.22876, 173.3017
-11.41924, 1.214292, 0.3502844, 20.61167, 172.7969
-11.41677, 1.200255, 0.3641818, 21.19841, 173.8193
-11.40894, 1.205414, 0.3546371, 21.53665, 173.4661
-11.41114, 1.187471, 0.3500004, 21.23423, 174.8855
-11.40246, 1.185982, 0.3500992, 21.91249, 175.0009
-11.39688, 1.221467, 0.3605161, 22.6404, 172.1892
-11.37653, 1.204737, 0.373285, 24.578, 173.4258
-11.4082, 1.18637, 0.3106037, 20.34081, 175.1765
-11.39605, 1.205802, 0.3500004, 22.4085, 173.459
-11.39897, 1.226294, 0.3446612, 22.03022, 171.8898
-11.39351, 1.206592, 0.3512663, 22.64191, 173.3912
-11.39752, 1.190123, 0.3285229, 21.68581, 174.79
-11.38323, 1.198451, 0.3493536, 23.38815, 174.0343
-11.42409, 1.221713, 0.3500004, 20.22662, 172.2208
-11.42746, 1.171874, 0.3427699, 19.75771, 176.1379
-11.36955, 1.206089, 0.3411703, 24.22357, 173.4807
-11.4244, 1.18394, 0.3426391, 19.99208, 175.1987
-11.38267, 1.220664, 0.3452663, 23.31685, 172.3253
-11.4046, 1.204594, 0.3500004, 21.74353, 173.553
-11.4384, 1.204594, 0.342895, 18.9089, 173.5886
-11.42946, 1.204594, 0.3513296, 19.84652, 173.5464
-11.39315, 1.204594, 0.3257191, 21.94781, 173.6748
-11.36629, 1.204594, 0.3495203, 24.71104, 173.5554
-11.42674, 1.214263, 0.3500004, 20.02035, 172.8006
-11.42872, 1.206602, 0.3562408, 20.0443, 173.3657
-11.3767, 1.208294, 0.3451954, 23.77956, 173.2889
-11.40752, 1.207868, 0.3328737, 21.02953, 173.3835
-11.37723, 1.202289, 0.3362034, 23.48589, 173.8018
-11.36063, 1.20958, 0.3500004, 25.16512, 173.165
-11.37525, 1.214675, 0.3488863, 23.99614, 172.7739
-11.37632, 1.216795, 0.356419, 24.12389, 172.5722
-11.41498, 1.215131, 0.3450449, 20.79427, 172.7573
-11.43222, 1.198929, 0.3857982, 20.61237, 173.8136
-11.37862, 1.185601, 0.3500004, 23.76523, 175.0311
-11.41471, 1.216656, 0.3467826, 20.86461, 172.63
-11.36194, 1.206936, 0.3447184, 24.91583, 173.397
-11.43805, 1.233964, 0.3471206, 19.05787, 171.2809
-11.42689, 1.178749, 0.334585, 19.56792, 175.6456
-11.42766, 1.241705, 0.3500004, 19.94863, 170.665
-11.35952, 1.206267, 0.3503954, 25.26203, 173.4209
-11.39507, 1.236989, 0.3685592, 23.00735, 170.9454
-11.38031, 1.16494, 0.3632542, 24.00448, 176.5675
-11.38149, 1.211398, 0.3663724, 24.00042, 172.943
-11.69279, 2.4028, 0.3747484, 0.08597374, 80.48236
-11.69137, 2.381362, 0.3727609, 0.1345968, 82.13179
-11.68195, 2.391536, 0.3502768, 0.1678848, 81.18594
-11.6939, 2.565437, 0.375765, 0.03121376, 67.87514
-11.6792, 2.539602, 0.3500004, 0.3738642, 69.6613
-11.68035, 2.741687, 0.3683523, 0.8529139, 54.12738
-11.68216, 2.736034, 0.3500004, 0.1431942, 54.37479
-11.34554, 2.389187, 0.3500004, 26.33934, 81.36679
-11.34554, 2.389187, 0.3568266, 26.52835, 81.41423
-11.34554, 2.389187, 0.3402144, 26.06779, 81.29861
-11.34554, 2.389187, 0.3542154, 26.45605, 81.39607
-11.34554, 2.389187, 0.3811451, 27.19894, 81.58257
-11.34554, 2.393782, 0.3500004, 26.33934, 81.00919
-11.34554, 2.382001, 0.350804, 26.3616, 81.93152
-11.34554, 2.380821, 0.3543096, 26.45868, 82.04738
-11.34554, 2.397176, 0.3372478, 25.98534, 80.65517
-11.34554, 2.385379, 0.3510768, 26.36916, 81.67059
-11.34554, 2.399543, 0.3500004, 26.33934, 80.56084
-11.34554, 2.379967, 0.3430857, 26.14755, 82.0368
-11.34554, 2.398671, 0.3452737, 26.20824, 80.59534
-11.34554, 2.370821, 0.3593848, 26.59909, 82.85948
-11.34554, 2.393816, 0.3785928, 27.12876, 81.20599
-11.34554, 2.392782, 0.3500004, 26.33934, 81.08699
-11.34554, 2.418973, 0.355803, 26.50001, 79.09085
-11.34554, 2.376576, 0.3685043, 26.85089, 82.47426
-11.34554, 2.360264, 0.3215948, 25.54924, 83.4276
-11.34554, 2.37451, 0.3820355, 27.22342, 82.72612
-11.34554, 2.379175, 0.3500004, 26.33934, 82.14594
-11.34554, 2.397264, 0.3516845, 26.386, 80.75003
-11.34554, 2.384733, 0.3338399, 25.89054, 81.60143
-11.34554, 2.412346, 0.3426548, 26.13556, 79.51167
-11.34554, 2.399801, 0.3834457, 27.26217, 80.77603
-11.33804, 2.389187, 0.3500004, 26.92326, 81.36679
-11.34281, 2.389187, 0.3542331, 26.66847, 81.39621
-11.34587, 2.389187, 0.3543929, 26.43524, 81.39731
-11.33977, 2.389187, 0.3642277, 27.18066, 81.46556
-11.34499, 2.389187, 0.3503056, 26.39058, 81.3689
-11.35227, 2.396021, 0.3500004, 25.81548, 80.83493
-11.34562, 2.383922, 0.3459591, 26.22075, 81.7486
-11.34753, 2.380136, 0.3378769, 25.84737, 81.98779
-11.34579, 2.389275, 0.3703455, 26.88211, 81.5011
-11.33659, 2.3926, 0.3513625, 27.07367, 81.11069
-11.34957, 2.385291, 0.3500004, 26.02555, 81.67
-11.35089, 2.3869, 0.3592674, 26.1797, 81.60896
-11.33762, 2.377329, 0.351112, 26.98661, 82.2972
-11.33581, 2.385515, 0.3470542, 27.01469, 81.63214
-11.34905, 2.391926, 0.3408276, 25.81145, 81.08949
-11.35174, 2.410691, 0.3500004, 25.85692, 79.69331
-11.34019, 2.366037, 0.3454438, 26.62962, 83.13766
-11.35207, 2.404098, 0.3688305, 26.35252, 80.33992
-11.35501, 2.405911, 0.3659665, 26.04504, 80.17883
-11.3401, 2.403526, 0.3284381, 26.16427, 80.09737
-11.33967, 2.402483, 0.3500004, 26.79633, 80.33211
-11.33732, 2.408628, 0.3528918, 27.05893, 79.87459
-11.34325, 2.422401, 0.3640816, 26.90646, 78.88452
-11.34585, 2.384513, 0.3504807, 26.32854, 81.73381
-11.34925, 2.406284, 0.3557146, 26.20916, 80.07697
-11.33572, 2.389187, 0.3500004, 27.1037, 81.36679
-11.34325, 2.389187, 0.3491222, 26.49289, 81.36067
-11.34697, 2.389187, 0.3513933, 26.26691, 81.37648
-11.34606, 2.389187, 0.3223676, 25.53011, 81.17386
-11.33759, 2.389187, 0.3418189, 26.73167, 81.3098
-11.33957, 2.394032, 0.3500004, 26.80381, 80.98969
-11.35219, 2.384045, 0.350924, 25.8476, 81.7733
-11.36351, 2.395981, 0.3537346, 25.04478, 80.86427
-11.36408, 2.392148, 0.3456881, 24.7762, 81.1062
-11.35027, 2.388203, 0.3294798, 25.39968, 81.3004
-11.33996, 2.395278, 0.3500004, 26.77334, 80.89281
-11.3367, 2.379447, 0.3447557, 26.88231, 82.08876
-11.32855, 2.397527, 0.3691283, 28.1867, 80.85213
-11.34384, 2.372415, 0.3224497, 25.70568, 82.48434
-11.33094, 2.409006, 0.3729097, 28.1048, 79.98792
-11.34074, 2.359681, 0.3500004, 26.71273, 83.66301
-11.359, 2.413387, 0.3426015, 25.08569, 79.43021
-11.35551, 2.365869, 0.3654635, 25.99278, 83.28513
-11.34054, 2.411736, 0.3221479, 25.9554, 79.41119
-11.35233, 2.416515, 0.3143695, 24.81604, 78.98123
-11.35287, 2.425825, 0.3500004, 25.76858, 78.51556
-11.34921, 2.356953, 0.3500343, 26.05462, 83.87552
-11.34207, 2.427513, 0.3660699, 27.05276, 78.50192
-11.34303, 2.373805, 0.3672301, 27.01023, 82.68077
-11.34054, 2.384776, 0.3599594, 27.00336, 81.77878
-11.33087, 2.389187, 0.3500004, 27.48124, 81.36679
-11.36699, 2.389187, 0.3582126, 24.89911, 81.42386
-11.34414, 2.389187, 0.3568445, 26.63795, 81.41434
-11.35413, 2.389187, 0.3212433, 24.86831, 81.16599
-11.36992, 2.389187, 0.3258442, 23.7641, 81.19821
-11.32426, 2.392762, 0.3500004, 27.9953, 81.08855
-11.33689, 2.391614, 0.357519, 27.22006, 81.23032
-11.36172, 2.388312, 0.3556789, 25.23803, 81.47426
-11.35551, 2.39057, 0.3329587, 25.08847, 81.14009
-11.32463, 2.39303, 0.3468954, 27.88148, 81.04601
-11.35781, 2.391271, 0.3500004, 25.38461, 81.20456
-11.35925, 2.373605, 0.3502998, 25.28099, 82.58141
-11.36649, 2.386508, 0.3618066, 25.03788, 81.65692
-11.36281, 2.398414, 0.3344429, 24.56021, 80.53885
-11.36983, 2.40264, 0.363776, 24.83316, 80.41736
-11.32856, 2.362716, 0.3500004, 27.66079, 83.4268
-11.35019, 2.371378, 0.3469503, 25.89299, 82.73201
-11.33181, 2.40668, 0.3468777, 27.32165, 79.98318
-11.3524, 2.39557, 0.3392181, 25.50559, 80.79424
-11.34257, 2.363198, 0.3359315, 26.17988, 83.29489
-11.33339, 2.353094, 0.3500004, 27.28513, 84.17554
-11.35068, 2.396624, 0.3597728, 26.2103, 80.85663
-11.31645, 2.374195, 0.3540522, 28.71381, 82.561
-11.32457, 2.428613, 0.3591068, 28.22107, 78.36551
-11.37542, 2.368067, 0.3816668, 24.89717, 83.22299
-11.38399, 2.389187, 0.3500004, 23.34701, 81.36679
-11.34497, 2.389187, 0.3446665, 26.23544, 81.32964
-11.37145, 2.389187, 0.3362193, 23.93683, 81.27074
-11.3095, 2.389187, 0.335131, 28.73649, 81.26314
-11.3227, 2.389187, 0.3547217, 28.24667, 81.3996
-11.37575, 2.383195, 0.3500004, 23.98817, 81.83305
-11.35749, 2.391348, 0.3573918, 25.61471, 81.25014
-11.34981, 2.394402, 0.3568096, 26.19596, 81.00864
-11.38119, 2.388014, 0.3541034, 23.67991, 81.48656
-11.32585, 2.388427, 0.3135804, 26.86453, 81.17163
-11.34053, 2.389713, 0.3500004, 26.72905, 81.32584
-11.36096, 2.394016, 0.3456179, 25.0172, 80.96024
-11.31832, 2.37903, 0.3681761, 28.95521, 82.28152
-11.31374, 2.387833, 0.3549194, 28.94888, 81.50632
-11.34231, 2.403171, 0.3568822, 26.78061, 80.32735
-11.35879, 2.383117, 0.3500004, 25.30802, 81.83916
-11.37816, 2.391802, 0.3596655, 24.07176, 81.23067
-11.35445, 2.404868, 0.3370586, 25.28526, 80.05426
-11.37574, 2.379803, 0.3752306, 24.69373, 82.26962
-11.32745, 2.401976, 0.3178652, 26.85868, 80.1429
-11.37131, 2.423203, 0.3500004, 24.33354, 78.71964
-11.33327, 2.36585, 0.3587496, 27.53497, 83.24161
-11.31109, 2.419122, 0.3668519, 29.48032, 79.15924
-11.35989, 2.353237, 0.3671091, 25.69825, 84.27702
-11.33813, 2.3841, 0.3417825, 26.68864, 81.70583
-11.34554, 2.599187, 0.3500004, 26.33934, 65.02434
-11.34554, 2.599187, 0.345367, 26.21085, 64.98227
-11.34554, 2.599187, 0.3455734, 26.21657, 64.98415
-11.34554, 2.599187, 0.32233, 25.56976, 64.77231
-11.34554, 2.599187, 0.3178623, 25.44498, 64.73145
-11.34554, 2.60036, 0.3500004, 26.33934, 64.93307
-11.34554, 2.589865, 0.3558787, 26.5021, 65.80258
-11.34554, 2.606963, 0.3458761, 26.22497, 64.38147
-11.34554, 2.609022, 0.3285897, 25.74433, 64.06197
-11.34554, 2.607826, 0.3640861, 26.72896, 64.48091
-11.34554, 2.582383, 0.3500004, 26.33934, 66.33208
-11.34554, 2.587598, 0.3422313, 26.12381, 65.85658
-11.34554, 2.613909, 0.3497047, 26.33114, 63.87593
-11.34554, 2.614697, 0.3371212, 25.98181, 63.69821
-11.34554, 2.583851, 0.351839, 26.39026, 66.23424
-11.34554, 2.589144, 0.3500004, 26.33934, 65.80594
-11.34554, 2.578337, 0.3542034, 26.45574, 66.68416
-11.34554, 2.584086, 0.3588624, 26.58463, 66.27849
-11.34554, 2.593627, 0.3476528, 26.27426, 65.43587
-11.34554, 2.606428, 0.3412927, 26.09774, 64.38107
-11.34554, 2.576726, 0.3500004, 26.33934, 66.77232
-11.34554, 2.596796, 0.3539193, 26.44788, 65.24588
-11.34554, 2.573797, 0.35228, 26.40249, 67.02039
-11.34554, 2.616651, 0.353271, 26.42993, 63.69556
-11.34554, 2.620622, 0.3199742, 25.50399, 63.07614
-11.34634, 2.599187, 0.3500004, 26.27716, 65.02434
-11.34684, 2.599187, 0.3454717, 26.11216, 64.98323
-11.35146, 2.599187, 0.3665674, 26.33735, 65.17439
-11.33798, 2.599187, 0.3250231, 26.23489, 64.79691
-11.35417, 2.599187, 0.3473914, 25.59498, 65.00067
-11.34557, 2.608403, 0.3500004, 26.33719, 64.30719
-11.33971, 2.604475, 0.341103, 26.54632, 64.53157
-11.33984, 2.599426, 0.3639399, 27.16739, 65.13206
-11.35301, 2.603143, 0.3764631, 26.49064, 64.95689
-11.35338, 2.603555, 0.3705215, 26.29776, 64.87109
-11.35447, 2.592244, 0.3500004, 25.64466, 65.5647
-11.34806, 2.589417, 0.3572802, 26.34473, 65.84996
-11.34074, 2.60946, 0.365474, 27.14005, 64.36667
-11.34079, 2.595775, 0.3743589, 27.38053, 65.50946
-11.35074, 2.601907, 0.3828053, 26.84166, 65.11009
-11.33795, 2.569815, 0.3500004, 26.93027, 67.31013
-11.3531, 2.573953, 0.3463227, 25.6484, 66.95563
-11.33886, 2.627729, 0.3373244, 26.50841, 62.68428
-11.34623, 2.582522, 0.3220749, 25.50846, 66.07156
-11.33599, 2.570597, 0.3214162, 26.29001, 66.99718
-11.34295, 2.562049, 0.3500004, 26.54097, 67.91446
-11.35224, 2.562863, 0.3429337, 25.62149, 67.78952
-11.33621, 2.597181, 0.36639, 27.51683, 65.32861
-11.35072, 2.565453, 0.32662, 25.28502, 67.44473
-11.35465, 2.611257, 0.3524052, 25.69685, 64.10716
-11.33895, 2.599187, 0.3500004, 26.85202, 65.02434
-11.34341, 2.599187, 0.3515019, 26.54656, 65.03798
-11.33371, 2.599187, 0.3448032, 27.11647, 64.97716
-11.33437, 2.599187, 0.3247861, 26.5103, 64.79475
-11.33592, 2.599187, 0.3583039, 27.31702, 65.09962
-11.36372, 2.603348, 0.3500004, 24.9243, 64.70053
-11.32869, 2.606167, 0.3443437, 27.49466, 64.42941
-11.33111, 2.6078, 0.3424685, 27.25422, 64.28503
-11.35518, 2.605275, 0.3678337, 26.08418, 64.71317
-11.36062, 2.600671, 0.3839258, 26.1067, 65.21591
-11.35359, 2.582263, 0.3500004, 25.71313, 66.34145
-11.33355, 2.589176, 0.3478959, 27.21395, 65.78456
-11.35357, 2.619111, 0.3529158, 25.79543, 63.50087
-11.35144, 2.596729, 0.3454379, 25.7533, 65.17435
-11.36192, 2.604337, 0.3187904, 24.19069, 64.33759
-11.33453, 2.595568, 0.3500004, 27.19631, 65.30598
-11.34962, 2.590705, 0.3460011, 25.91088, 65.64845
-11.35038, 2.603448, 0.3635659, 26.33866, 64.81628
-11.35948, 2.623721, 0.3593583, 25.51457, 63.20227
-11.36377, 2.601072, 0.3394647, 24.62618, 64.78169
-11.36359, 2.602706, 0.3500004, 24.93487, 64.75053
-11.33882, 2.568617, 0.3596054, 27.12753, 67.48744
-11.36298, 2.576922, 0.3382965, 24.65535, 66.65331
-11.34972, 2.588927, 0.3629334, 26.37255, 65.93866
-11.34537, 2.60666, 0.3222229, 25.57988, 64.18768
-11.32683, 2.599187, 0.3500004, 27.79551, 65.02434
-11.33475, 2.599187, 0.3482994, 27.13184, 65.00891
-11.33896, 2.599187, 0.3422428, 26.63667, 64.95387
-11.37187, 2.599187, 0.359747, 24.56254, 65.1127
-11.33186, 2.599187, 0.3125071, 26.36516, 64.68239
-11.33311, 2.596423, 0.3500004, 27.30693, 65.23943
-11.36607, 2.603947, 0.3548594, 24.87748, 64.69821
-11.3314, 2.595986, 0.36681, 27.90221, 65.42513
-11.37439, 2.606338, 0.3604424, 24.3858, 64.56323
-11.34988, 2.595112, 0.3726149, 26.62766, 65.54518
-11.3328, 2.582581, 0.3500004, 27.33055, 66.3167
-11.32931, 2.609604, 0.3448606, 27.46043, 64.16646
-11.36246, 2.618974, 0.3693187, 25.55943, 63.66327
-11.35877, 2.589899, 0.3351606, 24.89536, 65.61365
-11.31732, 2.582425, 0.3719569, 29.13601, 66.52383
-11.32797, 2.618431, 0.3500004, 27.7065, 63.52675
-11.33168, 2.613016, 0.354797, 27.54975, 63.99239
-11.34653, 2.576399, 0.3671579, 26.73697, 66.94922
-11.37193, 2.580047, 0.3477009, 24.22085, 66.49341
-11.35339, 2.599769, 0.3679575, 26.22627, 65.14175
-11.35559, 2.629807, 0.3500004, 25.55703, 62.64151
-11.32571, 2.61069, 0.3417037, 27.65398, 64.05283
-11.32913, 2.602487, 0.3435312, 27.43801, 64.70854
-11.36464, 2.577899, 0.3291557, 24.26934, 66.49586
-11.33237, 2.617654, 0.3241736, 26.64913, 63.34721
-11.37108, 2.599187, 0.3500004, 24.35152, 65.02434
-11.38162, 2.599187, 0.3590721, 23.78623, 65.10658
-11.38493, 2.599187, 0.3335798, 22.81142, 64.875
-11.37693, 2.599187, 0.3647437, 24.30917, 65.1579
-11.32833, 2.599187, 0.3470013, 27.5959, 64.99712
-11.35419, 2.606408, 0.3500004, 25.66647, 64.46245
-11.32192, 2.589639, 0.3590047, 28.42459, 65.84814
-11.35746, 2.603545, 0.3323918, 24.92047, 64.52425
-11.30584, 2.603419, 0.3471047, 29.34972, 64.66858
-11.38128, 2.592744, 0.3855821, 24.55254, 65.84494
-11.3261, 2.597534, 0.3500004, 27.85192, 65.15298
-11.33922, 2.592757, 0.3436981, 26.65648, 65.46796
-11.35283, 2.614338, 0.3394229, 25.4776, 63.74754
-11.35491, 2.579584, 0.3770068, 26.35803, 66.78879
-11.33427, 2.580402, 0.3242282, 26.50243, 66.25644
-11.35806, 2.597913, 0.3500004, 25.36503, 65.12352
-11.35023, 2.582658, 0.3436764, 25.79873, 66.25429
-11.37077, 2.584054, 0.3482822, 24.32752, 66.18672
-11.31914, 2.604326, 0.358637, 28.63033, 64.70322
-11.36372, 2.579402, 0.3710503, 25.51007, 66.75041
-11.36519, 2.631634, 0.3500004, 24.81006, 62.49931
-11.37826, 2.589527, 0.354547, 23.9205, 65.81693
-11.33609, 2.613657, 0.3433651, 26.89127, 63.83708
-11.37944, 2.58604, 0.3454672, 23.57414, 66.00688
-11.34882, 2.562192, 0.3451342, 25.94916, 67.86098
-11.34554, 2.809187, 0.3500004, 26.33934, 48.68193
-11.34554, 2.809187, 0.3555041, 26.49174, 48.7435
-11.34554, 2.809187, 0.3331392, 25.87103, 48.49274
-11.34554, 2.809187, 0.3352333, 25.92932, 48.5163
-11.34554, 2.809187, 0.3782532, 27.11941, 48.99709
-11.34554, 2.799284, 0.3500004, 26.33934, 49.45261
-11.34554, 2.815884, 0.3438874, 26.16979, 48.09186
-11.34554, 2.809219, 0.3356103, 25.93981, 48.51805
-11.34554, 2.812909, 0.3579371, 26.55905, 48.48141
-11.34554, 2.808914, 0.3563253, 26.51444, 48.7739
-11.34554, 2.796819, 0.3500004, 26.33934, 49.64447
-11.34554, 2.799201, 0.3497834, 26.33331, 49.45667
-11.34554, 2.795218, 0.3476237, 26.27345, 49.74275
-11.34554, 2.81179, 0.3658234, 26.7769, 48.65654
-11.34554, 2.820313, 0.3518741, 26.39122, 47.83727
-11.34554, 2.794476, 0.3500004, 26.33934, 49.82678
-11.34554, 2.795031, 0.3531544, 26.4267, 49.81847
-11.34554, 2.836447, 0.3658922, 26.7788, 46.74249
-11.34554, 2.788006, 0.3673227, 26.8183, 50.52007
-11.34554, 2.788996, 0.3629137, 26.69659, 50.39491
-11.34554, 2.834532, 0.3500004, 26.33934, 46.70961
-11.34554, 2.791848, 0.3561943, 26.51084, 50.0995
-11.34554, 2.829679, 0.343756, 26.16616, 47.01599
-11.34554, 2.771631, 0.331725, 25.83168, 51.4064
-11.34554, 2.807779, 0.3360986, 25.95338, 48.63585
-11.35285, 2.809187, 0.3500004, 25.77072, 48.68193
-11.3502, 2.809187, 0.341298, 25.73447, 48.58441
-11.3372, 2.809187, 0.3371066, 26.63109, 48.53735
-11.336, 2.809187, 0.344135, 26.91968, 48.61621
-11.34215, 2.809187, 0.3773448, 27.35704, 48.987
-11.34038, 2.804974, 0.3500004, 26.74092, 49.00983
-11.33689, 2.801929, 0.3449402, 26.87254, 49.19046
-11.34166, 2.813325, 0.3450216, 26.50333, 48.30397
-11.345, 2.817048, 0.3331841, 25.91437, 47.88019
-11.35339, 2.813325, 0.317353, 24.8175, 47.9915
-11.34073, 2.791352, 0.3500004, 26.71373, 50.06989
-11.34528, 2.797127, 0.3420609, 26.13898, 49.53246
-11.34562, 2.82568, 0.3426704, 26.12965, 47.31509
-11.35513, 2.804622, 0.3782252, 26.37524, 49.35074
-11.33931, 2.79519, 0.3473507, 26.75087, 49.74191
-11.3488, 2.794675, 0.3500004, 26.08539, 49.81126
-11.34348, 2.78283, 0.3502517, 26.50658, 50.73586
-11.33829, 2.837622, 0.340821, 26.64928, 46.36357
-11.34318, 2.807751, 0.3367054, 26.15384, 48.64476
-11.3489, 2.815655, 0.3417301, 25.84807, 48.08536
-11.33946, 2.803496, 0.3500004, 26.81235, 49.12485
-11.3436, 2.787789, 0.3424911, 26.28222, 50.26468
-11.34733, 2.800859, 0.3403064, 25.93082, 49.22218
-11.34854, 2.838396, 0.3368162, 25.73959, 46.25716
-11.34374, 2.788405, 0.3894725, 27.56706, 50.73068
-11.36474, 2.809187, 0.3500004, 24.84522, 48.68193
-11.32952, 2.809187, 0.3475673, 27.51868, 48.65469
-11.35775, 2.809187, 0.364764, 25.79959, 48.84691
-11.34699, 2.809187, 0.3369049, 25.86299, 48.53508
-11.35661, 2.809187, 0.3235348, 24.73868, 48.38463
-11.34394, 2.8104, 0.3500004, 26.46383, 48.58752
-11.35968, 2.803912, 0.3587907, 25.48347, 49.19031
-11.33998, 2.812254, 0.3601808, 27.05275, 48.55739
-11.34121, 2.811923, 0.3691072, 27.20332, 48.68297
-11.35417, 2.810704, 0.3184352, 24.78654, 48.20853
-11.34366, 2.793362, 0.3500004, 26.48545, 49.91345
-11.34837, 2.80073, 0.3481948, 26.0686, 49.32005
-11.34946, 2.824952, 0.3620127, 26.367, 47.59131
-11.33225, 2.8203, 0.3433539, 27.19009, 47.7419
-11.36155, 2.817991, 0.3325029, 24.60431, 47.79897
-11.34442, 2.802244, 0.3500004, 26.42655, 49.22224
-11.34692, 2.833206, 0.340335, 25.96317, 46.70207
-11.33322, 2.829365, 0.340195, 27.02711, 46.9998
-11.35751, 2.82592, 0.3521504, 25.46777, 47.40416
-11.36544, 2.815242, 0.3748824, 25.48283, 48.48996
-11.33318, 2.794425, 0.3500004, 27.30141, 49.83073
-11.35098, 2.792498, 0.3458984, 25.80169, 49.93546
-11.35361, 2.769426, 0.3387372, 25.3977, 51.65445
-11.34798, 2.806455, 0.3605574, 26.44205, 49.01227
-11.36317, 2.795056, 0.3520354, 25.02415, 49.80415
-11.32594, 2.809187, 0.3500004, 27.8642, 48.68193
-11.36539, 2.809187, 0.3406637, 24.5336, 48.5773
-11.35809, 2.809187, 0.3677769, 25.85655, 48.88049
-11.33859, 2.809187, 0.3749613, 27.56777, 48.96048
-11.31851, 2.809187, 0.3378198, 28.10791, 48.54535
-11.37051, 2.816392, 0.3500004, 24.39636, 48.12128
-11.32042, 2.800016, 0.3559803, 28.45797, 49.46198
-11.35488, 2.801698, 0.3368772, 25.24724, 49.11861
-11.33255, 2.804948, 0.3521313, 27.40926, 49.03561
-11.32774, 2.806107, 0.3336827, 27.27403, 48.73911
-11.36417, 2.81546, 0.3500004, 24.88974, 48.1938
-11.35679, 2.828045, 0.3445252, 25.31141, 47.15202
-11.35281, 2.813711, 0.3550632, 25.91425, 48.38676
-11.32997, 2.814112, 0.3233351, 26.81347, 47.99777
-11.33556, 2.793817, 0.3692758, 27.64689, 50.09038
-11.35037, 2.808002, 0.3500004, 25.96368, 48.77422
-11.3323, 2.826647, 0.3505786, 27.3854, 47.32974
-11.37006, 2.824599, 0.3676566, 24.92397, 47.68256
-11.34055, 2.790627, 0.3446623, 26.57992, 50.06746
-11.34725, 2.798784, 0.333294, 25.74177, 49.30583
-11.32169, 2.813821, 0.3500004, 28.19497, 48.32132
-11.33405, 2.807594, 0.3469864, 27.15034, 48.77223
-11.32568, 2.784849, 0.3511533, 27.91645, 50.58856
-11.35116, 2.777423, 0.3769531, 26.64777, 51.44595
-11.37314, 2.822094, 0.3439516, 24.02232, 47.60896
-11.38416, 2.809187, 0.3500004, 23.3337, 48.68193
-11.35013, 2.809187, 0.3528195, 26.0603, 48.71347
-11.33109, 2.809187, 0.3587525, 27.705, 48.77982
-11.35294, 2.809187, 0.3787841, 26.56048, 49.00299
-11.35502, 2.809187, 0.3294748, 25.02886, 48.45152
-11.32759, 2.800799, 0.3500004, 27.73643, 49.3347
-11.37278, 2.801097, 0.3510511, 24.24919, 49.32317
-11.37586, 2.811367, 0.367358, 24.46505, 48.70657
-11.3671, 2.808659, 0.3202939, 23.82854, 48.3893
-11.31589, 2.799332, 0.3815541, 29.5083, 49.79759
-11.33565, 2.802321, 0.3500004, 27.10862, 49.21629
-11.30683, 2.810354, 0.3418091, 29.12787, 48.49927
-11.37449, 2.801185, 0.3678417, 24.58503, 49.50256
-11.34733, 2.822391, 0.3369386, 25.83734, 47.50616
-11.37492, 2.80508, 0.3694015, 24.59455, 49.21742
-11.33084, 2.834079, 0.3500004, 27.48339, 46.74487
-11.31049, 2.829475, 0.3505647, 29.08264, 47.10953
-11.35548, 2.831726, 0.3493733, 25.54821, 46.92075
-11.36026, 2.831824, 0.3691253, 25.725, 47.13828
-11.31711, 2.791959, 0.3891223, 29.61935, 50.45168
-11.35276, 2.781266, 0.3500004, 25.77724, 50.85481
-11.36424, 2.790848, 0.3412839, 24.64032, 50.01303
-11.35643, 2.820981, 0.352829, 25.57081, 47.79614
-11.3082, 2.788797, 0.3732497, 29.87905, 50.52344
-11.34691, 2.799722, 0.321456, 25.43803, 49.10046
