-11.35057, 0.02, 0.3500004, 2.601471, 265.7393
-11.35057, 0.02, 0.3586044, 2.866087, 265.5936
-11.35057, 0.02, 0.3566704, 2.806649, 265.6263
-11.35057, 0.02, 0.3604177, 2.921805, 265.5629
-11.35057, 0.02, 0.3313359, 2.025375, 266.0566
-11.35057, 0.02420901, 0.3500004, 2.601471, 265.4117
-11.35057, 0.02201043, 0.348439, 2.553377, 265.6093
-11.35057, 0.02885353, 0.3529367, 2.691822, 265.0008
-11.35057, 0.01645709, 0.3571767, 2.822227, 265.8932
-11.35057, 0.02449316, 0.3739515, 3.336639, 264.9858
-11.35057, 0.0001138076, 0.3500004, 2.601471, 267.2869
-11.35057, 0.03034478, 0.349814, 2.595706, 264.9374
-11.35057, 0.01410023, 0.3567854, 2.810197, 266.0831
-11.35057, 0.03886599, 0.3257651, 1.85287, 264.6788
-11.35057, 0.03404886, 0.3431939, 2.391701, 264.7606
-11.35057, 0.03230782, 0.3500004, 2.601471, 264.7815
-11.35057, 0.003995327, 0.3474832, 2.523923, 267.0279
-11.35057, 0.03017607, 0.3536475, 2.713695, 264.886
-11.35057, -0.005036788, 0.3559713, 2.785163, 267.585
-11.35057, -0.007133516, 0.3341312, 2.111835, 268.1248
-11.35057, -0.005398238, 0.3500004, 2.601471, 267.7158
-11.35057, 0.003353633, 0.358187, 2.853255, 266.8947
-11.35057, -0.007693561, 0.3393826, 2.27407, 268.0777
-11.35057, 0.04865018, 0.336236, 2.176895, 263.7395
-11.35057, 0.01863871, 0.3691696, 3.190241, 265.5207
-11.34083, 0.02, 0.3500004, 3.359184, 265.7393
-11.3587, 0.02, 0.3449095, 1.811929, 265.8257
-11.35778, 0.02, 0.3603133, 2.358084, 265.5647
-11.3458, 0.02, 0.3406538, 2.685385, 265.898
-11.35753, 0.02, 0.3160385, 1.007352, 266.3177
-11.34812, 0.01896095, 0.3500004, 2.792587, 265.8202
-11.34279, 0.01539359, 0.3576362, 3.441653, 265.968
-11.35497, 0.01287309, 0.365477, 2.735152, 266.0309
-11.35447, 0.0185511, 0.3505126, 2.313566, 265.8434
-11.3598, 0.02722001, 0.357454, 2.11338, 265.0517
-11.35192, 0.003856234, 0.3500004, 2.496371, 266.9956
-11.3594, 0.03795651, 0.3468468, 1.816792, 264.3948
-11.35407, 0.0121646, 0.3515964, 2.378426, 266.3219
-11.35541, 0.007465906, 0.3236106, 1.407967, 267.1671
-11.34358, 0.02024956, 0.3325143, 2.60685, 266.017
-11.35299, 0.01919448, 0.3500004, 2.413545, 265.802
-11.34539, 0.01955419, 0.3438335, 2.815304, 265.8787
-11.34848, 0.0426102, 0.3303632, 2.15867, 264.3091
-11.35693, -0.005293908, 0.3574353, 2.335882, 267.5799
-11.34274, -0.00142066, 0.3505329, 3.227634, 267.3972
-11.35571, 0.01684766, 0.3500004, 2.201228, 265.9846
-11.34819, -0.01317503, 0.3451384, 2.637148, 268.4051
-11.34461, 0.03127867, 0.3587917, 3.335366, 264.7137
-11.34748, 0.04952746, 0.3545862, 2.982903, 263.3651
-11.35641, 0.01616724, 0.3193449, 1.197782, 266.5607
-11.355, 0.02, 0.3500004, 2.256804, 265.7393
-11.33991, 0.02, 0.3465346, 3.324795, 265.7981
-11.35443, 0.02, 0.3535137, 2.409825, 265.6798
-11.34918, 0.02, 0.3268999, 1.996951, 266.1322
-11.34605, 0.02, 0.3291349, 2.310348, 266.0941
-11.3447, 0.01931036, 0.3500004, 3.058577, 265.793
-11.36905, 0.02474475, 0.347976, 1.100678, 265.4043
-11.3432, 0.01135669, 0.3364502, 2.758455, 266.6433
-11.3412, 0.02349895, 0.3692909, 3.921347, 265.1414
-11.33636, 0.01766323, 0.3762947, 4.510145, 265.4762
-11.35755, 0.02255469, 0.3500004, 2.058735, 265.5405
-11.35759, 0.01549313, 0.356466, 2.254729, 265.9802
-11.33545, 0.004860592, 0.3440588, 3.596406, 267.0192
-11.33451, 0.007486001, 0.3410639, 3.577209, 266.866
-11.35749, 0.02289582, 0.387713, 3.221426, 264.8787
-11.35799, -0.0001371559, 0.3500004, 2.02436, 267.3064
-11.3642, 0.04645031, 0.3534921, 1.648836, 263.6227
-11.33222, 0.01889062, 0.3601311, 4.339628, 265.654
-11.35808, -0.0006379858, 0.3701388, 2.637506, 267.0006
-11.35831, 0.04533077, 0.3477404, 1.929674, 263.8058
-11.33824, 0.0008917265, 0.3500004, 3.561344, 267.2263
-11.33211, 0.02146002, 0.3488907, 4.003901, 265.6445
-11.35326, 0.0427463, 0.3634277, 2.805018, 263.745
-11.33895, 0.008951236, 0.3459647, 3.381686, 266.668
-11.35476, -0.01335892, 0.3432594, 2.067246, 268.452
-11.37485, 0.02, 0.3500004, 0.7120514, 265.7393
-11.37292, 0.02, 0.3539343, 0.9842205, 265.6726
-11.35778, 0.02, 0.3513339, 2.081366, 265.7167
-11.35048, 0.02, 0.3608881, 2.943521, 265.5549
-11.33571, 0.02, 0.3795741, 4.660864, 265.2397
-11.35649, 0.01797054, 0.3500004, 2.140846, 265.8972
-11.35901, 0.02817113, 0.3484337, 1.896186, 265.1299
-11.3221, 0.01531019, 0.3541338, 4.943247, 266.034
-11.36658, 0.01472452, 0.3478232, 1.288404, 266.1869
-11.33494, 0.02060641, 0.3672213, 4.344664, 265.4008
-11.36813, 0.009111434, 0.3500004, 1.235304, 266.5867
-11.34854, 0.03826204, 0.3560429, 2.945352, 264.2169
-11.34335, 0.004997212, 0.3632097, 3.568382, 266.6812
-11.34016, 0.01690868, 0.371949, 4.08308, 265.6081
-11.36249, 0.001457103, 0.3353185, 1.219411, 267.4345
-11.33051, 0.003168812, 0.3500004, 4.162431, 267.0491
-11.34663, 0.02543562, 0.3430109, 2.69311, 265.4345
-11.33993, 0.009297235, 0.3680441, 3.981986, 266.265
-11.36019, 0.0003696959, 0.3358001, 1.413403, 267.511
-11.36539, 0.01872827, 0.3233225, 0.6201696, 266.2925
-11.36545, -0.01307245, 0.3500004, 1.443515, 268.313
-11.33124, 0.04356868, 0.341745, 3.853054, 264.0433
-11.37771, 0.03926774, 0.3354547, 0.03642082, 264.4842
-11.32685, 0.01043551, 0.3608155, 4.777365, 266.2994
-11.36719, 0.02, 0.3500004, 1.308146, 265.7393
-11.31637, 0.02, 0.3493494, 5.243082, 265.7503
-11.33298, 0.02, 0.3324892, 3.433099, 266.0369
-11.33656, 0.02, 0.3284938, 3.030524, 266.105
-11.34487, 0.02, 0.3838982, 4.082623, 265.167
-11.38266, 0.02691409, 0.3500004, 0.1040697, 265.2012
-11.31148, 0.02633843, 0.34201, 5.400767, 265.3812
-11.31909, 0.02827233, 0.3391221, 4.719815, 265.2794
-11.33488, 0.02468112, 0.3726888, 4.515409, 264.9925
-11.31844, 0.0262907, 0.3657051, 5.579424, 264.985
-11.3302, 0.01288535, 0.3500004, 4.186535, 266.293
-11.34841, 0.02521427, 0.3549259, 2.921247, 265.2503
-11.33446, 0.02257503, 0.3556421, 4.027891, 265.4435
-11.36895, 0.01667158, 0.3803248, 2.107015, 265.4851
-11.32172, 0.03053408, 0.3500004, 4.846473, 264.9195
-11.3574, 0.0259606, 0.3448227, 1.910319, 265.363
-11.36464, 0.004407058, 0.3634843, 1.922951, 266.7224
-11.34168, 0.02238201, 0.359211, 3.575606, 265.3982
-11.34155, 0.04318502, 0.3416857, 3.048005, 264.0742
-11.36217, 0.02986651, 0.3500004, 1.698761, 264.9715
-11.37963, -0.004897684, 0.3598379, 0.6451321, 267.5078
-11.34403, -0.01031143, 0.3375667, 2.727642, 268.3132
-11.3322, -0.003360687, 0.3420883, 3.788323, 267.6934
-11.34938, 0.05913572, 0.3730241, 3.400741, 262.3135
-11.35057, 0.1925, 0.3500004, 2.601471, 252.3152
-11.35057, 0.1925, 0.3579374, 2.845602, 252.1945
-11.35057, 0.1925, 0.3517881, 2.656474, 252.288
-11.35057, 0.1925, 0.3355058, 2.154336, 252.5361
-11.35057, 0.1925, 0.3201891, 1.679978, 252.7705
-11.35057, 0.1900278, 0.3500004, 2.601471, 252.5076
-11.35057, 0.1911569, 0.345605, 2.466044, 252.4867
-11.35057, 0.2008729, 0.3306879, 2.005305, 251.9565
-11.35057, 0.1874608, 0.3775952, 3.448119, 252.2876
-11.35057, 0.1876917, 0.3899731, 3.825917, 252.0823
-11.35057, 0.1930016, 0.3500004, 2.601471, 252.2762
-11.35057, 0.1766786, 0.3522954, 2.67211, 253.5111
-11.35057, 0.1947221, 0.3306095, 2.002873, 252.4376
-11.35057, 0.2083387, 0.3266275, 1.879606, 251.4356
-11.35057, 0.181766, 0.3318105, 2.040052, 253.4299
-11.35057, 0.1922119, 0.3500004, 2.601471, 252.3376
-11.35057, 0.1669732, 0.3532941, 2.702823, 254.2508
-11.35057, 0.2186904, 0.3563515, 2.796865, 250.1821
-11.35057, 0.1973235, 0.372813, 3.301821, 251.5948
-11.35057, 0.1848779, 0.3461133, 2.481709, 252.9678
-11.35057, 0.1882705, 0.3500004, 2.601471, 252.6443
-11.35057, 0.194165, 0.354001, 2.724581, 252.1248
-11.35057, 0.1573798, 0.3471909, 2.514925, 255.092
-11.35057, 0.1793288, 0.3373839, 2.212343, 253.5341
-11.35057, 0.2058182, 0.3499346, 2.599425, 251.2797
-11.35576, 0.1925, 0.3500004, 2.197552, 252.3152
-11.34462, 0.1925, 0.3406221, 2.776122, 252.4581
-11.35158, 0.1925, 0.3696207, 3.125896, 252.0174
-11.35714, 0.1925, 0.3530575, 2.18462, 252.2687
-11.3478, 0.1925, 0.3399085, 2.506185, 252.4689
-11.35923, 0.1964334, 0.3500004, 1.927643, 252.0091
-11.36049, 0.1899185, 0.3526618, 1.911793, 252.4755
-11.34217, 0.1848619, 0.3555416, 3.425474, 252.8249
-11.34705, 0.1849725, 0.3303671, 2.269793, 253.202
-11.3526, 0.2008846, 0.3573565, 2.670279, 251.5515
-11.35331, 0.1955656, 0.3500004, 2.388325, 252.0766
-11.34838, 0.1821823, 0.3512602, 2.810984, 253.0988
-11.34924, 0.2011251, 0.3596657, 3.002172, 251.4979
-11.36019, 0.1744881, 0.3703357, 2.479362, 253.4046
-11.34847, 0.1865336, 0.3766907, 3.58376, 252.3732
-11.3517, 0.1817914, 0.3500004, 2.514009, 253.1485
-11.35657, 0.1720824, 0.3537081, 2.248964, 253.8469
-11.34288, 0.2185211, 0.3331441, 2.681494, 250.5428
-11.35519, 0.1981618, 0.3535863, 2.352548, 251.8202
-11.34758, 0.2154431, 0.3872359, 3.974161, 249.9744
-11.34585, 0.189812, 0.3500004, 2.969098, 252.5244
-11.36054, 0.2288353, 0.3459585, 1.700492, 249.5476
-11.34257, 0.15984, 0.3635876, 3.64058, 254.646
-11.34781, 0.208297, 0.3354459, 2.367997, 251.3054
-11.35733, 0.1542756, 0.3466606, 1.972318, 255.342
-11.36118, 0.1925, 0.3500004, 1.77618, 252.3152
-11.36743, 0.1925, 0.3595314, 1.584034, 252.1703
-11.36777, 0.1925, 0.3639641, 1.694613, 252.1031
-11.35409, 0.1925, 0.354537, 2.467089, 252.2462
-11.35748, 0.1925, 0.3282523, 1.391015, 252.647
-11.3335, 0.1953762, 0.3500004, 3.929687, 252.0913
-11.36425, 0.1830788, 0.344788, 1.375637, 253.1282
-11.35954, 0.1980879, 0.3628845, 2.301106, 251.6853
-11.35839, 0.1915338, 0.3746234, 2.750401, 252.0167
-11.36967, 0.1870933, 0.3260998, 0.3721189, 253.102
-11.35089, 0.1865987, 0.3500004, 2.576709, 252.7744
-11.36872, 0.1881431, 0.346708, 1.086717, 252.7045
-11.33867, 0.1852223, 0.3335797, 3.023071, 253.1331
-11.35377, 0.1816685, 0.3269973, 1.641355, 253.5117
-11.3435, 0.1734535, 0.3716717, 3.815417, 253.4644
-11.34206, 0.1731372, 0.3500004, 3.263469, 253.822
-11.35176, 0.1975975, 0.3497446, 2.501078, 251.9224
-11.35962, 0.2168708, 0.3609233, 2.233858, 250.2553
-11.34445, 0.1966818, 0.3603822, 3.396392, 251.8324
-11.35302, 0.1706565, 0.3794405, 3.314338, 253.5623
-11.36764, 0.1952295, 0.3500004, 1.273355, 252.1028
-11.35049, 0.1744225, 0.3528174, 2.694812, 253.6786
-11.3544, 0.1746393, 0.3354733, 1.855102, 253.9292
-11.3603, 0.2026905, 0.3419414, 1.595321, 251.6441
-11.3684, 0.2059794, 0.3665804, 1.726627, 251.0167
-11.3331, 0.1925, 0.3500004, 3.961287, 252.3152
-11.36293, 0.1925, 0.3525995, 1.719704, 252.2757
-11.36154, 0.1925, 0.3553488, 1.912966, 252.2339
-11.3744, 0.1925, 0.3573028, 0.9737635, 252.2042
-11.35073, 0.1925, 0.3886105, 3.771915, 251.7306
-11.34343, 0.1963673, 0.3500004, 3.157496, 252.0142
-11.35473, 0.200254, 0.3591425, 2.559199, 251.5735
-11.34483, 0.1969164, 0.3494402, 3.030782, 251.98
-11.34611, 0.1983182, 0.3757427, 3.737612, 251.4735
-11.35755, 0.1886558, 0.3460373, 1.936111, 252.6748
-11.34501, 0.1855028, 0.3500004, 3.033872, 252.8597
-11.35492, 0.2101494, 0.3577093, 2.500205, 250.8259
-11.36333, 0.1943399, 0.3416242, 1.34923, 252.2994
-11.36757, 0.1957704, 0.3472979, 1.195235, 252.1017
-11.3282, 0.2056321, 0.3435223, 4.144478, 251.391
-11.32858, 0.172511, 0.3500004, 4.312949, 253.8707
-11.36475, 0.1742855, 0.3512343, 1.536255, 253.7137
-11.37736, 0.1948457, 0.3597785, 0.8197546, 251.9843
-11.32655, 0.2178588, 0.3792009, 5.35924, 249.9065
-11.34705, 0.1997056, 0.3838692, 3.912306, 251.2438
-11.34248, 0.2133119, 0.3500004, 3.231411, 250.6956
-11.33076, 0.197128, 0.3550109, 4.296312, 251.8791
-11.34258, 0.1670907, 0.3629125, 3.619165, 254.0931
-11.36697, 0.2013264, 0.3505128, 1.341391, 251.6206
-11.3751, 0.1798129, 0.3562907, 0.8877325, 253.2061
-11.34865, 0.1925, 0.3500004, 2.750845, 252.3152
-11.38301, 0.1925, 0.3635029, 0.4969168, 252.1101
-11.3222, 0.1925, 0.3283095, 4.145522, 252.6462
-11.3489, 0.1857365, 0.3500004, 2.731848, 252.8415
-11.38005, 0.1897642, 0.3683798, 0.8776045, 252.2486
-11.32641, 0.1860393, 0.3240634, 3.686585, 253.2156
-11.33985, 0.1984181, 0.3886468, 4.615903, 251.2718
-11.35796, 0.1999541, 0.3500004, 2.026262, 251.7351
-11.37316, 0.2008093, 0.3467519, 0.7429934, 251.7177
-11.31868, 0.2035142, 0.3674711, 5.614657, 251.1947
-11.31169, 0.2033309, 0.3449943, 5.475368, 251.548
-11.38056, 0.1737419, 0.3485156, 0.2214575, 253.7978
-11.31268, 0.1708528, 0.3500004, 5.55057, 253.9998
-11.32044, 0.1679962, 0.3484515, 4.899273, 254.246
-11.36441, 0.1830996, 0.3611778, 1.869721, 252.8758
-11.36692, 0.1710822, 0.3464249, 1.218209, 254.0371
-11.3704, 0.1753599, 0.3331611, 0.5354548, 253.9088
-11.31839, 0.221391, 0.3500004, 5.105867, 250.0668
-11.31325, 0.1684886, 0.3461209, 5.387449, 254.2438
-11.31519, 0.1638808, 0.3255782, 4.609365, 254.9222
-11.36729, 0.1748334, 0.3709093, 1.945782, 253.369
-11.35057, 0.3649999, 0.3500004, 2.601471, 238.8911
-11.35057, 0.3649999, 0.3400292, 2.294025, 239.0256
-11.35057, 0.3649999, 0.359925, 2.906642, 238.7575
-11.35057, 0.3649999, 0.3657026, 3.083968, 238.6799
-11.35057, 0.3649999, 0.3848956, 3.671079, 238.423
-11.35057, 0.3642114, 0.3500004, 2.601471, 238.9524
-11.35057, 0.3661072, 0.3509641, 2.63114, 238.7919
-11.35057, 0.3556576, 0.3398943, 2.289891, 239.7554
-11.35057, 0.3684508, 0.3426965, 2.376351, 238.7208
-11.35057, 0.3648319, 0.3602453, 2.916484, 238.7663
-11.35057, 0.3783205, 0.3500004, 2.601471, 237.8544
-11.35057, 0.3672363, 0.3520505, 2.664557, 238.6895
-11.35057, 0.3697582, 0.357733, 2.839293, 238.4171
-11.35057, 0.3778548, 0.3291651, 1.95817, 238.1695
-11.35057, 0.3710206, 0.3421965, 2.36093, 238.5273
-11.35057, 0.3438012, 0.3500004, 2.601471, 240.5408
-11.35057, 0.3758738, 0.3530746, 2.696085, 238.0038
-11.35057, 0.3829295, 0.3619434, 2.968626, 237.3372
-11.35057, 0.3652389, 0.3670657, 3.125753, 238.6431
-11.35057, 0.3487861, 0.3614596, 2.953763, 239.9968
-11.35057, 0.3474382, 0.3500004, 2.601471, 240.2577
-11.35057, 0.3373913, 0.3489913, 2.5704, 241.0535
-11.35057, 0.3358721, 0.3542287, 2.731562, 241.0996
-11.35057, 0.3525686, 0.3701624, 3.220639, 239.585
-11.35057, 0.3439408, 0.3347645, 2.131391, 240.7389
-11.34452, 0.3649999, 0.3500004, 3.072653, 238.8911
-11.35698, 0.3649999, 0.3492116, 2.078562, 238.9017
-11.34347, 0.3649999, 0.3393749, 2.827549, 239.0344
-11.35779, 0.3649999, 0.3476267, 1.966267, 238.9231
-11.3426, 0.3649999, 0.319727, 2.288103, 239.3006
-11.34352, 0.3612436, 0.3500004, 3.150129, 239.1834
-11.35262, 0.3678098, 0.3481987, 2.38678, 238.6966
-11.34301, 0.3571957, 0.360567, 3.51378, 239.3554
-11.35221, 0.3608602, 0.337563, 2.090149, 239.3816
-11.3515, 0.3718689, 0.3338404, 2.030253, 238.5736
-11.35166, 0.3718434, 0.3500004, 2.51657, 238.3585
-11.35997, 0.357253, 0.3458888, 1.742978, 239.5497
-11.35822, 0.3547757, 0.3634676, 2.420998, 239.5042
-11.35082, 0.3519691, 0.3266695, 1.861796, 240.2235
-11.3508, 0.3689284, 0.3607573, 2.914438, 238.441
-11.34412, 0.3828317, 0.3500004, 3.103166, 237.5034
-11.34717, 0.3734085, 0.3437797, 2.674828, 238.3201
-11.34447, 0.3482573, 0.3695647, 3.676128, 239.9277
-11.34463, 0.3397274, 0.3693053, 3.655915, 240.5934
-11.34699, 0.3482141, 0.3197907, 1.947298, 240.6112
-11.35843, 0.388908, 0.3500004, 1.989756, 237.0305
-11.35874, 0.3804753, 0.3511771, 2.002201, 237.6711
-11.35213, 0.3845771, 0.3621267, 2.853498, 237.2068
-11.34364, 0.3938459, 0.3328131, 2.612028, 236.8733
-11.35711, 0.4036456, 0.3640552, 2.525125, 235.7
-11.36604, 0.3649999, 0.3500004, 1.397324, 238.8911
-11.35939, 0.3649999, 0.3400473, 1.607137, 239.0253
-11.36251, 0.3649999, 0.3694555, 2.27191, 238.6296
-11.33264, 0.3649999, 0.3587827, 4.265299, 238.7729
-11.36981, 0.3649999, 0.3852129, 2.190256, 238.4187
-11.36063, 0.3593419, 0.3500004, 1.818395, 239.3314
-11.34018, 0.3569394, 0.3426448, 3.18419, 239.6181
-11.33139, 0.3662896, 0.3433868, 3.891621, 238.8798
-11.34549, 0.3721206, 0.3335087, 2.488947, 238.5584
-11.37056, 0.3622676, 0.3387501, 0.6966734, 239.2558
-11.33217, 0.3525619, 0.3500004, 4.033298, 239.859
-11.36083, 0.3821107, 0.3548972, 1.954007, 237.4944
-11.35435, 0.3537442, 0.3516377, 2.358098, 239.7448
-11.33759, 0.3762833, 0.3740693, 4.347095, 237.6924
-11.34155, 0.3732642, 0.3588529, 3.575234, 238.1295
-11.35124, 0.3737617, 0.3500004, 2.549815, 238.2092
-11.36506, 0.3516648, 0.3514099, 1.517701, 239.9096
-11.36353, 0.3421647, 0.3314058, 1.016707, 240.9236
-11.34994, 0.3352709, 0.3448636, 2.492037, 241.2754
-11.35591, 0.3432363, 0.3532762, 2.286959, 240.5399
-11.37043, 0.3869473, 0.3500004, 1.055932, 237.1831
-11.36276, 0.3685451, 0.3409757, 1.373978, 238.7366
-11.33246, 0.3580432, 0.3653262, 4.479446, 239.2253
-11.35367, 0.3456841, 0.3721271, 3.040152, 240.0926
-11.36773, 0.3914089, 0.3603792, 1.586695, 236.699
-11.35338, 0.3649999, 0.3500004, 2.382731, 238.8911
-11.36597, 0.3649999, 0.354408, 1.53976, 238.8317
-11.32404, 0.3649999, 0.3616846, 5.02214, 238.7339
-11.35041, 0.3649999, 0.3652494, 3.082924, 238.686
-11.36176, 0.3649999, 0.343007, 1.514511, 238.9854
-11.33865, 0.3692323, 0.3500004, 3.529043, 238.5617
-11.33805, 0.3641509, 0.3477118, 3.505354, 238.988
-11.32794, 0.3551615, 0.3512194, 4.399981, 239.6402
-11.334, 0.3728258, 0.340514, 3.600354, 238.4093
-11.35999, 0.3608606, 0.3701258, 2.488475, 238.9419
-11.36808, 0.3696209, 0.3500004, 1.238623, 238.5314
-11.36007, 0.3833735, 0.3485723, 1.818209, 237.4802
-11.34589, 0.3710351, 0.3693514, 3.558898, 238.1625
-11.37534, 0.3650448, 0.3535629, 0.7842922, 238.8396
-11.32725, 0.3830065, 0.3396742, 4.100046, 237.6272
-11.32195, 0.364544, 0.3500004, 4.829078, 238.9265
-11.34572, 0.3663754, 0.3562777, 3.171487, 238.6996
-11.34253, 0.354009, 0.3432457, 3.019438, 239.8382
-11.33093, 0.3446982, 0.3271359, 3.428164, 240.7847
-11.34688, 0.3569293, 0.3759756, 3.685098, 239.1682
-11.32687, 0.3800904, 0.3500004, 4.44623, 237.7167
-11.34519, 0.3652175, 0.3571581, 3.240438, 238.7778
-11.33873, 0.3786786, 0.3516967, 3.574991, 237.804
-11.32426, 0.3855262, 0.3476503, 4.577522, 237.3249
-11.3699, 0.3560608, 0.3463289, 0.9831333, 239.6365
-11.31338, 0.3649999, 0.3500004, 5.495653, 238.8911
-11.38079, 0.3649999, 0.3510236, 0.2817106, 238.8773
-11.37492, 0.3649999, 0.364621, 1.15993, 238.6944
-11.35084, 0.3649999, 0.37316, 3.291764, 238.5799
-11.31539, 0.3649999, 0.3789833, 6.218476, 238.502
-11.34297, 0.3636777, 0.3430257, 2.978468, 239.0881
-11.36209, 0.3568363, 0.3433204, 1.498117, 239.617
-11.35637, 0.3739401, 0.3248041, 1.370702, 238.5337
-11.31872, 0.3634378, 0.3551053, 5.235472, 238.9438
-11.32574, 0.3497935, 0.3500004, 4.533992, 240.0744
-11.32512, 0.3499767, 0.3439774, 4.397793, 240.1423
-11.34434, 0.3652706, 0.3365175, 2.67158, 239.052
-11.35726, 0.3633394, 0.3267361, 1.360674, 239.3351
-11.34494, 0.3478054, 0.3228843, 2.203703, 240.6006
-11.38362, 0.3638958, 0.3500004, 0.02926826, 238.977
-11.36951, 0.3487676, 0.3496739, 1.117229, 240.1587
-11.33586, 0.3432498, 0.3437044, 3.553205, 240.67
-11.35152, 0.3700875, 0.3383005, 2.166624, 238.6524
-11.32254, 0.3900822, 0.3673309, 5.31076, 236.7105
-11.34619, 0.3962769, 0.3500004, 2.94209, 236.4571
-11.33263, 0.3891141, 0.3443043, 3.823171, 237.0899
-11.33566, 0.3693997, 0.3523478, 3.8341, 238.5172
-11.31559, 0.3268278, 0.3487628, 5.286455, 241.8788
-11.35057, 0.5374999, 0.3500004, 2.601471, 225.4669
-11.35057, 0.5374999, 0.3487292, 2.562304, 225.4819
-11.35057, 0.5374999, 0.3460516, 2.47982, 225.5133
-11.35057, 0.5374999, 0.3680009, 3.154421, 225.2562
-11.35057, 0.5374999, 0.3359637, 2.168455, 225.6319
-11.35057, 0.528762, 0.3500004, 2.601471, 226.1469
-11.35057, 0.5292519, 0.3442954, 2.42569, 226.1763
-11.35057, 0.533681, 0.3695666, 3.2024, 225.5344
-11.35057, 0.5419124, 0.340625, 2.312436, 225.2333
-11.35057, 0.5407735, 0.3693303, 3.195176, 224.9866
-11.35057, 0.5515921, 0.3500004, 2.601471, 224.3703
-11.35057, 0.5375018, 0.3488257, 2.565308, 225.4806
-11.35057, 0.5424439, 0.3425462, 2.371702, 225.1694
-11.35057, 0.5347769, 0.3235768, 1.785064, 225.9907
-11.35057, 0.5568821, 0.3221937, 1.742163, 224.2806
-11.35057, 0.5538383, 0.3500004, 2.601471, 224.1955
-11.35057, 0.5176308, 0.3489935, 2.570457, 227.0252
-11.35057, 0.5571213, 0.3376324, 2.220011, 224.0829
-11.35057, 0.5659238, 0.3231419, 1.77156, 223.5635
-11.35057, 0.5550671, 0.3171877, 1.586809, 224.4807
-11.35057, 0.5242922, 0.3500004, 2.601471, 226.4948
-11.35057, 0.5382498, 0.3413769, 2.335625, 225.5098
-11.35057, 0.5569741, 0.3538797, 2.720847, 223.9067
-11.35057, 0.5509369, 0.3375367, 2.217064, 224.566
-11.35057, 0.5039792, 0.3755064, 3.384233, 227.7686
-11.35447, 0.5374999, 0.3500004, 2.298074, 225.4669
-11.34581, 0.5374999, 0.3542362, 3.102036, 225.4173
-11.35151, 0.5374999, 0.3517547, 2.582159, 225.4464
-11.36024, 0.5374999, 0.3639081, 2.278161, 225.304
-11.35071, 0.5374999, 0.3376685, 2.210541, 225.6119
-11.34559, 0.5376261, 0.3500004, 2.989111, 225.4571
-11.3449, 0.5470442, 0.3527907, 3.128328, 224.6917
-11.35901, 0.5380205, 0.3333613, 1.429853, 225.622
-11.34483, 0.5426075, 0.3365481, 2.63423, 225.2269
-11.34712, 0.5383329, 0.3160889, 1.822772, 225.8015
-11.34703, 0.5285186, 0.3500004, 2.877316, 226.1659
-11.34324, 0.5441238, 0.3436339, 2.976508, 225.0258
-11.35613, 0.532153, 0.3667919, 2.685413, 225.6855
-11.35776, 0.5495872, 0.3556769, 2.216949, 224.4604
-11.35173, 0.5570759, 0.3237557, 1.700163, 224.2473
-11.35728, 0.5435054, 0.3500004, 2.079277, 224.9996
-11.35231, 0.5367859, 0.355916, 2.647963, 225.4531
-11.34724, 0.5240452, 0.3614088, 3.210869, 226.3788
-11.34106, 0.5131867, 0.3320503, 2.789583, 227.5746
-11.35835, 0.5442969, 0.3483133, 1.943836, 224.9577
-11.35226, 0.5505616, 0.3500004, 2.47025, 224.4505
-11.35366, 0.5753082, 0.3467937, 2.262239, 222.5611
-11.34488, 0.5279611, 0.364353, 3.484726, 226.0398
-11.34807, 0.5592697, 0.3474838, 2.718458, 223.8018
-11.35858, 0.5468987, 0.338648, 1.627421, 224.8678
-11.33551, 0.5374999, 0.3500004, 3.773661, 225.4669
-11.35917, 0.5374999, 0.3560646, 2.119203, 225.3958
-11.36058, 0.5374999, 0.3566172, 2.026777, 225.3894
-11.35871, 0.5374999, 0.3203505, 1.049166, 225.8162
-11.35442, 0.5374999, 0.3108011, 1.087303, 225.9292
-11.33662, 0.5337732, 0.3500004, 3.686972, 225.757
-11.33555, 0.5320157, 0.3498691, 3.76668, 225.8953
-11.35912, 0.5345421, 0.3433023, 1.729417, 225.776
-11.34185, 0.5389702, 0.3689486, 3.860736, 225.131
-11.34784, 0.5382921, 0.3677718, 3.359814, 225.1974
-11.34384, 0.5260513, 0.3500004, 3.125424, 226.3579
-11.35801, 0.5457351, 0.3469737, 1.929073, 224.8613
-11.34532, 0.533327, 0.3350771, 2.550416, 225.9677
-11.35645, 0.5211766, 0.3610133, 2.48291, 226.6064
-11.34589, 0.5203096, 0.3426435, 2.7391, 226.8924
-11.36292, 0.5278194, 0.3500004, 1.640339, 226.2203
-11.34004, 0.5148638, 0.3564121, 3.617435, 227.1519
-11.36589, 0.5536914, 0.3338476, 0.908289, 224.3942
-11.3407, 0.5599254, 0.3649302, 3.826604, 223.5503
-11.36489, 0.5079236, 0.3805535, 2.428565, 227.4024
-11.3504, 0.5446379, 0.3500004, 2.614589, 224.9114
-11.35497, 0.5133324, 0.3445232, 2.090292, 227.4133
-11.34534, 0.5699915, 0.3579721, 3.253355, 222.8476
-11.3351, 0.5356147, 0.3358569, 3.371515, 225.7802
-11.35755, 0.5570482, 0.3119961, 0.8795357, 224.3863
-11.33483, 0.5374999, 0.3500004, 3.826389, 225.4669
-11.33419, 0.5374999, 0.3590258, 4.15246, 225.3612
-11.34374, 0.5374999, 0.3667382, 3.646317, 225.271
-11.36265, 0.5374999, 0.3466002, 1.556125, 225.5069
-11.33004, 0.5374999, 0.3492731, 4.17695, 225.4755
-11.33997, 0.535997, 0.3500004, 3.426332, 225.5839
-11.32142, 0.5463558, 0.3436664, 4.676943, 224.8516
-11.36202, 0.5293981, 0.3568456, 1.922007, 226.0166
-11.37295, 0.5307568, 0.343058, 0.6443453, 226.0737
-11.34858, 0.5308788, 0.3432701, 2.549086, 226.0617
-11.34943, 0.5189177, 0.3500004, 2.69052, 226.913
-11.32789, 0.52452, 0.3495642, 4.353561, 226.4822
-11.33947, 0.5371559, 0.3481158, 3.407865, 225.5158
-11.35749, 0.5495713, 0.3277777, 1.375566, 224.7863
-11.37344, 0.5566898, 0.3259252, 0.07255554, 224.2523
-11.32116, 0.5166595, 0.3500004, 4.890046, 227.0887
-11.34694, 0.5611262, 0.3451352, 2.734423, 223.6843
-11.37054, 0.5348378, 0.3613186, 1.397781, 225.5412
-11.35771, 0.5586274, 0.3608184, 2.379684, 223.6983
-11.32305, 0.5312783, 0.3295068, 4.116096, 226.1935
-11.32333, 0.5222801, 0.3500004, 4.721732, 226.6514
-11.34575, 0.5387832, 0.3450081, 2.823114, 225.4256
-11.35798, 0.504996, 0.3558979, 2.206907, 227.9253
-11.36829, 0.5136989, 0.3355532, 0.7741356, 227.4925
-11.32546, 0.5439252, 0.3132735, 3.428679, 225.3975
-11.34831, 0.5374999, 0.3500004, 2.777739, 225.4669
-11.38432, 0.5374999, 0.3550772, 0.1332808, 225.4074
-11.35577, 0.5374999, 0.3383199, 1.836247, 225.6042
-11.32393, 0.5374999, 0.3494047, 4.656572, 225.4739
-11.32177, 0.5374999, 0.3484712, 4.796419, 225.4849
-11.31203, 0.5373009, 0.3500004, 5.601039, 225.4824
-11.34566, 0.5317008, 0.3421344, 2.741361, 226.0111
-11.36687, 0.5276627, 0.343597, 1.134825, 226.3083
-11.35944, 0.5455089, 0.3200482, 0.9825325, 225.1941
-11.36804, 0.5397154, 0.3500004, 1.24177, 225.2945
-11.33978, 0.5569152, 0.332306, 2.896786, 224.1606
-11.36073, 0.5477778, 0.3719524, 2.48693, 224.4125
-11.36311, 0.5507845, 0.3709483, 2.27128, 224.1908
-11.33405, 0.5207196, 0.3500004, 3.886828, 226.7728
-11.31947, 0.5258805, 0.3491273, 4.995418, 226.3815
-11.37302, 0.5545249, 0.3713706, 1.515326, 223.8956
-11.37642, 0.522142, 0.3358617, 0.1501465, 226.8305
-11.31098, 0.5700346, 0.3500004, 5.682678, 222.9351
-11.34116, 0.5600516, 0.3427412, 3.110905, 223.7955
-11.34999, 0.5303405, 0.3678333, 3.194046, 225.8141
-11.32995, 0.5157131, 0.3539052, 4.325252, 227.1158
-11.3268, 0.5191874, 0.3767696, 5.266042, 226.5741
-11.35057, 0.7099999, 0.3500004, 2.601471, 212.0428
-11.35057, 0.7099999, 0.3498665, 2.597322, 212.0442
-11.35057, 0.7099999, 0.355553, 2.772317, 211.9874
-11.35057, 0.7099999, 0.3639165, 3.02918, 211.904
-11.35057, 0.7099999, 0.3643346, 3.041997, 211.8999
-11.35057, 0.7093853, 0.3500004, 2.601471, 212.0906
-11.35057, 0.7090383, 0.3587147, 2.869463, 212.0306
-11.35057, 0.7138654, 0.3630849, 3.003659, 211.612
-11.35057, 0.7114604, 0.3554988, 2.770643, 211.8743
-11.35057, 0.7086542, 0.3294069, 1.96568, 212.3542
-11.35057, 0.6969279, 0.3500004, 2.601471, 213.0601
-11.35057, 0.7218437, 0.3517448, 2.655144, 211.1039
-11.35057, 0.6935835, 0.3480672, 2.541933, 213.34
-11.35057, 0.6951892, 0.3469851, 2.508602, 213.226
-11.35057, 0.7217296, 0.3422826, 2.363577, 211.2063
-11.35057, 0.6830494, 0.3500004, 2.601471, 214.1401
-11.35057, 0.7311283, 0.353636, 2.713366, 210.363
-11.35057, 0.6926055, 0.3587106, 2.869349, 213.308
-11.35057, 0.7049879, 0.3513424, 2.642784, 212.4194
-11.35057, 0.7124928, 0.368782, 3.178368, 211.6621
-11.35057, 0.6832591, 0.3500004, 2.601471, 214.1238
-11.35057, 0.7042975, 0.359672, 2.898889, 212.3895
-11.35057, 0.6836995, 0.3432169, 2.392416, 214.1592
-11.35057, 0.7181208, 0.3534198, 2.706685, 211.377
-11.35057, 0.701052, 0.3783578, 3.471408, 212.4543
-11.35872, 0.7099999, 0.3500004, 1.967125, 212.0428
-11.35818, 0.7099999, 0.3405805, 1.717958, 212.1371
-11.3454, 0.7099999, 0.3508752, 3.030653, 212.0341
-11.35481, 0.7099999, 0.3770298, 3.102393, 211.7737
-11.36019, 0.7099999, 0.3487781, 1.815319, 212.055
-11.3481, 0.7033057, 0.3500004, 2.793832, 212.5638
-11.35313, 0.706763, 0.3476182, 2.328873, 212.3186
-11.34766, 0.7023823, 0.3353962, 2.377853, 212.783
-11.34907, 0.7180589, 0.3246322, 1.934638, 211.6679
-11.35239, 0.7195134, 0.3101794, 1.226392, 211.6986
-11.34917, 0.722181, 0.3500004, 2.710719, 211.0949
-11.35265, 0.6998006, 0.35244, 2.515168, 212.8119
-11.3537, 0.7228188, 0.3668153, 2.874756, 210.8797
-11.3477, 0.7010852, 0.3233376, 2.002087, 213.0063
-11.34553, 0.7113962, 0.3470858, 2.90381, 211.9633
-11.35662, 0.6947461, 0.3500004, 2.130461, 213.2299
-11.35999, 0.7246807, 0.342455, 1.635289, 210.9747
-11.3412, 0.7102972, 0.3503942, 3.342819, 212.0157
-11.34759, 0.6926323, 0.3309297, 2.245703, 213.5888
-11.35055, 0.7183981, 0.3637862, 3.026533, 211.2529
-11.34288, 0.7181586, 0.3500004, 3.200068, 211.4079
-11.34785, 0.7307814, 0.3489811, 2.781529, 210.4355
-11.35376, 0.7104713, 0.3370557, 1.953549, 212.1357
-11.34345, 0.6741599, 0.3593286, 3.441739, 214.7354
-11.35004, 0.7361928, 0.330801, 2.050252, 210.1917
-11.36812, 0.7099999, 0.3500004, 1.235662, 212.0428
-11.35749, 0.7099999, 0.3404073, 1.766939, 212.1388
-11.34677, 0.7099999, 0.3461734, 2.779498, 212.0811
-11.35311, 0.7099999, 0.3413359, 2.136555, 212.1295
-11.33892, 0.7099999, 0.373456, 4.22576, 211.8092
-11.3588, 0.7129659, 0.3500004, 1.960831, 211.812
-11.3335, 0.7008418, 0.3531811, 4.026976, 212.7234
-11.33488, 0.7155591, 0.3695958, 4.421625, 211.416
-11.35884, 0.7076142, 0.3524742, 2.034574, 212.2037
-11.35025, 0.7129049, 0.3825802, 3.625245, 211.4935
-11.34113, 0.6916479, 0.3500004, 3.336082, 213.471
-11.33942, 0.6941081, 0.3530978, 3.564591, 213.2481
-11.35526, 0.7202001, 0.3339756, 1.741519, 211.4078
-11.36077, 0.7061905, 0.3558854, 1.98987, 212.2803
-11.3652, 0.7178757, 0.3494661, 1.446147, 211.4352
-11.33342, 0.6911946, 0.3500004, 3.935866, 213.5063
-11.34301, 0.7317425, 0.353993, 3.31212, 210.3118
-11.34288, 0.7063412, 0.3339866, 2.707443, 212.4885
-11.3404, 0.7366526, 0.3478002, 3.325653, 209.9901
-11.3603, 0.6885118, 0.3761497, 2.649751, 213.449
-11.36376, 0.7219539, 0.3500004, 1.574907, 211.1125
-11.34208, 0.6805992, 0.3436376, 3.066788, 214.3963
-11.33704, 0.7197506, 0.343825, 3.465085, 211.3452
-11.35515, 0.7391859, 0.3237195, 1.432328, 210.0273
-11.33605, 0.7102487, 0.3771677, 4.561028, 211.753
-11.33219, 0.7099999, 0.3500004, 4.031868, 212.0428
-11.36702, 0.7099999, 0.3428887, 1.100736, 212.114
-11.37171, 0.7099999, 0.3406425, 0.6663322, 212.1364
-11.3639, 0.7099999, 0.3598082, 1.867318, 211.9449
-11.35792, 0.7175303, 0.3500004, 2.029409, 211.4568
-11.35905, 0.7096502, 0.3443677, 1.767597, 212.1264
-11.35761, 0.7072425, 0.3594123, 2.344093, 212.1632
-11.33382, 0.7043521, 0.3553303, 4.06816, 212.4288
-11.36653, 0.7085535, 0.3427914, 1.136055, 212.2276
-11.32932, 0.710601, 0.3500004, 4.255586, 211.996
-11.34183, 0.7157287, 0.3433641, 3.078017, 211.663
-11.36963, 0.7184554, 0.3426113, 0.8892918, 211.4581
-11.3428, 0.6904603, 0.3714346, 3.862481, 213.3456
-11.34949, 0.7121332, 0.3508815, 2.712579, 211.868
-11.37669, 0.7269096, 0.3500004, 0.5689573, 210.7269
-11.34573, 0.7343218, 0.3531672, 3.075242, 210.1192
-11.36781, 0.6849074, 0.3337429, 0.7552099, 214.1625
-11.32417, 0.6915133, 0.3539851, 4.777451, 213.4409
-11.32786, 0.7273522, 0.3318977, 3.814259, 210.8706
-11.3425, 0.7059302, 0.3500004, 3.229694, 212.3595
-11.37916, 0.7348657, 0.3410788, 0.09916306, 210.1947
-11.32655, 0.6853686, 0.3353964, 4.023886, 214.1095
-11.35067, 0.7019267, 0.3478334, 2.527099, 212.6929
-11.3461, 0.6763976, 0.3671522, 3.475499, 214.481
-11.34771, 0.7099999, 0.3500004, 2.824473, 212.0428
-11.3408, 0.7099999, 0.3402509, 3.06241, 212.1404
-11.31828, 0.7099999, 0.3518305, 5.169783, 212.0245
-11.34381, 0.7099999, 0.3858079, 4.222655, 211.6867
-11.3668, 0.7022726, 0.3500004, 1.338372, 212.6442
-11.31684, 0.7114385, 0.3566968, 5.429993, 211.8641
-11.32563, 0.7169926, 0.3671494, 5.064726, 211.3289
-11.33857, 0.7035582, 0.3745147, 4.284554, 212.2983
-11.36845, 0.7159472, 0.3888295, 2.406335, 211.1962
-11.33624, 0.7118179, 0.3500004, 3.717141, 211.9013
-11.35098, 0.7222093, 0.3439273, 2.382646, 211.1527
-11.3599, 0.7121301, 0.3620105, 2.246032, 211.7575
-11.31479, 0.6951528, 0.3334835, 4.882107, 213.3661
-11.37017, 0.6917046, 0.3500004, 1.076531, 213.4666
-11.34626, 0.6904195, 0.3527377, 3.021169, 213.5387
-11.36994, 0.720205, 0.3525296, 1.17269, 211.2236
-11.34935, 0.7264303, 0.3367924, 2.289591, 210.8942
-11.33383, 0.6853765, 0.3438567, 3.715825, 214.022
-11.38161, 0.7283534, 0.3500004, 0.1857662, 210.6145
-11.36842, 0.7365164, 0.355209, 1.373935, 209.9286
-11.32599, 0.7141498, 0.3653905, 4.983845, 211.567
-11.32485, 0.6703898, 0.3795127, 5.501118, 214.8198
-11.33219, 0.7141649, 0.3804801, 4.961329, 211.4166
-11.00697, 1.204594, 0.3500004, 29.34056, 173.553
-11.00697, 1.204594, 0.3447101, 29.19591, 173.5795
-11.00697, 1.204594, 0.3568217, 29.52677, 173.519
-11.00697, 1.204594, 0.3757927, 30.04293, 173.4245
-11.00697, 1.204594, 0.326699, 28.70197, 173.6699
-11.00697, 1.205131, 0.3500004, 29.34056, 173.5112
-11.00697, 1.201582, 0.3524819, 29.40833, 173.7749
-11.00697, 1.200203, 0.3475912, 29.2747, 173.9069
-11.00697, 1.213641, 0.3383942, 29.02296, 172.906
-11.00697, 1.203493, 0.3118936, 28.2942, 173.8306
-11.00697, 1.217643, 0.3500004, 29.34056, 172.5375
-11.00697, 1.185019, 0.353868, 29.44618, 175.0562
-11.00697, 1.191956, 0.3351554, 28.93415, 174.6128
-11.00697, 1.211375, 0.3267283, 28.70275, 173.1404
-11.00697, 1.212862, 0.360158, 29.61773, 172.8597
-11.00697, 1.197646, 0.3500004, 29.34056, 174.0937
-11.00697, 1.216144, 0.3527125, 29.41465, 172.6409
-11.00697, 1.218811, 0.3318654, 28.84389, 172.5349
-11.00697, 1.179112, 0.3796083, 30.14643, 175.381
-11.00697, 1.194795, 0.3358667, 28.95367, 174.3878
-11.00697, 1.194172, 0.3500004, 29.34056, 174.3641
-11.00697, 1.209908, 0.3513724, 29.37803, 173.1327
-11.00697, 1.237367, 0.3441287, 29.18, 171.03
-11.00697, 1.22271, 0.3545288, 29.46422, 172.1214
-11.00697, 1.177657, 0.3140095, 28.35258, 175.8399
-11.00194, 1.204594, 0.3500004, 29.73242, 173.553
-10.99923, 1.204594, 0.3507552, 29.96369, 173.5493
-11.00994, 1.204594, 0.3516806, 29.15596, 173.5446
-11.00977, 1.204594, 0.3401036, 28.8517, 173.6026
-11.01664, 1.204594, 0.3573535, 28.7895, 173.5163
-11.0106, 1.204396, 0.3500004, 29.05831, 173.5684
-11.01598, 1.211234, 0.351449, 28.67925, 173.0291
-11.00072, 1.206946, 0.3516439, 29.87197, 173.3618
-11.00186, 1.213843, 0.3617614, 30.05878, 172.7756
-11.00375, 1.208865, 0.3111595, 28.5263, 173.4141
-11.00399, 1.198858, 0.3500004, 29.57276, 173.9994
-10.99784, 1.214935, 0.3440973, 29.89091, 172.7772
-11.01092, 1.190781, 0.3479781, 28.9783, 174.6383
-11.0092, 1.210128, 0.3739321, 29.81968, 173.0044
-11.01493, 1.214538, 0.328902, 28.14209, 172.8828
-10.99931, 1.223685, 0.3500004, 29.93709, 172.0673
-10.99704, 1.209765, 0.3589059, 30.35604, 173.1066
-11.01129, 1.183987, 0.3312073, 28.48889, 175.2547
-11.01663, 1.223809, 0.3464351, 28.49163, 172.0748
-11.00041, 1.182881, 0.385133, 30.80425, 175.0602
-11.01577, 1.228679, 0.3500004, 28.65612, 171.6787
-10.99946, 1.211761, 0.3488629, 29.89421, 173.0008
-11.01525, 1.169162, 0.3651131, 29.10951, 176.2295
-11.00571, 1.168262, 0.3218551, 28.66711, 176.532
-11.00429, 1.186523, 0.3439072, 29.38293, 174.9909
-11.00872, 1.204594, 0.3500004, 29.20478, 173.553
-11.02137, 1.204594, 0.3500419, 28.2214, 173.5528
-11.02458, 1.204594, 0.3516027, 28.01411, 173.545
-11.01442, 1.204594, 0.3736424, 29.40721, 173.4352
-11.02494, 1.204594, 0.3675221, 28.42358, 173.4656
-11.01964, 1.210891, 0.3500004, 28.3551, 173.063
-10.98791, 1.207151, 0.3435392, 30.64877, 173.3862
-11.00645, 1.198863, 0.3329114, 28.91378, 174.0856
-10.99017, 1.212718, 0.3537827, 30.75126, 172.9022
-11.00671, 1.204822, 0.3144485, 28.38532, 173.7137
-10.99418, 1.186117, 0.3500004, 30.33636, 174.9909
-10.99202, 1.215053, 0.3445311, 30.35537, 172.7658
-11.02677, 1.219681, 0.3332714, 27.33823, 172.4602
-11.01521, 1.185174, 0.3397515, 28.41814, 175.1176
-10.98971, 1.192686, 0.3109031, 29.61712, 174.6809
-11.00648, 1.200933, 0.3500004, 29.37922, 173.8379
-11.02644, 1.214778, 0.3586495, 28.0637, 172.7181
-10.98925, 1.185007, 0.3549905, 30.85552, 175.0514
-11.00831, 1.22769, 0.3324488, 28.75577, 171.8396
-11.00773, 1.22902, 0.3466448, 29.18973, 171.6682
-10.9979, 1.174735, 0.3500004, 30.04668, 175.8767
-10.99273, 1.186613, 0.3464174, 30.35179, 174.9709
-11.0097, 1.198005, 0.3494524, 29.11367, 174.0685
-10.9922, 1.230295, 0.3515689, 30.53279, 171.5455
-11.01874, 1.185374, 0.327616, 27.80904, 175.1653
-10.99787, 1.204594, 0.3500004, 30.04869, 173.553
-10.98352, 1.204594, 0.3532378, 31.25314, 173.5369
-11.0193, 1.204594, 0.3443566, 28.22626, 173.5813
-10.98174, 1.204594, 0.373203, 31.9307, 173.4374
-11.01623, 1.204594, 0.3843235, 29.5568, 173.3822
-10.98017, 1.204382, 0.3500004, 31.42626, 173.5695
-11.03093, 1.202536, 0.3459378, 27.36391, 173.7336
-11.02134, 1.206862, 0.3686488, 28.73333, 173.2839
-11.00997, 1.209285, 0.3479993, 29.05264, 173.1979
-11.01497, 1.206136, 0.3135038, 27.71354, 173.6158
-10.98007, 1.222669, 0.3500004, 31.4341, 172.1464
-11.00391, 1.20456, 0.3551239, 29.71879, 173.53
-11.00415, 1.218997, 0.3411555, 29.31885, 172.4752
-11.0196, 1.189506, 0.3759372, 29.06786, 174.594
-10.99852, 1.221935, 0.3371763, 29.64829, 172.2655
-11.0351, 1.196665, 0.3500004, 27.15144, 174.17
-11.01796, 1.230719, 0.3554375, 28.63495, 171.4942
-11.01955, 1.217021, 0.3579378, 28.5792, 172.5472
-10.98369, 1.185659, 0.3770613, 31.88307, 174.8865
-11.01196, 1.225005, 0.363001, 29.30759, 171.9023
-10.99756, 1.215037, 0.3500004, 30.0734, 172.7403
-10.99821, 1.212656, 0.3418249, 29.79967, 172.9658
-11.00387, 1.188313, 0.3689158, 30.09676, 174.7225
-11.00841, 1.181785, 0.3345037, 28.80404, 175.4092
-11.03025, 1.197936, 0.3753706, 28.22571, 173.943
-11.01814, 1.204594, 0.3500004, 28.47194, 173.553
-11.03916, 1.204594, 0.3560227, 27.00216, 173.5229
-11.04223, 1.204594, 0.3682709, 27.10121, 173.4619
-11.00905, 1.204594, 0.3771099, 29.91776, 173.418
-11.03731, 1.204594, 0.3694588, 27.51635, 173.456
-10.99707, 1.205133, 0.3500004, 30.11134, 173.511
-11.04626, 1.209195, 0.3595178, 26.54642, 173.1479
-10.98759, 1.203403, 0.3481754, 30.79953, 173.6548
-11.01382, 1.202363, 0.3302639, 28.26591, 173.826
-11.0093, 1.214179, 0.3840319, 30.086, 172.641
-11.03556, 1.212236, 0.3500004, 27.1158, 172.9583
-11.02265, 1.198678, 0.3514531, 28.16079, 174.006
-10.96725, 1.222224, 0.3554346, 32.57781, 172.1548
-10.99271, 1.188594, 0.3323875, 29.97079, 174.8893
-11.00706, 1.184594, 0.3155537, 28.38836, 175.2895
-11.03124, 1.221395, 0.3500004, 27.45233, 172.2455
-10.98986, 1.206729, 0.3594075, 30.92774, 173.3401
-11.03125, 1.190644, 0.3686874, 27.96526, 174.5428
-11.03475, 1.227678, 0.3357157, 26.7837, 171.8248
-11.04688, 1.199287, 0.3657841, 26.67143, 173.8864
-11.01405, 1.224454, 0.3500004, 28.79017, 172.0074
-11.0066, 1.195944, 0.3579861, 29.58741, 174.1855
-10.99732, 1.177281, 0.33889, 29.78877, 175.7372
-10.98555, 1.189172, 0.3595168, 31.2652, 174.7041
-10.98099, 1.191067, 0.3395354, 31.07879, 174.6595
-11.00697, 1.414594, 0.3500004, 29.34056, 157.2106
-11.00697, 1.414594, 0.354551, 29.46482, 157.1975
-11.00697, 1.414594, 0.3627805, 29.68916, 157.1739
-11.00697, 1.414594, 0.3241855, 28.63285, 157.2852
-11.00697, 1.414594, 0.317417, 28.44651, 157.3049
-11.00697, 1.408034, 0.3500004, 29.34056, 157.7211
-11.00697, 1.406238, 0.3453272, 29.2128, 157.8747
-11.00697, 1.424024, 0.3335094, 28.88902, 156.5228
-11.00697, 1.416106, 0.3354545, 28.94237, 157.1347
-11.00697, 1.417408, 0.3246856, 28.64661, 157.0641
-11.00697, 1.423237, 0.3500004, 29.34056, 156.5379
-11.00697, 1.424535, 0.3467346, 29.25129, 156.4461
-11.00697, 1.404021, 0.3610281, 29.64144, 158.0005
-11.00697, 1.428847, 0.3787317, 30.12265, 156.0231
-11.00697, 1.417942, 0.3217955, 28.56709, 157.0306
-11.00697, 1.41341, 0.3500004, 29.34056, 157.3027
-11.00697, 1.434919, 0.3548484, 29.47293, 155.6159
-11.00697, 1.405813, 0.363791, 29.71669, 157.8531
-11.00697, 1.400661, 0.3538982, 29.44701, 158.2831
-11.00697, 1.403813, 0.3458201, 29.22628, 158.0621
-11.00697, 1.400049, 0.3500004, 29.34056, 158.3425
-11.00697, 1.380976, 0.3462077, 29.23688, 159.839
-11.00697, 1.401121, 0.3395567, 29.0548, 158.2906
-11.00697, 1.416076, 0.3702668, 29.89283, 157.0374
-11.00697, 1.433163, 0.3525317, 29.40971, 155.7587
-11.0101, 1.414594, 0.3500004, 29.09708, 157.2106
-11.00847, 1.414594, 0.3401735, 28.95488, 157.239
-11.01473, 1.414594, 0.3347757, 28.31892, 157.2546
-11.0105, 1.414594, 0.3472388, 28.99037, 157.2186
-10.99971, 1.414594, 0.3465589, 29.81226, 157.2206
-11.00757, 1.420011, 0.3500004, 29.29401, 156.7891
-11.00634, 1.422419, 0.3575186, 29.59537, 156.5806
-11.00301, 1.410346, 0.3474534, 29.57926, 157.5486
-11.0052, 1.42401, 0.3225186, 28.72557, 156.5547
-10.99862, 1.417192, 0.3345901, 29.57013, 157.0525
-11.00232, 1.42462, 0.3500004, 29.70268, 156.4303
-11.016, 1.419173, 0.3481623, 28.58796, 156.8594
-11.01492, 1.405319, 0.3637946, 29.09941, 157.8914
-11.00183, 1.402554, 0.3414928, 29.50828, 158.1732
-11.00992, 1.400713, 0.3311378, 28.59448, 158.3479
-11.01537, 1.415627, 0.3500004, 28.68686, 157.1302
-11.01039, 1.41104, 0.3575171, 29.28037, 157.4652
-11.01538, 1.390213, 0.3313011, 28.17228, 159.1666
-11.01057, 1.425212, 0.3237838, 28.34126, 156.4572
-11.00187, 1.388435, 0.3899199, 30.8211, 159.1215
-11.00806, 1.436113, 0.3500004, 29.25631, 155.536
-11.00576, 1.38379, 0.3405137, 29.17527, 159.6381
-11.01642, 1.407499, 0.3442973, 28.44923, 157.7796
-11.0083, 1.437678, 0.3260774, 28.58101, 155.4777
-11.00797, 1.446788, 0.3412402, 29.02343, 154.7276
-10.99511, 1.414594, 0.3500004, 30.26363, 157.2106
-11.00014, 1.414594, 0.3587376, 30.11049, 157.1855
-10.99991, 1.414594, 0.3353357, 29.48989, 157.2529
-10.99851, 1.414594, 0.3287408, 29.41893, 157.272
-10.99478, 1.414594, 0.3684772, 30.79076, 157.1575
-11.02429, 1.424247, 0.3500004, 27.99292, 156.4594
-11.00511, 1.415744, 0.350534, 29.50016, 157.1195
-10.99119, 1.42229, 0.3366952, 30.20705, 156.649
-11.00051, 1.412839, 0.3333417, 29.38843, 157.3956
-11.00156, 1.408215, 0.3641918, 30.14782, 157.6653
-11.0092, 1.432277, 0.3500004, 29.16748, 155.8345
-11.01289, 1.408892, 0.3549106, 29.01421, 157.6399
-11.0165, 1.407987, 0.363591, 28.97141, 157.6847
-11.01903, 1.4144, 0.3609287, 28.7018, 157.1942
-11.01767, 1.418547, 0.3796662, 29.31872, 156.819
-11.00379, 1.3971, 0.3500004, 29.5885, 158.572
-11.00932, 1.415146, 0.3553075, 29.30284, 157.1524
-11.0089, 1.410274, 0.341674, 28.96278, 157.5711
-11.0234, 1.438144, 0.3595366, 28.32383, 155.3527
-11.00062, 1.420493, 0.3221263, 29.07264, 156.8305
-11.01318, 1.38711, 0.3500004, 28.85756, 159.3494
-10.99208, 1.430589, 0.3566381, 30.68014, 155.9478
-11.01378, 1.427941, 0.3662742, 29.25553, 156.1273
-11.02308, 1.439311, 0.328288, 27.48911, 155.3444
-11.00275, 1.405887, 0.3326373, 29.19481, 157.9398
-11.02221, 1.414594, 0.3500004, 28.15488, 157.2106
-11.02368, 1.414594, 0.3486767, 28.00431, 157.2144
-10.9996, 1.414594, 0.3580828, 30.13417, 157.1874
-11.03104, 1.414594, 0.331927, 26.96826, 157.2628
-10.99308, 1.414594, 0.3351604, 30.01787, 157.2535
-10.97731, 1.408582, 0.3500004, 31.64932, 157.6785
-10.98521, 1.414856, 0.3515751, 31.07672, 157.1857
-11.02565, 1.409827, 0.353425, 27.98163, 157.5715
-11.0194, 1.417554, 0.3544559, 28.49543, 156.9675
-10.97701, 1.40735, 0.3549243, 31.80538, 157.7598
-11.03341, 1.4337, 0.3500004, 27.28312, 155.7238
-11.02728, 1.432624, 0.3418304, 27.53502, 155.8296
-11.01281, 1.409908, 0.3630883, 29.24406, 157.537
-10.99184, 1.409114, 0.3636636, 30.88869, 157.597
-11.03691, 1.426349, 0.3741786, 27.67714, 156.2292
-10.99712, 1.433506, 0.3500004, 30.10777, 155.7388
-10.9848, 1.424813, 0.3464398, 30.9698, 156.4252
-11.01466, 1.428216, 0.3686489, 29.25194, 156.0995
-10.99995, 1.440687, 0.3777034, 30.63917, 155.1078
-10.98874, 1.444139, 0.3557899, 30.91687, 154.8964
-11.01915, 1.408659, 0.3500004, 28.39309, 157.6725
-11.03485, 1.438559, 0.343733, 26.99846, 155.3622
-11.00484, 1.44149, 0.3585125, 29.73876, 155.0954
-11.03459, 1.395775, 0.3211715, 26.39259, 158.764
-11.01717, 1.411118, 0.321237, 27.75564, 157.5653
-10.97989, 1.414594, 0.3500004, 31.44859, 157.2106
-11.00712, 1.414594, 0.3524576, 29.39645, 157.2036
-11.03451, 1.414594, 0.3508514, 27.22129, 157.2082
-10.97711, 1.414594, 0.3344043, 31.24218, 157.2556
-10.96848, 1.414594, 0.3438241, 32.17, 157.2284
-11.03904, 1.412479, 0.3500004, 26.84512, 157.3752
-10.99823, 1.408664, 0.3487425, 29.9867, 157.6758
-11.03534, 1.419018, 0.3402668, 26.86382, 156.8939
-11.00204, 1.418982, 0.379683, 30.53106, 156.7852
-11.03181, 1.407922, 0.3402893, 27.13932, 157.7585
-10.98292, 1.426451, 0.3500004, 31.21212, 156.2878
-10.98674, 1.413673, 0.3486575, 30.87883, 157.2861
-11.00523, 1.400481, 0.3663684, 29.92227, 158.2595
-10.97129, 1.394727, 0.3725048, 32.72279, 158.6875
-10.98986, 1.422823, 0.3301179, 30.13118, 156.626
-11.03916, 1.38871, 0.3500004, 26.83562, 159.2249
-11.02709, 1.439148, 0.3523772, 27.84071, 155.2935
-10.99819, 1.423788, 0.3610807, 30.32568, 156.4643
-10.96846, 1.405137, 0.3279642, 31.7424, 158.0123
-11.03033, 1.420945, 0.3830663, 28.42999, 156.6236
-10.98898, 1.447589, 0.3500004, 30.74069, 154.6429
-10.99387, 1.410972, 0.356271, 30.53052, 157.4742
-10.99447, 1.378664, 0.3401713, 30.04613, 160.0386
-11.02915, 1.384508, 0.3671666, 28.0864, 159.4973
-10.9838, 1.395804, 0.3568816, 31.33006, 158.6517
-11.39075, 1.21359, 0.3765362, 0.2998924, 172.7231
-11.39931, 1.197287, 0.3897845, 0.04696369, 173.9208
-11.38734, 1.204594, 0.359177, 0.02560616, 173.5072
-11.38239, 1.207358, 0.3538613, 0.245676, 173.3187
-11.38015, 1.196645, 0.3500004, 0.2993488, 174.1716
-11.38817, 1.16642, 0.3645542, 0.1281309, 176.4455
-11.37993, 1.214723, 0.3433171, 0.1084328, 172.7975
-11.37506, 1.204594, 0.3305426, 0.09042263, 173.6506
-11.37409, 1.19655, 0.3500004, 0.7713604, 174.179
-11.38392, 1.193381, 0.3500004, 0.006408691, 174.4256
-11.37496, 1.233262, 0.3421888, 0.4609823, 171.3589
-11.37523, 1.206445, 0.3601156, 0.9958506, 173.3586
-11.3697, 1.204594, 0.3500004, 1.112752, 173.553
-11.38449, 1.204594, 0.359973, 0.2715969, 173.5032
-11.36611, 1.204594, 0.3601912, 1.707201, 173.5021
-11.38168, 1.196339, 0.3500004, 0.1805449, 174.1954
-11.37099, 1.208498, 0.3481067, 0.9540653, 173.2586
-11.36311, 1.205101, 0.3696987, 2.233486, 173.4154
-11.3793, 1.197958, 0.3686332, 0.943737, 173.9753
-11.37131, 1.224451, 0.3500004, 0.9874249, 172.0077
-11.36291, 1.204586, 0.3398621, 1.327615, 173.6044
-11.37403, 1.210444, 0.3628911, 1.175108, 173.0342
-11.3616, 1.213042, 0.341401, 1.476903, 172.9379
-11.36799, 1.184534, 0.341105, 0.970273, 175.1604
-11.34554, 2.389187, 0.3500004, 2.993088, 81.36679
-11.34554, 2.389187, 0.3438438, 2.803688, 81.32391
-11.34554, 2.389187, 0.3449386, 2.837391, 81.33154
-11.34554, 2.389187, 0.3417813, 2.740159, 81.30954
-11.34554, 2.389187, 0.3509103, 3.021054, 81.37311
-11.34554, 2.386211, 0.3500004, 2.993088, 81.59839
-11.34554, 2.39331, 0.3598613, 3.295827, 81.11484
-11.34554, 2.398408, 0.3370859, 2.595406, 80.55797
-11.34554, 2.390438, 0.3488991, 2.959213, 81.26176
-11.34554, 2.381118, 0.3269973, 2.283854, 81.83609
-11.34554, 2.405491, 0.3500004, 2.993088, 80.09802
-11.34554, 2.384449, 0.3563716, 3.188753, 81.77948
-11.34554, 2.3785, 0.3578901, 3.235373, 82.25243
-11.34554, 2.393683, 0.3576902, 3.229251, 81.07066
-11.34554, 2.401168, 0.3750471, 3.760543, 80.61111
-11.34554, 2.372708, 0.3500004, 2.993088, 82.64923
-11.34554, 2.411595, 0.3492955, 2.971416, 79.61789
-11.34554, 2.408137, 0.347056, 2.902522, 79.87102
-11.34554, 2.366401, 0.3343415, 2.510748, 83.03444
-11.34554, 2.385567, 0.3426902, 2.768154, 81.59782
-11.34554, 2.379012, 0.3500004, 2.993088, 82.15857
-11.34554, 2.417764, 0.3511601, 3.028736, 79.15128
-11.34554, 2.407435, 0.3397771, 2.678404, 79.87364
-11.34554, 2.383852, 0.3370402, 2.594018, 81.69237
-11.34554, 2.39062, 0.3849483, 4.062538, 81.49779
-11.33858, 2.389187, 0.3500004, 3.534751, 81.36679
-11.34539, 2.389187, 0.3433737, 2.800899, 81.32065
-11.34905, 2.389187, 0.3333858, 2.207494, 81.25096
-11.33698, 2.389187, 0.3565607, 3.860006, 81.41238
-11.34217, 2.389187, 0.3588317, 3.525982, 81.42815
-11.35082, 2.379411, 0.3500004, 2.581987, 82.12761
-11.34783, 2.392335, 0.3452135, 2.667789, 81.08835
-11.33642, 2.390233, 0.332689, 3.171058, 81.16449
-11.34358, 2.38209, 0.3255948, 2.393188, 81.7505
-11.34307, 2.382277, 0.3442411, 3.008595, 81.86484
-11.34326, 2.375009, 0.3500004, 3.170314, 82.47014
-11.33685, 2.387765, 0.3552978, 3.831668, 81.51414
-11.35102, 2.39327, 0.3540002, 2.689962, 81.07704
-11.35029, 2.400826, 0.3462895, 2.509146, 80.43475
-11.34847, 2.381991, 0.3421386, 2.522578, 81.87259
-11.34294, 2.377555, 0.3500004, 3.195248, 82.27197
-11.33613, 2.386608, 0.3462976, 3.612056, 81.54181
-11.34841, 2.418219, 0.3578852, 3.011956, 79.16458
-11.3495, 2.393598, 0.3431852, 2.474685, 80.97578
-11.35336, 2.392363, 0.381806, 3.360357, 81.34094
-11.33738, 2.393984, 0.3500004, 3.628135, 80.99345
-11.345, 2.383584, 0.3411434, 2.762461, 81.74164
-11.34443, 2.379383, 0.3396577, 2.761531, 82.05875
-11.34284, 2.422655, 0.3451601, 3.054514, 78.72693
-11.34376, 2.384133, 0.3193157, 2.185006, 81.54732
-11.36357, 2.389187, 0.3500004, 1.590114, 81.36679
-11.36526, 2.389187, 0.3532165, 1.557527, 81.38914
-11.35849, 2.389187, 0.334818, 1.515369, 81.26096
-11.35663, 2.389187, 0.331641, 1.56239, 81.23877
-11.33894, 2.389187, 0.3302556, 2.899461, 81.22908
-11.36315, 2.391453, 0.3500004, 1.622829, 81.19046
-11.33553, 2.387154, 0.3482994, 3.719745, 81.51318
-11.34381, 2.388132, 0.3539618, 3.249335, 81.47638
-11.34849, 2.392481, 0.3437959, 2.572289, 81.067
-11.34937, 2.388007, 0.3725434, 3.38685, 81.61465
-11.32936, 2.380079, 0.3500004, 4.251966, 82.07558
-11.3527, 2.377448, 0.3469941, 2.342949, 82.25975
-11.33521, 2.372748, 0.3652189, 4.262581, 82.74919
-11.35386, 2.390871, 0.3680782, 2.901564, 81.3615
-11.34345, 2.400977, 0.3445238, 2.98748, 80.41049
-11.34436, 2.403167, 0.3500004, 3.085113, 80.27879
-11.35427, 2.389867, 0.3507463, 2.336912, 81.31909
-11.3486, 2.369269, 0.3366641, 2.343678, 82.8266
-11.33921, 2.367683, 0.369111, 4.070492, 83.16873
-11.33903, 2.368513, 0.331789, 2.939415, 82.85248
-11.36321, 2.416404, 0.3500004, 1.618195, 79.24875
-11.34449, 2.417611, 0.343632, 2.879233, 79.10864
-11.35637, 2.426508, 0.3666501, 2.662525, 78.58423
-11.34599, 2.359213, 0.340765, 2.673597, 83.63783
-11.33925, 2.392298, 0.3353222, 3.031254, 81.02194
-11.33096, 2.389187, 0.3500004, 4.127641, 81.36679
-11.33288, 2.389187, 0.3438074, 3.788323, 81.32365
-11.34173, 2.389187, 0.3491543, 3.263383, 81.3609
-11.37191, 2.389187, 0.3562517, 1.134825, 81.41022
-11.35386, 2.389187, 0.360286, 2.661939, 81.43823
-11.33851, 2.394695, 0.3500004, 3.540215, 80.93813
-11.36468, 2.387572, 0.3548907, 1.654944, 81.52635
-11.34263, 2.39659, 0.3557702, 3.396549, 80.83124
-11.32533, 2.384808, 0.3745117, 5.311804, 81.87646
-11.36409, 2.392127, 0.3212404, 0.6562757, 80.93634
-11.36402, 2.375498, 0.3500004, 1.554909, 82.43207
-11.34749, 2.387794, 0.3402534, 2.541246, 81.40747
-11.37207, 2.403958, 0.3635981, 1.349216, 80.31372
-11.37391, 2.395736, 0.3550698, 0.9422493, 80.89275
-11.36007, 2.380511, 0.3644073, 2.306242, 82.14072
-11.34844, 2.363555, 0.3500004, 2.767181, 83.3615
-11.3236, 2.406955, 0.3518532, 4.756823, 79.99724
-11.36909, 2.366189, 0.3521555, 1.227336, 83.17094
-11.36118, 2.369061, 0.3413349, 1.508074, 82.87442
-11.36003, 2.396627, 0.3596471, 2.16289, 80.85555
-11.364, 2.424166, 0.3500004, 1.556797, 78.64464
-11.32357, 2.389225, 0.3461514, 4.585075, 81.33701
-11.35586, 2.399729, 0.3595956, 2.485785, 80.61407
-11.35149, 2.393024, 0.3692637, 3.122063, 81.20256
-11.3332, 2.36401, 0.3642617, 4.389482, 83.42148
-11.37371, 2.389187, 0.3500004, 0.8006287, 81.36679
-11.34768, 2.389187, 0.3554785, 2.994475, 81.40486
-11.30746, 2.389187, 0.3659118, 6.43856, 81.47723
-11.35566, 2.389187, 0.360815, 2.5383, 81.44191
-11.35796, 2.389187, 0.3790274, 2.91873, 81.56795
-11.33524, 2.397559, 0.3500004, 3.794389, 80.71529
-11.37416, 2.3926, 0.3413171, 0.4958582, 81.04042
-11.31226, 2.385316, 0.3652138, 6.044798, 81.77304
-11.33635, 2.38752, 0.3312667, 3.132334, 81.36623
-11.32586, 2.39722, 0.3709539, 5.162344, 80.88872
-11.35991, 2.393693, 0.3500004, 1.874685, 81.01608
-11.3823, 2.387553, 0.3554675, 0.3021097, 81.53181
-11.31437, 2.38064, 0.3647461, 5.866184, 82.13301
-11.35532, 2.389661, 0.3392058, 1.898618, 81.25465
-11.34164, 2.406552, 0.3311344, 2.716041, 79.88055
-11.33679, 2.409847, 0.3500004, 3.673682, 79.759
-11.35285, 2.387276, 0.3584873, 2.685442, 81.57433
-11.35988, 2.360309, 0.3624151, 2.259493, 83.69673
-11.30727, 2.366188, 0.3476152, 5.898728, 83.14052
-11.37645, 2.369072, 0.3820001, 1.577024, 83.14735
-11.3619, 2.426695, 0.3500004, 1.719546, 78.44789
-11.37285, 2.416431, 0.3443027, 0.6910515, 79.20541
-11.34418, 2.40416, 0.3581296, 3.348684, 80.25928
-11.33724, 2.421512, 0.3605373, 3.961344, 78.92787
-11.30752, 2.359624, 0.3550452, 6.104894, 83.70097
-11.34554, 2.599187, 0.3500004, 2.993088, 65.02434
-11.34554, 2.599187, 0.3476017, 2.919331, 65.00256
-11.34554, 2.599187, 0.3599142, 3.297458, 65.11421
-11.34554, 2.599187, 0.3358782, 2.558184, 64.89595
-11.34554, 2.599187, 0.3284002, 2.327228, 64.82774
-11.34554, 2.606613, 0.3500004, 2.993088, 64.44649
-11.34554, 2.600078, 0.3564168, 3.190141, 65.01326
-11.34554, 2.602664, 0.3677656, 3.537912, 64.91528
-11.34554, 2.603912, 0.3743781, 3.740101, 64.87834
-11.34554, 2.60788, 0.3414675, 2.730489, 64.26956
-11.34554, 2.583745, 0.3500004, 2.993088, 66.22606
-11.34554, 2.608428, 0.3426946, 2.768283, 64.2382
-11.34554, 2.618662, 0.3673914, 3.526483, 63.66966
-11.34554, 2.583343, 0.3785572, 3.867688, 66.511
-11.34554, 2.590175, 0.3812386, 3.949456, 66.0052
-11.34554, 2.606471, 0.3500004, 2.993088, 64.45755
-11.34554, 2.595474, 0.3542186, 3.122678, 65.35139
-11.34554, 2.588092, 0.3672488, 3.52212, 66.04205
-11.34554, 2.58642, 0.3770006, 3.820181, 66.25861
-11.34554, 2.590339, 0.3701815, 3.611841, 65.89383
-11.34554, 2.58345, 0.3500004, 2.993088, 66.24901
-11.34554, 2.623822, 0.3598175, 3.294482, 63.19868
-11.34554, 2.594393, 0.3646495, 3.44254, 65.52939
-11.34554, 2.57645, 0.3630925, 3.394861, 66.90941
-11.34554, 2.57586, 0.3766804, 3.810396, 67.07477
-11.35493, 2.599187, 0.3500004, 2.261968, 65.02434
-11.34331, 2.599187, 0.3441607, 2.987351, 64.9713
-11.33922, 2.599187, 0.3368391, 3.080077, 64.90469
-11.35004, 2.599187, 0.3472826, 2.558899, 64.99966
-11.33722, 2.599187, 0.3806286, 4.575648, 65.30122
-11.35367, 2.60673, 0.3500004, 2.360172, 64.43733
-11.34977, 2.589859, 0.3504015, 2.676258, 65.75383
-11.35435, 2.593739, 0.3311283, 1.724267, 65.27769
-11.35545, 2.592369, 0.3697098, 2.828364, 65.73206
-11.34117, 2.603423, 0.3514433, 3.377495, 64.7079
-11.35503, 2.582773, 0.3500004, 2.254486, 66.3017
-11.35231, 2.615283, 0.3431601, 2.25523, 63.7085
-11.34778, 2.58239, 0.3508414, 2.844687, 66.33905
-11.34634, 2.597984, 0.3225874, 2.085199, 64.86864
-11.33671, 2.592482, 0.3383253, 3.321919, 65.44081
-11.35549, 2.576313, 0.3500004, 2.218924, 66.80449
-11.33906, 2.579022, 0.3564857, 3.696156, 66.65111
-11.34162, 2.582283, 0.337545, 2.915025, 66.22876
-11.34794, 2.593588, 0.3688858, 3.385634, 65.63
-11.34595, 2.570548, 0.3522263, 3.029265, 67.27263
-11.34617, 2.606214, 0.3500004, 2.943864, 64.47749
-11.3454, 2.632213, 0.3509142, 3.032055, 62.46288
-11.3471, 2.589739, 0.3374169, 2.484026, 65.64644
-11.33776, 2.606833, 0.3395782, 3.278761, 64.33382
-11.33727, 2.606545, 0.3600857, 3.945651, 64.54396
-11.34737, 2.599187, 0.3500004, 2.850952, 65.02434
-11.35075, 2.599187, 0.355164, 2.746096, 65.07117
-11.33621, 2.599187, 0.3562325, 3.910117, 65.08086
-11.36388, 2.599187, 0.3556218, 1.739116, 65.07533
-11.3487, 2.599187, 0.3564887, 2.946782, 65.08318
-11.34583, 2.597125, 0.3500004, 2.970343, 65.18483
-11.33654, 2.597896, 0.3506958, 3.714638, 65.13113
-11.35874, 2.607685, 0.3505036, 1.981716, 64.36768
-11.34263, 2.589446, 0.3699108, 3.829708, 65.96071
-11.35556, 2.590019, 0.3551549, 2.371788, 65.78412
-11.34234, 2.604815, 0.3500004, 3.24204, 64.58638
-11.33284, 2.588177, 0.3451798, 3.833742, 65.83791
-11.34021, 2.59172, 0.360967, 3.744206, 65.70401
-11.36144, 2.610863, 0.3604675, 2.078447, 64.21184
-11.33151, 2.601719, 0.3551969, 4.243541, 64.87454
-11.33253, 2.625221, 0.3500004, 4.005389, 62.9984
-11.35428, 2.612586, 0.3445904, 2.14571, 63.93176
-11.35407, 2.601786, 0.3687305, 2.904868, 64.99216
-11.33562, 2.612656, 0.3738464, 4.493093, 64.19518
-11.32669, 2.614495, 0.3413558, 4.19539, 63.75323
-11.35122, 2.60823, 0.3500004, 2.550702, 64.32062
-11.34552, 2.581742, 0.3572617, 3.217936, 66.44653
-11.36094, 2.584174, 0.356007, 1.979856, 66.24625
-11.36063, 2.620514, 0.3777991, 2.674556, 63.62207
-11.34466, 2.605826, 0.3615571, 3.415747, 64.61319
-11.32771, 2.599187, 0.3500004, 4.380455, 65.02434
-11.33864, 2.599187, 0.3435003, 3.330088, 64.96532
-11.32913, 2.599187, 0.3569451, 4.482336, 65.08733
-11.33969, 2.599187, 0.3357563, 3.010683, 64.89482
-11.31968, 2.599187, 0.3834937, 6.022182, 65.32703
-11.37097, 2.603001, 0.3500004, 1.01366, 64.72757
-11.3462, 2.596514, 0.3420451, 2.696829, 65.16029
-11.3181, 2.607275, 0.3321749, 4.584131, 64.23129
-11.3303, 2.602812, 0.3797424, 5.085182, 65.01227
-11.34449, 2.600448, 0.356243, 3.266344, 64.98296
-11.32415, 2.61506, 0.3500004, 4.657845, 63.78912
-11.33457, 2.586373, 0.3517207, 3.899016, 66.03697
-11.34995, 2.609634, 0.3441681, 2.46995, 64.15779
-11.33919, 2.613118, 0.3684922, 4.053254, 64.11028
-11.35657, 2.612721, 0.3501098, 2.137713, 63.97217
-11.35912, 2.579699, 0.3500004, 1.936426, 66.54097
-11.35319, 2.57499, 0.3451385, 2.247834, 66.86447
-11.35348, 2.628113, 0.3479417, 2.311492, 62.75403
-11.31679, 2.615242, 0.3718031, 5.89252, 63.9758
-11.35536, 2.582619, 0.3477311, 2.159185, 66.2935
-11.34965, 2.565532, 0.3500004, 2.673011, 67.64345
-11.35724, 2.564155, 0.3562772, 2.275901, 67.8053
-11.36608, 2.564911, 0.3484552, 1.347113, 67.67828
-11.37448, 2.621425, 0.3544851, 0.8801079, 63.33545
-11.33779, 2.619042, 0.3832029, 4.609709, 63.7859
-11.31858, 2.599187, 0.3500004, 5.090961, 65.02434
-11.37709, 2.599187, 0.3427199, 0.3117514, 64.95821
-11.35798, 2.599187, 0.3449439, 1.868734, 64.97842
-11.34838, 2.599187, 0.3282413, 2.100534, 64.82629
-11.35497, 2.599187, 0.3799365, 3.178453, 65.295
-11.37374, 2.603565, 0.3500004, 0.7983828, 64.68369
-11.34215, 2.595362, 0.3444833, 3.08753, 65.27214
-11.34744, 2.596756, 0.3663456, 3.347139, 65.36115
-11.35307, 2.590083, 0.3520756, 2.471008, 65.7515
-11.3278, 2.591439, 0.3321041, 3.825588, 65.46591
-11.37759, 2.585956, 0.3500004, 0.4989052, 66.05399
-11.31186, 2.612838, 0.3440486, 5.433297, 63.90718
-11.33086, 2.59485, 0.3339692, 3.64367, 65.21681
-11.31467, 2.586278, 0.336455, 4.982772, 65.90758
-11.32318, 2.573895, 0.3500004, 4.733477, 66.99265
-11.35311, 2.583802, 0.3489472, 2.371087, 66.21223
-11.33947, 2.609516, 0.3633068, 3.872981, 64.34247
-11.34041, 2.602163, 0.3760809, 4.190283, 65.02948
-11.34735, 2.61227, 0.3574728, 3.081708, 64.07497
-11.36979, 2.562057, 0.3500004, 1.106043, 67.91385
-11.32048, 2.575431, 0.353148, 5.039349, 66.90091
-11.32866, 2.632177, 0.3655427, 4.781113, 62.60297
-11.3248, 2.628938, 0.3650335, 5.065327, 62.84981
-11.37422, 2.636574, 0.3770403, 1.597152, 62.36963
-11.34554, 2.809187, 0.3500004, 2.993088, 48.68193
-11.34554, 2.809187, 0.3538946, 3.112736, 48.72551
-11.34554, 2.809187, 0.3350868, 2.533765, 48.51466
-11.34554, 2.809187, 0.3749835, 3.758583, 48.96074
-11.34554, 2.809187, 0.3214329, 2.11165, 48.36092
-11.34554, 2.806917, 0.3500004, 2.993088, 48.85857
-11.34554, 2.815487, 0.3505372, 3.009596, 48.19772
-11.34554, 2.817253, 0.3684533, 3.558998, 48.26187
-11.34554, 2.81363, 0.3367448, 2.584891, 48.18695
-11.34554, 2.812389, 0.3440492, 2.809997, 48.36586
-11.34554, 2.816, 0.3500004, 2.993088, 48.15176
-11.34554, 2.795305, 0.3450193, 2.839866, 49.70714
-11.34554, 2.800229, 0.3553766, 3.15824, 49.43872
-11.34554, 2.803099, 0.3566099, 3.196077, 49.22929
-11.34554, 2.810127, 0.3271532, 2.288675, 48.35202
-11.34554, 2.796072, 0.3500004, 2.993088, 49.70256
-11.34554, 2.793098, 0.3593103, 3.278918, 50.03664
-11.34554, 2.837706, 0.3453062, 2.848692, 46.4086
-11.34554, 2.809762, 0.3773265, 3.830109, 48.94221
-11.34554, 2.822932, 0.3255089, 2.237806, 47.33383
-11.34554, 2.78614, 0.3500004, 2.993088, 50.47549
-11.34554, 2.848689, 0.3562298, 3.184433, 45.68002
-11.34554, 2.811049, 0.3414203, 2.729015, 48.44075
-11.34554, 2.776141, 0.3622337, 3.368554, 51.38631
-11.34554, 2.779038, 0.3598596, 3.29577, 51.13539
-11.34093, 2.809187, 0.3500004, 3.35176, 48.68193
-11.34371, 2.809187, 0.3534097, 3.240452, 48.72009
-11.3368, 2.809187, 0.3362416, 3.250465, 48.52763
-11.34807, 2.809187, 0.3287979, 2.142262, 48.44391
-11.343, 2.809187, 0.3305658, 2.592602, 48.46381
-11.34715, 2.818869, 0.3500004, 2.867746, 47.92851
-11.3534, 2.801849, 0.344816, 2.221599, 49.19528
-11.33916, 2.815268, 0.3630351, 3.888602, 48.35518
-11.35225, 2.804886, 0.3462233, 2.354493, 48.97453
-11.33925, 2.800204, 0.3355353, 3.038278, 49.22011
-11.33881, 2.804541, 0.3500004, 3.516941, 49.04355
-11.33723, 2.797122, 0.3526544, 3.720746, 49.65024
-11.3407, 2.828485, 0.3642054, 3.80486, 47.34166
-11.34359, 2.796887, 0.364264, 3.582287, 49.7968
-11.35446, 2.800399, 0.3539248, 2.419882, 49.40942
-11.35092, 2.830404, 0.3500004, 2.574277, 47.03087
-11.33618, 2.833418, 0.3537081, 3.834929, 46.83867
-11.35402, 2.835347, 0.3347477, 1.86234, 46.47101
-11.33786, 2.828154, 0.3371742, 3.196378, 47.05963
-11.34929, 2.806134, 0.3448121, 2.541103, 48.8616
-11.3372, 2.848148, 0.3500004, 3.642325, 45.64998
-11.3498, 2.78966, 0.3424951, 2.429852, 50.11896
-11.33703, 2.829005, 0.3356875, 3.215518, 46.97627
-11.34104, 2.820946, 0.3269696, 2.634001, 47.50548
-11.34821, 2.837099, 0.3228, 1.94521, 46.19652
-11.36193, 2.809187, 0.3500004, 1.717529, 48.68193
-11.3273, 2.809187, 0.3472369, 4.327855, 48.65099
-11.33855, 2.809187, 0.3585236, 3.797779, 48.77727
-11.36252, 2.809187, 0.3637964, 2.097144, 48.83611
-11.34093, 2.809187, 0.3172362, 2.34199, 48.31355
-11.34158, 2.800086, 0.3500004, 3.301234, 49.39024
-11.35456, 2.818877, 0.3575569, 2.52368, 48.01309
-11.35155, 2.806847, 0.3651093, 2.989526, 49.03253
-11.36474, 2.813653, 0.3752828, 2.278447, 48.61771
-11.33035, 2.810401, 0.3850681, 5.242538, 48.9787
-11.34026, 2.800353, 0.3500004, 3.403716, 49.36945
-11.33808, 2.792776, 0.3514734, 3.618536, 49.97531
-11.33132, 2.826589, 0.3667296, 4.609995, 47.51752
-11.35354, 2.822252, 0.3648418, 2.826991, 47.83298
-11.35952, 2.79245, 0.3489223, 1.871824, 49.97256
-11.36245, 2.805563, 0.3500004, 1.67686, 48.96399
-11.35022, 2.813617, 0.3437337, 2.435617, 48.26672
-11.35573, 2.785936, 0.3629541, 2.598481, 50.63307
-11.33699, 2.807355, 0.3250815, 2.892122, 48.54507
-11.3278, 2.817588, 0.3861572, 5.473151, 48.43416
-11.33867, 2.789294, 0.3500004, 3.527799, 50.23001
-11.32855, 2.7772, 0.344653, 4.15133, 51.11302
-11.32719, 2.838967, 0.3560559, 4.605646, 46.43399
-11.34609, 2.787953, 0.3480271, 2.889361, 50.31273
-11.34084, 2.795461, 0.3803247, 4.285727, 50.08411
-11.35884, 2.809187, 0.3500004, 1.95817, 48.68193
-11.3725, 2.809187, 0.3492866, 0.8725405, 48.67395
-11.32595, 2.809187, 0.3448885, 4.361601, 48.62468
-11.36884, 2.809187, 0.336037, 0.7464981, 48.52533
-11.32524, 2.809187, 0.3111019, 3.379369, 48.24423
-11.3164, 2.817071, 0.3500004, 5.260477, 48.06842
-11.32032, 2.805708, 0.3559206, 5.135865, 49.01866
-11.36526, 2.804019, 0.3327594, 0.9236097, 48.8916
-11.3367, 2.801829, 0.3354937, 3.235502, 49.0929
-11.35512, 2.817632, 0.3665709, 2.757311, 48.2113
-11.35853, 2.806459, 0.3500004, 1.982503, 48.8942
-11.33836, 2.796855, 0.3582534, 3.804846, 49.73296
-11.33677, 2.804045, 0.3526416, 3.756394, 49.1115
-11.36735, 2.813995, 0.3644394, 1.741633, 48.4698
-11.3305, 2.809649, 0.3533933, 4.266987, 48.68394
-11.34245, 2.789135, 0.3500004, 3.233256, 50.24243
-11.33485, 2.814069, 0.3549847, 3.977408, 48.35806
-11.33968, 2.820963, 0.3631322, 3.851438, 47.91386
-11.33277, 2.798731, 0.3460803, 3.866744, 49.45219
-11.33004, 2.786555, 0.3570029, 4.413443, 50.5199
-11.33969, 2.800916, 0.3500004, 3.448534, 49.32558
-11.35579, 2.838675, 0.3566504, 2.400413, 46.46358
-11.34044, 2.831942, 0.3444393, 3.219438, 46.8476
-11.33706, 2.798932, 0.350259, 3.66065, 49.48293
-11.37484, 2.805503, 0.3380426, 0.3408194, 48.83498
-11.35293, 2.809187, 0.3500004, 2.418008, 48.68193
-11.37237, 2.809187, 0.3508744, 0.9317923, 48.69171
-11.31816, 2.809187, 0.3514222, 5.166993, 48.69786
-11.31079, 2.809187, 0.3291705, 5.062451, 48.4481
-11.32826, 2.809187, 0.337367, 3.950672, 48.54027
-11.33943, 2.812656, 0.3500004, 3.468246, 48.41202
-11.36513, 2.810489, 0.3467331, 1.36734, 48.54398
-11.32757, 2.802434, 0.3615797, 4.744577, 49.33612
-11.33321, 2.817943, 0.3562505, 4.144034, 48.07104
-11.34112, 2.812888, 0.3328913, 2.810583, 48.20129
-11.34827, 2.817398, 0.3500004, 2.780886, 48.04298
-11.38376, 2.810539, 0.3572285, 0.2438307, 48.6577
-11.34196, 2.810489, 0.3379057, 2.899947, 48.44481
-11.31307, 2.794388, 0.3373466, 5.134764, 49.69365
-11.33117, 2.801414, 0.3500004, 4.111133, 49.28687
-11.3099, 2.836456, 0.3599638, 6.068673, 46.67398
-11.30577, 2.810103, 0.3365008, 5.677729, 48.45917
-11.33322, 2.797448, 0.3578975, 4.193072, 49.68289
-11.33, 2.838621, 0.3144178, 3.108816, 45.98055
-11.33667, 2.792464, 0.3500004, 3.683181, 49.98334
-11.35223, 2.794864, 0.3552406, 2.633758, 49.85442
-11.34524, 2.769247, 0.362092, 3.387609, 51.92041
-11.31341, 2.841382, 0.3213647, 4.619265, 45.84538
-11.37885, 2.818155, 0.3533538, 0.5053282, 48.02187
