-11.35057, 0.02, 0.3500004, 22.05671, 265.7393
-11.35057, 0.02, 0.3413908, 21.81307, 265.8855
-11.35057, 0.02, 0.3454315, 21.92749, 265.8168
-11.35057, 0.02, 0.3686888, 22.58371, 265.4232
-11.35057, 0.02, 0.3342453, 21.61045, 266.007
-11.35057, 0.02264052, 0.3500004, 22.05671, 265.5338
-11.35057, 0.02286827, 0.3436725, 21.87769, 265.6233
-11.35057, 0.01747738, 0.3364376, 21.67265, 266.1664
-11.35057, 0.02961884, 0.3456087, 21.9325, 265.0648
-11.35057, 0.0141608, 0.321676, 21.25309, 266.6775
-11.35057, 0.02328285, 0.3500004, 22.05671, 265.4838
-11.35057, 0.03351255, 0.3406192, 21.79121, 264.8457
-11.35057, 0.001579482, 0.355743, 22.21892, 267.0744
-11.35057, 0.02876692, 0.3346378, 21.62159, 265.3167
-11.35057, 0.02230602, 0.3557496, 22.21909, 265.4626
-11.35057, 0.02211053, 0.3500004, 22.05671, 265.575
-11.35057, 0.01523417, 0.3554083, 22.20948, 266.0183
-11.35057, 0.004066939, 0.3440906, 21.88953, 267.0805
-11.35057, -0.002042642, 0.3211965, 21.23945, 267.9514
-11.35057, 0.04627226, 0.3893644, 23.16377, 263.041
-11.35057, 0.03227047, 0.3500004, 22.05671, 264.7844
-11.35057, 0.01195303, 0.3500209, 22.0573, 266.3652
-11.35057, 0.01784958, 0.3670178, 22.53669, 265.6183
-11.35057, 0.051544, 0.3599152, 22.33664, 263.1198
-11.35057, -0.00758676, 0.363687, 22.44292, 267.6507
-11.35651, 0.02, 0.3500004, 21.59456, 265.7393
-11.3436, 0.02, 0.3551304, 22.74393, 265.6524
-11.34255, 0.02, 0.3526346, 22.75552, 265.6947
-11.34173, 0.02, 0.3290493, 22.15287, 266.0956
-11.34154, 0.02, 0.312368, 21.69374, 266.3806
-11.34506, 0.01565803, 0.3500004, 22.48581, 266.0772
-11.34154, 0.02473881, 0.3554016, 22.91153, 265.2793
-11.34126, 0.02806306, 0.3309871, 22.24401, 265.4335
-11.35378, 0.0262611, 0.3291737, 21.21612, 265.6049
-11.35971, 0.01940339, 0.3420321, 21.11904, 265.921
-11.34676, 0.01022615, 0.3500004, 22.3534, 266.4999
-11.34694, 0.008796031, 0.3421765, 22.11817, 266.7449
-11.35737, 0.03274541, 0.3601261, 21.81396, 264.5773
-11.34872, 0.03176074, 0.3284827, 21.59157, 265.1874
-11.34539, 0.005205117, 0.3649017, 22.87943, 266.6362
-11.34594, 0.03825526, 0.3500004, 22.41746, 264.3187
-11.34691, -0.003315194, 0.3414276, 22.09936, 267.7013
-11.353, 0.04975424, 0.338675, 21.54648, 263.6127
-11.3542, 0.02986595, 0.3608314, 22.08076, 264.7892
-11.35186, 0.01184153, 0.3186484, 21.06587, 266.9106
-11.35209, -0.01030254, 0.3500004, 21.93851, 268.0975
-11.34771, 0.059992, 0.3563939, 22.45953, 262.5213
-11.34575, -0.01884992, 0.3302879, 21.87445, 269.1055
-11.35371, -0.01965702, 0.3687056, 22.34089, 268.5016
-11.34197, 0.03827631, 0.3245048, 22.00533, 264.7461
-11.37035, 0.02, 0.3500004, 20.5173, 265.7393
-11.33145, 0.02, 0.355565, 23.7007, 265.645
-11.3532, 0.02, 0.3388266, 21.53526, 265.929
-11.36484, 0.02, 0.3517966, 20.99752, 265.7089
-11.36992, 0.02, 0.3873916, 21.61014, 265.1083
-11.34898, 0.01255533, 0.3500004, 22.18075, 266.3187
-11.34392, 0.01998521, 0.3519084, 22.62817, 265.7081
-11.36479, 0.029956, 0.3459117, 20.83407, 265.0335
-11.35744, 0.0201649, 0.3685769, 22.04707, 265.4123
-11.3502, 0.01484517, 0.373079, 22.73596, 265.7491
-11.3652, 0.01635151, 0.3500004, 20.91848, 266.0232
-11.35605, 0.03449821, 0.3538803, 21.73984, 264.5458
-11.35181, 0.03349245, 0.340286, 21.68539, 264.8529
-11.33433, 0.03434207, 0.3799, 24.15791, 264.1225
-11.34134, 0.003363661, 0.3405422, 22.50808, 267.1961
-11.33246, 0.01742454, 0.3500004, 23.46598, 265.9397
-11.3417, 0.02347165, 0.3487405, 22.71147, 265.4904
-11.37037, -0.0007087812, 0.3352346, 20.09465, 267.6048
-11.33917, 0.04592218, 0.3495312, 22.93113, 263.7299
-11.3324, 0.02806745, 0.3717402, 24.07963, 264.7456
-11.36819, 0.05731049, 0.3500004, 20.68598, 262.8358
-11.36113, 0.0596269, 0.3472176, 21.15606, 262.7016
-11.34385, 0.03390065, 0.3509099, 22.60536, 264.6423
-11.36686, 0.0569078, 0.3639267, 21.18412, 262.6365
-11.35119, -0.01719113, 0.386631, 23.03917, 268.0016
-11.34439, 0.02, 0.3500004, 22.53817, 265.7393
-11.36943, 0.02, 0.3430249, 20.3904, 265.8577
-11.34189, 0.02, 0.353083, 22.81922, 265.687
-11.36802, 0.02, 0.3346963, 20.26304, 265.9993
-11.37376, 0.02, 0.3525333, 20.32423, 265.6964
-11.32852, 0.0146249, 0.3500004, 23.77294, 266.1576
-11.38013, 0.01229275, 0.3418597, 19.52401, 266.4779
-11.33147, 0.01423447, 0.3629101, 23.90483, 265.9687
-11.35506, 0.02920808, 0.3272958, 21.06269, 265.4067
-11.35448, 0.02355024, 0.3693099, 22.29814, 265.1371
-11.33628, 0.03334973, 0.3500004, 23.16895, 264.7004
-11.34546, 0.03425651, 0.3434857, 22.27089, 264.7395
-11.3321, 0.03252631, 0.352621, 23.56745, 264.7204
-11.36839, 0.01756809, 0.3678317, 21.17603, 265.6264
-11.36763, 0.0384622, 0.3297023, 20.15004, 264.6439
-11.36446, 0.01439533, 0.3500004, 20.97596, 266.1755
-11.36889, 0.01963322, 0.3547038, 20.76493, 265.6881
-11.36005, 0.02079715, 0.3425298, 21.10674, 265.804
-11.34658, 0.02577497, 0.3691882, 22.90792, 264.9664
-11.33871, -0.0007513538, 0.3528039, 23.05883, 267.3061
-11.36792, 0.009030305, 0.3500004, 20.70664, 266.593
-11.33245, 0.05940307, 0.3434902, 23.28401, 262.7808
-11.35617, 0.004340079, 0.3392601, 21.31647, 267.1421
-11.36419, -0.01226935, 0.3711462, 21.59597, 267.8861
-11.32651, 0.0153618, 0.3324505, 23.43638, 266.3994
-11.38459, 0.02, 0.3500004, 19.40958, 265.7393
-11.33576, 0.02, 0.3444327, 23.05242, 265.8338
-11.3748, 0.02, 0.3464832, 20.07112, 265.799
-11.3379, 0.02, 0.3394332, 22.74513, 265.9187
-11.35503, 0.02, 0.3751962, 22.42094, 265.3134
-11.34985, 0.02853339, 0.3500004, 22.11265, 265.0752
-11.34714, 0.01990353, 0.3563408, 22.50246, 265.6394
-11.35227, 0.01228016, 0.3652714, 22.35599, 266.0804
-11.38978, 0.02266779, 0.3589739, 19.26218, 265.3799
-11.33206, 0.02770506, 0.3420951, 23.27494, 265.2733
-11.32885, 0.004085183, 0.3500004, 23.74718, 266.9778
-11.31762, 0.01168112, 0.3452017, 24.48724, 266.4685
-11.36976, 0.02141972, 0.3392631, 20.25751, 265.811
-11.35349, 0.02581058, 0.3222445, 21.04172, 265.7578
-11.32048, 0.03681328, 0.3109952, 23.30244, 265.089
-11.33574, 0.02751866, 0.3500004, 23.21087, 265.1542
-11.36018, 0.01254071, 0.3500122, 21.30949, 266.3196
-11.32021, 0.04678875, 0.3544571, 24.54387, 263.5803
-11.33829, 0.02900246, 0.3247225, 22.29867, 265.4665
-11.34103, 0.002358221, 0.3411365, 22.54904, 267.2643
-11.36539, 0.02591493, 0.3500004, 20.90364, 265.279
-11.38948, -0.003665872, 0.3487832, 18.9941, 267.602
-11.32934, -0.01731132, 0.3439986, 23.54086, 268.747
-11.33649, 0.03970115, 0.3483266, 23.10571, 264.2342
-11.36932, 0.04674427, 0.3475432, 20.52804, 263.6991
-11.35057, 0.1925, 0.3500004, 22.05671, 252.3152
-11.35057, 0.1925, 0.3454176, 21.92709, 252.3849
-11.35057, 0.1925, 0.3340619, 21.60524, 252.5582
-11.35057, 0.1925, 0.3248096, 21.3423, 252.6997
-11.35057, 0.1925, 0.3439335, 21.88508, 252.4076
-11.35057, 0.1845989, 0.3500004, 22.05671, 252.9301
-11.35057, 0.201319, 0.3572152, 22.26046, 251.5198
-11.35057, 0.1852679, 0.3424917, 21.84427, 252.9929
-11.35057, 0.1998016, 0.3471152, 21.97512, 251.7907
-11.35057, 0.1897421, 0.3506351, 22.07465, 252.5201
-11.35057, 0.2052762, 0.3500004, 22.05671, 251.3209
-11.35057, 0.1961887, 0.3487955, 22.02264, 252.0464
-11.35057, 0.2109757, 0.340196, 21.77921, 251.0249
-11.35057, 0.1845669, 0.3208476, 21.22951, 253.3802
-11.35057, 0.1843998, 0.343627, 21.87641, 253.0431
-11.35057, 0.1877288, 0.3500004, 22.05671, 252.6865
-11.35057, 0.1630539, 0.3471183, 21.97522, 254.6514
-11.35057, 0.2175508, 0.3412133, 21.80803, 250.4973
-11.35057, 0.1840299, 0.3351006, 21.63471, 253.2028
-11.35057, 0.1770931, 0.3586743, 22.30163, 253.381
-11.35057, 0.1567459, 0.3500004, 22.05671, 255.0976
-11.35057, 0.1951959, 0.3545229, 22.18447, 252.0367
-11.35057, 0.1943016, 0.3548226, 22.19293, 252.1017
-11.35057, 0.2227825, 0.3380852, 21.71937, 250.1365
-11.35057, 0.1873592, 0.3545153, 22.18427, 252.6463
-11.34224, 0.1925, 0.3500004, 22.70478, 252.3152
-11.34081, 0.1925, 0.3415464, 22.57828, 252.444
-11.35992, 0.1925, 0.3488891, 21.2977, 252.3321
-11.35467, 0.1925, 0.3696284, 22.29163, 252.0173
-11.34138, 0.1925, 0.3704646, 23.34692, 252.0046
-11.34261, 0.1937727, 0.3500004, 22.67615, 252.2161
-11.35384, 0.1891772, 0.354796, 21.93834, 252.5007
-11.35056, 0.2003986, 0.3487878, 22.02338, 251.7189
-11.34678, 0.1884738, 0.3515621, 22.39544, 252.6047
-11.35968, 0.1876266, 0.3398736, 21.06065, 252.8492
-11.34339, 0.1779865, 0.3500004, 22.61524, 253.4446
-11.35819, 0.1769087, 0.3404006, 21.19168, 253.6763
-11.35969, 0.1924476, 0.3623434, 21.6967, 252.1317
-11.35588, 0.1925418, 0.3783868, 22.44447, 251.8816
-11.35975, 0.1786365, 0.3833231, 22.28319, 252.8846
-11.35964, 0.1775948, 0.3500004, 21.35077, 253.4751
-11.34729, 0.2142816, 0.344794, 22.16528, 250.6982
-11.35021, 0.1933786, 0.3397426, 21.79437, 252.403
-11.35398, 0.1670802, 0.3520116, 21.84834, 254.2623
-11.35221, 0.1628241, 0.3612573, 22.24694, 254.4502
-11.35389, 0.1565779, 0.3500004, 21.79815, 255.1107
-11.35317, 0.1619267, 0.3548567, 21.99211, 254.6191
-11.34058, 0.1873474, 0.3468761, 22.74616, 252.7639
-11.35819, 0.1699626, 0.3559632, 21.63245, 253.9771
-11.35121, 0.1909663, 0.3360052, 21.61041, 252.6481
-11.3322, 0.1925, 0.3500004, 23.48654, 252.3152
-11.33317, 0.1925, 0.3483, 23.36294, 252.3411
-11.35869, 0.1925, 0.344263, 21.26217, 252.4025
-11.36181, 0.1925, 0.3517542, 21.23202, 252.2885
-11.33938, 0.1925, 0.3234807, 22.17848, 252.7201
-11.36862, 0.1947176, 0.3500004, 20.65238, 252.1426
-11.33062, 0.2018978, 0.3541049, 23.72486, 251.5218
-11.33195, 0.2021647, 0.3402678, 23.23182, 251.7104
-11.36814, 0.1915297, 0.3717581, 21.3067, 252.0603
-11.36721, 0.1902044, 0.3121245, 19.6798, 253.0739
-11.35979, 0.1862662, 0.3500004, 21.33895, 252.8003
-11.36509, 0.1757542, 0.3510973, 20.95784, 253.6015
-11.34112, 0.1849531, 0.3530688, 22.87874, 252.8556
-11.33652, 0.210369, 0.3518814, 23.20272, 250.8963
-11.36639, 0.1794746, 0.3765561, 21.57815, 252.9227
-11.33159, 0.2118394, 0.3500004, 23.53403, 250.8102
-11.33833, 0.1855997, 0.3459623, 22.89545, 252.9139
-11.36407, 0.1863043, 0.3530311, 21.09193, 252.7511
-11.33668, 0.2041685, 0.3787913, 23.94439, 250.9741
-11.34237, 0.1993807, 0.318523, 21.80386, 252.2584
-11.33701, 0.2223299, 0.3500004, 23.11243, 249.9938
-11.3346, 0.1982743, 0.3518589, 23.35221, 251.8376
-11.34413, 0.1766274, 0.3472521, 22.48057, 253.5927
-11.34661, 0.1777419, 0.3759975, 23.09658, 253.0656
-11.33395, 0.167482, 0.3230283, 22.58969, 254.6808
-11.36046, 0.1925, 0.3500004, 21.28737, 252.3152
-11.36647, 0.1925, 0.3418975, 20.58914, 252.4386
-11.33354, 0.1925, 0.3556816, 23.54124, 252.2288
-11.35354, 0.1925, 0.3417601, 21.59233, 252.4407
-11.36499, 0.1925, 0.3168848, 19.98935, 252.8212
-11.36147, 0.195619, 0.3500004, 21.2084, 252.0724
-11.36768, 0.1918464, 0.359241, 20.98788, 252.2256
-11.33815, 0.1869967, 0.3319301, 22.51363, 253.0201
-11.32938, 0.1854155, 0.3248262, 22.99726, 253.2526
-11.35859, 0.2011475, 0.3241341, 20.69691, 252.0349
-11.37546, 0.1873579, 0.3500004, 20.11992, 252.7153
-11.33676, 0.1769332, 0.3440765, 22.96502, 253.6177
-11.3492, 0.1816681, 0.3577439, 22.38221, 253.0396
-11.37938, 0.1733871, 0.3387845, 19.49378, 253.9756
-11.34173, 0.1827599, 0.3271344, 22.09873, 253.4244
-11.32118, 0.202563, 0.3500004, 24.34381, 251.5321
-11.34663, 0.1892741, 0.3401009, 22.08392, 252.7174
-11.35031, 0.1869901, 0.3316955, 21.55882, 253.0242
-11.3486, 0.2038303, 0.3210439, 21.38897, 251.8724
-11.37546, 0.2117063, 0.3693686, 20.67093, 250.5303
-11.33059, 0.2252907, 0.3500004, 23.61151, 249.7634
-11.33401, 0.2195952, 0.3444398, 23.18928, 250.2897
-11.33629, 0.1673867, 0.3667003, 23.63674, 254.0117
-11.32058, 0.1725576, 0.3537857, 24.49652, 253.8088
-11.37709, 0.1648097, 0.3887325, 21.09238, 253.8729
-11.32151, 0.1925, 0.3500004, 24.31798, 252.3152
-11.38967, 0.1925, 0.3538523, 19.12421, 252.2566
-11.32107, 0.1925, 0.3517721, 24.40201, 252.2882
-11.31751, 0.1925, 0.3511095, 24.66073, 252.2983
-11.33303, 0.1925, 0.3439367, 23.25129, 252.4075
-11.35, 0.1901509, 0.3500004, 22.10125, 252.498
-11.33778, 0.2014132, 0.355786, 23.21464, 251.5341
-11.38834, 0.1908949, 0.337225, 18.75092, 252.635
-11.35229, 0.1949339, 0.3417702, 21.6899, 252.2509
-11.33501, 0.1953403, 0.3516319, 23.31355, 252.0694
-11.36201, 0.1891425, 0.3500004, 21.16625, 252.5765
-11.3211, 0.1877706, 0.3541055, 24.46499, 252.6206
-11.36169, 0.1920388, 0.3412202, 20.94177, 252.4849
-11.38003, 0.1844853, 0.3605863, 20.06641, 252.7772
-11.37314, 0.210078, 0.3186014, 19.40166, 251.4214
-11.38508, 0.1959417, 0.3500004, 19.37123, 252.0473
-11.31732, 0.1739064, 0.3582555, 24.87503, 253.6351
-11.33272, 0.1848277, 0.3654313, 23.87841, 252.6767
-11.36028, 0.177569, 0.320636, 20.46541, 253.9301
-11.32199, 0.1749022, 0.3364654, 23.90157, 253.8934
-11.34766, 0.185815, 0.3500004, 22.28322, 252.8354
-11.33841, 0.2030309, 0.3518541, 23.0554, 251.4677
-11.36434, 0.1681401, 0.3573659, 21.1946, 254.0971
-11.35455, 0.2206239, 0.3351514, 21.32569, 250.3487
-11.35251, 0.229698, 0.324129, 21.17143, 249.8056
-11.35057, 0.3649999, 0.3500004, 22.05671, 238.8911
-11.35057, 0.3649999, 0.3512725, 22.09268, 238.8739
-11.35057, 0.3649999, 0.3576525, 22.27281, 238.7881
-11.35057, 0.3649999, 0.3496025, 22.04547, 238.8964
-11.35057, 0.3649999, 0.3329759, 21.57442, 239.121
-11.35057, 0.3601427, 0.3500004, 22.05671, 239.269
-11.35057, 0.3586667, 0.3503072, 22.06538, 239.3798
-11.35057, 0.3575653, 0.3692283, 22.59889, 239.2097
-11.35057, 0.366499, 0.3244049, 21.33079, 239.1201
-11.35057, 0.3678426, 0.3379325, 21.71507, 238.8324
-11.35057, 0.3793131, 0.3500004, 22.05671, 237.7772
-11.35057, 0.3712323, 0.355786, 22.22012, 238.3285
-11.35057, 0.3489181, 0.3426697, 21.84929, 240.2426
-11.35057, 0.3561144, 0.341018, 21.80252, 239.7045
-11.35057, 0.380583, 0.3345214, 21.61829, 237.8849
-11.35057, 0.3796137, 0.3500004, 22.05671, 237.7538
-11.35057, 0.3628882, 0.3444784, 21.9005, 239.13
-11.35057, 0.3523865, 0.3350283, 21.63265, 240.0767
-11.35057, 0.3421789, 0.3455433, 21.93064, 240.7281
-11.35057, 0.3595063, 0.3335769, 21.59147, 239.5413
-11.35057, 0.3364961, 0.3500004, 22.05671, 241.1093
-11.35057, 0.3641274, 0.3404466, 21.78632, 239.0879
-11.35057, 0.3461533, 0.3657474, 22.50093, 240.143
-11.35057, 0.3778565, 0.3661653, 22.5127, 237.6753
-11.35057, 0.3411052, 0.3698229, 22.61561, 240.4794
-11.35098, 0.3649999, 0.3500004, 22.02465, 238.8911
-11.35237, 0.3649999, 0.3466701, 21.82278, 238.9359
-11.34897, 0.3649999, 0.342794, 21.97762, 238.9883
-11.35651, 0.3649999, 0.3357002, 21.18836, 239.0841
-11.34167, 0.3649999, 0.3850402, 23.73253, 238.421
-11.35706, 0.3568751, 0.3500004, 21.55204, 239.5233
-11.34415, 0.3650308, 0.3528316, 22.63616, 238.8505
-11.35768, 0.3689679, 0.3396513, 21.20981, 238.7215
-11.35553, 0.366385, 0.3236481, 20.9218, 239.1392
-11.35562, 0.3639785, 0.3606907, 21.96616, 238.8266
-11.35634, 0.3691515, 0.3500004, 21.60745, 238.568
-11.34904, 0.3772474, 0.3508953, 22.20145, 237.926
-11.34418, 0.3640492, 0.3611496, 22.86773, 238.8149
-11.34162, 0.3578335, 0.3359055, 22.35538, 239.6401
-11.34059, 0.3672413, 0.3612537, 23.14988, 238.5655
-11.34341, 0.3509864, 0.3500004, 22.61398, 239.9816
-11.34999, 0.3390802, 0.3511613, 22.13475, 240.8922
-11.34514, 0.3668633, 0.3371038, 22.11493, 238.9199
-11.35671, 0.3900101, 0.3509291, 21.60542, 236.9325
-11.34545, 0.3446834, 0.3744926, 23.14417, 240.1381
-11.35285, 0.3693645, 0.3500004, 21.87926, 238.5514
-11.35151, 0.3786966, 0.3510645, 22.01413, 237.811
-11.35802, 0.3602759, 0.3692501, 22.02101, 238.999
-11.35806, 0.388979, 0.3350494, 21.0495, 237.2232
-11.35836, 0.3397629, 0.3285461, 20.84068, 241.1504
-11.35599, 0.3649999, 0.3500004, 21.63528, 238.8911
-11.3357, 0.3649999, 0.3454663, 23.08668, 238.9522
-11.36083, 0.3649999, 0.3443683, 21.09843, 238.967
-11.34816, 0.3649999, 0.3369771, 21.87624, 239.0668
-11.35783, 0.3649999, 0.3883063, 22.57227, 238.3774
-11.35331, 0.3700114, 0.3500004, 21.84357, 238.5011
-11.33485, 0.3652541, 0.3472314, 23.20211, 238.9086
-11.36177, 0.3717749, 0.3488225, 21.15169, 238.3796
-11.3428, 0.3614897, 0.3584884, 22.90026, 239.0497
-11.33759, 0.3691282, 0.3217352, 22.26844, 238.9509
-11.36378, 0.3689822, 0.3500004, 21.02903, 238.5811
-11.36585, 0.3567218, 0.34321, 20.67442, 239.6274
-11.34007, 0.3687001, 0.3352296, 22.45744, 238.802
-11.3518, 0.3619246, 0.3686239, 22.48658, 238.8795
-11.35195, 0.3495708, 0.3427765, 21.74476, 240.1903
-11.3398, 0.3846677, 0.3500004, 22.89501, 237.3605
-11.34816, 0.3396969, 0.3569848, 22.44158, 240.7644
-11.34151, 0.3473969, 0.3651001, 23.18686, 240.0552
-11.34156, 0.3454924, 0.3664348, 23.22035, 240.185
-11.33214, 0.3625205, 0.3486663, 23.45349, 239.102
-11.33537, 0.3492431, 0.3500004, 23.23972, 240.1173
-11.34237, 0.3465525, 0.3488037, 22.6608, 240.343
-11.35217, 0.3287634, 0.3433928, 21.74493, 241.8026
-11.34883, 0.3539658, 0.3754683, 22.9096, 239.4049
-11.35019, 0.4035335, 0.3465568, 21.98902, 235.9374
-11.32708, 0.3649999, 0.3500004, 23.88451, 238.8911
-11.37073, 0.3649999, 0.3474238, 20.41464, 238.9258
-11.32141, 0.3649999, 0.330457, 23.77829, 239.1551
-11.34962, 0.3649999, 0.3552587, 22.27947, 238.8203
-11.34989, 0.3649999, 0.3786391, 22.91592, 238.5066
-11.37008, 0.3608445, 0.3500004, 20.53868, 239.2144
-11.36544, 0.3575375, 0.3508618, 20.9243, 239.4601
-11.36043, 0.3745115, 0.3344898, 20.84875, 238.3588
-11.35111, 0.3708263, 0.363766, 22.40337, 238.2533
-11.36638, 0.3638974, 0.341919, 20.59636, 239.086
-11.33766, 0.3485579, 0.3500004, 23.06113, 240.1706
-11.32233, 0.354116, 0.3441404, 24.09053, 239.8177
-11.37951, 0.3557721, 0.3530968, 19.89328, 239.5672
-11.36519, 0.3463792, 0.3430915, 20.72263, 240.4346
-11.36748, 0.3726341, 0.3699045, 21.30577, 238.031
-11.34355, 0.3434432, 0.3500004, 22.6033, 240.5686
-11.34371, 0.3569618, 0.3583515, 22.82611, 239.4035
-11.33576, 0.3889937, 0.3476852, 23.14383, 237.0545
-11.33223, 0.3792972, 0.3357261, 23.08243, 237.9691
-11.3541, 0.3373023, 0.3262847, 21.10888, 241.3737
-11.372, 0.4006765, 0.3500004, 20.38905, 236.1147
-11.33075, 0.3520624, 0.3456885, 23.47847, 239.9566
-11.36561, 0.3824995, 0.3674332, 21.38061, 237.2979
-11.35842, 0.3826414, 0.3286394, 20.83899, 237.803
-11.34592, 0.3374488, 0.3573291, 22.62561, 240.9344
-11.31347, 0.3649999, 0.3500004, 24.94402, 238.8911
-11.32592, 0.3649999, 0.3445826, 23.82308, 238.9641
-11.31779, 0.3649999, 0.3479504, 24.5505, 238.9187
-11.33469, 0.3649999, 0.3506552, 23.31131, 238.8822
-11.38394, 0.3649999, 0.3269089, 18.79719, 239.2031
-11.32962, 0.3553621, 0.3500004, 23.68704, 239.6411
-11.31359, 0.3705792, 0.3441774, 24.77231, 238.5351
-11.38164, 0.3703566, 0.3546788, 19.77263, 238.4115
-11.3363, 0.3639201, 0.3492262, 23.14585, 238.9855
-11.37985, 0.365703, 0.3457368, 19.65656, 238.8938
-11.36874, 0.36687, 0.3500004, 20.64275, 238.7455
-11.35941, 0.3815993, 0.3572176, 21.57311, 237.5033
-11.34146, 0.3503621, 0.3312497, 22.23614, 240.2863
-11.36636, 0.3783682, 0.3622051, 21.17409, 237.6882
-11.34659, 0.3625674, 0.3364502, 21.98376, 239.2636
-11.37508, 0.393763, 0.3500004, 20.14978, 236.6527
-11.38396, 0.3924318, 0.3548892, 19.59834, 236.6918
-11.36573, 0.3743659, 0.3619514, 21.21605, 238.0025
-11.3866, 0.358676, 0.3409133, 18.9926, 239.5064
-11.32791, 0.3451956, 0.3689112, 24.34909, 240.1743
-11.37694, 0.3913708, 0.3500004, 20.00473, 236.8389
-11.37455, 0.3459502, 0.3592462, 20.45395, 240.2473
-11.32168, 0.3969197, 0.3678916, 24.80404, 236.1723
-11.38254, 0.4005264, 0.3479745, 19.51106, 236.1529
-11.35828, 0.3828859, 0.3603173, 21.74885, 237.3622
-11.35057, 0.5374999, 0.3500004, 22.05671, 225.4669
-11.35057, 0.5374999, 0.3588245, 22.30585, 225.3635
-11.35057, 0.5374999, 0.3327642, 21.56838, 225.6696
-11.35057, 0.5374999, 0.3796354, 22.89122, 225.1205
-11.35057, 0.5374999, 0.3646538, 22.47013, 225.2953
-11.35057, 0.5351827, 0.3500004, 22.05671, 225.6473
-11.35057, 0.5471253, 0.3553419, 22.2076, 224.6558
-11.35057, 0.5340656, 0.3331724, 21.57998, 225.9327
-11.35057, 0.542375, 0.3499769, 22.05604, 225.0878
-11.35057, 0.532182, 0.3231535, 21.29515, 226.1983
-11.35057, 0.547547, 0.3500004, 22.05671, 224.6851
-11.35057, 0.5430439, 0.3459075, 21.94096, 225.0833
-11.35057, 0.5471526, 0.3647442, 22.47269, 224.5445
-11.35057, 0.5283253, 0.378485, 22.85894, 225.8453
-11.35057, 0.542268, 0.3362197, 21.66645, 225.2572
-11.35057, 0.5233583, 0.3500004, 22.05671, 226.5674
-11.35057, 0.561874, 0.3409731, 21.80124, 223.674
-11.35057, 0.5486061, 0.3633082, 22.43225, 224.4482
-11.35057, 0.5355167, 0.3526611, 22.13192, 225.59
-11.35057, 0.5258083, 0.3104137, 20.93192, 226.8484
-11.35057, 0.5571935, 0.3500004, 22.05671, 223.9344
-11.35057, 0.5158206, 0.3400455, 21.77496, 227.2732
-11.35057, 0.5634196, 0.3603268, 22.34822, 223.3315
-11.35057, 0.5155647, 0.3233005, 21.29934, 227.4943
-11.35057, 0.5012237, 0.3597213, 22.33114, 228.1725
-11.35585, 0.5374999, 0.3500004, 21.64591, 225.4669
-11.35467, 0.5374999, 0.3435853, 21.55572, 225.5423
-11.35863, 0.5374999, 0.3331815, 20.95173, 225.6647
-11.35286, 0.5374999, 0.3606012, 22.17791, 225.3427
-11.35397, 0.5374999, 0.3406237, 21.52662, 225.5771
-11.35045, 0.5388663, 0.3500004, 22.06634, 225.3606
-11.34546, 0.5303571, 0.3479422, 22.39649, 226.0471
-11.35634, 0.5377968, 0.3391128, 21.29909, 225.5717
-11.3535, 0.535315, 0.3417227, 21.59433, 225.7344
-11.34122, 0.5405413, 0.3787335, 23.59088, 224.8952
-11.34673, 0.5267563, 0.3500004, 22.35566, 226.303
-11.35897, 0.5494924, 0.3453607, 21.27169, 224.5876
-11.36038, 0.5485207, 0.3426937, 21.08612, 224.6943
-11.3464, 0.5178318, 0.3453876, 22.2509, 227.0526
-11.34376, 0.5191485, 0.3480814, 22.53249, 226.918
-11.34935, 0.545165, 0.3500004, 22.15171, 224.8704
-11.35439, 0.5529921, 0.3510437, 21.78884, 224.2493
-11.3559, 0.5617139, 0.3429177, 21.44111, 223.664
-11.35025, 0.5426415, 0.3312356, 21.54976, 225.2866
-11.34239, 0.51248, 0.34123, 22.4463, 227.5193
-11.3533, 0.5275465, 0.3500004, 21.84417, 226.2415
-11.35511, 0.5473682, 0.3491479, 21.67972, 224.7089
-11.34625, 0.4992492, 0.3459029, 22.27736, 228.4933
-11.3589, 0.5752853, 0.3346213, 20.97189, 222.7014
-11.35626, 0.5160004, 0.339776, 21.32416, 227.2624
-11.34844, 0.5374999, 0.3500004, 22.22272, 225.4669
-11.34527, 0.5374999, 0.3405333, 22.20151, 225.5782
-11.35803, 0.5374999, 0.3307995, 20.9309, 225.6928
-11.35516, 0.5374999, 0.3708009, 22.28683, 225.2235
-11.36062, 0.5374999, 0.3343709, 20.83023, 225.6507
-11.34363, 0.5284833, 0.3500004, 22.59719, 226.1686
-11.35012, 0.5302188, 0.3595874, 22.36271, 225.9205
-11.35706, 0.5277532, 0.3410825, 21.2989, 226.3311
-11.34528, 0.5378416, 0.3688118, 22.99822, 225.2202
-11.35125, 0.5445384, 0.3135943, 20.96958, 225.3458
-11.35388, 0.5299591, 0.3500004, 21.79958, 226.0538
-11.3701, 0.5293552, 0.3474483, 20.46447, 226.1309
-11.34842, 0.5263944, 0.3637173, 22.61097, 226.169
-11.35348, 0.5427152, 0.3710825, 22.42516, 224.8155
-11.35956, 0.5276511, 0.340008, 21.07332, 226.3518
-11.35963, 0.5170324, 0.3500004, 21.35149, 227.0597
-11.36982, 0.5467713, 0.3581251, 20.78945, 224.6509
-11.34726, 0.5240782, 0.3508996, 22.33954, 226.5007
-11.35023, 0.5413601, 0.3565222, 22.26771, 225.0903
-11.34834, 0.5077881, 0.3580857, 22.45839, 227.6819
-11.34637, 0.5035632, 0.3500004, 22.38338, 228.1079
-11.34362, 0.5163565, 0.3509887, 22.6256, 227.1005
-11.34746, 0.5486218, 0.3372237, 21.93729, 224.7502
-11.35056, 0.5548634, 0.3703192, 22.63075, 223.8815
-11.36294, 0.4985581, 0.3414384, 20.85049, 228.6014
-11.37378, 0.5374999, 0.3500004, 20.25031, 225.4669
-11.35111, 0.5374999, 0.3527541, 22.09243, 225.4346
-11.35336, 0.5374999, 0.337099, 21.47388, 225.6186
-11.32389, 0.5374999, 0.3480741, 24.07878, 225.4896
-11.37466, 0.5374999, 0.3773433, 20.95894, 225.1472
-11.35814, 0.5363551, 0.3500004, 21.4681, 225.556
-11.3306, 0.5334764, 0.3477493, 23.54784, 225.8065
-11.32153, 0.5428944, 0.3696599, 24.86531, 224.8181
-11.3487, 0.5307857, 0.3321864, 21.6982, 226.2002
-11.34026, 0.5289329, 0.3468648, 22.77054, 226.1707
-11.32214, 0.5552601, 0.3500004, 24.26924, 224.0848
-11.34526, 0.5441036, 0.3524076, 22.53795, 224.925
-11.3494, 0.5538078, 0.3599931, 22.4297, 224.0824
-11.34832, 0.5459619, 0.3311477, 21.69836, 225.0286
-11.32508, 0.5246827, 0.3770291, 24.79491, 226.1449
-11.33553, 0.5495359, 0.3500004, 23.22696, 224.5303
-11.33806, 0.517392, 0.3452798, 22.89725, 227.0881
-11.3437, 0.5208328, 0.3583134, 22.82589, 226.6651
-11.37094, 0.5317758, 0.3793344, 21.30366, 225.5678
-11.36617, 0.5593439, 0.3393982, 20.54134, 223.8893
-11.32347, 0.5570806, 0.3500004, 24.16617, 223.9431
-11.36163, 0.5136837, 0.3557167, 21.35832, 227.2519
-11.36961, 0.5767184, 0.3354155, 20.1595, 222.5806
-11.33539, 0.5626681, 0.3286461, 22.63596, 223.7542
-11.32524, 0.5594631, 0.3437648, 23.85288, 223.8296
-11.37451, 0.5374999, 0.3500004, 20.19379, 225.4669
-11.39028, 0.5374999, 0.3597425, 19.24589, 225.3528
-11.35965, 0.5374999, 0.3301289, 20.78553, 225.7007
-11.34223, 0.5374999, 0.326357, 22.03739, 225.7452
-11.38021, 0.5374999, 0.3536333, 19.85398, 225.4243
-11.37099, 0.5362673, 0.3500004, 20.46749, 225.5629
-11.34389, 0.536153, 0.3493464, 22.55798, 225.5794
-11.33713, 0.528437, 0.353173, 23.19214, 226.1347
-11.35941, 0.5286825, 0.3724543, 22.00346, 225.8884
-11.38702, 0.546391, 0.3447154, 19.06862, 224.8366
-11.31125, 0.5429075, 0.3500004, 25.11685, 225.0461
-11.34888, 0.5370637, 0.3576246, 22.40327, 225.4115
-11.36926, 0.5316123, 0.3401927, 20.32316, 226.0409
-11.32107, 0.5356114, 0.3625975, 24.70453, 225.4661
-11.37715, 0.5401323, 0.3669257, 20.46992, 225.0644
-11.33051, 0.5276583, 0.3500004, 23.61757, 226.2328
-11.32432, 0.5607845, 0.3468569, 24.01138, 223.6911
-11.3325, 0.533681, 0.3588629, 23.71141, 225.6599
-11.36447, 0.5591076, 0.3749784, 21.68259, 223.4987
-11.37817, 0.5369546, 0.360653, 20.21287, 225.3845
-11.38125, 0.5538557, 0.3500004, 19.66963, 224.1941
-11.32785, 0.549503, 0.3443998, 23.6677, 224.5979
-11.32095, 0.5551361, 0.3674311, 24.8481, 223.8935
-11.35513, 0.5629213, 0.3238098, 20.95787, 223.7902
-11.34838, 0.5461161, 0.3591264, 22.48512, 224.6902
-11.35057, 0.7099999, 0.3500004, 22.05671, 212.0428
-11.35057, 0.7099999, 0.3401401, 21.77763, 212.1415
-11.35057, 0.7099999, 0.3690076, 22.59268, 211.8534
-11.35057, 0.7099999, 0.3676622, 22.55482, 211.8667
-11.35057, 0.7099999, 0.3234416, 21.30336, 212.3091
-11.35057, 0.7029381, 0.3500004, 22.05671, 212.5924
-11.35057, 0.7152095, 0.3511316, 22.08867, 211.6262
-11.35057, 0.7004331, 0.362011, 22.3957, 212.6663
-11.35057, 0.710923, 0.322442, 21.27489, 212.2471
-11.35057, 0.702484, 0.3123593, 20.98748, 213.0085
-11.35057, 0.695006, 0.3500004, 22.05671, 213.2097
-11.35057, 0.7103158, 0.3556088, 22.21514, 211.9622
-11.35057, 0.7238317, 0.3628562, 22.41951, 210.84
-11.35057, 0.7092821, 0.3221465, 21.26648, 212.3782
-11.35057, 0.7003041, 0.3368543, 21.68447, 212.9302
-11.35057, 0.7191979, 0.3500004, 22.05671, 211.327
-11.35057, 0.7358257, 0.3525969, 22.13008, 210.0078
-11.35057, 0.7256208, 0.3638279, 22.44687, 210.6914
-11.35057, 0.7309344, 0.3276494, 21.42308, 210.6329
-11.35057, 0.7261708, 0.3827809, 22.97941, 210.4635
-11.35057, 0.706302, 0.3500004, 22.05671, 212.3306
-11.35057, 0.7243096, 0.3588762, 22.30734, 210.8419
-11.35057, 0.6847072, 0.3429675, 21.85773, 214.0833
-11.35057, 0.7239668, 0.3617755, 22.38906, 210.8401
-11.35057, 0.7037391, 0.3617966, 22.38966, 212.4116
-11.35409, 0.7099999, 0.3500004, 21.78301, 212.0428
-11.34716, 0.7099999, 0.3500248, 22.32315, 212.0426
-11.3436, 0.7099999, 0.3498832, 22.59624, 212.044
-11.35354, 0.7099999, 0.3224725, 21.04411, 212.3189
-11.35332, 0.7099999, 0.3704751, 22.42049, 211.8388
-11.3459, 0.703875, 0.3500004, 22.42049, 212.5195
-11.36032, 0.7182317, 0.3445323, 21.14276, 211.4564
-11.35925, 0.7159304, 0.3370839, 21.01477, 211.7098
-11.35425, 0.7199606, 0.376773, 22.52589, 211.0038
-11.35645, 0.7073326, 0.3731969, 22.25443, 212.0187
-11.34839, 0.7185555, 0.3500004, 22.22611, 211.377
-11.35996, 0.6929237, 0.3527847, 21.40519, 213.3434
-11.34063, 0.7121472, 0.342231, 22.61098, 211.9532
-11.35927, 0.704415, 0.3316849, 20.85882, 212.6619
-11.35763, 0.7104672, 0.381767, 22.40416, 211.6905
-11.35479, 0.7154685, 0.3500004, 21.72815, 211.6172
-11.35743, 0.6909738, 0.3501473, 21.52712, 213.5219
-11.34636, 0.7023292, 0.34316, 22.19151, 212.7087
-11.35007, 0.7094937, 0.3716263, 22.70534, 211.8666
-11.35122, 0.7104069, 0.3532919, 22.09963, 211.9783
-11.35213, 0.7002746, 0.3500004, 21.93566, 212.7996
-11.35341, 0.6789579, 0.3576333, 22.05166, 214.38
-11.35767, 0.7383404, 0.3678183, 22.00792, 209.6648
-11.34903, 0.6959029, 0.3327703, 21.6889, 213.3149
-11.34841, 0.6714062, 0.3358158, 21.82377, 215.1938
-11.35026, 0.7099999, 0.3500004, 22.08059, 212.0428
-11.33297, 0.7099999, 0.3462193, 23.32017, 212.0806
-11.3488, 0.7099999, 0.3498272, 22.18968, 212.0446
-11.3658, 0.7099999, 0.3596281, 21.14521, 211.9467
-11.3328, 0.7099999, 0.3245984, 22.72383, 212.2975
-11.35506, 0.715061, 0.3500004, 21.70773, 211.649
-11.36604, 0.7001874, 0.3448223, 20.70535, 212.8587
-11.33574, 0.7172402, 0.3627231, 23.56791, 211.3534
-11.35695, 0.7168595, 0.3622838, 21.90775, 211.3873
-11.34961, 0.7088574, 0.3164442, 21.17897, 212.4689
-11.33201, 0.7025313, 0.3500004, 23.50156, 212.624
-11.36187, 0.7241634, 0.3527121, 21.25445, 210.9139
-11.34516, 0.7096066, 0.3341641, 22.02991, 212.2321
-11.33184, 0.7186404, 0.3545162, 23.64111, 211.3257
-11.34852, 0.7247374, 0.3630438, 22.58442, 210.7678
-11.36651, 0.7084243, 0.3500004, 20.81642, 212.1654
-11.35258, 0.734833, 0.3409681, 21.6447, 210.1984
-11.35774, 0.7385198, 0.3675402, 21.99497, 209.6535
-11.36334, 0.7167597, 0.340234, 20.78572, 211.6138
-11.33389, 0.7279463, 0.3896749, 24.46366, 210.2589
-11.36982, 0.7190747, 0.3500004, 20.5591, 211.3366
-11.36709, 0.6789815, 0.3411464, 20.51926, 214.548
-11.35116, 0.6898592, 0.335452, 21.59902, 213.7588
-11.33683, 0.6937305, 0.3753132, 23.83577, 213.0527
-11.36386, 0.7114213, 0.3677702, 21.52609, 211.7553
-11.35782, 0.7099999, 0.3500004, 21.49298, 212.0428
-11.33787, 0.7099999, 0.3568256, 23.23733, 211.9747
-11.33244, 0.7099999, 0.3467557, 23.3763, 212.0753
-11.33224, 0.7099999, 0.3505884, 23.49987, 212.037
-11.32759, 0.7099999, 0.3454676, 23.71815, 212.0882
-11.37474, 0.7065287, 0.3500004, 20.1762, 212.3129
-11.34916, 0.7053324, 0.3402183, 21.88993, 212.5044
-11.33144, 0.7013519, 0.364035, 23.93848, 212.5746
-11.34129, 0.7192162, 0.3631238, 23.14844, 211.1959
-11.37469, 0.7098178, 0.3699833, 20.74814, 211.8578
-11.36569, 0.7183817, 0.3500004, 20.88025, 211.3905
-11.3585, 0.6916513, 0.3592824, 21.7024, 213.3764
-11.3548, 0.717564, 0.3370783, 21.36104, 211.5825
-11.36798, 0.7285775, 0.3232265, 19.93798, 210.8605
-11.33896, 0.7210376, 0.359482, 23.22666, 211.0903
-11.33083, 0.6852443, 0.3500004, 23.59304, 213.9693
-11.34595, 0.7101685, 0.3562973, 22.59401, 211.9668
-11.36596, 0.6971254, 0.3552977, 21.00975, 212.9911
-11.33101, 0.7158971, 0.3454884, 23.45266, 211.6287
-11.37031, 0.6809741, 0.3121799, 19.43851, 214.6926
-11.32937, 0.7058346, 0.3500004, 23.70675, 212.367
-11.36631, 0.7324739, 0.3521864, 20.89434, 210.2725
-11.33992, 0.7297751, 0.3572435, 23.08933, 210.433
-11.32402, 0.6988815, 0.3200684, 23.2816, 213.2117
-11.34284, 0.6816161, 0.3883065, 23.73276, 213.8599
-11.36775, 0.7099999, 0.3500004, 20.71976, 212.0428
-11.37279, 0.7099999, 0.344954, 20.1836, 212.0933
-11.38345, 0.7099999, 0.3342976, 19.04809, 212.2001
-11.3159, 0.7099999, 0.3536585, 24.85711, 212.0063
-11.36326, 0.7099999, 0.3236842, 20.31934, 212.3067
-11.34861, 0.7008377, 0.3500004, 22.20948, 212.7558
-11.31612, 0.7025107, 0.3492425, 24.71652, 212.6333
-11.32534, 0.7115891, 0.3535563, 24.1199, 211.8837
-11.34291, 0.7102898, 0.3772663, 23.4191, 211.7488
-11.38095, 0.7136796, 0.3424892, 19.47777, 211.8313
-11.3787, 0.7033199, 0.3500004, 19.86794, 212.5627
-11.36262, 0.7137727, 0.3514917, 21.16173, 211.7344
-11.36617, 0.7210296, 0.334064, 20.38925, 211.3423
-11.33786, 0.6952311, 0.3462475, 22.94021, 213.2302
-11.33037, 0.7185833, 0.3690766, 24.16247, 211.1863
-11.34634, 0.6934364, 0.3500004, 22.38594, 213.3318
-11.33529, 0.7172578, 0.3441895, 23.08229, 211.5357
-11.36178, 0.6850752, 0.348496, 21.14182, 213.9979
-11.34092, 0.6822509, 0.3450482, 22.66856, 214.2532
-11.31554, 0.6889853, 0.3807413, 25.6379, 213.3657
-11.37327, 0.7221707, 0.3500004, 20.29056, 211.0957
-11.38271, 0.7251627, 0.3419932, 19.32617, 210.9417
-11.33997, 0.7335593, 0.3646676, 23.29425, 210.0666
-11.34623, 0.717553, 0.3529558, 22.47804, 211.4257
-11.36077, 0.7306612, 0.332365, 20.76197, 210.6079
-11.00697, 1.204594, 0.3500004, 48.79582, 173.553
-11.00697, 1.204594, 0.3544471, 48.90602, 173.5308
-11.00697, 1.204594, 0.3543425, 48.90343, 173.5313
-11.00697, 1.204594, 0.3519575, 48.84431, 173.5433
-11.00697, 1.204594, 0.3173521, 47.9827, 173.717
-11.00697, 1.204339, 0.3500004, 48.79582, 173.5729
-11.00697, 1.210932, 0.3447469, 48.66544, 173.0857
-11.00697, 1.200808, 0.3308152, 48.31884, 173.9445
-11.00697, 1.200141, 0.3266232, 48.2143, 174.0178
-11.00697, 1.201303, 0.3186229, 48.01449, 173.9677
-11.00697, 1.22122, 0.3500004, 48.79582, 172.2591
-11.00697, 1.20715, 0.3506932, 48.81298, 173.3507
-11.00697, 1.193531, 0.3305454, 48.31212, 174.5136
-11.00697, 1.205066, 0.3319951, 48.34824, 173.6065
-11.00697, 1.196054, 0.350327, 48.80392, 174.2159
-11.00697, 1.232785, 0.3500004, 48.79582, 171.3591
-11.00697, 1.2207, 0.3435966, 48.63686, 172.3306
-11.00697, 1.233507, 0.3470803, 48.72337, 171.3167
-11.00697, 1.176333, 0.3575576, 48.98304, 175.7124
-11.00697, 1.203107, 0.337623, 48.48836, 173.7309
-11.00697, 1.200697, 0.3500004, 48.79582, 173.8563
-11.00697, 1.172112, 0.3508428, 48.8167, 176.0763
-11.00697, 1.235149, 0.3580045, 48.99412, 171.1377
-11.00697, 1.221057, 0.3545287, 48.90804, 172.2499
-11.00697, 1.241202, 0.3402216, 48.55299, 170.7495
-10.99767, 1.204594, 0.3500004, 49.51957, 173.553
-10.99873, 1.204594, 0.3540801, 49.53811, 173.5327
-11.00569, 1.204594, 0.3503941, 48.90567, 173.5511
-11.01287, 1.204594, 0.3330136, 47.91418, 173.6382
-11.0051, 1.204594, 0.3232741, 48.27726, 173.6871
-10.99924, 1.2128, 0.3500004, 49.39743, 172.9144
-11.01349, 1.208071, 0.3427313, 48.10786, 173.3185
-11.0169, 1.198135, 0.3593484, 48.25584, 174.0084
-11.0083, 1.209972, 0.3700507, 49.18855, 173.0356
-11.00181, 1.205198, 0.3326825, 48.76817, 173.5927
-11.01021, 1.200741, 0.3500004, 48.54366, 173.8529
-11.0133, 1.187678, 0.3447592, 48.17315, 174.8965
-11.0012, 1.218264, 0.369514, 49.72701, 172.3945
-11.00107, 1.186162, 0.3247824, 48.62936, 175.1187
-11.00972, 1.198345, 0.3885238, 49.53392, 173.8452
-10.99705, 1.197421, 0.3500004, 49.56825, 174.1112
-11.01476, 1.222038, 0.3585209, 48.40194, 172.1544
-11.01093, 1.182528, 0.331382, 48.02413, 175.3677
-11.0024, 1.210464, 0.3593556, 49.38279, 173.05
-11.01681, 1.230575, 0.3575622, 48.21877, 171.4954
-10.99983, 1.173849, 0.3500004, 49.35149, 175.9456
-11.01516, 1.225724, 0.3536814, 48.25024, 171.891
-11.01161, 1.166249, 0.3409249, 48.20888, 176.586
-11.00559, 1.218983, 0.3635641, 49.23879, 172.3675
-11.0055, 1.192136, 0.3866868, 49.81535, 174.3353
-11.02219, 1.204594, 0.3500004, 47.61139, 173.553
-11.0207, 1.204594, 0.3555923, 47.86733, 173.5251
-10.98737, 1.204594, 0.3489023, 50.29408, 173.5585
-11.02588, 1.204594, 0.3257302, 46.71583, 173.6748
-11.01763, 1.204594, 0.3508385, 47.98725, 173.5489
-11.00147, 1.214016, 0.3500004, 49.22424, 172.8198
-11.0039, 1.20491, 0.3406253, 48.8023, 173.5753
-11.0099, 1.200118, 0.3694355, 49.04943, 173.8035
-10.9928, 1.202485, 0.357893, 50.09336, 173.6776
-10.99477, 1.209292, 0.3608713, 50.01341, 173.1337
-11.02682, 1.206041, 0.3500004, 47.25135, 173.4404
-11.01593, 1.193248, 0.3576374, 48.28849, 174.3969
-11.00553, 1.193856, 0.3578315, 49.10222, 174.3486
-11.02619, 1.208675, 0.3714134, 47.83392, 173.1295
-11.01483, 1.203031, 0.3729171, 48.75266, 173.5601
-11.02352, 1.189733, 0.3500004, 47.50784, 174.7095
-11.00315, 1.203451, 0.3521854, 49.14718, 173.631
-11.00337, 1.175453, 0.3449791, 48.95182, 175.8474
-10.99606, 1.205377, 0.362832, 49.96141, 173.4281
-11.01337, 1.198483, 0.3139617, 47.39781, 174.2118
-10.99385, 1.227076, 0.3500004, 49.81702, 171.8035
-11.00043, 1.221158, 0.3503385, 49.31328, 172.2623
-11.00519, 1.228282, 0.3534216, 49.01902, 171.6933
-11.00179, 1.240377, 0.3510969, 49.22613, 170.7632
-10.98726, 1.197993, 0.3606386, 50.59128, 174.0129
-11.03618, 1.204594, 0.3500004, 46.52279, 173.553
-11.03696, 1.204594, 0.3508949, 46.48486, 173.5486
-11.02027, 1.204594, 0.343891, 47.60902, 173.5836
-11.01406, 1.204594, 0.3340955, 47.84785, 173.6327
-10.99232, 1.204594, 0.383904, 50.76858, 173.3842
-11.00435, 1.211489, 0.3500004, 49.00011, 173.0164
-11.00843, 1.196184, 0.3538939, 48.77897, 174.1877
-11.00866, 1.197867, 0.3655455, 49.04953, 173.9978
-11.00148, 1.206043, 0.3227651, 48.54698, 173.5765
-10.98621, 1.209648, 0.3162756, 49.57894, 173.3274
-11.02443, 1.187881, 0.3500004, 47.43719, 174.8536
-11.00758, 1.195473, 0.3428947, 48.57247, 174.2991
-11.02156, 1.210188, 0.3610452, 47.9361, 173.0632
-11.00643, 1.21807, 0.3604366, 49.09679, 172.4536
-10.99703, 1.185082, 0.3310106, 49.09956, 175.1704
-10.98565, 1.205029, 0.3500004, 50.45534, 173.5192
-11.0104, 1.217424, 0.3458044, 48.42532, 172.575
-11.02825, 1.182623, 0.3680519, 47.59033, 175.1687
-11.02817, 1.190871, 0.3753006, 47.77727, 174.4913
-10.99296, 1.227684, 0.3251386, 49.27145, 171.875
-10.99613, 1.207924, 0.3500004, 49.63979, 173.2939
-11.01098, 1.221246, 0.3501109, 48.48661, 172.2566
-11.00188, 1.240804, 0.3575706, 49.3793, 170.7
-10.98376, 1.196636, 0.3579834, 50.798, 174.1318
-10.98427, 1.176206, 0.3537332, 50.65413, 175.7424
-11.02838, 1.204594, 0.3500004, 47.12988, 173.553
-11.00375, 1.204594, 0.3578271, 49.24031, 173.5139
-11.03253, 1.204594, 0.3301823, 46.30896, 173.6524
-10.99228, 1.204594, 0.3306211, 49.46024, 173.6502
-10.98639, 1.204594, 0.3400638, 50.15336, 173.6028
-11.01357, 1.209842, 0.3500004, 48.28224, 173.1446
-11.04558, 1.199759, 0.3580126, 45.99274, 173.8889
-10.97719, 1.198802, 0.3683144, 51.56127, 173.9113
-11.02837, 1.212162, 0.3480263, 47.08172, 172.9738
-11.04109, 1.201507, 0.3871123, 47.06932, 173.6074
-11.02623, 1.206373, 0.3500004, 47.2976, 173.4146
-11.03743, 1.197063, 0.357945, 46.62502, 174.0988
-11.04475, 1.189463, 0.3639167, 46.20599, 174.6589
-11.02931, 1.208667, 0.3239605, 46.40386, 173.3656
-11.01861, 1.2143, 0.3406019, 47.6561, 172.8438
-11.03797, 1.203244, 0.3500004, 46.38379, 173.6581
-11.03956, 1.219156, 0.3425301, 46.07228, 172.4561
-10.99329, 1.179752, 0.3504053, 49.87095, 175.4841
-11.01447, 1.199777, 0.3213294, 47.49667, 174.0732
-10.98445, 1.226375, 0.3596865, 50.78649, 171.8118
-11.01359, 1.183694, 0.3500004, 48.28135, 175.1794
-11.01752, 1.219073, 0.3547628, 48.09364, 172.4031
-10.98606, 1.240947, 0.3404832, 50.18944, 170.7681
-10.99506, 1.166818, 0.3444189, 49.5853, 176.5228
-10.99502, 1.234667, 0.3152878, 48.86576, 171.3764
-11.00697, 1.414594, 0.3500004, 48.79582, 157.2106
-11.00697, 1.414594, 0.3403452, 48.55606, 157.2385
-11.00697, 1.414594, 0.3472234, 48.7269, 157.2186
-11.00697, 1.414594, 0.3524774, 48.85722, 157.2035
-11.00697, 1.414594, 0.3674501, 49.22758, 157.1605
-11.00697, 1.405456, 0.3500004, 48.79582, 157.9217
-11.00697, 1.421405, 0.3401167, 48.5504, 156.7084
-11.00697, 1.41515, 0.3659367, 49.19021, 157.1216
-11.00697, 1.422018, 0.3345932, 48.41294, 156.6762
-11.00697, 1.416695, 0.3708605, 49.31173, 156.9876
-11.00697, 1.41893, 0.3500004, 48.79582, 156.8731
-11.00697, 1.404764, 0.3421047, 48.5998, 157.9991
-11.00697, 1.42889, 0.3679549, 49.24004, 156.049
-11.00697, 1.421108, 0.3574423, 48.98018, 156.6827
-11.00697, 1.401778, 0.3131416, 47.87733, 158.3195
-11.00697, 1.430943, 0.3500004, 48.79582, 155.9383
-11.00697, 1.441694, 0.3589393, 49.01722, 155.0784
-11.00697, 1.416622, 0.3544563, 48.90624, 157.04
-11.00697, 1.40017, 0.3311889, 48.32816, 158.3901
-11.00697, 1.431591, 0.3803867, 49.54642, 155.8059
-11.00697, 1.424011, 0.3500004, 48.79582, 156.4778
-11.00697, 1.39837, 0.3561959, 48.94934, 158.4543
-11.00697, 1.420942, 0.3504177, 48.80616, 156.7154
-11.00697, 1.416588, 0.3772949, 49.47031, 156.9776
-11.00697, 1.377572, 0.3626918, 49.11003, 160.0504
-11.01421, 1.414594, 0.3500004, 48.23248, 157.2106
-11.00542, 1.414594, 0.3572707, 49.09653, 157.1897
-11.00789, 1.414594, 0.3586398, 48.93858, 157.1858
-10.99759, 1.414594, 0.350223, 49.53165, 157.21
-11.00171, 1.414594, 0.356409, 49.36376, 157.1922
-11.00488, 1.407422, 0.3500004, 48.95867, 157.7687
-10.99913, 1.412336, 0.3598405, 49.64909, 157.3578
-11.01451, 1.411994, 0.3388378, 47.93123, 157.4454
-11.00753, 1.410808, 0.3244518, 48.11668, 157.5801
-11.0088, 1.404752, 0.3701119, 49.15179, 157.9167
-11.00068, 1.425732, 0.3500004, 49.2857, 156.3439
-11.01413, 1.423453, 0.3492843, 48.22101, 156.5232
-11.00861, 1.425163, 0.3487062, 48.63676, 156.3917
-11.01685, 1.399683, 0.3393052, 47.76062, 158.4034
-11.01242, 1.407942, 0.3176078, 47.56315, 157.8241
-11.00977, 1.421151, 0.3500004, 48.57857, 156.7003
-11.00621, 1.411529, 0.3508509, 48.87638, 157.4467
-11.01437, 1.400996, 0.3562989, 48.37698, 158.2498
-11.00275, 1.398172, 0.3365124, 48.79023, 158.5297
-10.99907, 1.419033, 0.3766296, 50.06726, 156.7899
-11.01572, 1.399657, 0.3500004, 48.11534, 158.373
-11.01456, 1.401873, 0.3427005, 48.02334, 158.2225
-10.99897, 1.438961, 0.3578843, 49.61307, 155.2935
-11.00609, 1.426723, 0.3568538, 49.03396, 156.2478
-11.01441, 1.434383, 0.3494534, 48.20313, 155.672
-11.02401, 1.414594, 0.3500004, 47.46996, 157.2106
-11.01871, 1.414594, 0.3491856, 47.86254, 157.213
-11.0073, 1.414594, 0.342488, 48.58418, 157.2323
-11.02513, 1.414594, 0.3607366, 47.65064, 157.1797
-10.99637, 1.414594, 0.3637272, 49.95926, 157.1711
-10.99614, 1.41205, 0.3500004, 49.6386, 157.4086
-11.00113, 1.418684, 0.3530145, 49.32497, 156.8837
-11.01253, 1.411036, 0.3562447, 48.5184, 157.4692
-11.01286, 1.420539, 0.3435023, 48.17579, 156.7663
-11.01744, 1.410692, 0.3107859, 47.0001, 157.6293
-11.02629, 1.41684, 0.3500004, 47.29285, 157.0358
-11.00289, 1.433272, 0.3451996, 48.99489, 155.77
-11.00577, 1.414471, 0.3559383, 49.03622, 157.2031
-11.00386, 1.425551, 0.3312814, 48.57339, 156.4099
-11.02358, 1.425751, 0.3252987, 46.88474, 156.4109
-10.99786, 1.387995, 0.3500004, 49.50544, 159.2805
-10.98994, 1.409364, 0.3423934, 49.93418, 157.6399
-11.01707, 1.40097, 0.3440033, 47.86091, 158.289
-11.00239, 1.425791, 0.346881, 49.07516, 156.3479
-11.01227, 1.395528, 0.3178404, 47.58067, 158.7936
-10.99696, 1.438468, 0.3500004, 49.57543, 155.3527
-11.01174, 1.422591, 0.3401932, 48.18056, 156.6158
-10.99156, 1.402441, 0.3466403, 49.91248, 158.1664
-11.00816, 1.387951, 0.3712351, 49.22889, 159.2173
-11.00587, 1.394498, 0.3119726, 47.93464, 158.8923
-11.0228, 1.414594, 0.3500004, 47.56401, 157.2106
-10.98204, 1.414594, 0.3497554, 50.73003, 157.2113
-10.98062, 1.414594, 0.3587251, 51.06035, 157.1855
-10.99981, 1.414594, 0.3550839, 49.47912, 157.196
-10.98691, 1.414594, 0.3532346, 50.4366, 157.2013
-10.98703, 1.419706, 0.3500004, 50.34758, 156.8128
-11.02877, 1.423103, 0.350259, 47.10636, 156.5477
-11.03179, 1.404794, 0.3471987, 46.79402, 157.9816
-11.02892, 1.41441, 0.367554, 47.52623, 157.1744
-11.00298, 1.408314, 0.344307, 48.96591, 157.7161
-11.02965, 1.395019, 0.3500004, 47.03101, 158.7339
-10.97783, 1.413706, 0.3550495, 51.18766, 157.2651
-11.0148, 1.425403, 0.367933, 48.63191, 156.3198
-11.01864, 1.417593, 0.3239996, 47.23799, 157.0516
-11.00229, 1.426971, 0.3511454, 49.18869, 156.2442
-11.00837, 1.393675, 0.3500004, 48.68721, 158.8385
-10.9972, 1.398474, 0.3525063, 49.61831, 158.4575
-10.99593, 1.426305, 0.3408341, 49.42854, 156.3246
-10.98215, 1.414949, 0.334063, 50.33527, 157.2289
-10.99447, 1.443787, 0.3617466, 50.05814, 154.9084
-11.02042, 1.434917, 0.3500004, 47.74913, 155.629
-11.01387, 1.380653, 0.3506925, 48.27634, 159.8497
-10.99715, 1.408462, 0.33208, 49.11661, 157.7406
-10.99033, 1.439397, 0.3386738, 49.81187, 155.3103
-10.99333, 1.394189, 0.3714724, 50.38605, 158.7324
-10.98333, 1.414594, 0.3500004, 50.63583, 157.2106
-11.00817, 1.414594, 0.3588746, 48.92289, 157.1851
-11.0253, 1.414594, 0.3425298, 47.18285, 157.2322
-11.00791, 1.414594, 0.321571, 48.01487, 157.2928
-10.98103, 1.414594, 0.3359276, 50.46859, 157.2513
-11.00756, 1.417097, 0.3500004, 48.75063, 157.0158
-11.03573, 1.420919, 0.3477377, 46.50128, 156.7247
-10.96807, 1.407562, 0.3426561, 51.64411, 157.7795
-10.98991, 1.414369, 0.3527142, 50.19048, 157.2203
-10.98947, 1.41934, 0.3725524, 50.71178, 156.7776
-11.00658, 1.413727, 0.3500004, 48.82645, 157.2781
-10.96977, 1.403641, 0.3446512, 51.56015, 158.079
-11.02858, 1.4127, 0.3500085, 47.11458, 157.358
-11.00583, 1.422758, 0.3511827, 48.91422, 156.572
-11.02508, 1.42065, 0.3338293, 46.98158, 156.785
-11.04589, 1.428602, 0.3500004, 45.76763, 156.1205
-11.02148, 1.443066, 0.3489315, 47.64041, 154.9977
-10.987, 1.389707, 0.3419294, 50.15182, 159.1726
-11.0062, 1.411787, 0.3678475, 49.2974, 157.3772
-10.97998, 1.401882, 0.336963, 50.57594, 158.2391
-11.04208, 1.441187, 0.3500004, 46.06377, 155.1411
-11.02437, 1.375197, 0.3438527, 47.28875, 160.2967
-10.97454, 1.378626, 0.3433765, 51.15787, 160.0311
-10.99764, 1.435339, 0.3238632, 48.87395, 155.6663
-10.99807, 1.381097, 0.3209383, 48.7678, 159.9113
-11.39921, 1.204594, 0.3500004, 18.27171, 173.553
-11.39921, 1.204594, 0.3571447, 18.47697, 173.5173
-11.39921, 1.204594, 0.3557201, 18.43606, 173.5245
-11.39921, 1.204594, 0.3296863, 17.68596, 173.6549
-11.39921, 1.204594, 0.3836732, 19.23587, 173.3854
-11.39921, 1.206671, 0.3500004, 18.27171, 173.3914
-11.39921, 1.213146, 0.3438084, 18.09349, 172.918
-11.39921, 1.212843, 0.3618214, 18.61113, 172.8531
-11.39921, 1.213735, 0.3714621, 18.88721, 172.7366
-11.39921, 1.201465, 0.3428062, 18.06463, 173.8328
-11.39921, 1.209715, 0.3500004, 18.27171, 173.1545
-11.39921, 1.191239, 0.3522084, 18.33519, 174.5809
-11.39921, 1.197199, 0.335388, 17.85068, 174.2028
-11.39921, 1.213589, 0.3252299, 17.55704, 172.975
-11.39921, 1.199031, 0.3876436, 19.349, 173.7965
-11.39921, 1.178993, 0.3500004, 18.27171, 175.5453
-11.39921, 1.188718, 0.347546, 18.2011, 174.8012
-11.39921, 1.221348, 0.3447943, 18.12186, 172.2743
-11.39921, 1.227617, 0.3669723, 18.75871, 171.6806
-11.39921, 1.219731, 0.3550907, 18.41801, 172.3504
-11.39921, 1.19851, 0.3500004, 18.27171, 174.0264
-11.39921, 1.174936, 0.3440913, 18.10165, 175.8924
-11.39921, 1.235006, 0.3374483, 17.91013, 171.2453
-11.39921, 1.220103, 0.3716554, 18.89274, 172.2415
-11.39921, 1.168839, 0.3516993, 18.32055, 176.3264
-11.40494, 1.204594, 0.3500004, 17.82587, 173.553
-11.3991, 1.204594, 0.345072, 18.13854, 173.5777
-11.40609, 1.204594, 0.3571515, 17.94216, 173.5173
-11.39889, 1.204594, 0.3667838, 18.77797, 173.4693
-11.38928, 1.204594, 0.3647119, 19.46498, 173.4796
-11.39878, 1.208349, 0.3500004, 18.30507, 173.2608
-11.39505, 1.207834, 0.3423333, 18.37499, 173.339
-11.39931, 1.19589, 0.3620614, 18.60978, 174.1691
-11.39515, 1.202208, 0.3240026, 17.83828, 173.8698
-11.3928, 1.2129, 0.3748669, 19.48176, 172.7848
-11.3899, 1.20421, 0.3500004, 18.99576, 173.5829
-11.3992, 1.18895, 0.3577662, 18.49558, 174.7304
-11.39897, 1.220544, 0.3463601, 18.18532, 172.3294
-11.4064, 1.186047, 0.3271461, 17.05148, 175.1153
-11.40366, 1.219797, 0.3288864, 17.31568, 172.4725
-11.39785, 1.205223, 0.3500004, 18.37768, 173.5041
-11.40764, 1.23098, 0.3533399, 17.71211, 171.4838
-11.39777, 1.220652, 0.3681309, 18.90384, 172.2159
-11.39518, 1.208426, 0.359075, 18.84586, 173.2098
-11.40703, 1.206741, 0.3836122, 18.62774, 173.2193
-11.39839, 1.216501, 0.3500004, 18.33535, 172.6264
-11.39356, 1.239146, 0.3406992, 18.44373, 170.9074
-11.40652, 1.179763, 0.3649228, 18.13181, 175.4072
-11.40004, 1.183527, 0.3560252, 18.38023, 175.161
-11.40014, 1.221032, 0.3690422, 18.74577, 172.1819
-11.38259, 1.204594, 0.3500004, 19.56515, 173.553
-11.41816, 1.204594, 0.355741, 16.96289, 173.5244
-11.41585, 1.204594, 0.3529687, 17.06215, 173.5382
-11.40247, 1.204594, 0.3426698, 17.80686, 173.5897
-11.40346, 1.204594, 0.3487179, 17.90424, 173.5594
-11.39227, 1.202865, 0.3500004, 18.812, 173.6876
-11.41028, 1.197978, 0.3477819, 17.34615, 174.0791
-11.385, 1.2109, 0.3366918, 18.99615, 173.1281
-11.40454, 1.208303, 0.3442882, 17.69204, 173.2927
-11.39778, 1.195493, 0.348416, 18.33724, 174.2693
-11.39092, 1.212077, 0.3500004, 18.91644, 172.9706
-11.41766, 1.19461, 0.3454374, 16.70393, 174.3533
-11.41839, 1.204384, 0.3484139, 16.73324, 173.5773
-11.38827, 1.214517, 0.3322916, 18.61433, 172.8677
-11.38056, 1.185942, 0.3756325, 20.45308, 174.872
-11.37926, 1.177372, 0.3500004, 19.82383, 175.6714
-11.40478, 1.180681, 0.3407017, 17.56983, 175.4628
-11.41736, 1.193144, 0.3676217, 17.36835, 174.3541
-11.41675, 1.221679, 0.3437672, 16.72615, 172.2535
-11.38207, 1.209221, 0.3844447, 20.58596, 173.0231
-11.3971, 1.242116, 0.3500004, 18.43576, 170.633
-11.38496, 1.223559, 0.3467776, 19.28847, 172.0927
-11.38358, 1.197367, 0.3505858, 19.50471, 174.1124
-11.41244, 1.176913, 0.3201238, 16.37569, 175.8655
-11.39023, 1.216393, 0.3778258, 19.76546, 172.4995
-11.38984, 1.204594, 0.3500004, 19.00098, 173.553
-11.40131, 1.204594, 0.3512872, 18.14557, 173.5466
-11.37588, 1.204594, 0.3591231, 20.34741, 173.5075
-11.39289, 1.204594, 0.3695549, 19.32331, 173.4555
-11.42515, 1.204594, 0.3812512, 17.15599, 173.3974
-11.38757, 1.201478, 0.3500004, 19.17744, 173.7955
-11.39373, 1.194747, 0.3409487, 18.43806, 174.3655
-11.42004, 1.212118, 0.3610628, 16.97063, 172.9131
-11.39547, 1.196714, 0.3630116, 18.9357, 174.1002
-11.40107, 1.195927, 0.3312368, 17.58572, 174.3232
-11.41843, 1.187482, 0.3500004, 16.77605, 174.8847
-11.39417, 1.220523, 0.3518718, 18.71721, 172.3044
-11.3835, 1.216511, 0.362993, 19.86533, 172.5623
-11.39349, 1.198547, 0.3693349, 19.27045, 173.926
-11.37782, 1.215559, 0.3478712, 19.87568, 172.7101
-11.37174, 1.17518, 0.3500004, 20.40931, 175.8421
-11.38005, 1.18335, 0.3400213, 19.47723, 175.2584
-11.42807, 1.229279, 0.362887, 16.39967, 171.5709
-11.42734, 1.178329, 0.3298003, 15.49394, 175.7036
-11.4106, 1.222563, 0.3754213, 18.1169, 172.0325
-11.39862, 1.18707, 0.3500004, 18.31724, 174.9167
-11.38512, 1.191455, 0.3495027, 19.35355, 174.578
-11.41283, 1.211008, 0.3338851, 16.74532, 173.1335
-11.40199, 1.20489, 0.3556938, 18.21889, 173.5016
-11.38098, 1.198925, 0.355018, 19.83323, 173.9688
-11.37567, 1.204594, 0.3500004, 20.10335, 173.553
-11.36246, 1.204594, 0.349262, 21.11077, 173.5567
-11.43336, 1.204594, 0.3422015, 15.38705, 173.5921
-11.42388, 1.204594, 0.3392023, 16.03821, 173.6071
-11.40611, 1.204594, 0.3215426, 16.91108, 173.6959
-11.40781, 1.19949, 0.3500004, 17.60257, 173.9502
-11.43657, 1.200271, 0.3453613, 15.22902, 173.9128
-11.3628, 1.208741, 0.3594332, 21.37281, 173.1836
-11.42948, 1.198721, 0.3270401, 15.24679, 174.1266
-11.4257, 1.201769, 0.3198799, 15.33204, 173.9249
-11.36876, 1.184828, 0.3500004, 20.64162, 175.0912
-11.36889, 1.214075, 0.342471, 20.4169, 172.8522
-11.41691, 1.193274, 0.3539576, 17.00901, 174.4138
-11.40964, 1.207931, 0.3547038, 17.59554, 173.27
-11.36958, 1.194343, 0.3128747, 19.51587, 174.5412
-11.42116, 1.197093, 0.3500004, 16.56338, 174.1367
-11.43171, 1.183887, 0.3508343, 15.76661, 175.1601
-11.41908, 1.184794, 0.3391676, 16.41083, 175.1503
-11.38277, 1.181281, 0.3222418, 18.75409, 175.5131
-11.36323, 1.202151, 0.3223823, 20.28468, 173.8824
-11.42947, 1.165422, 0.3500004, 15.91693, 176.6014
-11.39179, 1.202543, 0.3592056, 19.11272, 173.6665
-11.3928, 1.196398, 0.3616442, 19.10379, 174.1317
-11.42562, 1.224331, 0.3241318, 15.46329, 172.1417
-11.42902, 1.21717, 0.3376909, 15.5932, 172.6344
-11.34554, 2.389187, 0.3500004, 22.44835, 81.36679
-11.34554, 2.389187, 0.3507152, 22.46851, 81.37175
-11.34554, 2.389187, 0.3466636, 22.35413, 81.34355
-11.34554, 2.389187, 0.3627921, 22.80868, 81.45561
-11.34554, 2.389187, 0.3426734, 22.24139, 81.31577
-11.34554, 2.387552, 0.3500004, 22.44835, 81.49405
-11.34554, 2.390552, 0.3486318, 22.40972, 81.25101
-11.34554, 2.392898, 0.3341182, 21.99928, 80.96666
-11.34554, 2.382076, 0.3710871, 23.04171, 82.06491
-11.34554, 2.392007, 0.3309044, 21.90817, 81.0136
-11.34554, 2.372425, 0.3500004, 22.44835, 82.67122
-11.34554, 2.398406, 0.3544303, 22.57326, 80.68057
-11.34554, 2.397188, 0.3514191, 22.48836, 80.7541
-11.34554, 2.381192, 0.3257736, 21.76257, 81.82187
-11.34554, 2.408012, 0.3223345, 21.66488, 79.70334
-11.34554, 2.371148, 0.3500004, 22.44835, 82.7706
-11.34554, 2.373925, 0.3445578, 22.29465, 82.51744
-11.34554, 2.418828, 0.3633546, 22.8245, 79.15678
-11.34554, 2.416575, 0.3723906, 23.07829, 79.39691
-11.34554, 2.380926, 0.3420619, 22.22411, 81.95506
-11.34554, 2.359619, 0.3500004, 22.44835, 83.66782
-11.34554, 2.388235, 0.3573158, 22.65457, 81.49165
-11.34554, 2.391765, 0.3661516, 22.90313, 81.27872
-11.34554, 2.388248, 0.3700341, 23.01215, 81.57867
-11.34554, 2.378231, 0.3337639, 21.98922, 82.10802
-11.34997, 2.389187, 0.3500004, 22.10362, 81.36679
-11.35349, 2.389187, 0.3405938, 21.5628, 81.30125
-11.35408, 2.389187, 0.3573388, 21.99152, 81.41779
-11.34953, 2.389187, 0.3247612, 21.42224, 81.19063
-11.34862, 2.389187, 0.361082, 22.52123, 81.44374
-11.34497, 2.396581, 0.3500004, 22.49269, 80.79138
-11.35081, 2.392071, 0.3467831, 21.94683, 81.11981
-11.35302, 2.393693, 0.3516212, 21.91226, 81.0274
-11.35071, 2.393736, 0.3297473, 21.4715, 80.87054
-11.34874, 2.385193, 0.3240798, 21.46455, 81.4977
-11.34556, 2.383342, 0.3500004, 22.44697, 81.82167
-11.34819, 2.370533, 0.3514552, 22.28333, 82.82831
-11.33646, 2.376208, 0.3417378, 22.9226, 82.32037
-11.35457, 2.376893, 0.3259013, 21.06126, 82.15839
-11.34797, 2.406649, 0.3512392, 22.29426, 80.01669
-11.35327, 2.409868, 0.3500004, 21.8466, 79.7574
-11.34209, 2.386792, 0.3486581, 22.67863, 81.54387
-11.35473, 2.37544, 0.3334726, 21.26418, 82.32368
-11.35378, 2.415161, 0.3232205, 21.04683, 79.15149
-11.35072, 2.399513, 0.3257082, 21.35655, 80.3911
-11.34987, 2.374544, 0.3500004, 22.11104, 82.50635
-11.34103, 2.428332, 0.3514219, 22.83902, 78.33093
-11.3373, 2.382505, 0.362135, 23.43063, 81.97023
-11.33722, 2.392181, 0.3710923, 23.6876, 81.28075
-11.33697, 2.408301, 0.367971, 23.61972, 80.00748
-11.32905, 2.389187, 0.3500004, 23.73163, 81.36679
-11.34365, 2.389187, 0.3531117, 22.68328, 81.38841
-11.35478, 2.389187, 0.3364286, 21.34413, 81.2722
-11.34167, 2.389187, 0.3200427, 21.9022, 81.15758
-11.35232, 2.389187, 0.3654415, 22.35616, 81.47398
-11.36445, 2.395405, 0.3500004, 20.97685, 80.88292
-11.33821, 2.387742, 0.3470174, 22.93439, 81.45853
-11.33082, 2.397725, 0.3671337, 24.07341, 80.82275
-11.35166, 2.390229, 0.3415836, 21.73382, 81.22699
-11.34941, 2.393151, 0.3434678, 21.9624, 81.01257
-11.34396, 2.370673, 0.3500004, 22.5713, 82.80756
-11.32658, 2.373682, 0.3529066, 24.00494, 82.59311
-11.33434, 2.394428, 0.3368752, 22.95042, 80.86673
-11.33511, 2.386004, 0.3594147, 23.52435, 81.6796
-11.33911, 2.375347, 0.3363644, 22.56386, 82.35069
-11.3426, 2.366899, 0.3500004, 22.67746, 83.10126
-11.35099, 2.368117, 0.3422538, 21.80457, 82.95415
-11.33094, 2.388393, 0.3422998, 23.36802, 81.37503
-11.34042, 2.362745, 0.3676538, 23.3425, 83.54237
-11.35703, 2.371525, 0.3476968, 21.48864, 82.72565
-11.34785, 2.386913, 0.3500004, 22.26844, 81.54375
-11.35066, 2.365888, 0.3556719, 22.21009, 83.21806
-11.34686, 2.412722, 0.3568637, 22.53944, 79.58463
-11.33273, 2.410363, 0.3399887, 23.16361, 79.64693
-11.34945, 2.365771, 0.3769633, 22.90326, 83.36955
-11.35097, 2.389187, 0.3500004, 22.0256, 81.36679
-11.37371, 2.389187, 0.3546103, 20.38766, 81.39882
-11.36488, 2.389187, 0.3534397, 21.04062, 81.3907
-11.32652, 2.389187, 0.3663143, 24.3843, 81.48001
-11.32853, 2.389187, 0.3146792, 22.7772, 81.11995
-11.3578, 2.389894, 0.3500004, 21.49404, 81.31177
-11.32256, 2.39607, 0.3518785, 24.28903, 80.84436
-11.34631, 2.385333, 0.3310128, 21.85119, 81.53505
-11.36313, 2.382124, 0.3732804, 21.73878, 82.07623
-11.32185, 2.396205, 0.3633111, 24.66339, 80.91399
-11.31561, 2.392894, 0.3500004, 24.77723, 81.07832
-11.31575, 2.371937, 0.352319, 24.83101, 82.7249
-11.35628, 2.40856, 0.3612422, 21.9304, 79.93941
-11.34773, 2.394144, 0.3764558, 23.02215, 81.16573
-11.32738, 2.378539, 0.3398616, 23.57662, 82.12585
-11.34104, 2.380333, 0.3500004, 22.79863, 82.05582
-11.34235, 2.380502, 0.35631, 22.87425, 82.08598
-11.33038, 2.369788, 0.3339641, 23.17739, 82.76775
-11.34852, 2.397422, 0.3208129, 21.38899, 80.51965
-11.3157, 2.361618, 0.3381288, 24.43879, 83.4328
-11.35584, 2.372118, 0.3500004, 21.64651, 82.6951
-11.34119, 2.367209, 0.3488255, 22.75394, 83.0692
-11.34326, 2.362936, 0.3309922, 22.08881, 83.2822
-11.32359, 2.390213, 0.3676629, 24.64953, 81.40965
-11.33183, 2.358912, 0.3496054, 23.50435, 83.72017
-11.37417, 2.389187, 0.3500004, 20.22014, 81.36679
-11.38256, 2.389187, 0.3577623, 19.78945, 81.42073
-11.38036, 2.389187, 0.342475, 19.52343, 81.31439
-11.35461, 2.389187, 0.3705337, 22.32182, 81.50925
-11.34162, 2.389187, 0.3145089, 21.74867, 81.11876
-11.31365, 2.391893, 0.3500004, 24.93018, 81.15617
-11.30815, 2.384087, 0.3497724, 25.35154, 81.76213
-11.35866, 2.390229, 0.3391432, 21.11913, 81.20998
-11.36655, 2.381687, 0.3524071, 20.88185, 81.96698
-11.33076, 2.385382, 0.3129614, 22.55406, 81.40543
-11.37823, 2.380659, 0.3500004, 19.90392, 82.03041
-11.32161, 2.379904, 0.3478513, 24.25013, 82.07443
-11.30748, 2.400272, 0.3462076, 25.30489, 80.47728
-11.32955, 2.408913, 0.3785321, 24.49006, 80.03503
-11.35739, 2.382699, 0.3173717, 20.59742, 81.64592
-11.37527, 2.40782, 0.3500004, 20.13435, 79.91675
-11.33008, 2.370038, 0.3562788, 23.82756, 82.89938
-11.35512, 2.3943, 0.3648196, 22.12157, 81.07256
-11.37315, 2.417025, 0.3662106, 20.76041, 79.31747
-11.3177, 2.394573, 0.3612764, 24.92909, 81.02658
-11.35461, 2.428508, 0.3500004, 21.7421, 78.30676
-11.31963, 2.417973, 0.3465656, 24.36858, 79.10173
-11.38423, 2.383102, 0.3343787, 18.9898, 81.73238
-11.31148, 2.422191, 0.3567244, 25.28633, 78.84731
-11.36281, 2.359953, 0.3170033, 20.16323, 83.42108
-11.34554, 2.599187, 0.3500004, 22.44835, 65.02434
-11.34554, 2.599187, 0.3549043, 22.5866, 65.06882
-11.34554, 2.599187, 0.3481118, 22.39503, 65.0072
-11.34554, 2.599187, 0.3680626, 22.95679, 65.1879
-11.34554, 2.599187, 0.3815503, 23.33496, 65.30952
-11.34554, 2.590861, 0.3500004, 22.44835, 65.67233
-11.34554, 2.60292, 0.3555709, 22.6054, 64.78459
-11.34554, 2.599403, 0.3554566, 22.60218, 65.05705
-11.34554, 2.602266, 0.3446412, 22.297, 64.73589
-11.34554, 2.594612, 0.3806076, 23.30855, 65.65572
-11.34554, 2.598713, 0.3500004, 22.44835, 65.06123
-11.34554, 2.581991, 0.3431195, 22.25401, 66.30124
-11.34554, 2.603747, 0.3448872, 22.30398, 64.62282
-11.34554, 2.597591, 0.3601864, 22.73538, 65.24074
-11.34554, 2.607867, 0.3576587, 22.66421, 64.41895
-11.34554, 2.574394, 0.3500004, 22.44835, 66.95377
-11.34554, 2.587397, 0.3506334, 22.46621, 65.94756
-11.34554, 2.591818, 0.3471431, 22.36768, 65.5721
-11.34554, 2.583449, 0.3561256, 22.62102, 66.30367
-11.34554, 2.598617, 0.3490575, 22.42172, 65.06017
-11.34554, 2.591519, 0.3500004, 22.44835, 65.62108
-11.34554, 2.622993, 0.3444893, 22.29273, 63.12041
-11.34554, 2.601907, 0.3560065, 22.61767, 64.86731
-11.34554, 2.589261, 0.3476591, 22.38226, 65.77577
-11.34554, 2.567738, 0.3196566, 21.58875, 67.20491
-11.34675, 2.599187, 0.3500004, 22.35423, 65.02434
-11.33694, 2.599187, 0.3543622, 23.24003, 65.06392
-11.34695, 2.599187, 0.3663103, 22.79792, 65.17206
-11.35368, 2.599187, 0.3742869, 22.4996, 65.24408
-11.34454, 2.599187, 0.347418, 22.45306, 65.00092
-11.33818, 2.589814, 0.3500004, 23.02075, 65.75378
-11.3508, 2.606504, 0.3449669, 21.89628, 64.40891
-11.34987, 2.591402, 0.3453943, 21.98101, 65.58876
-11.34389, 2.607794, 0.3397757, 22.28786, 64.26071
-11.35358, 2.602814, 0.3432498, 21.63129, 64.6805
-11.35548, 2.609388, 0.3500004, 21.67471, 64.2305
-11.35434, 2.609497, 0.3573014, 21.96987, 64.28903
-11.34936, 2.591369, 0.356771, 22.34179, 65.69362
-11.34869, 2.597408, 0.3266015, 21.53975, 64.95026
-11.3502, 2.610823, 0.3308517, 21.54306, 63.94237
-11.33987, 2.574416, 0.3500004, 22.88966, 66.95209
-11.33935, 2.596387, 0.3484932, 22.88735, 65.22859
-11.34786, 2.583507, 0.3610563, 22.57919, 66.34302
-11.34917, 2.590719, 0.331611, 21.64528, 65.51764
-11.3484, 2.621651, 0.3837307, 23.17411, 63.58859
-11.34045, 2.632881, 0.3500004, 22.84465, 62.40224
-11.34829, 2.56075, 0.3498072, 22.2289, 68.01393
-11.33636, 2.612437, 0.3656636, 23.60215, 64.13715
-11.3392, 2.628559, 0.3470642, 22.8591, 62.71111
-11.34395, 2.570133, 0.3187308, 21.68637, 67.00966
-11.3294, 2.599187, 0.3500004, 23.70389, 65.02434
-11.3586, 2.599187, 0.3561932, 21.60746, 65.08051
-11.33852, 2.599187, 0.334011, 22.5434, 64.87892
-11.3419, 2.599187, 0.3466167, 22.63644, 64.99362
-11.33141, 2.599187, 0.3307995, 23.00716, 64.84966
-11.33121, 2.607678, 0.3500004, 23.56318, 64.36357
-11.35266, 2.594711, 0.3597688, 22.17055, 65.46083
-11.33305, 2.594702, 0.3315171, 22.89999, 65.20604
-11.33074, 2.591915, 0.3323753, 23.10456, 65.43123
-11.33035, 2.597624, 0.385578, 24.62447, 65.46687
-11.34979, 2.590245, 0.3500004, 22.11769, 65.72025
-11.33332, 2.596575, 0.3544236, 23.5236, 65.26765
-11.3569, 2.599337, 0.3573842, 21.77291, 65.07962
-11.34531, 2.612748, 0.3753882, 23.18004, 64.20212
-11.35441, 2.596256, 0.3231784, 20.99638, 65.00893
-11.35348, 2.613021, 0.3500004, 21.83056, 63.94777
-11.33882, 2.609777, 0.3422113, 22.75163, 64.12865
-11.34642, 2.593842, 0.3315522, 21.85786, 65.2735
-11.34758, 2.617477, 0.3677832, 22.79019, 63.7653
-11.33006, 2.587846, 0.3570591, 23.85106, 65.97011
-11.35797, 2.637313, 0.3500004, 21.48122, 62.05739
-11.32932, 2.578077, 0.3456279, 23.58769, 66.62842
-11.32763, 2.617219, 0.3455148, 23.71616, 63.57956
-11.35731, 2.588538, 0.3595396, 21.80201, 65.93851
-11.32913, 2.591491, 0.3879566, 24.78453, 65.96315
-11.36994, 2.599187, 0.3500004, 20.54907, 65.02434
-11.36118, 2.599187, 0.3503271, 21.24054, 65.02731
-11.33523, 2.599187, 0.3597947, 23.52552, 65.11313
-11.34035, 2.599187, 0.3498527, 22.84797, 65.02301
-11.3206, 2.599187, 0.3417818, 24.15938, 64.94968
-11.35887, 2.600959, 0.3500004, 21.41087, 64.88647
-11.36055, 2.605958, 0.353142, 21.3695, 64.5262
-11.31897, 2.589282, 0.3682603, 25.02502, 65.95871
-11.31788, 2.594914, 0.3570005, 24.79597, 65.42009
-11.36526, 2.598495, 0.3550566, 21.05736, 65.12407
-11.31862, 2.586281, 0.3500004, 24.54307, 66.02875
-11.35423, 2.613814, 0.3503241, 21.78088, 63.88907
-11.36612, 2.593565, 0.3676199, 21.34674, 65.62044
-11.35507, 2.58481, 0.3255896, 21.01314, 65.92445
-11.36003, 2.580726, 0.318823, 20.43242, 66.18277
-11.31616, 2.607959, 0.3500004, 24.73502, 64.34175
-11.3234, 2.592076, 0.3591268, 24.42657, 65.65981
-11.3559, 2.611041, 0.3363011, 21.25321, 63.97568
-11.36838, 2.593389, 0.3724105, 21.30655, 65.67712
-11.33866, 2.623961, 0.3278275, 22.35815, 62.88905
-11.31604, 2.600806, 0.3500004, 24.74404, 64.89836
-11.33392, 2.632132, 0.3504885, 23.36647, 62.46516
-11.3542, 2.586716, 0.3412406, 21.52641, 65.91637
-11.35732, 2.613782, 0.3533171, 21.62581, 63.91919
-11.32196, 2.56969, 0.3306862, 23.74178, 67.1499
-11.35269, 2.599187, 0.3500004, 21.89185, 65.02434
-11.34941, 2.599187, 0.34654, 22.0493, 64.99294
-11.3686, 2.599187, 0.3337615, 20.19061, 64.87668
-11.37225, 2.599187, 0.3212935, 19.54881, 64.76283
-11.33572, 2.599187, 0.3492052, 23.19039, 65.01714
-11.31522, 2.59852, 0.3500004, 24.80751, 65.07629
-11.37368, 2.604414, 0.3566191, 20.4468, 64.67792
-11.35135, 2.59621, 0.3471043, 21.91459, 65.22983
-11.32603, 2.592317, 0.3741027, 24.64003, 65.77538
-11.33816, 2.596244, 0.3222758, 22.23965, 65.00165
-11.35339, 2.587528, 0.3500004, 21.8371, 65.93172
-11.33888, 2.60362, 0.3504673, 22.97975, 64.68361
-11.32697, 2.591173, 0.3694636, 24.43787, 65.82266
-11.34334, 2.617149, 0.3230914, 21.85781, 63.3766
-11.3672, 2.585441, 0.3743302, 21.45221, 66.31084
-11.37939, 2.625481, 0.3500004, 19.81392, 62.97812
-11.35306, 2.600438, 0.357818, 22.08425, 64.99799
-11.34318, 2.590966, 0.3658451, 23.07796, 65.80638
-11.37937, 2.599939, 0.3202628, 18.96284, 64.69467
-11.37751, 2.582192, 0.3169029, 19.01167, 66.05096
-11.34699, 2.595827, 0.3500004, 22.33529, 65.28583
-11.38329, 2.585328, 0.3558011, 19.67653, 66.15469
-11.38413, 2.570691, 0.3549763, 19.58711, 67.28571
-11.3323, 2.637407, 0.3505908, 23.49479, 62.05566
-11.30617, 2.56592, 0.3231952, 24.76373, 67.37814
-11.34554, 2.809187, 0.3500004, 22.44835, 48.68193
-11.34554, 2.809187, 0.3480667, 22.39376, 48.66028
-11.34554, 2.809187, 0.3627144, 22.80649, 48.82404
-11.34554, 2.809187, 0.3715062, 23.05346, 48.92204
-11.34554, 2.809187, 0.3589961, 22.70186, 48.78252
-11.34554, 2.809664, 0.3500004, 22.44835, 48.64484
-11.34554, 2.817661, 0.356306, 22.62613, 48.09357
-11.34554, 2.804068, 0.3682049, 22.9608, 49.28273
-11.34554, 2.804506, 0.360154, 22.73447, 49.15926
-11.34554, 2.812126, 0.3334387, 21.98002, 48.26689
-11.34554, 2.799513, 0.3500004, 22.44835, 49.43477
-11.34554, 2.803827, 0.3407997, 22.18841, 48.99643
-11.34554, 2.796813, 0.3664143, 22.9105, 49.82623
-11.34554, 2.819487, 0.3510934, 22.47916, 47.89276
-11.34554, 2.81084, 0.3830116, 23.37582, 48.92186
-11.34554, 2.802331, 0.3500004, 22.44835, 49.21547
-11.34554, 2.782185, 0.3448503, 22.3029, 50.72696
-11.34554, 2.824443, 0.3580626, 22.67558, 47.58609
-11.34554, 2.836625, 0.370977, 23.03863, 46.78671
-11.34554, 2.813943, 0.3126701, 21.38987, 47.89005
-11.34554, 2.804565, 0.3500004, 22.44835, 49.04161
-11.34554, 2.770138, 0.3536728, 22.55191, 51.76045
-11.34554, 2.809328, 0.3444705, 22.29218, 48.60901
-11.34554, 2.770744, 0.3282909, 21.83404, 51.43832
-11.34554, 2.848843, 0.3800454, 23.29282, 45.94293
-11.33559, 2.809187, 0.3500004, 23.22256, 48.68193
-11.34901, 2.809187, 0.3425328, 21.96671, 48.59825
-11.33687, 2.809187, 0.3636437, 23.50621, 48.8344
-11.34873, 2.809187, 0.3491053, 22.17444, 48.67192
-11.35434, 2.809187, 0.3842325, 22.72804, 49.06349
-11.34258, 2.818496, 0.3500004, 22.67828, 47.95755
-11.33783, 2.818613, 0.3505215, 23.06325, 47.95428
-11.34239, 2.815121, 0.341843, 22.46362, 48.12827
-11.34474, 2.816262, 0.3655024, 22.94672, 48.30568
-11.33842, 2.814234, 0.3854805, 23.99606, 48.68637
-11.35539, 2.812255, 0.3500004, 21.68183, 48.44321
-11.35165, 2.819678, 0.3519673, 22.02837, 47.88776
-11.33931, 2.793161, 0.335629, 22.52798, 49.77022
-11.3554, 2.817674, 0.3796861, 22.51844, 48.35507
-11.33721, 2.806567, 0.3332947, 22.62539, 48.69884
-11.34511, 2.783943, 0.3500004, 22.48195, 50.64647
-11.34491, 2.779386, 0.3449841, 22.35542, 50.94641
-11.35262, 2.781084, 0.3332613, 21.4228, 50.68591
-11.35209, 2.824109, 0.3523545, 22.00531, 47.54742
-11.33844, 2.818805, 0.3696639, 23.55293, 48.15494
-11.3409, 2.81958, 0.3500004, 22.80956, 47.87318
-11.33842, 2.835751, 0.3533269, 23.09591, 46.65286
-11.34641, 2.841309, 0.3655557, 22.8186, 46.36105
-11.3537, 2.813706, 0.3617176, 22.14407, 48.46178
-11.34894, 2.811585, 0.3120967, 21.10783, 48.06795
-11.343, 2.809187, 0.3500004, 22.64587, 48.68193
-11.34486, 2.809187, 0.3407473, 22.24008, 48.57823
-11.36143, 2.809187, 0.353101, 21.29939, 48.71663
-11.36036, 2.809187, 0.3623743, 21.64517, 48.82024
-11.33181, 2.809187, 0.3811285, 24.38736, 49.02904
-11.34002, 2.818925, 0.3500004, 22.8779, 47.92413
-11.32775, 2.811522, 0.3483969, 23.78812, 48.48225
-11.34566, 2.817145, 0.3386238, 22.11735, 47.93419
-11.35219, 2.809613, 0.329898, 21.3603, 48.42307
-11.3266, 2.802057, 0.3195425, 23.06557, 48.89667
-11.36185, 2.790622, 0.3500004, 21.17937, 50.12672
-11.35097, 2.807515, 0.3585914, 22.26799, 48.90797
-11.35272, 2.790696, 0.368408, 22.40898, 50.3231
-11.34831, 2.810792, 0.3355627, 21.82444, 48.3949
-11.35547, 2.828696, 0.3139576, 20.65025, 46.75116
-11.32821, 2.780957, 0.3500004, 23.79676, 50.87889
-11.34412, 2.80329, 0.3478169, 22.49741, 49.11655
-11.3271, 2.80561, 0.3392722, 23.58228, 48.84042
-11.3311, 2.786993, 0.3481607, 23.5206, 50.38892
-11.32642, 2.809339, 0.3723329, 24.56061, 48.91943
-11.34449, 2.790762, 0.3500004, 22.52962, 50.11581
-11.33751, 2.802515, 0.3474884, 23.00277, 49.17323
-11.35959, 2.804838, 0.3475449, 21.28528, 48.99301
-11.35991, 2.838644, 0.3492515, 21.30894, 46.38101
-11.34946, 2.799261, 0.3319017, 21.63084, 49.25308
-11.32805, 2.809187, 0.3500004, 23.80916, 48.68193
-11.37335, 2.809187, 0.3483488, 20.23659, 48.66344
-11.37105, 2.809187, 0.3344049, 20.01776, 48.50699
-11.32398, 2.809187, 0.3601597, 24.41029, 48.79552
-11.35663, 2.809187, 0.3190692, 20.70565, 48.33426
-11.3689, 2.801208, 0.3500004, 20.63011, 49.30286
-11.36896, 2.810518, 0.3521687, 20.68751, 48.60268
-11.36594, 2.816944, 0.3317482, 20.34076, 47.87206
-11.37072, 2.811902, 0.3280639, 19.86217, 48.22379
-11.37542, 2.806176, 0.3618165, 20.4591, 49.04797
-11.3608, 2.792053, 0.3500004, 21.26035, 50.01535
-11.34603, 2.809587, 0.3547065, 22.54276, 48.70349
-11.33342, 2.802535, 0.362021, 23.72871, 49.33316
-11.34067, 2.812652, 0.33269, 22.33837, 48.21748
-11.33062, 2.820377, 0.3750229, 24.30967, 48.09317
-11.33064, 2.80052, 0.3500004, 23.60753, 49.35643
-11.35038, 2.82754, 0.3591605, 22.32994, 47.35785
-11.3339, 2.834142, 0.35398, 23.46582, 46.78549
-11.32678, 2.826089, 0.3351559, 23.49127, 47.1976
-11.31825, 2.811976, 0.3424413, 24.36037, 48.37994
-11.35917, 2.825504, 0.3500004, 21.38741, 47.41214
-11.33112, 2.827229, 0.3547232, 23.70282, 47.33165
-11.32275, 2.81759, 0.362513, 24.57118, 48.16891
-11.31872, 2.794044, 0.3444819, 24.38125, 49.79936
-11.33049, 2.809284, 0.3240584, 22.88924, 48.38295
-11.32541, 2.809187, 0.3500004, 24.01488, 48.68193
-11.33685, 2.809187, 0.358826, 23.37263, 48.78064
-11.33799, 2.809187, 0.3538856, 23.14546, 48.72542
-11.30623, 2.809187, 0.322655, 24.74383, 48.37471
-11.31672, 2.809187, 0.3588007, 24.93692, 48.78036
-11.31452, 2.802665, 0.3500004, 24.86226, 49.18954
-11.36468, 2.813584, 0.3403071, 20.68324, 48.23067
-11.37282, 2.799443, 0.3443187, 20.16293, 49.37714
-11.32094, 2.801073, 0.3527222, 24.43866, 49.34366
-11.38229, 2.817022, 0.3325249, 19.08763, 47.87473
-11.32565, 2.821515, 0.3500004, 23.99583, 47.72258
-11.36066, 2.817825, 0.3573825, 21.48075, 48.09299
-11.36957, 2.823889, 0.3511144, 20.60961, 47.55048
-11.33326, 2.815963, 0.3453684, 23.27385, 48.10248
-11.35717, 2.797016, 0.3292757, 20.9541, 49.39905
-11.35059, 2.825471, 0.3500004, 22.05536, 47.41472
-11.35885, 2.827511, 0.3415783, 21.17332, 47.16002
-11.35807, 2.795825, 0.3346193, 21.0363, 49.55128
-11.35321, 2.828193, 0.3393506, 21.54954, 47.08142
-11.37531, 2.834605, 0.3775224, 20.91391, 47.01793
-11.33616, 2.820427, 0.3500004, 23.17821, 47.80727
-11.35522, 2.847604, 0.3592428, 21.95671, 45.79927
-11.34308, 2.795568, 0.3671665, 23.1228, 49.93121
-11.36814, 2.831171, 0.3718038, 21.30787, 47.21938
-11.36717, 2.777752, 0.3556963, 20.92701, 51.19017
