-1.588971, 0.02, 0.3500004, 15.1774, 265.7393
-1.588971, 0.02, 0.3466685, 15.08019, 265.7958
-1.588971, 0.02, 0.3330808, 14.68294, 266.0269
-1.588971, 0.02, 0.3337486, 14.7025, 266.0155
-1.588971, 0.02, 0.3345696, 14.72651, 266.0015
-1.588971, 0.02038482, 0.3500004, 15.1774, 265.7094
-1.588971, 0.02250841, 0.3400621, 14.88723, 265.7126
-1.588971, 0.01351684, 0.3550269, 15.32387, 266.1583
-1.588971, 0.01005639, 0.3278809, 14.53052, 266.8915
-1.588971, 0.01433721, 0.3523652, 15.24631, 266.1398
-1.588971, 0.01347732, 0.3500004, 15.1774, 266.2469
-1.588971, 0.02947619, 0.3447949, 15.02549, 265.0897
-1.588971, 0.02780654, 0.3663388, 15.65281, 264.8566
-1.588971, 0.03944311, 0.3793819, 16.0309, 263.7356
-1.588971, 0.03298592, 0.3594032, 15.45124, 264.5707
-1.588971, 0.0396453, 0.3500004, 15.1774, 264.2105
-1.588971, 0.04287747, 0.3444754, 15.01616, 264.0514
-1.588971, 0.02625378, 0.3553808, 15.33418, 265.1618
-1.588971, 0.010571, 0.3572343, 15.38814, 266.3498
-1.588971, -0.001476258, 0.3671823, 15.67729, 267.1162
-1.588971, 0.03178924, 0.3500004, 15.1774, 264.8218
-1.588971, 0.03315022, 0.3430579, 14.97477, 264.8329
-1.588971, -0.0008571744, 0.3425095, 14.95874, 267.4911
-1.588971, 0.01605794, 0.3529101, 15.2622, 265.9966
-1.588971, -0.01263399, 0.3281163, 14.53744, 268.6583
-1.58703, 0.02, 0.3500004, 15.32846, 265.7393
-1.597179, 0.02, 0.3412194, 14.28157, 265.8884
-1.59213, 0.02, 0.3507864, 14.95451, 265.726
-1.595358, 0.02, 0.321207, 13.83576, 266.2294
-1.596611, 0.02, 0.3575038, 14.80197, 265.6122
-1.583061, 0.01577264, 0.3500004, 15.63729, 266.0683
-1.579615, 0.02911221, 0.3463575, 15.79951, 265.0916
-1.585797, 0.02527567, 0.3410815, 15.16427, 265.4797
-1.59187, 0.02463162, 0.332589, 14.44239, 265.674
-1.597487, 0.01413198, 0.3173271, 13.55507, 266.7543
-1.592985, 0.0193734, 0.3500004, 14.86505, 265.7881
-1.597222, 0.03685249, 0.3465365, 14.43396, 264.486
-1.592678, 0.03388219, 0.3619006, 15.23583, 264.4592
-1.596475, 0.01584964, 0.3793357, 15.44781, 265.5655
-1.589178, 0.02560447, 0.3513049, 15.19928, 265.2811
-1.584984, 0.02193918, 0.3500004, 15.48766, 265.5884
-1.583531, 0.03981277, 0.3566833, 15.79504, 264.0856
-1.5984, 0.04546472, 0.339552, 14.13753, 263.9323
-1.59276, 0.008082708, 0.3557387, 15.0499, 266.5688
-1.590682, 0.01762855, 0.3730032, 15.7134, 265.5344
-1.580878, 0.01942129, 0.3500004, 15.80718, 265.7843
-1.594348, -0.001461606, 0.3561195, 14.93759, 267.3044
-1.595084, 0.04453328, 0.3529772, 14.7886, 263.7804
-1.594408, -0.009229891, 0.3547465, 14.89281, 267.9322
-1.598606, 0.04872733, 0.3478157, 14.36367, 263.5401
-1.604139, 0.02, 0.3500004, 13.997, 265.7393
-1.585272, 0.02, 0.3451247, 15.32315, 265.8221
-1.586938, 0.02, 0.3585227, 15.58365, 265.5949
-1.574702, 0.02, 0.378356, 17.10756, 265.2603
-1.58712, 0.02, 0.3407052, 15.05024, 265.8971
-1.57791, 0.01055589, 0.3500004, 16.03814, 266.4742
-1.577412, 0.01642667, 0.3432652, 15.88114, 266.1319
-1.58181, 0.01249137, 0.3388325, 15.40931, 266.5141
-1.591581, 0.02390919, 0.3409123, 14.7087, 265.589
-1.57321, 0.02927179, 0.3160613, 15.41533, 265.5926
-1.602338, 0.03028946, 0.3500004, 14.13713, 264.9386
-1.595254, 0.0391353, 0.3462982, 14.58019, 264.3123
-1.586487, 0.02677762, 0.3567807, 15.56801, 265.0974
-1.581467, 0.01128647, 0.3589861, 16.02236, 266.2644
-1.602045, 0.03482024, 0.3613765, 14.49267, 264.3951
-1.591842, 0.01103816, 0.3500004, 14.95392, 266.4367
-1.572372, 0.03334828, 0.3413359, 16.21762, 264.8464
-1.608455, 0.01914904, 0.3411969, 13.40236, 265.955
-1.601948, -0.007834008, 0.3473098, 14.08869, 267.9518
-1.597803, -0.0005753282, 0.3466031, 14.39066, 267.3988
-1.587113, -0.01622064, 0.3500004, 15.32195, 268.558
-1.580454, 0.02115594, 0.3568871, 16.04023, 265.5328
-1.591348, 0.04154947, 0.3618524, 15.33774, 263.8642
-1.591414, 0.02597583, 0.3547463, 15.12566, 265.1941
-1.587978, 0.02727517, 0.3684666, 15.79167, 264.8621
-1.572977, 0.02, 0.3500004, 16.42206, 265.7393
-1.583916, 0.02, 0.3419162, 15.33521, 265.8766
-1.584693, 0.02, 0.3445296, 15.35089, 265.8322
-1.60844, 0.02, 0.3546315, 13.79813, 265.6608
-1.567095, 0.02, 0.3571617, 17.08685, 265.618
-1.61779, 0.02960059, 0.3500004, 12.9347, 264.9922
-1.609493, 0.016466, 0.3588321, 13.83943, 265.8644
-1.576333, 0.02434289, 0.3572347, 16.37067, 265.2791
-1.617004, 0.02613759, 0.3411117, 12.73378, 265.412
-1.581913, 0.02025689, 0.3184717, 14.80574, 266.2561
-1.573488, 0.02019659, 0.3500004, 16.38233, 265.724
-1.595586, 0.03758241, 0.3524702, 14.73477, 264.3296
-1.59976, 0.0007644035, 0.350738, 14.35936, 267.2236
-1.604886, 0.01113375, 0.3420199, 13.70461, 266.5655
-1.5941, 0.03656264, 0.3550945, 14.92697, 264.3649
-1.585826, -0.004087737, 0.3500004, 15.42216, 267.6138
-1.564323, 0.02009014, 0.3471585, 17.01333, 265.7805
-1.573652, -0.005204622, 0.3343858, 15.91573, 267.9701
-1.56221, -0.004337817, 0.3599479, 17.54698, 267.4624
-1.563157, 0.021262, 0.3649696, 17.61802, 265.3879
-1.595833, 0.02296511, 0.3500004, 14.64339, 265.5085
-1.58053, -0.0174486, 0.3425795, 15.61828, 268.7823
-1.563869, 0.006656781, 0.3457652, 17.00838, 266.8501
-1.606173, -0.01950766, 0.3650534, 14.27944, 268.5531
-1.584103, 0.02694422, 0.3376701, 15.1967, 265.4074
-1.553037, 0.02, 0.3500004, 17.9738, 265.7393
-1.616252, 0.02, 0.3555746, 13.2183, 265.6449
-1.559779, 0.02, 0.3680243, 17.96817, 265.4344
-1.626579, 0.02, 0.3518543, 12.30542, 265.7079
-1.567125, 0.02, 0.3436273, 16.6929, 265.8475
-1.608227, 0.01735852, 0.3500004, 13.67887, 265.9449
-1.560553, 0.01970129, 0.3442803, 17.22363, 265.8596
-1.599792, 0.01997146, 0.3615943, 14.67416, 265.5452
-1.55924, 0.02251852, 0.3490188, 17.4627, 265.5599
-1.583709, 0.01266867, 0.3265103, 14.90107, 266.7111
-1.62477, 0.03867964, 0.3500004, 12.39151, 264.2856
-1.557052, 0.01131686, 0.3595883, 17.93748, 266.2518
-1.574635, 0.004495807, 0.3370245, 15.91588, 267.1683
-1.57143, 0.002062958, 0.3256908, 15.83566, 267.5531
-1.61759, 0.006092802, 0.3340549, 12.4797, 267.0948
-1.620587, 0.005871396, 0.3500004, 12.71703, 266.8388
-1.571292, 0.04479393, 0.3413946, 16.30345, 263.9538
-1.5935, 0.000634769, 0.354771, 14.96418, 267.1646
-1.581037, 0.003668061, 0.3408853, 15.52946, 267.1665
-1.607954, 0.04572301, 0.3650805, 14.14189, 263.4862
-1.58508, 0.01346052, 0.3500004, 15.48022, 266.2482
-1.610632, 0.020161, 0.3451191, 13.34816, 265.8096
-1.624234, 0.05555035, 0.3558995, 12.60714, 262.8749
-1.612864, 0.04287902, 0.371794, 13.95696, 263.5953
-1.555864, 0.007574034, 0.3567291, 17.94761, 266.5915
-1.588971, 0.185, 0.3500004, 15.1774, 252.8988
-1.588971, 0.185, 0.3485564, 15.13527, 252.9209
-1.588971, 0.185, 0.3554399, 15.33588, 252.8157
-1.588971, 0.185, 0.3209988, 14.3285, 253.344
-1.588971, 0.185, 0.3786147, 16.00868, 252.4629
-1.588971, 0.1810009, 0.3500004, 15.1774, 253.2101
-1.588971, 0.1773663, 0.3490045, 15.14833, 253.5082
-1.588971, 0.1857103, 0.3522341, 15.24251, 252.8094
-1.588971, 0.1835075, 0.3710834, 15.79049, 252.6931
-1.588971, 0.1919294, 0.3843201, 16.17371, 251.8395
-1.588971, 0.1824048, 0.3500004, 15.1774, 253.1008
-1.588971, 0.1700177, 0.3443761, 15.01328, 254.1517
-1.588971, 0.1705325, 0.3607393, 15.49008, 253.8592
-1.588971, 0.1729813, 0.3776608, 15.98107, 253.4093
-1.588971, 0.1887956, 0.3431065, 14.97618, 252.7087
-1.588971, 0.209418, 0.3500004, 15.1774, 250.9986
-1.588971, 0.1612059, 0.3455063, 15.04626, 254.8204
-1.588971, 0.2053414, 0.364226, 15.59144, 251.1016
-1.588971, 0.1994001, 0.3284251, 14.54648, 252.1059
-1.588971, 0.1862441, 0.3232977, 14.39602, 253.2114
-1.588971, 0.1636228, 0.3500004, 15.1774, 254.5624
-1.588971, 0.1500555, 0.3407811, 14.90823, 255.7627
-1.588971, 0.1615771, 0.3405833, 14.90244, 254.868
-1.588971, 0.2048703, 0.3385316, 14.84246, 251.5258
-1.588971, 0.1499489, 0.3742302, 15.88171, 255.2487
-1.58362, 0.185, 0.3500004, 15.59382, 252.8988
-1.592395, 0.185, 0.3487504, 14.87443, 252.9179
-1.584022, 0.185, 0.3539431, 15.67722, 252.8386
-1.594719, 0.185, 0.3766498, 15.50603, 252.4927
-1.593507, 0.185, 0.3768989, 15.60727, 252.489
-1.583041, 0.1768111, 0.3500004, 15.63888, 253.5361
-1.590883, 0.1870276, 0.3492458, 15.00659, 252.7526
-1.585149, 0.1823177, 0.3433079, 15.27979, 253.2102
-1.591496, 0.1914635, 0.3391773, 14.66456, 252.5609
-1.585274, 0.1942027, 0.3641303, 15.87587, 251.9683
-1.585809, 0.1775356, 0.3500004, 15.42343, 253.4797
-1.589018, 0.1806394, 0.3580707, 15.40881, 253.1145
-1.598509, 0.1938375, 0.3449579, 14.28749, 252.2878
-1.579343, 0.171351, 0.3472779, 15.84746, 254.003
-1.591365, 0.1992078, 0.3322161, 14.47091, 252.0632
-1.583895, 0.1905269, 0.3500004, 15.5724, 252.4687
-1.584846, 0.1880363, 0.3583024, 15.73985, 252.536
-1.587686, 0.1712877, 0.3570778, 15.4835, 253.8568
-1.583672, 0.1854047, 0.3745787, 16.30284, 252.4928
-1.593384, 0.1906518, 0.3195072, 13.93992, 252.9254
-1.593685, 0.1671706, 0.3500004, 14.81057, 254.2863
-1.585256, 0.215701, 0.3426982, 15.25364, 250.6192
-1.593967, 0.1637751, 0.3562494, 14.97099, 254.4538
-1.59172, 0.2213887, 0.3626066, 15.33082, 249.8792
-1.590246, 0.1838046, 0.314302, 14.03187, 253.5407
-1.601703, 0.185, 0.3500004, 14.18655, 252.8988
-1.602074, 0.185, 0.3429898, 13.95212, 253.0061
-1.604904, 0.185, 0.3449294, 13.78869, 252.9764
-1.596339, 0.185, 0.3256121, 13.88875, 253.273
-1.580981, 0.185, 0.3199401, 14.92159, 253.3603
-1.59098, 0.1898784, 0.3500004, 15.02107, 252.5192
-1.602404, 0.1885649, 0.3466791, 14.03469, 252.6721
-1.571248, 0.1871877, 0.3568387, 16.75458, 252.6243
-1.588717, 0.1940495, 0.3570772, 15.40329, 252.0871
-1.570735, 0.1874702, 0.3611877, 16.92023, 252.5361
-1.597363, 0.1848747, 0.3500004, 14.52434, 252.9086
-1.595691, 0.1755163, 0.3494346, 14.63788, 253.6456
-1.588161, 0.172555, 0.3558963, 15.41217, 253.7765
-1.589778, 0.1909313, 0.3651561, 15.5558, 252.2069
-1.602614, 0.1744366, 0.3258693, 13.40647, 254.0936
-1.607594, 0.1631044, 0.3500004, 13.72815, 254.6028
-1.598336, 0.2006634, 0.347723, 14.38198, 251.7144
-1.598405, 0.2086703, 0.3643572, 14.86244, 250.8411
-1.606939, 0.167011, 0.3796456, 14.64562, 253.8418
-1.596556, 0.2143095, 0.3867612, 15.65679, 250.0693
-1.585063, 0.2208988, 0.3500004, 15.48148, 250.1052
-1.60864, 0.2048762, 0.3530532, 13.73636, 251.306
-1.60618, 0.1495277, 0.3435325, 13.6483, 255.7606
-1.590618, 0.2120858, 0.3467776, 14.95512, 250.8394
-1.597147, 0.1594859, 0.3400064, 14.24844, 255.04
-1.591057, 0.185, 0.3500004, 15.01505, 252.8988
-1.57729, 0.185, 0.3418576, 15.84968, 253.0235
-1.606343, 0.185, 0.3471152, 13.74082, 252.943
-1.57665, 0.185, 0.3366149, 15.74688, 253.1039
-1.60428, 0.185, 0.3872319, 15.07224, 252.3322
-1.56329, 0.1841656, 0.3500004, 17.17595, 252.9638
-1.608111, 0.1853803, 0.3531119, 13.77922, 252.8217
-1.56923, 0.1896501, 0.3592031, 16.97981, 252.3969
-1.609557, 0.1778063, 0.3302767, 12.99465, 253.7625
-1.596478, 0.1944555, 0.3172913, 13.63283, 252.6622
-1.577044, 0.1703482, 0.3500004, 16.10556, 254.0391
-1.575962, 0.1842343, 0.3479878, 16.13133, 252.9892
-1.569993, 0.1968974, 0.3641306, 17.06284, 251.759
-1.562357, 0.2005895, 0.3377661, 16.89448, 251.8711
-1.576575, 0.185101, 0.3455077, 16.01156, 252.9597
-1.596315, 0.1765928, 0.3500004, 14.60592, 253.5531
-1.572, 0.1781184, 0.3569788, 16.70021, 253.3273
-1.586751, 0.214905, 0.3578593, 15.5789, 250.4539
-1.559353, 0.2023916, 0.3651776, 17.91945, 251.3164
-1.590471, 0.183907, 0.3703136, 15.65176, 252.6739
-1.574061, 0.1528205, 0.3500004, 16.33772, 255.4031
-1.613582, 0.1490116, 0.3459479, 13.1429, 255.763
-1.574746, 0.1683222, 0.3494539, 16.26855, 254.2052
-1.568928, 0.2138757, 0.3201944, 15.87067, 251.1005
-1.567515, 0.1526637, 0.3506655, 16.86637, 255.4049
-1.620193, 0.185, 0.3500004, 12.74766, 252.8988
-1.557302, 0.185, 0.3425425, 17.42663, 253.013
-1.624323, 0.185, 0.3324474, 11.90692, 253.1679
-1.552731, 0.185, 0.3569969, 18.19891, 252.7919
-1.628845, 0.185, 0.3784525, 12.91233, 252.4654
-1.558666, 0.1867636, 0.3500004, 17.53575, 252.7616
-1.628574, 0.1939244, 0.3562523, 12.28013, 252.1094
-1.558901, 0.1763249, 0.355064, 17.66344, 253.4961
-1.558592, 0.1912522, 0.3293492, 16.94408, 252.7276
-1.581824, 0.1796297, 0.366953, 16.22562, 253.0572
-1.621163, 0.1745921, 0.3500004, 12.67217, 253.7088
-1.601603, 0.1891527, 0.3583013, 14.43719, 252.4492
-1.59581, 0.1916579, 0.3692508, 15.20641, 252.0884
-1.58196, 0.1862807, 0.3396643, 15.42193, 252.9573
-1.590118, 0.1732498, 0.3811263, 15.99243, 253.3355
-1.628881, 0.1750087, 0.3500004, 12.07154, 253.6764
-1.608264, 0.1979573, 0.3540471, 13.79475, 251.8292
-1.624643, 0.1690924, 0.3582371, 12.64423, 254.0096
-1.579191, 0.19396, 0.3518636, 15.99256, 252.1732
-1.574054, 0.2099639, 0.3248817, 15.60717, 251.3351
-1.582814, 0.1574171, 0.3500004, 15.65652, 255.0454
-1.582871, 0.1575784, 0.344381, 15.48845, 255.1204
-1.566766, 0.1920223, 0.3392922, 16.59513, 252.5156
-1.608293, 0.189765, 0.3663667, 14.15317, 252.2791
-1.572635, 0.166464, 0.3727775, 17.10713, 253.9898
-1.512105, 1.204594, 0.3500004, 21.15915, 173.553
-1.512105, 1.204594, 0.3459825, 21.04506, 173.5731
-1.512105, 1.204594, 0.3487591, 21.12391, 173.5592
-1.512105, 1.204594, 0.3307673, 20.61185, 173.6494
-1.512105, 1.204594, 0.3269819, 20.50385, 173.6685
-1.512105, 1.203447, 0.3500004, 21.15915, 173.6422
-1.512105, 1.197449, 0.359551, 21.42988, 174.0607
-1.512105, 1.203078, 0.334008, 20.70428, 173.7513
-1.512105, 1.21323, 0.3650477, 21.58542, 172.8071
-1.512105, 1.201218, 0.3747032, 21.85807, 173.6918
-1.512105, 1.194465, 0.3500004, 21.15915, 174.3412
-1.512105, 1.197004, 0.3506007, 21.17618, 174.1407
-1.512105, 1.208122, 0.3312485, 20.62559, 173.3718
-1.512105, 1.224496, 0.3232685, 20.39775, 172.1329
-1.512105, 1.198623, 0.3486825, 21.12175, 174.0244
-1.512105, 1.175982, 0.3500004, 21.15915, 175.7796
-1.512105, 1.223097, 0.3469125, 21.07145, 172.128
-1.512105, 1.217754, 0.3360899, 20.76359, 172.5967
-1.512105, 1.199581, 0.3607318, 21.46332, 173.889
-1.512105, 1.188443, 0.3129134, 20.10138, 175.0023
-1.512105, 1.199361, 0.3500004, 21.15915, 173.9602
-1.512105, 1.236949, 0.3437293, 20.98101, 171.0645
-1.512105, 1.169453, 0.3529775, 21.2436, 176.2718
-1.512105, 1.221086, 0.3220207, 20.36207, 172.4053
-1.512105, 1.195398, 0.3677835, 21.66275, 174.1783
-1.518732, 1.204594, 0.3500004, 20.64344, 173.553
-1.513555, 1.204594, 0.3479969, 20.98938, 173.563
-1.519301, 1.204594, 0.3647009, 21.0167, 173.4797
-1.509887, 1.204594, 0.3372175, 20.96864, 173.6171
-1.511524, 1.204594, 0.3388902, 20.88866, 173.6087
-1.504959, 1.204033, 0.3500004, 21.71532, 173.5966
-1.503976, 1.196236, 0.3511468, 21.82424, 174.1976
-1.513916, 1.211838, 0.361606, 21.34734, 172.9322
-1.511434, 1.202479, 0.378015, 22.00351, 173.5774
-1.520581, 1.213857, 0.3291136, 19.90331, 172.9349
-1.519087, 1.2152, 0.3500004, 20.61582, 172.7276
-1.513764, 1.213943, 0.3457806, 20.91013, 172.8462
-1.512522, 1.2177, 0.3422659, 20.90691, 172.5707
-1.505098, 1.211028, 0.3558591, 21.87025, 173.0234
-1.507125, 1.219631, 0.3859237, 22.55981, 172.2095
-1.519059, 1.201236, 0.3500004, 20.61802, 173.8143
-1.512458, 1.180212, 0.3424215, 20.91634, 175.4903
-1.516784, 1.221713, 0.3628951, 21.16104, 172.1587
-1.507676, 1.183622, 0.3787249, 22.31482, 175.0359
-1.516003, 1.228197, 0.3678796, 21.36279, 171.6313
-1.506894, 1.191767, 0.3500004, 21.56467, 174.5512
-1.509327, 1.214596, 0.3533914, 21.47149, 172.7581
-1.512366, 1.222032, 0.3581435, 21.3698, 172.1567
-1.518857, 1.23516, 0.3432781, 20.44232, 171.2059
-1.50572, 1.186654, 0.3519794, 21.71209, 174.9389
-1.511884, 1.204594, 0.3500004, 21.17636, 173.553
-1.51461, 1.204594, 0.3494303, 20.94799, 173.5559
-1.520501, 1.204594, 0.3323755, 20.0029, 173.6414
-1.530791, 1.204594, 0.3280698, 19.07659, 173.663
-1.513431, 1.204594, 0.3552549, 21.20506, 173.5268
-1.510893, 1.209994, 0.3500004, 21.25347, 173.1328
-1.520566, 1.201231, 0.3555346, 20.65815, 173.7869
-1.502595, 1.209743, 0.3551542, 22.04494, 173.1268
-1.514733, 1.195922, 0.3578826, 21.17835, 174.1878
-1.519382, 1.199178, 0.3539249, 20.70452, 173.9547
-1.524452, 1.192814, 0.3500004, 20.19834, 174.4697
-1.511187, 1.206877, 0.3546982, 21.36385, 173.352
-1.507407, 1.200161, 0.3611656, 21.84071, 173.8418
-1.500603, 1.19681, 0.3320377, 21.54533, 174.2502
-1.50699, 1.21172, 0.316319, 20.59879, 173.1652
-1.511474, 1.225191, 0.3500004, 21.20831, 171.9501
-1.522586, 1.181864, 0.3543521, 20.46746, 175.2991
-1.493571, 1.222345, 0.3487046, 22.565, 172.1779
-1.497053, 1.228173, 0.3356237, 21.92386, 171.7866
-1.514215, 1.225029, 0.3226279, 20.21464, 172.0944
-1.518053, 1.224947, 0.3500004, 20.69633, 171.9691
-1.50009, 1.16944, 0.3405444, 21.82659, 176.3394
-1.499096, 1.21638, 0.3372829, 21.81164, 172.698
-1.511756, 1.225994, 0.3484194, 21.14146, 171.8952
-1.496111, 1.210818, 0.3240462, 21.66889, 173.1972
-1.500244, 1.204594, 0.3500004, 22.08225, 173.553
-1.487203, 1.204594, 0.3457836, 22.97836, 173.5741
-1.525023, 1.204594, 0.3642596, 20.55973, 173.4819
-1.531108, 1.204594, 0.3489903, 19.65142, 173.5581
-1.520931, 1.204594, 0.3619582, 20.81223, 173.4933
-1.487967, 1.201569, 0.3500004, 23.03761, 173.7884
-1.539833, 1.205761, 0.3532187, 19.09357, 173.4462
-1.488032, 1.207909, 0.3615534, 23.35719, 173.2377
-1.506231, 1.202254, 0.36012, 21.90253, 173.6843
-1.510306, 1.195562, 0.3803606, 22.15696, 174.1019
-1.508147, 1.216233, 0.3500004, 21.46724, 172.6472
-1.500356, 1.216944, 0.3469758, 21.98796, 172.6067
-1.484517, 1.210936, 0.3683053, 23.81933, 172.9693
-1.528481, 1.208124, 0.3491721, 19.86111, 173.2824
-1.517433, 1.191015, 0.356463, 20.92818, 174.5766
-1.534852, 1.197442, 0.3500004, 19.38898, 174.1096
-1.518382, 1.219216, 0.3525264, 20.74253, 172.4029
-1.508515, 1.21122, 0.3308976, 20.89567, 173.1319
-1.521425, 1.225918, 0.3661982, 20.89422, 171.8162
-1.514747, 1.184894, 0.3412121, 20.70362, 175.1318
-1.518621, 1.1797, 0.3500004, 20.65211, 175.4903
-1.491158, 1.236323, 0.3595595, 23.05827, 171.0392
-1.527406, 1.167775, 0.3450941, 19.82833, 176.4447
-1.489307, 1.16821, 0.3390509, 22.62464, 176.4433
-1.526543, 1.204786, 0.3252133, 19.32614, 173.6624
-1.473669, 1.204594, 0.3500004, 24.15034, 173.553
-1.474672, 1.204594, 0.3562353, 24.24674, 173.5219
-1.550797, 1.204594, 0.3436478, 17.96516, 173.5848
-1.523247, 1.204594, 0.3410112, 20.03559, 173.5981
-1.479662, 1.204594, 0.3334644, 23.21896, 173.6359
-1.501898, 1.213933, 0.3500004, 21.95353, 172.8262
-1.487148, 1.212322, 0.3413275, 22.85708, 172.9944
-1.488986, 1.212284, 0.3666267, 23.4254, 172.8729
-1.521064, 1.198456, 0.364718, 20.88025, 173.9563
-1.472479, 1.213133, 0.3389146, 23.93223, 172.943
-1.485275, 1.219537, 0.3500004, 23.2471, 172.3901
-1.501911, 1.216607, 0.3549526, 22.09245, 172.594
-1.520689, 1.222272, 0.3654363, 20.92976, 172.103
-1.501592, 1.201546, 0.3343947, 21.53511, 173.8689
-1.52469, 1.222102, 0.3736106, 20.85086, 172.077
-1.55049, 1.215495, 0.3500004, 18.17199, 172.7047
-1.476728, 1.186325, 0.3485113, 23.87046, 174.9824
-1.519929, 1.196472, 0.3683235, 21.07062, 174.0922
-1.478021, 1.227629, 0.3262296, 23.14301, 171.8741
-1.551262, 1.211095, 0.3427818, 17.90397, 173.0828
-1.543638, 1.199918, 0.3500004, 18.70522, 173.9169
-1.505146, 1.175303, 0.3573337, 21.90814, 175.7937
-1.506662, 1.17001, 0.3661082, 22.03812, 176.1584
-1.544807, 1.207371, 0.3406708, 18.34602, 173.3833
-1.537372, 1.206356, 0.3757128, 19.92678, 173.2882
-1.512105, 1.414594, 0.3500004, 21.15915, 157.2106
-1.512105, 1.414594, 0.3468404, 21.06942, 157.2197
-1.512105, 1.414594, 0.3342743, 20.71188, 157.256
-1.512105, 1.414594, 0.3626881, 21.51868, 157.1741
-1.512105, 1.414594, 0.3217917, 20.35553, 157.2922
-1.512105, 1.417956, 0.3500004, 21.15915, 156.9489
-1.512105, 1.412989, 0.3587255, 21.40653, 157.3102
-1.512105, 1.423465, 0.3638096, 21.55041, 156.4818
-1.512105, 1.407259, 0.3368815, 20.78615, 157.8202
-1.512105, 1.41298, 0.3186207, 20.26481, 157.4275
-1.512105, 1.4085, 0.3500004, 21.15915, 157.6848
-1.512105, 1.429944, 0.3558305, 21.3245, 156.0002
-1.512105, 1.397714, 0.3574007, 21.36898, 158.5016
-1.512105, 1.398287, 0.3775615, 21.93865, 158.396
-1.512105, 1.43433, 0.3106453, 20.03634, 155.7808
-1.512105, 1.428425, 0.3500004, 21.15915, 156.1342
-1.512105, 1.387839, 0.3463355, 21.05507, 159.3043
-1.512105, 1.410069, 0.335005, 20.73269, 157.6067
-1.512105, 1.402646, 0.3670918, 21.64318, 158.0892
-1.512105, 1.431482, 0.3870468, 22.20564, 155.7964
-1.512105, 1.408255, 0.3500004, 21.15915, 157.7039
-1.512105, 1.441593, 0.353478, 21.25782, 155.1004
-1.512105, 1.41169, 0.3591179, 21.41763, 157.41
-1.512105, 1.383649, 0.3269924, 20.50415, 159.6925
-1.512105, 1.442638, 0.340892, 20.90032, 155.0519
-1.513256, 1.414594, 0.3500004, 21.0696, 157.2106
-1.511312, 1.414594, 0.346304, 21.11594, 157.2213
-1.503734, 1.414594, 0.339247, 21.50591, 157.2417
-1.512682, 1.414594, 0.321956, 20.31519, 157.2917
-1.521086, 1.414594, 0.3674983, 20.95738, 157.1603
-1.516716, 1.41323, 0.3500004, 20.80034, 157.3167
-1.506857, 1.413233, 0.3453691, 21.43629, 157.33
-1.514137, 1.406191, 0.3408152, 20.73983, 157.8918
-1.518604, 1.415368, 0.3462879, 20.54775, 157.161
-1.503775, 1.416594, 0.3545448, 21.93592, 157.0419
-1.505209, 1.431645, 0.3500004, 21.69587, 155.8837
-1.520144, 1.426659, 0.3482709, 20.48434, 156.2765
-1.521549, 1.406792, 0.3362433, 20.03175, 157.8586
-1.505532, 1.414866, 0.3307381, 21.12386, 157.245
-1.510267, 1.423629, 0.3151793, 20.31002, 156.6051
-1.513894, 1.44343, 0.3500004, 21.01998, 154.9665
-1.506335, 1.405356, 0.3469496, 21.52179, 157.9386
-1.50822, 1.398232, 0.3678234, 21.96556, 158.4297
-1.509574, 1.427813, 0.3592213, 21.61733, 156.1566
-1.520764, 1.399461, 0.3870431, 21.53492, 158.2764
-1.502752, 1.441774, 0.3500004, 21.88703, 155.0954
-1.518816, 1.443909, 0.3498522, 20.63265, 154.9297
-1.519567, 1.416754, 0.3333123, 20.10249, 157.0903
-1.518256, 1.393083, 0.3371608, 20.31462, 158.9244
-1.504822, 1.412892, 0.3263532, 21.05438, 157.4118
-1.500427, 1.414594, 0.3500004, 22.06794, 157.2106
-1.504367, 1.414594, 0.3582408, 21.99436, 157.1869
-1.500897, 1.414594, 0.3373391, 21.67286, 157.2472
-1.503614, 1.414594, 0.367494, 22.31388, 157.1603
-1.501581, 1.414594, 0.320637, 21.14468, 157.2955
-1.517642, 1.409368, 0.3500004, 20.72825, 157.6173
-1.492898, 1.414698, 0.3507783, 22.67581, 157.2003
-1.517273, 1.407972, 0.3546988, 20.89052, 157.7121
-1.502286, 1.416538, 0.3230944, 21.1596, 157.1366
-1.514346, 1.412751, 0.3616119, 21.31412, 157.3204
-1.511378, 1.416275, 0.3500004, 21.21576, 157.0798
-1.512196, 1.423668, 0.3481393, 21.09923, 156.5097
-1.498929, 1.404565, 0.3696019, 22.73685, 157.9327
-1.5018, 1.433396, 0.3604461, 22.25611, 155.7193
-1.498289, 1.413237, 0.334004, 21.78163, 157.3625
-1.517368, 1.410275, 0.3500004, 20.7496, 157.5467
-1.52868, 1.443863, 0.3432034, 19.67508, 154.9504
-1.502035, 1.442956, 0.3363572, 21.5563, 155.0389
-1.521987, 1.400164, 0.3482485, 20.34023, 158.3389
-1.521825, 1.421047, 0.3456419, 20.27857, 156.7207
-1.495852, 1.416117, 0.3500004, 22.42403, 157.0921
-1.498903, 1.427543, 0.3476427, 22.1199, 156.2094
-1.507889, 1.382931, 0.3640006, 21.88334, 159.6299
-1.523839, 1.401543, 0.3573887, 20.45644, 158.2039
-1.50112, 1.418144, 0.3109818, 20.90521, 157.0459
-1.514231, 1.414594, 0.3500004, 20.99377, 157.2106
-1.503463, 1.414594, 0.3596591, 22.10468, 157.1828
-1.518391, 1.414594, 0.3606445, 20.9724, 157.18
-1.526345, 1.414594, 0.3390774, 19.73897, 157.2421
-1.513621, 1.414594, 0.3852111, 22.03659, 157.1096
-1.512266, 1.422151, 0.3500004, 21.14664, 156.6225
-1.532055, 1.420932, 0.3511246, 19.63875, 156.7142
-1.515245, 1.413324, 0.343838, 20.73957, 157.3272
-1.509442, 1.423127, 0.3571174, 21.56802, 156.5266
-1.485733, 1.405531, 0.3382758, 22.88128, 157.9508
-1.497089, 1.426118, 0.3500004, 22.32772, 156.3138
-1.520969, 1.409115, 0.3460826, 20.35778, 157.6485
-1.508867, 1.395779, 0.3689163, 21.94616, 158.6169
-1.487932, 1.399886, 0.3582453, 23.27208, 158.3303
-1.528027, 1.421357, 0.3810659, 20.80326, 156.5973
-1.507884, 1.413108, 0.3500004, 21.48766, 157.3262
-1.488698, 1.384703, 0.3466059, 22.88514, 159.5476
-1.512922, 1.387756, 0.3562026, 21.27153, 159.2796
-1.525245, 1.38462, 0.3206946, 19.29767, 159.6368
-1.508125, 1.43053, 0.342921, 21.26806, 155.9897
-1.513018, 1.433807, 0.3500004, 21.08817, 155.7154
-1.52887, 1.450046, 0.345112, 19.71484, 154.4641
-1.522364, 1.411548, 0.3666458, 20.83397, 157.3993
-1.522345, 1.38377, 0.3446085, 20.20856, 159.6265
-1.504372, 1.449955, 0.3882174, 22.8374, 154.3627
-1.535473, 1.414594, 0.3500004, 19.34067, 157.2106
-1.486878, 1.414594, 0.3565322, 23.30595, 157.1918
-1.495282, 1.414594, 0.3689211, 23.00092, 157.1563
-1.498151, 1.414594, 0.3662115, 22.702, 157.164
-1.481698, 1.414594, 0.3387528, 23.20921, 157.2431
-1.524379, 1.40467, 0.3500004, 20.20399, 157.9829
-1.535431, 1.413889, 0.3497795, 19.33761, 157.2661
-1.546236, 1.4166, 0.3522214, 18.56689, 157.0481
-1.500107, 1.408434, 0.3700535, 22.65816, 157.6311
-1.551555, 1.406285, 0.3527059, 18.16697, 157.8492
-1.543481, 1.414463, 0.3500004, 18.71751, 157.2208
-1.506442, 1.420244, 0.3449939, 21.45793, 156.7851
-1.499833, 1.399065, 0.3478986, 22.05475, 158.4254
-1.476312, 1.42375, 0.3569526, 24.13928, 156.4787
-1.495018, 1.425811, 0.3884573, 23.56844, 156.2318
-1.507349, 1.418628, 0.3500004, 21.52928, 156.8967
-1.536791, 1.405029, 0.3483377, 19.19045, 157.9599
-1.516768, 1.438961, 0.350242, 20.80318, 155.3137
-1.547007, 1.418067, 0.3505602, 18.45913, 156.9387
-1.509069, 1.386176, 0.3675316, 21.89137, 159.3667
-1.495095, 1.423176, 0.3500004, 22.48289, 156.5427
-1.531986, 1.39779, 0.3569143, 19.80949, 158.4973
-1.519891, 1.376848, 0.3382824, 20.21922, 160.1863
-1.505259, 1.445794, 0.3709049, 22.28225, 154.729
-1.526195, 1.431531, 0.3755835, 20.79007, 155.8235
-1.512105, 1.624594, 0.3500004, 21.15915, 140.8682
-1.512105, 1.624594, 0.3523204, 21.22497, 140.8664
-1.512105, 1.624594, 0.3600786, 21.44484, 140.8605
-1.512105, 1.624594, 0.3616632, 21.4897, 140.8593
-1.512105, 1.624594, 0.3665882, 21.62896, 140.8556
-1.512105, 1.632845, 0.3500004, 21.15915, 140.2261
-1.512105, 1.618051, 0.3477917, 21.09644, 141.3792
-1.512105, 1.633896, 0.3316517, 20.6371, 140.1566
-1.512105, 1.621111, 0.3733295, 21.81933, 141.1207
-1.512105, 1.629516, 0.3207226, 20.32496, 140.506
-1.512105, 1.610805, 0.3500004, 21.15915, 141.9413
-1.512105, 1.615461, 0.3472413, 21.0808, 141.5812
-1.512105, 1.640666, 0.3613653, 21.48125, 139.6106
-1.512105, 1.644482, 0.3771786, 21.92787, 139.3053
-1.512105, 1.605653, 0.3253597, 20.4575, 142.3657
-1.512105, 1.603699, 0.3500004, 21.15915, 142.4942
-1.512105, 1.615785, 0.3571136, 21.36087, 141.5477
-1.512105, 1.631355, 0.3452464, 21.02411, 140.3453
-1.512105, 1.628387, 0.3430278, 20.96106, 140.578
-1.512105, 1.634701, 0.3330748, 20.67766, 140.0928
-1.512105, 1.612897, 0.3500004, 21.15915, 141.7784
-1.512105, 1.608972, 0.3423287, 20.94117, 142.0909
-1.512105, 1.613633, 0.3428661, 20.95645, 141.7274
-1.512105, 1.618951, 0.333124, 20.67909, 141.3211
-1.512105, 1.659456, 0.3350534, 20.73408, 138.1613
-1.513114, 1.624594, 0.3500004, 21.08068, 140.8682
-1.521521, 1.624594, 0.3506523, 20.44496, 140.8677
-1.505921, 1.624594, 0.3630902, 22.01051, 140.8583
-1.509267, 1.624594, 0.3295696, 20.79918, 140.8838
-1.516116, 1.624594, 0.3307796, 20.2993, 140.8829
-1.515517, 1.623279, 0.3500004, 20.89368, 140.9705
-1.509938, 1.623142, 0.3534401, 21.42529, 140.9785
-1.511723, 1.624953, 0.3499128, 21.18645, 140.8403
-1.506174, 1.617739, 0.3352305, 21.20155, 141.4139
-1.510643, 1.628129, 0.3313314, 20.74199, 140.6067
-1.515778, 1.615367, 0.3500004, 20.87337, 141.5862
-1.50372, 1.631333, 0.340083, 21.5307, 140.3506
-1.503496, 1.607485, 0.3681107, 22.34037, 142.1828
-1.504086, 1.613765, 0.3667504, 22.25627, 141.6963
-1.504733, 1.619684, 0.3842069, 22.69695, 141.2227
-1.507411, 1.64586, 0.3500004, 21.52446, 139.2132
-1.518665, 1.598808, 0.3478097, 20.58636, 142.8772
-1.52149, 1.64153, 0.3462065, 20.32072, 139.5524
-1.519729, 1.609127, 0.3204361, 19.72117, 142.0991
-1.514834, 1.62897, 0.3182335, 20.04052, 140.5505
-1.513116, 1.592515, 0.3500004, 21.08052, 143.3646
-1.505384, 1.616275, 0.3403825, 21.40951, 141.5237
-1.50932, 1.594473, 0.3519866, 21.43218, 143.2101
-1.505572, 1.662271, 0.3497316, 21.65995, 137.9362
-1.515612, 1.599149, 0.3164842, 19.92962, 142.8826
-1.503935, 1.624594, 0.3500004, 21.79494, 140.8682
-1.506098, 1.624594, 0.3578502, 21.84879, 140.8622
-1.522563, 1.624594, 0.3435283, 20.16081, 140.8731
-1.515192, 1.624594, 0.3743231, 21.60788, 140.8497
-1.510408, 1.624594, 0.3483797, 21.24525, 140.8694
-1.518839, 1.619176, 0.3500004, 20.63514, 141.2898
-1.521223, 1.624226, 0.3474305, 20.37642, 140.8988
-1.495991, 1.618587, 0.3316943, 21.89528, 141.3507
-1.508412, 1.631364, 0.3646457, 21.86096, 140.3312
-1.515036, 1.62411, 0.3792619, 21.75931, 140.8836
-1.520361, 1.644263, 0.3500004, 20.5167, 139.3375
-1.523385, 1.61508, 0.3451125, 20.14196, 141.6128
-1.501888, 1.612088, 0.3651828, 22.38278, 141.8279
-1.52063, 1.608594, 0.3755336, 21.22031, 142.0898
-1.526766, 1.616726, 0.319548, 19.14591, 141.5062
-1.524747, 1.596782, 0.3500004, 20.17535, 143.0326
-1.527684, 1.645747, 0.345564, 19.82011, 139.2245
-1.508828, 1.623983, 0.3441675, 21.24867, 140.9202
-1.509899, 1.627432, 0.3391142, 21.02171, 140.6553
-1.527284, 1.632566, 0.3348236, 19.54393, 140.2582
-1.50765, 1.62722, 0.3500004, 21.50588, 140.6638
-1.495349, 1.604108, 0.3524801, 22.53307, 142.46
-1.497043, 1.586415, 0.3516981, 22.37924, 143.8374
-1.501615, 1.619543, 0.3363345, 21.58841, 141.2724
-1.500443, 1.629098, 0.3773833, 22.83797, 140.4981
-1.513121, 1.624594, 0.3500004, 21.08007, 140.8682
-1.535401, 1.624594, 0.3504, 19.35772, 140.8679
-1.515826, 1.624594, 0.3655294, 21.31006, 140.8564
-1.529821, 1.624594, 0.3582851, 20.0169, 140.8619
-1.501746, 1.624594, 0.3831681, 22.89927, 140.8431
-1.517722, 1.618713, 0.3500004, 20.72206, 141.3259
-1.495455, 1.625049, 0.3521307, 22.51498, 140.8312
-1.508361, 1.62914, 0.3492324, 21.42879, 140.515
-1.539221, 1.621967, 0.3571075, 19.25249, 141.067
-1.506618, 1.620737, 0.3214059, 20.77307, 141.1913
-1.535802, 1.620299, 0.3500004, 19.31509, 141.2024
-1.504798, 1.636557, 0.3547959, 21.86348, 139.9342
-1.53943, 1.623127, 0.342409, 18.81496, 140.9882
-1.530138, 1.644569, 0.3538028, 19.86434, 139.3116
-1.496039, 1.641421, 0.3276994, 21.77826, 139.5719
-1.512743, 1.602726, 0.3500004, 21.10956, 142.5699
-1.514155, 1.647486, 0.350076, 21.0018, 139.0867
-1.503191, 1.632767, 0.3396511, 21.55961, 140.2392
-1.494183, 1.62138, 0.330486, 22.00212, 141.1338
-1.486385, 1.610448, 0.3444405, 23.00426, 141.9741
-1.522016, 1.604687, 0.3500004, 20.38788, 142.4173
-1.512028, 1.656892, 0.3597887, 21.44267, 138.3504
-1.504221, 1.650861, 0.3308787, 21.23011, 138.8336
-1.503056, 1.59116, 0.3377222, 21.51546, 143.4836
-1.534043, 1.655474, 0.3887168, 20.55392, 138.4477
-1.527286, 1.624594, 0.3500004, 19.97778, 140.8682
-1.476816, 1.624594, 0.3417282, 23.67331, 140.8745
-1.494676, 1.624594, 0.3504243, 22.52749, 140.8679
-1.484814, 1.624594, 0.3400822, 23.00384, 140.8758
-1.527113, 1.624594, 0.3804446, 20.85653, 140.8451
-1.486463, 1.629397, 0.3500004, 23.15469, 140.4944
-1.548861, 1.623533, 0.3482172, 18.24751, 140.9521
-1.54883, 1.633428, 0.3390264, 17.98519, 140.1881
-1.528835, 1.617952, 0.3694283, 20.41058, 141.369
-1.473318, 1.630887, 0.3479281, 24.11957, 140.3799
-1.496287, 1.635353, 0.3500004, 22.39015, 140.0309
-1.483598, 1.60958, 0.3488657, 23.34576, 142.0376
-1.54322, 1.629039, 0.3692281, 19.28816, 140.5085
-1.525284, 1.616452, 0.3602187, 20.42454, 141.4932
-1.487773, 1.628166, 0.3766215, 23.79922, 140.5709
-1.531008, 1.612245, 0.3500004, 19.68813, 141.8292
-1.518815, 1.60196, 0.3485895, 20.59686, 142.631
-1.539708, 1.60631, 0.3503585, 19.02134, 142.2907
-1.514093, 1.627036, 0.3241301, 20.26713, 140.6973
-1.482617, 1.619542, 0.3302873, 22.8989, 141.2774
-1.490923, 1.66122, 0.3500004, 22.80762, 138.0179
-1.493136, 1.631395, 0.3568678, 22.82877, 140.3341
-1.515629, 1.636269, 0.3385728, 20.5597, 139.967
-1.490778, 1.618234, 0.3357631, 22.41707, 141.3749
-1.516747, 1.597522, 0.3493808, 20.78031, 142.9756
-1.512105, 1.834594, 0.3500004, 21.15915, 124.5258
-1.512105, 1.834594, 0.3433354, 20.96981, 124.5167
-1.512105, 1.834594, 0.3338538, 20.69987, 124.5038
-1.512105, 1.834594, 0.3293412, 20.57117, 124.4976
-1.512105, 1.834594, 0.3578208, 21.38091, 124.5364
-1.512105, 1.841806, 0.3500004, 21.15915, 123.9646
-1.512105, 1.82794, 0.3507968, 21.18176, 125.0446
-1.512105, 1.834311, 0.3422062, 20.93769, 124.5372
-1.512105, 1.825417, 0.3603603, 21.45281, 125.253
-1.512105, 1.829007, 0.3119824, 20.0747, 124.9108
-1.512105, 1.83818, 0.3500004, 21.15915, 124.2467
-1.512105, 1.844858, 0.3512895, 21.19573, 123.7289
-1.512105, 1.83016, 0.3584602, 21.39901, 124.8819
-1.512105, 1.849815, 0.3741155, 21.84148, 123.3776
-1.512105, 1.830183, 0.367147, 21.64474, 124.8915
-1.512105, 1.818471, 0.3500004, 21.15915, 125.7805
-1.512105, 1.861635, 0.3435584, 20.97615, 122.4109
-1.512105, 1.813533, 0.3576351, 21.37562, 126.1735
-1.512105, 1.861882, 0.363665, 21.54632, 122.4245
-1.512105, 1.820901, 0.3802927, 22.0156, 125.6282
-1.512105, 1.867567, 0.3500004, 21.15915, 121.9598
-1.512105, 1.870988, 0.3526437, 21.23415, 121.6981
-1.512105, 1.862024, 0.3556876, 21.32046, 122.4005
-1.512105, 1.857923, 0.3223129, 20.37044, 122.666
-1.512105, 1.872625, 0.3662487, 21.61935, 121.5944
-1.505797, 1.834594, 0.3500004, 21.65008, 124.5258
-1.516749, 1.834594, 0.340567, 20.52924, 124.513
-1.518129, 1.834594, 0.3687351, 21.22195, 124.5512
-1.507346, 1.834594, 0.3495728, 21.5174, 124.5252
-1.504493, 1.834594, 0.3851667, 22.74247, 124.5733
-1.518283, 1.840889, 0.3500004, 20.67842, 124.0359
-1.508031, 1.83875, 0.359908, 21.75666, 124.2162
-1.504062, 1.8363, 0.3300409, 21.21873, 124.3655
-1.508781, 1.84076, 0.3627546, 21.77882, 124.064
-1.503779, 1.843216, 0.3547593, 21.94173, 123.8616
-1.519506, 1.836323, 0.3500004, 20.58321, 124.3912
-1.520233, 1.854196, 0.3533424, 20.62174, 123.0055
-1.517602, 1.85361, 0.3496075, 20.72021, 123.0453
-1.505161, 1.848832, 0.3652818, 22.1314, 123.4407
-1.504769, 1.844554, 0.3136356, 20.6957, 123.6974
-1.513663, 1.856993, 0.3500004, 21.03792, 122.7826
-1.509422, 1.825615, 0.3439648, 21.19673, 125.2169
-1.508414, 1.812178, 0.3388768, 21.13067, 126.2576
-1.516792, 1.842027, 0.3580474, 21.02294, 123.9589
-1.519675, 1.862161, 0.3790961, 21.395, 122.4279
-1.506594, 1.799403, 0.3500004, 21.58806, 127.2644
-1.516026, 1.84056, 0.3539835, 20.96715, 124.0672
-1.51852, 1.833596, 0.3588666, 20.91189, 124.6153
-1.521545, 1.816647, 0.3705831, 21.00916, 125.9466
-1.506339, 1.869058, 0.3294926, 21.02547, 121.8087
-1.514142, 1.834594, 0.3500004, 21.00067, 124.5258
-1.516641, 1.834594, 0.3448361, 20.65928, 124.5188
-1.517976, 1.834594, 0.3548157, 20.83918, 124.5323
-1.507634, 1.834594, 0.3445351, 21.35216, 124.5184
-1.517804, 1.834594, 0.3307612, 20.16712, 124.4996
-1.511328, 1.844136, 0.3500004, 21.21966, 123.7832
-1.511864, 1.825928, 0.3521164, 21.23797, 125.2028
-1.495339, 1.837757, 0.362045, 22.8032, 124.2963
-1.526572, 1.842076, 0.344294, 19.87039, 123.9353
-1.530051, 1.839955, 0.3154077, 18.77004, 124.0595
-1.520113, 1.821152, 0.3500004, 20.53604, 125.5718
-1.530876, 1.836707, 0.3564347, 19.88209, 124.3702
-1.505751, 1.81523, 0.3490869, 21.62777, 126.0316
-1.500614, 1.85272, 0.3564368, 22.23518, 123.1251
-1.527483, 1.828287, 0.3368743, 19.58719, 124.9996
-1.529619, 1.818885, 0.3500004, 19.79622, 125.7482
-1.522743, 1.818211, 0.3509809, 20.35921, 125.8019
-1.529168, 1.863143, 0.3615598, 20.16093, 122.323
-1.531196, 1.84895, 0.3296602, 19.09066, 123.3779
-1.514927, 1.862879, 0.3371471, 20.57379, 122.3034
-1.514919, 1.821114, 0.3500004, 20.94019, 125.5748
-1.527182, 1.871592, 0.3436912, 19.80564, 121.6356
-1.504311, 1.867435, 0.3442082, 21.60162, 121.9603
-1.521079, 1.848857, 0.3286132, 19.85012, 123.3836
-1.526042, 1.865456, 0.3471403, 19.99297, 122.1193
-1.533041, 1.834594, 0.3500004, 19.52993, 124.5258
-1.529592, 1.834594, 0.3423766, 19.58035, 124.5154
-1.525344, 1.834594, 0.3559147, 20.29744, 124.5338
-1.512093, 1.834594, 0.3584105, 21.39855, 124.5372
-1.515944, 1.834594, 0.3351012, 20.43614, 124.5055
-1.538407, 1.838715, 0.3500004, 19.1123, 124.205
-1.531359, 1.828115, 0.3460528, 19.54797, 125.0249
-1.538583, 1.831841, 0.3453664, 18.96579, 124.7338
-1.50019, 1.829871, 0.3671443, 22.56989, 124.9158
-1.508691, 1.839848, 0.3760208, 22.16005, 124.1535
-1.505041, 1.838121, 0.3500004, 21.70894, 124.2513
-1.536051, 1.846054, 0.3579483, 19.52298, 123.6456
-1.504015, 1.844596, 0.3688722, 22.32157, 123.7748
-1.497874, 1.821589, 0.3254668, 21.57157, 125.5076
-1.484805, 1.852672, 0.3173078, 22.36084, 123.0683
-1.515096, 1.836052, 0.3500004, 20.92641, 124.4123
-1.532217, 1.815821, 0.35019, 19.59945, 125.9869
-1.487463, 1.808281, 0.3660301, 23.52689, 126.5909
-1.5144, 1.833994, 0.324624, 20.25729, 124.5381
-1.526881, 1.830573, 0.3895627, 21.13233, 124.8905
-1.505466, 1.818974, 0.3500004, 21.67587, 125.7413
-1.527667, 1.867244, 0.3558757, 20.11567, 121.9948
-1.538878, 1.86377, 0.3532219, 19.16791, 122.2605
-1.491887, 1.859077, 0.3467673, 22.64139, 122.6152
-1.50235, 1.864637, 0.3572197, 22.12233, 122.1998
-1.522594, 1.834594, 0.3500004, 20.34296, 124.5258
-1.551576, 1.834594, 0.3416162, 17.84589, 124.5144
-1.492137, 1.834594, 0.3659226, 23.16092, 124.5474
-1.515298, 1.834594, 0.3768837, 21.67198, 124.5622
-1.549516, 1.834594, 0.3240576, 17.4991, 124.4904
-1.538542, 1.843451, 0.3500004, 19.10182, 123.8365
-1.529353, 1.843938, 0.342369, 19.59878, 123.7875
-1.515695, 1.824956, 0.3361395, 20.48517, 125.2583
-1.548778, 1.833872, 0.3532612, 18.39898, 124.5864
-1.541885, 1.825589, 0.3561728, 19.01859, 125.2344
-1.497342, 1.830243, 0.3500004, 22.30808, 124.8644
-1.54596, 1.833324, 0.3401129, 18.24012, 124.6113
-1.527762, 1.838421, 0.3542159, 20.06096, 124.2338
-1.548903, 1.817536, 0.3295102, 17.70477, 125.8289
-1.500521, 1.814998, 0.3311616, 21.52685, 126.0289
-1.50828, 1.828998, 0.3500004, 21.45687, 124.9613
-1.490294, 1.864578, 0.3574118, 23.06509, 122.2047
-1.475288, 1.830893, 0.3420766, 23.80208, 124.8033
-1.515708, 1.851388, 0.3689553, 21.41613, 123.2478
-1.531665, 1.843247, 0.3370412, 19.266, 123.8336
-1.5515, 1.828861, 0.3500004, 18.09342, 124.9719
-1.521922, 1.846118, 0.3558092, 20.56057, 123.6375
-1.514154, 1.803165, 0.3462455, 20.89299, 126.9677
-1.504497, 1.820242, 0.3639821, 22.14628, 125.6596
-1.496868, 1.822963, 0.3331551, 21.86833, 125.4099
