-11.35057, 0.02, 0.3500004, 6.492462, 265.7393
-11.35057, 0.02, 0.3588225, 6.759338, 265.5899
-11.35057, 0.02, 0.3484756, 6.446257, 265.7652
-11.35057, 0.02, 0.3538763, 6.609778, 265.6736
-11.35057, 0.02, 0.3863199, 7.587276, 265.1263
-11.35057, 0.02948509, 0.3500004, 6.492462, 265.0012
-11.35057, 0.02285191, 0.3571681, 6.709328, 265.3961
-11.35057, 0.02976221, 0.3557765, 6.667256, 264.8823
-11.35057, 0.02923094, 0.3322022, 5.952158, 265.3218
-11.35057, 0.02169403, 0.3384203, 6.141214, 265.8039
-11.35057, 0.02883725, 0.3500004, 6.492462, 265.0516
-11.35057, 0.0289083, 0.3442001, 6.316652, 265.144
-11.35057, 0.0384334, 0.3510505, 6.524248, 264.2872
-11.35057, 0.02803399, 0.3298202, 5.879674, 265.4555
-11.35057, 0.01726927, 0.3793817, 7.378936, 265.4547
-11.35057, 0.03708468, 0.3500004, 6.492462, 264.4098
-11.35057, -0.002332518, 0.3528622, 6.579108, 267.4281
-11.35057, 0.01277556, 0.3460414, 6.372485, 266.369
-11.35057, -0.007857339, 0.3583945, 6.746407, 267.7627
-11.35057, -0.002883259, 0.3133187, 5.376177, 268.1536
-11.35057, -0.0003302433, 0.3500004, 6.492462, 267.3214
-11.35057, 0.02421761, 0.3462317, 6.37825, 265.4749
-11.35057, 0.03173128, 0.3684482, 7.049847, 264.5164
-11.35057, 0.03879752, 0.343513, 6.29581, 264.3853
-11.35057, -0.006182209, 0.3149843, 5.427089, 268.3826
-11.34564, 0.02, 0.3500004, 6.876426, 265.7393
-11.34965, 0.02, 0.347143, 6.477699, 265.7878
-11.35285, 0.02, 0.3363619, 5.900931, 265.971
-11.35976, 0.02, 0.3667188, 6.284394, 265.4564
-11.35518, 0.02, 0.3388106, 5.79423, 265.9293
-11.35133, 0.02945489, 0.3500004, 6.433625, 265.0035
-11.35673, 0.02145157, 0.3429888, 5.800395, 265.7452
-11.3493, 0.0285081, 0.3499163, 6.588521, 265.0786
-11.35594, 0.02818034, 0.3651033, 6.53193, 264.8483
-11.34474, 0.01709021, 0.3898707, 8.145089, 265.292
-11.34278, 0.03548087, 0.3500004, 7.099185, 264.5346
-11.35699, 0.009363443, 0.3440972, 5.813341, 266.6679
-11.35423, 0.03254557, 0.3402244, 5.910573, 264.9277
-11.35588, 0.004603173, 0.3661169, 6.567721, 266.6623
-11.34228, 5.977601E-05, 0.3173261, 6.14635, 267.8541
-11.3409, 0.04926044, 0.3500004, 7.245426, 263.4622
-11.35171, 0.002955016, 0.3422715, 6.16951, 267.1983
-11.35123, -0.004265225, 0.3377673, 6.070275, 267.8384
-11.34479, 0.02189681, 0.3735889, 7.653308, 265.1934
-11.34373, -0.006097233, 0.3878466, 8.162799, 267.1217
-11.35464, 0.007969771, 0.3500004, 6.176176, 266.6755
-11.3448, 0.004449493, 0.3565102, 7.137923, 266.8381
-11.35172, 0.05506104, 0.3568046, 6.609077, 262.8979
-11.35623, 0.007188835, 0.3571316, 6.268144, 266.6145
-11.34324, -0.001487546, 0.3639629, 7.483921, 267.1721
-11.35287, 0.02, 0.3500004, 6.313863, 265.7393
-11.33549, 0.02, 0.3450928, 7.517796, 265.8226
-11.36119, 0.02, 0.3362024, 5.245957, 265.9737
-11.36383, 0.02, 0.3581259, 5.707498, 265.6017
-11.35463, 0.02, 0.3272765, 5.485096, 266.1258
-11.33508, 0.02793247, 0.3500004, 7.698383, 265.122
-11.33758, 0.01747384, 0.3526089, 7.581882, 265.8916
-11.36652, 0.02449956, 0.3555391, 5.419893, 265.2955
-11.34381, 0.02236959, 0.3656812, 7.491446, 265.2899
-11.36805, 0.02072912, 0.3395749, 4.814315, 265.8595
-11.34846, 0.03745557, 0.3500004, 6.656499, 264.3809
-11.33677, 0.03091107, 0.3544954, 7.701945, 264.8145
-11.37005, 0.02898587, 0.3527648, 5.060706, 264.9934
-11.33514, 0.02642856, 0.3768496, 8.499684, 264.787
-11.36748, 0.008929014, 0.3830711, 6.179681, 266.0388
-11.36661, 0.04008963, 0.3500004, 5.244212, 264.1759
-11.35329, 0.03071283, 0.3447454, 6.121259, 264.9942
-11.35223, 0.00910016, 0.3563985, 6.557164, 266.4784
-11.33096, 0.03174186, 0.3751242, 8.771925, 264.4039
-11.36564, -0.006660989, 0.3717223, 5.979352, 267.4409
-11.36513, 0.01953302, 0.3500004, 5.359211, 265.7756
-11.34232, -0.002363905, 0.3523568, 7.205529, 267.4392
-11.33935, 4.281104E-05, 0.3634071, 7.769237, 267.0627
-11.36291, 0.04696548, 0.3566873, 5.735679, 263.5294
-11.35831, 0.01524069, 0.3871875, 7.013855, 265.4803
-11.37646, 0.02, 0.3500004, 4.478002, 265.7393
-11.36645, 0.02, 0.3450392, 5.105267, 265.8235
-11.36603, 0.02, 0.3340106, 4.801311, 266.011
-11.37656, 0.02, 0.3515927, 4.518785, 265.7123
-11.37619, 0.02, 0.362235, 4.871764, 265.5322
-11.35725, 0.01823356, 0.3500004, 5.972943, 265.8768
-11.3638, 0.02414927, 0.345473, 5.325108, 265.493
-11.37093, 0.01329418, 0.348241, 4.85467, 266.2911
-11.36543, 0.0155876, 0.3227925, 4.505196, 266.5469
-11.35889, 0.02008731, 0.3641519, 6.274123, 265.493
-11.32123, 0.03332683, 0.3500004, 8.775873, 264.7022
-11.35518, 0.01342769, 0.3538629, 6.251121, 266.1851
-11.33926, 0.02375097, 0.3578977, 7.610564, 265.3139
-11.33416, 0.02199301, 0.3295784, 7.152557, 265.931
-11.34077, 0.03530658, 0.3338897, 6.767478, 264.8194
-11.33899, -0.001561923, 0.3500004, 7.394085, 267.4173
-11.32496, -0.001534844, 0.3596137, 8.774014, 267.2503
-11.34097, 0.04649716, 0.3547443, 7.383027, 263.5981
-11.33589, 0.02824119, 0.3434786, 7.438002, 265.2081
-11.35035, -0.004062938, 0.3391323, 6.180067, 267.7991
-11.34541, 0.0535807, 0.3500004, 6.894464, 263.126
-11.36414, -0.01720339, 0.3467726, 5.338497, 268.6905
-11.37857, 0.0004836172, 0.3631551, 4.714909, 267.0328
-11.37368, 0.05498763, 0.3668935, 5.208192, 262.7367
-11.36734, -0.008080438, 0.3341992, 4.705582, 268.1975
-11.38715, 0.02, 0.3500004, 3.645887, 265.7393
-11.3497, 0.02, 0.3589356, 6.830492, 265.588
-11.37971, 0.02, 0.3556074, 4.396291, 265.6443
-11.32149, 0.02, 0.3427989, 8.539066, 265.8615
-11.31842, 0.02, 0.3444761, 8.828616, 265.833
-11.3835, 0.02645692, 0.3500004, 3.929629, 265.2368
-11.36883, 0.01765032, 0.3473276, 4.989767, 265.9676
-11.35329, 0.01640237, 0.3414915, 6.022568, 266.164
-11.35868, 0.02210326, 0.3396292, 5.546136, 265.7515
-11.34113, 0.01118238, 0.3483937, 7.178979, 266.4529
-11.37568, 0.008583508, 0.3500004, 4.538684, 266.6277
-11.34513, 0.03943888, 0.3449363, 6.7624, 264.3115
-11.36305, 0.01256913, 0.3351216, 5.068102, 266.5715
-11.37611, 0.02956791, 0.3703106, 5.123577, 264.6532
-11.37092, 0.03521979, 0.3642848, 5.34379, 264.3153
-11.32846, 0.02876704, 0.3500004, 8.213439, 265.057
-11.35502, 0.0007113442, 0.3463233, 6.034799, 267.3035
-11.32894, 0.0294916, 0.3484956, 8.130341, 265.026
-11.37466, 0.008055328, 0.3375701, 4.237647, 266.8815
-11.38994, 0.04688566, 0.3547806, 3.575163, 263.5673
-11.36038, 0.05033115, 0.3500004, 5.729284, 263.3789
-11.31828, -0.0123826, 0.3498313, 8.999977, 268.2623
-11.37566, -0.01353385, 0.3604242, 4.857659, 268.1689
-11.38671, 0.0456401, 0.3558011, 3.857403, 263.6472
-11.3703, -0.003009455, 0.380639, 5.88747, 267.0053
-11.35057, 0.1925, 0.3500004, 6.492462, 252.3152
-11.35057, 0.1925, 0.3519496, 6.551471, 252.2855
-11.35057, 0.1925, 0.3363743, 6.07903, 252.5229
-11.35057, 0.1925, 0.3380564, 6.130157, 252.4972
-11.35057, 0.1925, 0.3307449, 5.907812, 252.6089
-11.35057, 0.1884097, 0.3500004, 6.492462, 252.6335
-11.35057, 0.1846108, 0.3557514, 6.666512, 252.8412
-11.35057, 0.1967507, 0.33689, 6.094694, 252.1837
-11.35057, 0.1953872, 0.3669146, 7.003598, 251.8342
-11.35057, 0.193126, 0.3104734, 5.289145, 252.8708
-11.35057, 0.1870094, 0.3500004, 6.492462, 252.7425
-11.35057, 0.1998197, 0.3503208, 6.502175, 251.7407
-11.35057, 0.209886, 0.3469439, 6.399851, 251.0082
-11.35057, 0.1948063, 0.3516377, 6.542029, 252.1108
-11.35057, 0.1773029, 0.3105605, 5.291834, 254.1071
-11.35057, 0.1766912, 0.3500004, 6.492462, 253.5454
-11.35057, 0.2223628, 0.3513847, 6.534362, 249.9706
-11.35057, 0.2057213, 0.343152, 6.284866, 251.3896
-11.35057, 0.2106329, 0.3382708, 6.136651, 251.0807
-11.35057, 0.2050893, 0.3835062, 7.502818, 250.8321
-11.35057, 0.1737149, 0.3500004, 6.492462, 253.777
-11.35057, 0.1533137, 0.3457366, 6.36323, 255.4313
-11.35057, 0.1761652, 0.3662804, 6.984472, 253.3365
-11.35057, 0.2118123, 0.3660609, 6.977849, 250.5715
-11.35057, 0.1932106, 0.3729155, 7.184415, 251.9124
-11.35043, 0.1925, 0.3500004, 6.503506, 252.3152
-11.3442, 0.1925, 0.3578272, 7.22487, 252.1962
-11.34854, 0.1925, 0.3308841, 6.070318, 252.6068
-11.35252, 0.1925, 0.3377538, 5.969081, 252.5018
-11.34129, 0.1925, 0.384266, 8.244581, 251.7961
-11.34461, 0.1940688, 0.3500004, 6.956449, 252.1931
-11.34908, 0.2005397, 0.3551051, 6.7626, 251.6123
-11.34154, 0.1995621, 0.3301623, 6.594872, 252.0668
-11.35731, 0.1834318, 0.3564765, 6.164432, 252.9218
-11.35902, 0.1840146, 0.3417103, 5.5827, 253.1025
-11.36007, 0.2061735, 0.3500004, 5.753274, 251.2511
-11.3435, 0.1885718, 0.3539118, 7.160954, 252.5612
-11.34253, 0.2060837, 0.3512381, 7.15539, 251.2394
-11.34377, 0.174725, 0.3753602, 7.785373, 253.3093
-11.35784, 0.1847765, 0.3515716, 5.974374, 252.8922
-11.35026, 0.1726131, 0.3500004, 6.516738, 253.8628
-11.35773, 0.216707, 0.3422352, 5.699658, 250.5477
-11.35001, 0.1735685, 0.3620238, 6.899414, 253.6035
-11.35125, 0.1872979, 0.3782359, 7.291961, 252.2905
-11.35033, 0.2121747, 0.3463858, 6.401868, 250.8384
-11.35886, 0.2214223, 0.3500004, 5.847073, 250.0644
-11.3605, 0.2105538, 0.3501075, 5.722976, 250.9086
-11.35862, 0.2143958, 0.3312266, 5.294337, 250.8934
-11.3521, 0.2275528, 0.3352158, 5.92432, 249.8075
-11.35722, 0.2075848, 0.3824963, 6.957064, 250.6538
-11.35156, 0.1925, 0.3500004, 6.415386, 252.3152
-11.36636, 0.1925, 0.3503956, 5.275769, 252.3092
-11.36173, 0.1925, 0.3691179, 6.203842, 252.025
-11.3628, 0.1925, 0.3548937, 5.689602, 252.2408
-11.3452, 0.1925, 0.317598, 5.926881, 252.8103
-11.36962, 0.1956405, 0.3500004, 5.00998, 252.0708
-11.34162, 0.2009824, 0.3494016, 7.170882, 251.6641
-11.3358, 0.1882052, 0.3310711, 7.069845, 252.939
-11.33476, 0.1978334, 0.3614396, 8.067312, 251.7269
-11.36408, 0.1847401, 0.3345315, 4.969997, 253.1561
-11.34701, 0.2021218, 0.3500004, 6.769252, 251.5664
-11.35697, 0.1841251, 0.3447506, 5.835285, 253.0473
-11.35156, 0.1985741, 0.3503554, 6.426158, 251.8371
-11.35755, 0.2021867, 0.3656816, 6.424556, 251.3248
-11.36238, 0.1948552, 0.3203326, 4.66763, 252.5844
-11.34629, 0.1775776, 0.3500004, 6.825356, 253.4765
-11.35317, 0.2078469, 0.3409454, 6.015716, 251.2574
-11.3449, 0.1726868, 0.3574193, 7.158165, 253.7428
-11.34233, 0.1872124, 0.3593456, 7.415528, 252.5842
-11.36293, 0.2074024, 0.369638, 6.126595, 250.8604
-11.36316, 0.2269592, 0.3500004, 5.512919, 249.6335
-11.36635, 0.1623079, 0.3578861, 5.504394, 254.5425
-11.35696, 0.1608464, 0.3657337, 6.471977, 254.5346
-11.34726, 0.1585782, 0.3546178, 6.890016, 254.8832
-11.33907, 0.1763741, 0.3474218, 7.309799, 253.6098
-11.32162, 0.1925, 0.3500004, 8.745174, 252.3152
-11.37152, 0.1925, 0.3469537, 4.769182, 252.3616
-11.34058, 0.1925, 0.3383232, 6.917167, 252.4931
-11.34151, 0.1925, 0.37239, 7.871361, 251.9755
-11.37821, 0.1925, 0.3429867, 4.127212, 252.422
-11.35379, 0.1898959, 0.3500004, 6.241851, 252.5178
-11.36815, 0.1977693, 0.3528903, 5.212798, 251.8613
-11.35902, 0.1896393, 0.3300692, 5.228333, 252.8424
-11.37413, 0.1985298, 0.3736449, 5.378952, 251.4887
-11.33068, 0.2024515, 0.3520699, 8.102531, 251.5095
-11.3434, 0.1913502, 0.3500004, 7.050505, 252.4047
-11.32133, 0.1824461, 0.3413328, 8.508039, 253.2305
-11.3473, 0.1764087, 0.3607344, 7.071447, 253.4026
-11.35152, 0.210446, 0.3510561, 6.450863, 250.9027
-11.34051, 0.1807908, 0.3657741, 7.750497, 252.985
-11.35743, 0.2215753, 0.3500004, 5.958638, 250.0525
-11.36093, 0.1841774, 0.3574395, 5.912447, 252.8492
-11.36669, 0.1667794, 0.3548494, 5.385418, 254.2418
-11.33824, 0.1736678, 0.3503084, 7.461333, 253.776
-11.34223, 0.1866319, 0.3211169, 6.265755, 253.2147
-11.34238, 0.2285933, 0.3500004, 7.130241, 249.5064
-11.32665, 0.2193086, 0.3418342, 8.108768, 250.3511
-11.36483, 0.1607761, 0.3359608, 4.954948, 255.0025
-11.34806, 0.1820674, 0.3614044, 7.032423, 252.9526
-11.33041, 0.2014684, 0.3142587, 6.98144, 252.1604
-11.34821, 0.1925, 0.3500004, 6.676569, 252.3152
-11.34259, 0.1925, 0.3498308, 7.108483, 252.3178
-11.34813, 0.1925, 0.3557959, 6.8574, 252.2271
-11.38898, 0.1925, 0.3626062, 3.889203, 252.1237
-11.3703, 0.1925, 0.3689135, 5.532403, 252.0281
-11.35631, 0.1885383, 0.3500004, 6.045742, 252.6235
-11.33778, 0.2017605, 0.3543473, 7.619133, 251.5288
-11.35727, 0.2012572, 0.3375867, 5.593872, 251.8218
-11.3502, 0.1930279, 0.3411799, 6.254139, 252.4084
-11.3188, 0.1970138, 0.3697051, 9.554243, 251.6657
-11.31437, 0.1932931, 0.3500004, 9.309397, 252.2534
-11.35156, 0.1844798, 0.3484262, 6.367493, 252.9634
-11.34618, 0.1788292, 0.3539568, 6.953959, 253.3183
-11.34241, 0.1930765, 0.3324373, 6.596174, 252.5381
-11.34956, 0.1771007, 0.3287173, 5.925035, 253.8416
-11.34771, 0.2164582, 0.3500004, 6.714807, 250.4507
-11.35173, 0.2035036, 0.3500941, 6.405358, 251.4574
-11.32187, 0.1637451, 0.3349027, 8.271875, 254.7875
-11.36357, 0.1679696, 0.3539114, 5.599465, 254.1637
-11.35005, 0.1690115, 0.3410804, 6.262708, 254.2811
-11.35649, 0.1599885, 0.3500004, 6.032023, 254.8453
-11.3453, 0.1786751, 0.3517223, 6.955047, 253.3646
-11.34729, 0.1779698, 0.3450978, 6.599293, 253.5213
-11.34201, 0.1661921, 0.3307786, 6.576719, 254.6608
-11.38118, 0.2249319, 0.3333348, 3.599553, 250.0399
-11.35057, 0.3649999, 0.3500004, 6.492462, 238.8911
-11.35057, 0.3649999, 0.3506595, 6.512418, 238.8822
-11.35057, 0.3649999, 0.3665622, 6.99297, 238.6684
-11.35057, 0.3649999, 0.3316763, 5.936165, 239.1386
-11.35057, 0.3649999, 0.3659647, 6.974945, 238.6764
-11.35057, 0.363986, 0.3500004, 6.492462, 238.97
-11.35057, 0.371647, 0.3419923, 6.249676, 238.4813
-11.35057, 0.3702679, 0.353365, 6.594315, 238.436
-11.35057, 0.3557622, 0.3388445, 6.154089, 239.7615
-11.35057, 0.3610294, 0.3363096, 6.07707, 239.3854
-11.35057, 0.3760117, 0.3500004, 6.492462, 238.0341
-11.35057, 0.3497165, 0.3540439, 6.614842, 240.0254
-11.35057, 0.3810486, 0.35322, 6.589923, 237.5993
-11.35057, 0.3610458, 0.3209192, 5.608335, 239.5933
-11.35057, 0.3803554, 0.3415549, 6.236386, 237.8087
-11.35057, 0.336662, 0.3500004, 6.492462, 241.0963
-11.35057, 0.378123, 0.3506409, 6.51186, 237.8613
-11.35057, 0.3616777, 0.3586152, 6.753087, 239.0334
-11.35057, 0.3939584, 0.3343419, 6.017246, 236.8443
-11.35057, 0.369315, 0.3826548, 7.477255, 238.1185
-11.35057, 0.3956853, 0.3500004, 6.492462, 236.5031
-11.35057, 0.377576, 0.3537572, 6.606174, 237.8623
-11.35057, 0.3874063, 0.3447715, 6.33399, 237.2167
-11.35057, 0.3265086, 0.3254782, 5.74738, 242.2275
-11.35057, 0.3268894, 0.3229372, 5.669904, 242.2333
-11.34805, 0.3649999, 0.3500004, 6.688571, 238.8911
-11.34844, 0.3649999, 0.3522004, 6.724963, 238.8614
-11.34772, 0.3649999, 0.3527895, 6.798792, 238.8535
-11.34352, 0.3649999, 0.3727715, 7.727079, 238.5851
-11.35554, 0.3649999, 0.35885, 6.374273, 238.7719
-11.35262, 0.3599807, 0.3500004, 6.333404, 239.2817
-11.34078, 0.3577029, 0.3480158, 7.194285, 239.4858
-11.34921, 0.3663691, 0.33736, 6.215143, 238.9549
-11.34983, 0.370772, 0.3480917, 6.492219, 238.4675
-11.35761, 0.3736136, 0.3173198, 4.948168, 238.6601
-11.35216, 0.355335, 0.3500004, 6.369081, 239.6432
-11.35763, 0.3468608, 0.3446301, 5.779696, 240.3761
-11.35124, 0.3514733, 0.3450642, 6.290746, 240.011
-11.34841, 0.3792772, 0.3390385, 6.328311, 237.9263
-11.34146, 0.3763799, 0.3710269, 7.834282, 237.7253
-11.3413, 0.3692713, 0.3500004, 7.214198, 238.5587
-11.35969, 0.3519113, 0.3438079, 5.59473, 239.994
-11.34854, 0.3676615, 0.3456971, 6.520486, 238.7418
-11.3448, 0.370403, 0.3493863, 6.922789, 238.4788
-11.34184, 0.3806514, 0.3239671, 6.382971, 238.0209
-11.3475, 0.3682163, 0.3500004, 6.731672, 238.6408
-11.34647, 0.3619557, 0.3429965, 6.599808, 239.2226
-11.34207, 0.3627676, 0.360329, 7.46521, 238.9256
-11.34103, 0.3532867, 0.3244418, 6.46049, 240.1512
-11.34279, 0.3461735, 0.3579858, 7.338624, 240.2471
-11.36681, 0.3649999, 0.3500004, 5.228591, 238.8911
-11.36881, 0.3649999, 0.3556817, 5.245957, 238.8146
-11.33548, 0.3649999, 0.3651975, 8.123846, 238.6867
-11.36924, 0.3649999, 0.3437955, 4.850407, 238.9747
-11.3679, 0.3649999, 0.312821, 4.005775, 239.3945
-11.34087, 0.3709587, 0.3500004, 7.247086, 238.4273
-11.33967, 0.3730553, 0.3549747, 7.491074, 238.1976
-11.35301, 0.3668412, 0.3363977, 5.889716, 238.9311
-11.36263, 0.3572338, 0.3276422, 4.87185, 239.7993
-11.33587, 0.3702343, 0.314693, 6.567864, 238.9598
-11.35697, 0.3613829, 0.3500004, 5.994916, 239.1725
-11.3489, 0.3654273, 0.3430196, 6.411052, 238.9519
-11.33761, 0.379902, 0.3338378, 7.012725, 237.9472
-11.34756, 0.3724481, 0.3531817, 6.823311, 238.2688
-11.35239, 0.3770767, 0.3841318, 7.380624, 237.4975
-11.36293, 0.336132, 0.3500004, 5.530558, 241.1376
-11.35457, 0.3698376, 0.3579103, 6.42055, 238.4085
-11.33369, 0.3668931, 0.3437675, 7.618289, 238.8277
-11.35156, 0.3605784, 0.3798999, 7.317967, 238.8325
-11.3667, 0.3526486, 0.3469785, 5.14545, 239.8934
-11.35811, 0.3258497, 0.3500004, 5.905795, 241.9378
-11.35698, 0.398997, 0.3549888, 6.145306, 236.1799
-11.3452, 0.35813, 0.3472742, 6.828103, 239.4626
-11.34246, 0.3593072, 0.3571545, 7.339239, 239.2374
-11.34117, 0.3550926, 0.3631651, 7.620721, 239.4836
-11.33495, 0.3649999, 0.3500004, 7.708225, 238.8911
-11.32587, 0.3649999, 0.3539213, 8.532658, 238.8383
-11.34075, 0.3649999, 0.3506418, 7.275939, 238.8824
-11.33872, 0.3649999, 0.3703711, 8.027544, 238.6173
-11.34388, 0.3649999, 0.321447, 6.147151, 239.2773
-11.32696, 0.356936, 0.3500004, 8.330154, 239.5186
-11.34768, 0.3643119, 0.3566006, 6.917009, 238.8557
-11.35494, 0.3743333, 0.3453876, 6.012197, 238.2265
-11.32671, 0.3562239, 0.3475137, 8.274908, 239.6078
-11.36801, 0.3552753, 0.3145382, 4.050293, 240.1314
-11.33101, 0.3645497, 0.3500004, 8.014483, 238.9261
-11.36149, 0.3762365, 0.3534792, 5.748839, 237.9702
-11.3253, 0.3626707, 0.3357611, 8.030534, 239.2649
-11.33102, 0.3676972, 0.3256111, 7.277927, 239.0102
-11.32187, 0.3703888, 0.3896871, 9.910712, 237.9418
-11.3348, 0.3393309, 0.3500004, 7.719755, 240.8886
-11.35498, 0.3532723, 0.3462797, 6.036186, 239.8543
-11.32701, 0.392785, 0.3579622, 8.564644, 236.6239
-11.35449, 0.3494983, 0.3549108, 6.336036, 240.0305
-11.37286, 0.3694302, 0.3608373, 5.088129, 238.401
-11.36885, 0.3825613, 0.3500004, 5.070305, 237.5244
-11.33839, 0.3267824, 0.3470171, 7.350154, 241.9065
-11.33083, 0.3690136, 0.3460154, 7.909012, 238.6323
-11.35657, 0.3620661, 0.3749962, 6.781454, 238.7829
-11.33188, 0.3960849, 0.3671765, 8.46302, 236.2464
-11.3192, 0.3649999, 0.3500004, 8.933802, 238.8911
-11.3588, 0.3649999, 0.3572594, 6.072178, 238.7933
-11.34004, 0.3649999, 0.3561861, 7.498312, 238.8078
-11.34582, 0.3649999, 0.3282067, 6.201282, 239.1856
-11.37998, 0.3649999, 0.320403, 3.295255, 239.2914
-11.38446, 0.3566053, 0.3500004, 3.855057, 239.5443
-11.39011, 0.3567192, 0.3444509, 3.244801, 239.6108
-11.36263, 0.3736343, 0.3369688, 5.157423, 238.3939
-11.36299, 0.3662936, 0.327325, 4.834285, 239.0965
-11.35222, 0.3749585, 0.3475598, 6.290174, 238.1487
-11.37145, 0.3638159, 0.3500004, 4.867544, 238.9832
-11.31676, 0.3659868, 0.3487446, 9.086366, 238.8312
-11.34699, 0.3768515, 0.3578354, 7.007976, 237.8642
-11.35509, 0.3838175, 0.3376192, 5.764818, 237.5914
-11.32131, 0.3485751, 0.3675828, 9.296093, 239.93
-11.34172, 0.3807223, 0.3500004, 7.181182, 237.6675
-11.37698, 0.3592227, 0.340286, 4.140201, 239.4723
-11.37518, 0.3923144, 0.3468341, 4.480963, 236.8072
-11.37238, 0.374297, 0.3530824, 4.889088, 238.1263
-11.36973, 0.3366571, 0.3459139, 4.877286, 241.153
-11.34311, 0.3344171, 0.3500004, 7.073121, 241.271
-11.33466, 0.3988255, 0.3404141, 7.441278, 236.3848
-11.32374, 0.367772, 0.3347039, 8.120255, 238.8814
-11.35192, 0.3750015, 0.3366601, 5.982742, 238.2914
-11.37459, 0.3581708, 0.3431187, 4.4133, 239.5158
-11.35057, 0.5374999, 0.3500004, 6.492462, 225.4669
-11.35057, 0.5374999, 0.3493297, 6.47212, 225.4748
-11.35057, 0.5374999, 0.3453216, 6.35067, 225.5219
-11.35057, 0.5374999, 0.3294578, 5.868616, 225.7086
-11.35057, 0.5374999, 0.3739591, 7.215829, 225.1867
-11.35057, 0.5382621, 0.3500004, 6.492462, 225.4076
-11.35057, 0.5417814, 0.3463838, 6.382871, 225.1761
-11.35057, 0.5346569, 0.3627417, 6.877728, 225.5386
-11.35057, 0.5422165, 0.3411107, 6.222897, 225.2039
-11.35057, 0.539744, 0.3841817, 7.523103, 224.8938
-11.35057, 0.5501438, 0.3500004, 6.492462, 224.483
-11.35057, 0.5486753, 0.3422219, 6.256614, 224.6877
-11.35057, 0.5526363, 0.3617565, 6.847944, 224.1531
-11.35057, 0.5310571, 0.3287387, 5.846729, 226.2199
-11.35057, 0.5494926, 0.3346748, 6.027374, 224.712
-11.35057, 0.5149558, 0.3500004, 6.492462, 227.2213
-11.35057, 0.5319338, 0.3485621, 6.448889, 225.9171
-11.35057, 0.539021, 0.3463075, 6.380539, 225.3919
-11.35057, 0.5249559, 0.3675575, 7.022996, 226.2354
-11.35057, 0.5381342, 0.3374639, 6.112161, 225.5648
-11.35057, 0.539519, 0.3500004, 6.492462, 225.3098
-11.35057, 0.5110155, 0.3421499, 6.254439, 227.6223
-11.35057, 0.5691622, 0.3464766, 6.385689, 223.0432
-11.35057, 0.5022559, 0.3229146, 5.669231, 228.5383
-11.35057, 0.5089162, 0.3892052, 7.673821, 227.2224
-11.34203, 0.5374999, 0.3500004, 7.156835, 225.4669
-11.35172, 0.5374999, 0.3430025, 6.19051, 225.5491
-11.34628, 0.5374999, 0.3525313, 6.902575, 225.4373
-11.35418, 0.5374999, 0.3791879, 7.093635, 225.1257
-11.34775, 0.5374999, 0.3253137, 5.96293, 225.7575
-11.34439, 0.545225, 0.3500004, 6.973314, 224.8658
-11.35041, 0.5367345, 0.354814, 6.650791, 225.47
-11.35971, 0.5308139, 0.3681, 6.329885, 225.7742
-11.34183, 0.5458515, 0.3790856, 8.047643, 224.4795
-11.35758, 0.5280765, 0.3634624, 6.355305, 226.0413
-11.35661, 0.5276743, 0.3500004, 6.022882, 226.2316
-11.35375, 0.5526682, 0.3517864, 6.299372, 224.2658
-11.3463, 0.5256415, 0.3370908, 6.433382, 226.5431
-11.35325, 0.5543318, 0.350991, 6.314378, 224.1456
-11.35028, 0.5285922, 0.3558207, 6.691504, 226.0914
-11.34458, 0.5367553, 0.3500004, 6.95848, 225.5249
-11.35911, 0.5530756, 0.3505847, 5.845742, 224.2481
-11.3485, 0.5470775, 0.3684353, 7.210321, 224.5076
-11.35856, 0.5230606, 0.3777303, 6.709871, 226.2624
-11.34089, 0.5139735, 0.3652613, 7.705879, 227.1154
-11.35362, 0.5660781, 0.3500004, 6.25514, 223.243
-11.34612, 0.5162528, 0.3566606, 7.039833, 227.0409
-11.34716, 0.5203994, 0.3311976, 6.187706, 227.0221
-11.35418, 0.5250245, 0.3769103, 7.024827, 226.1198
-11.35142, 0.5176564, 0.3808241, 7.356205, 226.6448
-11.36049, 0.5374999, 0.3500004, 5.720429, 225.4669
-11.36156, 0.5374999, 0.3423417, 5.404272, 225.5569
-11.34381, 0.5374999, 0.3593171, 7.2998, 225.3578
-11.35273, 0.5374999, 0.3234945, 5.518255, 225.779
-11.36482, 0.5374999, 0.3103101, 4.169512, 225.9351
-11.3516, 0.5439633, 0.3500004, 6.412425, 224.964
-11.3481, 0.53627, 0.3409824, 6.411595, 225.6687
-11.33798, 0.5363529, 0.3518328, 7.527652, 225.5347
-11.36584, 0.5358169, 0.3278653, 4.62882, 225.8588
-11.34605, 0.5402285, 0.3507198, 6.865997, 225.2462
-11.33606, 0.525785, 0.3500004, 7.621665, 226.3786
-11.33081, 0.5372391, 0.3502124, 8.037, 225.4847
-11.34015, 0.5386768, 0.3564012, 7.496324, 225.3004
-11.35231, 0.5207112, 0.343946, 6.173215, 226.8456
-11.35867, 0.5476561, 0.3364295, 5.449719, 224.8347
-11.34315, 0.5580465, 0.3500004, 7.069745, 223.868
-11.35529, 0.5496324, 0.3596143, 6.416202, 224.4113
-11.36272, 0.5279853, 0.3685811, 6.111016, 225.9881
-11.33073, 0.5230295, 0.3512853, 8.07508, 226.5778
-11.34878, 0.5563962, 0.3688733, 7.201538, 223.7791
-11.3589, 0.5118603, 0.3500004, 5.844111, 227.4622
-11.34053, 0.5368083, 0.3446536, 7.112217, 225.5836
-11.37034, 0.5171415, 0.3546212, 5.095081, 226.9961
-11.34237, 0.536566, 0.340821, 6.853123, 225.6475
-11.36712, 0.511233, 0.3602821, 5.517354, 227.3878
-11.36135, 0.5374999, 0.3500004, 5.653939, 225.4669
-11.35979, 0.5374999, 0.3593204, 6.057501, 225.3577
-11.36111, 0.5374999, 0.3563678, 5.86534, 225.3923
-11.32057, 0.5374999, 0.3355341, 8.392224, 225.637
-11.36057, 0.5374999, 0.3478878, 5.649862, 225.4917
-11.35785, 0.5434284, 0.3500004, 5.926166, 225.0056
-11.3789, 0.5373061, 0.3431263, 4.077287, 225.5628
-11.35864, 0.5456648, 0.3522474, 5.932446, 224.8054
-11.34043, 0.5303829, 0.3522349, 7.349253, 225.9944
-11.3588, 0.5404263, 0.3131078, 4.72621, 225.6731
-11.36251, 0.5373933, 0.3500004, 5.563102, 225.4752
-11.37229, 0.5436388, 0.342322, 4.567823, 225.0789
-11.33962, 0.5286337, 0.3404491, 7.055984, 226.27
-11.34695, 0.5354434, 0.3568982, 6.982698, 225.546
-11.35859, 0.5264734, 0.3896199, 7.065725, 225.8581
-11.33304, 0.5290136, 0.3500004, 7.856669, 226.1273
-11.34616, 0.5382453, 0.3421783, 6.599364, 225.5007
-11.37817, 0.5536023, 0.3653355, 4.812312, 224.0367
-11.35197, 0.5229013, 0.344855, 6.227903, 226.6642
-11.37689, 0.5654314, 0.3834057, 5.460234, 222.9124
-11.37223, 0.5659603, 0.3500004, 4.80722, 223.2521
-11.34701, 0.5463786, 0.351014, 6.800494, 224.7642
-11.35244, 0.5488698, 0.3679724, 6.890073, 224.3738
-11.32445, 0.5358766, 0.3296304, 7.912116, 225.8333
-11.36977, 0.5152388, 0.3101784, 3.778625, 227.678
-11.32413, 0.5374999, 0.3500004, 8.550024, 225.4669
-11.32071, 0.5374999, 0.3459463, 8.694806, 225.5145
-11.34141, 0.5374999, 0.3458569, 7.080417, 225.5156
-11.38048, 0.5374999, 0.3282846, 3.498516, 225.7225
-11.31178, 0.5374999, 0.3174811, 8.534632, 225.8501
-11.31895, 0.5370175, 0.3500004, 8.953571, 225.5045
-11.39042, 0.5304196, 0.3588322, 3.662496, 225.9138
-11.33295, 0.5397751, 0.3673198, 8.383827, 225.0875
-11.36816, 0.5437262, 0.3432842, 4.918599, 225.0609
-11.33377, 0.5444835, 0.3469268, 7.707639, 224.9593
-11.34804, 0.5212032, 0.3500004, 6.689401, 226.7352
-11.35115, 0.5535545, 0.3472159, 6.362944, 224.2498
-11.36953, 0.5536787, 0.3329782, 4.497142, 224.4053
-11.3416, 0.5390885, 0.3267367, 6.486382, 225.6167
-11.38194, 0.5324636, 0.3781197, 4.909086, 225.5287
-11.31658, 0.5343029, 0.3500004, 9.137578, 225.7157
-11.359, 0.5083712, 0.3465566, 5.732088, 227.7752
-11.31559, 0.5577685, 0.3656775, 9.682703, 223.7092
-11.37959, 0.5313234, 0.3483112, 4.182358, 225.9675
-11.37406, 0.5645727, 0.3680949, 5.215573, 223.1532
-11.35954, 0.5342116, 0.3500004, 5.794287, 225.7228
-11.36639, 0.5266061, 0.3591918, 5.540571, 226.206
-11.32309, 0.5718068, 0.3542427, 8.758249, 222.7489
-11.38001, 0.5270078, 0.3451564, 4.053555, 226.3408
-11.32102, 0.5156896, 0.3586082, 9.050345, 227.0615
-11.35057, 0.7099999, 0.3500004, 6.492462, 212.0428
-11.35057, 0.7099999, 0.3447584, 6.33359, 212.0952
-11.35057, 0.7099999, 0.3492938, 6.471047, 212.0499
-11.35057, 0.7099999, 0.3405797, 6.206775, 212.1371
-11.35057, 0.7099999, 0.3720302, 7.15775, 211.8233
-11.35057, 0.7186998, 0.3500004, 6.492462, 211.3658
-11.35057, 0.7042547, 0.3502549, 6.500158, 212.4874
-11.35057, 0.7048332, 0.3373336, 6.108184, 212.5723
-11.35057, 0.7166352, 0.3453203, 6.350627, 211.5729
-11.35057, 0.7169874, 0.3188872, 5.546336, 211.809
-11.35057, 0.7179698, 0.3500004, 6.492462, 211.4226
-11.35057, 0.7082366, 0.3554409, 6.657128, 212.1256
-11.35057, 0.7274109, 0.341434, 6.23271, 210.7721
-11.35057, 0.7170364, 0.3508125, 6.517024, 211.4872
-11.35057, 0.7138814, 0.3810818, 7.430019, 211.4326
-11.35057, 0.7197981, 0.3500004, 6.492462, 211.2803
-11.35057, 0.7299265, 0.3413383, 6.22982, 210.577
-11.35057, 0.6907008, 0.3696431, 7.085853, 213.3451
-11.35057, 0.6985609, 0.3775976, 7.325277, 212.6551
-11.35057, 0.7047418, 0.3180089, 5.519514, 212.7747
-11.35057, 0.6853839, 0.3500004, 6.492462, 213.9585
-11.35057, 0.7316017, 0.3589328, 6.762657, 210.2745
-11.35057, 0.6763114, 0.3570087, 6.704493, 214.5921
-11.35057, 0.6755788, 0.3380031, 6.12854, 214.8457
-11.35057, 0.7100604, 0.3741334, 7.221079, 211.7977
-11.35548, 0.7099999, 0.3500004, 6.110387, 212.0428
-11.34552, 0.7099999, 0.3530009, 6.976361, 212.0128
-11.34152, 0.7099999, 0.3693677, 7.780223, 211.8498
-11.35583, 0.7099999, 0.3661339, 6.57197, 211.8819
-11.34146, 0.7099999, 0.3853557, 8.264537, 211.6911
-11.3406, 0.7172544, 0.3500004, 7.268643, 211.4783
-11.35932, 0.7186998, 0.3439693, 5.62829, 211.4256
-11.34944, 0.7032738, 0.330001, 5.973687, 212.768
-11.35131, 0.7137115, 0.3256336, 5.694294, 211.9973
-11.34846, 0.7176847, 0.3835188, 7.667069, 211.1139
-11.35294, 0.6959941, 0.3500004, 6.308227, 213.1328
-11.35705, 0.6994693, 0.3486134, 5.945864, 212.8763
-11.35805, 0.6922886, 0.3581455, 6.157594, 213.3383
-11.35109, 0.7254088, 0.3234555, 5.64537, 211.1057
-11.34116, 0.723716, 0.380095, 8.129711, 210.68
-11.34982, 0.7092954, 0.3500004, 6.550827, 212.0976
-11.34103, 0.7241337, 0.3555618, 7.402568, 210.8882
-11.35214, 0.6867523, 0.3521205, 6.43477, 213.8303
-11.35327, 0.6865442, 0.3270624, 5.584874, 214.1035
-11.34641, 0.7255207, 0.3341927, 6.336951, 210.9908
-11.34258, 0.73807, 0.3500004, 7.114148, 209.8584
-11.35458, 0.7020639, 0.3459008, 6.056342, 212.7017
-11.35755, 0.7305323, 0.357998, 6.19154, 210.3668
-11.3596, 0.680207, 0.3656912, 6.265755, 214.2001
-11.34323, 0.7495302, 0.3847309, 8.108325, 208.6348
-11.3573, 0.7099999, 0.3500004, 5.968852, 212.0428
-11.34869, 0.7099999, 0.3410943, 6.368823, 212.1319
-11.3539, 0.7099999, 0.3639311, 6.654954, 211.9039
-11.33459, 0.7099999, 0.3669521, 8.245969, 211.8738
-11.35191, 0.7099999, 0.3176517, 5.403957, 212.3674
-11.3532, 0.7118611, 0.3500004, 6.288157, 211.898
-11.35339, 0.7032842, 0.3526618, 6.353531, 212.5387
-11.33875, 0.7138223, 0.3645204, 7.84986, 211.6011
-11.36413, 0.7156073, 0.3252307, 4.681091, 211.8533
-11.33638, 0.7068232, 0.3551888, 7.752829, 212.2381
-11.34223, 0.7173871, 0.3500004, 7.141585, 211.4679
-11.37043, 0.7281682, 0.3455095, 4.809694, 210.673
-11.36654, 0.7020432, 0.3362646, 4.830394, 212.8006
-11.35731, 0.6901405, 0.3350183, 5.51229, 213.7413
-11.3404, 0.7134688, 0.3536899, 7.394958, 211.7361
-11.33342, 0.6810397, 0.3500004, 7.827516, 214.2965
-11.36304, 0.6802166, 0.34329, 5.318155, 214.4297
-11.33932, 0.6827318, 0.3461731, 7.252192, 214.2042
-11.34626, 0.7125438, 0.3556915, 7.000079, 211.7882
-11.33981, 0.7009398, 0.3386659, 6.987348, 212.8623
-11.36749, 0.704214, 0.3500004, 5.175748, 212.4931
-11.36257, 0.7065301, 0.3528737, 5.645971, 212.284
-11.34077, 0.7325561, 0.355644, 7.425385, 210.2324
-11.33768, 0.7380129, 0.3380428, 7.134261, 209.9791
-11.35512, 0.7063147, 0.3544118, 6.271906, 212.2854
-11.34396, 0.7099999, 0.3500004, 7.006803, 212.0428
-11.32481, 0.7099999, 0.3455743, 8.364072, 212.0871
-11.3757, 0.7099999, 0.351662, 4.587865, 212.0262
-11.36671, 0.7099999, 0.3588619, 5.505753, 211.9544
-11.3722, 0.7099999, 0.3142085, 3.712678, 212.4021
-11.33907, 0.704689, 0.3500004, 7.387319, 212.4561
-11.34185, 0.7071368, 0.3527188, 7.253208, 212.2384
-11.34778, 0.7188954, 0.3375816, 6.333146, 211.4737
-11.34176, 0.7196616, 0.3582926, 7.427917, 211.209
-11.33812, 0.7053419, 0.3253477, 6.715779, 212.6536
-11.33503, 0.7175583, 0.3500004, 7.701817, 211.4546
-11.35829, 0.7282892, 0.3567574, 6.096668, 210.5533
-11.36453, 0.7284148, 0.3421411, 5.166721, 210.6869
-11.37234, 0.727493, 0.3275493, 4.111476, 210.9025
-11.32374, 0.6911083, 0.3133144, 7.474136, 213.8883
-11.35984, 0.6932517, 0.3500004, 5.771084, 213.3462
-11.37793, 0.7062325, 0.3584328, 4.621139, 212.2515
-11.32153, 0.7391382, 0.3351367, 8.30615, 209.9197
-11.34249, 0.7131129, 0.3344816, 6.651835, 211.9555
-11.37975, 0.7195113, 0.3312902, 3.647947, 211.4883
-11.36222, 0.7351907, 0.3500004, 5.585604, 210.0824
-11.33034, 0.7000294, 0.3487983, 8.030663, 212.8309
-11.35644, 0.7054898, 0.3514959, 6.08119, 212.3788
-11.32774, 0.6701405, 0.3279117, 7.603254, 215.375
-11.35153, 0.6810465, 0.3482131, 6.363616, 214.3144
-11.36815, 0.7099999, 0.3500004, 5.124636, 212.0428
-11.36069, 0.7099999, 0.3589676, 5.976892, 211.9533
-11.32317, 0.7099999, 0.3551811, 8.780022, 211.9911
-11.35817, 0.7099999, 0.3248506, 5.135036, 212.295
-11.38096, 0.7099999, 0.3340109, 3.63739, 212.2029
-11.33241, 0.7093813, 0.3500004, 7.905951, 212.0909
-11.36864, 0.7036132, 0.3415751, 4.829221, 212.6246
-11.34179, 0.7042159, 0.3678495, 7.713175, 212.3139
-11.38781, 0.7065936, 0.3459807, 3.471437, 212.3482
-11.3767, 0.7104329, 0.3195412, 3.524895, 212.3145
-11.37712, 0.7281008, 0.3500004, 4.426103, 210.6342
-11.37874, 0.7142603, 0.3466828, 4.199123, 211.7443
-11.34058, 0.6952049, 0.3634345, 7.674494, 213.0582
-11.38901, 0.7097365, 0.3757256, 4.287801, 211.807
-11.3257, 0.7155604, 0.3655585, 8.894134, 211.4558
-11.31385, 0.6849167, 0.3500004, 9.349895, 213.9948
-11.35042, 0.7337001, 0.3556963, 6.676626, 210.1429
-11.32744, 0.7164638, 0.369725, 8.884077, 211.3445
-11.3481, 0.6977402, 0.3520225, 6.745691, 212.9764
-11.37521, 0.681344, 0.3489989, 4.54442, 214.2831
-11.33762, 0.7171115, 0.3500004, 7.500672, 211.4894
-11.37988, 0.7227218, 0.3488273, 4.175463, 211.0644
-11.33414, 0.7197497, 0.3630055, 8.162341, 211.1556
-11.34738, 0.7093608, 0.3407336, 6.459975, 212.1853
-11.36069, 0.7063532, 0.3860109, 6.794372, 211.9671
-11.00697, 1.204594, 0.3500004, 33.23155, 173.553
-11.00697, 1.204594, 0.3419319, 33.01493, 173.5934
-11.00697, 1.204594, 0.3568068, 33.41392, 173.519
-11.00697, 1.204594, 0.3381763, 32.91397, 173.6122
-11.00697, 1.204594, 0.3394835, 32.94913, 173.6057
-11.00697, 1.209901, 0.3500004, 33.23155, 173.14
-11.00697, 1.212891, 0.3413032, 32.99804, 172.9501
-11.00697, 1.196498, 0.3668439, 33.68227, 174.0976
-11.00697, 1.206049, 0.326304, 32.59407, 173.5583
-11.00697, 1.199571, 0.3468887, 33.14806, 173.9597
-11.00697, 1.224112, 0.3500004, 33.23155, 172.0341
-11.00697, 1.212304, 0.3440517, 33.0719, 172.9823
-11.00697, 1.21693, 0.3334316, 32.78624, 172.674
-11.00697, 1.188196, 0.3541945, 33.34396, 174.8074
-11.00697, 1.223224, 0.3451461, 33.10128, 172.1266
-11.00697, 1.17722, 0.3500004, 33.23155, 175.6833
-11.00697, 1.192436, 0.3572708, 33.42635, 174.462
-11.00697, 1.201396, 0.36762, 33.703, 173.7134
-11.00697, 1.194825, 0.3664822, 33.67261, 174.2294
-11.00697, 1.217558, 0.3462678, 33.1314, 172.5623
-11.00697, 1.219219, 0.3500004, 33.23155, 172.4149
-11.00697, 1.188665, 0.349795, 33.22605, 174.7937
-11.00697, 1.207793, 0.3539778, 33.33817, 173.2843
-11.00697, 1.170541, 0.3474858, 33.16409, 176.2165
-11.00697, 1.224069, 0.3822221, 34.09208, 171.8833
-11.00657, 1.204594, 0.3500004, 33.26278, 173.553
-11.00185, 1.204594, 0.352959, 33.70946, 173.5383
-10.99809, 1.204594, 0.3684554, 34.41534, 173.461
-11.01218, 1.204594, 0.3393124, 32.53856, 173.6066
-10.9979, 1.204594, 0.3721654, 34.52848, 173.4425
-11.00268, 1.207084, 0.3500004, 33.56558, 173.3593
-11.00432, 1.205111, 0.3448658, 33.3008, 173.5385
-11.0001, 1.212953, 0.3323328, 33.29311, 172.9895
-11.00589, 1.204092, 0.3652724, 33.72486, 173.5157
-11.01143, 1.199198, 0.3368022, 32.52995, 174.0397
-10.99742, 1.201902, 0.3500004, 33.97496, 173.7625
-11.00915, 1.195086, 0.3528126, 33.13774, 174.2786
-11.00806, 1.188467, 0.3525837, 33.21622, 174.7947
-11.00551, 1.223439, 0.3426429, 33.14816, 172.1219
-10.99993, 1.201514, 0.3661112, 34.20969, 173.7118
-10.99954, 1.1881, 0.3500004, 33.81025, 174.8366
-10.99704, 1.223918, 0.3552876, 34.14611, 172.0238
-11.01315, 1.196412, 0.3363377, 32.38289, 174.2593
-11.01487, 1.200558, 0.3780722, 33.36937, 173.7261
-11.01113, 1.225642, 0.388095, 33.92653, 171.7335
-10.99916, 1.224734, 0.3500004, 33.83982, 171.9857
-10.99977, 1.205373, 0.3572487, 33.98571, 173.4562
-11.00366, 1.19751, 0.3547142, 33.61546, 174.0804
-11.0161, 1.197606, 0.3663653, 32.96109, 174.014
-11.01031, 1.182301, 0.3265002, 32.33921, 175.411
-11.02397, 1.204594, 0.3500004, 31.90855, 173.553
-11.00949, 1.204594, 0.3408235, 32.78927, 173.599
-10.99384, 1.204594, 0.3415053, 34.02634, 173.5956
-11.02127, 1.204594, 0.3610706, 32.41738, 173.4978
-11.01783, 1.204594, 0.3284983, 31.80647, 173.6609
-10.99879, 1.20433, 0.3500004, 33.86868, 173.5735
-11.0113, 1.20082, 0.3472171, 32.82022, 173.8607
-10.98755, 1.196854, 0.3361198, 34.37328, 174.226
-11.00279, 1.198219, 0.3603922, 33.83522, 173.9965
-11.02521, 1.213123, 0.3881395, 32.83703, 172.7027
-11.01027, 1.192863, 0.3500004, 32.97512, 174.4659
-10.99393, 1.195954, 0.344393, 34.09714, 174.2539
-11.01936, 1.194168, 0.3450815, 32.13514, 174.3895
-11.00463, 1.218408, 0.373743, 34.0484, 172.3629
-10.99462, 1.200082, 0.3762375, 34.89117, 173.7722
-10.99716, 1.179028, 0.3500004, 33.99562, 175.5425
-10.99904, 1.188913, 0.3488786, 33.81872, 174.7791
-10.99232, 1.233784, 0.3498012, 34.36685, 171.2823
-11.02548, 1.229627, 0.3524324, 31.8574, 171.5934
-11.00331, 1.17922, 0.3806431, 34.33411, 175.3672
-10.99497, 1.173411, 0.3500004, 34.16584, 175.9797
-11.00296, 1.179063, 0.342737, 33.34929, 175.5781
-11.01474, 1.179563, 0.3477133, 32.56536, 175.513
-10.99872, 1.189198, 0.3607893, 34.16183, 174.6956
-11.02001, 1.238055, 0.3826111, 33.09255, 170.7977
-11.01692, 1.204594, 0.3500004, 32.4575, 173.553
-11.01132, 1.204594, 0.347782, 32.8337, 173.5641
-11.00952, 1.204594, 0.3499749, 33.03286, 173.5532
-11.01899, 1.204594, 0.3637493, 32.66646, 173.4844
-10.99397, 1.204594, 0.3756669, 34.92608, 173.4251
-10.99518, 1.213445, 0.3500004, 34.14951, 172.8642
-11.02806, 1.212667, 0.3548246, 31.72063, 172.9011
-11.01298, 1.208877, 0.3641527, 33.14399, 173.1497
-10.99338, 1.208286, 0.3588046, 34.52374, 173.222
-10.99986, 1.209572, 0.369669, 34.30993, 173.0685
-11.01313, 1.20219, 0.3500004, 32.75253, 173.7401
-10.98834, 1.223301, 0.3434247, 34.50653, 172.1289
-11.03408, 1.220874, 0.3506975, 31.14069, 172.2827
-10.98401, 1.196869, 0.3308198, 34.50763, 174.2518
-11.02713, 1.216189, 0.3462493, 31.56193, 172.669
-11.00587, 1.18027, 0.3500004, 33.31734, 175.4459
-10.99395, 1.217604, 0.3415416, 34.01935, 172.5818
-11.01854, 1.18142, 0.3658468, 32.75735, 175.2737
-11.02804, 1.186917, 0.351398, 31.63015, 174.9214
-11.03679, 1.176295, 0.3387057, 30.60409, 175.8151
-11.00589, 1.19069, 0.3500004, 33.3158, 174.6351
-10.9825, 1.185819, 0.3512382, 35.16928, 175.0077
-10.99, 1.22628, 0.3394601, 34.27139, 171.9158
-11.01309, 1.179119, 0.3343407, 32.33401, 175.618
-11.00548, 1.221275, 0.3805281, 34.16246, 172.1079
-11.01519, 1.204594, 0.3500004, 32.59193, 173.553
-11.03585, 1.204594, 0.3589507, 31.22669, 173.5083
-10.97474, 1.204594, 0.3335096, 35.30216, 173.6357
-10.99218, 1.204594, 0.3326701, 33.91927, 173.6399
-11.04365, 1.204594, 0.3696623, 30.91046, 173.455
-10.9837, 1.206665, 0.3500004, 35.04272, 173.3918
-11.0277, 1.197235, 0.3463478, 31.51998, 174.1443
-11.02787, 1.201912, 0.3645775, 31.99858, 173.6886
-10.97321, 1.210049, 0.369166, 36.36535, 173.0339
-10.9885, 1.210309, 0.3107586, 33.61893, 173.3032
-10.97874, 1.18902, 0.3500004, 35.42888, 174.765
-11.00733, 1.208647, 0.349633, 33.19385, 173.2395
-11.04359, 1.187557, 0.3474885, 30.3137, 174.8918
-11.01824, 1.191259, 0.3260198, 31.70717, 174.7143
-11.04379, 1.20177, 0.3895045, 31.4349, 173.5751
-11.01486, 1.199721, 0.3500004, 32.61758, 173.9322
-10.9879, 1.196318, 0.3416094, 34.49234, 174.2398
-10.99109, 1.181525, 0.3300041, 33.93319, 175.4532
-10.98657, 1.199655, 0.3437055, 34.65188, 173.9692
-10.96887, 1.229782, 0.3677157, 36.66444, 171.509
-11.02175, 1.234475, 0.3500004, 32.08192, 171.2277
-11.04493, 1.19656, 0.3441541, 30.11879, 174.208
-11.0466, 1.172346, 0.3579386, 30.36377, 176.0204
-10.99562, 1.174595, 0.3716372, 34.69101, 175.7731
-11.01891, 1.243942, 0.3300773, 31.76491, 170.5829
-11.00697, 1.414594, 0.3500004, 33.23155, 157.2106
-11.00697, 1.414594, 0.340714, 32.9822, 157.2374
-11.00697, 1.414594, 0.3332837, 32.78227, 157.2589
-11.00697, 1.414594, 0.3780773, 33.98178, 157.13
-11.00697, 1.414594, 0.3344181, 32.81281, 157.2556
-11.00697, 1.417922, 0.3500004, 33.23155, 156.9516
-11.00697, 1.420145, 0.3435217, 33.05765, 156.7969
-11.00697, 1.411925, 0.3396029, 32.95233, 157.4485
-11.00697, 1.421482, 0.3230471, 32.50617, 156.7506
-11.00697, 1.413149, 0.3603098, 33.50766, 157.2932
-11.00697, 1.422868, 0.3500004, 33.23155, 156.5667
-11.00697, 1.404773, 0.3506941, 33.25015, 157.9728
-11.00697, 1.41677, 0.3682292, 33.71927, 156.9893
-11.00697, 1.419927, 0.3484896, 33.19103, 156.7998
-11.00697, 1.418607, 0.3233764, 32.51507, 156.9742
-11.00697, 1.441551, 0.3500004, 33.23155, 155.1128
-11.00697, 1.415337, 0.3504812, 33.24443, 157.1514
-11.00697, 1.444491, 0.3418217, 33.01199, 154.9051
-11.00697, 1.404024, 0.3618733, 33.54947, 157.9978
-11.00697, 1.433044, 0.3279468, 32.6384, 155.8344
-11.00697, 1.398678, 0.3500004, 33.23155, 158.4492
-11.00697, 1.41573, 0.3547677, 33.35933, 157.1085
-11.00697, 1.410605, 0.3432817, 33.05121, 157.5406
-11.00697, 1.424555, 0.3281048, 32.64268, 156.4965
-11.00697, 1.429016, 0.3289694, 32.66599, 156.146
-11.00805, 1.414594, 0.3500004, 33.1479, 157.2106
-11.0027, 1.414594, 0.3574573, 33.76345, 157.1892
-10.99992, 1.414594, 0.3486781, 33.74519, 157.2144
-11.00155, 1.414594, 0.3306754, 33.13499, 157.2664
-10.99824, 1.414594, 0.3382576, 33.59695, 157.2445
-11.00957, 1.414055, 0.3500004, 33.02915, 157.2525
-11.00721, 1.413384, 0.3528949, 33.29045, 157.2964
-11.00638, 1.416415, 0.342427, 33.07488, 157.0906
-11.00035, 1.404706, 0.3440986, 33.58872, 157.9977
-10.99988, 1.41894, 0.3228886, 33.05576, 156.9496
-11.00517, 1.413039, 0.3500004, 33.37227, 157.3316
-11.01644, 1.409355, 0.3573207, 32.69157, 157.5968
-11.0023, 1.425097, 0.347542, 33.52939, 156.4001
-11.00572, 1.432374, 0.3438286, 33.16372, 155.8436
-11.01465, 1.421413, 0.3751663, 33.30862, 156.6094
-11.01625, 1.426836, 0.3500004, 32.50976, 156.2579
-10.99993, 1.415612, 0.3423377, 33.57445, 157.1534
-11.00596, 1.43768, 0.3587474, 33.54433, 155.3908
-11.00383, 1.417691, 0.336664, 33.11802, 157.0076
-11.00167, 1.425124, 0.3229142, 32.91679, 156.4665
-11.00846, 1.431551, 0.3500004, 33.11584, 155.891
-11.01171, 1.425348, 0.3520312, 32.91721, 156.368
-11.01, 1.380238, 0.3315165, 32.49833, 159.944
-11.00188, 1.391237, 0.3387103, 33.32533, 159.0634
-11.01253, 1.409201, 0.3705779, 33.35103, 157.57
-11.00257, 1.414594, 0.3500004, 33.57466, 157.2106
-11.00434, 1.414594, 0.3415938, 33.21074, 157.2349
-11.02184, 1.414594, 0.3520834, 32.1306, 157.2046
-11.00445, 1.414594, 0.322296, 32.68271, 157.2907
-10.9984, 1.414594, 0.347084, 33.82084, 157.219
-11.01478, 1.423876, 0.3500004, 32.62447, 156.4883
-11.0237, 1.421773, 0.3493068, 31.91084, 156.6539
-11.02338, 1.413057, 0.3696266, 32.4831, 157.2735
-11.00041, 1.408136, 0.3617056, 34.05493, 157.6787
-11.01923, 1.4114, 0.3775174, 33.01668, 157.3793
-11.02084, 1.43041, 0.3500004, 32.15222, 155.9798
-10.99043, 1.41809, 0.3497166, 34.51123, 156.9393
-11.0043, 1.401326, 0.3418933, 33.22193, 158.2676
-11.00141, 1.41283, 0.3459598, 33.55619, 157.3596
-11.00312, 1.423213, 0.3457212, 33.41702, 156.5518
-11.01578, 1.385188, 0.3500004, 32.54621, 159.499
-10.99457, 1.43139, 0.346466, 34.10275, 155.9131
-11.01697, 1.401902, 0.3442084, 32.29756, 158.2157
-10.99197, 1.405791, 0.3674238, 34.86251, 157.8441
-10.98991, 1.392807, 0.370722, 35.11049, 158.842
-11.02389, 1.421491, 0.3500004, 31.91497, 156.6739
-11.00952, 1.409533, 0.3403507, 32.77393, 157.6328
-10.9893, 1.419834, 0.3648431, 35.00197, 156.7609
-11.01586, 1.392435, 0.3618519, 32.85881, 158.8983
-11.00254, 1.388434, 0.3331986, 33.1258, 159.2993
-10.97957, 1.414594, 0.3500004, 35.36392, 157.2106
-10.99679, 1.414594, 0.3588015, 34.25872, 157.1853
-11.01231, 1.414594, 0.364613, 33.20792, 157.1686
-11.00488, 1.414594, 0.3490712, 33.36973, 157.2133
-11.03175, 1.414594, 0.3404736, 31.04533, 157.2381
-11.03453, 1.423119, 0.3500004, 31.08713, 156.5472
-11.02856, 1.41137, 0.3577404, 31.76094, 157.4389
-11.00362, 1.412201, 0.3665131, 33.93359, 157.349
-10.99284, 1.408935, 0.3796483, 35.11927, 157.5642
-10.99807, 1.408991, 0.3738777, 34.56094, 157.5767
-11.01431, 1.411394, 0.3500004, 32.66051, 157.4597
-11.00847, 1.420021, 0.3434856, 32.93996, 156.8067
-11.03172, 1.396036, 0.3339631, 30.87061, 158.7041
-11.025, 1.41652, 0.3794717, 32.62158, 156.9767
-11.0101, 1.40581, 0.3657067, 33.40932, 157.8476
-11.0189, 1.423633, 0.3500004, 32.30327, 156.5071
-11.00712, 1.386144, 0.3476209, 33.15649, 159.4322
-11.0291, 1.428705, 0.3505147, 31.52372, 156.1111
-11.03027, 1.40793, 0.3753557, 32.10242, 157.6547
-11.00545, 1.420952, 0.3805941, 34.16699, 156.63
-11.03525, 1.382318, 0.3500004, 31.0309, 159.7223
-11.03117, 1.39876, 0.3417904, 31.12603, 158.4678
-11.03449, 1.425895, 0.3615536, 31.4029, 156.2992
-11.02474, 1.426358, 0.368987, 32.3605, 156.2428
-10.97914, 1.400749, 0.328314, 34.82064, 158.3537
-11.02941, 1.414594, 0.3500004, 31.48576, 157.2106
-10.96929, 1.414594, 0.3416113, 35.94212, 157.2348
-11.04014, 1.414594, 0.3534942, 30.74555, 157.2006
-11.02119, 1.414594, 0.3403163, 31.86376, 157.2386
-11.00603, 1.414594, 0.3208434, 32.52006, 157.295
-11.00232, 1.416647, 0.3500004, 33.5939, 157.0508
-11.00093, 1.417588, 0.3567181, 33.88136, 156.9585
-11.04524, 1.413477, 0.3376116, 29.91596, 157.3334
-11.02553, 1.413886, 0.3345724, 31.37017, 157.3103
-11.01766, 1.4069, 0.3198221, 31.58451, 157.899
-11.01607, 1.411184, 0.3500004, 32.52384, 157.476
-10.97909, 1.41195, 0.3411715, 35.16658, 157.442
-11.03113, 1.406554, 0.3628162, 31.69757, 157.7984
-11.0456, 1.416947, 0.3510879, 30.25546, 157.0244
-10.97021, 1.424184, 0.3775799, 36.8195, 156.3877
-10.99384, 1.414946, 0.3500004, 34.2533, 157.1832
-11.01865, 1.416785, 0.3569187, 32.50933, 157.0203
-11.01399, 1.425709, 0.3557167, 32.8392, 156.3298
-11.04687, 1.409118, 0.336508, 29.75879, 157.6764
-10.99089, 1.436121, 0.3301707, 33.95348, 155.5883
-11.04343, 1.396902, 0.3500004, 30.39431, 158.5874
-11.01114, 1.408855, 0.35577, 33.06242, 157.6402
-11.01161, 1.38156, 0.3411786, 32.63383, 159.8097
-10.99117, 1.410022, 0.3639732, 34.83364, 157.5255
-11.00681, 1.449619, 0.372851, 33.85509, 154.4273
-11.39921, 1.204594, 0.3500004, 2.707443, 173.553
-11.39921, 1.204594, 0.3452018, 2.559657, 173.577
-11.39921, 1.204594, 0.3371737, 2.312007, 173.6173
-11.39921, 1.204594, 0.330552, 2.107358, 173.6505
-11.39921, 1.204594, 0.354053, 2.832112, 173.5328
-11.39921, 1.204198, 0.3500004, 2.707443, 173.5838
-11.39921, 1.206006, 0.3541184, 2.834101, 173.4226
-11.39921, 1.203874, 0.3430602, 2.493625, 173.6438
-11.39921, 1.206237, 0.3249081, 1.932664, 173.5506
-11.39921, 1.212087, 0.3762227, 3.511763, 172.8412
-11.39921, 1.185556, 0.3500004, 2.707443, 175.0345
-11.39921, 1.189177, 0.3428313, 2.486601, 174.7897
-11.39921, 1.22059, 0.3429781, 2.491121, 172.3422
-11.39921, 1.212596, 0.3385445, 2.354321, 172.9867
-11.39921, 1.221174, 0.3654802, 3.182902, 172.1881
-11.39921, 1.220144, 0.3500004, 2.707443, 172.3428
-11.39921, 1.222043, 0.3419538, 2.459521, 172.2339
-11.39921, 1.232016, 0.343029, 2.492681, 171.4519
-11.39921, 1.175189, 0.376531, 3.52119, 175.7013
-11.39921, 1.179244, 0.3541436, 2.834902, 175.504
-11.39921, 1.164953, 0.3500004, 2.707443, 176.6379
-11.39921, 1.178626, 0.3462334, 2.591443, 175.5937
-11.39921, 1.212266, 0.3591263, 2.987967, 172.9111
-11.39921, 1.216388, 0.3657242, 3.190398, 172.5585
-11.39921, 1.20487, 0.3338293, 2.208681, 173.6125
-11.40916, 1.204594, 0.3500004, 1.932807, 173.553
-11.39385, 1.204594, 0.3462805, 3.010068, 173.5717
-11.39953, 1.204594, 0.3341836, 2.194419, 173.6323
-11.40222, 1.204594, 0.3362348, 2.048235, 173.622
-11.40865, 1.204594, 0.3872348, 3.116455, 173.3678
-11.39128, 1.194819, 0.3500004, 3.324451, 174.3137
-11.39335, 1.21154, 0.3595732, 3.457303, 172.9654
-11.39855, 1.208766, 0.3348278, 2.290764, 173.3037
-11.39424, 1.199497, 0.3604017, 3.413529, 173.8972
-11.39077, 1.19478, 0.3129724, 2.222342, 174.5065
-11.40863, 1.200711, 0.3500004, 1.974607, 173.8552
-11.40791, 1.213589, 0.3468861, 1.933908, 172.8683
-11.40073, 1.211622, 0.3624551, 2.972102, 172.9448
-11.40171, 1.211879, 0.3472855, 2.429352, 172.9995
-11.38972, 1.216662, 0.330333, 2.840667, 172.7101
-11.39332, 1.20409, 0.3500004, 3.165393, 173.5923
-11.40581, 1.222769, 0.3464839, 2.085171, 172.1556
-11.39231, 1.226804, 0.3632201, 3.649492, 171.7616
-11.40691, 1.214698, 0.3415734, 1.847892, 172.808
-11.39791, 1.23441, 0.3761318, 3.609624, 171.1103
-11.40533, 1.1684, 0.3500004, 2.231283, 176.3696
-11.40144, 1.171939, 0.3596144, 2.829752, 176.0431
-11.39552, 1.243041, 0.3543752, 3.129215, 170.5408
-11.39753, 1.193426, 0.3755735, 3.621926, 174.2918
-11.38979, 1.193464, 0.3552378, 3.600883, 174.3924
-11.39588, 1.204594, 0.3500004, 2.966852, 173.553
-11.38689, 1.204594, 0.3437177, 3.473024, 173.5845
-11.41242, 1.204594, 0.3353517, 1.226048, 173.6264
-11.38405, 1.204594, 0.340524, 3.596334, 173.6005
-11.40104, 1.204594, 0.3470283, 2.47314, 173.5679
-11.4102, 1.197084, 0.3500004, 1.85194, 174.1375
-11.4157, 1.212293, 0.3470328, 1.332321, 172.9685
-11.3793, 1.205271, 0.3535993, 4.367123, 173.4824
-11.41396, 1.212246, 0.3728194, 2.263384, 172.8455
-11.39806, 1.209267, 0.3503612, 2.807593, 173.1876
-11.41436, 1.189539, 0.3500004, 1.528487, 174.7246
-11.41679, 1.213871, 0.3495364, 1.324539, 172.8334
-11.38098, 1.209361, 0.3486186, 4.083738, 173.1889
-11.40957, 1.217243, 0.3615795, 2.258492, 172.5123
-11.39884, 1.188211, 0.3357864, 2.298245, 174.9015
-11.4169, 1.22358, 0.3500004, 1.330419, 172.0755
-11.39303, 1.203455, 0.3568272, 3.397923, 173.6075
-11.40292, 1.202415, 0.3641871, 2.855358, 173.6515
-11.38336, 1.208669, 0.3437692, 3.750257, 173.2668
-11.40291, 1.217849, 0.328795, 1.764536, 172.6249
-11.39333, 1.175298, 0.3500004, 3.165207, 175.8328
-11.38645, 1.193955, 0.3415994, 3.442683, 174.4239
-11.40786, 1.165065, 0.3400777, 1.727257, 176.6828
-11.3998, 1.18573, 0.3424907, 2.43001, 175.06
-11.40625, 1.190969, 0.3603626, 2.478404, 174.5602
-11.42329, 1.204594, 0.3500004, 0.8337593, 173.553
-11.42485, 1.204594, 0.3500645, 0.7138538, 173.5527
-11.39178, 1.204594, 0.3563751, 3.481364, 173.5212
-11.38842, 1.204594, 0.3432014, 3.338227, 173.5871
-11.38578, 1.204594, 0.3767399, 4.568982, 173.4198
-11.40267, 1.200737, 0.3500004, 2.438192, 173.8532
-11.40623, 1.208091, 0.3545505, 2.301235, 173.2583
-11.37744, 1.197569, 0.3404856, 4.110417, 174.148
-11.42759, 1.201722, 0.3377833, 0.118804, 173.838
-11.39192, 1.207446, 0.3107989, 2.0645, 173.5269
-11.3878, 1.200819, 0.3500004, 3.595076, 173.8468
-11.38877, 1.210522, 0.3548071, 3.667417, 173.0679
-11.42592, 1.186846, 0.3444822, 0.4573631, 174.9627
-11.37971, 1.215413, 0.3259273, 3.486371, 172.8291
-11.40815, 1.188578, 0.3781928, 2.878704, 174.6544
-11.42311, 1.20325, 0.3500004, 0.8472347, 173.6576
-11.37635, 1.201269, 0.345202, 4.339628, 173.836
-11.39889, 1.176622, 0.3576441, 2.967153, 175.6895
-11.37365, 1.179222, 0.3567528, 4.902434, 175.492
-11.41315, 1.21823, 0.3423889, 1.387339, 172.5289
-11.40137, 1.195002, 0.3500004, 2.538886, 174.2995
-11.4178, 1.19616, 0.3598893, 1.566296, 174.1591
-11.37019, 1.186067, 0.3490074, 4.93515, 174.9999
-11.42569, 1.196806, 0.3386224, 0.292697, 174.2169
-11.40652, 1.222341, 0.3157541, 1.07739, 172.3378
-11.39352, 1.204594, 0.3528489, 3.237376, 173.5388
-11.43309, 1.204594, 0.3622138, 0.4503393, 173.4921
-11.39228, 1.204594, 0.3446728, 3.083196, 173.5797
-11.37218, 1.204594, 0.3725814, 5.497584, 173.4405
-11.42087, 1.202551, 0.3500004, 1.021857, 173.712
-11.37373, 1.200519, 0.3541075, 4.815245, 173.8495
-11.36948, 1.202782, 0.3640176, 5.447631, 173.6238
-11.42146, 1.20079, 0.386823, 2.11175, 173.6644
-11.40269, 1.185664, 0.3500004, 2.436705, 175.0262
-11.37782, 1.204797, 0.3406067, 4.084225, 173.5843
-11.4041, 1.214769, 0.3629193, 2.724438, 172.698
-11.41531, 1.213789, 0.3368384, 1.046448, 172.9022
-11.41466, 1.189001, 0.3310416, 0.9170723, 174.8645
-11.38026, 1.198949, 0.3500004, 4.182329, 173.9923
-11.36699, 1.232943, 0.3496652, 5.20453, 171.3485
-11.40767, 1.186341, 0.3493895, 2.030139, 174.9766
-11.38658, 1.217982, 0.3717489, 4.355135, 172.4056
-11.40839, 1.192695, 0.3500004, 1.992602, 174.479
-11.36851, 1.167385, 0.3389725, 4.759827, 176.508
-11.39069, 1.209542, 0.337475, 2.98552, 173.2301
-11.407, 1.24015, 0.3478149, 2.033315, 170.7962
-11.34554, 2.389187, 0.3500004, 6.884079, 81.36679
-11.34554, 2.389187, 0.3410125, 6.611996, 81.30418
-11.34554, 2.389187, 0.3638328, 7.301559, 81.46283
-11.34554, 2.389187, 0.3688751, 7.453365, 81.49776
-11.34554, 2.389187, 0.3827939, 7.871404, 81.59392
-11.34554, 2.382874, 0.3500004, 6.884079, 81.85802
-11.34554, 2.393462, 0.3436339, 6.691403, 80.98946
-11.34554, 2.384199, 0.3358704, 6.456041, 81.65715
-11.34554, 2.390679, 0.3375562, 6.507196, 81.16376
-11.34554, 2.389062, 0.363435, 7.289557, 81.46979
-11.34554, 2.395698, 0.3500004, 6.884079, 80.86006
-11.34554, 2.408589, 0.3447524, 6.725292, 79.81934
-11.34554, 2.408027, 0.3348681, 6.425643, 79.7923
-11.34554, 2.382904, 0.367365, 7.407918, 81.97514
-11.34554, 2.388722, 0.370088, 7.489872, 81.54227
-11.34554, 2.364822, 0.3500004, 6.884079, 83.26286
-11.34554, 2.382627, 0.3512148, 6.9208, 81.88564
-11.34554, 2.392824, 0.364384, 7.318168, 81.1841
-11.34554, 2.381127, 0.3577379, 7.117782, 82.04718
-11.34554, 2.418947, 0.3286191, 6.235785, 78.89526
-11.34554, 2.357812, 0.3500004, 6.884079, 83.80846
-11.34554, 2.410992, 0.348185, 6.829176, 79.65685
-11.34554, 2.426428, 0.3408785, 6.607933, 78.40167
-11.34554, 2.380857, 0.3469186, 6.790853, 81.99382
-11.34554, 2.428922, 0.3431139, 6.675653, 78.22382
-11.33754, 2.389187, 0.3500004, 7.506723, 81.36679
-11.35046, 2.389187, 0.3496492, 6.49066, 81.36433
-11.34806, 2.389187, 0.3651042, 7.143903, 81.47165
-11.33797, 2.389187, 0.3456614, 7.342186, 81.33658
-11.34319, 2.389187, 0.3262394, 6.347036, 81.20097
-11.35176, 2.382855, 0.3500004, 6.400008, 81.8595
-11.34557, 2.385857, 0.3495297, 6.867514, 81.6227
-11.35415, 2.392657, 0.3471372, 6.12731, 81.07675
-11.346, 2.382998, 0.3709732, 7.480989, 81.99261
-11.34109, 2.389985, 0.3470064, 7.139482, 81.28384
-11.34017, 2.398646, 0.3500004, 7.301831, 80.63068
-11.34158, 2.402521, 0.3449925, 7.040677, 80.29356
-11.35326, 2.408604, 0.3639821, 6.706481, 79.95557
-11.33854, 2.37351, 0.3742721, 8.15855, 82.75128
-11.34214, 2.395844, 0.3869642, 8.259559, 81.1071
-11.34264, 2.364738, 0.3500004, 7.11, 83.26938
-11.35123, 2.403316, 0.3539456, 6.560326, 80.29526
-11.35222, 2.369405, 0.332929, 5.845942, 82.79065
-11.34465, 2.407336, 0.3793618, 7.837071, 80.16327
-11.33965, 2.3681, 0.3270873, 6.648703, 82.85283
-11.35517, 2.390704, 0.3500004, 6.134791, 81.24872
-11.33793, 2.395507, 0.3436683, 7.285452, 80.83049
-11.34332, 2.352046, 0.3461083, 6.93944, 84.23145
-11.3391, 2.391165, 0.3583785, 7.637386, 81.27121
-11.35184, 2.424837, 0.3781875, 7.244539, 78.79791
-11.33639, 2.389187, 0.3500004, 7.595716, 81.36679
-11.35099, 2.389187, 0.3444767, 6.292763, 81.32832
-11.34527, 2.389187, 0.354547, 7.04248, 81.39839
-11.35422, 2.389187, 0.3657943, 6.686654, 81.47643
-11.3376, 2.389187, 0.3475349, 7.427731, 81.34962
-11.33215, 2.382618, 0.3500004, 7.925777, 81.87801
-11.35005, 2.3946, 0.352857, 6.619306, 80.96556
-11.34866, 2.389097, 0.3486033, 6.598577, 81.36401
-11.33262, 2.385808, 0.3701495, 8.494692, 81.76883
-11.35782, 2.379436, 0.3252694, 5.175118, 81.95544
-11.35025, 2.407412, 0.3500004, 6.51721, 79.9485
-11.35161, 2.406932, 0.3463931, 6.302061, 79.9601
-11.33489, 2.38017, 0.3601952, 8.019662, 82.1384
-11.33793, 2.399371, 0.3789054, 8.344445, 80.7775
-11.36048, 2.376487, 0.3297637, 5.105095, 82.21655
-11.3607, 2.387488, 0.3500004, 5.704408, 81.49904
-11.34879, 2.362058, 0.3480042, 6.570725, 83.46463
-11.35061, 2.413483, 0.3624059, 6.864538, 79.56523
-11.35168, 2.382511, 0.3477369, 6.337352, 81.8707
-11.33766, 2.389095, 0.3210382, 6.620893, 81.17177
-11.32986, 2.410459, 0.3500004, 8.10389, 79.71135
-11.35891, 2.355379, 0.3423533, 5.611081, 83.9471
-11.33544, 2.375224, 0.3521445, 7.734232, 82.46799
-11.36513, 2.407953, 0.352972, 5.450077, 79.9276
-11.34212, 2.417699, 0.3139138, 6.05504, 78.88533
-11.34441, 2.389187, 0.3500004, 6.971598, 81.36679
-11.33269, 2.389187, 0.356391, 8.076425, 81.41121
-11.35219, 2.389187, 0.369623, 6.959882, 81.50293
-11.33809, 2.389187, 0.3348239, 7.004757, 81.261
-11.32065, 2.389187, 0.3448065, 8.664722, 81.33063
-11.35465, 2.383033, 0.3500004, 6.174989, 81.84572
-11.37249, 2.382391, 0.3447204, 4.625487, 81.85927
-11.31966, 2.384456, 0.3517173, 8.949809, 81.74681
-11.35389, 2.385658, 0.3316662, 5.677085, 81.51424
-11.35941, 2.379845, 0.3749587, 6.56034, 82.26447
-11.34891, 2.397725, 0.3500004, 6.621652, 80.70232
-11.32875, 2.383062, 0.3597028, 8.482146, 81.91025
-11.3349, 2.399517, 0.3501279, 7.715793, 80.56377
-11.33891, 2.370079, 0.3798719, 8.297968, 83.05499
-11.35819, 2.389813, 0.387923, 7.045083, 81.5808
-11.35917, 2.407042, 0.3500004, 5.823154, 79.97726
-11.35586, 2.373607, 0.3510486, 6.112733, 82.58633
-11.31994, 2.404686, 0.3679307, 9.412107, 80.28784
-11.33831, 2.391911, 0.360299, 7.75692, 81.22664
-11.37423, 2.408696, 0.379587, 5.550814, 80.05937
-11.35051, 2.373378, 0.3500004, 6.497383, 82.59703
-11.32387, 2.388579, 0.346714, 8.471746, 81.39122
-11.33553, 2.381905, 0.3454567, 7.525792, 81.90218
-11.36225, 2.39932, 0.3394743, 5.263038, 80.50383
-11.3634, 2.388933, 0.3224827, 4.654498, 81.19452
-11.32067, 2.389187, 0.3500004, 8.819389, 81.36679
-11.3156, 2.389187, 0.3588647, 9.478726, 81.42838
-11.36776, 2.389187, 0.3589559, 5.427189, 81.429
-11.33386, 2.389187, 0.3546654, 7.933545, 81.39922
-11.30984, 2.389187, 0.3566937, 9.862161, 81.4133
-11.34222, 2.387776, 0.3500004, 7.142286, 81.47659
-11.32503, 2.389942, 0.3491763, 8.455253, 81.30232
-11.34573, 2.396405, 0.3699224, 7.470345, 80.94472
-11.30991, 2.386529, 0.366503, 10.14912, 81.68774
-11.332, 2.388785, 0.3440874, 7.759881, 81.35693
-11.31649, 2.369652, 0.3500004, 9.144402, 82.88702
-11.36393, 2.400885, 0.3586953, 5.716996, 80.51788
-11.32214, 2.379805, 0.3373814, 8.325548, 82.01018
-11.37972, 2.372029, 0.3474722, 4.146781, 82.68492
-11.37692, 2.379104, 0.3696245, 5.039878, 82.28558
-11.3719, 2.367174, 0.3500004, 4.832697, 83.07985
-11.31404, 2.396513, 0.3519707, 9.393983, 80.81053
-11.33121, 2.383095, 0.3388157, 7.66212, 81.76364
-11.37546, 2.400609, 0.3266393, 3.839908, 80.31221
-11.34056, 2.368574, 0.3341816, 6.79307, 82.86391
-11.35451, 2.378261, 0.3500004, 6.186218, 82.21707
-11.34655, 2.350327, 0.3472434, 6.722045, 84.37282
-11.3605, 2.382071, 0.3567963, 5.926151, 81.96732
-11.38305, 2.416495, 0.335275, 3.513465, 79.13492
-11.3219, 2.422809, 0.3723801, 9.392824, 78.91309
-11.34554, 2.599187, 0.3500004, 6.884079, 65.02434
-11.34554, 2.599187, 0.3474825, 6.807933, 65.0015
-11.34554, 2.599187, 0.3467248, 6.784987, 64.9946
-11.34554, 2.599187, 0.3583045, 7.134891, 65.09964
-11.34554, 2.599187, 0.3204193, 5.986233, 64.75485
-11.34554, 2.597999, 0.3500004, 6.884079, 65.11678
-11.34554, 2.589689, 0.3566577, 7.08518, 65.82321
-11.34554, 2.597109, 0.3310661, 6.310186, 65.01419
-11.34554, 2.598326, 0.3498695, 6.880116, 65.09016
-11.34554, 2.603616, 0.3224542, 6.048203, 64.42761
-11.34554, 2.601788, 0.3500004, 6.884079, 64.82196
-11.34554, 2.616291, 0.340959, 6.610394, 63.60965
-11.34554, 2.595081, 0.3503694, 6.895223, 65.34723
-11.34554, 2.599789, 0.3425406, 6.658301, 64.9097
-11.34554, 2.593592, 0.3445832, 6.720171, 65.41087
-11.34554, 2.585293, 0.3500004, 6.884079, 66.10559
-11.34554, 2.60699, 0.3423178, 6.651564, 64.34673
-11.34554, 2.586324, 0.3611038, 7.219319, 66.12454
-11.34554, 2.570058, 0.3550897, 7.03783, 67.33591
-11.34554, 2.576744, 0.3554827, 7.049704, 66.81938
-11.34554, 2.634836, 0.3500004, 6.884079, 62.25012
-11.34554, 2.581517, 0.3492177, 6.860404, 66.39247
-11.34554, 2.628475, 0.3543561, 7.015715, 62.78592
-11.34554, 2.632125, 0.3752607, 7.64534, 62.698
-11.34554, 2.61017, 0.3613356, 7.2263, 64.27362
-11.34235, 2.599187, 0.3500004, 7.132015, 65.02434
-11.34283, 2.599187, 0.3527193, 7.176948, 65.04901
-11.33941, 2.599187, 0.3338238, 6.872234, 64.87721
-11.34228, 2.599187, 0.366042, 7.621021, 65.16963
-11.35146, 2.599187, 0.3544564, 6.558251, 65.06477
-11.33917, 2.607776, 0.3500004, 7.379608, 64.35599
-11.3418, 2.593447, 0.3541906, 7.301631, 65.5088
-11.3414, 2.592862, 0.3546535, 7.346478, 65.55847
-11.34492, 2.591193, 0.3341173, 6.450806, 65.50328
-11.33687, 2.597996, 0.3307438, 6.977091, 64.94205
-11.34467, 2.601354, 0.3500004, 6.951771, 64.85568
-11.34708, 2.598906, 0.349536, 6.750083, 65.04204
-11.34057, 2.592451, 0.3344857, 6.801853, 65.40852
-11.33739, 2.602294, 0.3528584, 7.604671, 64.80856
-11.34067, 2.594224, 0.3420278, 7.022381, 65.33858
-11.34677, 2.618569, 0.3500004, 6.788549, 63.51605
-11.34794, 2.598728, 0.3402644, 6.402225, 64.97165
-11.33994, 2.601432, 0.3463264, 7.208934, 64.81619
-11.34762, 2.602924, 0.3564331, 6.91628, 64.7921
-11.3373, 2.60586, 0.317789, 6.549697, 64.20935
-11.35443, 2.620286, 0.3500004, 6.191797, 63.38245
-11.35022, 2.559854, 0.3500032, 6.519971, 68.08534
-11.35431, 2.580081, 0.3653998, 6.667328, 66.64777
-11.33893, 2.595167, 0.3421951, 7.162285, 65.26665
-11.3367, 2.565186, 0.3192019, 6.640091, 67.40034
-11.35101, 2.599187, 0.3500004, 6.458616, 65.02434
-11.32566, 2.599187, 0.3416109, 8.179007, 64.94812
-11.35174, 2.599187, 0.3408091, 6.122804, 64.94081
-11.34176, 2.599187, 0.373207, 7.87694, 65.23433
-11.34513, 2.599187, 0.381761, 7.872548, 65.31143
-11.33517, 2.608806, 0.3500004, 7.690773, 64.27582
-11.35021, 2.600237, 0.3447298, 6.361241, 64.89473
-11.35553, 2.596036, 0.3569401, 6.316681, 65.33231
-11.36273, 2.599866, 0.3657562, 6.024141, 65.11433
-11.35176, 2.60033, 0.3569406, 6.610222, 64.99843
-11.34357, 2.616879, 0.3500004, 7.037086, 63.64754
-11.34101, 2.618344, 0.3552608, 7.3949, 63.58229
-11.33842, 2.586851, 0.3600523, 7.741127, 66.0742
-11.33991, 2.588114, 0.3613626, 7.664866, 65.98776
-11.3523, 2.585417, 0.3766351, 7.162442, 66.33321
-11.32595, 2.612342, 0.3500004, 8.408718, 64.00063
-11.35825, 2.589945, 0.3548127, 6.040893, 65.7868
-11.35962, 2.604186, 0.3619444, 6.150627, 64.74417
-11.35516, 2.609734, 0.3433501, 5.933175, 64.14247
-11.34272, 2.618576, 0.3182509, 6.140127, 63.21986
-11.35007, 2.637636, 0.3500004, 6.531758, 62.03224
-11.36422, 2.581115, 0.3401608, 5.130873, 66.34315
-11.34745, 2.563873, 0.3612942, 7.07624, 67.8709
-11.33945, 2.607898, 0.3511597, 7.393126, 64.35712
-11.34773, 2.581316, 0.3118297, 5.552559, 66.07388
-11.36487, 2.599187, 0.3500004, 5.379868, 65.02434
-11.34407, 2.599187, 0.3549085, 7.146649, 65.06886
-11.31852, 2.599187, 0.3443438, 8.817143, 64.97298
-11.36427, 2.599187, 0.3372215, 5.036616, 64.90819
-11.34937, 2.599187, 0.375569, 7.357478, 65.25563
-11.36016, 2.593017, 0.3500004, 5.746436, 65.50453
-11.37336, 2.596472, 0.3407941, 4.437532, 65.15224
-11.33078, 2.598489, 0.3671078, 8.546433, 65.23352
-11.34128, 2.594543, 0.3232686, 6.405873, 65.14355
-11.35406, 2.59198, 0.3682063, 6.771326, 65.74876
-11.34109, 2.598125, 0.3500004, 7.229991, 65.10696
-11.35227, 2.611774, 0.3507596, 6.383057, 64.05179
-11.36656, 2.592909, 0.3606055, 5.570869, 65.60837
-11.34271, 2.599432, 0.3357295, 6.672049, 64.87547
-11.31971, 2.603242, 0.3768446, 9.695878, 64.95271
-11.36684, 2.627236, 0.3500004, 5.226216, 62.84155
-11.36169, 2.610711, 0.3478072, 5.560398, 64.10736
-11.32824, 2.588475, 0.3530211, 8.321428, 65.88509
-11.35005, 2.569335, 0.3714323, 7.179952, 67.53502
-11.37038, 2.594507, 0.3898762, 6.160669, 65.74672
-11.36183, 2.567516, 0.3500004, 5.616474, 67.48903
-11.36874, 2.618294, 0.3406876, 4.794459, 63.45103
-11.36524, 2.602539, 0.3361824, 4.9296, 64.63737
-11.34717, 2.578134, 0.3299981, 6.150341, 66.48499
-11.33873, 2.581761, 0.3361981, 6.996617, 66.2574
-11.313, 2.599187, 0.3500004, 9.41597, 65.02434
-11.3078, 2.599187, 0.3436192, 9.630289, 64.96637
-11.36424, 2.599187, 0.3516738, 5.479374, 65.03954
-11.34008, 2.599187, 0.3789931, 8.180494, 65.2865
-11.34567, 2.599187, 0.3308357, 6.293292, 64.84999
-11.36956, 2.591086, 0.3500004, 5.014844, 65.65482
-11.30911, 2.601114, 0.3476901, 9.649801, 64.85339
-11.32298, 2.58982, 0.3421975, 8.405528, 65.6832
-11.34231, 2.604791, 0.3611755, 7.472262, 64.6902
-11.33704, 2.596884, 0.3887889, 8.70914, 65.55295
-11.35968, 2.600244, 0.3500004, 5.78373, 64.94209
-11.32901, 2.59885, 0.3445118, 8.005471, 65.00072
-11.36254, 2.611979, 0.3556188, 5.732031, 64.08054
-11.35542, 2.59095, 0.3220052, 5.262694, 65.41267
-11.36825, 2.597801, 0.36702, 5.633683, 65.28615
-11.35311, 2.589764, 0.3500004, 6.29528, 65.75771
-11.31079, 2.594229, 0.3447211, 9.430804, 65.36256
-11.33073, 2.608941, 0.3551977, 8.192568, 64.31296
-11.32335, 2.610605, 0.3376848, 8.240604, 64.02243
-11.31907, 2.582924, 0.3463268, 8.833823, 66.25723
-11.32803, 2.563091, 0.3500004, 8.246684, 67.83339
-11.35323, 2.575099, 0.3450958, 6.136765, 66.85555
-11.35704, 2.620235, 0.3379003, 5.620894, 63.27385
-11.36663, 2.603734, 0.3301237, 4.63623, 64.48869
-11.32459, 2.599617, 0.3289968, 7.881689, 64.7997
-11.34554, 2.809187, 0.3500004, 6.884079, 48.68193
-11.34554, 2.809187, 0.3415556, 6.628475, 48.5873
-11.34554, 2.809187, 0.3396595, 6.570997, 48.56601
-11.34554, 2.809187, 0.3379383, 6.518798, 48.54669
-11.34554, 2.809187, 0.3334144, 6.381512, 48.49585
-11.34554, 2.812684, 0.3500004, 6.884079, 48.40987
-11.34554, 2.802897, 0.3502962, 6.89302, 49.17471
-11.34554, 2.810832, 0.3445027, 6.717739, 48.49228
-11.34554, 2.802776, 0.3788372, 7.752714, 49.50066
-11.34554, 2.81207, 0.3639417, 7.304835, 48.6138
-11.34554, 2.789807, 0.3500004, 6.884079, 50.19012
-11.34554, 2.827781, 0.3532636, 6.982698, 47.27209
-11.34554, 2.804183, 0.3499708, 6.883163, 49.07109
-11.34554, 2.805202, 0.3511872, 6.919942, 49.00533
-11.34554, 2.809307, 0.3459734, 6.762242, 48.6275
-11.34554, 2.784571, 0.3500004, 6.884079, 50.59761
-11.34554, 2.796724, 0.3429042, 6.669316, 49.57318
-11.34554, 2.82321, 0.3511023, 6.917396, 47.60316
-11.34554, 2.780316, 0.3205937, 5.99154, 50.60681
-11.34554, 2.797248, 0.3877784, 8.020749, 50.02742
-11.34554, 2.808988, 0.3500004, 6.884079, 48.69742
-11.34554, 2.772656, 0.3433464, 6.682706, 51.45274
-11.34554, 2.846226, 0.3434428, 6.685624, 45.72362
-11.34554, 2.802698, 0.3424268, 6.654854, 49.10254
-11.34554, 2.769276, 0.363599, 7.294521, 51.93436
-11.33795, 2.809187, 0.3500004, 7.474422, 48.68193
-11.34421, 2.809187, 0.352057, 7.049818, 48.70494
-11.34348, 2.809187, 0.3436351, 6.852193, 48.61061
-11.34617, 2.809187, 0.3705925, 7.455812, 48.91188
-11.35088, 2.809187, 0.3265951, 5.757666, 48.4191
-11.34949, 2.809223, 0.3500004, 6.576762, 48.67917
-11.35373, 2.808517, 0.3402591, 5.951042, 48.625
-11.33817, 2.814633, 0.3391301, 7.12904, 48.13564
-11.34772, 2.817407, 0.3210459, 5.834885, 47.71449
-11.33702, 2.807724, 0.316319, 6.527166, 48.41756
-11.34622, 2.822705, 0.3500004, 6.831007, 47.62996
-11.34189, 2.813375, 0.3413849, 6.907954, 48.25912
-11.34466, 2.802344, 0.3311751, 6.381755, 49.00453
-11.34729, 2.817559, 0.3231332, 5.931787, 47.72635
-11.34795, 2.818138, 0.3157443, 5.655184, 47.59702
-11.34021, 2.823059, 0.3500004, 7.298555, 47.60246
-11.34471, 2.787622, 0.3401998, 6.65225, 50.25246
-11.34874, 2.800997, 0.3460702, 6.516123, 49.27562
-11.35335, 2.797127, 0.3751422, 7.03577, 49.89801
-11.33786, 2.798997, 0.3749107, 8.230619, 49.75037
-11.35085, 2.812822, 0.3500004, 6.470847, 48.39905
-11.33887, 2.777052, 0.3439122, 7.219405, 51.11652
-11.34445, 2.792596, 0.355435, 7.133188, 50.03297
-11.34918, 2.79802, 0.3348305, 6.140728, 49.38249
-11.34913, 2.772271, 0.3143762, 5.521445, 51.1674
-11.36398, 2.809187, 0.3500004, 5.449333, 48.68193
-11.34268, 2.809187, 0.3475817, 7.033296, 48.65486
-11.36014, 2.809187, 0.3398322, 5.438318, 48.56795
-11.35113, 2.809187, 0.326032, 5.72093, 48.41275
-11.34628, 2.809187, 0.3232875, 6.015859, 48.38182
-11.33161, 2.812368, 0.3500004, 7.968221, 48.43443
-11.36051, 2.813558, 0.3408656, 5.44075, 48.23898
-11.33558, 2.812528, 0.342001, 7.417889, 48.33203
-11.35067, 2.805742, 0.3487262, 6.446428, 48.93585
-11.35594, 2.808493, 0.3386644, 5.730429, 48.60892
-11.35898, 2.804322, 0.3500004, 5.83776, 49.06056
-11.35547, 2.795221, 0.3578369, 6.349068, 49.85533
-11.35295, 2.822928, 0.354202, 6.435013, 47.66017
-11.33331, 2.809148, 0.339841, 7.52954, 48.57112
-11.35181, 2.801332, 0.3571488, 6.612353, 49.37262
-11.34336, 2.834487, 0.3500004, 7.053881, 46.71309
-11.35019, 2.817731, 0.3591214, 6.797848, 48.1198
-11.3289, 2.82028, 0.3516142, 8.227816, 47.83694
-11.36429, 2.798725, 0.3204839, 4.523549, 49.16754
-11.34579, 2.819307, 0.3591922, 7.142344, 47.99812
-11.35384, 2.842848, 0.3500004, 6.23816, 46.06244
-11.33407, 2.836424, 0.3444048, 7.607961, 46.49814
-11.33705, 2.83763, 0.3481432, 7.489071, 46.44719
-11.3364, 2.804753, 0.3760646, 8.378034, 49.31665
-11.34915, 2.848092, 0.3566527, 6.804199, 45.73134
-11.36959, 2.809187, 0.3500004, 5.012355, 48.68193
-11.3479, 2.809187, 0.3493887, 6.682091, 48.67508
-11.33083, 2.809187, 0.3426209, 7.806301, 48.59924
-11.31765, 2.809187, 0.3481642, 8.999062, 48.66136
-11.33922, 2.809187, 0.3482363, 7.322502, 48.66219
-11.34132, 2.816871, 0.3500004, 7.21241, 48.08397
-11.37445, 2.811342, 0.3475103, 4.55781, 48.48633
-11.32711, 2.80827, 0.3394218, 7.999678, 48.63486
-11.37229, 2.802028, 0.3349255, 4.341645, 49.07111
-11.3732, 2.804619, 0.3338796, 4.238319, 48.85735
-11.35789, 2.792911, 0.3500004, 5.922661, 49.94859
-11.32906, 2.802228, 0.3419614, 7.924376, 49.13394
-11.34993, 2.790804, 0.3303985, 5.947266, 49.89619
-11.34011, 2.828044, 0.371825, 7.963572, 47.4623
-11.31684, 2.813168, 0.3796264, 10.00093, 48.70375
-11.31612, 2.780107, 0.3500004, 9.173427, 50.94501
-11.37025, 2.835032, 0.3432197, 4.754391, 46.5929
-11.35557, 2.78514, 0.361093, 6.439304, 50.67467
-11.32954, 2.822107, 0.3633929, 8.531485, 47.82793
-11.35551, 2.833899, 0.3750535, 6.865454, 47.04463
-11.34927, 2.78638, 0.3500004, 6.593742, 50.4568
-11.34992, 2.777925, 0.3419643, 6.299272, 51.0273
-11.33251, 2.846308, 0.3356937, 7.466683, 45.62727
-11.36006, 2.780449, 0.3765175, 6.556692, 51.20657
-11.32797, 2.807952, 0.3874249, 9.370565, 49.19453
-11.36632, 2.809187, 0.3500004, 5.266585, 48.68193
-11.36321, 2.809187, 0.3414665, 5.249348, 48.58629
-11.32635, 2.809187, 0.3442427, 8.204255, 48.61743
-11.34273, 2.809187, 0.3627872, 7.488341, 48.82484
-11.31481, 2.809187, 0.3851938, 10.32347, 49.07416
-11.37033, 2.814659, 0.3500004, 4.954762, 48.2561
-11.31588, 2.807959, 0.340306, 8.901472, 48.66896
-11.34673, 2.809442, 0.3469653, 6.699314, 48.62813
-11.30693, 2.805791, 0.3574314, 10.1105, 49.0291
-11.31082, 2.810334, 0.3712923, 10.2205, 48.83063
-11.31734, 2.824032, 0.3500004, 9.078856, 47.52669
-11.3411, 2.820399, 0.3491958, 7.205529, 47.80035
-11.38348, 2.814939, 0.3648885, 4.386492, 48.40155
-11.34688, 2.799246, 0.3539092, 6.898041, 49.49892
-11.35354, 2.81508, 0.3681101, 6.809177, 48.42673
-11.33947, 2.829363, 0.3500004, 7.356148, 47.11185
-11.35639, 2.820191, 0.3574759, 6.266184, 47.91006
-11.33608, 2.780887, 0.3467962, 7.523332, 50.84929
-11.37841, 2.797918, 0.3602173, 4.637961, 49.672
-11.31494, 2.813856, 0.3417183, 9.017458, 48.22543
-11.35705, 2.808944, 0.3500004, 5.988379, 48.70084
-11.34632, 2.78232, 0.3459924, 6.702189, 50.72894
-11.32496, 2.781923, 0.3400441, 8.186231, 50.69481
-11.38427, 2.805523, 0.375963, 4.662266, 49.25584
-11.37899, 2.789242, 0.3787514, 5.156608, 50.54906
