-11.35057, 0.02, 0.3500004, 14.27462, 265.7393
-11.35057, 0.02, 0.3560055, 14.45028, 265.6375
-11.35057, 0.02, 0.3663053, 14.75096, 265.4634
-11.35057, 0.02, 0.3650977, 14.71574, 265.4838
-11.35057, 0.02, 0.3241424, 13.51501, 266.1793
-11.35057, 0.01171213, 0.3500004, 14.27462, 266.3843
-11.35057, 0.01372797, 0.3558327, 14.44523, 266.1282
-11.35057, 0.0114554, 0.3328374, 13.77102, 266.6974
-11.35057, 0.02411656, 0.3660758, 14.74427, 265.1476
-11.35057, 0.02492566, 0.3311058, 13.72006, 265.6762
-11.35057, 0.02574399, 0.3500004, 14.27462, 265.2923
-11.35057, 0.03365224, 0.3471506, 14.19116, 264.7248
-11.35057, 0.0005175211, 0.3621283, 14.62913, 267.0477
-11.35057, 0.006684985, 0.3463711, 14.16831, 266.8375
-11.35057, 0.00183887, 0.3871723, 15.35766, 266.5185
-11.35057, 0.04466955, 0.3500004, 14.27462, 263.8195
-11.35057, 0.005731063, 0.3501105, 14.27783, 266.8478
-11.35057, 0.01945172, 0.3612849, 14.60451, 265.5908
-11.35057, 0.0305501, 0.3320756, 13.74862, 265.221
-11.35057, 0.005386317, 0.3309768, 13.71627, 267.2028
-11.35057, 0.00587454, 0.3500004, 14.27462, 266.8386
-11.35057, 0.007760335, 0.3595539, 14.55397, 266.5288
-11.35057, -0.01716352, 0.3576714, 14.49896, 268.4986
-11.35057, 0.008913509, 0.3427559, 14.0623, 266.7258
-11.35057, 0.04933864, 0.3805313, 15.16492, 262.9495
-11.35652, 0.02, 0.3500004, 13.81152, 265.7393
-11.34378, 0.02, 0.3595505, 15.08168, 265.5776
-11.35173, 0.02, 0.349069, 14.15714, 265.7551
-11.34145, 0.02, 0.3768111, 15.76388, 265.2863
-11.3596, 0.02, 0.3111233, 12.42472, 266.4019
-11.35628, 0.01370497, 0.3500004, 13.83003, 266.2292
-11.35945, 0.02953561, 0.3491898, 13.55989, 265.0109
-11.34261, 0.0147968, 0.3671124, 15.39305, 265.8538
-11.35048, 0.02899529, 0.3327128, 13.77454, 265.3315
-11.34183, 0.02097088, 0.3392563, 14.64056, 265.8461
-11.35338, 0.01669773, 0.3500004, 14.05589, 265.9963
-11.34932, 0.001583148, 0.3563873, 14.55879, 267.0631
-11.3428, 0.01973861, 0.349649, 14.86888, 265.7656
-11.35686, 0.03290037, 0.3476382, 13.71552, 264.7751
-11.3538, 0.02924786, 0.3212159, 13.17683, 265.5069
-11.35537, 0.03546678, 0.3500004, 13.90092, 264.5357
-11.34474, 0.008607028, 0.358383, 14.97288, 266.483
-11.34871, 0.025844, 0.3442848, 14.2523, 265.3812
-11.34233, 0.03456803, 0.3306651, 14.35032, 264.9315
-11.3438, 0.0005492102, 0.3164756, 13.81788, 267.8306
-11.35894, 0.05361623, 0.3500004, 13.62342, 263.1233
-11.35982, 0.02556535, 0.3547128, 13.69328, 265.2266
-11.34709, 0.05185029, 0.3356034, 14.12351, 263.5006
-11.36026, -0.007797034, 0.3231487, 12.72942, 268.367
-11.35064, 0.02810583, 0.3856204, 15.30717, 264.5102
-11.35517, 0.02, 0.3500004, 13.9166, 265.7393
-11.35153, 0.02, 0.3551812, 14.35138, 265.6515
-11.34269, 0.02, 0.3610133, 15.20873, 265.5528
-11.34107, 0.02, 0.3262675, 14.31929, 266.143
-11.3655, 0.02, 0.368701, 13.66163, 265.4229
-11.34948, 0.02793102, 0.3500004, 14.35946, 265.1221
-11.34789, 0.0239228, 0.3429478, 14.27696, 265.5534
-11.36745, 0.02921594, 0.3500361, 12.96209, 265.0215
-11.3328, 0.02851727, 0.3377815, 15.30158, 265.283
-11.36493, 0.01108382, 0.3744535, 13.87412, 266.0176
-11.34077, 0.02588157, 0.3500004, 15.03714, 265.2816
-11.35154, 0.0310767, 0.3541583, 14.32096, 264.8073
-11.3673, 0.001721758, 0.3552449, 13.12696, 267.0719
-11.3329, 0.02386034, 0.3416111, 15.40505, 265.581
-11.34927, 0.02595937, 0.3593468, 14.6491, 265.1178
-11.34367, -0.003200984, 0.3500004, 14.8114, 267.5448
-11.34439, -0.007215599, 0.343758, 14.57314, 267.9649
-11.36469, 0.03639863, 0.3591713, 13.44529, 264.3093
-11.33677, 0.006337543, 0.35831, 15.59066, 266.6606
-11.34829, 0.01713147, 0.3300298, 13.86659, 266.3026
-11.3618, 0.002852146, 0.3500004, 13.40042, 267.0738
-11.33507, 0.022648, 0.356232, 15.66197, 265.4278
-11.35993, -0.004587911, 0.3577628, 13.77445, 267.5193
-11.34793, 0.04413035, 0.3657875, 14.94069, 263.5981
-11.35206, 0.01823508, 0.3402023, 13.87104, 266.0432
-11.33081, 0.02, 0.3500004, 15.81267, 265.7393
-11.37404, 0.02, 0.356989, 12.65443, 265.6209
-11.3796, 0.02, 0.3430398, 11.80977, 265.8575
-11.36316, 0.02, 0.3358295, 12.87756, 265.98
-11.33848, 0.02, 0.3160551, 14.22137, 266.3175
-11.35038, 0.02432308, 0.3500004, 14.28928, 265.4029
-11.38024, 0.01269826, 0.3490565, 11.93762, 266.3236
-11.33861, 0.01255635, 0.3356003, 14.78448, 266.5643
-11.34147, 0.02584017, 0.3754336, 15.72258, 264.8564
-11.33268, 0.02546839, 0.3644864, 16.08772, 265.0694
-11.37955, 0.02463173, 0.3500004, 12.01934, 265.3788
-11.37227, 0.02046075, 0.3492806, 12.56458, 265.7157
-11.33208, 0.03621433, 0.3639116, 16.11774, 264.2443
-11.37223, 0.01006006, 0.3427558, 12.37495, 266.6365
-11.33211, 0.01266116, 0.3763443, 16.47476, 265.8633
-11.36812, 0.02352924, 0.3500004, 12.90922, 265.4647
-11.33169, 0.02707167, 0.3535253, 15.84626, 265.1295
-11.36042, -8.824654E-05, 0.332289, 12.98638, 267.6072
-11.32991, 0.03433127, 0.3465736, 15.78252, 264.6817
-11.37447, 0.03030635, 0.3818688, 13.35158, 264.4024
-11.34548, 0.03250305, 0.3500004, 14.67123, 264.7663
-11.36029, 0.05594885, 0.3497284, 13.51064, 262.9462
-11.34092, 0.05871772, 0.3603167, 15.32624, 262.5556
-11.36014, -0.009700663, 0.3628131, 13.90556, 267.8299
-11.36342, -0.005263677, 0.3748992, 14.00421, 267.2782
-11.33414, 0.02, 0.3500004, 15.55309, 265.7393
-11.35273, 0.02, 0.3552074, 14.25885, 265.6511
-11.3313, 0.02, 0.3409736, 15.51124, 265.8925
-11.37234, 0.02, 0.327107, 11.9034, 266.1287
-11.38497, 0.02, 0.3283693, 10.95531, 266.1071
-11.31758, 0.01473379, 0.3500004, 16.84225, 266.1491
-11.36983, 0.01905333, 0.3520636, 12.83629, 265.778
-11.36842, 0.02566822, 0.3437479, 12.70113, 265.404
-11.36634, 0.01968569, 0.366863, 13.54259, 265.4784
-11.3658, 0.01660376, 0.3207129, 12.22412, 266.5031
-11.36472, 0.01560989, 0.3500004, 13.17367, 266.0809
-11.35211, 0.02307615, 0.3450593, 14.00979, 265.5836
-11.34965, 0.01481295, 0.3576635, 14.57059, 266.0127
-11.31787, 0.03336133, 0.3331474, 16.33083, 264.9836
-11.35498, 0.03405094, 0.3575083, 14.15171, 264.5197
-11.36111, 0.03518531, 0.3500004, 13.45415, 264.5576
-11.36291, 0.019293, 0.3534203, 13.41518, 265.7363
-11.34737, 0.04275066, 0.331161, 13.97138, 264.2847
-11.37864, 0.03482405, 0.3467671, 11.9948, 264.64
-11.32645, 0.04711343, 0.3807309, 17.04077, 263.1187
-11.33759, 0.003809061, 0.3500004, 15.2852, 266.9993
-11.36779, 0.03471166, 0.3554521, 13.09513, 264.5029
-11.37416, -0.01092001, 0.3477211, 12.37152, 268.1849
-11.36228, 0.03341884, 0.3216704, 12.52782, 265.1733
-11.32811, 0.04268016, 0.3683738, 16.55474, 263.6677
-11.35057, 0.1925, 0.3500004, 14.27462, 252.3152
-11.35057, 0.1925, 0.3521081, 14.33629, 252.2831
-11.35057, 0.1925, 0.3490864, 14.24785, 252.3291
-11.35057, 0.1925, 0.3696841, 14.84942, 252.0164
-11.35057, 0.1925, 0.3298852, 13.68414, 252.6221
-11.35057, 0.1861735, 0.3500004, 14.27462, 252.8075
-11.35057, 0.190762, 0.3539941, 14.39147, 252.3896
-11.35057, 0.1942464, 0.368439, 14.81315, 251.8997
-11.35057, 0.189692, 0.3519894, 14.33284, 252.5034
-11.35057, 0.1837868, 0.3596532, 14.55684, 252.8457
-11.35057, 0.1908037, 0.3500004, 14.27462, 252.4472
-11.35057, 0.1937235, 0.3530262, 14.36315, 252.174
-11.35057, 0.173329, 0.3644313, 14.69632, 253.5851
-11.35057, 0.1916603, 0.3624702, 14.63911, 252.191
-11.35057, 0.2076461, 0.3202712, 13.40085, 251.586
-11.35057, 0.2195902, 0.3500004, 14.27462, 250.207
-11.35057, 0.1684521, 0.3495289, 14.2608, 254.1939
-11.35057, 0.2032923, 0.3307065, 13.70835, 251.7675
-11.35057, 0.2092, 0.3520798, 14.33548, 250.9843
-11.35057, 0.1976866, 0.3107546, 13.11974, 252.5097
-11.35057, 0.152523, 0.3500004, 14.27462, 255.4262
-11.35057, 0.1681005, 0.3506676, 14.29414, 254.2037
-11.35057, 0.1558827, 0.3412415, 14.01788, 255.3014
-11.35057, 0.1935711, 0.3781787, 15.09657, 251.8049
-11.35057, 0.2208583, 0.3164902, 13.28927, 250.6108
-11.35734, 0.1925, 0.3500004, 13.74827, 252.3152
-11.35426, 0.1925, 0.3418294, 13.74812, 252.4396
-11.35505, 0.1925, 0.363396, 14.31798, 252.1117
-11.35222, 0.1925, 0.3758347, 14.90068, 251.9234
-11.35234, 0.1925, 0.3735309, 14.82385, 251.9582
-11.35033, 0.1880542, 0.3500004, 14.2932, 252.6611
-11.35421, 0.1829977, 0.3564036, 14.17899, 252.9567
-11.34667, 0.1949984, 0.3472764, 14.49815, 252.1622
-11.34069, 0.1926575, 0.3558843, 15.21485, 252.2135
-11.34774, 0.1942073, 0.3374858, 14.1282, 252.3728
-11.34181, 0.1835796, 0.3500004, 14.95604, 253.0094
-11.35045, 0.1955119, 0.3549893, 14.43038, 252.0051
-11.34753, 0.1992164, 0.3598523, 14.7988, 251.6435
-11.35758, 0.1885423, 0.37562, 14.47878, 252.2336
-11.34247, 0.2010953, 0.360836, 15.2208, 251.4826
-11.34995, 0.1742198, 0.3500004, 14.32324, 253.7378
-11.34371, 0.2197874, 0.3413455, 14.55584, 250.3211
-11.34919, 0.1757186, 0.3505591, 14.3982, 253.6125
-11.34058, 0.199914, 0.3492234, 15.02967, 251.75
-11.35136, 0.2216693, 0.3521727, 14.27689, 250.0128
-11.35019, 0.2243324, 0.3500004, 14.3046, 249.838
-11.35009, 0.1899759, 0.3433617, 14.1177, 252.6129
-11.35189, 0.230069, 0.3316189, 13.63213, 249.6649
-11.35526, 0.2072652, 0.3202926, 13.03536, 251.6155
-11.35653, 0.1999717, 0.3189157, 12.89559, 252.2063
-11.33568, 0.1925, 0.3500004, 15.43327, 252.3152
-11.33443, 0.1925, 0.3599267, 15.81928, 252.1643
-11.34504, 0.1925, 0.3305769, 14.13587, 252.6115
-11.35432, 0.1925, 0.3428704, 13.77382, 252.4238
-11.35294, 0.1925, 0.3489395, 14.05894, 252.3313
-11.36491, 0.1898886, 0.3500004, 13.15895, 252.5184
-11.3365, 0.1971107, 0.352341, 15.43758, 251.9209
-11.36337, 0.1921408, 0.3536027, 13.38477, 252.2883
-11.3703, 0.1997321, 0.370254, 13.33508, 251.4465
-11.35432, 0.1827385, 0.3715912, 14.61431, 252.7451
-11.33692, 0.2013076, 0.3500004, 15.33691, 251.6298
-11.36795, 0.1984854, 0.3446331, 12.76367, 251.9308
-11.36021, 0.1921973, 0.3551326, 13.6755, 252.2607
-11.3389, 0.1799816, 0.3203358, 14.31486, 253.7463
-11.35829, 0.173398, 0.3391128, 13.35382, 253.9697
-11.33271, 0.219202, 0.3500004, 15.66447, 250.2372
-11.34431, 0.2041435, 0.3444806, 14.60021, 251.4925
-11.35293, 0.2126074, 0.3350826, 13.65303, 250.9748
-11.3446, 0.1907827, 0.3305037, 14.16842, 252.7466
-11.35343, 0.1649878, 0.3423813, 13.82841, 254.5744
-11.33921, 0.1925893, 0.3500004, 15.15897, 252.3082
-11.33391, 0.2258214, 0.3427106, 15.35873, 249.8307
-11.36744, 0.2113591, 0.3302327, 12.37823, 251.1453
-11.34208, 0.2147057, 0.3549115, 15.07875, 250.5135
-11.33352, 0.2041347, 0.3515652, 15.64689, 251.3861
-11.3444, 0.1925, 0.3500004, 14.75494, 252.3152
-11.34835, 0.1925, 0.3545811, 14.58132, 252.2455
-11.36195, 0.1925, 0.3615714, 13.729, 252.1394
-11.3763, 0.1925, 0.3353159, 11.8382, 252.539
-11.3541, 0.1925, 0.3794908, 14.86093, 251.8682
-11.37194, 0.1878188, 0.3500004, 12.61165, 252.6795
-11.37232, 0.1987365, 0.3424371, 12.35853, 251.9446
-11.33314, 0.1931061, 0.3308008, 15.0707, 252.5608
-11.32237, 0.1951561, 0.3783104, 17.28679, 251.6801
-11.37758, 0.2012993, 0.3610879, 12.49979, 251.4629
-11.38003, 0.2022394, 0.3500004, 11.98229, 251.5573
-11.34165, 0.1920099, 0.3498524, 14.96448, 252.3556
-11.36043, 0.2049929, 0.3544753, 13.63884, 251.2755
-11.32394, 0.2020386, 0.3724362, 16.99636, 251.2346
-11.37734, 0.1804432, 0.3839058, 13.1887, 252.7357
-11.32668, 0.1647042, 0.3500004, 16.13388, 254.4783
-11.35549, 0.1947698, 0.3497602, 13.88466, 252.1422
-11.33254, 0.1957442, 0.3377214, 15.32035, 252.2495
-11.37762, 0.1751592, 0.3496784, 12.16003, 253.6696
-11.33225, 0.1869127, 0.3788546, 16.53704, 252.311
-11.37942, 0.2119415, 0.3500004, 12.02956, 250.8022
-11.33139, 0.1606197, 0.3538424, 15.87892, 254.7365
-11.32712, 0.1909936, 0.3544257, 16.22775, 252.365
-11.35035, 0.232239, 0.3330882, 13.796, 249.4738
-11.3212, 0.167099, 0.3384088, 16.22415, 254.4715
-11.34346, 0.1925, 0.3500004, 14.82827, 252.3152
-11.32005, 0.1925, 0.3473927, 16.57413, 252.3549
-11.32155, 0.1925, 0.3548909, 16.67474, 252.2408
-11.32706, 0.1925, 0.3400938, 15.81648, 252.4661
-11.38906, 0.1925, 0.3557632, 11.45003, 252.2276
-11.36669, 0.1954852, 0.3500004, 13.0199, 252.0829
-11.31632, 0.1971096, 0.356824, 17.1372, 251.853
-11.33885, 0.1941529, 0.361514, 15.52217, 252.0118
-11.36224, 0.1854677, 0.3502978, 13.37497, 252.8579
-11.37045, 0.1855098, 0.3857768, 13.77751, 252.3148
-11.38382, 0.1845444, 0.3500004, 11.68698, 252.9343
-11.3118, 0.2100142, 0.3445975, 17.13528, 251.0335
-11.31874, 0.1883253, 0.3521177, 16.81305, 252.6078
-11.32422, 0.198924, 0.3726263, 16.97958, 251.4734
-11.34676, 0.1840819, 0.310808, 13.41964, 253.573
-11.34836, 0.1881932, 0.3500004, 14.44698, 252.6503
-11.37239, 0.1732715, 0.3408543, 12.30698, 253.9527
-11.32448, 0.1758195, 0.3452432, 16.16664, 253.6865
-11.36773, 0.211195, 0.3652409, 13.38746, 250.6317
-11.36672, 0.1843922, 0.3605299, 13.3272, 252.7853
-11.34224, 0.1972137, 0.3500004, 14.92327, 251.9483
-11.35365, 0.1859443, 0.3426331, 13.81917, 252.938
-11.35529, 0.1665326, 0.3314353, 13.36195, 254.624
-11.31807, 0.1839383, 0.3372188, 16.43343, 253.1774
-11.36827, 0.1989561, 0.3773485, 13.69969, 251.3999
-11.35057, 0.3649999, 0.3500004, 14.27462, 238.8911
-11.35057, 0.3649999, 0.3469186, 14.18435, 238.9326
-11.35057, 0.3649999, 0.3569176, 14.47695, 238.7979
-11.35057, 0.3649999, 0.3578286, 14.50356, 238.7857
-11.35057, 0.3649999, 0.3260985, 13.57266, 239.2141
-11.35057, 0.3646476, 0.3500004, 14.27462, 238.9185
-11.35057, 0.3636962, 0.3500714, 14.27669, 238.9916
-11.35057, 0.3648088, 0.3419417, 14.03844, 239.0146
-11.35057, 0.3573106, 0.3539752, 14.39093, 239.4356
-11.35057, 0.3724877, 0.3782791, 15.09949, 237.9308
-11.35057, 0.3740827, 0.3500004, 14.27462, 238.1842
-11.35057, 0.3712295, 0.3479426, 14.21435, 238.4339
-11.35057, 0.3566323, 0.3505132, 14.28964, 239.5353
-11.35057, 0.3688477, 0.3544281, 14.40418, 238.5322
-11.35057, 0.3693725, 0.3284644, 13.64234, 238.8408
-11.35057, 0.3744335, 0.3500004, 14.27462, 238.1569
-11.35057, 0.3547882, 0.349464, 14.25889, 239.693
-11.35057, 0.3711624, 0.338931, 13.95006, 238.5602
-11.35057, 0.3409836, 0.3645234, 14.69901, 240.5612
-11.35057, 0.3830183, 0.3406968, 14.0019, 237.6127
-11.35057, 0.3777212, 0.3500004, 14.27462, 237.9011
-11.35057, 0.3502034, 0.3564946, 14.46457, 239.9541
-11.35057, 0.3759912, 0.3417646, 14.03323, 238.1459
-11.35057, 0.3290932, 0.348353, 14.22635, 241.7082
-11.35057, 0.3671511, 0.3796538, 15.13946, 238.3262
-11.34258, 0.3649999, 0.3500004, 14.89685, 238.8911
-11.34733, 0.3649999, 0.3562748, 14.70981, 238.8066
-11.35877, 0.3649999, 0.337125, 13.25782, 239.0648
-11.34335, 0.3649999, 0.3373323, 14.46578, 239.062
-11.3592, 0.3649999, 0.3186728, 12.6795, 239.3149
-11.36023, 0.3719362, 0.3500004, 13.52295, 238.3513
-11.35762, 0.3622424, 0.3420282, 13.49191, 239.2134
-11.35927, 0.3613023, 0.36594, 14.06493, 238.9639
-11.34328, 0.3712624, 0.3568192, 15.04076, 238.3123
-11.34254, 0.3656402, 0.3783269, 15.72327, 238.4611
-11.35894, 0.3737017, 0.3500004, 13.62372, 238.2139
-11.35909, 0.3564153, 0.3403782, 13.3287, 239.6898
-11.34482, 0.3550299, 0.3477381, 14.65592, 239.6977
-11.34364, 0.3525247, 0.3421735, 14.58501, 239.9685
-11.35745, 0.3487234, 0.3681617, 14.27121, 239.9106
-11.35615, 0.3404287, 0.3500004, 13.8403, 240.8032
-11.35502, 0.3503915, 0.3449158, 13.77934, 240.0972
-11.34247, 0.3420775, 0.3538979, 15.0186, 240.6215
-11.34643, 0.3680658, 0.3399394, 14.30202, 238.7879
-11.3456, 0.3632434, 0.3725366, 15.31823, 238.7246
-11.36041, 0.3286184, 0.3500004, 13.50883, 241.7223
-11.35547, 0.3371454, 0.3481076, 13.83811, 241.0848
-11.34112, 0.3755006, 0.3676205, 15.52305, 237.8389
-11.34528, 0.3457128, 0.3763802, 15.45487, 240.0326
-11.34136, 0.3300415, 0.388434, 16.10714, 241.0827
-11.34448, 0.3649999, 0.3500004, 14.74853, 238.8911
-11.36834, 0.3649999, 0.3569085, 13.0951, 238.7981
-11.33628, 0.3649999, 0.3420019, 15.15354, 238.9989
-11.34516, 0.3649999, 0.329177, 14.08583, 239.1724
-11.36849, 0.3649999, 0.3401266, 12.58887, 239.0243
-11.34542, 0.3687667, 0.3500004, 14.67539, 238.5979
-11.36452, 0.3687866, 0.3444247, 13.02491, 238.6714
-11.35993, 0.3604731, 0.3687775, 14.09686, 238.9901
-11.33877, 0.3561415, 0.3410865, 14.93297, 239.7015
-11.34565, 0.3704236, 0.335906, 14.24488, 238.6585
-11.36754, 0.371981, 0.3500004, 12.95417, 238.3478
-11.34215, 0.3515299, 0.3481366, 14.87566, 239.9647
-11.33589, 0.3796924, 0.3492534, 15.39519, 237.7576
-11.35518, 0.3611414, 0.3349752, 13.47437, 239.3948
-11.34252, 0.3666483, 0.3339503, 14.43144, 238.9792
-11.35013, 0.3761561, 0.3500004, 14.30918, 238.0229
-11.33287, 0.3595997, 0.3454613, 15.51972, 239.3728
-11.35174, 0.3920256, 0.3312169, 13.63209, 237.0365
-11.35443, 0.344263, 0.3628098, 14.3492, 240.3298
-11.35294, 0.3946734, 0.3458434, 13.96826, 236.6366
-11.33371, 0.3744989, 0.3500004, 15.58705, 238.1518
-11.34143, 0.3507266, 0.35219, 15.05014, 239.972
-11.3477, 0.3755948, 0.3670924, 14.99718, 237.8386
-11.33839, 0.3832601, 0.3689175, 15.77249, 237.2192
-11.36287, 0.3984595, 0.377257, 14.11624, 235.9304
-11.32626, 0.3649999, 0.3500004, 16.16688, 238.8911
-11.34526, 0.3649999, 0.3510431, 14.71862, 238.877
-11.33981, 0.3649999, 0.3616522, 15.45166, 238.7343
-11.35814, 0.3649999, 0.3433167, 13.48911, 238.9812
-11.3266, 0.3649999, 0.3301882, 15.56366, 239.1587
-11.33884, 0.3693563, 0.3500004, 15.18735, 238.552
-11.37352, 0.3565584, 0.3553309, 12.64568, 239.4758
-11.34948, 0.3608735, 0.3317755, 13.82469, 239.4591
-11.37424, 0.3640042, 0.364021, 12.84605, 238.7798
-11.35702, 0.3746587, 0.3692991, 14.33769, 237.8819
-11.37317, 0.3798382, 0.3500004, 12.51606, 237.7363
-11.34506, 0.3728646, 0.3401605, 14.41544, 238.411
-11.33547, 0.3752554, 0.3691665, 16.00641, 237.8373
-11.32685, 0.3591887, 0.3340347, 15.6557, 239.5598
-11.33539, 0.3614397, 0.3370829, 15.07886, 239.3429
-11.33281, 0.3425857, 0.3500004, 15.65663, 240.6354
-11.37527, 0.3893011, 0.3470115, 12.26436, 237.0395
-11.37461, 0.3863843, 0.3679495, 12.93245, 236.9895
-11.35503, 0.3890958, 0.3225621, 13.12052, 237.3802
-11.37278, 0.3574061, 0.3564925, 12.7374, 239.3941
-11.37879, 0.3553549, 0.3500004, 12.07848, 239.6416
-11.35931, 0.3336291, 0.3438813, 13.41478, 241.4168
-11.36797, 0.335474, 0.3571442, 13.13082, 241.0905
-11.34842, 0.3799798, 0.3613949, 14.77495, 237.5737
-11.32941, 0.3643171, 0.3882322, 17.02709, 238.4313
-11.38551, 0.3649999, 0.3500004, 11.55564, 238.8911
-11.33708, 0.3649999, 0.3491936, 15.30081, 238.9019
-11.31292, 0.3649999, 0.3465702, 17.10566, 238.9373
-11.36521, 0.3649999, 0.3658293, 13.60017, 238.6782
-11.34058, 0.3649999, 0.321481, 14.21732, 239.2768
-11.33612, 0.3625517, 0.3500004, 15.3989, 239.0816
-11.31411, 0.3604234, 0.3485831, 17.07101, 239.2664
-11.3672, 0.3699034, 0.3583423, 13.22618, 238.3976
-11.36505, 0.3620332, 0.3291403, 12.53258, 239.4044
-11.38092, 0.3708298, 0.3296028, 11.30774, 238.7118
-11.36984, 0.3703779, 0.3500004, 12.77493, 238.4725
-11.36826, 0.3609959, 0.3529322, 12.98451, 239.163
-11.38916, 0.3596165, 0.3367131, 10.87669, 239.4901
-11.35173, 0.3544328, 0.3509818, 14.2132, 239.7001
-11.31464, 0.3562382, 0.3322144, 16.55567, 239.8147
-11.31457, 0.3408685, 0.3500004, 17.07636, 240.769
-11.38162, 0.3525009, 0.3532924, 11.95551, 239.819
-11.31489, 0.3755083, 0.3427621, 16.84207, 238.1701
-11.33248, 0.3743463, 0.3461703, 15.57127, 238.215
-11.34496, 0.3817808, 0.3248044, 13.97295, 237.9215
-11.3285, 0.3302147, 0.3500004, 15.99233, 241.5981
-11.32817, 0.332035, 0.3433584, 15.82485, 241.5482
-11.36841, 0.3964325, 0.3546546, 13.02355, 236.3838
-11.33648, 0.3511759, 0.3317213, 14.83777, 240.2163
-11.35518, 0.3914711, 0.3408184, 13.64681, 236.9525
-11.35057, 0.5374999, 0.3500004, 14.27462, 225.4669
-11.35057, 0.5374999, 0.3572946, 14.48796, 225.3814
-11.35057, 0.5374999, 0.3392625, 13.95979, 225.5931
-11.35057, 0.5374999, 0.3690355, 14.83051, 225.2441
-11.35057, 0.5374999, 0.3675193, 14.78635, 225.2618
-11.35057, 0.5334603, 0.3500004, 14.27462, 225.7813
-11.35057, 0.5342775, 0.3435673, 14.0861, 225.7935
-11.35057, 0.5473151, 0.3373761, 13.9044, 224.8502
-11.35057, 0.5411452, 0.3268953, 13.59612, 225.4543
-11.35057, 0.542454, 0.3400672, 13.98344, 225.1976
-11.35057, 0.5256209, 0.3500004, 14.27462, 226.3914
-11.35057, 0.5178778, 0.3581412, 14.51271, 226.8969
-11.35057, 0.5431101, 0.3353647, 13.84532, 225.2016
-11.35057, 0.546747, 0.3590922, 14.54048, 224.6416
-11.35057, 0.5302126, 0.3259315, 13.56773, 226.3191
-11.35057, 0.5577483, 0.3500004, 14.27462, 223.8912
-11.35057, 0.5235531, 0.3480313, 14.21694, 226.5757
-11.35057, 0.5353425, 0.3480183, 14.21655, 225.6581
-11.35057, 0.514828, 0.3238128, 13.50532, 227.5456
-11.35057, 0.5303569, 0.3169134, 13.30177, 226.4151
-11.35057, 0.5434704, 0.3500004, 14.27462, 225.0023
-11.35057, 0.5056126, 0.3581012, 14.51154, 227.8509
-11.35057, 0.5389125, 0.3434964, 14.08403, 225.4333
-11.35057, 0.5401562, 0.3673615, 14.78173, 225.0574
-11.35057, 0.5430442, 0.3534259, 14.37485, 224.9955
-11.34572, 0.5374999, 0.3500004, 14.65253, 225.4669
-11.36012, 0.5374999, 0.3596695, 13.81498, 225.3536
-11.35266, 0.5374999, 0.357851, 14.34206, 225.3749
-11.349, 0.5374999, 0.3799024, 15.26821, 225.1174
-11.34067, 0.5374999, 0.342568, 14.82838, 225.5542
-11.3517, 0.5454643, 0.3500004, 14.18657, 224.8471
-11.35188, 0.5382038, 0.3588138, 14.43087, 225.3089
-11.35496, 0.529862, 0.3463303, 13.82536, 226.1047
-11.34397, 0.5457974, 0.3392108, 14.47258, 224.9471
-11.35655, 0.5460665, 0.3477181, 13.74222, 224.8269
-11.34411, 0.526342, 0.3500004, 14.77721, 226.3353
-11.35131, 0.5547569, 0.3485738, 14.175, 224.1405
-11.35835, 0.5388499, 0.3382775, 13.32477, 225.4995
-11.35097, 0.5560029, 0.3790645, 15.09138, 223.6927
-11.34789, 0.5540151, 0.3105624, 13.32388, 224.6402
-11.35106, 0.5529904, 0.3500004, 14.23698, 224.2614
-11.34318, 0.5075843, 0.3537182, 14.95803, 227.7503
-11.34156, 0.5408483, 0.3499919, 14.97597, 225.2065
-11.34333, 0.5111914, 0.3220924, 14.02009, 227.8504
-11.34616, 0.5672758, 0.3535456, 14.72148, 223.1092
-11.35218, 0.5214063, 0.3500004, 14.14935, 226.7194
-11.35118, 0.5675622, 0.3408566, 13.95899, 223.2321
-11.35051, 0.5182779, 0.3653396, 14.72767, 226.7802
-11.35206, 0.5091532, 0.3769923, 14.94656, 227.3496
-11.34217, 0.5004678, 0.3475426, 14.85659, 228.3786
-11.36747, 0.5374999, 0.3500004, 12.95958, 225.4669
-11.35086, 0.5374999, 0.3402863, 13.96737, 225.5811
-11.34528, 0.5374999, 0.356694, 14.88181, 225.3885
-11.35959, 0.5374999, 0.3689221, 14.12699, 225.2455
-11.3489, 0.5374999, 0.3616476, 14.74463, 225.3305
-11.33544, 0.5458517, 0.3500004, 15.45204, 224.817
-11.36906, 0.5316045, 0.3421968, 12.60544, 226.0179
-11.36067, 0.5345317, 0.3514433, 13.53131, 225.681
-11.3524, 0.5395575, 0.3207761, 13.27314, 225.6504
-11.34919, 0.5364147, 0.3816743, 15.3055, 225.1809
-11.36458, 0.5324469, 0.3500004, 13.18412, 225.8602
-11.33201, 0.5253237, 0.3521472, 15.78142, 226.3891
-11.36705, 0.5309925, 0.3428795, 12.78262, 226.0574
-11.359, 0.5361423, 0.3412331, 13.36095, 225.6757
-11.3588, 0.5492115, 0.3731095, 14.31048, 224.2879
-11.33541, 0.5269396, 0.3500004, 15.45489, 226.2887
-11.35159, 0.5288461, 0.3443622, 14.0298, 226.2071
-11.35528, 0.5238043, 0.3367571, 13.51919, 226.6902
-11.34012, 0.5357174, 0.339954, 14.79462, 225.7239
-11.34061, 0.5261627, 0.3884899, 16.16718, 225.8954
-11.33644, 0.5474162, 0.3500004, 15.37402, 224.6953
-11.36139, 0.5037019, 0.3565646, 13.62549, 228.0179
-11.34298, 0.5199764, 0.3538512, 14.97811, 226.7848
-11.33734, 0.5232283, 0.3768071, 16.08278, 226.2603
-11.36275, 0.5143435, 0.3503005, 13.33566, 227.2654
-11.33866, 0.5374999, 0.3500004, 15.20136, 225.4669
-11.34961, 0.5374999, 0.3531926, 14.4428, 225.4295
-11.34442, 0.5374999, 0.3467936, 14.65972, 225.5046
-11.3708, 0.5374999, 0.3723379, 13.35699, 225.2056
-11.32979, 0.5374999, 0.3878949, 16.98778, 225.0245
-11.34542, 0.5333926, 0.3500004, 14.67575, 225.7866
-11.35969, 0.5288029, 0.3538268, 13.67703, 226.0985
-11.32525, 0.5306668, 0.3331856, 15.75613, 226.1976
-11.33757, 0.5276537, 0.3464619, 15.18319, 226.2751
-11.3343, 0.5441478, 0.3681401, 16.06771, 224.7385
-11.33708, 0.5291544, 0.3500004, 15.32415, 226.1164
-11.36127, 0.5553787, 0.3503629, 13.45267, 224.0714
-11.3464, 0.5550405, 0.3606072, 14.90863, 223.9795
-11.33497, 0.5446042, 0.3264265, 14.8004, 225.1898
-11.3424, 0.527337, 0.3162332, 13.92028, 226.6593
-11.34685, 0.5398777, 0.3500004, 14.56388, 225.2819
-11.32931, 0.5509524, 0.3453745, 15.79486, 224.4737
-11.34366, 0.5089152, 0.331663, 14.27526, 227.9124
-11.37062, 0.5353028, 0.3453812, 12.5784, 225.6923
-11.32612, 0.5400272, 0.359975, 16.4667, 225.1536
-11.36545, 0.5280375, 0.3500004, 13.11655, 226.2033
-11.34186, 0.5577233, 0.3434356, 14.7608, 223.9689
-11.3222, 0.547547, 0.3481347, 16.42858, 224.7068
-11.3704, 0.5383283, 0.3406211, 12.45463, 225.5126
-11.3747, 0.5055224, 0.3720364, 13.04561, 227.6906
-11.32797, 0.5374999, 0.3500004, 16.03377, 225.4669
-11.37843, 0.5374999, 0.3519339, 12.16375, 225.4443
-11.35996, 0.5374999, 0.3651244, 13.98737, 225.2898
-11.3309, 0.5374999, 0.3327253, 15.30218, 225.6701
-11.33682, 0.5374999, 0.3221884, 14.53148, 225.7945
-11.33995, 0.5292689, 0.3500004, 15.10127, 226.1075
-11.34834, 0.5393522, 0.3457137, 14.32281, 225.373
-11.36352, 0.5316406, 0.3386258, 12.93165, 226.0573
-11.36555, 0.5362197, 0.3589521, 13.37172, 225.4615
-11.32106, 0.5310554, 0.3540637, 16.68888, 225.9205
-11.37148, 0.5206684, 0.3500004, 12.64774, 226.7768
-11.34751, 0.5411624, 0.3518659, 14.56764, 225.1601
-11.35567, 0.5350012, 0.3533095, 13.97471, 225.6225
-11.32304, 0.522554, 0.3595484, 16.69404, 226.5167
-11.35818, 0.5495073, 0.3561445, 13.86236, 224.4612
-11.3286, 0.5603297, 0.3500004, 15.98449, 223.6903
-11.35486, 0.5500987, 0.3409474, 13.6755, 224.5917
-11.35249, 0.5437499, 0.3554308, 14.28433, 224.9172
-11.38848, 0.5517837, 0.3533534, 11.42356, 224.3165
-11.34147, 0.5214028, 0.3262845, 14.28864, 227.0026
-11.3406, 0.53449, 0.3500004, 15.05033, 225.7012
-11.35572, 0.5067156, 0.3476805, 13.80608, 227.8905
-11.34219, 0.5595354, 0.333276, 14.43795, 223.9451
-11.37994, 0.5264465, 0.3367252, 11.59555, 226.4846
-11.3441, 0.5183262, 0.3369915, 14.39735, 227.1145
-11.35057, 0.7099999, 0.3500004, 14.27462, 212.0428
-11.35057, 0.7099999, 0.3556121, 14.4388, 211.9868
-11.35057, 0.7099999, 0.3600071, 14.5672, 211.943
-11.35057, 0.7099999, 0.3357868, 13.85772, 212.1851
-11.35057, 0.7099999, 0.3285428, 13.64465, 212.2578
-11.35057, 0.7028773, 0.3500004, 14.27462, 212.5971
-11.35057, 0.7099847, 0.3406163, 13.99954, 212.1379
-11.35057, 0.7116482, 0.339964, 13.98037, 212.0148
-11.35057, 0.7086876, 0.378103, 15.09439, 211.8648
-11.35057, 0.7050114, 0.3722904, 14.92533, 212.2078
-11.35057, 0.7116494, 0.3500004, 14.27462, 211.9144
-11.35057, 0.7216355, 0.3482927, 14.22462, 211.1542
-11.35057, 0.728914, 0.3405488, 13.99757, 210.6637
-11.35057, 0.729071, 0.3666655, 14.76146, 210.3957
-11.35057, 0.7129319, 0.3869307, 15.35066, 211.4485
-11.35057, 0.735123, 0.3500004, 14.27462, 210.0877
-11.35057, 0.7381477, 0.3438672, 14.0949, 209.9119
-11.35057, 0.7363175, 0.3557934, 14.44409, 209.9384
-11.35057, 0.6843167, 0.3364436, 13.87701, 214.1807
-11.35057, 0.68814, 0.3377311, 13.91481, 213.8695
-11.35057, 0.7439805, 0.3500004, 14.27462, 209.3984
-11.35057, 0.7296065, 0.3573821, 14.49054, 210.4448
-11.35057, 0.7105894, 0.3336585, 13.79517, 212.1605
-11.35057, 0.6777902, 0.3321958, 13.75214, 214.7335
-11.35057, 0.6930441, 0.3870387, 15.35379, 212.9877
-11.34904, 0.7099999, 0.3500004, 14.39372, 212.0428
-11.3536, 0.7099999, 0.3579974, 14.27299, 211.963
-11.34398, 0.7099999, 0.335867, 14.37435, 212.1843
-11.35476, 0.7099999, 0.3630056, 14.32938, 211.9131
-11.35369, 0.7099999, 0.3164833, 13.04492, 212.3792
-11.34697, 0.7153437, 0.3500004, 14.55498, 211.627
-11.34131, 0.7129319, 0.3409942, 14.73198, 211.9045
-11.35077, 0.7179768, 0.3537807, 14.36985, 211.3846
-11.34767, 0.7150325, 0.3765143, 15.2734, 211.3885
-11.34175, 0.7012286, 0.3157161, 13.95587, 213.0726
-11.34185, 0.6956659, 0.3500004, 14.95354, 213.1583
-11.34415, 0.6912184, 0.3422766, 14.54843, 213.5831
-11.35653, 0.7123122, 0.3635733, 14.2084, 211.7278
-11.3592, 0.703328, 0.3208645, 12.74427, 212.8562
-11.35087, 0.7124875, 0.3517764, 14.30298, 211.8315
-11.34457, 0.7273697, 0.3500004, 14.74199, 210.6911
-11.35046, 0.7399862, 0.3570623, 14.48984, 209.6409
-11.35725, 0.7393331, 0.3685941, 14.29889, 209.5802
-11.35393, 0.6910133, 0.3519957, 14.07137, 213.5001
-11.35649, 0.7265707, 0.3287912, 13.19013, 210.9622
-11.34538, 0.6889683, 0.3500004, 14.67876, 213.6795
-11.34565, 0.7137726, 0.3447893, 14.50529, 211.8011
-11.3451, 0.725314, 0.3687481, 15.24678, 210.6671
-11.35248, 0.7368624, 0.3424622, 13.90464, 210.0257
-11.3592, 0.7072742, 0.3827542, 14.5606, 211.9281
-11.35043, 0.7099999, 0.3500004, 14.2859, 212.0428
-11.33489, 0.7099999, 0.3565003, 15.684, 211.9779
-11.36411, 0.7099999, 0.3412083, 12.96251, 212.1308
-11.33239, 0.7099999, 0.3605879, 15.99712, 211.9372
-11.35071, 0.7099999, 0.3448044, 14.11181, 212.0948
-11.34601, 0.7013488, 0.3500004, 14.62925, 212.716
-11.35257, 0.7174466, 0.3405732, 13.84234, 211.5569
-11.35293, 0.7179351, 0.3632733, 14.47896, 211.2939
-11.36147, 0.7101772, 0.3770635, 14.21898, 211.7596
-11.35605, 0.7061073, 0.3274396, 13.18478, 212.5727
-11.35643, 0.7056541, 0.3500004, 13.8187, 212.381
-11.36705, 0.7258595, 0.3481171, 12.9364, 210.8271
-11.35256, 0.7099598, 0.3583871, 14.36525, 211.9622
-11.35747, 0.6999602, 0.3761456, 14.5024, 212.5611
-11.36603, 0.6998492, 0.3121589, 11.95195, 213.2166
-11.34459, 0.7031233, 0.3500004, 14.73969, 212.578
-11.35544, 0.7326014, 0.346368, 13.78942, 210.3194
-11.33855, 0.7379424, 0.3686869, 15.75328, 209.6873
-11.36546, 0.695293, 0.3795789, 13.98311, 212.8885
-11.34429, 0.7042027, 0.3821847, 15.69973, 212.1718
-11.36273, 0.681388, 0.3500004, 13.32822, 214.2694
-11.34604, 0.7008303, 0.3588765, 14.8865, 212.667
-11.3564, 0.7431474, 0.3543446, 13.94869, 209.4213
-11.35198, 0.7294758, 0.3304303, 13.59002, 210.7194
-11.33321, 0.7123736, 0.3167471, 14.65383, 212.191
-11.32112, 0.7099999, 0.3500004, 16.5667, 212.0428
-11.33523, 0.7099999, 0.3503912, 15.48028, 212.0389
-11.32199, 0.7099999, 0.3497395, 16.49121, 212.0454
-11.37568, 0.7099999, 0.3241415, 11.5544, 212.3021
-11.32598, 0.7099999, 0.3277289, 15.53982, 212.266
-11.35056, 0.7028613, 0.3500004, 14.27539, 212.5983
-11.37387, 0.7034346, 0.357198, 12.674, 212.4814
-11.32866, 0.7115777, 0.3631355, 16.36115, 211.7892
-11.3388, 0.7067249, 0.3626449, 15.5586, 212.1711
-11.32834, 0.7084646, 0.3213101, 15.16827, 212.4505
-11.36343, 0.7008145, 0.3500004, 13.27413, 212.7576
-11.33698, 0.6910782, 0.3483894, 15.28502, 213.5317
-11.37292, 0.7242272, 0.3422283, 12.306, 211.0123
-11.35235, 0.7166336, 0.3551266, 14.28646, 211.4757
-11.3616, 0.6986847, 0.3195302, 12.51699, 213.2325
-11.36641, 0.7388004, 0.3500004, 13.04186, 209.8015
-11.32712, 0.6856964, 0.3532391, 16.19333, 213.901
-11.35221, 0.6862684, 0.360712, 14.46043, 213.7802
-11.33861, 0.7345242, 0.3768173, 15.98444, 209.8739
-11.32597, 0.6871752, 0.3466263, 16.09122, 213.8536
-11.35703, 0.716391, 0.3500004, 13.77173, 211.5455
-11.36232, 0.7228107, 0.341559, 13.11197, 211.1292
-11.3242, 0.6708689, 0.3354844, 15.90514, 215.2391
-11.33623, 0.7227756, 0.345402, 15.25671, 211.094
-11.37737, 0.6951801, 0.3818917, 13.12733, 212.874
-11.36641, 0.7099999, 0.3500004, 13.04204, 212.0428
-11.32247, 0.7099999, 0.3506905, 16.48132, 212.0359
-11.38791, 0.7099999, 0.3405448, 11.08788, 212.1374
-11.34477, 0.7099999, 0.3615203, 15.06224, 211.9279
-11.36382, 0.7099999, 0.3568134, 13.44412, 211.9748
-11.36025, 0.7182506, 0.3500004, 13.52129, 211.4007
-11.36202, 0.7131034, 0.3464816, 13.28032, 211.8364
-11.37921, 0.7093697, 0.3559371, 12.22116, 212.0325
-11.34658, 0.7115619, 0.3217367, 13.75604, 212.2043
-11.31957, 0.7094847, 0.3290222, 16.07772, 212.2932
-11.35883, 0.7142127, 0.3500004, 13.63226, 211.715
-11.38147, 0.7061514, 0.3515793, 11.91673, 212.3265
-11.37519, 0.6998335, 0.3399163, 12.06093, 212.9359
-11.32411, 0.7276013, 0.3762009, 17.09144, 210.4168
-11.33819, 0.7032989, 0.3265291, 14.55166, 212.8011
-11.34381, 0.7009274, 0.3500004, 14.80119, 212.7488
-11.36176, 0.6835653, 0.342063, 13.1704, 214.1815
-11.3219, 0.7121152, 0.3614084, 16.83622, 211.7646
-11.33673, 0.6973188, 0.3669352, 15.84397, 212.8587
-11.3234, 0.7143461, 0.3306704, 15.82718, 211.8974
-11.38584, 0.7302627, 0.3500004, 11.53011, 210.4659
-11.36399, 0.7174066, 0.3561435, 13.41094, 211.4055
-11.31106, 0.7176472, 0.3636032, 17.74165, 211.3131
-11.33216, 0.7056096, 0.3264485, 15.0201, 212.6216
-11.33465, 0.7156827, 0.3380246, 15.16402, 211.7197
-11.00697, 1.204594, 0.3500004, 41.01371, 173.553
-11.00697, 1.204594, 0.3486179, 40.97803, 173.56
-11.00697, 1.204594, 0.3462853, 40.91779, 173.5716
-11.00697, 1.204594, 0.3241815, 40.34512, 173.6826
-11.00697, 1.204594, 0.3254519, 40.37811, 173.6762
-11.00697, 1.210452, 0.3500004, 41.01371, 173.0971
-11.00697, 1.208427, 0.3487238, 40.98075, 173.2611
-11.00697, 1.196138, 0.3506143, 41.02956, 174.2079
-11.00697, 1.207453, 0.3515707, 41.05422, 173.3227
-11.00697, 1.211045, 0.3372528, 40.68415, 173.114
-11.00697, 1.223658, 0.3500004, 41.01371, 172.0694
-11.00697, 1.206746, 0.3554949, 41.1554, 173.3582
-11.00697, 1.185834, 0.3663695, 41.4353, 174.9281
-11.00697, 1.208282, 0.3783912, 41.74376, 173.1256
-11.00697, 1.19264, 0.388202, 41.9948, 174.2886
-11.00697, 1.206565, 0.3500004, 41.01371, 173.3997
-11.00697, 1.190821, 0.3416156, 40.79708, 174.6679
-11.00697, 1.197952, 0.3432734, 40.83994, 174.104
-11.00697, 1.217196, 0.3710022, 41.55427, 172.4702
-11.00697, 1.189922, 0.323428, 40.32555, 174.8321
-11.00697, 1.234736, 0.3500004, 41.01371, 171.2073
-11.00697, 1.170846, 0.350552, 41.02795, 176.1764
-11.00697, 1.169014, 0.3498851, 41.01072, 176.3225
-11.00697, 1.22571, 0.3783287, 41.74215, 171.7746
-11.00697, 1.196056, 0.3312073, 40.5275, 174.3133
-10.99746, 1.204594, 0.3500004, 41.75444, 173.553
-10.99984, 1.204594, 0.3415923, 41.35257, 173.5951
-11.00536, 1.204594, 0.3550334, 41.26924, 173.5279
-11.01556, 1.204594, 0.3454025, 40.2264, 173.576
-11.01389, 1.204594, 0.3518252, 40.52281, 173.5439
-11.01258, 1.209676, 0.3500004, 40.57739, 173.1575
-10.99981, 1.200971, 0.3505109, 41.58418, 173.8324
-10.99908, 1.199143, 0.3376496, 41.31005, 174.0397
-11.00898, 1.207934, 0.3258482, 40.23219, 173.4134
-10.99895, 1.21177, 0.3662678, 42.05589, 172.9146
-11.01497, 1.204776, 0.3500004, 40.39155, 173.5388
-10.999, 1.200231, 0.3448983, 41.50256, 173.9183
-11.00686, 1.199271, 0.3466982, 40.93718, 173.9839
-11.00809, 1.20597, 0.3389402, 40.64073, 173.5012
-11.00919, 1.194773, 0.3696524, 41.34727, 174.2174
-11.00408, 1.191366, 0.3500004, 41.23903, 174.5824
-11.00787, 1.203643, 0.352138, 40.99899, 173.6163
-11.00282, 1.197536, 0.3528979, 41.41138, 174.0876
-11.01375, 1.181198, 0.3739803, 41.1048, 175.2485
-11.01435, 1.221212, 0.3543196, 40.55148, 172.2389
-11.00563, 1.180307, 0.3500004, 41.11803, 175.4431
-11.00015, 1.208073, 0.3436526, 41.38158, 173.3138
-11.00345, 1.22793, 0.358024, 41.49442, 171.6988
-11.00718, 1.227757, 0.3490783, 40.97358, 171.7549
-11.01202, 1.209846, 0.3806622, 41.41072, 172.9932
-10.98707, 1.204594, 0.3500004, 42.56256, 173.553
-11.02495, 1.204594, 0.3486009, 39.57858, 173.56
-11.01749, 1.204594, 0.3556664, 40.34206, 173.5247
-11.00518, 1.204594, 0.3638552, 41.50974, 173.4839
-11.01348, 1.204594, 0.3340166, 40.09313, 173.6331
-11.00143, 1.205297, 0.3500004, 41.44505, 173.4983
-11.01592, 1.202488, 0.3494083, 40.30228, 173.7199
-11.01732, 1.209529, 0.3346764, 39.81102, 173.245
-10.99358, 1.205219, 0.3539641, 42.15755, 173.4846
-11.00041, 1.198987, 0.3610953, 41.80969, 173.9333
-11.01053, 1.198867, 0.3500004, 40.73662, 173.9987
-10.99121, 1.195095, 0.3543799, 42.35297, 174.27
-11.00346, 1.201831, 0.3548296, 41.41151, 173.7438
-10.98878, 1.208918, 0.3654868, 42.82579, 173.1399
-11.01933, 1.205586, 0.3861186, 40.9843, 173.2964
-11.01236, 1.198102, 0.3500004, 40.59484, 174.0582
-11.01343, 1.229385, 0.3583796, 40.72792, 171.584
-11.00958, 1.231902, 0.3664762, 41.23598, 171.3502
-10.9943, 1.223286, 0.376986, 42.69025, 171.9689
-11.01019, 1.231328, 0.3599625, 41.02026, 171.4254
-10.9906, 1.165323, 0.3500004, 42.28804, 176.6091
-11.02116, 1.22919, 0.3596585, 40.15989, 171.593
-11.01532, 1.213021, 0.3568239, 40.5407, 172.8637
-10.99568, 1.190233, 0.3753389, 42.54131, 174.5406
-11.01199, 1.224465, 0.3213838, 39.88039, 172.1445
-10.98765, 1.204594, 0.3500004, 42.51739, 173.553
-10.9948, 1.204594, 0.3489037, 41.93287, 173.5585
-11.00684, 1.204594, 0.3646835, 41.40262, 173.4798
-11.03483, 1.204594, 0.3516748, 38.88997, 173.5447
-11.01991, 1.204594, 0.3214597, 39.26431, 173.6963
-11.002, 1.213986, 0.3500004, 41.40076, 172.8221
-11.02591, 1.204025, 0.3518765, 39.58904, 173.5879
-10.99739, 1.210522, 0.3386182, 41.46645, 173.148
-11.02676, 1.214307, 0.3538902, 39.57529, 172.778
-11.00492, 1.203447, 0.3607865, 41.45173, 173.5882
-10.99619, 1.221196, 0.3500004, 41.85259, 172.261
-10.99825, 1.222263, 0.3539945, 41.79512, 172.1588
-11.02688, 1.223757, 0.3633221, 39.81056, 171.9978
-11.01598, 1.211223, 0.3488632, 40.28366, 173.0428
-10.99595, 1.223835, 0.3305049, 41.36916, 172.1496
-10.97847, 1.189197, 0.3500004, 43.23217, 174.7512
-10.98401, 1.227071, 0.3444852, 42.6596, 171.8302
-10.99783, 1.201327, 0.3432633, 41.55158, 173.8412
-11.03403, 1.213549, 0.3763651, 39.59325, 172.7271
-10.98407, 1.190302, 0.3254226, 42.16518, 174.792
-11.01631, 1.224353, 0.3500004, 40.28752, 172.0153
-10.99077, 1.192263, 0.3417743, 42.06372, 174.5548
-11.01215, 1.208811, 0.3632016, 40.95181, 173.1595
-11.01347, 1.232903, 0.3207932, 39.74966, 171.4882
-11.03609, 1.205144, 0.3206634, 37.97942, 173.6573
-11.00295, 1.204594, 0.3500004, 41.32655, 173.553
-10.9823, 1.204594, 0.3440246, 42.78091, 173.5829
-10.97382, 1.204594, 0.3469829, 43.51692, 173.5681
-10.98402, 1.204594, 0.335753, 42.43498, 173.6244
-11.02332, 1.204594, 0.3558892, 39.89479, 173.5236
-11.00228, 1.198234, 0.3500004, 41.37915, 174.0479
-11.00454, 1.213861, 0.3501349, 41.20653, 172.8311
-11.00867, 1.208195, 0.3309218, 40.38766, 173.3677
-11.03444, 1.204239, 0.3217007, 38.13533, 173.7227
-11.03006, 1.212356, 0.3118759, 38.21939, 173.1375
-10.98193, 1.211092, 0.3500004, 42.96292, 173.0473
-10.99879, 1.221114, 0.3587352, 41.87483, 172.2253
-10.9883, 1.219001, 0.3467407, 42.38329, 172.4476
-11.02146, 1.191424, 0.3279957, 39.3134, 174.6912
-11.03825, 1.199753, 0.3782092, 39.3144, 173.7878
-11.04402, 1.231882, 0.3500004, 38.13111, 171.4294
-10.98705, 1.176015, 0.3586192, 42.78451, 175.7315
-10.98047, 1.219539, 0.3363001, 42.72594, 172.4565
-11.01043, 1.189659, 0.329555, 40.21491, 174.8209
-10.981, 1.191374, 0.3491725, 43.01414, 174.5861
-11.00523, 1.176546, 0.3500004, 41.14921, 175.7357
-11.00541, 1.20352, 0.342773, 40.94878, 173.6729
-10.97633, 1.197908, 0.3599594, 43.65239, 174.0229
-11.0355, 1.207396, 0.3606515, 39.07129, 173.282
-10.97573, 1.237923, 0.388097, 44.41151, 170.7825
-11.00697, 1.414594, 0.3500004, 41.01371, 157.2106
-11.00697, 1.414594, 0.3501538, 41.01767, 157.2102
-11.00697, 1.414594, 0.3536305, 41.10735, 157.2002
-11.00697, 1.414594, 0.3299285, 40.49433, 157.2686
-11.00697, 1.414594, 0.3712109, 41.55964, 157.1497
-11.00697, 1.406913, 0.3500004, 41.01371, 157.8083
-11.00697, 1.405466, 0.3424633, 40.819, 157.9433
-11.00697, 1.416753, 0.3334028, 40.5844, 157.0901
-11.00697, 1.411387, 0.3496689, 41.00517, 157.4611
-11.00697, 1.406474, 0.3400375, 40.75624, 157.8721
-11.00697, 1.409711, 0.3500004, 41.01371, 157.5906
-11.00697, 1.415226, 0.3489478, 40.98656, 157.1644
-11.00697, 1.409683, 0.3496111, 41.00365, 157.5939
-11.00697, 1.419572, 0.3245841, 40.35556, 156.8954
-11.00697, 1.396774, 0.3737778, 41.6255, 158.5248
-11.00697, 1.420781, 0.3500004, 41.01371, 156.7291
-11.00697, 1.389202, 0.3598432, 41.26743, 159.1558
-11.00697, 1.41451, 0.3547177, 41.13537, 157.2036
-11.00697, 1.439668, 0.3578678, 41.21654, 155.2387
-11.00697, 1.430112, 0.3527494, 41.08463, 155.9955
-11.00697, 1.403956, 0.3500004, 41.01371, 158.0384
-11.00697, 1.401796, 0.3518906, 41.06247, 158.2009
-11.00697, 1.383833, 0.3554572, 41.15444, 159.5871
-11.00697, 1.402785, 0.3244316, 40.35161, 158.2066
-11.00697, 1.426248, 0.3261226, 40.39554, 156.3698
-11.00628, 1.414594, 0.3500004, 41.0681, 157.2106
-11.00051, 1.414594, 0.3542465, 41.62579, 157.1984
-11.01142, 1.414594, 0.3399589, 40.40754, 157.2396
-11.01354, 1.414594, 0.3712018, 41.04964, 157.1497
-11.00746, 1.414594, 0.3648256, 41.35822, 157.168
-11.00069, 1.411182, 0.3500004, 41.50306, 157.4761
-11.01328, 1.412453, 0.3509887, 40.54886, 157.3744
-10.99801, 1.41402, 0.3674207, 42.15812, 157.2051
-11.01317, 1.416878, 0.3213191, 39.78691, 157.1151
-11.01342, 1.412405, 0.3263984, 39.89928, 157.4496
-11.0081, 1.427825, 0.3500004, 40.92602, 156.1809
-11.01413, 1.430376, 0.3464277, 40.36433, 155.9922
-10.99728, 1.41704, 0.3479043, 41.71449, 157.0262
-11.00289, 1.423884, 0.3243896, 40.66933, 156.5592
-11.01055, 1.427473, 0.3387072, 40.44338, 156.2395
-11.01371, 1.409873, 0.3500004, 40.48975, 157.5779
-11.00259, 1.430731, 0.3537875, 41.45233, 155.9445
-11.01436, 1.432905, 0.3418106, 40.22654, 155.8077
-10.99752, 1.412584, 0.3585652, 41.96932, 157.3422
-10.99917, 1.390378, 0.3376712, 41.30294, 159.1337
-11.00716, 1.40965, 0.3500004, 40.99929, 157.5953
-11.00959, 1.45158, 0.3420203, 40.60375, 154.3523
-10.99918, 1.400489, 0.3395763, 41.3517, 158.3398
-11.01433, 1.431617, 0.3270952, 39.84691, 155.9481
-11.0115, 1.404042, 0.3796946, 41.42635, 157.9434
-11.01694, 1.414594, 0.3500004, 40.23813, 157.2106
-11.01277, 1.414594, 0.341086, 40.33155, 157.2363
-11.01584, 1.414594, 0.3477964, 40.2663, 157.217
-11.01698, 1.414594, 0.3699907, 40.752, 157.1532
-10.99348, 1.414594, 0.3253796, 41.42974, 157.2818
-11.01603, 1.420693, 0.3500004, 40.30895, 156.736
-11.01292, 1.409436, 0.3578316, 40.7534, 157.5891
-11.02624, 1.417682, 0.3489566, 39.48757, 156.9733
-11.02526, 1.409308, 0.3341447, 39.17738, 157.6686
-11.00412, 1.419234, 0.3765161, 41.9167, 156.7746
-11.01425, 1.412445, 0.3500004, 40.44771, 157.3778
-11.01188, 1.432743, 0.3470549, 40.55533, 155.8062
-11.01944, 1.43037, 0.3615867, 40.34364, 155.9514
-11.01576, 1.413426, 0.3437456, 40.16775, 157.3196
-11.01597, 1.398328, 0.3443402, 40.16718, 158.4937
-11.02418, 1.421095, 0.3500004, 39.67445, 156.7046
-11.02044, 1.42048, 0.3528233, 40.03916, 156.7445
-11.00011, 1.388478, 0.3532953, 41.63242, 159.2326
-11.00905, 1.418546, 0.3761213, 41.52433, 156.8291
-10.98991, 1.405785, 0.3423328, 42.14487, 157.9189
-11.01218, 1.407173, 0.3500004, 40.60856, 157.7881
-11.0234, 1.422963, 0.351427, 39.7724, 156.5553
-10.9936, 1.379636, 0.3377392, 41.73915, 159.9707
-11.00977, 1.385809, 0.3262685, 40.18111, 159.5262
-10.99331, 1.41696, 0.3158566, 41.19661, 157.1244
-10.99626, 1.414594, 0.3500004, 41.84784, 157.2106
-10.97779, 1.414594, 0.3503926, 43.29491, 157.2095
-11.02171, 1.414594, 0.3613627, 40.16115, 157.1779
-10.97711, 1.414594, 0.3677847, 43.7905, 157.1595
-10.98356, 1.414594, 0.3426093, 42.64668, 157.2319
-10.99062, 1.4059, 0.3500004, 42.28619, 157.8871
-11.03244, 1.410048, 0.3518749, 39.08069, 157.5588
-11.01621, 1.422947, 0.3374511, 39.96971, 156.5957
-10.98472, 1.415728, 0.3387965, 42.45838, 157.1545
-11.01752, 1.411356, 0.3783888, 40.92587, 157.3802
-10.99909, 1.433061, 0.3500004, 41.62757, 155.7734
-10.97851, 1.427736, 0.3474959, 43.16479, 156.1947
-10.99147, 1.410766, 0.3413973, 41.99906, 157.5336
-11.02944, 1.399867, 0.3472131, 39.19288, 158.3651
-10.98099, 1.407942, 0.3871011, 43.9792, 157.6194
-10.99498, 1.432578, 0.3500004, 41.94748, 155.8111
-10.99839, 1.398043, 0.3406182, 41.44044, 158.5272
-11.0209, 1.430996, 0.358663, 40.15463, 155.9107
-11.0094, 1.385762, 0.3559236, 40.97763, 159.4356
-10.98329, 1.403979, 0.339503, 42.58784, 158.0681
-11.01654, 1.451751, 0.3500004, 40.2693, 154.319
-10.99867, 1.434539, 0.347422, 41.59386, 155.6654
-10.98155, 1.451436, 0.3381675, 42.68937, 154.3732
-11.01653, 1.382582, 0.3392431, 39.99075, 159.7363
-11.02253, 1.411484, 0.3631881, 40.14502, 157.4143
-11.01847, 1.414594, 0.3500004, 40.11938, 157.2106
-11.01626, 1.414594, 0.3440048, 40.13585, 157.2279
-11.0206, 1.414594, 0.3585142, 40.17374, 157.1861
-11.00324, 1.414594, 0.3290262, 40.76264, 157.2712
-11.01596, 1.414594, 0.369949, 40.82943, 157.1533
-11.01306, 1.405092, 0.3500004, 40.53992, 157.9501
-10.97293, 1.408162, 0.3570005, 43.84155, 157.6905
-11.03759, 1.418232, 0.3532642, 38.71659, 156.9182
-11.02267, 1.420199, 0.3383802, 39.49004, 156.8073
-10.97986, 1.417688, 0.3111318, 42.1262, 157.0811
-11.00775, 1.402959, 0.3500004, 40.95345, 158.1161
-11.02789, 1.412635, 0.3587306, 39.61256, 157.3377
-11.02589, 1.396617, 0.3575581, 39.73811, 158.5865
-10.98194, 1.411586, 0.3591896, 43.19662, 157.418
-11.03568, 1.422764, 0.3303539, 38.26581, 156.6299
-11.03521, 1.420347, 0.3500004, 38.81615, 156.7629
-10.96957, 1.432793, 0.3464462, 43.83408, 155.8039
-11.02608, 1.433478, 0.3334113, 39.09468, 155.7858
-10.98162, 1.444257, 0.3372347, 42.6601, 154.9352
-11.03743, 1.41504, 0.335677, 38.26862, 157.2171
-10.98858, 1.403567, 0.3500004, 42.44537, 158.0687
-10.98131, 1.382723, 0.3596767, 43.25822, 159.6599
-11.03715, 1.428712, 0.3359275, 38.29735, 156.1505
-11.00505, 1.425574, 0.3207725, 40.40646, 156.4374
-10.97107, 1.405639, 0.3452679, 43.68723, 157.9215
-11.39921, 1.204594, 0.3500004, 10.48961, 173.553
-11.39921, 1.204594, 0.3566976, 10.6888, 173.5196
-11.39921, 1.204594, 0.3480132, 10.43043, 173.563
-11.39921, 1.204594, 0.3264541, 9.78653, 173.6711
-11.39921, 1.204594, 0.3395953, 10.17943, 173.6051
-11.39921, 1.214038, 0.3500004, 10.48961, 172.8181
-11.39921, 1.197008, 0.352432, 10.56197, 174.131
-11.39921, 1.211164, 0.3513415, 10.52952, 173.0351
-11.39921, 1.196827, 0.3302687, 9.900727, 174.2579
-11.39921, 1.202054, 0.316361, 9.483833, 173.9205
-11.39921, 1.184998, 0.3500004, 10.48961, 175.078
-11.39921, 1.186682, 0.3587547, 10.74991, 174.9017
-11.39921, 1.222205, 0.3562025, 10.67408, 172.1526
-11.39921, 1.211847, 0.3272203, 9.809475, 173.1011
-11.39921, 1.200577, 0.3847767, 11.52017, 173.6911
-11.39921, 1.222966, 0.3500004, 10.48961, 172.1233
-11.39921, 1.208376, 0.3534013, 10.59078, 173.2418
-11.39921, 1.181509, 0.3681528, 11.02867, 175.2547
-11.39921, 1.175613, 0.3760245, 11.26169, 175.671
-11.39921, 1.20693, 0.3432472, 10.2884, 173.4049
-11.39921, 1.236433, 0.3500004, 10.48961, 171.0753
-11.39921, 1.203274, 0.3424231, 10.26382, 173.6938
-11.39921, 1.20251, 0.3423628, 10.26203, 173.7536
-11.39921, 1.237129, 0.3782727, 11.32813, 170.8895
-11.39921, 1.227034, 0.3307104, 9.913945, 171.899
-11.4003, 1.204594, 0.3500004, 10.40488, 173.553
-11.40431, 1.204594, 0.3493738, 10.07365, 173.5562
-11.39303, 1.204594, 0.3519784, 11.02896, 173.5432
-11.39968, 1.204594, 0.3490359, 10.42384, 173.5579
-11.39045, 1.204594, 0.347868, 11.10761, 173.5637
-11.39646, 1.205329, 0.3500004, 10.70334, 173.4958
-11.39808, 1.205191, 0.3450379, 10.42966, 173.5314
-11.39969, 1.199528, 0.348317, 10.40201, 173.9558
-11.40591, 1.205624, 0.3526073, 10.04582, 173.4599
-11.39839, 1.206198, 0.3620192, 10.91037, 173.3684
-11.40661, 1.189718, 0.3500004, 9.913988, 174.7107
-11.39636, 1.212004, 0.3449319, 10.56029, 173.0013
-11.39919, 1.193284, 0.3533432, 10.59038, 174.4161
-11.40201, 1.199438, 0.3569829, 10.47973, 173.919
-11.4041, 1.213543, 0.3824503, 11.07234, 172.698
-11.40589, 1.230827, 0.3500004, 9.969506, 171.5115
-11.3933, 1.208316, 0.3454216, 10.81347, 173.2861
-11.39899, 1.206971, 0.3416373, 10.25708, 173.4097
-11.40038, 1.179925, 0.3456446, 10.26901, 175.4956
-11.40067, 1.209336, 0.3368955, 9.984641, 173.249
-11.40362, 1.203673, 0.3500004, 10.14626, 173.6247
-11.39122, 1.174551, 0.3507829, 11.13482, 175.8869
-11.38946, 1.168781, 0.3562429, 11.43355, 176.3066
-11.40014, 1.214002, 0.3670995, 10.92479, 172.7372
-11.39674, 1.191398, 0.3331988, 10.18075, 174.6664
-11.39377, 1.204594, 0.3500004, 10.91264, 173.553
-11.39195, 1.204594, 0.3459156, 10.93294, 173.5735
-11.4163, 1.204594, 0.3625903, 9.535933, 173.4902
-11.41626, 1.204594, 0.370241, 9.766874, 173.4521
-11.37963, 1.204594, 0.314485, 10.95788, 173.7314
-11.39829, 1.209819, 0.3500004, 10.56079, 173.1464
-11.39859, 1.195745, 0.354418, 10.6695, 174.2192
-11.39857, 1.199485, 0.3579782, 10.77649, 173.9104
-11.38351, 1.205924, 0.33292, 11.20444, 173.5349
-11.3897, 1.21081, 0.3716775, 11.87083, 172.9625
-11.38654, 1.200777, 0.3500004, 11.47531, 173.85
-11.38226, 1.191742, 0.3448218, 11.65545, 174.5797
-11.39285, 1.219963, 0.3654249, 11.4415, 172.2823
-11.38582, 1.214112, 0.3273162, 10.85752, 172.9239
-11.40989, 1.192105, 0.33678, 9.262791, 174.5928
-11.38786, 1.21409, 0.3500004, 11.37307, 172.814
-11.40032, 1.21705, 0.3475009, 10.32881, 172.5959
-11.40792, 1.203028, 0.362345, 10.17948, 173.613
-11.40135, 1.185402, 0.3792225, 11.18992, 174.8953
-11.39458, 1.196112, 0.3269844, 10.16394, 174.3305
-11.39297, 1.2159, 0.3500004, 10.9748, 172.6732
-11.40434, 1.209762, 0.3544951, 10.22462, 173.1286
-11.38154, 1.232633, 0.3627913, 12.24257, 171.3108
-11.40783, 1.238107, 0.3595898, 10.10473, 170.9003
-11.40452, 1.227895, 0.3331335, 9.572082, 171.8202
-11.40552, 1.204594, 0.3500004, 9.998417, 173.553
-11.41725, 1.204594, 0.3410715, 8.81813, 173.5977
-11.40618, 1.204594, 0.3331003, 9.442105, 173.6377
-11.38138, 1.204594, 0.3209933, 11.01577, 173.6986
-11.39548, 1.204594, 0.3480272, 10.72138, 173.5629
-11.41855, 1.194761, 0.3500004, 8.98427, 174.3182
-11.41371, 1.207777, 0.3491986, 9.336948, 173.3093
-11.41449, 1.196426, 0.369134, 9.871402, 174.0917
-11.37182, 1.213828, 0.3677291, 13.14291, 172.7476
-11.3708, 1.203632, 0.3758095, 13.45882, 173.499
-11.39513, 1.205332, 0.3500004, 10.80701, 173.4956
-11.37356, 1.2059, 0.3588332, 12.74581, 173.4073
-11.3733, 1.222456, 0.3689955, 13.0653, 172.0716
-11.37418, 1.223576, 0.3518305, 12.4912, 172.067
-11.37888, 1.198801, 0.3535763, 12.17707, 173.9857
-11.40984, 1.222927, 0.3500004, 9.662361, 172.1263
-11.38713, 1.212523, 0.3527437, 11.51131, 172.9225
-11.39497, 1.231448, 0.3556873, 10.98822, 171.4363
-11.39149, 1.181345, 0.3394005, 10.77487, 175.4178
-11.42338, 1.201892, 0.377565, 9.432764, 173.6252
-11.41952, 1.233788, 0.3500004, 8.908868, 171.2811
-11.38445, 1.187716, 0.3428324, 11.42578, 174.9036
-11.37211, 1.24033, 0.3681895, 13.13344, 170.6878
-11.38084, 1.226033, 0.3601079, 12.21791, 171.8363
-11.38111, 1.167148, 0.349553, 11.88488, 176.4695
-11.39726, 1.204594, 0.3500004, 10.64155, 173.553
-11.40516, 1.204594, 0.3486833, 9.98733, 173.5596
-11.4217, 1.204594, 0.3425649, 8.51625, 173.5903
-11.43403, 1.204594, 0.3690153, 8.350911, 173.4582
-11.37436, 1.204594, 0.3625554, 12.79295, 173.4904
-11.3737, 1.200418, 0.3500004, 12.47509, 173.878
-11.42021, 1.213617, 0.3487393, 8.817258, 172.857
-11.37315, 1.203073, 0.3315266, 11.97111, 173.7642
-11.39998, 1.211045, 0.3600829, 10.72959, 173.0013
-11.40266, 1.210607, 0.3109873, 9.052591, 173.2788
-11.39895, 1.195278, 0.3500004, 10.50997, 174.278
-11.39481, 1.18608, 0.3571982, 11.04575, 174.9565
-11.37026, 1.216437, 0.3469128, 12.6511, 172.6464
-11.42064, 1.204001, 0.3335891, 8.32881, 173.6815
-11.37138, 1.217927, 0.3139413, 11.58724, 172.6917
-11.42814, 1.226916, 0.3500004, 8.23813, 171.8159
-11.39077, 1.176017, 0.3521645, 11.21032, 175.7655
-11.40713, 1.192185, 0.3547401, 10.01451, 174.4944
-11.39024, 1.227078, 0.3719694, 11.83765, 171.6987
-11.42078, 1.23118, 0.3558888, 8.987675, 171.4562
-11.40092, 1.215768, 0.3500004, 10.35632, 172.6834
-11.3705, 1.198793, 0.3594136, 13.00053, 173.9569
-11.36591, 1.232526, 0.3567172, 13.27874, 171.3476
-11.41248, 1.185081, 0.3420716, 9.219832, 175.1128
-11.42107, 1.179934, 0.3806134, 9.702973, 175.312
-11.34554, 2.389187, 0.3500004, 14.66623, 81.36679
-11.34554, 2.389187, 0.3475662, 14.59508, 81.34984
-11.34554, 2.389187, 0.3665437, 15.14869, 81.48161
-11.34554, 2.389187, 0.3461705, 14.55425, 81.34012
-11.34554, 2.389187, 0.3332106, 14.17447, 81.24973
-11.34554, 2.398651, 0.3500004, 14.66623, 80.63026
-11.34554, 2.382439, 0.3464287, 14.56181, 81.86726
-11.34554, 2.391901, 0.344251, 14.49808, 81.11537
-11.34554, 2.384319, 0.3307575, 14.10243, 81.61238
-11.34554, 2.398557, 0.3509363, 14.69358, 80.64421
-11.34554, 2.407553, 0.3500004, 14.66623, 79.93752
-11.34554, 2.383361, 0.3420252, 14.43292, 81.76509
-11.34554, 2.390753, 0.332455, 14.15228, 81.1223
-11.34554, 2.405471, 0.3408234, 14.3977, 80.03412
-11.34554, 2.404555, 0.3431384, 14.4655, 80.12195
-11.34554, 2.366445, 0.3500004, 14.66623, 83.13658
-11.34554, 2.40153, 0.3513537, 14.70577, 80.41585
-11.34554, 2.372785, 0.3539888, 14.78273, 82.67026
-11.34554, 2.389827, 0.3436725, 14.48114, 81.27287
-11.34554, 2.366853, 0.3443657, 14.50144, 83.06686
-11.34554, 2.411326, 0.3500004, 14.66623, 79.64392
-11.34554, 2.372751, 0.3510094, 14.69573, 82.65273
-11.34554, 2.351845, 0.3392088, 14.35038, 84.20169
-11.34554, 2.394343, 0.3206373, 13.80478, 80.75894
-11.34554, 2.392072, 0.3795834, 15.52754, 81.34811
-11.349, 2.389187, 0.3500004, 14.39651, 81.36679
-11.33765, 2.389187, 0.3422568, 15.05399, 81.31285
-11.33913, 2.389187, 0.3369524, 14.78419, 81.27586
-11.35487, 2.389187, 0.3532932, 14.03665, 81.38966
-11.34659, 2.389187, 0.3362783, 14.18269, 81.27116
-11.35144, 2.390754, 0.3500004, 14.20711, 81.2448
-11.33951, 2.386058, 0.3535668, 15.23918, 81.63496
-11.35275, 2.384379, 0.3580337, 14.34028, 81.79639
-11.33833, 2.37962, 0.3258308, 14.52016, 81.94498
-11.34302, 2.387846, 0.3454604, 14.72945, 81.43956
-11.35125, 2.407918, 0.3500004, 14.22183, 79.90907
-11.35296, 2.404843, 0.349831, 14.08376, 80.14723
-11.33742, 2.396214, 0.3357368, 14.88173, 80.71948
-11.34239, 2.401813, 0.355724, 15.07822, 80.42476
-11.34354, 2.404388, 0.322995, 14.0306, 79.99117
-11.33644, 2.412535, 0.3500004, 15.37396, 79.54982
-11.33639, 2.383199, 0.3486907, 15.34036, 81.82375
-11.34507, 2.401569, 0.3462803, 14.59375, 80.37683
-11.34379, 2.369885, 0.3690115, 15.35611, 82.99707
-11.35382, 2.406969, 0.3310317, 13.46453, 79.84724
-11.33575, 2.380167, 0.3500004, 15.42799, 82.06874
-11.34166, 2.383918, 0.3413188, 14.71471, 81.71681
-11.34074, 2.412661, 0.3485109, 14.99587, 79.52928
-11.34822, 2.426245, 0.3699413, 15.03961, 78.62866
-11.3508, 2.398345, 0.3285644, 13.6276, 80.50256
-11.33863, 2.389187, 0.3500004, 15.20409, 81.36679
-11.3379, 2.389187, 0.3475133, 15.18821, 81.34947
-11.35629, 2.389187, 0.3652712, 14.27692, 81.47279
-11.3273, 2.389187, 0.3685281, 16.62267, 81.49535
-11.34965, 2.389187, 0.3366951, 13.95637, 81.27405
-11.33111, 2.39504, 0.3500004, 15.7888, 80.91132
-11.34228, 2.39373, 0.3404515, 14.64073, 80.94627
-11.34483, 2.397923, 0.3429713, 14.51587, 80.63734
-11.3428, 2.38142, 0.3376172, 14.5176, 81.88593
-11.32792, 2.380149, 0.3640995, 16.4459, 82.16675
-11.36317, 2.390248, 0.3500004, 13.29413, 81.28421
-11.34465, 2.374639, 0.3561876, 14.91591, 82.54099
-11.35878, 2.40038, 0.3326088, 13.12368, 80.37248
-11.33367, 2.388614, 0.3511039, 15.62194, 81.41905
-11.35173, 2.374962, 0.3193605, 13.28331, 82.26418
-11.35672, 2.368217, 0.3500004, 13.7959, 82.99867
-11.36109, 2.368066, 0.3447861, 13.3029, 82.97523
-11.3635, 2.36006, 0.3438788, 13.08801, 83.59264
-11.33486, 2.392956, 0.3590474, 15.76003, 81.13667
-11.36053, 2.382141, 0.3501203, 13.50337, 81.91594
-11.34776, 2.354898, 0.3500004, 14.49323, 84.0352
-11.35487, 2.367224, 0.355197, 14.09241, 83.11095
-11.33244, 2.383526, 0.3529552, 15.77176, 81.82773
-11.36427, 2.38166, 0.3325126, 12.69284, 81.83194
-11.35511, 2.395416, 0.362804, 14.29627, 80.97177
-11.36724, 2.389187, 0.3500004, 12.97774, 81.36679
-11.33807, 2.389187, 0.3419844, 15.01376, 81.31096
-11.34702, 2.389187, 0.3433986, 14.35783, 81.3208
-11.34236, 2.389187, 0.364862, 15.34661, 81.46996
-11.34787, 2.389187, 0.3531216, 14.57605, 81.38847
-11.37138, 2.385026, 0.3500004, 12.65546, 81.69058
-11.31697, 2.387464, 0.3563988, 17.07441, 81.5452
-11.36979, 2.389139, 0.3320766, 12.24933, 81.24554
-11.333, 2.379636, 0.3411025, 15.38316, 82.04895
-11.36405, 2.380839, 0.3386708, 12.89193, 81.93848
-11.36286, 2.374807, 0.3500004, 13.31795, 82.48584
-11.35803, 2.392952, 0.35784, 13.92375, 81.12857
-11.36644, 2.387308, 0.35399, 13.15681, 81.5407
-11.37224, 2.371179, 0.3288733, 11.96355, 82.62468
-11.34405, 2.383542, 0.3567614, 14.97927, 81.85268
-11.34235, 2.371537, 0.3500004, 14.91471, 82.74031
-11.3564, 2.381241, 0.356715, 14.01815, 82.03131
-11.35454, 2.373666, 0.3688514, 14.5171, 82.70253
-11.34258, 2.402342, 0.3433073, 14.70065, 80.29558
-11.37027, 2.376506, 0.3742725, 13.45449, 82.51883
-11.37155, 2.395957, 0.3500004, 12.64187, 80.83994
-11.34829, 2.373253, 0.3539619, 14.56827, 82.6337
-11.34022, 2.41944, 0.3488518, 15.04632, 79.0041
-11.34702, 2.393569, 0.3554307, 14.70991, 81.06375
-11.35383, 2.367804, 0.3651533, 14.46429, 83.13277
-11.37613, 2.389187, 0.3500004, 12.28522, 81.36679
-11.3447, 2.389187, 0.3445154, 14.57152, 81.3286
-11.3078, 2.389187, 0.3580765, 17.83553, 81.4229
-11.37752, 2.389187, 0.354282, 12.30384, 81.39655
-11.32469, 2.389187, 0.3308478, 15.73143, 81.23322
-11.31, 2.389284, 0.3500004, 17.43211, 81.35919
-11.33205, 2.398177, 0.3483639, 15.66869, 80.65562
-11.33975, 2.394396, 0.3511963, 15.15199, 80.96976
-11.34259, 2.381902, 0.3770335, 15.68258, 82.11911
-11.3675, 2.381948, 0.3251125, 12.22163, 81.75829
-11.32989, 2.402029, 0.3500004, 15.88433, 80.3674
-11.37759, 2.382333, 0.3531182, 12.26443, 81.92165
-11.31981, 2.370885, 0.3364688, 16.27597, 82.69926
-11.34256, 2.375106, 0.355134, 15.04762, 82.49753
-11.33501, 2.386351, 0.3588846, 15.74392, 81.64893
-11.36608, 2.391034, 0.3500004, 13.06751, 81.22304
-11.34461, 2.38436, 0.3493004, 14.71767, 81.73759
-11.31717, 2.365576, 0.3364849, 16.48207, 83.11325
-11.37684, 2.417761, 0.3252231, 11.49612, 78.96303
-11.37131, 2.366204, 0.3255738, 11.93802, 82.99055
-11.34605, 2.406199, 0.3500004, 14.62616, 80.04286
-11.35939, 2.408244, 0.3472714, 13.50822, 79.86423
-11.30645, 2.411574, 0.3500713, 17.71012, 79.62508
-11.33113, 2.417238, 0.3735396, 16.46969, 79.35371
-11.36618, 2.363147, 0.3142, 12.00123, 83.15253
-11.34554, 2.599187, 0.3500004, 14.66623, 65.02434
-11.34554, 2.599187, 0.3418946, 14.42908, 64.9507
-11.34554, 2.599187, 0.3520109, 14.72498, 65.04259
-11.34554, 2.599187, 0.3330755, 14.1705, 64.87039
-11.34554, 2.599187, 0.3399802, 14.37301, 64.93329
-11.34554, 2.608042, 0.3500004, 14.66623, 64.33527
-11.34554, 2.603782, 0.3464138, 14.56136, 64.63405
-11.34554, 2.607395, 0.3654003, 15.11543, 64.52638
-11.34554, 2.597193, 0.3448683, 14.51614, 65.13304
-11.34554, 2.593565, 0.32173, 13.83697, 65.20598
-11.34554, 2.610326, 0.3500004, 14.66623, 64.15752
-11.34554, 2.580115, 0.3457277, 14.54128, 66.47058
-11.34554, 2.590348, 0.3682343, 15.19788, 65.87573
-11.34554, 2.587466, 0.3749434, 15.39286, 66.15921
-11.34554, 2.581352, 0.3800059, 15.53979, 66.67819
-11.34554, 2.578959, 0.3500004, 14.66623, 66.59859
-11.34554, 2.609272, 0.3593578, 14.93939, 64.32535
-11.34554, 2.606101, 0.3362557, 14.2638, 64.36043
-11.34554, 2.624001, 0.3559697, 14.84057, 63.14896
-11.34554, 2.587637, 0.3840913, 15.65819, 66.22728
-11.34554, 2.568332, 0.3500004, 14.66623, 67.42551
-11.34554, 2.58121, 0.3464963, 14.56378, 66.39217
-11.34554, 2.625383, 0.3310581, 14.11125, 62.80843
-11.34554, 2.598662, 0.3423, 14.44096, 64.99533
-11.34554, 2.593396, 0.3585691, 14.9164, 65.55223
-11.34445, 2.599187, 0.3500004, 14.75096, 65.02434
-11.34479, 2.599187, 0.3557945, 14.89377, 65.0769
-11.34209, 2.599187, 0.3356394, 14.51478, 64.89377
-11.33617, 2.599187, 0.3461891, 15.28431, 64.98975
-11.34546, 2.599187, 0.3616687, 15.01262, 65.1301
-11.34834, 2.597247, 0.3500004, 14.44858, 65.17535
-11.34883, 2.598399, 0.3424067, 14.18736, 65.01677
-11.35137, 2.600517, 0.3388714, 13.88572, 64.81953
-11.33988, 2.59529, 0.346065, 14.99218, 65.29204
-11.35063, 2.602306, 0.3640291, 14.68037, 64.90918
-11.34929, 2.600889, 0.3500004, 14.37472, 64.89191
-11.35394, 2.596363, 0.354552, 14.14604, 65.28531
-11.33556, 2.601035, 0.3472325, 15.36236, 64.85533
-11.3371, 2.589268, 0.3743175, 16.02965, 66.01384
-11.34442, 2.602546, 0.3640435, 15.16251, 64.89064
-11.3426, 2.62476, 0.3500004, 14.89519, 63.03429
-11.35074, 2.619467, 0.3446066, 14.1031, 63.3961
-11.33566, 2.627374, 0.3691527, 15.99157, 63.00963
-11.35177, 2.60374, 0.3251526, 13.45147, 64.44263
-11.33775, 2.571684, 0.3826565, 16.22031, 67.45076
-11.34699, 2.587409, 0.3500004, 14.55308, 65.9409
-11.34618, 2.626828, 0.3595202, 14.89449, 62.96223
-11.34683, 2.634742, 0.3488602, 14.53259, 62.24663
-11.34369, 2.594425, 0.364679, 15.23841, 65.52722
-11.33892, 2.61143, 0.3368163, 14.79654, 63.95013
-11.3655, 2.599187, 0.3500004, 13.11287, 65.02434
-11.35616, 2.599187, 0.3526313, 13.91667, 65.04822
-11.35346, 2.599187, 0.3401408, 13.76069, 64.93475
-11.34482, 2.599187, 0.3448492, 14.57118, 64.97755
-11.36282, 2.599187, 0.3760074, 14.08374, 65.2596
-11.34459, 2.590016, 0.3500004, 14.74046, 65.73805
-11.3505, 2.601463, 0.3499383, 14.27826, 64.84671
-11.3614, 2.602628, 0.3437682, 13.24881, 64.69974
-11.3263, 2.601121, 0.3525582, 16.23754, 64.89714
-11.3614, 2.595679, 0.3176399, 12.47728, 65.00359
-11.34525, 2.590365, 0.3500004, 14.68862, 65.71092
-11.35198, 2.598441, 0.3536862, 14.2728, 65.11583
-11.35244, 2.579826, 0.3665307, 14.61239, 66.67757
-11.36348, 2.612859, 0.376332, 14.04166, 64.20222
-11.32586, 2.58336, 0.3338643, 15.72803, 66.11189
-11.33652, 2.571045, 0.3500004, 15.3682, 67.21445
-11.33193, 2.601982, 0.3447896, 15.57371, 64.75941
-11.36005, 2.608975, 0.3302882, 12.95654, 64.08131
-11.34635, 2.614622, 0.3349629, 14.16301, 63.68407
-11.33328, 2.607279, 0.336171, 15.21722, 64.26779
-11.345, 2.569078, 0.3500004, 14.70845, 67.36746
-11.35127, 2.634137, 0.3459592, 14.10194, 62.26636
-11.32573, 2.635653, 0.3380721, 15.86102, 62.07367
-11.35222, 2.633894, 0.3462559, 14.03619, 62.28813
-11.3534, 2.624289, 0.3567018, 14.25074, 63.13341
-11.36985, 2.599187, 0.3500004, 12.7741, 65.02434
-11.36878, 2.599187, 0.358414, 13.10499, 65.10063
-11.3748, 2.599187, 0.362904, 12.76917, 65.14128
-11.36312, 2.599187, 0.3270248, 12.62052, 64.8152
-11.37252, 2.599187, 0.3852169, 13.60056, 65.3425
-11.37016, 2.593687, 0.3500004, 12.75058, 65.45239
-11.3525, 2.609054, 0.3581184, 14.36234, 64.33092
-11.34501, 2.608997, 0.3434651, 14.51603, 64.20096
-11.31961, 2.599237, 0.3495594, 16.67112, 65.01646
-11.35476, 2.599869, 0.3511517, 13.98253, 64.9817
-11.3646, 2.585023, 0.3500004, 13.18269, 66.12663
-11.34669, 2.616642, 0.352706, 14.65595, 63.69098
-11.32381, 2.610504, 0.3467762, 16.2639, 64.11398
-11.31803, 2.589596, 0.3408985, 16.54335, 65.68892
-11.33828, 2.616274, 0.3779003, 16.04128, 63.95172
-11.36327, 2.604998, 0.3500004, 13.28636, 64.57216
-11.34899, 2.612296, 0.3543637, 14.52524, 64.04439
-11.34652, 2.600189, 0.3652573, 15.03535, 65.08476
-11.32082, 2.624945, 0.3657351, 17.04474, 63.16641
-11.37214, 2.593884, 0.3469172, 12.50553, 65.40921
-11.34305, 2.637793, 0.3500004, 14.86004, 62.02005
-11.36265, 2.638902, 0.3437884, 13.15191, 61.8748
-11.32348, 2.575794, 0.355908, 16.55385, 66.89699
-11.33515, 2.632655, 0.365957, 15.93817, 62.56975
-11.3486, 2.584224, 0.3881343, 15.53853, 66.52751
-11.35701, 2.599187, 0.3500004, 13.77387, 65.02434
-11.36965, 2.599187, 0.3488308, 12.75534, 65.01372
-11.33616, 2.599187, 0.363407, 15.78581, 65.14581
-11.30666, 2.599187, 0.3784343, 18.509, 65.28146
-11.32719, 2.599187, 0.3123049, 14.99406, 64.68056
-11.34011, 2.600491, 0.3500004, 15.08868, 64.92288
-11.32097, 2.59604, 0.3543111, 16.70292, 65.30821
-11.35417, 2.592775, 0.3663432, 14.47296, 65.67029
-11.3374, 2.605015, 0.3646061, 15.72424, 64.70399
-11.31794, 2.598267, 0.3586833, 17.0651, 65.17459
-11.31576, 2.599277, 0.3500004, 16.98338, 65.01741
-11.3497, 2.589449, 0.3487753, 14.30645, 65.77121
-11.31832, 2.614571, 0.3560494, 16.95942, 63.883
-11.34031, 2.598602, 0.337976, 14.72167, 64.96065
-11.35054, 2.595208, 0.3747826, 15.00033, 65.55724
-11.36577, 2.608936, 0.3500004, 13.0915, 64.26567
-11.32642, 2.585768, 0.3526815, 16.23188, 66.09265
-11.3194, 2.613271, 0.3432036, 16.50308, 63.8656
-11.34125, 2.603406, 0.3534907, 15.10201, 64.72784
-11.31557, 2.6114, 0.3289417, 16.38734, 63.8797
-11.34936, 2.626494, 0.3500004, 14.3686, 62.89929
-11.36741, 2.608957, 0.3550048, 13.11165, 64.30998
-11.36143, 2.633377, 0.3398069, 13.12962, 62.26753
-11.3344, 2.562907, 0.3644647, 15.95311, 67.97346
-11.36841, 2.632829, 0.3209011, 12.02558, 62.13126
-11.34554, 2.809187, 0.3500004, 14.66623, 48.68193
-11.34554, 2.809187, 0.3468688, 14.57468, 48.64687
-11.34554, 2.809187, 0.3337251, 14.18956, 48.49934
-11.34554, 2.809187, 0.3786176, 15.49952, 49.00114
-11.34554, 2.809187, 0.3626696, 15.03589, 48.82355
-11.34554, 2.813095, 0.3500004, 14.66623, 48.37781
-11.34554, 2.806501, 0.348639, 14.62645, 48.87579
-11.34554, 2.818758, 0.3469572, 14.57726, 47.90276
-11.34554, 2.803231, 0.3659934, 15.13269, 49.3232
-11.34554, 2.804064, 0.3107122, 13.51213, 48.64058
-11.34554, 2.812498, 0.3500004, 14.66623, 48.42432
-11.34554, 2.815441, 0.3574231, 14.88297, 48.27873
-11.34554, 2.790146, 0.3425606, 14.4486, 50.08182
-11.34554, 2.811324, 0.3474992, 14.59311, 48.48759
-11.34554, 2.81725, 0.3346367, 14.21631, 47.88083
-11.34554, 2.818584, 0.3500004, 14.66623, 47.95064
-11.34554, 2.797767, 0.3434557, 14.4748, 49.49805
-11.34554, 2.829679, 0.33677, 14.27891, 46.93617
-11.34554, 2.780892, 0.3274354, 14.00482, 50.63701
-11.34554, 2.814501, 0.322602, 13.86261, 47.95914
-11.34554, 2.832804, 0.3500004, 14.66623, 46.84402
-11.34554, 2.823481, 0.3498795, 14.66271, 47.56825
-11.34554, 2.799371, 0.3363602, 14.26686, 49.29419
-11.34554, 2.778741, 0.3591168, 14.93237, 51.15047
-11.34554, 2.788917, 0.3513205, 14.70481, 50.27393
-11.34358, 2.809187, 0.3500004, 14.81877, 48.68193
-11.3468, 2.809187, 0.3522742, 14.63438, 48.7074
-11.35179, 2.809187, 0.361492, 14.516, 48.81041
-11.33813, 2.809187, 0.3677506, 15.75942, 48.8802
-11.34757, 2.809187, 0.3788976, 15.35023, 49.00424
-11.35094, 2.815585, 0.3500004, 14.24612, 48.18407
-11.35432, 2.815966, 0.3427654, 13.77079, 48.07285
-11.3491, 2.817139, 0.3507361, 14.41102, 48.07143
-11.34548, 2.802657, 0.363644, 15.06862, 49.34172
-11.3555, 2.809317, 0.3186752, 12.96847, 48.31969
-11.34717, 2.812699, 0.3500004, 14.53942, 48.40869
-11.34646, 2.801987, 0.3512421, 14.63097, 49.25607
-11.33759, 2.829105, 0.3384122, 14.94641, 46.99968
-11.35181, 2.824981, 0.3415413, 13.93032, 47.35669
-11.33921, 2.80771, 0.3876694, 16.25214, 49.21597
-11.34825, 2.789144, 0.3500004, 14.4554, 50.24174
-11.35193, 2.806143, 0.3469037, 14.07821, 48.88426
-11.35078, 2.825111, 0.3531206, 14.34985, 47.47812
-11.34336, 2.781851, 0.3283509, 14.20206, 50.57222
-11.34263, 2.814022, 0.314017, 13.83685, 47.8992
-11.34627, 2.848837, 0.3500004, 14.609, 45.59636
-11.35459, 2.841309, 0.3556338, 14.12717, 46.24702
-11.33976, 2.826104, 0.3508512, 15.14043, 47.37509
-11.34069, 2.844348, 0.354454, 15.17354, 45.99713
-11.34848, 2.803272, 0.3155602, 13.42534, 48.75705
-11.33367, 2.809187, 0.3500004, 15.59014, 48.68193
-11.34795, 2.809187, 0.3504257, 14.49082, 48.68669
-11.32692, 2.809187, 0.3404959, 15.83902, 48.57539
-11.33666, 2.809187, 0.3528117, 15.43941, 48.71341
-11.35216, 2.809187, 0.3398285, 13.8527, 48.5679
-11.33599, 2.805437, 0.3500004, 15.40928, 48.9738
-11.3441, 2.806436, 0.3482673, 14.72782, 48.87669
-11.35324, 2.800385, 0.3323475, 13.54873, 49.17039
-11.33232, 2.81373, 0.3700776, 16.27716, 48.5535
-11.35999, 2.804904, 0.332758, 13.0337, 48.82253
-11.32965, 2.801485, 0.3500004, 15.90261, 49.28131
-11.35697, 2.80315, 0.3467876, 13.68257, 49.11597
-11.33611, 2.819679, 0.3401168, 15.11181, 47.75363
-11.33566, 2.799371, 0.3433497, 15.241, 49.37199
-11.35625, 2.811385, 0.3474814, 13.75896, 48.4826
-11.32823, 2.794558, 0.3500004, 16.01305, 49.82043
-11.33987, 2.82078, 0.3578598, 15.3362, 47.86856
-11.32969, 2.832604, 0.3357985, 15.4862, 46.69696
-11.33213, 2.786258, 0.3607762, 16.02274, 50.58432
-11.33605, 2.800257, 0.3375711, 15.04217, 49.23866
-11.32834, 2.776662, 0.3500004, 16.00492, 51.2131
-11.33746, 2.814836, 0.3548717, 15.43682, 48.29715
-11.3589, 2.774114, 0.3313961, 13.07877, 51.20921
-11.34982, 2.804221, 0.3610639, 14.65669, 49.19151
-11.35879, 2.783088, 0.3426283, 13.41857, 50.63234
-11.34387, 2.809187, 0.3500004, 14.79651, 48.68193
-11.36892, 2.809187, 0.3428799, 12.63667, 48.60214
-11.33051, 2.809187, 0.3692426, 16.39365, 48.89682
-11.33665, 2.809187, 0.3338012, 14.8847, 48.5002
-11.35985, 2.809187, 0.3441602, 13.38102, 48.6165
-11.34986, 2.817677, 0.3500004, 14.32983, 48.02126
-11.33336, 2.812473, 0.3462017, 15.50374, 48.38356
-11.33265, 2.818355, 0.3606886, 15.9799, 48.08896
-11.36997, 2.815063, 0.3366748, 12.37188, 48.07446
-11.34595, 2.811087, 0.3345337, 14.18153, 48.36029
-11.35339, 2.801238, 0.3500004, 14.05493, 49.30055
-11.36808, 2.826138, 0.3440405, 12.73609, 47.29504
-11.32697, 2.816196, 0.3490656, 16.08417, 48.12601
-11.34775, 2.817674, 0.3213367, 13.65249, 47.69693
-11.32922, 2.815823, 0.3253068, 15.21652, 47.88651
-11.35635, 2.829284, 0.3500004, 13.82516, 47.11803
-11.36579, 2.812775, 0.3411392, 12.82911, 48.30307
-11.32253, 2.797311, 0.343706, 16.27391, 49.53642
-11.34423, 2.837671, 0.3622664, 15.12577, 46.60594
-11.31554, 2.820093, 0.3203336, 16.13945, 47.49651
-11.34547, 2.829545, 0.3500004, 14.67188, 47.0977
-11.3307, 2.808345, 0.3583212, 16.06276, 48.84048
-11.32927, 2.792524, 0.3612197, 16.25808, 50.1022
-11.349, 2.824714, 0.3346165, 13.94547, 47.2986
-11.32782, 2.825386, 0.3606903, 16.35488, 47.54256
-11.34931, 2.809187, 0.3500004, 14.37241, 48.68193
-11.32786, 2.809187, 0.347731, 15.97638, 48.65652
-11.32251, 2.809187, 0.3679803, 16.97855, 48.88278
-11.37765, 2.809187, 0.3604277, 12.47538, 48.79851
-11.36594, 2.809187, 0.3336033, 12.59474, 48.49797
-11.36959, 2.819146, 0.3500004, 12.79428, 47.90692
-11.31861, 2.812623, 0.357139, 16.96831, 48.49471
-11.34225, 2.810171, 0.369347, 15.48526, 48.82162
-11.38332, 2.805638, 0.3270361, 11.04421, 48.70111
-11.32951, 2.810333, 0.3798545, 16.77781, 48.92604
-11.34824, 2.816629, 0.3500004, 14.45636, 48.10281
-11.31384, 2.813433, 0.343689, 16.95029, 48.28055
-11.33204, 2.806646, 0.3627989, 16.08875, 49.02243
-11.33004, 2.81814, 0.3403586, 15.59205, 47.8763
-11.3776, 2.805053, 0.3811013, 13.08638, 49.34915
-11.3728, 2.826343, 0.3500004, 12.5445, 47.34683
-11.3547, 2.786754, 0.3551916, 14.10563, 50.48463
-11.30594, 2.819557, 0.331304, 17.20747, 47.66319
-11.36578, 2.780715, 0.3206971, 12.22555, 50.57681
-11.38107, 2.821242, 0.3336608, 11.41687, 47.5585
-11.37497, 2.779363, 0.3500004, 12.376, 51.0029
-11.38183, 2.823429, 0.3477347, 11.77534, 47.54794
-11.36211, 2.807314, 0.340529, 13.09773, 48.72168
-11.32246, 2.775974, 0.3730274, 17.12794, 51.51596
-11.30737, 2.843214, 0.3503622, 17.64702, 46.03813
