-11.35057, 0.02, 0.3500004, 10.38357, 265.7393
-11.35057, 0.02, 0.3557751, 10.5554, 265.6415
-11.35057, 0.02, 0.3558991, 10.55911, 265.6393
-11.35057, 0.02, 0.3768985, 11.18184, 265.2848
-11.35057, 0.02, 0.3280561, 9.72815, 266.1125
-11.35057, 0.01693247, 0.3500004, 10.38357, 265.978
-11.35057, 0.02802014, 0.34707, 10.29628, 265.1646
-11.35057, 0.01304871, 0.3567521, 10.58445, 266.1654
-11.35057, 0.01579716, 0.3224013, 9.558663, 266.5372
-11.35057, 0.01649874, 0.3258851, 9.663119, 266.4229
-11.35057, 0.01693485, 0.3500004, 10.38357, 265.9778
-11.35057, 0.02766001, 0.3547278, 10.52426, 265.0634
-11.35057, 0.01982976, 0.3557835, 10.55567, 265.6545
-11.35057, 0.03581309, 0.3367403, 9.987974, 264.7318
-11.35057, 0.03868691, 0.360833, 10.70572, 264.1037
-11.35057, 0.0008847862, 0.3500004, 10.38357, 267.2269
-11.35057, 0.03684471, 0.3583509, 10.63199, 264.2884
-11.35057, -0.00874676, 0.3640524, 10.80129, 267.7345
-11.35057, -0.002817342, 0.3322361, 9.853306, 267.821
-11.35057, -0.008501714, 0.3193159, 9.466066, 268.4886
-11.35057, 0.05853262, 0.3500004, 10.38357, 262.7407
-11.35057, 0.01387152, 0.3454678, 10.24847, 266.2934
-11.35057, 0.0297893, 0.350486, 10.39803, 264.9693
-11.35057, 0.05944198, 0.3413914, 10.12689, 262.8126
-11.35057, 0.003928825, 0.3394085, 10.0677, 267.1715
-11.34175, 0.02, 0.3500004, 11.0701, 265.7393
-11.35594, 0.02, 0.3476219, 9.894719, 265.7797
-11.34257, 0.02, 0.355898, 11.18101, 265.6394
-11.34726, 0.02, 0.356355, 10.82983, 265.6317
-11.34497, 0.02, 0.3554372, 10.98096, 265.6472
-11.36006, 0.01790428, 0.3500004, 9.645095, 265.9024
-11.34632, 0.01528432, 0.358869, 10.97787, 265.9557
-11.35579, 0.01284794, 0.355467, 10.14002, 266.2029
-11.34958, 0.010804, 0.321108, 9.59733, 266.9494
-11.35786, 0.02580502, 0.3769283, 10.61716, 264.8341
-11.34782, 0.01326596, 0.3500004, 10.5979, 266.2633
-11.34331, 0.02422334, 0.347039, 10.86097, 265.4607
-11.35544, 0.03480114, 0.3678463, 10.53583, 264.2882
-11.35464, 0.01120202, 0.3723916, 10.73311, 266.0434
-11.34281, 0.03509506, 0.3886972, 12.13148, 263.9175
-11.34201, 0.002842998, 0.3500004, 11.05009, 267.0745
-11.35336, -0.009856658, 0.3404501, 9.881573, 268.2278
-11.35968, 0.04280499, 0.3497701, 9.668198, 263.9684
-11.35471, -0.00647187, 0.32514, 9.317994, 268.229
-11.35492, -0.003624106, 0.3228503, 9.232578, 268.0463
-11.35508, 0.009582778, 0.3500004, 10.03262, 266.55
-11.34112, 0.04836983, 0.3525731, 11.19571, 263.4886
-11.34387, 0.05174567, 0.3577279, 11.13477, 263.1404
-11.35939, 0.000761006, 0.3265162, 8.99374, 267.6405
-11.352, 0.03450503, 0.3123423, 9.145017, 265.2467
-11.3638, 0.02, 0.3500004, 9.354458, 265.7393
-11.33542, 0.02, 0.3552398, 11.71761, 265.6505
-11.34035, 0.02, 0.3371817, 10.79784, 265.957
-11.34463, 0.02, 0.3519123, 10.90271, 265.7069
-11.33575, 0.02, 0.3763309, 12.31486, 265.2943
-11.36221, 0.02432566, 0.3500004, 9.477539, 265.4027
-11.34666, 0.01425512, 0.3471068, 10.60218, 266.2356
-11.34785, 0.02804824, 0.3324134, 10.07109, 265.4105
-11.33818, 0.01361122, 0.3338692, 10.86845, 266.5116
-11.35843, 0.01382322, 0.314386, 8.703432, 266.8289
-11.33268, 0.03346294, 0.3500004, 11.77556, 264.6916
-11.33066, 0.01590239, 0.3504103, 11.94533, 266.0512
-11.36475, 0.01078436, 0.3452246, 9.137177, 266.5379
-11.36755, 0.01480926, 0.337423, 8.685107, 266.3575
-11.35165, 0.003461137, 0.3726644, 10.97267, 266.6394
-11.35761, 0.009366299, 0.3500004, 9.836097, 266.5668
-11.34015, 0.0314218, 0.3572662, 11.4096, 264.7282
-11.35468, -0.009015663, 0.3652977, 10.51944, 267.734
-11.33428, 0.0249533, 0.3333572, 11.15717, 265.6358
-11.35203, 0.01517374, 0.3738788, 10.97916, 265.7101
-11.35506, 0.03082646, 0.3500004, 10.03422, 264.8968
-11.36694, -0.0001893379, 0.3450907, 8.962312, 267.3947
-11.3397, -0.007935764, 0.3446522, 11.07083, 268.0056
-11.36155, -0.007275119, 0.3771741, 10.33891, 267.3953
-11.36562, 0.05259144, 0.3249942, 8.461347, 263.6202
-11.34807, 0.02, 0.3500004, 10.57807, 265.7393
-11.3497, 0.02, 0.3420392, 10.21392, 265.8745
-11.37785, 0.02, 0.3423319, 8.029733, 265.8695
-11.36312, 0.02, 0.3472906, 9.326091, 265.7853
-11.32839, 0.02, 0.3745051, 12.83152, 265.3251
-11.3325, 0.01097015, 0.3500004, 11.78993, 266.442
-11.3452, 0.01464275, 0.3554981, 10.96468, 266.0627
-11.37491, 0.01359601, 0.3404989, 8.203855, 266.3996
-11.377, 0.01645174, 0.3429197, 8.11429, 266.1359
-11.33069, 0.02293341, 0.3607148, 12.24738, 265.3299
-11.33114, 0.007651024, 0.3500004, 11.89562, 266.7003
-11.3287, 0.01218295, 0.3442379, 11.91523, 266.4459
-11.35394, 0.01513445, 0.3415489, 9.868984, 266.2618
-11.37429, 0.01740465, 0.3671708, 9.051819, 265.6503
-11.37944, 0.02158128, 0.3491677, 8.111629, 265.6303
-11.36873, 0.02133082, 0.3500004, 8.970194, 265.6357
-11.37535, 0.01814307, 0.3466081, 8.353615, 265.9414
-11.356, 0.00501444, 0.3698488, 10.55205, 266.5668
-11.32428, -0.008866651, 0.3378021, 12.06935, 268.1965
-11.35917, 0.0129849, 0.3444361, 9.548063, 266.38
-11.37053, 0.05734483, 0.3500004, 8.830132, 262.8331
-11.3662, 0.02595607, 0.3473009, 9.086337, 265.3214
-11.32677, 0.05675743, 0.367483, 12.75111, 262.5895
-11.34365, 0.009394427, 0.3314568, 10.36996, 266.8818
-11.35048, -0.002063248, 0.3219483, 9.552169, 267.94
-11.37445, 0.02, 0.3500004, 8.525262, 265.7393
-11.35583, 0.02, 0.3409523, 9.703689, 265.8929
-11.32673, 0.02, 0.3335838, 11.75267, 266.0183
-11.31181, 0.02, 0.3545183, 13.5327, 265.6628
-11.37224, 0.02, 0.3793339, 9.573812, 265.2438
-11.35808, 0.02932094, 0.3500004, 9.798861, 265.0139
-11.33698, 0.0224276, 0.359545, 11.72386, 265.389
-11.32345, 0.0215288, 0.3629322, 12.87552, 265.4016
-11.31532, 0.01420601, 0.3494475, 13.11068, 266.1996
-11.34048, 0.02326036, 0.381835, 12.10954, 264.949
-11.35833, 0.02546234, 0.3500004, 9.779749, 265.3142
-11.35675, 0.03496064, 0.3462804, 9.791622, 264.6376
-11.33476, 0.01278991, 0.3392639, 11.29546, 266.4835
-11.32606, 0.02133267, 0.3493092, 12.27057, 265.6473
-11.35991, 0.02667913, 0.3425594, 9.434309, 265.3453
-11.32452, 0.01399111, 0.3500004, 12.4109, 266.2069
-11.33208, 0.02668646, 0.3514752, 11.86609, 265.1941
-11.31977, -0.006579706, 0.3518079, 12.83423, 267.7766
-11.32968, 0.02787846, 0.3403234, 11.7226, 265.2897
-11.38215, 0.03346194, 0.3170912, 6.9313, 265.2476
-11.31728, 0.006032697, 0.3500004, 12.9746, 266.8263
-11.36023, 0.004338846, 0.3419915, 9.392653, 267.0953
-11.38343, 0.04107089, 0.3315383, 7.26903, 264.4094
-11.33719, 0.02883288, 0.3271676, 10.7462, 265.4382
-11.36965, 0.05156364, 0.3599985, 9.198146, 263.1169
-11.35057, 0.1925, 0.3500004, 10.38357, 252.3152
-11.35057, 0.1925, 0.3546564, 10.52214, 252.2444
-11.35057, 0.1925, 0.3671668, 10.89367, 252.0546
-11.35057, 0.1925, 0.3294126, 9.768777, 252.6293
-11.35057, 0.1925, 0.3276077, 9.714718, 252.6569
-11.35057, 0.1924021, 0.3500004, 10.38357, 252.3228
-11.35057, 0.198496, 0.35798, 10.62096, 251.7278
-11.35057, 0.201643, 0.3543568, 10.51323, 251.5378
-11.35057, 0.1922492, 0.3422501, 10.15253, 252.4528
-11.35057, 0.1834286, 0.3595056, 10.66628, 252.8758
-11.35057, 0.1985556, 0.3500004, 10.38357, 251.8439
-11.35057, 0.1939966, 0.3432027, 10.18094, 252.3021
-11.35057, 0.1761199, 0.3666016, 10.87691, 253.3351
-11.35057, 0.176217, 0.3606417, 10.70003, 253.4189
-11.35057, 0.1819956, 0.3862537, 11.45818, 252.5798
-11.35057, 0.1912981, 0.3500004, 10.38357, 252.4087
-11.35057, 0.1786606, 0.3493728, 10.36486, 253.4018
-11.35057, 0.1712951, 0.3305002, 9.801335, 254.267
-11.35057, 0.2073858, 0.3477511, 10.31656, 251.1906
-11.35057, 0.1713814, 0.3842101, 11.39789, 253.4332
-11.35057, 0.2085028, 0.3500004, 10.38357, 251.0698
-11.35057, 0.2194268, 0.346179, 10.26971, 250.2768
-11.35057, 0.1881621, 0.347707, 10.31525, 252.6878
-11.35057, 0.2093419, 0.3647664, 10.82248, 250.7828
-11.35057, 0.1656996, 0.3331446, 9.880471, 254.6624
-11.34356, 0.1925, 0.3500004, 10.92902, 252.3152
-11.34392, 0.1925, 0.3418024, 10.65702, 252.4401
-11.35605, 0.1925, 0.3684939, 10.50791, 252.0345
-11.35956, 0.1925, 0.3438729, 9.501271, 252.4085
-11.34725, 0.1925, 0.3413558, 10.3844, 252.4469
-11.35072, 0.1870866, 0.3500004, 10.37222, 252.7365
-11.3533, 0.1919833, 0.3548151, 10.31426, 252.2822
-11.34836, 0.1883054, 0.3650945, 11.00435, 252.4117
-11.34263, 0.2014308, 0.3608643, 11.32361, 251.4561
-11.35203, 0.1838603, 0.3707518, 10.88641, 252.6708
-11.34894, 0.1893075, 0.3500004, 10.51074, 252.5636
-11.34144, 0.2081304, 0.3570031, 11.30156, 250.9935
-11.35317, 0.1764068, 0.3601197, 10.4827, 253.4122
-11.35502, 0.1792637, 0.3341528, 9.563942, 253.589
-11.35392, 0.1736445, 0.3824341, 11.08589, 253.2849
-11.34153, 0.1874543, 0.3500004, 11.08731, 252.7078
-11.34324, 0.2066246, 0.3515521, 11.00052, 251.1926
-11.35447, 0.1654547, 0.3527051, 10.16097, 254.378
-11.35748, 0.1670871, 0.3210922, 8.979793, 254.7418
-11.34068, 0.1643383, 0.3230153, 10.34931, 254.9265
-11.34559, 0.2167392, 0.3500004, 10.77134, 250.4289
-11.34683, 0.1783535, 0.3524193, 10.74677, 253.3789
-11.35284, 0.2197996, 0.3696395, 10.79108, 249.898
-11.34888, 0.194584, 0.3762502, 11.2938, 251.7555
-11.3604, 0.1632244, 0.3457994, 9.493432, 254.6586
-11.3395, 0.1925, 0.3500004, 11.24506, 252.3152
-11.34035, 0.1925, 0.356335, 11.36706, 252.2189
-11.35135, 0.1925, 0.3318784, 9.781651, 252.5916
-11.37032, 0.1925, 0.3258393, 8.119798, 252.684
-11.34165, 0.1925, 0.3690001, 11.64077, 252.0268
-11.33189, 0.1868782, 0.3500004, 11.83767, 252.7527
-11.36383, 0.2018308, 0.3576662, 9.580507, 251.4733
-11.35719, 0.2013257, 0.3491184, 9.842291, 251.6417
-11.34192, 0.1829918, 0.3643442, 11.48193, 252.8359
-11.33928, 0.2016974, 0.3581229, 11.50306, 251.4767
-11.33658, 0.1788794, 0.3500004, 11.47229, 253.3752
-11.36319, 0.1753205, 0.3533065, 9.500656, 253.6013
-11.35421, 0.1739765, 0.3474847, 10.02508, 253.7955
-11.34548, 0.2045108, 0.3507037, 10.80079, 251.3699
-11.36427, 0.1852693, 0.3801517, 10.21583, 252.4187
-11.35878, 0.1957702, 0.3500004, 9.745016, 252.0607
-11.3635, 0.2145923, 0.3427421, 9.16018, 250.7049
-11.34013, 0.1690331, 0.3693489, 11.76909, 253.8431
-11.36205, 0.1729115, 0.3516339, 9.539022, 253.8144
-11.34119, 0.2169661, 0.3279453, 10.45672, 250.7423
-11.33136, 0.1805712, 0.3500004, 11.87834, 253.2435
-11.33499, 0.1770382, 0.3523338, 11.66499, 253.4826
-11.34, 0.1785567, 0.3579831, 11.44309, 253.2778
-11.33762, 0.169218, 0.3497148, 11.38299, 254.1314
-11.33332, 0.1966315, 0.3630318, 12.11092, 251.7962
-11.36834, 0.1925, 0.3500004, 9.00095, 252.3152
-11.3313, 0.1925, 0.3447052, 11.72637, 252.3958
-11.37467, 0.1925, 0.3592108, 8.78427, 252.1752
-11.32635, 0.1925, 0.3770459, 13.06429, 251.9051
-11.37025, 0.1925, 0.3550045, 9.002395, 252.2391
-11.35828, 0.1840443, 0.3500004, 9.783726, 252.9732
-11.33095, 0.2016925, 0.3433268, 11.71284, 251.7008
-11.3312, 0.2005707, 0.3595604, 12.17364, 251.5426
-11.32815, 0.192115, 0.3279267, 11.47455, 252.6821
-11.37949, 0.1880253, 0.3607349, 8.455195, 252.4998
-11.37311, 0.1736607, 0.3500004, 8.629761, 253.7813
-11.3336, 0.1752653, 0.3477362, 11.6369, 253.6913
-11.33526, 0.188544, 0.346163, 11.46111, 252.6816
-11.37066, 0.189936, 0.3230942, 8.010635, 252.9263
-11.37512, 0.2095827, 0.3538074, 8.587646, 250.9285
-11.33362, 0.1662138, 0.3500004, 11.703, 254.3608
-11.37927, 0.1956627, 0.3497261, 8.1423, 252.0732
-11.33945, 0.2174368, 0.3695808, 11.82821, 250.0823
-11.33778, 0.1849847, 0.3416491, 11.13127, 253.0279
-11.36752, 0.206968, 0.3481587, 9.009175, 251.217
-11.32508, 0.2164894, 0.3500004, 12.36703, 250.4483
-11.32972, 0.1654164, 0.3467256, 11.90951, 254.4736
-11.33113, 0.1662288, 0.3370644, 11.51307, 254.5602
-11.36632, 0.1854471, 0.3263251, 8.447127, 253.2271
-11.37892, 0.1774395, 0.3142985, 7.099156, 254.0384
-11.3817, 0.1925, 0.3500004, 7.961154, 252.3152
-11.3463, 0.1925, 0.3443529, 10.54815, 252.4012
-11.3456, 0.1925, 0.3621993, 11.1328, 252.1299
-11.37587, 0.1925, 0.3400413, 8.115592, 252.4669
-11.38779, 0.1925, 0.3206228, 6.598105, 252.7639
-11.32867, 0.1984103, 0.3500004, 12.08822, 251.8552
-11.31076, 0.192009, 0.3426149, 13.26473, 252.4659
-11.35768, 0.1834673, 0.3645212, 10.2627, 252.7963
-11.37312, 0.1929251, 0.3344734, 8.162227, 252.5188
-11.3325, 0.188815, 0.3892707, 12.94629, 252.006
-11.38096, 0.2098138, 0.3500004, 8.018818, 250.9678
-11.35529, 0.2081922, 0.3548699, 10.16151, 251.0207
-11.31609, 0.1860403, 0.3324754, 12.54973, 253.0863
-11.32697, 0.1976479, 0.3586248, 12.47458, 251.7839
-11.38874, 0.1730021, 0.3647566, 7.857628, 253.6055
-11.32901, 0.1994147, 0.3500004, 12.0612, 251.7771
-11.33283, 0.2220904, 0.3499727, 11.76371, 250.0128
-11.31898, 0.211832, 0.3581073, 13.08024, 250.6891
-11.35736, 0.2163284, 0.3446693, 9.695721, 250.5407
-11.32128, 0.2222701, 0.3590683, 12.93024, 249.8633
-11.32855, 0.1909514, 0.3500004, 12.09742, 252.4357
-11.32475, 0.1723096, 0.3521786, 12.45761, 253.8528
-11.32472, 0.1647003, 0.3587356, 12.65305, 254.3434
-11.38801, 0.2051328, 0.3697347, 8.063622, 251.0351
-11.3629, 0.155794, 0.3665308, 9.917107, 254.9146
-11.35057, 0.3649999, 0.3500004, 10.38357, 238.8911
-11.35057, 0.3649999, 0.3582289, 10.62834, 238.7803
-11.35057, 0.3649999, 0.3486187, 10.34238, 238.9097
-11.35057, 0.3649999, 0.3779825, 11.21391, 238.5154
-11.35057, 0.3649999, 0.3743213, 11.10559, 238.5644
-11.35057, 0.3705415, 0.3500004, 10.38357, 238.4598
-11.35057, 0.374261, 0.3522142, 10.44947, 238.1407
-11.35057, 0.3690144, 0.3369056, 9.992909, 238.7549
-11.35057, 0.361249, 0.3291457, 9.76078, 239.4655
-11.35057, 0.3602505, 0.3493551, 10.36434, 239.2694
-11.35057, 0.3742209, 0.3500004, 10.38357, 238.1735
-11.35057, 0.3664269, 0.3484454, 10.33725, 238.8009
-11.35057, 0.3695303, 0.3390459, 10.05685, 238.6858
-11.35057, 0.3468939, 0.3753542, 11.13616, 239.955
-11.35057, 0.347454, 0.3508083, 10.40763, 240.2455
-11.35057, 0.3360977, 0.3500004, 10.38357, 241.1403
-11.35057, 0.393901, 0.3477193, 10.31562, 236.672
-11.35057, 0.3819048, 0.3544777, 10.51683, 237.516
-11.35057, 0.3745034, 0.3689529, 10.9466, 237.8986
-11.35057, 0.3511152, 0.3203762, 9.49791, 240.3765
-11.35057, 0.4043849, 0.3500004, 10.38357, 235.8261
-11.35057, 0.3835208, 0.3541372, 10.50671, 237.3948
-11.35057, 0.3711558, 0.3435053, 10.18996, 238.4992
-11.35057, 0.382644, 0.3606507, 10.70031, 237.3766
-11.35057, 0.3878259, 0.3535698, 10.48983, 237.0675
-11.35414, 0.3649999, 0.3500004, 10.10552, 238.8911
-11.35072, 0.3649999, 0.3477658, 10.30563, 238.9212
-11.35077, 0.3649999, 0.3574811, 10.59031, 238.7903
-11.34708, 0.3649999, 0.3791239, 11.51826, 238.5001
-11.34853, 0.3649999, 0.3219955, 9.705749, 239.2698
-11.35582, 0.3609525, 0.3500004, 9.975085, 239.206
-11.35123, 0.3564372, 0.3507575, 10.35466, 239.5471
-11.34272, 0.3582389, 0.3345475, 10.53464, 239.6269
-11.34843, 0.3642879, 0.3563513, 10.73925, 238.8609
-11.34881, 0.3739627, 0.3456945, 10.39267, 238.2512
-11.34469, 0.3784363, 0.3500004, 10.84145, 237.8454
-11.3457, 0.3513916, 0.3484031, 10.71527, 239.9718
-11.36039, 0.3609599, 0.3596652, 9.90798, 239.075
-11.35122, 0.346479, 0.3229789, 9.525104, 240.7029
-11.35443, 0.3789602, 0.3558814, 10.25844, 237.7263
-11.3475, 0.3695163, 0.3500004, 10.62225, 238.5396
-11.35641, 0.3757448, 0.3430229, 9.720526, 238.1482
-11.34314, 0.3723434, 0.3568032, 11.16394, 238.2285
-11.35576, 0.3568482, 0.3371948, 9.596915, 239.6993
-11.35164, 0.3577712, 0.3202335, 9.410105, 239.8585
-11.34414, 0.3585425, 0.3500004, 10.88413, 239.3936
-11.35461, 0.381045, 0.3498658, 10.06499, 237.6442
-11.34189, 0.3637104, 0.3515958, 11.10689, 238.9699
-11.35564, 0.3793989, 0.3482463, 9.93669, 237.7939
-11.36055, 0.3975658, 0.3357955, 9.18201, 236.5438
-11.35444, 0.3649999, 0.3500004, 10.08232, 238.8911
-11.369, 0.3649999, 0.3530813, 9.041991, 238.8496
-11.33552, 0.3649999, 0.3589527, 11.82003, 238.7706
-11.33489, 0.3649999, 0.3207498, 10.73406, 239.2867
-11.34874, 0.3649999, 0.3788313, 11.38108, 238.504
-11.33471, 0.3597043, 0.3500004, 11.61768, 239.3032
-11.36784, 0.3608801, 0.355142, 9.193711, 239.1422
-11.33386, 0.3729372, 0.3657415, 12.14918, 238.063
-11.34725, 0.3592109, 0.3499301, 10.6397, 239.3425
-11.35544, 0.367148, 0.3724348, 10.67216, 238.423
-11.36016, 0.3623089, 0.3500004, 9.637427, 239.1005
-11.36399, 0.3640421, 0.3572729, 9.55709, 238.8676
-11.36149, 0.357236, 0.3385335, 9.190836, 239.6509
-11.35306, 0.3776263, 0.3573613, 10.40873, 237.8103
-11.36994, 0.3558016, 0.3112981, 7.710056, 240.1346
-11.36216, 0.3575453, 0.3500004, 9.482045, 239.4712
-11.33248, 0.3666076, 0.3423563, 11.56533, 238.8689
-11.36848, 0.3616526, 0.3329925, 8.478813, 239.3818
-11.3498, 0.3603404, 0.3474481, 10.36732, 239.2882
-11.34773, 0.3659538, 0.3629518, 10.98919, 238.6427
-11.34786, 0.3294075, 0.3500004, 10.59475, 241.6609
-11.33135, 0.3274537, 0.358461, 12.12934, 241.6959
-11.36522, 0.3651136, 0.3462964, 9.132628, 238.9321
-11.34925, 0.354752, 0.3429462, 10.27592, 239.7844
-11.35144, 0.4011015, 0.3745859, 11.04608, 235.7603
-11.3214, 0.3649999, 0.3500004, 12.65345, 238.8911
-11.33447, 0.3649999, 0.3532466, 11.73303, 238.8473
-11.37785, 0.3649999, 0.3513612, 8.301358, 238.8727
-11.35099, 0.3649999, 0.3757197, 11.1145, 238.5457
-11.32196, 0.3649999, 0.3620999, 12.96633, 238.7283
-11.34064, 0.3613635, 0.3500004, 11.15666, 239.174
-11.37561, 0.361091, 0.3444514, 8.268299, 239.2703
-11.37485, 0.3690426, 0.3577997, 8.728223, 238.4718
-11.34188, 0.3701832, 0.3283042, 10.4143, 238.7797
-11.34717, 0.3741749, 0.3830542, 11.62718, 237.7366
-11.37419, 0.345482, 0.3500004, 8.545561, 240.41
-11.36188, 0.3483531, 0.3494612, 9.487066, 240.1939
-11.32974, 0.3512694, 0.3512363, 12.0411, 239.9428
-11.35039, 0.3641393, 0.3594376, 10.67851, 238.8309
-11.37886, 0.3508489, 0.3386919, 7.841492, 240.1465
-11.34624, 0.372298, 0.3500004, 10.72093, 238.3231
-11.3786, 0.3841284, 0.3575805, 8.429818, 237.3019
-11.32527, 0.3809014, 0.3527902, 12.43469, 237.6165
-11.37389, 0.3400288, 0.3305517, 7.983627, 241.102
-11.34016, 0.352801, 0.3240767, 10.42221, 240.1941
-11.37692, 0.3895753, 0.3500004, 8.332829, 236.9786
-11.34743, 0.4020709, 0.3405924, 10.34795, 236.1296
-11.36729, 0.3344978, 0.3355145, 8.647728, 241.4648
-11.32857, 0.3988596, 0.3350444, 11.65252, 236.4529
-11.35056, 0.3752107, 0.3354765, 9.95121, 238.291
-11.33331, 0.3649999, 0.3500004, 11.72693, 238.8911
-11.37775, 0.3649999, 0.3575096, 8.493762, 238.79
-11.34622, 0.3649999, 0.3378961, 10.36131, 239.0544
-11.38617, 0.3649999, 0.3708756, 8.240547, 238.6105
-11.34872, 0.3649999, 0.3555716, 10.69347, 238.816
-11.3394, 0.3725268, 0.3500004, 11.25313, 238.3053
-11.38127, 0.3712341, 0.343042, 7.785001, 238.4993
-11.38506, 0.3632527, 0.3473562, 7.61982, 239.0627
-11.38341, 0.3603103, 0.3745016, 8.563585, 238.9258
-11.36371, 0.3687862, 0.3405541, 9.078555, 238.7235
-11.38303, 0.3828974, 0.3500004, 7.857313, 237.4983
-11.36018, 0.3737071, 0.3404758, 9.350538, 238.3411
-11.3151, 0.3508058, 0.3502301, 13.15096, 239.9925
-11.35969, 0.3623742, 0.3292937, 9.053321, 239.3757
-11.33391, 0.3511216, 0.3883937, 12.81142, 239.451
-11.33155, 0.3715053, 0.3500004, 11.86368, 238.3848
-11.37831, 0.3825145, 0.3554571, 8.388605, 237.4556
-11.34783, 0.3832178, 0.3553233, 10.7548, 237.4026
-11.37323, 0.3740343, 0.3309505, 8.047199, 238.4436
-11.34268, 0.3945423, 0.3285872, 10.35986, 236.875
-11.37192, 0.3578111, 0.3500004, 8.7219, 239.4505
-11.38772, 0.4032063, 0.352262, 7.561183, 235.8882
-11.33094, 0.361928, 0.3422356, 11.68146, 239.2351
-11.36094, 0.3758285, 0.3774764, 10.39527, 237.6824
-11.3393, 0.3762741, 0.3889135, 12.40911, 237.4964
-11.35057, 0.5374999, 0.3500004, 10.38357, 225.4669
-11.35057, 0.5374999, 0.3432726, 10.18302, 225.546
-11.35057, 0.5374999, 0.3470715, 10.29631, 225.5013
-11.35057, 0.5374999, 0.3262945, 9.675393, 225.746
-11.35057, 0.5374999, 0.3824964, 11.34729, 225.0872
-11.35057, 0.5296773, 0.3500004, 10.38357, 226.0757
-11.35057, 0.5468598, 0.354256, 10.51024, 224.689
-11.35057, 0.5332244, 0.3439996, 10.20471, 225.8704
-11.35057, 0.5391058, 0.3637006, 10.79085, 225.1817
-11.35057, 0.538799, 0.3495552, 10.37029, 225.371
-11.35057, 0.5290855, 0.3500004, 10.38357, 226.1218
-11.35057, 0.5261084, 0.3455225, 10.25012, 226.4065
-11.35057, 0.5328774, 0.3530532, 10.47445, 225.7907
-11.35057, 0.5574057, 0.3618307, 10.73534, 223.7816
-11.35057, 0.5534235, 0.3468101, 10.2885, 224.2647
-11.35057, 0.51073, 0.3500004, 10.38357, 227.5502
-11.35057, 0.5538107, 0.3429238, 10.17261, 224.2796
-11.35057, 0.5084174, 0.3528929, 10.46967, 227.6954
-11.35057, 0.5326251, 0.3545591, 10.51924, 225.7926
-11.35057, 0.5338735, 0.3152474, 9.343872, 226.16
-11.35057, 0.5493655, 0.3500004, 10.38357, 224.5435
-11.35057, 0.5485493, 0.3464758, 10.27855, 224.648
-11.35057, 0.5426024, 0.3403805, 10.09671, 225.1824
-11.35057, 0.5146942, 0.3495044, 10.36879, 227.2476
-11.35057, 0.5348434, 0.3128794, 9.272704, 226.1123
-11.35909, 0.5374999, 0.3500004, 9.720969, 225.4669
-11.34572, 0.5374999, 0.3454464, 10.62547, 225.5204
-11.34575, 0.5374999, 0.3695307, 11.33786, 225.2383
-11.35468, 0.5374999, 0.3670205, 10.57001, 225.2677
-11.34361, 0.5374999, 0.3131443, 9.824653, 225.9015
-11.35105, 0.5285607, 0.3500004, 10.34646, 226.1626
-11.34741, 0.5424472, 0.3417913, 10.385, 225.178
-11.34374, 0.539288, 0.3387878, 10.58148, 225.4594
-11.3462, 0.5451519, 0.3274803, 10.05186, 225.1347
-11.35553, 0.5412447, 0.346848, 9.90366, 225.2124
-11.35942, 0.5340251, 0.3500004, 9.694662, 225.7374
-11.34284, 0.548948, 0.3489906, 10.95534, 224.5878
-11.34407, 0.5241573, 0.3647574, 11.32686, 226.3305
-11.35594, 0.5278936, 0.3496106, 9.953771, 226.2191
-11.35339, 0.5571238, 0.3866547, 11.25146, 223.519
-11.35123, 0.5217868, 0.3500004, 10.33221, 226.6897
-11.34144, 0.5657577, 0.3431987, 10.89189, 223.3458
-11.35963, 0.5090305, 0.3395583, 9.36626, 227.8082
-11.35869, 0.5226541, 0.327786, 9.086523, 226.887
-11.34945, 0.5252954, 0.3736626, 11.17305, 226.137
-11.35026, 0.5632224, 0.3500004, 10.40784, 223.4652
-11.35108, 0.5157053, 0.3456489, 10.21444, 227.2151
-11.35832, 0.5210637, 0.3426358, 9.560266, 226.8337
-11.35919, 0.5175972, 0.3548467, 9.857354, 226.958
-11.35081, 0.4990178, 0.3559646, 10.54278, 228.3894
-11.33983, 0.5374999, 0.3500004, 11.21947, 225.4669
-11.36845, 0.5374999, 0.3594334, 9.274149, 225.3564
-11.34415, 0.5374999, 0.3363068, 10.47529, 225.6279
-11.35535, 0.5374999, 0.3398622, 9.709182, 225.5861
-11.36581, 0.5374999, 0.3213182, 8.336062, 225.8047
-11.34617, 0.5419188, 0.3500004, 10.72633, 225.1231
-11.35974, 0.5340711, 0.3498564, 9.665709, 225.7355
-11.36914, 0.5399523, 0.3689783, 9.505892, 225.0544
-11.34325, 0.5387235, 0.3575948, 11.1784, 225.2828
-11.34982, 0.5301902, 0.3262284, 9.731712, 226.3173
-11.34783, 0.5275049, 0.3500004, 10.59671, 226.2448
-11.36972, 0.5246471, 0.3455728, 8.760939, 226.5197
-11.34569, 0.5304008, 0.3401494, 10.4698, 226.1358
-11.35205, 0.5546396, 0.3763225, 11.05031, 223.8298
-11.34634, 0.5306521, 0.3513337, 10.75273, 225.9841
-11.34729, 0.5391728, 0.3500004, 10.63904, 225.3368
-11.36497, 0.5325896, 0.357987, 9.502144, 225.7551
-11.35868, 0.533714, 0.3656783, 10.22002, 225.5774
-11.36412, 0.5625041, 0.3703741, 9.936805, 223.2878
-11.33882, 0.5166031, 0.3892877, 12.4578, 226.6263
-11.35154, 0.576148, 0.3500004, 10.30787, 222.4593
-11.33885, 0.5151465, 0.3507585, 11.31821, 227.1974
-11.36331, 0.5750089, 0.330496, 8.807759, 222.77
-11.34818, 0.5398461, 0.3740624, 11.28326, 225.0035
-11.34021, 0.5497876, 0.3804578, 12.09047, 224.1585
-11.36997, 0.5374999, 0.3500004, 8.874307, 225.4669
-11.32511, 0.5374999, 0.3536751, 12.47382, 225.4238
-11.36705, 0.5374999, 0.3390952, 8.774114, 225.5951
-11.35344, 0.5374999, 0.3339542, 9.681044, 225.6556
-11.37246, 0.5374999, 0.3169534, 7.684565, 225.8564
-11.362, 0.5474489, 0.3500004, 9.493861, 224.6927
-11.33306, 0.54644, 0.352089, 11.80827, 224.7469
-11.36741, 0.5469396, 0.3622386, 9.439173, 224.5901
-11.36951, 0.5384507, 0.3773313, 9.725933, 225.0736
-11.33697, 0.5405278, 0.3122381, 10.31706, 225.6754
-11.33664, 0.5380964, 0.3500004, 11.46765, 225.4205
-11.37334, 0.5370783, 0.3568685, 8.817887, 225.4192
-11.3272, 0.5273777, 0.3555262, 12.36524, 226.1893
-11.36371, 0.5194431, 0.3453886, 9.222693, 226.9271
-11.34076, 0.5312125, 0.3599459, 11.4415, 225.8391
-11.36651, 0.5580697, 0.3500004, 9.143572, 223.8662
-11.35539, 0.5177968, 0.3425575, 9.786201, 227.0892
-11.35605, 0.5460036, 0.3402992, 9.667211, 224.9183
-11.34419, 0.5436301, 0.335082, 10.43631, 225.1644
-11.32695, 0.5581614, 0.3638255, 12.62956, 223.7
-11.3742, 0.5055093, 0.3500004, 8.544788, 227.9565
-11.33188, 0.5236489, 0.3420061, 11.60106, 226.6399
-11.36161, 0.5685921, 0.3444952, 9.359679, 223.1102
-11.34083, 0.5133227, 0.3685388, 11.69041, 227.1269
-11.3729, 0.523159, 0.3858211, 9.715919, 226.1594
-11.35091, 0.5374999, 0.3500004, 10.35726, 225.4669
-11.37726, 0.5374999, 0.3414166, 8.048058, 225.5678
-11.38767, 0.5374999, 0.3524116, 7.569308, 225.4387
-11.37995, 0.5374999, 0.3393531, 7.776246, 225.592
-11.32435, 0.5374999, 0.3599576, 12.71789, 225.3503
-11.38371, 0.5400355, 0.3500004, 7.804599, 225.2696
-11.37045, 0.5327911, 0.3477464, 8.768821, 225.86
-11.32842, 0.5370759, 0.356603, 12.30257, 225.4225
-11.3415, 0.5465702, 0.3569559, 11.29582, 224.6802
-11.351, 0.5326667, 0.3218265, 9.508209, 226.1762
-11.37041, 0.5507525, 0.3500004, 8.839574, 224.4356
-11.35292, 0.5286152, 0.34134, 9.942698, 226.2608
-11.37881, 0.5429977, 0.3469854, 8.095264, 225.0743
-11.35361, 0.5283384, 0.3600631, 10.44697, 226.061
-11.33295, 0.5451865, 0.3629458, 12.13743, 224.7181
-11.34876, 0.5420839, 0.3500004, 10.5247, 225.1102
-11.3849, 0.5533239, 0.3421645, 7.47601, 224.3263
-11.32481, 0.5536627, 0.3627748, 12.76485, 224.0616
-11.36196, 0.5581264, 0.35213, 9.560766, 223.8372
-11.37575, 0.519299, 0.3125511, 7.29352, 227.3318
-11.35463, 0.5016233, 0.3500004, 10.06741, 228.2589
-11.31278, 0.5715687, 0.3590101, 13.58916, 222.7132
-11.33814, 0.5112858, 0.337499, 10.97959, 227.6572
-11.31963, 0.5194175, 0.3759017, 13.55217, 226.5665
-11.34243, 0.5044877, 0.3225785, 10.19958, 228.3681
-11.35057, 0.7099999, 0.3500004, 10.38357, 212.0428
-11.35057, 0.7099999, 0.3446487, 10.22407, 212.0963
-11.35057, 0.7099999, 0.3513057, 10.42242, 212.0298
-11.35057, 0.7099999, 0.3369235, 9.993453, 212.1737
-11.35057, 0.7099999, 0.3800108, 11.27385, 211.7441
-11.35057, 0.7137921, 0.3500004, 10.38357, 211.7477
-11.35057, 0.705623, 0.359227, 10.65803, 212.2909
-11.35057, 0.7108856, 0.3413295, 10.12505, 212.0605
-11.35057, 0.7196641, 0.3582863, 10.63006, 211.2088
-11.35057, 0.7035067, 0.3243037, 9.615726, 212.8074
-11.35057, 0.7148141, 0.3500004, 10.38357, 211.6682
-11.35057, 0.6940472, 0.3563065, 10.57121, 213.2203
-11.35057, 0.7165613, 0.3567548, 10.58453, 211.4652
-11.35057, 0.7046446, 0.3702068, 10.98377, 212.2571
-11.35057, 0.6964565, 0.3509374, 10.41145, 213.0873
-11.35057, 0.7116251, 0.3500004, 10.38357, 211.9163
-11.35057, 0.7222485, 0.3495364, 10.36975, 211.0942
-11.35057, 0.6823277, 0.3459916, 10.26412, 214.2375
-11.35057, 0.6960211, 0.3361088, 9.969106, 213.2717
-11.35057, 0.721596, 0.3560306, 10.56301, 211.0809
-11.35057, 0.7082921, 0.3500004, 10.38357, 212.1757
-11.35057, 0.6968589, 0.3544966, 10.51739, 213.02
-11.35057, 0.705721, 0.3620783, 10.74271, 212.2548
-11.35057, 0.7295886, 0.3342384, 9.913187, 210.6731
-11.35057, 0.6781446, 0.3476622, 10.3139, 214.546
-11.34988, 0.7099999, 0.3500004, 10.43754, 212.0428
-11.35981, 0.7099999, 0.3428949, 9.451861, 212.1139
-11.3514, 0.7099999, 0.3327377, 9.803739, 212.2157
-11.35975, 0.7099999, 0.3391369, 9.344072, 212.1515
-11.34126, 0.7099999, 0.3446117, 10.94793, 212.0967
-11.35136, 0.7006301, 0.3500004, 10.32236, 212.772
-11.35297, 0.7099214, 0.3565315, 10.39122, 211.9837
-11.3561, 0.7064234, 0.3319491, 9.41318, 212.5026
-11.34981, 0.7105892, 0.3682705, 10.98538, 211.8149
-11.34172, 0.7183916, 0.3690922, 11.63818, 211.2011
-11.34223, 0.7269788, 0.3500004, 11.03286, 210.7215
-11.35209, 0.7262747, 0.3489076, 10.23314, 210.787
-11.35375, 0.7233504, 0.3401967, 9.843678, 211.1006
-11.34272, 0.711683, 0.3391526, 10.67179, 212.0202
-11.36006, 0.7240046, 0.3483082, 9.594698, 210.9696
-11.34459, 0.7214702, 0.3500004, 10.84904, 211.1502
-11.34727, 0.6849261, 0.3441512, 10.46621, 214.0541
-11.35861, 0.710667, 0.3549818, 9.906492, 211.9412
-11.34824, 0.725868, 0.3436683, 10.37626, 210.8702
-11.34427, 0.7291482, 0.3647266, 11.31107, 210.4086
-11.34403, 0.7444309, 0.3500004, 10.89252, 209.3634
-11.35813, 0.7492771, 0.3474435, 9.718981, 209.0108
-11.34391, 0.7164009, 0.3619421, 11.25634, 211.4263
-11.35422, 0.7094229, 0.3676503, 10.62468, 211.9116
-11.34992, 0.7012435, 0.3132966, 9.336061, 213.096
-11.33926, 0.7099999, 0.3500004, 11.26412, 212.0428
-11.33408, 0.7099999, 0.3445193, 11.50414, 212.0976
-11.36679, 0.7099999, 0.3636633, 9.529767, 211.9065
-11.35565, 0.7099999, 0.361556, 10.33254, 211.9275
-11.34907, 0.7099999, 0.3730075, 11.18285, 211.8136
-11.36267, 0.7121493, 0.3500004, 9.441676, 211.8755
-11.34888, 0.7077965, 0.3544134, 10.64677, 212.1701
-11.35802, 0.7071407, 0.3615474, 10.14849, 212.1498
-11.35, 0.7104593, 0.338206, 10.07629, 212.125
-11.36583, 0.7043633, 0.379631, 10.07984, 212.1848
-11.35213, 0.6903285, 0.3500004, 10.26203, 213.5737
-11.34581, 0.690016, 0.3440598, 10.57763, 213.6586
-11.34622, 0.6974008, 0.3641683, 11.14283, 212.8802
-11.36623, 0.702895, 0.3249465, 8.412681, 212.8487
-11.34554, 0.7136793, 0.380518, 11.6785, 211.4539
-11.34973, 0.7088636, 0.3500004, 10.4487, 212.1312
-11.35043, 0.6852038, 0.3481056, 10.33834, 213.9919
-11.35626, 0.7273086, 0.342333, 9.711685, 210.7712
-11.35793, 0.721392, 0.3384597, 9.466066, 211.2704
-11.34564, 0.689385, 0.3820509, 11.71668, 213.3215
-11.36785, 0.741196, 0.3500004, 9.038715, 209.6151
-11.33638, 0.7357637, 0.3555324, 11.65172, 209.984
-11.33691, 0.7427024, 0.3564859, 11.63877, 209.4353
-11.33956, 0.7042693, 0.3282282, 10.59277, 212.7082
-11.36652, 0.6854489, 0.3484035, 9.09462, 213.9697
-11.37449, 0.7099999, 0.3500004, 8.522358, 212.0428
-11.34011, 0.7099999, 0.3407954, 10.92444, 212.1349
-11.32769, 0.7099999, 0.3630961, 12.55078, 211.9122
-11.36356, 0.7099999, 0.3722316, 10.03605, 211.8213
-11.32981, 0.7099999, 0.316549, 11.00565, 212.3786
-11.3803, 0.7002369, 0.3500004, 8.070173, 212.8026
-11.37737, 0.7103373, 0.348177, 8.243408, 212.0348
-11.36581, 0.7182961, 0.3673866, 9.716663, 211.2253
-11.37686, 0.7001783, 0.3673033, 8.856311, 212.6329
-11.34853, 0.7069726, 0.3657477, 11.01016, 212.1209
-11.33773, 0.7030683, 0.3500004, 11.38292, 212.5822
-11.35475, 0.6931427, 0.3445283, 9.895191, 213.4103
-11.34707, 0.7276257, 0.3380371, 10.29943, 210.7888
-11.34562, 0.7264773, 0.3495268, 10.75474, 210.7652
-11.38028, 0.7048212, 0.3380297, 7.711, 212.5663
-11.37822, 0.7299696, 0.3500004, 8.231893, 210.4887
-11.32269, 0.6985587, 0.3418941, 12.31366, 213.0152
-11.33986, 0.7159986, 0.3646731, 11.65143, 211.4305
-11.33377, 0.7162191, 0.3576153, 11.91658, 211.4833
-11.35419, 0.688415, 0.359708, 10.39122, 213.6236
-11.37795, 0.7122765, 0.3500004, 8.253036, 211.8656
-11.37821, 0.7131994, 0.3458948, 8.109298, 211.8347
-11.35744, 0.6826705, 0.3561832, 10.03321, 214.1062
-11.34372, 0.738601, 0.3355323, 10.48572, 209.9577
-11.37654, 0.7050752, 0.3684044, 8.913875, 212.2417
-11.32086, 0.7099999, 0.3500004, 12.69596, 212.0428
-11.37697, 0.7099999, 0.3437725, 8.14167, 212.1051
-11.37317, 0.7099999, 0.3394576, 8.308468, 212.1483
-11.33189, 0.7099999, 0.343719, 11.65139, 212.1056
-11.38158, 0.7099999, 0.3530461, 8.062334, 212.0124
-11.31362, 0.7123572, 0.3500004, 13.25911, 211.8594
-11.38483, 0.7172884, 0.3513659, 7.758622, 211.4621
-11.3676, 0.7089853, 0.3543855, 9.189391, 212.0779
-11.35622, 0.7174085, 0.362159, 10.30653, 211.3459
-11.33379, 0.7098988, 0.3686213, 12.23937, 211.8651
-11.32133, 0.6947388, 0.3500004, 12.65878, 213.2304
-11.36307, 0.6912509, 0.3528598, 9.496708, 213.4728
-11.37968, 0.7268218, 0.3371032, 7.729955, 210.8606
-11.31455, 0.7228003, 0.3458373, 13.06417, 211.0878
-11.39048, 0.7092296, 0.3554291, 7.44122, 212.0485
-11.34014, 0.7232867, 0.3500004, 11.19537, 211.0088
-11.37447, 0.7389627, 0.34618, 8.40879, 209.826
-11.35259, 0.7223156, 0.3366345, 9.827614, 211.2165
-11.35169, 0.6923394, 0.3208443, 9.424925, 213.7148
-11.35718, 0.7332144, 0.3484883, 9.823766, 210.251
-11.3555, 0.7320712, 0.3500004, 9.999962, 210.3252
-11.37745, 0.747163, 0.3504141, 8.304648, 209.1468
-11.34315, 0.6853901, 0.3563236, 11.14896, 213.8933
-11.36508, 0.7038821, 0.3643377, 9.683132, 212.375
-11.3545, 0.7213492, 0.3758973, 10.84743, 210.9046
-11.00697, 1.204594, 0.3500004, 37.12266, 173.553
-11.00697, 1.204594, 0.3490308, 37.09714, 173.5579
-11.00697, 1.204594, 0.3356261, 36.74372, 173.625
-11.00697, 1.204594, 0.3425252, 36.92575, 173.5905
-11.00697, 1.204594, 0.3181646, 36.28148, 173.7129
-11.00697, 1.201307, 0.3500004, 37.12266, 173.8088
-11.00697, 1.194659, 0.3523587, 37.18468, 174.3141
-11.00697, 1.199021, 0.3477919, 37.06454, 173.9978
-11.00697, 1.204139, 0.3276901, 36.53391, 173.7004
-11.00697, 1.208965, 0.381644, 37.9519, 173.0567
-11.00697, 1.197188, 0.3500004, 37.12266, 174.1293
-11.00697, 1.216445, 0.3507142, 37.14144, 172.6273
-11.00697, 1.218244, 0.3441077, 36.96748, 172.5194
-11.00697, 1.213151, 0.3586643, 37.35038, 172.8445
-11.00697, 1.198907, 0.3522834, 37.1827, 173.984
-11.00697, 1.191659, 0.3500004, 37.12266, 174.5596
-11.00697, 1.200024, 0.3452671, 36.99803, 173.9326
-11.00697, 1.233557, 0.3675242, 37.58271, 171.2168
-11.00697, 1.207995, 0.3412721, 36.89273, 173.3318
-11.00697, 1.226812, 0.3125242, 36.13171, 172.0039
-11.00697, 1.206139, 0.3500004, 37.12266, 173.4328
-11.00697, 1.182763, 0.355816, 37.27557, 175.2216
-11.00697, 1.241135, 0.3614475, 37.42342, 170.6564
-11.00697, 1.236239, 0.3485918, 37.08558, 171.097
-11.00697, 1.242418, 0.3604633, 37.39761, 170.5613
-11.00881, 1.204594, 0.3500004, 36.97964, 173.553
-11.01186, 1.204594, 0.3580323, 36.95366, 173.5129
-11.00852, 1.204594, 0.3698266, 37.52316, 173.4542
-11.00618, 1.204594, 0.3275367, 36.59211, 173.6657
-11.00877, 1.204594, 0.3237972, 36.29028, 173.6845
-11.01481, 1.195194, 0.3500004, 36.51308, 174.2845
-11.01611, 1.205003, 0.3473932, 36.34256, 173.5342
-11.01347, 1.202507, 0.3485054, 36.57778, 173.7229
-11.00076, 1.199913, 0.3263674, 36.98418, 174.037
-11.00618, 1.202642, 0.320416, 36.40287, 173.854
-11.01045, 1.19047, 0.3500004, 36.85234, 174.6521
-11.00861, 1.21145, 0.3447896, 36.85825, 173.0452
-11.00501, 1.220168, 0.3386223, 36.97556, 172.3962
-10.99704, 1.219055, 0.3341115, 37.47833, 172.5049
-11.00189, 1.202188, 0.3665242, 37.95093, 173.6574
-11.01276, 1.215258, 0.3500004, 36.67262, 172.7231
-10.99832, 1.230785, 0.3569176, 37.97702, 171.4821
-11.0091, 1.180397, 0.3384015, 36.65089, 175.4969
-11.00424, 1.194873, 0.3697164, 37.85213, 174.2092
-10.99866, 1.200511, 0.3401611, 37.51154, 173.9204
-11.0024, 1.228193, 0.3500004, 37.47843, 171.7165
-11.00843, 1.202515, 0.3501556, 37.01364, 173.714
-10.99882, 1.211004, 0.3311904, 37.26245, 173.1472
-11.00564, 1.242667, 0.3751318, 37.88538, 170.4745
-11.01421, 1.196406, 0.3393191, 36.27711, 174.2446
-11.02632, 1.204594, 0.3500004, 35.61733, 173.553
-11.00418, 1.204594, 0.3454188, 37.21989, 173.576
-10.99284, 1.204594, 0.3306973, 37.71615, 173.6498
-11.01755, 1.204594, 0.3469689, 36.21933, 173.5682
-11.00571, 1.204594, 0.3573426, 37.41409, 173.5164
-11.01537, 1.208281, 0.3500004, 36.46933, 173.2661
-11.02207, 1.213447, 0.3560669, 36.10863, 172.8342
-11.01161, 1.197871, 0.3538447, 36.86315, 174.0567
-11.01084, 1.211538, 0.340924, 36.58247, 173.0574
-11.01674, 1.208025, 0.3451505, 36.23427, 173.3101
-11.02648, 1.188897, 0.3500004, 35.6045, 174.7746
-10.99718, 1.208575, 0.3518915, 37.93403, 173.2338
-11.02696, 1.187932, 0.3675362, 36.03136, 174.7592
-11.02104, 1.223341, 0.3314943, 35.53711, 172.1833
-10.99868, 1.216175, 0.3526507, 37.83772, 172.6388
-11.00376, 1.182067, 0.3500004, 37.37316, 175.306
-11.02673, 1.193506, 0.3590003, 35.82336, 174.3699
-10.99644, 1.206685, 0.3683785, 38.42278, 173.299
-11.00461, 1.200133, 0.3541611, 37.41617, 173.8792
-10.99522, 1.228086, 0.3799048, 38.81792, 171.5829
-11.01204, 1.242627, 0.3500004, 36.72837, 170.5932
-11.00284, 1.164839, 0.3530549, 37.52445, 176.6302
-11.01314, 1.206929, 0.3541041, 36.75087, 173.3509
-11.01114, 1.190384, 0.3433459, 36.62296, 174.6931
-11.0213, 1.193404, 0.3467591, 35.92179, 174.4404
-11.00813, 1.204594, 0.3500004, 37.03295, 173.553
-10.98383, 1.204594, 0.3405181, 38.67625, 173.6005
-11.01651, 1.204594, 0.3520411, 36.43433, 173.5428
-11.02818, 1.204594, 0.3440724, 35.31471, 173.5827
-10.99898, 1.204594, 0.3633769, 38.09476, 173.4863
-10.98066, 1.195956, 0.3500004, 39.17036, 174.2253
-10.99989, 1.210638, 0.3531795, 37.75713, 173.0669
-11.02483, 1.198715, 0.3387862, 35.43573, 174.0673
-11.03518, 1.204883, 0.3504324, 34.9393, 173.5283
-11.03622, 1.212031, 0.3452835, 34.72089, 172.9975
-10.98223, 1.209471, 0.3500004, 39.04847, 173.1734
-11.01212, 1.187697, 0.3495921, 36.71119, 174.8701
-10.99016, 1.223123, 0.3682922, 38.90789, 172.0232
-11.01932, 1.186256, 0.3550166, 36.29412, 174.9541
-10.98557, 1.219213, 0.3678243, 39.25275, 172.329
-11.01915, 1.188276, 0.3500004, 36.17508, 174.8229
-10.98918, 1.195657, 0.3499971, 38.50755, 174.2485
-10.9777, 1.207512, 0.362303, 39.72065, 173.2649
-10.98509, 1.212573, 0.3307335, 38.32154, 173.0271
-11.01401, 1.19858, 0.3519284, 36.62629, 174.0113
-11.03406, 1.198336, 0.3500004, 35.01463, 174.04
-11.00924, 1.19138, 0.3475269, 36.88146, 174.5941
-11.02252, 1.240803, 0.3385281, 35.60894, 170.7884
-10.98226, 1.16753, 0.3592203, 39.28588, 176.3878
-10.99744, 1.213161, 0.3315486, 37.37985, 172.9772
-11.00848, 1.204594, 0.3500004, 37.00581, 173.553
-11.01171, 1.204594, 0.3552746, 36.89301, 173.5267
-11.01079, 1.204594, 0.3353132, 36.43772, 173.6266
-10.98504, 1.204594, 0.3634118, 39.17865, 173.4861
-10.9838, 1.204594, 0.3843558, 39.81817, 173.382
-10.97256, 1.211113, 0.3500004, 39.80074, 173.0457
-10.9895, 1.195917, 0.3546753, 38.6047, 174.2045
-10.97707, 1.205504, 0.336399, 39.09561, 173.5502
-10.99686, 1.198889, 0.3381508, 37.59858, 174.057
-11.03937, 1.20398, 0.3845018, 35.51625, 173.4288
-11.00796, 1.223098, 0.3500004, 37.04565, 172.113
-11.00097, 1.195853, 0.3513068, 37.62434, 174.2266
-11.03606, 1.221476, 0.353584, 34.95461, 172.2219
-11.04434, 1.208591, 0.3341271, 33.79058, 173.3208
-11.01629, 1.200188, 0.3570471, 36.58357, 173.8604
-11.01764, 1.188509, 0.3500004, 36.29245, 174.8048
-10.9938, 1.227384, 0.3476568, 38.08647, 171.7906
-11.03635, 1.17978, 0.3330719, 34.38505, 175.5732
-11.036, 1.210081, 0.3789818, 35.63234, 172.9832
-10.97127, 1.195215, 0.3704184, 40.42953, 174.1791
-11.02023, 1.169791, 0.3500004, 36.09089, 176.2614
-11.03305, 1.167174, 0.3512537, 35.12688, 176.4583
-11.02285, 1.204505, 0.337973, 35.5685, 173.6202
-10.97647, 1.174761, 0.3678254, 39.95886, 175.7803
-10.98071, 1.200351, 0.3636458, 39.52107, 173.8145
-11.00697, 1.414594, 0.3500004, 37.12266, 157.2106
-11.00697, 1.414594, 0.3574238, 37.31779, 157.1893
-11.00697, 1.414594, 0.3342702, 36.7079, 157.256
-11.00697, 1.414594, 0.3587576, 37.35283, 157.1854
-11.00697, 1.414594, 0.3783895, 37.86694, 157.1292
-11.00697, 1.420052, 0.3500004, 37.12266, 156.7858
-11.00697, 1.409316, 0.3555706, 37.26913, 157.605
-11.00697, 1.405449, 0.3505824, 37.13798, 157.9205
-11.00697, 1.412553, 0.3710819, 37.67588, 157.3084
-11.00697, 1.413324, 0.3219674, 36.38233, 157.3909
-11.00697, 1.407713, 0.3500004, 37.12266, 157.7461
-11.00697, 1.405456, 0.3597145, 37.37796, 157.8929
-11.00697, 1.410461, 0.3336389, 36.6912, 157.5802
-11.00697, 1.395079, 0.329825, 36.59038, 158.7916
-11.00697, 1.41238, 0.3707862, 37.66814, 157.3228
-11.00697, 1.409465, 0.3500004, 37.12266, 157.6098
-11.00697, 1.392425, 0.3487317, 37.08926, 158.9397
-11.00697, 1.400252, 0.3579317, 37.33113, 158.3027
-11.00697, 1.427548, 0.3629318, 37.46235, 156.167
-11.00697, 1.392077, 0.3746554, 37.76935, 158.8865
-11.00697, 1.413884, 0.3500004, 37.12266, 157.2658
-11.00697, 1.447153, 0.3590031, 37.35927, 154.6539
-11.00697, 1.448884, 0.3359593, 36.7525, 154.5778
-11.00697, 1.445784, 0.3540293, 37.22862, 154.773
-11.00697, 1.379621, 0.3800406, 37.91006, 159.8355
-11.01187, 1.414594, 0.3500004, 36.74143, 157.2106
-11.01146, 1.414594, 0.3431851, 36.5938, 157.2303
-11.0021, 1.414594, 0.352482, 37.56713, 157.2035
-11.00684, 1.414594, 0.3735059, 37.74995, 157.1431
-11.00336, 1.414594, 0.3231892, 36.69728, 157.2881
-11.01182, 1.405603, 0.3500004, 36.7457, 157.9103
-10.99941, 1.407791, 0.3594979, 37.95992, 157.712
-11.01465, 1.419368, 0.3448498, 36.38934, 156.8537
-11.00392, 1.417468, 0.3502661, 37.36732, 156.9861
-11.01115, 1.418671, 0.3714102, 37.36018, 156.8327
-11.00649, 1.422472, 0.3500004, 37.16024, 156.5975
-11.00977, 1.420556, 0.3452556, 36.77982, 156.76
-11.01397, 1.413585, 0.3618163, 36.88919, 157.255
-11.0006, 1.4168, 0.3471996, 37.54501, 157.0469
-11.01037, 1.423875, 0.379034, 37.62049, 156.4077
-11.00016, 1.428839, 0.3500004, 37.65286, 156.102
-11.00682, 1.406637, 0.3431772, 36.95526, 157.85
-11.01247, 1.424326, 0.3682161, 37.17443, 156.4026
-11.00224, 1.417158, 0.3286425, 36.92888, 157.0722
-11.00173, 1.440245, 0.3184707, 36.69957, 155.2974
-11.00769, 1.437369, 0.3500004, 37.06667, 155.4382
-11.01251, 1.384421, 0.3423582, 36.49026, 159.583
-11.00792, 1.375018, 0.3594371, 37.29731, 160.2596
-11.01374, 1.415798, 0.3469546, 36.51541, 157.1257
-11.01563, 1.388021, 0.3292686, 35.9005, 159.344
-11.00005, 1.414594, 0.3500004, 37.66148, 157.2106
-11.01344, 1.414594, 0.3535407, 36.7127, 157.2004
-10.98749, 1.414594, 0.364139, 39.00773, 157.17
-10.99914, 1.414594, 0.3724557, 38.31993, 157.1461
-10.99532, 1.414594, 0.3774586, 38.74613, 157.1318
-10.98927, 1.41733, 0.3500004, 38.5007, 156.9977
-10.99601, 1.406715, 0.3511827, 38.00683, 157.8202
-11.02096, 1.405035, 0.3536668, 36.13136, 157.9436
-11.00775, 1.420774, 0.3674951, 37.52137, 156.6804
-11.00339, 1.414717, 0.3880051, 38.39519, 157.0921
-11.01518, 1.413014, 0.3500004, 36.48411, 157.3336
-10.99263, 1.402291, 0.3428121, 38.0504, 158.1896
-11.01454, 1.405875, 0.3638583, 36.89865, 157.8481
-11.00741, 1.418011, 0.334954, 36.69188, 156.9876
-11.02226, 1.4247, 0.314651, 34.9932, 156.5228
-10.99304, 1.403445, 0.3500004, 38.20693, 158.0782
-11.01899, 1.409282, 0.3432044, 36.00809, 157.6439
-11.0055, 1.437758, 0.352856, 37.31233, 155.4004
-11.01143, 1.390776, 0.3337788, 36.34774, 159.1149
-10.99225, 1.426649, 0.387233, 39.23764, 156.1702
-10.99886, 1.423404, 0.3500004, 37.75444, 156.525
-10.9879, 1.430238, 0.3570481, 38.79097, 155.974
-11.01105, 1.392087, 0.3358595, 36.432, 159.0061
-11.01512, 1.395026, 0.3276049, 35.89581, 158.8026
-10.99663, 1.392447, 0.3313416, 37.4373, 158.9922
-11.01459, 1.414594, 0.3500004, 36.53019, 157.2106
-11.00992, 1.414594, 0.3476762, 36.83216, 157.2173
-11.02223, 1.414594, 0.3510205, 35.96254, 157.2077
-11.02363, 1.414594, 0.3742854, 36.46759, 157.1409
-10.99312, 1.414594, 0.3799745, 38.98195, 157.1246
-11.00034, 1.417882, 0.3500004, 37.63879, 156.9547
-11.02707, 1.412957, 0.344827, 35.42147, 157.353
-10.98438, 1.417318, 0.3471512, 38.80639, 157.0067
-11.0214, 1.417698, 0.3545017, 36.11903, 156.9562
-11.02672, 1.413023, 0.3516206, 35.62858, 157.3282
-10.98561, 1.40632, 0.3500004, 38.78563, 157.8545
-11.02779, 1.399946, 0.3468113, 35.41805, 158.3602
-10.9937, 1.395867, 0.3435686, 37.98676, 158.6877
-10.97916, 1.405096, 0.3796515, 40.05587, 157.8618
-11.03034, 1.400085, 0.3183375, 34.45992, 158.436
-11.0168, 1.426334, 0.3500004, 36.35807, 156.2969
-10.99119, 1.396051, 0.3569562, 38.53277, 158.6323
-11.01038, 1.408866, 0.3604056, 37.13176, 157.6258
-11.03481, 1.415354, 0.3694859, 35.47369, 157.0956
-10.99491, 1.423626, 0.3532074, 38.14536, 156.4988
-11.02935, 1.400179, 0.3500004, 35.38167, 158.3324
-11.03092, 1.423827, 0.3406029, 35.00939, 156.5183
-10.99627, 1.403777, 0.3310209, 37.45736, 158.1092
-10.98051, 1.431685, 0.358786, 39.41046, 155.8568
-10.99495, 1.426147, 0.3802071, 38.84676, 156.2284
-11.03996, 1.414594, 0.3500004, 34.55581, 157.2106
-11.00162, 1.414594, 0.3481945, 37.49156, 157.2158
-11.01892, 1.414594, 0.3535132, 36.286, 157.2005
-10.98187, 1.414594, 0.343931, 38.91768, 157.2281
-11.00546, 1.414594, 0.3647206, 37.62673, 157.1683
-10.96734, 1.416543, 0.3500004, 40.20684, 157.0589
-10.98673, 1.418637, 0.3593212, 38.94107, 156.8695
-10.97939, 1.423911, 0.3337775, 38.8459, 156.5308
-10.99702, 1.424124, 0.3266672, 37.28381, 156.5341
-11.00942, 1.406406, 0.3511435, 36.96277, 157.8444
-11.00557, 1.402056, 0.3500004, 37.23227, 158.1863
-11.01074, 1.418036, 0.3436148, 36.6613, 156.9609
-10.97999, 1.406734, 0.3519308, 39.27292, 157.8165
-10.97386, 1.394631, 0.3600034, 39.95938, 158.7334
-11.00099, 1.421701, 0.3852767, 38.51009, 156.5588
-10.99497, 1.392218, 0.3500004, 38.0569, 158.9519
-10.9814, 1.414906, 0.3439672, 38.95556, 157.2037
-11.03458, 1.395971, 0.3415876, 34.75054, 158.6857
-11.03345, 1.411172, 0.3781447, 35.80775, 157.3951
-10.99866, 1.440853, 0.334212, 37.35432, 155.2085
-11.02301, 1.399572, 0.3500004, 35.87465, 158.3796
-11.01235, 1.408113, 0.3471708, 36.62985, 157.7233
-11.02953, 1.390053, 0.3420843, 35.15728, 159.1452
-10.98081, 1.381707, 0.3567372, 39.33419, 159.7483
-10.96973, 1.380023, 0.3519585, 40.07172, 159.8946
-11.39921, 1.204594, 0.3500004, 6.598563, 173.553
-11.39921, 1.204594, 0.3593512, 6.881261, 173.5063
-11.39921, 1.204594, 0.3680196, 7.142773, 173.4632
-11.39921, 1.204594, 0.3578916, 6.837187, 173.5136
-11.39921, 1.204594, 0.3286833, 5.951428, 173.6599
-11.39921, 1.209813, 0.3500004, 6.598563, 173.1469
-11.39921, 1.203807, 0.3522334, 6.666126, 173.6031
-11.39921, 1.203944, 0.3511738, 6.634054, 173.5977
-11.39921, 1.211197, 0.3711403, 7.236757, 172.9352
-11.39921, 1.201461, 0.3255816, 5.856986, 173.92
-11.39921, 1.19422, 0.3500004, 6.598563, 174.3603
-11.39921, 1.224265, 0.3505523, 6.615257, 172.0195
-11.39921, 1.205266, 0.362312, 6.970668, 173.4393
-11.39921, 1.195343, 0.3553042, 6.758995, 174.2459
-11.39921, 1.211776, 0.3352481, 6.151099, 173.0669
-11.39921, 1.222374, 0.3500004, 6.598563, 172.1693
-11.39921, 1.226206, 0.3411338, 6.329813, 171.9136
-11.39921, 1.221271, 0.3334983, 6.097927, 172.3351
-11.39921, 1.177188, 0.3577812, 6.833854, 175.6447
-11.39921, 1.224742, 0.3815542, 7.549868, 171.8343
-11.39921, 1.19681, 0.3500004, 6.598563, 174.1588
-11.39921, 1.208172, 0.3449596, 6.445842, 173.2996
-11.39921, 1.185432, 0.3344814, 6.127796, 175.125
-11.39921, 1.224666, 0.34439, 6.428576, 172.0179
-11.39921, 1.216334, 0.3374065, 6.216688, 172.701
-11.40031, 1.204594, 0.3500004, 6.513119, 173.553
-11.40659, 1.204594, 0.3510808, 6.057186, 173.5476
-11.39199, 1.204594, 0.3697502, 7.755189, 173.4545
-11.38958, 1.204594, 0.3543968, 7.480116, 173.5311
-11.40328, 1.204594, 0.3223754, 5.44138, 173.6917
-11.39255, 1.194612, 0.3500004, 7.116466, 174.3298
-11.40094, 1.207769, 0.3589371, 6.734204, 173.2616
-11.39679, 1.196837, 0.3401922, 6.490073, 174.2065
-11.40607, 1.197257, 0.3488947, 6.030993, 174.1296
-11.40563, 1.202917, 0.3198119, 5.179796, 173.8356
-11.38985, 1.203422, 0.3500004, 7.326579, 173.6442
-11.4047, 1.205084, 0.3480846, 6.113119, 173.5244
-11.40654, 1.202182, 0.3555889, 6.197262, 173.7126
-11.39061, 1.197643, 0.3434415, 7.069473, 174.1272
-11.38922, 1.216061, 0.3359609, 6.951313, 172.7293
-11.39499, 1.205508, 0.3500004, 6.926951, 173.4818
-11.39772, 1.225429, 0.3498351, 6.709499, 171.9324
-11.40882, 1.214, 0.3430321, 5.638704, 172.8553
-11.4072, 1.197504, 0.3703919, 6.5943, 174.0016
-11.4012, 1.219939, 0.3186355, 5.489345, 172.5115
-11.39216, 1.181123, 0.3500004, 7.147279, 175.3795
-11.40356, 1.174895, 0.3533692, 6.3622, 175.8464
-11.40487, 1.225621, 0.3554641, 6.323762, 171.8905
-11.39315, 1.174169, 0.3443425, 6.899214, 175.9508
-11.40008, 1.188754, 0.3848619, 7.58194, 174.6066
-11.38745, 1.204594, 0.3500004, 7.513433, 173.553
-11.39639, 1.204594, 0.3443249, 6.645927, 173.5814
-11.40188, 1.204594, 0.3453161, 6.248775, 173.5765
-11.39898, 1.204594, 0.3260865, 5.89016, 173.673
-11.41225, 1.204594, 0.3827923, 6.576247, 173.3898
-11.3833, 1.205176, 0.3500004, 7.836599, 173.5077
-11.40643, 1.201008, 0.3466059, 5.933776, 173.8492
-11.39741, 1.199468, 0.3431312, 6.530786, 173.9867
-11.39309, 1.201439, 0.3440439, 6.894622, 173.8286
-11.3845, 1.210432, 0.3263209, 7.027917, 173.2161
-11.41318, 1.186811, 0.3500004, 5.51156, 174.9369
-11.40458, 1.213057, 0.3571376, 6.396761, 172.8593
-11.41812, 1.201878, 0.3310949, 4.54917, 173.8596
-11.41717, 1.218251, 0.35412, 5.326123, 172.4702
-11.39813, 1.211194, 0.3867774, 7.790222, 172.8588
-11.38486, 1.209312, 0.3500004, 7.715364, 173.1858
-11.40163, 1.224489, 0.3485576, 6.366692, 172.0117
-11.40539, 1.187317, 0.3388152, 5.777421, 174.9555
-11.41216, 1.224784, 0.3223594, 4.747009, 172.1149
-11.39971, 1.199628, 0.3257404, 5.822439, 174.0624
-11.40565, 1.185255, 0.3500004, 6.09704, 175.058
-11.38019, 1.204426, 0.3593293, 8.358765, 173.5195
-11.40424, 1.213545, 0.3383381, 5.85288, 172.9137
-11.39639, 1.237204, 0.3557072, 6.990051, 170.9886
-11.39366, 1.237829, 0.3589352, 7.299685, 170.925
-11.38291, 1.204594, 0.3500004, 7.866812, 173.553
-11.40928, 1.204594, 0.3513052, 5.854497, 173.5465
-11.40419, 1.204594, 0.3620926, 6.577063, 173.4927
-11.3976, 1.204594, 0.3509538, 6.752257, 173.5483
-11.39454, 1.204594, 0.3387247, 6.620765, 173.6095
-11.39721, 1.209939, 0.3500004, 6.754174, 173.1371
-11.42574, 1.209059, 0.3580301, 4.779181, 173.1658
-11.39102, 1.195968, 0.3495713, 7.22271, 174.2265
-11.42643, 1.202836, 0.3655266, 4.953761, 173.6121
-11.41408, 1.201945, 0.3490863, 5.413327, 173.7637
-11.40688, 1.214129, 0.3500004, 6.001439, 172.811
-11.3992, 1.204567, 0.3531265, 6.694164, 173.5395
-11.37656, 1.222224, 0.3513905, 8.402553, 172.1743
-11.39943, 1.222068, 0.3398758, 6.274123, 172.2421
-11.40132, 1.189698, 0.3189422, 5.489702, 174.8729
-11.4066, 1.222568, 0.3500004, 6.022997, 172.1542
-11.38028, 1.175614, 0.3571113, 8.285465, 175.7706
-11.38545, 1.212116, 0.3331344, 7.159796, 173.0509
-11.37611, 1.176693, 0.356816, 8.600421, 175.6883
-11.38094, 1.232912, 0.3332626, 7.515292, 171.4283
-11.41521, 1.200742, 0.3500004, 5.353332, 173.8527
-11.40847, 1.176991, 0.3418312, 5.629478, 175.7442
-11.37587, 1.218465, 0.3480342, 8.356004, 172.4831
-11.41975, 1.235107, 0.3321724, 4.455271, 171.2623
-11.4243, 1.166398, 0.35375, 4.760728, 176.5052
-11.40107, 1.204594, 0.3500004, 6.453681, 173.553
-11.42623, 1.204594, 0.3514209, 4.538884, 173.5459
-11.40234, 1.204594, 0.3433232, 6.152186, 173.5865
-11.41363, 1.204594, 0.3600993, 5.783315, 173.5026
-11.3634, 1.204594, 0.3749844, 10.13038, 173.4285
-11.40148, 1.195262, 0.3500004, 6.421809, 174.2792
-11.43558, 1.200792, 0.3416519, 3.512135, 173.891
-11.43456, 1.196858, 0.364679, 4.296241, 174.0807
-11.4317, 1.20151, 0.3639654, 4.496555, 173.7228
-11.36005, 1.19763, 0.3538523, 9.760938, 174.0755
-11.43306, 1.194464, 0.3500004, 3.964548, 174.3414
-11.43799, 1.20671, 0.3447213, 3.418593, 173.4146
-11.43105, 1.222992, 0.3531419, 4.216533, 172.1061
-11.4259, 1.198789, 0.362074, 4.889631, 173.9438
-11.40986, 1.203307, 0.348827, 5.734234, 173.659
-11.43816, 1.187455, 0.3500004, 3.567052, 174.8868
-11.42195, 1.229667, 0.348571, 4.785104, 171.6086
-11.41149, 1.22037, 0.3470197, 5.552359, 172.3398
-11.38159, 1.191079, 0.3384292, 7.621007, 174.6643
-11.43063, 1.193774, 0.3675027, 4.687285, 174.3058
-11.43409, 1.214242, 0.3500004, 3.884039, 172.8022
-11.39152, 1.233205, 0.3502569, 7.204342, 171.3253
-11.39596, 1.207213, 0.3386195, 6.506824, 173.4059
-11.42942, 1.229205, 0.3472213, 4.162145, 171.651
-11.37882, 1.226531, 0.3505399, 8.20128, 171.8432
-11.34554, 2.389187, 0.3500004, 10.77518, 81.36679
-11.34554, 2.389187, 0.3436514, 10.58626, 81.32257
-11.34554, 2.389187, 0.3331383, 10.27276, 81.24922
-11.34554, 2.389187, 0.3564095, 10.96557, 81.41133
-11.34554, 2.389187, 0.3246662, 10.01947, 81.18996
-11.34554, 2.389838, 0.3500004, 10.77518, 81.31612
-11.34554, 2.395918, 0.344232, 10.60357, 80.80241
-11.34554, 2.386588, 0.3571873, 10.98866, 81.61877
-11.34554, 2.398641, 0.3692972, 11.34745, 80.7668
-11.34554, 2.392365, 0.367014, 11.2799, 81.23807
-11.34554, 2.388027, 0.3500004, 10.77518, 81.45706
-11.34554, 2.400009, 0.3519034, 10.83176, 80.53802
-11.34554, 2.373994, 0.3611727, 11.10685, 82.62502
-11.34554, 2.392134, 0.3762117, 11.55181, 81.31992
-11.34554, 2.404408, 0.3405215, 10.493, 80.11475
-11.34554, 2.388388, 0.3500004, 10.77518, 81.42899
-11.34554, 2.375206, 0.3414779, 10.52153, 82.39661
-11.34554, 2.403655, 0.3674314, 11.29226, 80.36438
-11.34554, 2.359601, 0.3541974, 10.89988, 83.69711
-11.34554, 2.418004, 0.3679951, 11.30895, 79.25435
-11.34554, 2.388479, 0.3500004, 10.77518, 81.42186
-11.34554, 2.426135, 0.3443508, 10.60709, 78.45004
-11.34554, 2.412151, 0.3494944, 10.76015, 79.5761
-11.34554, 2.387642, 0.3724657, 11.44116, 81.64249
-11.34554, 2.3702, 0.3779231, 11.60235, 83.03256
-11.33909, 2.389187, 0.3500004, 11.27712, 81.36679
-11.35542, 2.389187, 0.3465534, 9.903746, 81.34279
-11.34815, 2.389187, 0.3558994, 10.74718, 81.40778
-11.3534, 2.389187, 0.3356052, 9.733772, 81.26646
-11.34556, 2.389187, 0.3893623, 11.93825, 81.63919
-11.34757, 2.385228, 0.3500004, 10.6175, 81.67491
-11.35354, 2.390149, 0.3502672, 10.16068, 81.29379
-11.34466, 2.380131, 0.3591586, 11.11509, 82.13429
-11.3432, 2.383418, 0.3474346, 10.88084, 81.79802
-11.35298, 2.381495, 0.3280506, 9.540024, 81.814
-11.33735, 2.395643, 0.3500004, 11.41221, 80.86438
-11.3391, 2.37025, 0.3458532, 11.15343, 82.81238
-11.35064, 2.404848, 0.3502358, 10.38536, 80.14973
-11.34531, 2.375016, 0.33391, 10.31349, 82.35971
-11.34279, 2.369657, 0.3289351, 10.36192, 82.74382
-11.34583, 2.383991, 0.3500004, 10.75233, 81.77118
-11.34734, 2.400154, 0.3553998, 10.7954, 80.55147
-11.34004, 2.406116, 0.342543, 10.98199, 79.99614
-11.33893, 2.412936, 0.3793569, 12.15719, 79.72903
-11.35208, 2.367689, 0.3686059, 10.8196, 83.1649
-11.34835, 2.419309, 0.3500004, 10.55652, 79.02267
-11.35253, 2.383876, 0.3418273, 9.986959, 81.7236
-11.34372, 2.393479, 0.3454321, 10.78063, 81.00075
-11.34219, 2.390426, 0.3652162, 11.48675, 81.37614
-11.3477, 2.387996, 0.3272992, 9.929338, 81.30138
-11.32835, 2.389187, 0.3500004, 12.1125, 81.36679
-11.33665, 2.389187, 0.3574797, 11.68811, 81.41875
-11.35541, 2.389187, 0.3467782, 9.910698, 81.34435
-11.32919, 2.389187, 0.3618291, 12.39643, 81.44893
-11.32616, 2.389187, 0.330725, 11.71247, 81.23236
-11.35779, 2.393695, 0.3500004, 9.82142, 81.01595
-11.32708, 2.380634, 0.3454308, 12.07632, 82.00099
-11.32742, 2.395525, 0.3569468, 12.39059, 80.92226
-11.35444, 2.395358, 0.3578838, 10.31769, 80.94185
-11.33558, 2.389037, 0.3478581, 11.48685, 81.36357
-11.36, 2.384932, 0.3500004, 9.649901, 81.69795
-11.33463, 2.391927, 0.3411295, 11.36095, 81.09154
-11.36178, 2.383332, 0.3317544, 8.964443, 81.69623
-11.36489, 2.403988, 0.3768329, 10.06964, 80.40492
-11.34725, 2.389471, 0.3384454, 10.29787, 81.26418
-11.33772, 2.371417, 0.3500004, 11.384, 82.74965
-11.35103, 2.378973, 0.3513797, 10.3892, 82.17105
-11.32683, 2.382526, 0.3660192, 12.7038, 81.99527
-11.35186, 2.403064, 0.3311847, 9.721541, 80.15303
-11.35843, 2.398936, 0.3687478, 10.33054, 80.74007
-11.33884, 2.402493, 0.3500004, 11.29625, 80.33127
-11.3474, 2.406401, 0.3435955, 10.43967, 79.98143
-11.36243, 2.359815, 0.3468422, 9.366145, 83.63148
-11.34914, 2.350341, 0.3266263, 9.7967, 84.23589
-11.3637, 2.358231, 0.3668876, 9.866123, 83.88774
-11.34913, 2.389187, 0.3500004, 10.49572, 81.36679
-11.35632, 2.389187, 0.3489635, 9.905477, 81.35956
-11.3714, 2.389187, 0.3343375, 8.292103, 81.25761
-11.36437, 2.389187, 0.3293497, 8.690557, 81.22275
-11.35627, 2.389187, 0.3335249, 9.447498, 81.25192
-11.36177, 2.382937, 0.3500004, 9.511914, 81.85315
-11.34158, 2.395858, 0.3541636, 11.20657, 80.87688
-11.34648, 2.394608, 0.3535763, 10.80816, 80.96996
-11.35784, 2.389599, 0.3703297, 10.42308, 81.47585
-11.32091, 2.396554, 0.3132527, 11.60308, 80.53384
-11.34562, 2.37041, 0.3500004, 10.76848, 82.82802
-11.36325, 2.394299, 0.3417557, 9.149866, 80.91112
-11.35299, 2.379976, 0.3474869, 10.12011, 82.06635
-11.37147, 2.403294, 0.3514766, 8.801436, 80.27942
-11.33151, 2.377432, 0.3595518, 12.14898, 82.34683
-11.32434, 2.391936, 0.3500004, 12.42522, 81.15288
-11.32601, 2.37177, 0.3442584, 12.12557, 82.68324
-11.35724, 2.409497, 0.3643059, 10.29044, 79.88852
-11.31937, 2.366774, 0.3231616, 12.01837, 82.92973
-11.35807, 2.400992, 0.3608212, 10.12269, 80.52457
-11.36632, 2.396785, 0.3500004, 9.158292, 80.7755
-11.36673, 2.419856, 0.3510523, 9.157662, 78.9877
-11.35015, 2.360796, 0.3379254, 10.0562, 83.49553
-11.3263, 2.415139, 0.3642555, 12.69258, 79.44989
-11.35973, 2.422592, 0.3331855, 9.167118, 78.64426
-11.36045, 2.389187, 0.3500004, 9.614811, 81.36679
-11.34655, 2.389187, 0.3423406, 10.46884, 81.31345
-11.38341, 2.389187, 0.3544762, 7.962813, 81.39789
-11.31853, 2.389187, 0.3313704, 12.32709, 81.23686
-11.35524, 2.389187, 0.3244373, 9.254894, 81.18835
-11.34161, 2.390445, 0.3500004, 11.0806, 81.26884
-11.30755, 2.3963, 0.3452336, 13.5916, 80.77975
-11.37544, 2.387713, 0.3326946, 7.927108, 81.3611
-11.35662, 2.38684, 0.3343121, 9.44335, 81.44044
-11.3097, 2.383358, 0.3783992, 14.39509, 82.01552
-11.33996, 2.395926, 0.3500004, 11.20939, 80.8423
-11.36937, 2.398749, 0.3526007, 8.998332, 80.64098
-11.32295, 2.370526, 0.3579704, 12.76804, 82.87285
-11.33676, 2.376947, 0.3599682, 11.75311, 82.38728
-11.35716, 2.39304, 0.3311921, 9.307737, 80.93503
-11.33054, 2.367165, 0.3500004, 11.9427, 83.08058
-11.35561, 2.37377, 0.3537722, 10.10399, 82.59221
-11.36551, 2.375893, 0.3309676, 8.649759, 82.27115
-11.33512, 2.402985, 0.3499561, 11.58508, 80.29269
-11.30878, 2.393653, 0.3870409, 14.71843, 81.27731
-11.36288, 2.389003, 0.3500004, 9.425941, 81.3811
-11.35964, 2.407427, 0.34636, 9.568992, 79.92134
-11.35518, 2.389847, 0.3551392, 10.17842, 81.35118
-11.36712, 2.349715, 0.3709898, 9.722958, 84.57581
-11.32592, 2.417254, 0.3441663, 12.12928, 79.14029
-11.34554, 2.599187, 0.3500004, 10.77518, 65.02434
-11.34554, 2.599187, 0.3537112, 10.88545, 65.05801
-11.34554, 2.599187, 0.3479459, 10.71409, 65.00571
-11.34554, 2.599187, 0.3431104, 10.57016, 64.96178
-11.34554, 2.599187, 0.3226604, 9.959464, 64.77533
-11.34554, 2.596614, 0.3500004, 10.77518, 65.22464
-11.34554, 2.603185, 0.3558203, 10.94808, 64.76627
-11.34554, 2.59464, 0.3413109, 10.51655, 65.29962
-11.34554, 2.60091, 0.3740333, 11.48748, 65.10812
-11.34554, 2.603756, 0.3377324, 10.40987, 64.55673
-11.34554, 2.593471, 0.3500004, 10.77518, 65.46916
-11.34554, 2.594622, 0.3537865, 10.88769, 65.4138
-11.34554, 2.584711, 0.3565221, 10.9689, 66.20909
-11.34554, 2.597799, 0.3430164, 10.56735, 65.06908
-11.34554, 2.617413, 0.3405831, 10.49485, 63.51872
-11.34554, 2.587627, 0.3500004, 10.77518, 65.92395
-11.34554, 2.626469, 0.3539279, 10.8919, 62.93794
-11.34554, 2.619922, 0.3420228, 10.53775, 63.33659
-11.34554, 2.593809, 0.3349871, 10.32796, 65.30719
-11.34554, 2.616151, 0.3419619, 10.53593, 63.62979
-11.34554, 2.599629, 0.3500004, 10.77518, 64.98993
-11.34554, 2.62314, 0.3457409, 10.64847, 63.12064
-11.34554, 2.611597, 0.3525965, 10.85235, 64.08249
-11.34554, 2.619837, 0.3532091, 10.87054, 63.44716
-11.34554, 2.567153, 0.3726606, 11.44692, 67.71501
-11.34894, 2.599187, 0.3500004, 10.5108, 65.02434
-11.34501, 2.599187, 0.3519216, 10.87366, 65.04179
-11.33954, 2.599187, 0.3315134, 10.69184, 64.85617
-11.34552, 2.599187, 0.3582321, 11.02108, 65.09898
-11.35351, 2.599187, 0.3680984, 10.69329, 65.18822
-11.35514, 2.608311, 0.3500004, 10.02793, 64.31433
-11.34571, 2.595906, 0.3409066, 10.49136, 65.1974
-11.35295, 2.589508, 0.3544478, 10.33081, 65.81752
-11.34571, 2.591597, 0.3525897, 10.83848, 65.63834
-11.35423, 2.60728, 0.3200909, 9.203653, 64.11955
-11.35058, 2.600464, 0.3500004, 10.38304, 64.92499
-11.33564, 2.605513, 0.3556429, 11.71273, 64.58362
-11.34798, 2.595268, 0.3370192, 10.19852, 65.21182
-11.34353, 2.610388, 0.374823, 11.66699, 64.3801
-11.33849, 2.588654, 0.321202, 10.46619, 65.58481
-11.35046, 2.576332, 0.3500004, 10.39241, 66.80299
-11.35103, 2.616561, 0.341759, 10.10179, 63.59601
-11.33832, 2.615565, 0.3337288, 10.85378, 63.59915
-11.33665, 2.594614, 0.3556312, 11.63383, 65.43103
-11.33889, 2.580132, 0.3614385, 11.63163, 66.6087
-11.34416, 2.565277, 0.3500004, 10.88289, 67.66328
-11.34543, 2.575577, 0.3407062, 10.50709, 66.77943
-11.34144, 2.562851, 0.3526688, 11.17315, 67.87529
-11.34015, 2.629932, 0.3285068, 10.5549, 62.42944
-11.34049, 2.607938, 0.3886036, 12.30825, 64.6954
-11.35957, 2.599187, 0.3500004, 9.68339, 65.02434
-11.35501, 2.599187, 0.3593405, 10.31628, 65.10902
-11.35767, 2.599187, 0.3608842, 10.15539, 65.123
-11.32902, 2.599187, 0.3275082, 11.39411, 64.81961
-11.32858, 2.599187, 0.3408005, 11.82246, 64.94075
-11.36482, 2.607353, 0.3500004, 9.274549, 64.38889
-11.34774, 2.595351, 0.3459547, 10.48333, 65.28627
-11.34174, 2.594689, 0.3627319, 11.44833, 65.48921
-11.36131, 2.60182, 0.342796, 9.331999, 64.75378
-11.33006, 2.595587, 0.3769865, 12.77475, 65.54756
-11.32672, 2.603745, 0.3500004, 12.24009, 64.66965
-11.36124, 2.580106, 0.340674, 9.274192, 66.42635
-11.32625, 2.608081, 0.3366612, 11.88141, 64.20972
-11.3286, 2.59989, 0.3742996, 12.80904, 65.18968
-11.34614, 2.584926, 0.330679, 10.15281, 65.96117
-11.34798, 2.608945, 0.3500004, 10.58496, 64.26501
-11.34843, 2.59247, 0.3493115, 10.52959, 65.54088
-11.36314, 2.583537, 0.3513535, 9.445739, 66.25435
-11.32696, 2.595626, 0.3565565, 12.41449, 65.36072
-11.34413, 2.57421, 0.3396955, 10.57833, 66.87708
-11.36106, 2.636541, 0.3500004, 9.56749, 62.11745
-11.32938, 2.592881, 0.3449591, 11.88349, 65.46967
-11.34634, 2.616622, 0.3583852, 10.96157, 63.74506
-11.32849, 2.571229, 0.3650087, 12.54498, 67.33185
-11.33329, 2.610137, 0.310104, 10.54111, 63.8038
-11.34721, 2.599187, 0.3500004, 10.64522, 65.02434
-11.34659, 2.599187, 0.3537728, 10.8058, 65.05856
-11.34355, 2.599187, 0.3649085, 11.37199, 65.15939
-11.34552, 2.599187, 0.3398798, 10.47525, 64.93237
-11.36018, 2.599187, 0.3482887, 9.584312, 65.00882
-11.34869, 2.606546, 0.3500004, 10.53034, 64.45164
-11.36358, 2.597415, 0.3411248, 9.105034, 65.08176
-11.32268, 2.600446, 0.3438993, 12.3738, 64.87093
-11.35779, 2.591605, 0.3227038, 9.003596, 65.36787
-11.32908, 2.60348, 0.3559974, 12.23296, 64.74496
-11.34356, 2.61668, 0.3500004, 10.92938, 63.66306
-11.35738, 2.598041, 0.342818, 9.639459, 65.04836
-11.35168, 2.594711, 0.3418199, 10.05302, 65.29871
-11.36656, 2.612849, 0.3325157, 8.61444, 63.79968
-11.3602, 2.609102, 0.3109446, 8.461232, 63.89253
-11.33531, 2.596468, 0.3500004, 11.57085, 65.23595
-11.35943, 2.610145, 0.3539341, 9.811406, 64.2077
-11.34128, 2.61327, 0.3354415, 10.67388, 63.79399
-11.32912, 2.57012, 0.3428991, 11.8429, 67.22394
-11.35071, 2.616783, 0.3874114, 11.4819, 63.99953
-11.34183, 2.576824, 0.3500004, 11.06368, 66.76466
-11.36673, 2.567189, 0.346285, 9.014783, 67.48195
-11.3208, 2.598347, 0.3484153, 12.65385, 65.07536
-11.32331, 2.596694, 0.3777646, 13.32107, 65.46877
-11.35475, 2.575653, 0.3347962, 9.603796, 66.72118
-11.32334, 2.599187, 0.3500004, 12.50264, 65.02434
-11.34193, 2.599187, 0.3557038, 11.22544, 65.07607
-11.35181, 2.599187, 0.3337384, 9.801536, 64.87645
-11.32364, 2.599187, 0.345299, 12.34059, 64.98166
-11.37198, 2.599187, 0.3637552, 9.129395, 65.14897
-11.32365, 2.594279, 0.3500004, 12.47895, 65.40631
-11.3394, 2.591415, 0.3507787, 11.27628, 65.63623
-11.32364, 2.595574, 0.3355072, 12.05063, 65.17427
-11.34575, 2.595876, 0.373427, 11.45299, 65.49319
-11.36788, 2.594299, 0.337508, 8.662105, 65.29184
-11.30895, 2.613611, 0.3500004, 13.62295, 63.90192
-11.31529, 2.593095, 0.3407736, 12.85772, 65.41521
-11.30572, 2.580835, 0.3456807, 13.74743, 66.41409
-11.37884, 2.596682, 0.3313061, 7.620478, 65.04971
-11.31421, 2.61394, 0.3563196, 13.3987, 63.93454
-11.37808, 2.601439, 0.3500004, 8.243122, 64.84909
-11.33762, 2.628838, 0.3542589, 11.51803, 62.75677
-11.37322, 2.580585, 0.3623385, 8.991008, 66.58144
-11.37538, 2.622322, 0.3638285, 8.867126, 63.35246
-11.35574, 2.579052, 0.3303952, 9.394612, 66.41685
-11.35181, 2.610727, 0.3500004, 10.28751, 64.12634
-11.38032, 2.596159, 0.3487936, 8.032422, 65.24911
-11.33575, 2.572084, 0.3543215, 11.66466, 67.1716
-11.32411, 2.611807, 0.3471694, 12.35915, 64.01617
-11.37282, 2.576883, 0.3772089, 9.465494, 67.00006
-11.34554, 2.809187, 0.3500004, 10.77518, 48.68193
-11.34554, 2.809187, 0.3523155, 10.84401, 48.70784
-11.34554, 2.809187, 0.3656592, 11.2398, 48.8569
-11.34554, 2.809187, 0.3210805, 9.912128, 48.35695
-11.34554, 2.809187, 0.3136249, 9.688568, 48.27275
-11.34554, 2.800945, 0.3500004, 10.77518, 49.32336
-11.34554, 2.80874, 0.3437871, 10.59032, 48.64717
-11.34554, 2.7999, 0.3484246, 10.72831, 49.38718
-11.34554, 2.803433, 0.3238074, 9.993768, 48.83701
-11.34554, 2.805762, 0.3342507, 10.30598, 48.77237
-11.34554, 2.822171, 0.3500004, 10.77518, 47.67151
-11.34554, 2.797958, 0.3508547, 10.80058, 49.56526
-11.34554, 2.813835, 0.3571486, 10.9875, 48.40053
-11.34554, 2.79439, 0.3564189, 10.96586, 49.90433
-11.34554, 2.800171, 0.3739068, 11.48373, 49.64827
-11.34554, 2.835089, 0.3500004, 10.77518, 46.6662
-11.34554, 2.785095, 0.3474849, 10.70037, 50.52924
-11.34554, 2.807598, 0.3540035, 10.89415, 48.85037
-11.34554, 2.796801, 0.3518815, 10.8311, 49.6667
-11.34554, 2.786289, 0.3281124, 10.12257, 50.22321
-11.34554, 2.811389, 0.3500004, 10.77518, 48.5106
-11.34554, 2.845467, 0.355971, 10.95255, 45.9276
-11.34554, 2.78745, 0.3303486, 10.18942, 50.15727
-11.34554, 2.778566, 0.3700733, 11.37042, 51.2829
-11.34554, 2.832242, 0.3155338, 9.745846, 46.49214
-11.35377, 2.809187, 0.3500004, 10.13492, 48.68193
-11.34154, 2.809187, 0.3446649, 10.92806, 48.62216
-11.35027, 2.809187, 0.3419956, 10.16846, 48.59222
-11.34217, 2.809187, 0.3413726, 10.78104, 48.58524
-11.33756, 2.809187, 0.3406664, 11.11882, 48.5773
-11.34947, 2.812999, 0.3500004, 10.46918, 48.38533
-11.33809, 2.815794, 0.3437312, 11.16902, 48.09714
-11.35328, 2.810591, 0.365861, 10.64474, 48.75014
-11.35105, 2.817675, 0.3367038, 9.949536, 47.87119
-11.34211, 2.800627, 0.3817192, 11.98008, 49.69899
-11.3485, 2.801723, 0.3500004, 10.54476, 49.26277
-11.34732, 2.789926, 0.3515936, 10.68418, 50.19843
-11.33987, 2.793467, 0.335022, 10.77129, 49.73964
-11.33599, 2.805101, 0.3303769, 10.93534, 48.78046
-11.34971, 2.81674, 0.351341, 10.49068, 48.10925
-11.35277, 2.810097, 0.3500004, 10.21286, 48.61113
-11.34681, 2.784333, 0.3413557, 10.41904, 50.52142
-11.33822, 2.802744, 0.3525407, 11.41992, 49.21162
-11.34122, 2.781884, 0.3375986, 10.74248, 50.67104
-11.3535, 2.810622, 0.3325469, 9.634023, 48.37413
-11.34872, 2.806248, 0.3500004, 10.52791, 48.91064
-11.33938, 2.839967, 0.3421607, 11.02172, 46.19635
-11.33995, 2.847798, 0.3443833, 11.04352, 45.61211
-11.35036, 2.837936, 0.3418017, 10.15589, 46.35037
-11.33637, 2.779829, 0.3369447, 11.10083, 50.82407
-11.35075, 2.809187, 0.3500004, 10.36968, 48.68193
-11.35177, 2.809187, 0.3447764, 10.13477, 48.62341
-11.34059, 2.809187, 0.337239, 10.78094, 48.53883
-11.36066, 2.809187, 0.3345078, 9.134889, 48.50815
-11.3416, 2.809187, 0.37831, 11.91952, 48.99771
-11.34767, 2.811285, 0.3500004, 10.60972, 48.51868
-11.33516, 2.806759, 0.3408449, 11.31167, 48.76851
-11.35826, 2.801085, 0.3537272, 9.89625, 49.35388
-11.36026, 2.812425, 0.3275824, 8.957491, 48.17754
-11.34754, 2.803343, 0.310396, 9.434853, 48.69341
-11.34617, 2.802945, 0.3500004, 10.72573, 49.16772
-11.35052, 2.822323, 0.3453107, 10.24743, 47.60652
-11.35372, 2.799836, 0.3643354, 10.56523, 49.56848
-11.34411, 2.826986, 0.3347106, 10.43136, 47.12251
-11.34086, 2.811456, 0.3298847, 10.54052, 48.27908
-11.33438, 2.81322, 0.3500004, 11.64381, 48.36809
-11.34524, 2.817874, 0.3595318, 11.0814, 48.11336
-11.34541, 2.791297, 0.363258, 11.17856, 50.21989
-11.34794, 2.823767, 0.3764548, 11.37262, 47.84633
-11.35715, 2.78486, 0.3188919, 8.939309, 50.23306
-11.35297, 2.795217, 0.3500004, 10.1969, 49.76913
-11.35168, 2.83931, 0.343233, 10.09585, 46.25983
-11.33551, 2.841737, 0.3362931, 11.14849, 45.99068
-11.34307, 2.790573, 0.3365529, 10.56745, 49.98221
-11.32713, 2.83143, 0.3881032, 13.328, 47.38396
-11.31567, 2.809187, 0.3500004, 13.09934, 48.68193
-11.32859, 2.809187, 0.3450089, 11.9468, 48.62602
-11.32474, 2.809187, 0.3379502, 12.03764, 48.54681
-11.36082, 2.809187, 0.3778894, 10.41623, 48.99304
-11.33781, 2.809187, 0.3646194, 11.80934, 48.84528
-11.36969, 2.799415, 0.3500004, 8.89545, 49.4424
-11.32522, 2.815298, 0.3535549, 12.46094, 48.24638
-11.33137, 2.801501, 0.3394319, 11.56484, 49.16241
-11.36995, 2.815003, 0.3777925, 9.70582, 48.54102
-11.33115, 2.814233, 0.3138706, 10.82093, 47.88103
-11.31589, 2.797384, 0.3500004, 13.08277, 49.60046
-11.33249, 2.810391, 0.3559937, 11.96796, 48.65535
-11.34248, 2.807815, 0.3345782, 10.55449, 48.61597
-11.33607, 2.804643, 0.3427439, 11.29699, 48.95459
-11.32845, 2.81296, 0.3490528, 12.07718, 48.37767
-11.35704, 2.794423, 0.3500004, 9.879913, 49.83093
-11.33014, 2.786037, 0.3490824, 11.94623, 50.4734
-11.36388, 2.81996, 0.352595, 9.425097, 47.87289
-11.34594, 2.78207, 0.358343, 10.99188, 50.88324
-11.35808, 2.786807, 0.3161615, 8.784113, 50.05074
-11.3229, 2.771077, 0.3500004, 12.53702, 51.64769
-11.35407, 2.838242, 0.3464769, 10.00598, 46.38034
-11.36833, 2.784369, 0.3478542, 8.937106, 50.58986
-11.32424, 2.776498, 0.3758709, 13.19384, 51.50598
-11.33559, 2.83869, 0.3899369, 12.7268, 46.84265
-11.33356, 2.809187, 0.3500004, 11.70716, 48.68193
-11.36839, 2.809187, 0.3599212, 9.293404, 48.79285
-11.35047, 2.809187, 0.3548142, 10.53484, 48.73579
-11.36532, 2.809187, 0.3548943, 9.382567, 48.73668
-11.34648, 2.809187, 0.3157261, 9.678111, 48.29649
-11.30927, 2.806319, 0.3500004, 13.59777, 48.90517
-11.37576, 2.817759, 0.3443106, 8.252721, 47.95065
-11.37818, 2.806389, 0.3388466, 7.899041, 48.77498
-11.34834, 2.809366, 0.342725, 10.3408, 48.58647
-11.34867, 2.818596, 0.3652004, 10.98267, 48.12105
-11.37466, 2.821767, 0.3500004, 8.50894, 47.70293
-11.36929, 2.819158, 0.340169, 8.631577, 47.79485
-11.33767, 2.828027, 0.3387684, 11.05396, 47.08774
-11.31475, 2.808727, 0.3681795, 13.70484, 48.92072
-11.32248, 2.810902, 0.3536424, 12.67688, 48.58929
-11.33559, 2.823192, 0.3500004, 11.54946, 47.59203
-11.36068, 2.822894, 0.3468613, 9.502988, 47.57971
-11.36293, 2.817919, 0.3402156, 9.128895, 47.89189
-11.37108, 2.824899, 0.3507578, 8.809919, 47.46786
-11.34479, 2.789576, 0.3273696, 10.15855, 49.95851
-11.37636, 2.826294, 0.3500004, 8.376775, 47.35069
-11.31676, 2.801875, 0.359804, 13.30293, 49.35991
-11.34192, 2.785228, 0.3418238, 10.81391, 50.45683
-11.31057, 2.793766, 0.3398778, 13.19876, 49.77013
-11.31956, 2.770611, 0.3805259, 13.69266, 52.01253
