-11.35057, 0.02, 0.3500004, 18.16566, 265.7393
-11.35057, 0.02, 0.3439123, 17.99036, 265.8426
-11.35057, 0.02, 0.359261, 18.4318, 265.5825
-11.35057, 0.02, 0.3416654, 17.92558, 265.8808
-11.35057, 0.02, 0.38538, 19.17897, 265.1421
-11.35057, 0.02345832, 0.3500004, 18.16566, 265.4702
-11.35057, 0.02000722, 0.3592301, 18.4309, 265.5824
-11.35057, 0.02709199, 0.3313622, 17.62809, 265.5029
-11.35057, 0.01114288, 0.3756748, 18.90191, 265.9924
-11.35057, 0.01099261, 0.3103389, 17.01861, 267.1199
-11.35057, 0.02283642, 0.3500004, 18.16566, 265.5186
-11.35057, 0.006985661, 0.354191, 18.28617, 266.6805
-11.35057, 0.01080687, 0.3686796, 18.70179, 266.137
-11.35057, 0.01527517, 0.3371598, 17.79558, 266.3257
-11.35057, 0.009880109, 0.3488111, 18.13143, 266.5471
-11.35057, 0.02372619, 0.3500004, 18.16566, 265.4493
-11.35057, 0.04584768, 0.3428842, 17.96072, 263.8467
-11.35057, 0.02349654, 0.3475863, 18.09617, 265.5081
-11.35057, 0.03248385, 0.3631732, 18.54403, 264.5464
-11.35057, 0.03302066, 0.3446829, 18.01254, 264.8156
-11.35057, 0.05748455, 0.3500004, 18.16566, 262.8222
-11.35057, 0.003869269, 0.3544686, 18.29414, 266.9182
-11.35057, 0.03402238, 0.3492875, 18.14515, 264.66
-11.35057, 0.03123474, 0.3550219, 18.31005, 264.7805
-11.35057, -0.01297162, 0.3585315, 18.41084, 268.1579
-11.35967, 0.02, 0.3500004, 17.4577, 265.7393
-11.35617, 0.02, 0.3594429, 18.00176, 265.5794
-11.34556, 0.02, 0.3342296, 18.10179, 266.0073
-11.3552, 0.02, 0.3362725, 17.40924, 265.9725
-11.35328, 0.02, 0.3440368, 17.78259, 265.8405
-11.35653, 0.01931578, 0.3500004, 17.70155, 265.7925
-11.35865, 0.02403322, 0.359745, 17.81778, 265.2608
-11.34377, 0.01926911, 0.3365923, 18.3093, 266.024
-11.35442, 0.01079096, 0.3691841, 18.41728, 266.1297
-11.34147, 0.0295369, 0.3253816, 18.16565, 265.4135
-11.35484, 0.02065717, 0.3500004, 17.83383, 265.6882
-11.35071, 0.03833526, 0.3580864, 18.38722, 264.177
-11.35196, 0.01313873, 0.3355656, 17.64124, 266.5195
-11.35776, 0.02826198, 0.3364183, 17.2136, 265.3259
-11.351, 0.03944807, 0.3691665, 18.68215, 263.9054
-11.34187, -0.001681529, 0.3500004, 18.84287, 267.4266
-11.35007, -0.002346704, 0.3531868, 18.29666, 267.4236
-11.34619, 0.007843864, 0.356444, 18.69123, 266.5753
-11.34664, -0.009522857, 0.3292288, 17.87301, 268.3962
-11.34494, 0.03074194, 0.3611807, 18.92447, 264.7153
-11.35183, 0.04239881, 0.3500004, 18.06782, 263.9962
-11.35276, 0.01264576, 0.3479411, 17.93577, 266.3467
-11.3453, 0.02473941, 0.3537232, 18.68278, 265.3076
-11.34398, -0.01505674, 0.3650118, 19.10849, 268.2081
-11.34394, 0.03511889, 0.3243931, 17.94411, 264.9945
-11.33132, 0.02, 0.3500004, 19.66358, 265.7393
-11.37039, 0.02, 0.3420961, 16.39428, 265.8735
-11.33609, 0.02, 0.3493318, 19.27318, 265.7506
-11.3554, 0.02, 0.3269706, 17.12422, 266.131
-11.33552, 0.02, 0.3221253, 18.53632, 266.2137
-11.36016, 0.01433471, 0.3500004, 17.41965, 266.1802
-11.36912, 0.0293062, 0.342461, 16.50347, 265.1423
-11.33087, 0.02157241, 0.3588344, 19.9506, 265.4675
-11.36268, 0.02320863, 0.3334425, 16.74391, 265.7704
-11.35028, 0.02513645, 0.3346647, 17.74608, 265.5993
-11.34704, 0.01511701, 0.3500004, 18.44015, 266.1193
-11.34118, 0.01091659, 0.3429762, 18.69463, 266.566
-11.34212, 0.01918092, 0.3397548, 18.5293, 265.9771
-11.34352, 0.03037171, 0.331244, 18.17479, 265.249
-11.36264, 0.01256339, 0.3146467, 16.20047, 266.9229
-11.34683, 0.00585403, 0.3500004, 18.45677, 266.8401
-11.3429, 0.01323746, 0.35487, 18.90253, 266.1827
-11.36244, -0.00100434, 0.3486296, 17.20239, 267.3974
-11.36544, -0.000767054, 0.3630023, 17.38395, 267.1326
-11.36067, 0.01992235, 0.3884387, 18.48447, 265.0967
-11.36067, 0.05669226, 0.3500004, 17.37963, 262.8839
-11.34839, 0.01195076, 0.3493418, 18.31658, 266.3769
-11.33733, 0.00431757, 0.3451262, 19.05646, 267.0432
-11.3696, 0.01438605, 0.3782811, 17.50109, 265.6968
-11.3544, 0.02297978, 0.3561949, 18.04634, 265.4026
-11.32466, 0.02, 0.3500004, 20.1825, 265.7393
-11.36864, 0.02, 0.3406429, 16.48845, 265.8982
-11.36449, 0.02, 0.3692675, 17.63815, 265.4134
-11.35109, 0.02, 0.3759273, 18.86926, 265.3011
-11.35523, 0.02, 0.3500257, 17.80397, 265.7389
-11.35632, 0.02772026, 0.3500004, 17.71853, 265.1385
-11.34185, 0.02805722, 0.3505937, 18.86124, 265.1023
-11.33446, 0.02074539, 0.369384, 19.97254, 265.3536
-11.37012, 0.02086796, 0.3768288, 17.41921, 265.2187
-11.32566, 0.02337384, 0.3894767, 21.2247, 264.8121
-11.32719, 0.01584725, 0.3500004, 19.98545, 266.0625
-11.36381, 0.006567989, 0.3547173, 17.27194, 266.704
-11.35453, 0.0006126091, 0.3597909, 18.13926, 267.0803
-11.32234, 0.03569535, 0.3439941, 20.19134, 264.6188
-11.35274, 0.008020807, 0.3222901, 17.19602, 267.1465
-11.37429, 0.007526769, 0.3500004, 16.32012, 266.71
-11.34267, 0.01824651, 0.3401848, 18.49876, 266.0426
-11.33955, 0.01217453, 0.3330829, 18.53743, 266.6371
-11.36682, 0.003423337, 0.3233587, 16.12754, 267.4871
-11.36679, 0.0001804102, 0.373081, 17.56907, 266.8869
-11.34158, 0.002149686, 0.3500004, 18.86509, 267.1284
-11.32711, 0.03657278, 0.3470756, 19.90804, 264.4987
-11.36472, -0.005919499, 0.3377449, 16.70996, 267.9677
-11.37232, 0.02862746, 0.3300608, 15.89378, 265.4052
-11.35162, 0.0302714, 0.3640548, 18.4878, 264.7036
-11.32769, 0.02, 0.3500004, 19.94631, 265.7393
-11.32216, 0.02, 0.3541292, 20.49408, 265.6693
-11.3744, 0.02, 0.3343554, 15.85616, 266.0051
-11.37255, 0.02, 0.3766161, 17.22412, 265.2896
-11.36179, 0.02, 0.3869095, 18.35369, 265.1164
-11.33592, 0.02607904, 0.3500004, 19.30574, 265.2662
-11.31541, 0.0210299, 0.341179, 20.65094, 265.8088
-11.38805, 0.02253552, 0.3337492, 14.77427, 265.8177
-11.32918, 0.02025727, 0.3493699, 19.81205, 265.73
-11.34329, 0.01294733, 0.3888425, 19.84121, 265.6301
-11.31418, 0.01530182, 0.3500004, 20.99751, 266.1049
-11.32037, 0.00504675, 0.3488726, 20.48405, 266.9223
-11.38766, 0.01299617, 0.3365287, 14.88605, 266.5141
-11.37594, 0.01971345, 0.3676685, 16.70318, 265.4626
-11.33404, 0.02788923, 0.343268, 19.25905, 265.2391
-11.35714, 0.02208832, 0.3500004, 17.65423, 265.5768
-11.37794, 0.03183167, 0.3422928, 15.81144, 264.9485
-11.36736, 0.0191949, 0.3573572, 17.07222, 265.6773
-11.33981, -0.008635281, 0.3599264, 19.28761, 267.7968
-11.32108, 0.009436659, 0.3851735, 21.45794, 265.9639
-11.34675, 0.02680067, 0.3500004, 18.46271, 265.2101
-11.38754, 0.05836666, 0.3542518, 15.41224, 262.6832
-11.34118, 0.05440704, 0.3457531, 18.77449, 263.1323
-11.35089, -0.007124312, 0.3335621, 17.66674, 268.134
-11.31483, 0.005234785, 0.3879286, 22.01942, 266.2427
-11.35057, 0.1925, 0.3500004, 18.16566, 252.3152
-11.35057, 0.1925, 0.3441705, 17.9978, 252.404
-11.35057, 0.1925, 0.3536417, 18.27036, 252.2598
-11.35057, 0.1925, 0.3477335, 18.10042, 252.3497
-11.35057, 0.1925, 0.3617108, 18.50208, 252.1373
-11.35057, 0.2003508, 0.3500004, 18.16566, 251.7042
-11.35057, 0.1854899, 0.3587482, 18.41709, 252.7271
-11.35057, 0.191737, 0.3319327, 17.64457, 252.6503
-11.35057, 0.2001451, 0.3627318, 18.53136, 251.5278
-11.35057, 0.1937412, 0.3849194, 19.16582, 251.6901
-11.35057, 0.1997271, 0.3500004, 18.16566, 251.7528
-11.35057, 0.1876383, 0.3545922, 18.29771, 252.6235
-11.35057, 0.1969444, 0.351615, 18.2121, 251.9448
-11.35057, 0.1784626, 0.3659438, 18.62344, 253.1632
-11.35057, 0.1941319, 0.3251036, 17.447, 252.5678
-11.35057, 0.2054376, 0.3500004, 18.16566, 251.3084
-11.35057, 0.1845704, 0.3543188, 18.28983, 252.8663
-11.35057, 0.2084975, 0.3572137, 18.373, 250.9618
-11.35057, 0.2060748, 0.325888, 17.46972, 251.6235
-11.35057, 0.2156496, 0.3645892, 18.58463, 250.2955
-11.35057, 0.2171842, 0.3500004, 18.16566, 250.3942
-11.35057, 0.1645835, 0.3441448, 17.99705, 254.5785
-11.35057, 0.157771, 0.3363352, 17.77177, 255.2309
-11.35057, 0.1790874, 0.3655779, 18.61294, 253.1203
-11.35057, 0.181375, 0.3808129, 19.04869, 252.7105
-11.35911, 0.1925, 0.3500004, 17.50105, 252.3152
-11.34557, 0.1925, 0.353332, 18.65061, 252.2645
-11.34081, 0.1925, 0.3391224, 18.6131, 252.4809
-11.35839, 0.1925, 0.3433163, 17.36403, 252.417
-11.34708, 0.1925, 0.3700886, 19.01336, 252.0103
-11.34483, 0.1945509, 0.3500004, 18.61233, 252.1556
-11.35617, 0.19804, 0.3411941, 17.47553, 252.0177
-11.34217, 0.1865748, 0.3321208, 18.30543, 253.05
-11.34883, 0.1856038, 0.3328568, 17.80708, 253.1145
-11.34661, 0.183525, 0.3275734, 17.82772, 253.3579
-11.34176, 0.2081281, 0.3500004, 18.85172, 251.099
-11.34879, 0.1851088, 0.3533028, 18.39922, 252.8399
-11.34324, 0.2077248, 0.3449602, 18.59186, 251.2063
-11.35531, 0.1932469, 0.3566768, 17.9892, 252.1556
-11.34538, 0.205961, 0.3532665, 18.66323, 251.2184
-11.347, 0.1875179, 0.3500004, 18.44353, 252.7029
-11.3485, 0.1944634, 0.3476909, 18.26032, 252.1975
-11.34123, 0.199677, 0.3452002, 18.75469, 251.8294
-11.34417, 0.1668688, 0.3607145, 18.9709, 254.1443
-11.34786, 0.1979573, 0.342025, 18.14734, 252.0115
-11.34787, 0.1616555, 0.3500004, 18.37597, 254.7155
-11.35976, 0.1747722, 0.3479997, 17.3925, 253.7256
-11.35845, 0.1720432, 0.3689093, 18.09693, 253.6162
-11.35554, 0.2150866, 0.3757784, 18.51982, 250.1724
-11.34138, 0.2260212, 0.3334405, 18.40508, 249.9534
-11.3551, 0.1925, 0.3500004, 17.81317, 252.3152
-11.36357, 0.1925, 0.347797, 17.09018, 252.3487
-11.34566, 0.1925, 0.3693425, 19.10189, 252.0216
-11.34295, 0.1925, 0.3388335, 18.43766, 252.4853
-11.33798, 0.1925, 0.3409998, 18.88719, 252.4523
-11.36162, 0.1945578, 0.3500004, 17.30554, 252.155
-11.35399, 0.1863879, 0.3544268, 18.02669, 252.7233
-11.37043, 0.1884078, 0.3342354, 16.16261, 252.8747
-11.35162, 0.1830102, 0.3310378, 17.5369, 253.3448
-11.34854, 0.1897432, 0.336537, 17.936, 252.7353
-11.36314, 0.1805834, 0.3500004, 17.18727, 253.2426
-11.34396, 0.1909034, 0.346845, 18.58963, 252.4875
-11.36474, 0.1891418, 0.3462889, 16.95572, 252.6331
-11.36206, 0.1863302, 0.378707, 18.09814, 252.3584
-11.34778, 0.1829085, 0.3300269, 17.80744, 253.3682
-11.33321, 0.2018892, 0.3500004, 19.51681, 251.5845
-11.34181, 0.1827313, 0.347977, 18.7898, 253.1064
-11.36851, 0.1801006, 0.3393355, 16.46054, 253.444
-11.36044, 0.1676508, 0.3387889, 17.07355, 254.4226
-11.3546, 0.1696117, 0.3335243, 17.37624, 254.3514
-11.36073, 0.2131323, 0.3500004, 17.37535, 250.7095
-11.3644, 0.227906, 0.344192, 16.92119, 249.6462
-11.34351, 0.1920615, 0.3546333, 18.84835, 252.2788
-11.33186, 0.1620041, 0.3745976, 20.32285, 254.3078
-11.35529, 0.202765, 0.3394791, 17.49491, 251.6756
-11.35283, 0.1925, 0.3500004, 17.98968, 252.3152
-11.34339, 0.1925, 0.3458577, 18.60592, 252.3783
-11.34588, 0.1925, 0.3559302, 18.70106, 252.225
-11.32619, 0.1925, 0.3344931, 19.62002, 252.5516
-11.33647, 0.1925, 0.33585, 18.85729, 252.5309
-11.34715, 0.1961264, 0.3500004, 18.43231, 252.033
-11.38041, 0.186319, 0.3495245, 15.83004, 252.8035
-11.34025, 0.201251, 0.3669297, 19.45282, 251.3786
-11.37423, 0.1983546, 0.3460186, 16.20928, 251.92
-11.33091, 0.1964232, 0.3716455, 20.31256, 251.6823
-11.32749, 0.1810138, 0.3500004, 19.96151, 253.209
-11.35764, 0.1748436, 0.3498428, 17.61091, 253.6917
-11.34595, 0.2049831, 0.3686895, 19.06109, 251.0624
-11.34079, 0.1861779, 0.3492747, 18.90594, 252.8183
-11.34131, 0.1769565, 0.3509512, 18.91354, 253.5102
-11.32843, 0.1853735, 0.3500004, 19.88849, 252.8698
-11.32072, 0.1674975, 0.3568839, 20.68484, 254.1545
-11.33354, 0.2131616, 0.3487412, 19.45537, 250.7262
-11.35958, 0.1685089, 0.3240206, 16.71238, 254.5851
-11.37295, 0.1905824, 0.3183361, 15.50197, 252.9488
-11.34852, 0.177786, 0.3500004, 18.32544, 253.4602
-11.33139, 0.2107838, 0.3490764, 19.63198, 250.9062
-11.3373, 0.1852238, 0.355532, 19.35664, 252.7969
-11.35491, 0.2233835, 0.3625694, 18.18937, 249.7248
-11.34561, 0.162505, 0.3874533, 19.62228, 254.071
-11.32491, 0.1925, 0.3500004, 20.16273, 252.3152
-11.38294, 0.1925, 0.3498054, 15.64098, 252.3181
-11.33812, 0.1925, 0.3344632, 18.68882, 252.5521
-11.37735, 0.1925, 0.3271528, 15.41626, 252.6639
-11.32946, 0.1925, 0.3670724, 20.2953, 252.056
-11.333, 0.1942591, 0.3500004, 19.53302, 252.1783
-11.374, 0.1970408, 0.3578798, 16.57096, 251.8424
-11.37015, 0.189031, 0.3689322, 17.18925, 252.2971
-11.37456, 0.1974391, 0.3675877, 16.80809, 251.6647
-11.37988, 0.1843949, 0.381354, 16.79256, 252.4682
-11.33287, 0.2123522, 0.3500004, 19.54288, 250.7703
-11.32758, 0.2073082, 0.3423414, 19.73642, 251.2783
-11.33923, 0.1863627, 0.3371628, 18.67962, 252.9892
-11.36805, 0.1866615, 0.3414409, 16.55743, 252.9004
-11.35472, 0.2085985, 0.3562108, 18.02153, 250.969
-11.33442, 0.1827881, 0.3500004, 19.42253, 253.071
-11.35218, 0.1713713, 0.3414669, 17.79456, 254.0912
-11.35295, 0.2080585, 0.3430042, 17.77858, 251.2099
-11.36613, 0.2018845, 0.3296637, 16.36492, 251.8932
-11.38442, 0.1982647, 0.3603846, 15.83363, 251.7094
-11.32808, 0.209516, 0.3500004, 19.91557, 250.991
-11.34457, 0.1933776, 0.3542083, 18.75315, 252.1829
-11.36822, 0.184453, 0.3441514, 16.62263, 253.0309
-11.35852, 0.1668164, 0.3609596, 17.8628, 254.1445
-11.36718, 0.1583062, 0.3451175, 16.73142, 255.0522
-11.35057, 0.3649999, 0.3500004, 18.16566, 238.8911
-11.35057, 0.3649999, 0.3481275, 18.11176, 238.9163
-11.35057, 0.3649999, 0.3398303, 17.87265, 239.0283
-11.35057, 0.3649999, 0.3348004, 17.72746, 239.0963
-11.35057, 0.3649999, 0.3616517, 18.5004, 238.7343
-11.35057, 0.3578821, 0.3500004, 18.16566, 239.445
-11.35057, 0.3718324, 0.3585363, 18.411, 238.2451
-11.35057, 0.3648882, 0.3513844, 18.20547, 238.8811
-11.35057, 0.3606555, 0.3284124, 17.54279, 239.5218
-11.35057, 0.3645797, 0.3791919, 19.0024, 238.5318
-11.35057, 0.3502173, 0.3500004, 18.16566, 240.0415
-11.35057, 0.3590882, 0.3428014, 17.95834, 239.4486
-11.35057, 0.3507808, 0.3630663, 18.54095, 239.82
-11.35057, 0.3808447, 0.3547221, 18.30143, 237.5952
-11.35057, 0.3495756, 0.3498847, 18.16233, 240.093
-11.35057, 0.3558466, 0.3500004, 18.16566, 239.6034
-11.35057, 0.3446556, 0.3558002, 18.33239, 240.395
-11.35057, 0.3785781, 0.3450383, 18.02279, 237.9006
-11.35057, 0.3911206, 0.3555341, 18.32475, 236.7853
-11.35057, 0.3614925, 0.3500696, 18.16765, 239.1631
-11.35057, 0.3458176, 0.3500004, 18.16566, 240.3839
-11.35057, 0.3431676, 0.3539643, 18.27966, 240.5358
-11.35057, 0.3441606, 0.3376319, 17.80922, 240.6823
-11.35057, 0.3892327, 0.3413578, 17.91671, 237.1197
-11.35057, 0.3653423, 0.3242308, 17.42173, 239.2127
-11.35684, 0.3649999, 0.3500004, 17.67797, 238.8911
-11.35665, 0.3649999, 0.3462879, 17.58546, 238.9411
-11.34068, 0.3649999, 0.3475141, 18.86441, 238.9246
-11.35357, 0.3649999, 0.3477653, 17.86776, 238.9212
-11.35779, 0.3649999, 0.3128918, 16.52794, 239.3935
-11.36024, 0.3689164, 0.3500004, 17.41289, 238.5863
-11.34952, 0.3608038, 0.3402587, 17.96675, 239.3495
-11.35853, 0.3603823, 0.3465172, 17.44599, 239.2975
-11.34987, 0.3714963, 0.379073, 19.05355, 237.9971
-11.35678, 0.3591067, 0.3528313, 17.76428, 239.3114
-11.35456, 0.3459677, 0.3500004, 17.85544, 240.3722
-11.34067, 0.3536792, 0.3530466, 19.0238, 239.7307
-11.35699, 0.3804886, 0.3646249, 18.08727, 237.4913
-11.35204, 0.3749377, 0.3418238, 17.81609, 238.2272
-11.34308, 0.3569016, 0.3378695, 18.3998, 239.686
-11.34855, 0.354196, 0.3500004, 18.32312, 239.7318
-11.34753, 0.34746, 0.3571858, 18.60894, 240.158
-11.3424, 0.3613111, 0.3440049, 18.62917, 239.2592
-11.34219, 0.3803724, 0.3345124, 18.37295, 237.9015
-11.34254, 0.3443508, 0.318235, 17.87516, 240.9344
-11.35531, 0.3414395, 0.3500004, 17.79667, 240.7245
-11.35449, 0.3989222, 0.3469349, 17.77226, 236.2915
-11.34886, 0.362312, 0.3410186, 18.04002, 239.2217
-11.35526, 0.3585146, 0.3380458, 17.456, 239.5579
-11.35187, 0.329686, 0.361499, 18.39542, 241.4804
-11.35498, 0.3649999, 0.3500004, 17.82243, 238.8911
-11.36202, 0.3649999, 0.3567676, 17.46981, 238.8
-11.33963, 0.3649999, 0.3564262, 19.20091, 238.8046
-11.34165, 0.3649999, 0.3780187, 19.66098, 238.5149
-11.34638, 0.3649999, 0.354912, 18.6327, 238.8249
-11.33217, 0.3631592, 0.3500004, 19.59785, 239.0343
-11.3385, 0.3701496, 0.3410778, 18.84906, 238.6102
-11.36355, 0.3732834, 0.3553241, 17.3095, 238.1752
-11.35544, 0.3710323, 0.3299381, 17.20671, 238.6914
-11.3423, 0.3645492, 0.332411, 18.30391, 239.1638
-11.36749, 0.3469327, 0.3500004, 16.84889, 240.2971
-11.33167, 0.3561578, 0.3463467, 19.53196, 239.6288
-11.36366, 0.3659592, 0.3536503, 17.25263, 238.7673
-11.35652, 0.382814, 0.3597123, 17.98257, 237.3758
-11.34218, 0.3454376, 0.3631614, 19.19545, 240.2338
-11.33711, 0.3350132, 0.3500004, 19.2133, 241.2247
-11.36344, 0.3493827, 0.3520692, 17.22364, 240.0782
-11.36782, 0.3594232, 0.3323015, 16.30958, 239.5651
-11.36715, 0.3675468, 0.3218741, 16.05856, 239.0725
-11.36664, 0.3581442, 0.3505332, 16.93062, 239.4174
-11.336, 0.3304318, 0.3500004, 19.29927, 241.5812
-11.36252, 0.3968338, 0.3564595, 17.4223, 236.3288
-11.34792, 0.3445284, 0.3665269, 18.84575, 240.2585
-11.37039, 0.3831662, 0.327289, 15.96351, 237.7801
-11.33623, 0.3738872, 0.3339251, 18.82071, 238.4151
-11.34282, 0.3649999, 0.3500004, 18.76907, 238.8911
-11.32215, 0.3649999, 0.3523747, 20.44543, 238.8591
-11.33314, 0.3649999, 0.3348524, 19.08825, 239.0956
-11.33659, 0.3649999, 0.3741767, 19.94369, 238.5663
-11.32177, 0.3649999, 0.3227943, 19.62955, 239.259
-11.33986, 0.3681571, 0.3500004, 18.9992, 238.6454
-11.33531, 0.362562, 0.3575084, 19.56758, 238.9795
-11.34607, 0.3614927, 0.3398592, 18.22462, 239.3012
-11.36607, 0.3685653, 0.3300996, 16.38202, 238.8817
-11.32527, 0.3564643, 0.388053, 21.21421, 239.0418
-11.38043, 0.3541917, 0.3500004, 15.84188, 239.7322
-11.37749, 0.3802875, 0.3581329, 16.3067, 237.5932
-11.3737, 0.3521526, 0.3352268, 15.93631, 240.0922
-11.33702, 0.3468633, 0.3576646, 19.43992, 240.1979
-11.34525, 0.3605011, 0.3301173, 18.00718, 239.5107
-11.32848, 0.351405, 0.3500004, 19.8851, 239.949
-11.35704, 0.355852, 0.3482082, 17.61067, 239.6273
-11.35938, 0.3733979, 0.3576778, 17.70193, 238.1348
-11.35957, 0.3797729, 0.3538173, 17.57525, 237.6906
-11.3512, 0.3597589, 0.3432699, 17.92252, 239.39
-11.37325, 0.3804247, 0.3500004, 16.40057, 237.6907
-11.32237, 0.3288826, 0.3528602, 20.44145, 241.6622
-11.33311, 0.337586, 0.3581702, 19.75801, 240.9122
-11.33605, 0.3311011, 0.3269398, 18.634, 241.8487
-11.32695, 0.3845147, 0.3676638, 20.50675, 237.1384
-11.37066, 0.3649999, 0.3500004, 16.60244, 238.8911
-11.33551, 0.3649999, 0.3487641, 19.30235, 238.9077
-11.38648, 0.3649999, 0.3381856, 15.02624, 239.0505
-11.35066, 0.3649999, 0.344104, 17.98881, 238.9706
-11.38564, 0.3649999, 0.3852389, 16.45794, 238.4184
-11.38132, 0.3554209, 0.3500004, 15.77289, 239.6365
-11.33112, 0.3658947, 0.3512814, 19.71585, 238.8042
-11.37687, 0.3683475, 0.3384104, 15.78186, 238.7866
-11.32093, 0.3684125, 0.3783439, 21.2762, 238.2459
-11.38311, 0.359462, 0.3836228, 16.60729, 238.8691
-11.32839, 0.3720397, 0.3500004, 19.89163, 238.3432
-11.33534, 0.3552862, 0.353969, 19.4648, 239.5931
-11.33591, 0.3592344, 0.3522352, 19.37076, 239.3095
-11.32696, 0.3628654, 0.3485736, 19.96253, 239.0764
-11.34488, 0.3686029, 0.3387614, 18.28539, 238.7619
-11.33863, 0.3417616, 0.3500004, 19.09467, 240.6995
-11.33455, 0.381476, 0.3413121, 19.16363, 237.7246
-11.37835, 0.3724656, 0.3681973, 16.53128, 238.0668
-11.32793, 0.3699302, 0.3558568, 20.09434, 238.4288
-11.38327, 0.3397344, 0.3713981, 16.24226, 240.5643
-11.34148, 0.4027094, 0.3500004, 18.8731, 235.9565
-11.31402, 0.3555658, 0.357148, 21.21311, 239.5283
-11.36227, 0.3732657, 0.3453381, 17.1204, 238.3103
-11.35166, 0.3425329, 0.3603476, 18.3782, 240.4979
-11.37343, 0.3390047, 0.3800394, 17.25474, 240.503
-11.35057, 0.5374999, 0.3500004, 18.16566, 225.4669
-11.35057, 0.5374999, 0.3462864, 18.05875, 225.5105
-11.35057, 0.5374999, 0.3671125, 18.65693, 225.2666
-11.35057, 0.5374999, 0.378309, 18.97717, 225.136
-11.35057, 0.5374999, 0.3228742, 17.38243, 225.7863
-11.35057, 0.5459616, 0.3500004, 18.16566, 224.8084
-11.35057, 0.5412809, 0.3430071, 17.96428, 225.2546
-11.35057, 0.5322922, 0.3559155, 18.33574, 225.8025
-11.35057, 0.5418738, 0.3495496, 18.15269, 225.1318
-11.35057, 0.5437643, 0.3483276, 18.11753, 224.999
-11.35057, 0.5424239, 0.3500004, 18.16566, 225.0837
-11.35057, 0.5342714, 0.3566111, 18.35572, 225.6405
-11.35057, 0.526505, 0.3601265, 18.45665, 226.2028
-11.35057, 0.5248497, 0.3387525, 17.84155, 226.585
-11.35057, 0.5176548, 0.3882986, 19.26212, 226.5565
-11.35057, 0.5106457, 0.3500004, 18.16566, 227.5567
-11.35057, 0.5647759, 0.3446331, 18.01113, 223.4058
-11.35057, 0.5538238, 0.3481714, 18.11301, 224.2178
-11.35057, 0.5643284, 0.3682478, 18.68946, 223.1704
-11.35057, 0.5381646, 0.3202337, 17.3059, 225.7656
-11.35057, 0.5185044, 0.3500004, 18.16566, 226.9452
-11.35057, 0.5433435, 0.3552455, 18.31647, 224.951
-11.35057, 0.5048807, 0.3546486, 18.29932, 227.9494
-11.35057, 0.5406243, 0.3253466, 17.45404, 225.5132
-11.35057, 0.5242508, 0.3668041, 18.64809, 226.299
-11.34481, 0.5374999, 0.3500004, 18.61423, 225.4669
-11.34351, 0.5374999, 0.3565317, 18.90215, 225.3904
-11.34813, 0.5374999, 0.3486445, 18.3165, 225.4828
-11.34931, 0.5374999, 0.3411539, 18.00921, 225.5709
-11.34073, 0.5374999, 0.3697492, 19.49608, 225.2358
-11.35427, 0.5278016, 0.3500004, 17.87747, 226.2217
-11.34365, 0.5411584, 0.3593587, 18.97282, 225.0729
-11.34212, 0.5314317, 0.3478446, 18.76176, 225.9646
-11.34124, 0.5363487, 0.3568099, 19.08703, 225.4766
-11.35075, 0.5314084, 0.3793215, 18.99231, 225.5964
-11.34956, 0.5389919, 0.3500004, 18.24446, 225.3508
-11.35606, 0.5184646, 0.3489056, 17.70691, 226.9613
-11.34588, 0.5382181, 0.3656258, 18.9785, 225.2282
-11.35431, 0.5542209, 0.3643394, 18.28726, 224.0002
-11.35461, 0.5563132, 0.3464514, 17.74897, 224.0439
-11.3527, 0.5156482, 0.3500004, 18.00031, 227.1674
-11.34715, 0.5405837, 0.3559482, 18.60239, 225.1574
-11.35811, 0.5243764, 0.3531095, 17.66889, 226.4514
-11.35943, 0.5127122, 0.3566339, 17.66775, 227.3165
-11.356, 0.5501416, 0.3382549, 17.40377, 224.6197
-11.35772, 0.5002199, 0.3500004, 17.60934, 228.3681
-11.35355, 0.570692, 0.3596167, 18.21087, 222.7744
-11.34923, 0.5700593, 0.3330496, 17.78141, 223.1269
-11.34474, 0.5056146, 0.3780732, 19.42223, 227.6111
-11.36032, 0.5608005, 0.3317907, 16.88034, 223.8635
-11.35596, 0.5374999, 0.3500004, 17.74603, 225.4669
-11.34947, 0.5374999, 0.3479538, 18.19223, 225.491
-11.33167, 0.5374999, 0.357268, 19.84397, 225.3817
-11.35057, 0.5374999, 0.3677734, 18.67579, 225.2589
-11.33882, 0.5374999, 0.3607051, 19.38631, 225.3415
-11.36645, 0.5321309, 0.3500004, 16.9297, 225.8848
-11.3355, 0.5320437, 0.3495502, 19.32558, 225.8969
-11.34991, 0.5389791, 0.3405916, 17.94609, 225.4622
-11.36257, 0.5465124, 0.3426909, 17.0204, 224.8508
-11.36137, 0.5403311, 0.3155174, 16.32515, 225.652
-11.34109, 0.5363752, 0.3500004, 18.90385, 225.5545
-11.36779, 0.5262354, 0.35838, 17.0676, 226.2444
-11.3493, 0.5250393, 0.3634614, 18.65132, 226.2773
-11.3471, 0.5318854, 0.3305121, 17.87417, 226.1342
-11.36325, 0.5286961, 0.3566617, 17.37143, 226.0734
-11.34285, 0.5297234, 0.3500004, 18.76658, 226.0721
-11.34464, 0.5146244, 0.3561271, 18.8033, 227.1739
-11.36756, 0.5222867, 0.3632947, 17.22791, 226.4931
-11.36084, 0.5095675, 0.3673664, 17.86696, 227.4325
-11.35126, 0.5541813, 0.3326421, 17.611, 224.37
-11.36935, 0.5750858, 0.3500004, 16.70457, 222.542
-11.33599, 0.4993747, 0.3464486, 19.19874, 228.4769
-11.34797, 0.5009376, 0.3518371, 18.42127, 228.29
-11.33915, 0.519764, 0.3338687, 18.5914, 227.0397
-11.34252, 0.563774, 0.3214512, 17.9702, 223.7509
-11.34499, 0.5374999, 0.3500004, 18.59968, 225.4669
-11.35174, 0.5374999, 0.3465908, 17.97647, 225.507
-11.35547, 0.5374999, 0.3334297, 17.30568, 225.6618
-11.36876, 0.5374999, 0.35348, 16.85104, 225.4261
-11.3435, 0.5374999, 0.3312346, 18.17565, 225.6877
-11.37504, 0.5414628, 0.3500004, 16.26141, 225.1585
-11.36475, 0.5364439, 0.3559911, 17.23499, 225.4788
-11.37881, 0.5427303, 0.3450795, 15.82502, 225.1174
-11.32681, 0.5410115, 0.3722447, 20.64803, 224.9342
-11.34804, 0.5370483, 0.3331757, 17.87789, 225.7
-11.35493, 0.5426128, 0.3500004, 17.82618, 225.069
-11.34675, 0.53277, 0.3562155, 18.64162, 225.7618
-11.36853, 0.5533904, 0.3539431, 16.88195, 224.1847
-11.36306, 0.5565913, 0.3538857, 17.30626, 223.9364
-11.32719, 0.5435643, 0.3160012, 19.01052, 225.3936
-11.35688, 0.5275891, 0.3500004, 17.67507, 226.2382
-11.34401, 0.5297976, 0.3521132, 18.7366, 226.0414
-11.36462, 0.5527468, 0.3333944, 16.59089, 224.4731
-11.36219, 0.5537503, 0.3261472, 16.57034, 224.4792
-11.34968, 0.5509769, 0.3160241, 17.25366, 224.8139
-11.34741, 0.5210882, 0.3500004, 18.41141, 226.7441
-11.36482, 0.5159949, 0.3487081, 17.0194, 227.1559
-11.37905, 0.5618866, 0.3457199, 15.82483, 223.6183
-11.37097, 0.5511817, 0.3288147, 15.96271, 224.6486
-11.37157, 0.5425993, 0.3410448, 16.27185, 225.1748
-11.31174, 0.5374999, 0.3500004, 21.18756, 225.4669
-11.38901, 0.5374999, 0.3549104, 15.3176, 225.4094
-11.32915, 0.5374999, 0.3414033, 19.58668, 225.5679
-11.35081, 0.5374999, 0.3663258, 18.61596, 225.2758
-11.32279, 0.5374999, 0.352415, 20.3962, 225.4386
-11.31138, 0.5460573, 0.3500004, 21.2154, 224.801
-11.32342, 0.5462341, 0.3537089, 20.38395, 224.7441
-11.35878, 0.5333042, 0.351883, 17.58119, 225.7713
-11.3683, 0.5452977, 0.3545508, 16.91769, 224.8071
-11.35882, 0.5456995, 0.364606, 17.94442, 224.659
-11.36318, 0.536101, 0.3500004, 17.18453, 225.5758
-11.34131, 0.5559025, 0.3458687, 18.76784, 224.0826
-11.3178, 0.5293619, 0.3654105, 21.15307, 225.9185
-11.36776, 0.5328553, 0.3400131, 16.53853, 225.9462
-11.33088, 0.5324114, 0.3155741, 18.71015, 226.2705
-11.325, 0.5416693, 0.3500004, 20.15591, 225.1425
-11.35154, 0.5369538, 0.3408178, 17.82559, 225.6174
-11.33962, 0.5227898, 0.3591322, 19.27915, 226.5033
-11.32308, 0.5415495, 0.334278, 19.85576, 225.336
-11.38915, 0.5560354, 0.3329605, 14.66516, 224.2217
-11.35811, 0.552139, 0.3500004, 17.57901, 224.3277
-11.36092, 0.5337862, 0.3519868, 17.41787, 225.7326
-11.33564, 0.5621238, 0.3425249, 19.11312, 223.6366
-11.36594, 0.4979907, 0.3362243, 16.57044, 228.709
-11.35433, 0.5412757, 0.3575962, 18.09198, 225.0844
-11.35057, 0.7099999, 0.3500004, 18.16566, 212.0428
-11.35057, 0.7099999, 0.3531125, 18.25517, 212.0117
-11.35057, 0.7099999, 0.3490102, 18.13717, 212.0527
-11.35057, 0.7099999, 0.3512937, 18.20286, 212.0299
-11.35057, 0.7099999, 0.3848552, 19.16401, 211.6961
-11.35057, 0.7026188, 0.3500004, 18.16566, 212.6172
-11.35057, 0.7198229, 0.3410652, 17.90829, 211.3669
-11.35057, 0.7065113, 0.3532377, 18.25876, 212.2819
-11.35057, 0.7172765, 0.3692426, 18.71793, 211.2861
-11.35057, 0.7032543, 0.3168797, 17.20858, 212.9024
-11.35057, 0.7257548, 0.3500004, 18.16566, 210.8167
-11.35057, 0.707697, 0.3551599, 18.31402, 212.1704
-11.35057, 0.6988612, 0.3553769, 18.32025, 212.8553
-11.35057, 0.7080044, 0.3749719, 18.88182, 211.9489
-11.35057, 0.7199785, 0.340721, 17.89835, 211.3582
-11.35057, 0.7099456, 0.3500004, 18.16566, 212.0471
-11.35057, 0.7330618, 0.351536, 18.20984, 210.2331
-11.35057, 0.686657, 0.3554316, 18.32182, 213.8039
-11.35057, 0.7214522, 0.3253589, 17.4544, 211.3958
-11.35057, 0.7176347, 0.3884453, 19.26633, 211.0693
-11.35057, 0.7030364, 0.3500004, 18.16566, 212.5847
-11.35057, 0.7362695, 0.3558766, 18.33459, 209.9414
-11.35057, 0.6905323, 0.3544353, 18.29319, 213.5126
-11.35057, 0.7429407, 0.3538282, 18.27574, 209.4424
-11.35057, 0.7190733, 0.3652047, 18.60227, 211.1865
-11.35394, 0.7099999, 0.3500004, 17.90378, 212.0428
-11.3457, 0.7099999, 0.3530105, 18.63125, 212.0128
-11.3521, 0.7099999, 0.3548203, 18.18518, 211.9947
-11.34235, 0.7099999, 0.3457296, 18.68294, 212.0855
-11.3425, 0.7099999, 0.3170551, 17.84437, 212.3734
-11.35983, 0.7062113, 0.3500004, 17.44547, 212.3376
-11.35835, 0.7013632, 0.3596892, 17.83965, 212.6174
-11.34752, 0.7101589, 0.3596759, 18.68059, 211.9339
-11.35925, 0.7056677, 0.3766476, 18.25639, 212.1134
-11.35884, 0.7159864, 0.3776599, 18.3177, 211.3032
-11.35764, 0.6971293, 0.3500004, 17.61528, 213.0444
-11.34671, 0.7228622, 0.3547506, 18.60249, 210.995
-11.35618, 0.7293503, 0.3304882, 17.16486, 210.7286
-11.35539, 0.6919742, 0.3276262, 17.14405, 213.6739
-11.34416, 0.7193307, 0.3141938, 17.63204, 211.6728
-11.34556, 0.7352576, 0.3500004, 18.55581, 210.0772
-11.34796, 0.6831682, 0.3517138, 18.41832, 214.1133
-11.35777, 0.6888946, 0.3403817, 17.32773, 213.7835
-11.35089, 0.7203934, 0.3650803, 18.57363, 211.0852
-11.34761, 0.715954, 0.3107201, 17.26134, 211.9716
-11.35609, 0.6743693, 0.3500004, 17.7364, 214.8156
-11.34229, 0.7392064, 0.3459224, 18.69341, 209.8095
-11.34632, 0.709757, 0.3618431, 18.83643, 211.9435
-11.34361, 0.6714312, 0.34264, 18.49597, 215.1208
-11.35549, 0.6970476, 0.3702998, 18.36677, 212.8458
-11.34448, 0.7099999, 0.3500004, 18.64005, 212.0428
-11.34899, 0.7099999, 0.3407574, 18.02261, 212.1353
-11.34682, 0.7099999, 0.3555851, 18.61819, 211.9871
-11.34146, 0.7099999, 0.33355, 18.40213, 212.2076
-11.33996, 0.7099999, 0.3475647, 18.92186, 212.0672
-11.34963, 0.7024938, 0.3500004, 18.23864, 212.627
-11.33356, 0.7101617, 0.3401113, 19.20665, 212.1292
-11.35955, 0.7152963, 0.3331659, 16.97983, 211.7983
-11.3539, 0.7034056, 0.3744421, 18.60858, 212.3109
-11.33829, 0.7188007, 0.3735816, 19.79482, 211.1251
-11.33266, 0.6906189, 0.3500004, 19.5598, 213.5511
-11.34324, 0.7223761, 0.3529065, 18.81932, 211.051
-11.33585, 0.7298772, 0.3689572, 19.85288, 210.3108
-11.36517, 0.7077441, 0.3731236, 17.69659, 211.9875
-11.3692, 0.7038653, 0.3810865, 17.6126, 212.2089
-11.36008, 0.718146, 0.3500004, 17.42595, 211.4089
-11.34398, 0.7256151, 0.3550997, 18.8251, 210.7775
-11.36095, 0.6976875, 0.360068, 17.64806, 212.8993
-11.33788, 0.6988506, 0.3579361, 19.3801, 212.8304
-11.37053, 0.6901214, 0.3630021, 16.98866, 213.4575
-11.33069, 0.7456883, 0.3500004, 19.71298, 209.2655
-11.35473, 0.7281887, 0.3532197, 17.93491, 210.5958
-11.34862, 0.7232015, 0.3345399, 17.87207, 211.1682
-11.35727, 0.7362528, 0.3289931, 17.03692, 210.2047
-11.33402, 0.679599, 0.3545622, 19.58418, 214.3617
-11.36928, 0.7099999, 0.3500004, 16.71015, 212.0428
-11.36863, 0.7099999, 0.3553078, 16.91365, 211.9898
-11.37831, 0.7099999, 0.3413462, 15.75517, 212.1294
-11.33091, 0.7099999, 0.3262543, 19.01537, 212.2809
-11.3694, 0.7099999, 0.3711239, 17.31063, 211.8323
-11.34941, 0.7169263, 0.3500004, 18.25627, 211.5038
-11.3557, 0.7048761, 0.3451183, 17.62582, 212.4906
-11.33462, 0.7053785, 0.3506312, 19.42479, 212.3961
-11.35646, 0.7056255, 0.3409909, 17.44719, 212.4738
-11.34035, 0.7144764, 0.3518829, 19.01474, 211.6757
-11.32886, 0.7050413, 0.3500004, 19.85541, 212.4287
-11.34526, 0.710272, 0.3430144, 18.37821, 212.0915
-11.37365, 0.6965512, 0.365332, 16.8138, 212.9344
-11.3725, 0.7204892, 0.3381974, 16.11607, 211.3434
-11.35666, 0.7069439, 0.3323052, 17.18047, 212.4584
-11.35371, 0.681928, 0.3500004, 17.92141, 214.2274
-11.37507, 0.7337757, 0.3503424, 16.26925, 210.1892
-11.32104, 0.7272183, 0.3531286, 20.55296, 210.6722
-11.34678, 0.6942253, 0.3388095, 18.13843, 213.3842
-11.36981, 0.7145731, 0.3483422, 16.62086, 211.7034
-11.37703, 0.6955269, 0.3500004, 16.10674, 213.1691
-11.36591, 0.7322412, 0.3416616, 16.73078, 210.3935
-11.35347, 0.6927102, 0.3580926, 18.1727, 213.3061
-11.34754, 0.7416997, 0.34355, 18.21619, 209.6384
-11.34088, 0.6935984, 0.3417423, 18.68271, 213.4032
-11.37066, 0.7099999, 0.3500004, 16.6022, 212.0428
-11.35821, 0.7099999, 0.3432311, 17.37582, 212.1105
-11.33662, 0.7099999, 0.3469548, 19.16429, 212.0733
-11.36693, 0.7099999, 0.3567648, 17.08812, 211.9753
-11.37823, 0.7099999, 0.317811, 15.0741, 212.3658
-11.35261, 0.7139009, 0.3500004, 18.00696, 211.7392
-11.33155, 0.705128, 0.3520997, 19.70615, 212.4009
-11.38097, 0.7055888, 0.3413448, 15.54827, 212.4731
-11.33059, 0.7049791, 0.3457832, 19.60001, 212.4759
-11.35048, 0.7012954, 0.3792314, 19.01032, 212.4267
-11.36867, 0.690087, 0.3500004, 16.75753, 213.5925
-11.35543, 0.7194338, 0.3456871, 17.663, 211.3514
-11.32672, 0.7077609, 0.3561402, 20.19712, 212.1556
-11.31344, 0.727913, 0.3249253, 20.34052, 210.8956
-11.31161, 0.7169107, 0.3827876, 22.12389, 211.181
-11.35051, 0.6854926, 0.3500004, 18.17072, 213.95
-11.35722, 0.7220311, 0.3529596, 17.73341, 211.0773
-11.3447, 0.6872961, 0.3329332, 18.13175, 213.9845
-11.35661, 0.703213, 0.3669493, 18.18335, 212.4008
-11.37369, 0.7313104, 0.354355, 16.4929, 210.3419
-11.36865, 0.7462317, 0.3500004, 16.75853, 209.2232
-11.35936, 0.6702904, 0.3471723, 17.39987, 215.1624
-11.34764, 0.7007645, 0.3427263, 18.18438, 212.835
-11.32747, 0.7022454, 0.3544297, 20.0895, 212.6017
-11.34448, 0.7236484, 0.3305057, 18.07852, 211.1733
-11.00697, 1.204594, 0.3500004, 44.90475, 173.553
-11.00697, 1.204594, 0.3567127, 45.07446, 173.5195
-11.00697, 1.204594, 0.3445983, 44.76797, 173.5801
-11.00697, 1.204594, 0.3646974, 45.27595, 173.4797
-11.00697, 1.204594, 0.3516306, 44.946, 173.5449
-11.00697, 1.207329, 0.3500004, 44.90475, 173.3402
-11.00697, 1.204531, 0.3595734, 45.1467, 173.5101
-11.00697, 1.206433, 0.3652452, 45.28975, 173.3341
-11.00697, 1.200889, 0.348647, 44.87051, 173.8482
-11.00697, 1.195384, 0.3679606, 45.35816, 174.1785
-11.00697, 1.200974, 0.3500004, 44.90475, 173.8347
-11.00697, 1.202113, 0.3448412, 44.77411, 173.7721
-11.00697, 1.216408, 0.3319691, 44.44742, 172.7218
-11.00697, 1.215375, 0.3301275, 44.4006, 172.8115
-11.00697, 1.184757, 0.3591087, 45.13498, 175.0494
-11.00697, 1.2155, 0.3500004, 44.90475, 172.7043
-11.00697, 1.201999, 0.3574475, 45.09303, 173.7175
-11.00697, 1.209575, 0.348837, 44.87532, 173.1711
-11.00697, 1.231888, 0.3427222, 44.72044, 171.4633
-11.00697, 1.234089, 0.335504, 44.53724, 171.326
-11.00697, 1.170515, 0.3500004, 44.90475, 176.2051
-11.00697, 1.223876, 0.3479435, 44.8527, 172.0623
-11.00697, 1.234756, 0.3476565, 44.84543, 171.2167
-11.00697, 1.228342, 0.3264343, 44.3066, 171.8174
-11.00697, 1.243647, 0.3139412, 43.98803, 170.6808
-10.99981, 1.204594, 0.3500004, 45.46185, 173.553
-11.00138, 1.204594, 0.3511179, 45.36846, 173.5475
-11.01192, 1.204594, 0.3347878, 44.13374, 173.6293
-11.007, 1.204594, 0.3647837, 45.27639, 173.4793
-10.99728, 1.204594, 0.3258165, 45.04729, 173.6743
-11.00022, 1.206165, 0.3500004, 45.43021, 173.4308
-10.99773, 1.194793, 0.3535146, 45.71267, 174.2978
-11.00011, 1.197542, 0.3395263, 45.17414, 174.155
-11.00624, 1.209647, 0.3346226, 44.57238, 173.2361
-11.01321, 1.211426, 0.3847683, 45.29769, 172.8506
-11.00487, 1.212942, 0.3500004, 45.06881, 172.9033
-11.00923, 1.217076, 0.3424988, 44.5389, 172.6182
-11.01369, 1.201478, 0.3676383, 44.82828, 173.7069
-10.99945, 1.198226, 0.376067, 46.14538, 173.917
-11.01514, 1.213158, 0.3579578, 44.47104, 172.8475
-11.01344, 1.221926, 0.3500004, 44.40193, 172.2042
-11.01441, 1.210833, 0.3409226, 44.09503, 173.1123
-11.00666, 1.224968, 0.3638907, 45.28009, 171.901
-11.00459, 1.219195, 0.3220544, 44.38162, 172.5528
-10.99791, 1.224704, 0.3802243, 46.36944, 171.8436
-11.00272, 1.198083, 0.3500004, 45.23606, 174.0597
-10.99962, 1.212714, 0.3579652, 45.67796, 172.882
-11.0068, 1.221861, 0.3431259, 44.7439, 172.2425
-11.01558, 1.244545, 0.3400919, 43.9827, 170.4896
-11.00568, 1.188711, 0.3809099, 45.78429, 174.6301
-10.9933, 1.204594, 0.3500004, 45.96873, 173.553
-11.00201, 1.204594, 0.3494604, 45.27758, 173.5557
-10.9908, 1.204594, 0.3573215, 46.34753, 173.5165
-10.9969, 1.204594, 0.3570528, 45.86616, 173.5178
-11.02123, 1.204594, 0.3555457, 43.93603, 173.5253
-11.01798, 1.201654, 0.3500004, 44.04837, 173.7818
-10.99178, 1.203257, 0.3478063, 46.03167, 173.6681
-11.00243, 1.205975, 0.3643332, 45.61944, 173.3742
-11.02169, 1.198412, 0.3210256, 43.01962, 174.1813
-11.00442, 1.214181, 0.3293217, 44.57964, 172.9086
-11.01361, 1.209581, 0.3500004, 44.38851, 173.1649
-10.98704, 1.209504, 0.3588404, 46.67793, 173.1272
-10.99021, 1.207522, 0.3444233, 46.06908, 173.3529
-11.01671, 1.19249, 0.3241221, 43.48751, 174.628
-11.02027, 1.216958, 0.374516, 44.49162, 172.4717
-11.01446, 1.217743, 0.3500004, 44.32238, 172.5297
-11.01218, 1.210139, 0.3411818, 44.2758, 173.1652
-11.00291, 1.231048, 0.3543364, 45.33064, 171.4738
-10.99118, 1.207575, 0.3618459, 46.43153, 173.2622
-10.98907, 1.198722, 0.3182631, 45.4977, 174.1712
-11.026, 1.181349, 0.3500004, 43.4243, 175.362
-11.00467, 1.213721, 0.3413902, 44.86619, 172.8851
-11.02347, 1.226607, 0.364553, 43.99062, 171.7705
-11.00636, 1.185786, 0.330451, 44.45681, 175.1183
-11.01705, 1.242558, 0.3854575, 45.01715, 170.4356
-10.98001, 1.204594, 0.3500004, 47.00353, 173.553
-11.02224, 1.204594, 0.3458682, 43.61127, 173.5737
-11.03387, 1.204594, 0.3615588, 43.10675, 173.4953
-11.01291, 1.204594, 0.3523813, 44.50351, 173.5411
-11.01092, 1.204594, 0.3391634, 44.3227, 173.6073
-11.00383, 1.202903, 0.3500004, 45.14979, 173.6846
-11.02975, 1.200159, 0.3537577, 43.22797, 173.8792
-11.02982, 1.204453, 0.3418892, 42.9192, 173.6046
-11.02861, 1.197415, 0.3324811, 42.77272, 174.2007
-11.02444, 1.206806, 0.3586662, 43.76634, 173.3378
-11.03564, 1.207456, 0.3500004, 42.67425, 173.3303
-11.02608, 1.216694, 0.3489679, 43.3912, 172.6164
-11.03342, 1.193529, 0.3510181, 42.87273, 174.4088
-11.03287, 1.194241, 0.3749488, 43.52559, 174.2317
-11.03103, 1.195176, 0.3846504, 43.91414, 174.1102
-11.02824, 1.203892, 0.3500004, 43.2501, 173.6077
-11.03535, 1.198031, 0.3515514, 42.73639, 174.0559
-10.98396, 1.187655, 0.3327955, 46.26305, 174.9604
-11.02703, 1.218955, 0.3527556, 43.41409, 172.4221
-11.02864, 1.193511, 0.3337458, 42.8026, 174.4988
-11.02268, 1.192794, 0.3500004, 43.68257, 174.4713
-11.01564, 1.172343, 0.3420753, 44.02916, 176.105
-11.0149, 1.215167, 0.3552482, 44.42134, 172.7045
-11.03571, 1.193076, 0.3724965, 43.2427, 174.3345
-11.02814, 1.166507, 0.3133795, 42.31894, 176.7151
-10.97944, 1.204594, 0.3500004, 47.04752, 173.553
-10.9838, 1.204594, 0.3427613, 46.5268, 173.5893
-10.9928, 1.204594, 0.3688666, 46.48125, 173.4589
-10.96932, 1.204594, 0.3256039, 47.22475, 173.6754
-11.01512, 1.204594, 0.3686181, 44.74268, 173.4602
-10.99436, 1.213751, 0.3500004, 45.88673, 172.8404
-10.99182, 1.211965, 0.3418184, 45.87802, 173.0197
-10.97011, 1.195031, 0.3339331, 47.37222, 174.3793
-10.97292, 1.196666, 0.3282763, 47.01114, 174.2807
-11.00846, 1.197581, 0.3114995, 43.80983, 174.295
-11.0132, 1.220383, 0.3500004, 44.42028, 172.3243
-11.01839, 1.213357, 0.3502495, 44.02246, 172.8698
-10.9761, 1.197692, 0.3314573, 46.84247, 174.1844
-11.03105, 1.206047, 0.3620837, 43.33912, 173.3798
-11.01213, 1.200573, 0.3839636, 45.36098, 173.6955
-11.01801, 1.228874, 0.3500004, 44.04582, 171.6635
-11.04696, 1.225513, 0.3403045, 41.54317, 171.9715
-10.99547, 1.178393, 0.3329563, 45.36989, 175.6819
-10.97724, 1.181156, 0.3210292, 46.4917, 175.5293
-11.03455, 1.183826, 0.3830354, 43.60059, 174.9978
-10.9973, 1.206656, 0.3500004, 45.65743, 173.3926
-11.00684, 1.243017, 0.3421115, 44.71546, 170.5993
-10.98238, 1.240276, 0.3610478, 47.09481, 170.725
-11.02827, 1.227784, 0.3711998, 43.78711, 171.6476
-10.97406, 1.202218, 0.339809, 47.21103, 173.7892
-11.00697, 1.414594, 0.3500004, 44.90475, 157.2106
-11.00697, 1.414594, 0.3427313, 44.72065, 157.2316
-11.00697, 1.414594, 0.3522023, 44.96046, 157.2043
-11.00697, 1.414594, 0.323129, 44.22243, 157.2883
-11.00697, 1.414594, 0.3833041, 45.74385, 157.1151
-11.00697, 1.421615, 0.3500004, 44.90475, 156.6642
-11.00697, 1.423286, 0.3528876, 44.97778, 156.5261
-11.00697, 1.415916, 0.3350838, 44.52657, 157.1506
-11.00697, 1.41061, 0.3639281, 45.25655, 157.48
-11.00697, 1.418343, 0.3268309, 44.3167, 156.9849
-11.00697, 1.415733, 0.3500004, 44.90475, 157.1219
-11.00697, 1.414709, 0.3466128, 44.81901, 157.2114
-11.00697, 1.420262, 0.3456343, 44.79422, 156.7818
-11.00697, 1.409046, 0.3784502, 45.62202, 157.5591
-11.00697, 1.41689, 0.3795018, 45.64842, 156.9479
-11.00697, 1.435532, 0.3500004, 44.90475, 155.5812
-11.00697, 1.426901, 0.3472885, 44.83611, 156.2603
-11.00697, 1.444146, 0.3377008, 44.59303, 154.9426
-11.00697, 1.417849, 0.3607169, 45.17555, 156.9268
-11.00697, 1.418336, 0.3620988, 45.21043, 156.885
-11.00697, 1.39676, 0.3500004, 44.90475, 158.5985
-11.00697, 1.406165, 0.3566189, 45.07208, 157.8469
-11.00697, 1.409734, 0.3635882, 45.24799, 157.5491
-11.00697, 1.454326, 0.3786333, 45.62661, 154.0479
-11.00697, 1.434514, 0.3767624, 45.5796, 155.5889
-11.01688, 1.414594, 0.3500004, 44.13417, 157.2106
-11.00444, 1.414594, 0.3566367, 45.26931, 157.1915
-10.99931, 1.414594, 0.3439943, 45.34929, 157.2279
-11.01003, 1.414594, 0.3771808, 45.35328, 157.1326
-11.00884, 1.414594, 0.3199489, 43.99586, 157.2975
-11.00894, 1.412882, 0.3500004, 44.75193, 157.3438
-11.00902, 1.404601, 0.3419284, 44.54102, 158.0123
-11.01069, 1.421067, 0.3505104, 44.62856, 156.7054
-11.01523, 1.406742, 0.354509, 44.37687, 157.8083
-11.00534, 1.41546, 0.3103717, 44.02493, 157.2576
-10.99953, 1.434344, 0.3500004, 45.484, 155.6736
-11.00733, 1.420011, 0.3433831, 44.70966, 156.8078
-11.00542, 1.409116, 0.3497047, 45.01817, 157.6378
-10.99915, 1.427278, 0.3562225, 45.67017, 156.2064
-11.00945, 1.396383, 0.3891123, 45.69812, 158.5085
-11.00657, 1.38844, 0.3500004, 44.93581, 159.2459
-10.99758, 1.394572, 0.3480501, 45.58674, 158.7747
-11.01174, 1.388104, 0.3394142, 44.26475, 159.3055
-10.9989, 1.436439, 0.3305224, 45.0404, 155.5626
-11.00164, 1.426429, 0.3820233, 46.12507, 156.2016
-11.00702, 1.405006, 0.3500004, 44.90155, 157.9568
-11.00642, 1.429196, 0.356506, 45.11225, 156.0564
-11.0102, 1.401729, 0.3626027, 44.97258, 158.1739
-11.00372, 1.386257, 0.3776089, 45.8532, 159.3287
-10.99769, 1.435425, 0.3696394, 46.12118, 155.5372
-11.00698, 1.414594, 0.3500004, 44.90398, 157.2106
-11.02671, 1.414594, 0.344289, 43.22308, 157.2271
-11.00445, 1.414594, 0.340238, 44.85371, 157.2388
-10.9975, 1.414594, 0.3307621, 45.15606, 157.2662
-10.98918, 1.414594, 0.376261, 46.94683, 157.1352
-10.99768, 1.421381, 0.3500004, 45.62768, 156.6824
-11.02281, 1.409299, 0.3403089, 43.42551, 157.6511
-11.02005, 1.413711, 0.3510936, 43.91533, 157.2761
-10.99072, 1.424429, 0.321362, 45.44728, 156.5252
-10.99216, 1.40965, 0.3841621, 46.91278, 157.4957
-11.02489, 1.412488, 0.3500004, 43.5107, 157.3745
-10.98712, 1.418214, 0.3499837, 46.44917, 156.929
-10.99902, 1.433637, 0.334678, 45.13676, 155.77
-10.99133, 1.401299, 0.3621793, 46.42784, 158.2086
-11.0153, 1.42849, 0.3397195, 43.99577, 156.1574
-10.98886, 1.423278, 0.3500004, 46.31457, 156.5348
-11.01402, 1.435261, 0.3528691, 44.42957, 155.5946
-11.002, 1.415873, 0.3422958, 45.09669, 157.1332
-11.02321, 1.442142, 0.3657614, 44.04171, 155.0258
-11.02059, 1.396395, 0.3396395, 43.58106, 158.6587
-11.02678, 1.45036, 0.3500004, 43.3634, 154.4272
-11.02147, 1.425466, 0.3414221, 43.55783, 156.3883
-11.02671, 1.396275, 0.3336124, 42.94994, 158.6865
-11.01161, 1.419814, 0.3566059, 44.71115, 156.7857
-11.02246, 1.440798, 0.3737867, 44.30353, 155.1094
-11.0268, 1.414594, 0.3500004, 43.36202, 157.2106
-11.00567, 1.414594, 0.351494, 45.04433, 157.2063
-11.01699, 1.414594, 0.3512576, 44.15707, 157.207
-10.98106, 1.414594, 0.3603876, 47.18142, 157.1808
-10.99791, 1.414594, 0.3105548, 44.61052, 157.3248
-11.0208, 1.412867, 0.3500004, 43.82906, 157.345
-11.02764, 1.406176, 0.3519854, 43.34716, 157.8598
-11.03329, 1.404777, 0.3422103, 42.65759, 157.9978
-11.01415, 1.42196, 0.354678, 44.46474, 156.6243
-11.01941, 1.423264, 0.3791536, 44.67554, 156.4548
-10.99759, 1.407261, 0.3500004, 45.63511, 157.7813
-10.98723, 1.428949, 0.3407354, 46.20828, 156.1188
-10.97845, 1.427782, 0.3460956, 47.02666, 156.195
-11.02883, 1.399034, 0.3607475, 43.47802, 158.3889
-10.97967, 1.426386, 0.3215562, 46.31516, 156.3718
-11.01466, 1.400846, 0.3500004, 44.30659, 158.2805
-11.01099, 1.416732, 0.347279, 44.52327, 157.052
-10.97708, 1.430576, 0.3376629, 46.92184, 156.0005
-11.0257, 1.391917, 0.3651545, 43.83333, 158.9283
-11.02958, 1.407148, 0.3606521, 43.41688, 157.7586
-11.01309, 1.389899, 0.3500004, 44.42841, 159.1324
-10.99563, 1.434818, 0.3508541, 45.80913, 155.6344
-11.03425, 1.381641, 0.3490112, 42.75665, 159.7782
-11.00958, 1.388906, 0.3557068, 44.84613, 159.1917
-11.03131, 1.425375, 0.3676259, 43.4606, 156.3229
-10.97736, 1.414594, 0.3500004, 47.20955, 157.2106
-11.00469, 1.414594, 0.3450619, 44.9573, 157.2249
-11.02599, 1.414594, 0.3623329, 43.73852, 157.1752
-10.98941, 1.414594, 0.3738925, 46.87029, 157.142
-10.98697, 1.414594, 0.3836694, 47.30312, 157.114
-11.00961, 1.420384, 0.3500004, 44.69969, 156.76
-11.00908, 1.408041, 0.3402193, 44.493, 157.7494
-10.97665, 1.418385, 0.3546277, 47.37994, 156.9024
-10.99734, 1.406228, 0.3383353, 45.35975, 157.8963
-11.00296, 1.410203, 0.3728739, 45.79322, 157.4856
-11.00092, 1.425624, 0.3500004, 45.37601, 156.3522
-11.03426, 1.431689, 0.3496291, 42.77219, 155.8812
-11.01003, 1.4177, 0.3331394, 44.23862, 157.017
-11.00023, 1.412052, 0.3614525, 45.71825, 157.3752
-11.02501, 1.403011, 0.3118529, 42.52393, 158.2269
-11.02168, 1.429605, 0.3500004, 43.76042, 156.0424
-11.01846, 1.397452, 0.3459229, 43.90719, 158.557
-10.97554, 1.411615, 0.3419196, 47.14896, 157.4659
-10.99599, 1.415235, 0.3306147, 45.26968, 157.2166
-10.9876, 1.387356, 0.3369219, 46.08324, 159.3716
-10.97097, 1.398632, 0.3500004, 47.70686, 158.4528
-10.98862, 1.447852, 0.3501117, 46.33623, 154.6222
-11.00406, 1.449292, 0.3562623, 45.29005, 154.4945
-11.00033, 1.444755, 0.327178, 44.84451, 154.9224
-11.006, 1.432614, 0.3261977, 44.37641, 155.8727
-11.39921, 1.204594, 0.3500004, 14.38066, 173.553
-11.39921, 1.204594, 0.3541023, 14.50062, 173.5325
-11.39921, 1.204594, 0.334163, 13.91626, 173.6324
-11.39921, 1.204594, 0.3629263, 14.75827, 173.4885
-11.39921, 1.204594, 0.3731611, 15.05639, 173.4376
-11.39921, 1.199338, 0.3500004, 14.38066, 173.9621
-11.39921, 1.208964, 0.3480857, 14.32461, 173.2224
-11.39921, 1.206343, 0.3313034, 13.83217, 173.5103
-11.39921, 1.199246, 0.3604209, 14.68517, 173.9166
-11.39921, 1.197074, 0.3285633, 13.75158, 174.2474
-11.39921, 1.210907, 0.3500004, 14.38066, 173.0617
-11.39921, 1.195943, 0.3445255, 14.22031, 174.2541
-11.39921, 1.199931, 0.3560058, 14.55624, 173.8856
-11.39921, 1.198243, 0.3599916, 14.67266, 173.9967
-11.39921, 1.19445, 0.3739235, 15.07855, 174.2207
-11.39921, 1.213035, 0.3500004, 14.38066, 172.8961
-11.39921, 1.222813, 0.3578843, 14.61112, 172.0973
-11.39921, 1.1854, 0.351888, 14.43586, 175.0369
-11.39921, 1.221652, 0.3794863, 15.24023, 172.0837
-11.39921, 1.219981, 0.343772, 14.19826, 172.3858
-11.39921, 1.199449, 0.3500004, 14.38066, 173.9534
-11.39921, 1.167725, 0.3458076, 14.25789, 176.4447
-11.39921, 1.215634, 0.352373, 14.45007, 172.6823
-11.39921, 1.193312, 0.3580175, 14.61501, 174.39
-11.39921, 1.240749, 0.346338, 14.27343, 170.7563
-11.3958, 1.204594, 0.3500004, 14.64599, 173.553
-11.40153, 1.204594, 0.3443883, 14.03539, 173.5811
-11.39996, 1.204594, 0.3420815, 14.08991, 173.5927
-11.40071, 1.204594, 0.3204146, 13.39424, 173.7016
-11.39162, 1.204594, 0.3612256, 15.29856, 173.497
-11.39394, 1.197493, 0.3500004, 14.79074, 174.1056
-11.392, 1.208056, 0.3422753, 14.71583, 173.322
-11.39451, 1.211152, 0.3684777, 15.28476, 172.9517
-11.39262, 1.199864, 0.3722616, 15.54112, 173.8091
-11.39239, 1.202881, 0.3218178, 14.08519, 173.8282
-11.39535, 1.20864, 0.3500004, 14.68078, 173.2381
-11.40575, 1.200773, 0.3538204, 13.98339, 173.8311
-11.39166, 1.191324, 0.3459979, 14.85091, 174.6063
-11.40085, 1.21872, 0.376892, 15.03758, 172.3235
-11.40519, 1.223518, 0.3454458, 13.78189, 172.1022
-11.39666, 1.230207, 0.3500004, 14.57901, 171.5598
-11.3948, 1.2043, 0.3537591, 14.83372, 173.5571
-11.40254, 1.221668, 0.3533023, 14.21843, 172.2083
-11.40834, 1.179397, 0.3490384, 13.64203, 175.519
-11.39482, 1.228999, 0.3545389, 14.85456, 171.6322
-11.40356, 1.172068, 0.3500004, 14.04206, 176.0842
-11.39052, 1.242885, 0.3547004, 15.19425, 170.5515
-11.39463, 1.172916, 0.3430382, 14.53311, 176.0553
-11.40084, 1.198312, 0.3287323, 13.62891, 174.1499
-11.40725, 1.168342, 0.3511023, 13.7872, 176.3682
-11.40738, 1.204594, 0.3500004, 13.74454, 173.553
-11.38393, 1.204594, 0.3440664, 15.39695, 173.5827
-11.38928, 1.204594, 0.3647751, 15.58351, 173.4793
-11.41844, 1.204594, 0.3557568, 13.05337, 173.5243
-11.38518, 1.204594, 0.320324, 14.60512, 173.702
-11.39019, 1.204815, 0.3500004, 15.08214, 173.5358
-11.40374, 1.214352, 0.3437007, 13.84355, 172.8245
-11.39975, 1.21133, 0.3617846, 14.68323, 172.9708
-11.38552, 1.206788, 0.3427193, 15.23365, 173.4185
-11.40585, 1.21434, 0.3391817, 13.54641, 172.8477
-11.38724, 1.190412, 0.3500004, 15.3124, 174.6566
-11.38164, 1.22156, 0.3445105, 15.58781, 172.2592
-11.39865, 1.189806, 0.3454946, 14.29221, 174.727
-11.40993, 1.213485, 0.3667402, 14.03725, 172.7791
-11.40823, 1.222746, 0.3246926, 12.93294, 172.2627
-11.39605, 1.20688, 0.3500004, 14.62664, 173.3751
-11.39339, 1.196931, 0.3445156, 14.67314, 174.1772
-11.41787, 1.189684, 0.3312645, 12.37525, 174.81
-11.38477, 1.181865, 0.3375638, 15.14133, 175.3869
-11.38562, 1.185181, 0.3426577, 15.22418, 175.102
-11.39658, 1.214016, 0.3500004, 14.58544, 172.8197
-11.37931, 1.201719, 0.3409931, 15.66683, 173.8221
-11.40858, 1.20894, 0.3653157, 14.10048, 173.139
-11.41008, 1.194528, 0.3248627, 12.79356, 174.465
-11.40448, 1.195148, 0.3233448, 13.18594, 174.4244
-11.4084, 1.204594, 0.3500004, 13.66533, 173.553
-11.40529, 1.204594, 0.3464629, 13.80336, 173.5707
-11.38139, 1.204594, 0.3629833, 16.14455, 173.4882
-11.38609, 1.204594, 0.3323496, 14.88605, 173.6415
-11.39553, 1.204594, 0.3159539, 13.66719, 173.724
-11.3924, 1.200985, 0.3500004, 14.91091, 173.8339
-11.4033, 1.200038, 0.3422093, 13.8338, 173.9469
-11.37079, 1.200282, 0.3581336, 16.82754, 173.8476
-11.37616, 1.210962, 0.326786, 15.49828, 173.1724
-11.37648, 1.201655, 0.3828348, 17.09858, 173.6172
-11.41326, 1.206125, 0.3500004, 13.28708, 173.4339
-11.40174, 1.190108, 0.3406143, 13.90872, 174.7287
-11.40154, 1.196062, 0.3389687, 13.87585, 174.2731
-11.42739, 1.189641, 0.3510552, 12.21899, 174.7112
-11.38332, 1.214155, 0.332197, 15.09813, 172.8965
-11.39474, 1.178973, 0.3500004, 14.72805, 175.5469
-11.42036, 1.229202, 0.3538396, 12.84771, 171.6198
-11.42369, 1.220378, 0.3410788, 12.21198, 172.3679
-11.38669, 1.227956, 0.3549758, 15.50012, 171.7112
-11.4186, 1.224886, 0.384628, 13.88728, 171.8085
-11.38156, 1.214877, 0.3500004, 15.75437, 172.7528
-11.42164, 1.224984, 0.3540241, 12.75362, 171.9469
-11.39498, 1.171468, 0.3509243, 14.73637, 176.1259
-11.40464, 1.169707, 0.3726524, 14.61986, 176.1471
-11.37642, 1.164915, 0.3196163, 15.26829, 176.8056
-11.3817, 1.204594, 0.3500004, 15.74327, 173.553
-11.42034, 1.204594, 0.3417307, 12.49196, 173.5944
-11.40884, 1.204594, 0.3579231, 13.86316, 173.5135
-11.43887, 1.204594, 0.3717584, 11.93782, 173.4445
-11.42875, 1.204594, 0.3512932, 12.11977, 173.5466
-11.38981, 1.202273, 0.3500004, 15.11225, 173.7336
-11.42259, 1.205197, 0.3505926, 12.57887, 173.5031
-11.3766, 1.19489, 0.3399184, 15.84705, 174.3597
-11.39925, 1.198099, 0.324246, 13.62124, 174.1894
-11.43011, 1.195471, 0.3505848, 11.99318, 174.26
-11.38637, 1.187134, 0.3500004, 15.37971, 174.9117
-11.38269, 1.197169, 0.3435218, 15.47775, 174.1637
-11.3706, 1.215814, 0.3635456, 16.99871, 172.6138
-11.40884, 1.189438, 0.370333, 14.22637, 174.628
-11.36896, 1.193442, 0.3731259, 17.40203, 174.303
-11.37573, 1.19782, 0.3500004, 16.20815, 174.0801
-11.36727, 1.219189, 0.3583076, 17.10621, 172.377
-11.39198, 1.189841, 0.3311082, 14.39009, 174.7986
-11.37549, 1.195571, 0.3527292, 16.30571, 174.2413
-11.42328, 1.185282, 0.3899437, 13.68, 174.8495
-11.38917, 1.195161, 0.3500004, 15.16212, 174.2871
-11.35928, 1.2037, 0.3524678, 17.55894, 173.6102
-11.38923, 1.212894, 0.3300575, 14.57385, 173.0054
-11.368, 1.197912, 0.3230489, 16.02625, 174.21
-11.40218, 1.179487, 0.3844953, 15.15565, 175.3265
-11.34554, 2.389187, 0.3500004, 18.5573, 81.36679
-11.34554, 2.389187, 0.3406067, 18.28716, 81.30135
-11.34554, 2.389187, 0.3638501, 18.95435, 81.46294
-11.34554, 2.389187, 0.3504609, 18.57051, 81.36998
-11.34554, 2.389187, 0.338501, 18.22651, 81.28667
-11.34554, 2.385849, 0.3500004, 18.5573, 81.62651
-11.34554, 2.396296, 0.3404267, 18.28197, 80.74615
-11.34554, 2.387641, 0.3382134, 18.21824, 81.40515
-11.34554, 2.39292, 0.3687462, 19.09438, 81.20708
-11.34554, 2.387063, 0.3568707, 18.75443, 81.5797
-11.34554, 2.377847, 0.3500004, 18.5573, 82.24922
-11.34554, 2.380171, 0.3463969, 18.45374, 82.0437
-11.34554, 2.398779, 0.3647746, 18.98081, 80.72437
-11.34554, 2.378258, 0.3338171, 18.09149, 82.10623
-11.34554, 2.373899, 0.3276304, 17.91292, 82.4039
-11.34554, 2.367756, 0.3500004, 18.5573, 83.03453
-11.34554, 2.397768, 0.3411228, 18.30201, 80.63643
-11.34554, 2.413698, 0.3391998, 18.24666, 79.38136
-11.34554, 2.413469, 0.3562095, 18.73548, 79.52177
-11.34554, 2.383749, 0.3580756, 18.78898, 81.84564
-11.34554, 2.413653, 0.3500004, 18.5573, 79.46281
-11.34554, 2.362724, 0.3556578, 18.71966, 83.46394
-11.34554, 2.375486, 0.3615267, 18.88784, 82.51146
-11.34554, 2.368174, 0.3668782, 19.04098, 83.11557
-11.34554, 2.390941, 0.3203899, 17.70354, 81.02295
-11.35083, 2.389187, 0.3500004, 18.14584, 81.36679
-11.34978, 2.389187, 0.3526224, 18.30228, 81.38501
-11.3467, 2.389187, 0.366203, 18.93155, 81.47925
-11.34908, 2.389187, 0.3670698, 18.77186, 81.48524
-11.34746, 2.389187, 0.3584579, 18.65079, 81.42555
-11.34236, 2.393702, 0.3500004, 18.80505, 81.01541
-11.3526, 2.397913, 0.3583433, 18.24786, 80.74646
-11.33624, 2.388423, 0.3559015, 19.44979, 81.46721
-11.34527, 2.3952, 0.3462633, 18.47099, 80.87262
-11.35198, 2.388236, 0.3585776, 18.30239, 81.50029
-11.33734, 2.391871, 0.3500004, 19.19502, 81.15791
-11.34277, 2.393158, 0.3412477, 18.52143, 80.99644
-11.33854, 2.40461, 0.3376668, 18.74763, 80.07869
-11.35009, 2.406707, 0.3260404, 17.51148, 79.83189
-11.3451, 2.374681, 0.3402892, 18.31229, 82.42938
-11.35466, 2.359927, 0.3500004, 17.84719, 83.64381
-11.33957, 2.364516, 0.3559698, 19.19237, 83.32669
-11.33575, 2.402023, 0.3547781, 19.45593, 80.40173
-11.34532, 2.399743, 0.3406377, 18.30528, 80.47911
-11.34325, 2.359375, 0.344662, 18.58204, 83.6512
-11.35275, 2.381541, 0.3500004, 17.99598, 81.96184
-11.33958, 2.402832, 0.3476348, 18.95292, 80.28815
-11.33618, 2.418804, 0.3325296, 18.7845, 78.93494
-11.34811, 2.355024, 0.3615435, 18.68885, 84.10158
-11.33908, 2.352145, 0.3627009, 19.42346, 84.33289
-11.34367, 2.389187, 0.3500004, 18.70239, 81.36679
-11.34048, 2.389187, 0.3542852, 19.074, 81.39656
-11.344, 2.389187, 0.3429145, 18.47321, 81.31744
-11.34512, 2.389187, 0.3666459, 19.06716, 81.48232
-11.32699, 2.389187, 0.3224536, 19.21196, 81.17447
-11.32996, 2.386535, 0.3500004, 19.77004, 81.5732
-11.33655, 2.387098, 0.352458, 19.32708, 81.54636
-11.36501, 2.391174, 0.3616788, 17.37894, 81.29346
-11.33508, 2.398893, 0.3341136, 18.91598, 80.49913
-11.34334, 2.380442, 0.3870713, 19.78751, 82.30072
-11.33891, 2.379086, 0.3500004, 19.07288, 82.15283
-11.34963, 2.399863, 0.3481586, 18.18582, 80.52292
-11.33119, 2.392213, 0.3526402, 19.74914, 81.14972
-11.33096, 2.402635, 0.3734011, 20.3586, 80.48572
-11.34921, 2.376447, 0.3443906, 18.11043, 82.31985
-11.33488, 2.361764, 0.3500004, 19.38702, 83.50089
-11.34532, 2.397954, 0.3538928, 18.68617, 80.71193
-11.36141, 2.387039, 0.3466503, 17.22517, 81.51071
-11.34462, 2.38733, 0.363252, 19.00844, 81.60304
-11.33225, 2.385701, 0.3438014, 19.41439, 81.59515
-11.35012, 2.413635, 0.3500004, 18.20106, 79.46417
-11.34773, 2.363381, 0.3407693, 18.12088, 83.31314
-11.34876, 2.376067, 0.3597848, 18.58778, 82.4545
-11.33624, 2.421947, 0.3583055, 19.51826, 78.87778
-11.35701, 2.368857, 0.3630755, 18.04127, 83.03702
-11.31713, 2.389187, 0.3500004, 20.76851, 81.36679
-11.3662, 2.389187, 0.3512896, 16.98694, 81.37575
-11.35061, 2.389187, 0.3566952, 18.35491, 81.41331
-11.36098, 2.389187, 0.3525054, 17.42796, 81.3842
-11.36833, 2.389187, 0.3830972, 17.73738, 81.59602
-11.31721, 2.385411, 0.3500004, 20.76197, 81.66068
-11.33105, 2.380284, 0.3453878, 19.55317, 82.02795
-11.32422, 2.391536, 0.3562927, 20.39575, 81.22784
-11.36709, 2.389233, 0.3407293, 16.61181, 81.2986
-11.32449, 2.388767, 0.379598, 21.03571, 81.6044
-11.33826, 2.398594, 0.3500004, 19.12346, 80.63472
-11.36869, 2.38715, 0.3459143, 16.63754, 81.49698
-11.32238, 2.390996, 0.3346417, 19.92089, 81.11871
-11.35254, 2.37408, 0.3281187, 17.38049, 82.39308
-11.35885, 2.383203, 0.3393972, 17.21479, 81.75922
-11.36235, 2.380996, 0.3500004, 17.24936, 82.00424
-11.3247, 2.399078, 0.3407077, 19.91384, 80.53139
-11.35576, 2.406949, 0.346826, 17.67052, 79.96184
-11.36991, 2.408662, 0.3259424, 15.96179, 79.6786
-11.32536, 2.399354, 0.3423904, 19.9104, 80.52182
-11.37066, 2.358559, 0.3500004, 16.60197, 83.75029
-11.36087, 2.353277, 0.3582095, 17.6013, 84.21542
-11.35502, 2.381697, 0.3603628, 18.11749, 82.02087
-11.34017, 2.394111, 0.3757897, 19.71228, 81.16367
-11.32661, 2.41661, 0.3433374, 19.84041, 79.18442
-11.32389, 2.389187, 0.3500004, 20.24187, 81.36679
-11.31722, 2.389187, 0.3559067, 20.9286, 81.40782
-11.37839, 2.389187, 0.3695073, 16.56599, 81.50214
-11.36936, 2.389187, 0.3235744, 15.93593, 81.18233
-11.326, 2.389187, 0.37482, 20.78352, 81.53888
-11.33146, 2.393013, 0.3500004, 19.65295, 81.06905
-11.33237, 2.387933, 0.348078, 19.52678, 81.45099
-11.31544, 2.394257, 0.3563814, 21.08097, 81.01689
-11.34814, 2.397528, 0.3433725, 18.16383, 80.67093
-11.30721, 2.382065, 0.3120002, 20.4581, 81.65811
-11.3513, 2.382705, 0.3500004, 18.1092, 81.8712
-11.38154, 2.371486, 0.3581391, 15.99247, 82.79941
-11.32909, 2.381154, 0.3502021, 19.84305, 81.99326
-11.30767, 2.375562, 0.3765796, 22.25484, 82.60768
-11.38371, 2.391481, 0.3250312, 14.85775, 81.01341
-11.31469, 2.399333, 0.3500004, 20.95808, 80.57724
-11.33276, 2.408998, 0.3548028, 19.68895, 79.85938
-11.37537, 2.359928, 0.3605873, 16.54288, 83.71413
-11.35887, 2.361461, 0.3697697, 18.08869, 83.65607
-11.33548, 2.403874, 0.3126032, 18.26435, 79.95683
-11.34899, 2.418428, 0.3500004, 18.28857, 79.0912
-11.3694, 2.397953, 0.3527393, 16.77983, 80.70387
-11.32548, 2.38315, 0.3321991, 19.60929, 81.71358
-11.32365, 2.380873, 0.3591881, 20.52242, 82.07686
-11.35384, 2.410877, 0.3512366, 17.94714, 79.68774
-11.34554, 2.599187, 0.3500004, 18.5573, 65.02434
-11.34554, 2.599187, 0.3462498, 18.44952, 64.9903
-11.34554, 2.599187, 0.3448909, 18.41044, 64.97795
-11.34554, 2.599187, 0.3495836, 18.54531, 65.02055
-11.34554, 2.599187, 0.3454565, 18.4267, 64.98308
-11.34554, 2.602175, 0.3500004, 18.5573, 64.79179
-11.34554, 2.592555, 0.3598921, 18.84101, 65.62946
-11.34554, 2.591073, 0.3379438, 18.21048, 65.54718
-11.34554, 2.608352, 0.3555227, 18.71578, 64.36174
-11.34554, 2.606542, 0.3112096, 17.43752, 64.09528
-11.34554, 2.612502, 0.3500004, 18.5573, 63.98819
-11.34554, 2.589419, 0.3536071, 18.66084, 65.81686
-11.34554, 2.601859, 0.3580302, 18.78768, 64.88945
-11.34554, 2.582367, 0.3706927, 19.15001, 66.51712
-11.34554, 2.590295, 0.3243639, 17.81851, 65.48526
-11.34554, 2.581726, 0.3500004, 18.5573, 66.38318
-11.34554, 2.582569, 0.34298, 18.35546, 66.25502
-11.34554, 2.628472, 0.3388886, 18.23768, 62.64108
-11.34554, 2.619773, 0.370393, 19.14145, 63.61116
-11.34554, 2.583579, 0.343666, 18.37521, 66.18245
-11.34554, 2.595346, 0.3500004, 18.5573, 65.3233
-11.34554, 2.611783, 0.3543479, 18.68208, 64.08412
-11.34554, 2.601043, 0.3360001, 18.15443, 64.75233
-11.34554, 2.608478, 0.3331557, 18.07241, 64.14655
-11.34554, 2.63194, 0.317712, 17.62602, 62.17053
-11.35339, 2.599187, 0.3500004, 17.94653, 65.02434
-11.35353, 2.599187, 0.3450996, 17.79433, 64.97983
-11.35245, 2.599187, 0.3429799, 17.81712, 64.96059
-11.34272, 2.599187, 0.3282258, 18.14981, 64.82617
-11.33988, 2.599187, 0.3695117, 19.55551, 65.20099
-11.35449, 2.59983, 0.3500004, 17.86066, 64.9743
-11.34369, 2.590736, 0.3505735, 18.71801, 65.68718
-11.35201, 2.60604, 0.3323904, 17.54578, 64.32964
-11.35375, 2.599999, 0.3653938, 18.36064, 65.10072
-11.34816, 2.598717, 0.3229692, 17.57328, 64.8149
-11.3459, 2.609098, 0.3500004, 18.52914, 64.25308
-11.34937, 2.584119, 0.3593308, 18.52747, 66.28017
-11.34295, 2.587483, 0.3600801, 19.04736, 66.02538
-11.34184, 2.588684, 0.340625, 18.57603, 65.75752
-11.34841, 2.608034, 0.3847085, 19.32726, 64.65253
-11.34231, 2.612833, 0.3500004, 18.80868, 63.96242
-11.34592, 2.588125, 0.3572735, 18.73668, 65.95036
-11.35021, 2.585947, 0.3314031, 17.65732, 65.88805
-11.33619, 2.570296, 0.3530539, 19.37223, 67.29953
-11.34361, 2.624138, 0.3655114, 19.15187, 63.22702
-11.35537, 2.575281, 0.3500004, 17.79197, 66.88478
-11.34541, 2.599365, 0.3461648, 18.45715, 64.97571
-11.33799, 2.629239, 0.3618052, 19.48214, 62.79623
-11.33684, 2.601466, 0.374188, 19.92461, 65.06638
-11.33724, 2.592278, 0.3264798, 18.52768, 65.34955
-11.36268, 2.599187, 0.3500004, 17.22313, 65.02434
-11.34254, 2.599187, 0.355843, 18.95831, 65.07733
-11.33774, 2.599187, 0.3372858, 18.79905, 64.90877
-11.34476, 2.599187, 0.3710606, 19.2211, 65.21498
-11.35906, 2.599187, 0.3388668, 17.18319, 64.92314
-11.36308, 2.599567, 0.3500004, 17.19196, 64.99483
-11.35632, 2.602934, 0.3508602, 17.74276, 64.74062
-11.35617, 2.602412, 0.3434222, 17.54025, 64.71344
-11.34759, 2.593036, 0.3792268, 19.23437, 65.76547
-11.33208, 2.602428, 0.3744855, 20.3026, 64.99445
-11.32981, 2.593472, 0.3500004, 19.78114, 65.46916
-11.35326, 2.606173, 0.3436522, 17.7731, 64.42258
-11.36048, 2.594428, 0.339691, 17.09667, 65.30156
-11.3588, 2.605187, 0.3391591, 17.21229, 64.45822
-11.35573, 2.588158, 0.3447744, 17.61363, 65.83577
-11.3482, 2.613755, 0.3500004, 18.35037, 63.89069
-11.32638, 2.574034, 0.3587405, 20.29711, 67.05878
-11.36323, 2.5725, 0.3464168, 17.07705, 67.06956
-11.3307, 2.609076, 0.3590191, 19.96983, 64.33748
-11.34832, 2.600469, 0.3131318, 17.27612, 64.58786
-11.33815, 2.610419, 0.3500004, 19.13202, 64.15028
-11.36261, 2.593666, 0.3477729, 17.16452, 65.43394
-11.36277, 2.594599, 0.3633232, 17.60097, 65.50146
-11.34596, 2.572611, 0.3239375, 17.77299, 66.8622
-11.34862, 2.623524, 0.3611398, 18.63706, 63.23409
-11.36594, 2.599187, 0.3500004, 16.96966, 65.02434
-11.37052, 2.599187, 0.3465375, 16.51288, 64.99289
-11.33891, 2.599187, 0.3417544, 18.83665, 64.94943
-11.37521, 2.599187, 0.3409422, 15.98511, 64.94205
-11.36143, 2.599187, 0.3502601, 17.32829, 65.0267
-11.32652, 2.596431, 0.3500004, 20.03703, 65.23886
-11.35385, 2.606751, 0.3414642, 17.6642, 64.3575
-11.32184, 2.604846, 0.3452995, 20.26772, 64.54097
-11.32537, 2.603946, 0.3585692, 20.37061, 64.7321
-11.35544, 2.607358, 0.3102334, 16.6345, 64.02235
-11.35694, 2.586067, 0.3500004, 17.66985, 66.04539
-11.3275, 2.60373, 0.3591404, 20.22198, 64.7541
-11.34156, 2.599527, 0.3546515, 19.00045, 65.04013
-11.33796, 2.598818, 0.3555641, 19.30617, 65.1035
-11.3285, 2.613869, 0.3785282, 20.69494, 64.14398
-11.33879, 2.615669, 0.3500004, 19.08257, 63.74174
-11.34766, 2.596253, 0.3427343, 18.18289, 65.18689
-11.34099, 2.586594, 0.366732, 19.39043, 66.15376
-11.33132, 2.602646, 0.3282005, 19.03941, 64.556
-11.33478, 2.605438, 0.3662516, 19.85888, 64.68611
-11.35006, 2.575439, 0.3500004, 18.2058, 66.87247
-11.34296, 2.62271, 0.3477542, 18.69325, 63.17282
-11.31958, 2.572587, 0.3505871, 20.59407, 67.09958
-11.33881, 2.62855, 0.3696953, 19.64388, 62.92343
-11.3522, 2.559253, 0.3581749, 18.27421, 68.20293
-11.34161, 2.599187, 0.3500004, 18.86312, 65.02434
-11.37719, 2.599187, 0.3573895, 16.30866, 65.09135
-11.36973, 2.599187, 0.3343776, 16.22137, 64.88228
-11.36474, 2.599187, 0.329445, 16.46733, 64.8373
-11.3708, 2.599187, 0.3308027, 16.03415, 64.84969
-11.35783, 2.598426, 0.3500004, 17.60056, 65.08359
-11.38238, 2.597728, 0.3481568, 15.63629, 65.12117
-11.38062, 2.607706, 0.3484724, 15.78296, 64.3474
-11.38191, 2.603973, 0.349072, 15.70016, 64.64343
-11.38148, 2.608269, 0.3616632, 16.09918, 64.42432
-11.37681, 2.585886, 0.3500004, 16.12414, 66.05949
-11.33994, 2.58351, 0.3500809, 18.99533, 66.24512
-11.30972, 2.612869, 0.3367206, 20.96775, 63.83704
-11.33011, 2.584417, 0.372389, 20.3955, 66.37305
-11.37799, 2.591083, 0.3314186, 15.49065, 65.4875
-11.37627, 2.591442, 0.3500004, 16.1657, 65.62711
-11.32665, 2.624497, 0.3490386, 19.99955, 63.04575
-11.35647, 2.584742, 0.3351884, 17.27896, 66.01601
-11.37741, 2.600503, 0.3762765, 16.83742, 65.15997
-11.31612, 2.596035, 0.361648, 21.17691, 65.37482
-11.34752, 2.616253, 0.3500004, 18.40286, 63.69629
-11.37177, 2.601567, 0.3473821, 16.4402, 64.81531
-11.38334, 2.63849, 0.3476318, 15.54683, 61.94336
-11.35179, 2.619218, 0.3424276, 17.85253, 63.39523
-11.35661, 2.595206, 0.3353313, 17.27185, 65.20134
-11.34554, 2.809187, 0.3500004, 18.5573, 48.68193
-11.34554, 2.809187, 0.3597813, 18.83785, 48.79131
-11.34554, 2.809187, 0.3367956, 18.17738, 48.53384
-11.34554, 2.809187, 0.3680191, 19.0736, 48.88319
-11.34554, 2.809187, 0.3856277, 19.57585, 49.07896
-11.34554, 2.813354, 0.3500004, 18.5573, 48.35771
-11.34554, 2.80198, 0.3550947, 18.7035, 49.29944
-11.34554, 2.802984, 0.3671188, 19.04787, 49.35486
-11.34554, 2.813004, 0.378452, 19.37146, 48.70332
-11.34554, 2.808717, 0.3122034, 17.46634, 48.29347
-11.34554, 2.821393, 0.3500004, 18.5573, 47.73204
-11.34554, 2.81541, 0.350739, 18.57851, 48.20599
-11.34554, 2.799158, 0.3328772, 18.0644, 49.27202
-11.34554, 2.826409, 0.3521459, 18.61888, 47.36609
-11.34554, 2.813798, 0.3337816, 18.09048, 48.1404
-11.34554, 2.823486, 0.3500004, 18.5573, 47.56923
-11.34554, 2.832623, 0.3560255, 18.73019, 46.92696
-11.34554, 2.802107, 0.3477771, 18.49341, 49.20822
-11.34554, 2.80765, 0.363622, 18.94784, 48.95355
-11.34554, 2.820253, 0.3264293, 17.87822, 47.55347
-11.34554, 2.804186, 0.3500004, 18.5573, 49.07115
-11.34554, 2.797657, 0.3526273, 18.6327, 49.60832
-11.34554, 2.777912, 0.3427854, 18.34987, 51.03728
-11.34554, 2.84829, 0.3635406, 18.94549, 45.79558
-11.34554, 2.779596, 0.3766179, 19.31914, 51.27379
-11.34684, 2.809187, 0.3500004, 18.45594, 48.68193
-11.34538, 2.809187, 0.3405304, 18.29752, 48.57578
-11.3459, 2.809187, 0.3595271, 18.80228, 48.78847
-11.34279, 2.809187, 0.3736054, 19.44663, 48.9454
-11.33878, 2.809187, 0.3357418, 18.67395, 48.522
-11.34316, 2.799701, 0.3500004, 18.74236, 49.42014
-11.34591, 2.816627, 0.3468755, 18.43835, 48.06772
-11.33844, 2.81664, 0.3581153, 19.34227, 48.19334
-11.34412, 2.80391, 0.3286962, 18.0545, 48.85455
-11.35498, 2.807055, 0.3296084, 17.23329, 48.6194
-11.35256, 2.795251, 0.3500004, 18.01124, 49.76646
-11.35237, 2.822851, 0.3440987, 17.85592, 47.55164
-11.34244, 2.809907, 0.3401356, 18.51514, 48.51527
-11.33678, 2.810857, 0.3589763, 19.49594, 48.65251
-11.33928, 2.798358, 0.321167, 18.2153, 49.20378
-11.33776, 2.779808, 0.3500004, 19.16294, 50.96826
-11.34452, 2.838924, 0.3426359, 18.42467, 46.28304
-11.33692, 2.791088, 0.3536097, 19.33166, 50.13016
-11.35551, 2.803512, 0.3396292, 17.48191, 49.00795
-11.34985, 2.791593, 0.3123377, 17.13308, 49.63411
-11.35237, 2.773381, 0.3500004, 18.02573, 51.46843
-11.35417, 2.828336, 0.3594536, 18.15803, 47.29927
-11.33849, 2.778184, 0.3553931, 19.26051, 51.15327
-11.34901, 2.798764, 0.3597584, 18.56745, 49.60118
-11.34793, 2.802424, 0.3459345, 18.25444, 49.16298
-11.33955, 2.809187, 0.3500004, 19.02307, 48.68193
-11.34617, 2.809187, 0.3589993, 18.76628, 48.78256
-11.35966, 2.809187, 0.3610592, 17.77705, 48.80556
-11.36079, 2.809187, 0.3530152, 17.45715, 48.71567
-11.3616, 2.809187, 0.3449149, 17.16033, 48.62497
-11.33683, 2.804978, 0.3500004, 19.23497, 49.00951
-11.35239, 2.799228, 0.3419977, 17.79366, 49.36807
-11.34589, 2.801723, 0.3620949, 18.87719, 49.39705
-11.32831, 2.81459, 0.3731139, 20.55609, 48.52074
-11.36155, 2.807175, 0.3110686, 16.18112, 48.40125
-11.34758, 2.825433, 0.3500004, 18.39847, 47.41765
-11.32581, 2.821317, 0.3447302, 19.94206, 47.67825
-11.35353, 2.805334, 0.3389806, 17.61774, 48.85866
-11.34461, 2.792757, 0.3458196, 18.50985, 49.9144
-11.35349, 2.824489, 0.3402608, 17.65746, 47.38048
-11.34649, 2.782048, 0.3500004, 18.48331, 50.79395
-11.36066, 2.832905, 0.3550305, 17.52561, 46.89368
-11.33429, 2.787699, 0.3323318, 18.92598, 50.15977
-11.35588, 2.835197, 0.3740116, 18.44278, 46.93208
-11.3642, 2.794483, 0.3760444, 17.85572, 50.11301
-11.33, 2.839186, 0.3500004, 19.76654, 46.34738
-11.33088, 2.794257, 0.3577811, 19.92029, 49.92969
-11.33511, 2.770912, 0.3598116, 19.64913, 51.76645
-11.33446, 2.847219, 0.3475068, 19.34808, 45.69342
-11.33376, 2.811373, 0.354281, 19.59608, 48.55978
-11.33287, 2.809187, 0.3500004, 19.54288, 48.68193
-11.3304, 2.809187, 0.3480876, 19.68093, 48.66052
-11.33295, 2.809187, 0.3379294, 19.191, 48.54659
-11.36396, 2.809187, 0.3679271, 17.64074, 48.88217
-11.35997, 2.809187, 0.3838286, 18.40639, 49.05899
-11.36024, 2.817035, 0.3500004, 17.41359, 48.0712
-11.33401, 2.805104, 0.3497143, 19.44599, 48.99654
-11.36968, 2.805977, 0.3456181, 16.55132, 48.88284
-11.32687, 2.817028, 0.3528865, 20.09264, 48.10429
-11.35737, 2.815104, 0.3484017, 17.59046, 48.20348
-11.34424, 2.793847, 0.3500004, 18.65828, 49.87573
-11.35172, 2.802834, 0.3424537, 17.85921, 49.09229
-11.31822, 2.814004, 0.3368957, 20.30994, 48.15945
-11.32378, 2.79675, 0.3780917, 21.04863, 49.95967
-11.32042, 2.810874, 0.3151175, 19.51481, 48.15779
-11.35282, 2.812144, 0.3500004, 17.9907, 48.45181
-11.31795, 2.81663, 0.3491053, 20.6788, 48.09267
-11.32451, 2.814425, 0.337571, 19.83885, 48.13431
-11.31971, 2.825743, 0.3677478, 21.07119, 47.59471
-11.36187, 2.78125, 0.385039, 18.29372, 51.23668
-11.32085, 2.803276, 0.3500004, 20.47865, 49.14194
-11.32213, 2.813022, 0.3513468, 20.4172, 48.39867
-11.3618, 2.800708, 0.3615824, 17.62549, 49.47028
-11.34432, 2.841452, 0.3358761, 18.2458, 46.00801
-11.36622, 2.779577, 0.3641046, 17.35535, 51.13966
-11.33829, 2.809187, 0.3500004, 19.1215, 48.68193
-11.30562, 2.809187, 0.3578632, 21.88588, 48.76988
-11.31052, 2.809187, 0.3529554, 21.36603, 48.71501
-11.34087, 2.809187, 0.3793477, 19.75868, 49.00925
-11.31722, 2.809187, 0.3895525, 21.8798, 49.12248
-11.38217, 2.804427, 0.3500004, 15.70639, 49.05234
-11.31421, 2.801201, 0.3435377, 20.81147, 49.23154
-11.35792, 2.809894, 0.3432231, 17.39782, 48.55093
-11.30814, 2.809802, 0.3767632, 22.22332, 48.93286
-11.37257, 2.81393, 0.3694369, 17.01566, 48.53082
-11.34196, 2.800345, 0.3500004, 18.83552, 49.37001
-11.38417, 2.793109, 0.3498293, 15.54585, 49.93129
-11.35537, 2.811165, 0.3593892, 18.06228, 48.63324
-11.38051, 2.808221, 0.3772748, 16.62621, 49.06113
-11.33408, 2.825748, 0.354894, 19.5892, 47.44875
-11.36268, 2.815939, 0.3500004, 17.223, 48.15645
-11.30566, 2.784539, 0.3589905, 21.91534, 50.69839
-11.38208, 2.797284, 0.3575345, 15.93282, 49.69159
-11.32774, 2.78097, 0.3414586, 19.69803, 50.78453
-11.35689, 2.797253, 0.3423735, 17.45361, 49.52612
-11.30605, 2.789249, 0.3500004, 21.63012, 50.23355
-11.33166, 2.805954, 0.3422216, 19.41454, 48.84663
-11.31491, 2.773122, 0.3302045, 20.37661, 51.27357
-11.31623, 2.785764, 0.3426567, 20.62883, 50.42416
-11.31715, 2.82325, 0.3760929, 21.50621, 47.8824
