-1.588971, 0.02, 0.3500004, 22.9595, 265.7393
-1.588971, 0.02, 0.3548358, 23.09552, 265.6574
-1.588971, 0.02, 0.3614099, 23.28022, 265.5461
-1.588971, 0.02, 0.3751816, 23.66604, 265.3137
-1.588971, 0.02, 0.3891628, 24.05635, 265.0786
-1.588971, 0.02493319, 0.3500004, 22.9595, 265.3554
-1.588971, 0.01401194, 0.353473, 23.05721, 266.1462
-1.588971, 0.02935525, 0.3429605, 22.76114, 265.1301
-1.588971, 0.01829612, 0.3466679, 22.86564, 265.9285
-1.588971, 0.01154474, 0.3890299, 24.05266, 265.7355
-1.588971, 0.007231761, 0.3500004, 22.9595, 266.7329
-1.588971, 0.009421501, 0.3508083, 22.98224, 266.5487
-1.588971, 0.01707647, 0.3348372, 22.53177, 266.2249
-1.588971, 0.03252343, 0.3792028, 23.77845, 264.2751
-1.588971, 0.02931553, 0.3151321, 21.97347, 265.605
-1.588971, 0.005760674, 0.3500004, 22.9595, 266.8474
-1.588971, 0.02297767, 0.3410799, 22.70807, 265.6588
-1.588971, 0.004991772, 0.3508061, 22.98215, 266.8935
-1.588971, -0.006920112, 0.3390804, 22.65165, 268.0227
-1.588971, 0.03332898, 0.357902, 23.1817, 264.5692
-1.588971, 0.01404107, 0.3500004, 22.9595, 266.203
-1.588971, 0.02524384, 0.358165, 23.18908, 265.1934
-1.588971, 0.01095232, 0.3680264, 23.46574, 266.1368
-1.588971, 0.007974702, 0.3213476, 22.1499, 267.1663
-1.588971, 0.04121328, 0.3381385, 22.62506, 264.2874
-1.579439, 0.02, 0.3500004, 23.70126, 265.7393
-1.585889, 0.02, 0.3528673, 23.27993, 265.6907
-1.584511, 0.02, 0.3553872, 23.45783, 265.648
-1.587533, 0.02, 0.3275271, 22.43724, 266.1215
-1.580658, 0.02, 0.3105378, 22.49313, 266.4119
-1.595519, 0.02853194, 0.3500004, 22.4499, 265.0753
-1.585408, 0.02791146, 0.353735, 23.34174, 265.0606
-1.590964, 0.01017019, 0.3596461, 23.07579, 266.34
-1.59151, 0.0280394, 0.3612924, 23.07957, 264.9234
-1.590453, 0.01506158, 0.3849774, 23.82485, 265.5315
-1.58304, 0.01169373, 0.3500004, 23.42102, 266.3857
-1.582852, 0.03257091, 0.3419774, 23.21009, 264.8962
-1.596126, 0.01690481, 0.3455307, 22.2765, 266.0562
-1.5986, 0.03020888, 0.3655756, 22.64925, 264.6829
-1.590626, 0.01220527, 0.3471399, 22.75008, 266.3947
-1.585233, 0.01199496, 0.3500004, 23.25035, 266.3623
-1.583476, 0.03762875, 0.3552873, 23.53553, 264.2788
-1.58514, -0.003936375, 0.362803, 23.61691, 267.3822
-1.596978, -0.004492061, 0.3535874, 22.43757, 267.5836
-1.586319, -0.004709499, 0.3206424, 22.33706, 268.1693
-1.591516, -0.01227026, 0.3500004, 22.76147, 268.2506
-1.592671, 0.0538804, 0.3557613, 22.83381, 263.007
-1.584651, 0.05352887, 0.335946, 22.89991, 263.364
-1.588894, 0.01709399, 0.330458, 22.41397, 266.2982
-1.5868, 0.02491071, 0.351808, 23.17926, 265.3266
-1.587229, 0.02, 0.3500004, 23.09502, 265.7393
-1.588449, 0.02, 0.3431079, 22.80589, 265.8563
-1.580879, 0.02, 0.3663872, 24.04821, 265.462
-1.591115, 0.02, 0.3567571, 22.98283, 265.6248
-1.599244, 0.02, 0.356277, 22.33724, 265.633
-1.60338, 0.02623707, 0.3500004, 21.83819, 265.2539
-1.593187, 0.01398757, 0.3564641, 22.81351, 266.0973
-1.600508, 0.0275994, 0.3529539, 22.14513, 265.0981
-1.599087, 0.02274711, 0.3587509, 22.41919, 265.3776
-1.597259, 0.02604594, 0.3554569, 22.46844, 265.1767
-1.576404, 0.01229083, 0.3500004, 23.93746, 266.3392
-1.572122, 0.0294608, 0.3568234, 24.46148, 264.8881
-1.600814, 0.01607562, 0.3689182, 22.57135, 265.7239
-1.571017, 0.03971944, 0.3546754, 24.48737, 264.1264
-1.595912, 0.003651459, 0.3289073, 21.82245, 267.3737
-1.599511, 0.009203915, 0.3500004, 22.1393, 266.5795
-1.583622, 0.04385722, 0.3430838, 23.18122, 263.9984
-1.570471, 0.03997151, 0.3355978, 23.9957, 264.4269
-1.608631, 0.01561754, 0.3740509, 22.10923, 265.6727
-1.597219, 0.02242691, 0.3864189, 23.34098, 264.9367
-1.60081, 0.01377715, 0.3500004, 22.03819, 266.2236
-1.605056, 0.03455221, 0.3466827, 21.61374, 264.6626
-1.599911, 0.002542373, 0.3513888, 22.14737, 267.0741
-1.58895, -0.01091207, 0.362845, 23.32207, 267.9235
-1.599375, 0.0583777, 0.3586954, 22.39527, 262.6088
-1.60724, 0.02, 0.3500004, 21.5378, 265.7393
-1.607533, 0.02, 0.359701, 21.78958, 265.575
-1.599883, 0.02, 0.3562875, 22.28781, 265.6328
-1.588944, 0.02, 0.3536917, 23.06541, 265.6768
-1.586503, 0.02, 0.3441627, 22.98722, 265.8384
-1.576132, 0.02568682, 0.3500004, 23.95866, 265.2968
-1.579533, 0.02917401, 0.350437, 23.70621, 265.018
-1.614438, 0.02764815, 0.3394457, 20.67739, 265.3225
-1.610116, 0.02519441, 0.3611364, 21.62941, 265.1471
-1.618267, 0.02067231, 0.3297727, 20.10271, 266.0308
-1.568332, 0.03616776, 0.3500004, 24.56564, 264.4811
-1.588676, 0.03581024, 0.3561918, 23.15659, 264.405
-1.614626, 0.02335586, 0.3687674, 21.49485, 265.1613
-1.58505, 0.03230805, 0.3579998, 23.48926, 264.647
-1.606752, 0.005432359, 0.3411928, 21.32597, 267.0238
-1.61114, 0.04600338, 0.3500004, 21.23424, 263.7157
-1.58116, 0.0267234, 0.3434474, 23.3832, 265.3268
-1.6033, 0.01366218, 0.3372726, 21.48363, 266.4495
-1.612153, 0.02783862, 0.3422692, 20.93579, 265.2599
-1.56319, 0.04886541, 0.3586418, 25.20651, 263.3491
-1.599137, 0.02589764, 0.3500004, 22.16835, 265.2803
-1.572895, -0.01807566, 0.3578351, 24.42962, 268.5667
-1.569171, 0.04801688, 0.3530482, 24.5855, 263.5082
-1.580006, 0.03402521, 0.3413266, 23.4135, 264.7939
-1.586804, 0.008959419, 0.3766621, 23.87554, 266.145
-1.555845, 0.02, 0.3500004, 25.53735, 265.7393
-1.550355, 0.02, 0.3550531, 26.10479, 265.6537
-1.606318, 0.02, 0.3628664, 21.97336, 265.5215
-1.569468, 0.02, 0.3347474, 24.05003, 265.9985
-1.59354, 0.02, 0.3795456, 23.43381, 265.2402
-1.603284, 0.02182374, 0.3500004, 21.84564, 265.5974
-1.594652, 0.01697012, 0.3479953, 22.46085, 266.0092
-1.626896, 0.02114291, 0.3416911, 19.77076, 265.7913
-1.612944, 0.01845357, 0.3574212, 21.30436, 265.7338
-1.613261, 0.01622619, 0.3269006, 20.41127, 266.4268
-1.570217, 0.03617887, 0.3500004, 24.41897, 264.4802
-1.562069, 0.02581491, 0.3468546, 24.96529, 265.34
-1.614074, 0.03647465, 0.3300754, 20.4385, 264.7927
-1.576541, 0.004748184, 0.3319183, 23.41883, 267.2364
-1.619811, 0.01550326, 0.3540912, 20.67584, 266.0197
-1.57129, 0.0253231, 0.3500004, 24.33545, 265.325
-1.579028, 0.0008924324, 0.3524984, 23.8033, 267.1834
-1.603875, -0.006837444, 0.3517694, 21.84969, 267.7974
-1.578145, 0.03616988, 0.3698562, 24.35732, 264.1483
-1.593802, 0.01953913, 0.3639062, 22.975, 265.5397
-1.603116, 0.01950942, 0.3500004, 21.85872, 265.7775
-1.589366, -0.004256012, 0.353672, 23.03205, 267.5638
-1.624712, 0.01384498, 0.3376398, 19.82512, 266.429
-1.592426, 0.01278618, 0.3509315, 22.71689, 266.2848
-1.551101, 0.007667456, 0.3702541, 26.46752, 266.354
-1.588971, 0.185, 0.3500004, 22.9595, 252.8988
-1.588971, 0.185, 0.3576542, 23.17473, 252.7819
-1.588971, 0.185, 0.3412921, 22.71406, 253.0322
-1.588971, 0.185, 0.320216, 22.1178, 253.356
-1.588971, 0.185, 0.387163, 24.00062, 252.3333
-1.588971, 0.1796508, 0.3500004, 22.9595, 253.3151
-1.588971, 0.190885, 0.348448, 22.91578, 252.4645
-1.588971, 0.193703, 0.3687711, 23.48661, 251.9369
-1.588971, 0.1915081, 0.3610244, 23.26937, 252.2248
-1.588971, 0.1822861, 0.3150879, 21.9722, 253.6473
-1.588971, 0.1871512, 0.3500004, 22.9595, 252.7314
-1.588971, 0.2005096, 0.3577445, 23.17728, 251.5748
-1.588971, 0.167759, 0.3682329, 23.47152, 253.9592
-1.588971, 0.1918549, 0.3516899, 23.00705, 252.3397
-1.588971, 0.1797758, 0.3769772, 23.71626, 252.8929
-1.588971, 0.178375, 0.3500004, 22.9595, 253.4144
-1.588971, 0.1558633, 0.3566615, 23.14684, 255.0626
-1.588971, 0.1663275, 0.3338073, 22.50267, 254.6031
-1.588971, 0.1796841, 0.3735423, 23.62018, 252.9524
-1.588971, 0.1779393, 0.3785015, 23.75885, 253.0121
-1.588971, 0.218116, 0.3500004, 22.9595, 250.3217
-1.588971, 0.2001446, 0.3557967, 23.12254, 251.6326
-1.588971, 0.2121881, 0.3415026, 22.72001, 250.9108
-1.588971, 0.1965064, 0.3532909, 23.05208, 251.9535
-1.588971, 0.1732713, 0.3163079, 22.00686, 254.3331
-1.596624, 0.185, 0.3500004, 22.36391, 252.8988
-1.579271, 0.185, 0.3587017, 23.95819, 252.7659
-1.589592, 0.185, 0.3589652, 23.16334, 252.7619
-1.580526, 0.185, 0.3740109, 24.28841, 252.5328
-1.579534, 0.185, 0.3468414, 23.60521, 252.9472
-1.594572, 0.1770149, 0.3500004, 22.52366, 253.5202
-1.587157, 0.1875486, 0.3421324, 22.87909, 252.8207
-1.580753, 0.1830763, 0.3367194, 23.22564, 253.2522
-1.591518, 0.1753148, 0.3763135, 23.50021, 253.249
-1.594168, 0.1784469, 0.3542089, 22.67365, 253.3442
-1.580088, 0.1710889, 0.3500004, 23.65073, 253.9814
-1.591485, 0.1716954, 0.3470711, 22.68127, 253.9794
-1.598842, 0.1692972, 0.3525537, 22.26344, 254.0814
-1.584351, 0.1657631, 0.3555872, 23.47587, 254.3094
-1.598902, 0.170128, 0.3714589, 22.79115, 253.7258
-1.598485, 0.2105587, 0.3500004, 22.2191, 250.9098
-1.598965, 0.1908188, 0.3591379, 22.4396, 252.307
-1.583149, 0.1675078, 0.368183, 23.92217, 253.9795
-1.580245, 0.1973089, 0.3453299, 23.50738, 252.0118
-1.586092, 0.1789175, 0.379721, 24.01614, 252.9176
-1.583324, 0.214284, 0.3500004, 23.39892, 250.6199
-1.594048, 0.1709996, 0.3497655, 22.55776, 253.992
-1.597212, 0.1960999, 0.3390803, 22.00943, 252.201
-1.583216, 0.1935592, 0.3474023, 23.3343, 252.2723
-1.591543, 0.2078077, 0.3628299, 23.12021, 250.931
-1.59128, 0.185, 0.3500004, 22.77982, 252.8988
-1.573367, 0.185, 0.3431814, 23.98278, 253.0032
-1.603163, 0.185, 0.3348272, 21.42493, 253.1313
-1.601238, 0.185, 0.3316299, 21.48417, 253.1804
-1.602687, 0.185, 0.3299576, 21.32366, 253.2061
-1.588076, 0.1946706, 0.3500004, 23.02916, 252.1463
-1.580326, 0.1824566, 0.3446417, 23.4818, 253.1789
-1.581661, 0.1920422, 0.3518597, 23.58051, 252.3225
-1.586443, 0.1934897, 0.3341596, 22.70974, 252.4795
-1.579001, 0.190682, 0.3863034, 24.74886, 251.9062
-1.583728, 0.1819085, 0.3500004, 23.36749, 253.1394
-1.581353, 0.1900136, 0.3556961, 23.7121, 252.4219
-1.591121, 0.2030524, 0.3506195, 22.8096, 251.4846
-1.573355, 0.1863967, 0.3772259, 24.93414, 252.3757
-1.573454, 0.1730638, 0.3212127, 23.35809, 254.2731
-1.583804, 0.1876138, 0.3500004, 23.36161, 252.6954
-1.575478, 0.2009183, 0.3535721, 24.10954, 251.606
-1.56954, 0.1768232, 0.3674922, 24.95952, 253.2668
-1.590808, 0.205894, 0.3487391, 22.78098, 251.2919
-1.582989, 0.2034919, 0.3160963, 22.46841, 251.9742
-1.580559, 0.1639025, 0.3500004, 23.61415, 254.5407
-1.604066, 0.1526437, 0.3580918, 22.01351, 255.2906
-1.597926, 0.2025774, 0.3619809, 22.60044, 251.3502
-1.583589, 0.198213, 0.3299675, 22.814, 252.175
-1.603183, 0.2073398, 0.344366, 21.69392, 251.2453
-1.561126, 0.185, 0.3500004, 25.12643, 252.8988
-1.602486, 0.185, 0.3595926, 22.17875, 252.7523
-1.572839, 0.185, 0.3669319, 24.68773, 252.6405
-1.571314, 0.185, 0.369214, 24.86969, 252.6058
-1.589411, 0.185, 0.349917, 22.92287, 252.9001
-1.591621, 0.1784782, 0.3500004, 22.75324, 253.4064
-1.576611, 0.184538, 0.3469642, 23.83623, 252.9812
-1.609099, 0.1825584, 0.3675849, 21.89053, 252.8201
-1.566686, 0.1859406, 0.3699433, 25.24921, 252.5217
-1.594514, 0.1772458, 0.3774387, 23.2993, 253.0821
-1.578162, 0.2001483, 0.3500004, 23.80065, 251.72
-1.56146, 0.1837798, 0.345875, 24.98534, 253.057
-1.559288, 0.191032, 0.3416586, 25.03685, 252.5566
-1.600291, 0.1855214, 0.3516522, 22.12523, 252.833
-1.608303, 0.1675078, 0.3674138, 21.94751, 253.9913
-1.584837, 0.1667145, 0.3500004, 23.28117, 254.3218
-1.584425, 0.2038382, 0.3475712, 23.24497, 251.4695
-1.583499, 0.2023047, 0.3369199, 23.01716, 251.7503
-1.582503, 0.1788483, 0.3644351, 23.86747, 253.1564
-1.590859, 0.2066543, 0.315248, 21.8292, 251.7399
-1.570428, 0.1487642, 0.3500004, 24.40254, 255.7187
-1.589178, 0.1611125, 0.3439772, 22.77364, 254.8514
-1.609499, 0.2044968, 0.3694376, 21.91177, 251.0889
-1.579618, 0.1542922, 0.3689964, 24.21903, 254.9929
-1.593973, 0.1820202, 0.3489754, 22.54127, 253.1464
-1.611898, 0.185, 0.3500004, 21.17526, 252.8988
-1.581027, 0.185, 0.3532779, 23.66963, 252.8487
-1.551245, 0.185, 0.3690403, 26.42281, 252.6084
-1.615672, 0.185, 0.3727434, 21.52608, 252.5521
-1.586776, 0.185, 0.3163831, 22.18058, 253.4152
-1.596331, 0.184011, 0.3500004, 22.38676, 252.9758
-1.561061, 0.1924844, 0.3519866, 25.18682, 252.2862
-1.615672, 0.1889866, 0.3310911, 20.34286, 252.8777
-1.605099, 0.1905162, 0.3540884, 21.82002, 252.4073
-1.613158, 0.1947486, 0.3898359, 22.20253, 251.5381
-1.57977, 0.1812057, 0.3500004, 23.67548, 253.1941
-1.555256, 0.1811785, 0.3585401, 25.82045, 253.0655
-1.602193, 0.1883057, 0.3469717, 21.84485, 252.6878
-1.613559, 0.1653506, 0.3208951, 20.2163, 254.8805
-1.603415, 0.1699692, 0.3420807, 21.61112, 254.191
-1.570283, 0.201047, 0.3500004, 24.41378, 251.65
-1.562149, 0.1775235, 0.3519261, 25.1005, 253.4511
-1.604147, 0.1826771, 0.343258, 21.58749, 253.183
-1.611728, 0.189074, 0.3639831, 21.58466, 252.3689
-1.602003, 0.1950413, 0.3731079, 22.5969, 251.7674
-1.592698, 0.1538921, 0.3500004, 22.66946, 255.3197
-1.576137, 0.1545627, 0.3584237, 24.19405, 255.1363
-1.554722, 0.2098509, 0.3680905, 26.1266, 250.6935
-1.579107, 0.1899105, 0.3356766, 23.32456, 252.7354
-1.576756, 0.2223567, 0.3284534, 23.30449, 250.314
-1.512105, 1.204594, 0.3500004, 28.94125, 173.553
-1.512105, 1.204594, 0.3579729, 29.15926, 173.5132
-1.512105, 1.204594, 0.3597787, 29.20858, 173.5042
-1.512105, 1.204594, 0.3238233, 28.22222, 173.6844
-1.512105, 1.204594, 0.3735434, 29.58375, 173.4357
-1.512105, 1.205902, 0.3500004, 28.94125, 173.4512
-1.512105, 1.196166, 0.342623, 28.73909, 174.2464
-1.512105, 1.206979, 0.3302434, 28.39901, 173.466
-1.512105, 1.201176, 0.3207579, 28.13769, 173.9668
-1.512105, 1.205095, 0.313765, 27.94463, 173.6959
-1.512105, 1.210409, 0.3500004, 28.94125, 173.1004
-1.512105, 1.202497, 0.3484859, 28.89979, 173.7238
-1.512105, 1.211803, 0.3455443, 28.81918, 173.0139
-1.512105, 1.217239, 0.3583625, 29.16992, 172.5282
-1.512105, 1.18924, 0.3768122, 29.67267, 174.6101
-1.512105, 1.175233, 0.3500004, 28.94125, 175.8379
-1.512105, 1.186285, 0.3533761, 29.03362, 174.9604
-1.512105, 1.177328, 0.3447106, 28.79634, 175.7028
-1.512105, 1.228755, 0.3449986, 28.80425, 171.6966
-1.512105, 1.205071, 0.3544949, 29.06422, 173.4934
-1.512105, 1.242671, 0.3500004, 28.94125, 170.5898
-1.512105, 1.176045, 0.3463211, 28.84047, 175.7942
-1.512105, 1.185597, 0.3572589, 29.13975, 174.9937
-1.512105, 1.222839, 0.3499787, 28.94066, 172.1332
-1.512105, 1.181448, 0.3292009, 28.37033, 175.4634
-1.508331, 1.204594, 0.3500004, 29.23496, 173.553
-1.514804, 1.204594, 0.3438552, 28.56272, 173.5838
-1.509731, 1.204594, 0.3355082, 28.72893, 173.6256
-1.521831, 1.204594, 0.3373865, 27.83728, 173.6162
-1.521605, 1.204594, 0.3709442, 28.77573, 173.4486
-1.502514, 1.210446, 0.3500004, 29.68766, 173.0976
-1.521483, 1.198215, 0.3570536, 28.40504, 174.0138
-1.504477, 1.201247, 0.3310191, 29.01546, 173.9093
-1.51103, 1.201075, 0.3776388, 29.77848, 173.6881
-1.516111, 1.204165, 0.3799312, 29.44692, 173.4372
-1.511751, 1.205502, 0.3500004, 28.96883, 173.4824
-1.513912, 1.197487, 0.355619, 28.95447, 174.0776
-1.506796, 1.215008, 0.3685028, 29.85872, 172.6522
-1.503626, 1.207071, 0.321881, 28.83097, 173.5007
-1.518214, 1.195333, 0.3784484, 29.24355, 174.1293
-1.514411, 1.176674, 0.3500004, 28.76182, 175.7258
-1.517804, 1.202819, 0.355985, 28.6618, 173.6611
-1.51106, 1.193713, 0.3497644, 29.01614, 174.401
-1.507122, 1.199952, 0.3542157, 29.44416, 173.893
-1.513125, 1.18239, 0.3627481, 29.21039, 175.2144
-1.513662, 1.190247, 0.3500004, 28.82016, 174.6695
-1.511208, 1.172428, 0.3506913, 29.02997, 176.0525
-1.505322, 1.170027, 0.3619086, 29.79378, 176.1794
-1.519439, 1.214988, 0.3661887, 28.81395, 172.665
-1.513941, 1.186345, 0.3202142, 27.97927, 175.1282
-1.493149, 1.204594, 0.3500004, 30.41645, 173.553
-1.512469, 1.204594, 0.3581577, 29.13607, 173.5123
-1.522478, 1.204594, 0.3654792, 28.55849, 173.4758
-1.522977, 1.204594, 0.3292183, 27.52251, 173.6572
-1.521716, 1.204594, 0.3286299, 27.60462, 173.6602
-1.498633, 1.19718, 0.3500004, 29.98969, 174.1299
-1.508778, 1.213627, 0.3539194, 29.30725, 172.8308
-1.493909, 1.213938, 0.3523263, 30.42053, 172.8145
-1.516444, 1.211155, 0.3653787, 29.02443, 172.9667
-1.525916, 1.209431, 0.3875338, 28.89417, 172.9917
-1.529672, 1.197653, 0.3500004, 27.57421, 174.0932
-1.498642, 1.187847, 0.3556024, 30.14142, 174.8273
-1.528674, 1.216519, 0.3427169, 27.45106, 172.6606
-1.50926, 1.219018, 0.3799888, 29.97956, 172.2855
-1.5239, 1.194359, 0.3704083, 28.58295, 174.2456
-1.514939, 1.196565, 0.3500004, 28.72074, 174.1778
-1.512181, 1.203054, 0.355713, 29.09161, 173.6442
-1.520973, 1.190872, 0.355995, 28.41568, 174.5901
-1.496927, 1.23047, 0.3762572, 30.83482, 171.4153
-1.503384, 1.189268, 0.3189855, 28.7702, 174.9062
-1.519329, 1.231722, 0.3500004, 28.37909, 171.4419
-1.509643, 1.181621, 0.3571864, 29.3292, 175.3033
-1.51066, 1.174226, 0.3640335, 29.43698, 175.8419
-1.49674, 1.177052, 0.3356636, 29.74604, 175.7722
-1.5257, 1.19273, 0.3795749, 28.69383, 174.3255
-1.498129, 1.204594, 0.3500004, 30.02887, 173.553
-1.495543, 1.204594, 0.3423752, 30.02247, 173.5912
-1.521498, 1.204594, 0.3586458, 28.44752, 173.5099
-1.500709, 1.204594, 0.3203495, 29.0167, 173.7019
-1.496571, 1.204594, 0.3231709, 29.41734, 173.6877
-1.532266, 1.213819, 0.3500004, 27.37235, 172.8351
-1.516665, 1.204178, 0.3404294, 28.32363, 173.6333
-1.523848, 1.210769, 0.3371924, 27.67466, 173.1358
-1.48854, 1.212587, 0.3510926, 30.80478, 172.9256
-1.498814, 1.201486, 0.3150929, 29.0204, 173.9713
-1.530899, 1.188248, 0.3500004, 27.47869, 174.8251
-1.502964, 1.185908, 0.3588585, 29.89403, 174.9612
-1.513707, 1.214984, 0.3692066, 29.34135, 172.6507
-1.526062, 1.188832, 0.3545241, 27.97952, 174.7563
-1.53335, 1.195012, 0.3444676, 27.1352, 174.3269
-1.52155, 1.221603, 0.3500004, 28.20628, 172.2293
-1.50574, 1.224778, 0.3528512, 29.51444, 171.9686
-1.490605, 1.229042, 0.3681892, 31.10722, 171.5642
-1.529705, 1.179351, 0.3251614, 26.88505, 175.6484
-1.537579, 1.196758, 0.3129582, 25.93041, 174.3519
-1.515938, 1.182415, 0.3500004, 28.64297, 175.279
-1.495889, 1.235022, 0.3588852, 30.4447, 171.1434
-1.491988, 1.244133, 0.3617662, 30.82601, 170.422
-1.524393, 1.167881, 0.3678879, 28.47578, 176.3142
-1.489175, 1.167213, 0.3222323, 29.96926, 176.6119
-1.522659, 1.204594, 0.3500004, 28.11999, 173.553
-1.496975, 1.204594, 0.3551016, 30.25745, 173.5276
-1.546773, 1.204594, 0.3450717, 26.10665, 173.5777
-1.479549, 1.204594, 0.366534, 31.92105, 173.4705
-1.478213, 1.204594, 0.353552, 31.67477, 173.5353
-1.487261, 1.21288, 0.3500004, 30.87467, 172.9081
-1.547988, 1.197436, 0.359338, 26.4075, 174.0627
-1.549811, 1.198999, 0.3696121, 26.54988, 173.8895
-1.481416, 1.208371, 0.3733149, 31.9586, 173.1437
-1.507052, 1.204491, 0.3743196, 29.99687, 173.4398
-1.480706, 1.190026, 0.3500004, 31.38476, 174.6867
-1.535865, 1.217221, 0.3444925, 26.94002, 172.5972
-1.517185, 1.212231, 0.331374, 28.03385, 173.0506
-1.507224, 1.195462, 0.3479984, 29.26636, 174.2739
-1.507675, 1.191207, 0.3724997, 29.89916, 174.4796
-1.485565, 1.208467, 0.3500004, 31.00665, 173.2516
-1.50101, 1.212422, 0.3447809, 29.6623, 172.9695
-1.524138, 1.22725, 0.3619832, 28.33385, 171.7328
-1.546535, 1.209159, 0.3700184, 26.81537, 173.0988
-1.493103, 1.210614, 0.3332449, 29.96359, 173.1675
-1.507586, 1.199685, 0.3500004, 29.29297, 173.935
-1.486553, 1.176499, 0.3403855, 30.66874, 175.7903
-1.485516, 1.178626, 0.3578112, 31.22198, 175.5328
-1.498658, 1.19783, 0.3261954, 29.33729, 174.2004
-1.496518, 1.169738, 0.3313121, 29.6444, 176.3658
-1.512105, 1.414594, 0.3500004, 28.94125, 157.2106
-1.512105, 1.414594, 0.3463068, 28.84008, 157.2213
-1.512105, 1.414594, 0.3365366, 28.57205, 157.2495
-1.512105, 1.414594, 0.3615687, 29.25745, 157.1773
-1.512105, 1.414594, 0.3852282, 29.90121, 157.1096
-1.512105, 1.415017, 0.3500004, 28.94125, 157.1776
-1.512105, 1.406431, 0.3565664, 29.12084, 157.8264
-1.512105, 1.420669, 0.3643462, 29.33323, 156.6974
-1.512105, 1.415519, 0.3619306, 29.26732, 157.1044
-1.512105, 1.414681, 0.3896325, 30.02061, 157.0903
-1.512105, 1.412163, 0.3500004, 28.94125, 157.3998
-1.512105, 1.404848, 0.3556669, 29.09624, 157.9522
-1.512105, 1.434513, 0.3572782, 29.14028, 155.641
-1.512105, 1.424807, 0.3405535, 28.6823, 156.442
-1.512105, 1.418704, 0.3622086, 29.2749, 156.8562
-1.512105, 1.436648, 0.3500004, 28.94125, 155.4943
-1.512105, 1.442274, 0.3465192, 28.84591, 155.0656
-1.512105, 1.391219, 0.3373642, 28.59476, 159.0691
-1.512105, 1.42446, 0.3280072, 28.33747, 156.5042
-1.512105, 1.433101, 0.3480623, 28.88818, 155.7756
-1.512105, 1.448149, 0.3500004, 28.94125, 154.5993
-1.512105, 1.430398, 0.3453799, 28.81468, 155.9933
-1.512105, 1.391675, 0.3572197, 29.13868, 158.9717
-1.512105, 1.413046, 0.3763712, 29.6607, 157.2549
-1.512105, 1.411529, 0.3489996, 28.91386, 157.452
-1.51868, 1.414594, 0.3500004, 28.42961, 157.2106
-1.518267, 1.414594, 0.3406976, 28.20622, 157.2375
-1.513441, 1.414594, 0.3447909, 28.6945, 157.2256
-1.519326, 1.414594, 0.3348761, 27.96339, 157.2543
-1.519713, 1.414594, 0.3690571, 28.87107, 157.1559
-1.52149, 1.416457, 0.3500004, 28.2109, 157.0656
-1.517389, 1.408908, 0.3481802, 28.48014, 157.6584
-1.513025, 1.420316, 0.3699237, 29.41385, 156.7092
-1.518539, 1.406647, 0.3280479, 27.83651, 157.8942
-1.508386, 1.412871, 0.3741612, 29.88915, 157.2749
-1.513391, 1.398222, 0.3500004, 28.84116, 158.4847
-1.512548, 1.414424, 0.3499318, 28.90491, 157.224
-1.508472, 1.397952, 0.3436088, 29.04913, 158.5252
-1.513395, 1.429112, 0.3501873, 28.84601, 156.0803
-1.50548, 1.430956, 0.3302862, 28.91706, 155.991
-1.505645, 1.414528, 0.3500004, 29.44403, 157.2157
-1.51552, 1.436588, 0.3570458, 28.86844, 155.4803
-1.511456, 1.385507, 0.3454455, 28.86706, 159.4886
-1.516411, 1.408343, 0.3631467, 28.96601, 157.6584
-1.503467, 1.419658, 0.3269761, 28.98335, 156.8818
-1.516464, 1.376101, 0.3500004, 28.60209, 160.2061
-1.508906, 1.405116, 0.3520612, 29.24654, 157.942
-1.508602, 1.447521, 0.3667702, 29.6714, 154.6055
-1.505963, 1.430609, 0.3736602, 30.06347, 155.9001
-1.50594, 1.391394, 0.3695707, 29.95421, 158.9552
-1.530861, 1.414594, 0.3500004, 27.48169, 157.2106
-1.518571, 1.414594, 0.3528244, 28.51556, 157.2025
-1.531078, 1.414594, 0.3527458, 27.54039, 157.2027
-1.523109, 1.414594, 0.3330473, 27.61794, 157.2596
-1.501253, 1.414594, 0.3557093, 29.94132, 157.1942
-1.52667, 1.423696, 0.3500004, 27.80779, 156.5023
-1.530198, 1.405606, 0.3502568, 27.54029, 157.9093
-1.496353, 1.410883, 0.3503078, 30.17551, 157.4985
-1.526814, 1.405251, 0.3612102, 28.1047, 157.9044
-1.507816, 1.409335, 0.3175041, 28.38314, 157.7156
-1.504145, 1.415141, 0.3500004, 29.56072, 157.168
-1.511808, 1.407036, 0.3532339, 29.05286, 157.7892
-1.515481, 1.431794, 0.3312657, 28.1638, 155.9229
-1.521187, 1.402879, 0.3406309, 27.97681, 158.1504
-1.525945, 1.406164, 0.3780131, 28.63219, 157.7839
-1.515255, 1.426926, 0.3500004, 28.69616, 156.2509
-1.516246, 1.405885, 0.3589686, 28.86459, 157.8618
-1.505023, 1.402747, 0.3599406, 29.76345, 158.1028
-1.504046, 1.405361, 0.3241209, 28.85973, 158.0063
-1.513167, 1.417451, 0.3428409, 28.66239, 157.0087
-1.519184, 1.409305, 0.3500004, 28.3904, 157.6222
-1.492218, 1.415959, 0.3558385, 30.64745, 157.0876
-1.514802, 1.426735, 0.3606416, 29.0226, 156.2364
-1.530931, 1.40806, 0.3723409, 28.09028, 157.6534
-1.530322, 1.387434, 0.3447061, 27.37763, 159.341
-1.494083, 1.414594, 0.3500004, 30.34378, 157.2106
-1.534275, 1.414594, 0.3542146, 27.3322, 157.1985
-1.504101, 1.414594, 0.3553718, 29.71069, 157.1952
-1.525216, 1.414594, 0.3700743, 28.47168, 157.153
-1.483396, 1.414594, 0.342962, 30.98461, 157.2309
-1.521872, 1.413409, 0.3500004, 28.18119, 157.3028
-1.535319, 1.423167, 0.344593, 26.98537, 156.5586
-1.508528, 1.41533, 0.3594065, 29.47647, 157.1264
-1.520837, 1.415345, 0.3552442, 28.40568, 157.1371
-1.48657, 1.419545, 0.3859359, 31.89839, 156.7241
-1.511329, 1.411963, 0.3500004, 29.00166, 157.4154
-1.507242, 1.406917, 0.3542426, 29.43558, 157.7955
-1.493666, 1.399059, 0.3343029, 29.94856, 158.4673
-1.518383, 1.428884, 0.3592522, 28.70625, 156.0732
-1.497736, 1.412603, 0.3862546, 31.04208, 157.2609
-1.52362, 1.429816, 0.3500004, 28.04514, 156.026
-1.504891, 1.43087, 0.3452219, 29.3721, 155.957
-1.54113, 1.400756, 0.3629068, 27.03898, 158.2485
-1.54142, 1.395928, 0.3390542, 26.35669, 158.6969
-1.499559, 1.420606, 0.3835489, 30.82781, 156.6485
-1.490649, 1.438938, 0.3500004, 30.61098, 155.3161
-1.519404, 1.429239, 0.3460605, 28.26503, 156.0817
-1.482593, 1.376514, 0.3388746, 30.93621, 160.2104
-1.511103, 1.383493, 0.3563239, 29.19212, 159.6107
-1.491829, 1.439967, 0.3358231, 30.13327, 155.2733
-1.489648, 1.414594, 0.3500004, 30.68895, 157.2106
-1.488372, 1.414594, 0.3548874, 30.92072, 157.1966
-1.519424, 1.414594, 0.3588926, 28.61552, 157.185
-1.548692, 1.414594, 0.373706, 26.74973, 157.1425
-1.508464, 1.414594, 0.3331514, 28.76302, 157.2593
-1.550917, 1.421954, 0.3500004, 25.92087, 156.6378
-1.517036, 1.41418, 0.3597524, 28.82466, 157.2147
-1.499428, 1.413106, 0.3695657, 30.45954, 157.2699
-1.551752, 1.419961, 0.3629509, 26.21502, 156.7564
-1.507106, 1.414801, 0.3173032, 28.43307, 157.289
-1.530115, 1.410542, 0.3500004, 27.53973, 157.5259
-1.525549, 1.429448, 0.3452566, 27.76443, 156.0676
-1.52931, 1.407592, 0.3687024, 28.11632, 157.7004
-1.472438, 1.400932, 0.3594628, 32.28315, 158.2452
-1.524309, 1.410949, 0.3779419, 28.75707, 157.413
-1.488687, 1.403332, 0.3500004, 30.76371, 158.087
-1.530583, 1.396084, 0.3549518, 27.63968, 158.6359
-1.540412, 1.385968, 0.3321767, 26.24424, 159.4949
-1.505053, 1.442943, 0.3569929, 29.68081, 154.9864
-1.532872, 1.390509, 0.3199335, 26.49253, 159.1792
-1.484749, 1.419509, 0.3500004, 31.07015, 156.8281
-1.528411, 1.393988, 0.3482198, 27.62328, 158.8197
-1.519969, 1.453611, 0.3559555, 28.49267, 154.1595
-1.488464, 1.389295, 0.3577968, 30.99239, 159.155
-1.509191, 1.442063, 0.3177924, 28.28362, 155.1571
-1.512105, 1.624594, 0.3500004, 28.94125, 140.8682
-1.512105, 1.624594, 0.3514737, 28.98158, 140.8671
-1.512105, 1.624594, 0.3616282, 29.25907, 140.8594
-1.512105, 1.624594, 0.332013, 28.44771, 140.8819
-1.512105, 1.624594, 0.3153011, 27.98707, 140.8947
-1.512105, 1.621098, 0.3500004, 28.94125, 141.1402
-1.512105, 1.62036, 0.348749, 28.90699, 141.1987
-1.512105, 1.630182, 0.3319939, 28.44717, 140.446
-1.512105, 1.626733, 0.3373511, 28.59441, 140.7111
-1.512105, 1.626673, 0.3108569, 27.86425, 140.7355
-1.512105, 1.641217, 0.3500004, 28.94125, 139.5746
-1.512105, 1.630394, 0.3477323, 28.87912, 140.4184
-1.512105, 1.641254, 0.3496856, 28.93262, 139.5719
-1.512105, 1.618196, 0.3264831, 28.2955, 141.3855
-1.512105, 1.607123, 0.3810331, 29.78734, 142.1988
-1.512105, 1.618412, 0.3500004, 28.94125, 141.3493
-1.512105, 1.620802, 0.3526096, 29.01263, 141.1612
-1.512105, 1.653881, 0.3668819, 29.40235, 138.5812
-1.512105, 1.631077, 0.3503496, 28.95081, 140.3634
-1.512105, 1.634186, 0.3637727, 29.31757, 140.1126
-1.512105, 1.637066, 0.3500004, 28.94125, 139.8976
-1.512105, 1.642791, 0.3566731, 29.12377, 139.4482
-1.512105, 1.660707, 0.3428851, 28.7463, 138.0607
-1.512105, 1.630327, 0.3592356, 29.19375, 140.4155
-1.512105, 1.606074, 0.3818495, 29.8095, 142.2793
-1.509858, 1.624594, 0.3500004, 29.11614, 140.8682
-1.511549, 1.624594, 0.3429694, 28.79195, 140.8736
-1.508709, 1.624594, 0.3572173, 29.40269, 140.8627
-1.515684, 1.624594, 0.3233483, 27.92968, 140.8886
-1.508216, 1.624594, 0.3332239, 28.78432, 140.881
-1.511467, 1.626916, 0.3500004, 28.99089, 140.6875
-1.503995, 1.627685, 0.3441395, 29.41235, 140.6319
-1.52145, 1.622966, 0.3639129, 28.59554, 140.9841
-1.503469, 1.627986, 0.3734142, 30.25025, 140.5872
-1.520471, 1.628821, 0.3231151, 27.54938, 140.5586
-1.509953, 1.622676, 0.3500004, 29.10871, 141.0174
-1.518371, 1.607185, 0.3534837, 28.54919, 142.2197
-1.504101, 1.643758, 0.334195, 29.13188, 139.3858
-1.50921, 1.63396, 0.3570091, 29.35804, 140.1346
-1.502347, 1.635776, 0.3616513, 30.01797, 139.9904
-1.510151, 1.597842, 0.3500004, 29.09337, 142.95
-1.502242, 1.623357, 0.3431827, 29.52267, 140.9697
-1.506842, 1.638606, 0.3452294, 29.22044, 139.7807
-1.50579, 1.62505, 0.3583976, 29.66179, 140.8263
-1.520398, 1.644152, 0.3519513, 28.34946, 139.3451
-1.522038, 1.630269, 0.3500004, 28.16824, 140.4265
-1.516291, 1.586955, 0.3503861, 28.62612, 143.7968
-1.506905, 1.629446, 0.3478934, 29.28835, 140.4921
-1.5166, 1.590361, 0.3590532, 28.83943, 143.5222
-1.508909, 1.595584, 0.3204706, 28.37947, 143.157
-1.50836, 1.624594, 0.3500004, 29.23273, 140.8682
-1.507325, 1.624594, 0.346957, 29.23006, 140.8705
-1.494297, 1.624594, 0.3546635, 30.45386, 140.8647
-1.501179, 1.624594, 0.353738, 29.89337, 140.8654
-1.516716, 1.624594, 0.3302729, 28.04008, 140.8833
-1.513759, 1.615787, 0.3500004, 28.81255, 141.5535
-1.516963, 1.627276, 0.3463998, 28.46446, 140.6621
-1.493842, 1.631605, 0.3393368, 30.07221, 140.33
-1.509577, 1.624494, 0.3333591, 28.68191, 140.8887
-1.51058, 1.615363, 0.3614926, 29.37395, 141.5767
-1.524328, 1.643053, 0.3500004, 27.99006, 139.4316
-1.497421, 1.621232, 0.3477491, 30.02273, 141.1316
-1.522106, 1.63561, 0.3588341, 28.40541, 140.0052
-1.499952, 1.637363, 0.3767623, 30.61382, 139.8576
-1.49623, 1.613919, 0.3296076, 29.62019, 141.7167
-1.518747, 1.639858, 0.3500004, 28.42438, 139.6803
-1.514285, 1.609458, 0.3405918, 28.51354, 142.0547
-1.500203, 1.625201, 0.3307522, 29.34164, 140.8355
-1.512265, 1.638722, 0.3659618, 29.36487, 139.7589
-1.528341, 1.605518, 0.3292673, 27.10526, 142.3725
-1.520752, 1.648138, 0.3500004, 28.26838, 139.0359
-1.513723, 1.653035, 0.3427157, 28.61565, 138.6583
-1.494884, 1.643094, 0.3584032, 30.50979, 139.4237
-1.528626, 1.617423, 0.3636225, 28.03011, 141.4149
-1.513084, 1.632571, 0.3831516, 29.769, 140.2249
-1.497864, 1.624594, 0.3500004, 30.04955, 140.8682
-1.518854, 1.624594, 0.3575269, 28.6224, 140.8625
-1.497104, 1.624594, 0.3470339, 30.02788, 140.8705
-1.526191, 1.624594, 0.3298679, 27.28967, 140.8836
-1.541802, 1.624594, 0.3848487, 27.59027, 140.8418
-1.491971, 1.621318, 0.3500004, 30.50813, 141.1231
-1.496735, 1.626524, 0.3462915, 30.03636, 140.7207
-1.534929, 1.627048, 0.341397, 26.92736, 140.6836
-1.511124, 1.61658, 0.3406477, 28.76138, 141.4997
-1.520403, 1.621473, 0.3666175, 28.75079, 141.0979
-1.533699, 1.6193, 0.3500004, 27.2608, 141.2802
-1.525813, 1.606208, 0.3432333, 27.68816, 142.3054
-1.532053, 1.640081, 0.3348202, 26.96952, 139.6722
-1.483253, 1.640429, 0.3269344, 30.55993, 139.6498
-1.508394, 1.604817, 0.3403454, 28.96583, 142.4166
-1.504479, 1.607507, 0.3500004, 29.53476, 142.1979
-1.502088, 1.601672, 0.354856, 29.85319, 142.6472
-1.501474, 1.596699, 0.3526374, 29.84048, 143.0363
-1.522168, 1.618663, 0.3269908, 27.52401, 141.3487
-1.483368, 1.608963, 0.3286861, 30.59877, 142.1042
-1.527397, 1.655651, 0.3500004, 27.75124, 138.4513
-1.538985, 1.640232, 0.3583758, 27.08073, 139.6462
-1.537118, 1.626789, 0.3323572, 26.50616, 140.7104
-1.523842, 1.63753, 0.3423646, 27.81771, 139.8663
-1.508347, 1.648645, 0.3757633, 29.93568, 138.9832
-1.494065, 1.624594, 0.3500004, 30.3452, 140.8682
-1.52232, 1.624594, 0.3597482, 28.41385, 140.8608
-1.533081, 1.624594, 0.3667286, 27.76939, 140.8555
-1.48297, 1.624594, 0.3634343, 31.57177, 140.858
-1.491659, 1.624594, 0.3482558, 30.48497, 140.8695
-1.543323, 1.630518, 0.3500004, 26.51184, 140.4072
-1.537813, 1.630418, 0.3457773, 26.82386, 140.4179
-1.537394, 1.627435, 0.343233, 26.78611, 140.6521
-1.535493, 1.615375, 0.3674812, 27.60279, 141.5707
-1.523033, 1.630262, 0.3395459, 27.80315, 140.4345
-1.535909, 1.638909, 0.3500004, 27.08885, 139.7542
-1.527217, 1.609617, 0.3452377, 27.63405, 142.038
-1.518563, 1.634775, 0.3537133, 28.54056, 140.0735
-1.507357, 1.634464, 0.3357112, 28.91958, 140.1096
-1.531593, 1.604922, 0.3752085, 28.1174, 142.375
-1.514028, 1.599206, 0.3500004, 28.7916, 142.8439
-1.473911, 1.622251, 0.3454715, 31.79127, 141.0541
-1.493304, 1.609025, 0.3569171, 30.59226, 142.0734
-1.479391, 1.596713, 0.3268872, 30.86015, 143.0621
-1.527225, 1.601736, 0.3513419, 27.80157, 142.6457
-1.527015, 1.623458, 0.3500004, 27.78099, 140.9565
-1.517239, 1.652891, 0.3413917, 28.30534, 138.6702
-1.49251, 1.628399, 0.366943, 30.92563, 140.5598
-1.529493, 1.59344, 0.3750978, 28.27732, 143.2657
-1.494713, 1.601465, 0.3576193, 30.50174, 142.6606
-1.512105, 1.834594, 0.3500004, 28.94125, 124.5258
-1.512105, 1.834594, 0.3512858, 28.97644, 124.5275
-1.512105, 1.834594, 0.3538611, 29.04688, 124.531
-1.512105, 1.834594, 0.3637128, 29.31596, 124.5444
-1.512105, 1.834594, 0.3391515, 28.64385, 124.511
-1.512105, 1.835143, 0.3500004, 28.94125, 124.4831
-1.512105, 1.844285, 0.3451926, 28.80953, 123.7646
-1.512105, 1.836312, 0.3544994, 29.06433, 124.3983
-1.512105, 1.835671, 0.3487634, 28.90738, 124.4402
-1.512105, 1.841716, 0.3362457, 28.56405, 123.9518
-1.512105, 1.830907, 0.3500004, 28.94125, 124.8127
-1.512105, 1.851946, 0.3535773, 29.03911, 123.1809
-1.512105, 1.846849, 0.337941, 28.6106, 123.5542
-1.512105, 1.840213, 0.3523956, 29.0068, 124.0919
-1.512105, 1.819218, 0.3235905, 28.21579, 125.6904
-1.512105, 1.858662, 0.3500004, 28.94125, 122.6528
-1.512105, 1.829787, 0.3510817, 28.97086, 124.9013
-1.512105, 1.815871, 0.3388637, 28.63595, 125.9698
-1.512105, 1.812757, 0.3506958, 28.96029, 126.226
-1.512105, 1.841398, 0.3169508, 28.03263, 123.9489
-1.512105, 1.830442, 0.3500004, 28.94125, 124.8489
-1.512105, 1.829003, 0.3511635, 28.97309, 124.9624
-1.512105, 1.824436, 0.3612075, 29.24761, 125.3303
-1.512105, 1.814228, 0.3364039, 28.56839, 126.095
-1.512105, 1.824179, 0.3668084, 29.40036, 125.3573
-1.514022, 1.834594, 0.3500004, 28.79209, 124.5258
-1.508953, 1.834594, 0.3509298, 29.21199, 124.527
-1.516104, 1.834594, 0.3491303, 28.60621, 124.5246
-1.506747, 1.834594, 0.364764, 29.76079, 124.5458
-1.511124, 1.834594, 0.3544084, 29.13812, 124.5318
-1.507969, 1.835291, 0.3500004, 29.26319, 124.4715
-1.512687, 1.828587, 0.3516816, 28.94202, 124.9954
-1.503545, 1.844434, 0.3312572, 29.09472, 123.7326
-1.504355, 1.836514, 0.3420103, 29.32609, 124.3654
-1.520372, 1.831953, 0.3631786, 28.65918, 124.7488
-1.506417, 1.830321, 0.3500004, 29.38395, 124.8583
-1.522092, 1.821223, 0.3457482, 28.04718, 125.5611
-1.51661, 1.827795, 0.3433092, 28.40704, 125.0462
-1.503363, 1.836364, 0.3370001, 29.26625, 124.3701
-1.516629, 1.817836, 0.3115442, 27.52949, 125.7839
-1.515821, 1.85582, 0.3500004, 28.65207, 122.874
-1.521098, 1.839011, 0.3558762, 28.40266, 124.1903
-1.50977, 1.849222, 0.3443666, 28.96881, 123.3789
-1.517081, 1.813874, 0.3236716, 27.82951, 126.1078
-1.511861, 1.848602, 0.3327985, 28.48837, 123.4098
-1.509765, 1.846096, 0.3500004, 29.12341, 123.6307
-1.51466, 1.821253, 0.3554571, 28.89187, 125.5706
-1.508514, 1.837642, 0.3606268, 29.51084, 124.3033
-1.514253, 1.823784, 0.3619984, 29.10233, 125.382
-1.520978, 1.853664, 0.3862026, 29.2404, 123.0976
-1.509933, 1.834594, 0.3500004, 29.11029, 124.5258
-1.505645, 1.834594, 0.3586136, 29.67898, 124.5375
-1.531161, 1.834594, 0.3363311, 27.0808, 124.5072
-1.500356, 1.834594, 0.355322, 30.00056, 124.533
-1.51018, 1.834594, 0.3368642, 28.73108, 124.5079
-1.509046, 1.839296, 0.3500004, 29.17932, 124.1599
-1.511064, 1.844426, 0.3556038, 29.17551, 123.7688
-1.531593, 1.830686, 0.348732, 27.38972, 124.8282
-1.505892, 1.826474, 0.3748545, 30.10144, 125.1893
-1.526662, 1.830415, 0.3307087, 27.27613, 124.8255
-1.507212, 1.836454, 0.3500004, 29.32204, 124.381
-1.518452, 1.820149, 0.3538714, 28.55348, 125.6546
-1.522097, 1.833048, 0.3537303, 28.26608, 124.6511
-1.527005, 1.828918, 0.3492077, 27.75992, 124.9664
-1.523153, 1.846944, 0.3520253, 28.1371, 123.5677
-1.501505, 1.830692, 0.3500004, 29.76621, 124.8294
-1.509309, 1.852077, 0.3504009, 29.1698, 123.1659
-1.515241, 1.858717, 0.3443018, 28.54096, 122.6393
-1.49611, 1.824584, 0.3287228, 29.60538, 125.278
-1.496332, 1.834809, 0.3726324, 30.78291, 124.5397
-1.516331, 1.835721, 0.3500004, 28.61238, 124.438
-1.493166, 1.848211, 0.3555239, 30.56515, 123.4743
-1.520854, 1.869262, 0.3384993, 27.94408, 121.8082
-1.497687, 1.813045, 0.3311723, 29.5494, 126.1812
-1.514949, 1.812527, 0.3459404, 28.60864, 126.2384
-1.483825, 1.834594, 0.3500004, 31.14205, 124.5258
-1.515311, 1.834594, 0.3532639, 28.78119, 124.5302
-1.535683, 1.834594, 0.3323334, 26.61747, 124.5017
-1.490192, 1.834594, 0.3291378, 30.07849, 124.4974
-1.499139, 1.834594, 0.3740255, 30.60282, 124.5583
-1.518522, 1.829959, 0.3500004, 28.44193, 124.8865
-1.498583, 1.842752, 0.3408515, 29.74405, 123.8777
-1.492454, 1.829915, 0.3334991, 30.0211, 124.8682
-1.539081, 1.836851, 0.3580457, 27.06416, 124.3613
-1.512341, 1.829632, 0.3733005, 29.55883, 124.9423
-1.506875, 1.832806, 0.3500004, 29.34832, 124.6649
-1.527477, 1.830892, 0.3465816, 27.65084, 124.8094
-1.500476, 1.850764, 0.3381856, 29.5237, 123.2494
-1.505623, 1.850109, 0.3412002, 29.20511, 123.305
-1.506528, 1.846653, 0.328277, 28.78015, 123.5551
-1.482821, 1.847405, 0.3500004, 31.22021, 123.5288
-1.538475, 1.820111, 0.3462266, 26.7848, 125.6482
-1.51565, 1.830743, 0.337994, 28.33582, 124.8096
-1.495889, 1.85666, 0.3403575, 29.94049, 122.7933
-1.534777, 1.862912, 0.3112503, 26.10184, 122.2579
-1.500203, 1.855012, 0.3500004, 29.86753, 122.9368
-1.507835, 1.855665, 0.3557558, 29.43073, 122.895
-1.488854, 1.843193, 0.3397612, 30.47244, 123.8418
-1.509486, 1.841305, 0.3556176, 29.29861, 124.0115
-1.484138, 1.796562, 0.3863746, 32.09853, 127.5207
-1.489925, 1.834594, 0.3500004, 30.66738, 124.5258
-1.507249, 1.834594, 0.3479217, 29.26239, 124.5229
-1.521064, 1.834594, 0.3307578, 27.71426, 124.4996
-1.517488, 1.834594, 0.3378617, 28.18892, 124.5093
-1.516858, 1.834594, 0.3624668, 28.91268, 124.5427
-1.510146, 1.8342, 0.3500004, 29.09376, 124.5564
-1.534379, 1.84346, 0.3480969, 27.1553, 123.8331
-1.497138, 1.833602, 0.345706, 29.98904, 124.5972
-1.473626, 1.825026, 0.3601938, 32.21048, 125.2832
-1.479961, 1.826005, 0.3745921, 32.10583, 125.2254
-1.483852, 1.851368, 0.3500004, 31.13995, 123.2204
-1.527791, 1.847508, 0.3466293, 27.62774, 123.5158
-1.517608, 1.840207, 0.3400847, 28.24064, 124.0749
-1.522986, 1.835535, 0.3367915, 27.73081, 124.4344
-1.530876, 1.818127, 0.3567038, 27.6651, 125.8153
-1.490455, 1.864096, 0.3500004, 30.62613, 122.2299
-1.539342, 1.857415, 0.3518369, 26.87244, 122.7528
-1.507456, 1.83056, 0.347712, 29.24053, 124.8367
-1.483247, 1.864392, 0.3444587, 31.03682, 122.1976
-1.505373, 1.837052, 0.3759682, 30.17189, 124.3703
-1.487883, 1.803111, 0.3500004, 30.82625, 126.9758
-1.543615, 1.797907, 0.3499589, 26.48795, 127.3807
-1.537642, 1.832807, 0.3679409, 27.44855, 124.6888
-1.485789, 1.797388, 0.3329097, 30.52484, 127.4043
-1.524083, 1.835074, 0.3828648, 28.90894, 124.533
-1.899282, 1.186054, 0.3895218, 0.04079819, 174.7919
-1.889665, 1.213588, 0.3674117, 0.1009226, 172.7678
-1.893794, 1.200789, 0.3809334, 0.1999855, 173.6938
-1.890182, 1.17006, 0.3673602, 0.05916595, 176.1478
-1.880085, 1.207543, 0.3574422, 0.5358696, 173.2865
-1.888057, 1.198732, 0.3776797, 0.5439949, 173.8697
-1.880508, 1.215226, 0.3734291, 0.9980679, 172.6113
-1.881635, 1.185677, 0.3854019, 1.280208, 174.8422
-1.879204, 1.204594, 0.3409456, 0.09149551, 173.5984
-1.874817, 1.198836, 0.3500004, 0.7146692, 174.0011
-1.875083, 1.223755, 0.3500004, 0.6939268, 172.0619
-1.886899, 1.186338, 0.3593454, 0.06528854, 174.9253
-1.879083, 1.199618, 0.3476552, 0.3097916, 173.9521
-1.869409, 1.187193, 0.3500004, 1.135511, 174.9072
-1.885351, 1.212609, 0.359368, 0.1862812, 172.8832
-1.883847, 1.225006, 0.3812224, 0.9798574, 171.8154
-1.878612, 1.197887, 0.3694483, 1.022158, 173.9766
-1.86697, 1.213702, 0.3521559, 1.392059, 172.8336
-1.873977, 1.200232, 0.3500004, 0.780015, 173.8925
-1.861465, 1.207259, 0.3563354, 1.949301, 173.3141
-1.865468, 1.200872, 0.3573934, 1.670752, 173.8055
-1.88973, 1.378534, 0.3673782, 0.0948, 159.9606
-1.883995, 1.380844, 0.3500004, 0.0004577637, 159.8371
-1.885926, 1.380844, 0.356128, 0.0408268, 159.8174
-1.888994, 1.379355, 0.3750808, 0.3908443, 159.872
-1.882513, 1.386796, 0.3657112, 0.6035757, 159.3243
-1.885726, 1.366654, 0.3799415, 0.7946205, 160.841
-1.87423, 1.380844, 0.3416603, 0.5012369, 159.864
-1.880406, 1.38611, 0.3464127, 0.1681137, 159.4387
-1.871216, 1.379, 0.3500004, 0.9948921, 159.9806
-1.886926, 1.398419, 0.3599671, 0.08246899, 158.439
-1.876069, 1.359014, 0.3565173, 0.819397, 161.5134
-1.876477, 1.351208, 0.3856477, 1.687346, 162.0184
-1.875579, 1.413179, 0.3293301, 0.01197338, 157.3807
-1.884932, 1.380844, 0.3733484, 0.6523418, 159.7621
-1.871739, 1.380722, 0.3500004, 0.9541941, 159.8465
-1.875429, 1.384955, 0.3478119, 0.599041, 159.5241
-1.859953, 1.36654, 0.3500004, 1.871395, 160.9502
-1.86422, 1.400232, 0.3375267, 1.152935, 158.366
-1.865115, 1.39279, 0.3710177, 2.11813, 158.8424
-1.86252, 1.408718, 0.3500004, 1.671596, 157.6678
-1.861894, 1.410794, 0.3719428, 2.396564, 157.4424
-1.869015, 1.398446, 0.3500004, 1.166196, 158.4672
-1.870045, 1.396383, 0.3312989, 0.5051136, 158.6853
-1.879812, 1.559543, 0.3483764, 0.275445, 145.9328
-1.883399, 1.566547, 0.3544349, 0.1847219, 145.3795
-1.890741, 1.567301, 0.3732555, 0.1987553, 145.2957
-1.885257, 1.567099, 0.3539426, 0.0248909, 145.3372
-1.887903, 1.586606, 0.3708971, 0.3458548, 143.8006
-1.883139, 1.536742, 0.3500004, 0.06703377, 147.7049
-1.874802, 1.557094, 0.3500004, 0.7158136, 146.1211
-1.882186, 1.557094, 0.346692, 0.03819466, 146.1259
-1.876325, 1.557094, 0.3417204, 0.3398895, 146.1331
-1.876469, 1.566034, 0.3500004, 0.5861521, 145.4254
-1.871438, 1.560991, 0.3395703, 0.6538153, 145.8325
-1.873886, 1.553381, 0.3439553, 0.5994272, 146.419
-1.874558, 1.550529, 0.3672594, 1.269236, 146.606
-1.879661, 1.532551, 0.3724707, 1.034174, 147.9932
-1.882091, 1.583579, 0.3772401, 0.9930038, 144.0281
-1.876072, 1.557094, 0.348703, 0.5767107, 146.123
-1.882246, 1.549082, 0.3500004, 0.1365566, 146.7446
-1.869807, 1.55227, 0.3579108, 1.349359, 146.4847
-1.866072, 1.575764, 0.3500303, 1.396136, 144.6681
-1.865537, 1.547868, 0.3269073, 0.7201624, 146.8746
-1.881536, 1.59292, 0.3500004, 0.1917887, 143.3331
-1.896186, 1.744124, 0.381833, 0.04241467, 131.5804
-1.879916, 1.733343, 0.3469713, 0.2236748, 132.4042
-1.88413, 1.72818, 0.3505264, 0.00623703, 132.8071
-1.876161, 1.733343, 0.3500004, 0.6100416, 132.4052
-1.882069, 1.733343, 0.3487034, 0.1099348, 132.4048
-1.873607, 1.730872, 0.3500004, 0.8088398, 132.5975
-1.87739, 1.739486, 0.3343861, 0.02846718, 131.9209
-1.87016, 1.738425, 0.3441992, 0.8972168, 132.0075
-1.880728, 1.727741, 0.3455451, 0.1160717, 132.8399
-1.882023, 1.731211, 0.3723685, 0.8476782, 132.5782
-1.87194, 1.738818, 0.3500004, 0.9385872, 131.9792
-1.870707, 1.742016, 0.3798003, 1.954565, 131.7429
-1.872182, 1.726839, 0.3807122, 1.868248, 132.9196
-1.862206, 1.733343, 0.3596032, 1.992545, 132.4084
-1.881585, 1.733343, 0.3580156, 0.4370356, 132.4079
-1.860387, 1.733343, 0.3677432, 2.384448, 132.4111
-1.859698, 1.733831, 0.3697862, 2.50072, 132.374
-1.883535, 1.744327, 0.3500004, 0.03622055, 131.5504
-1.86637, 1.698901, 0.3461718, 1.253414, 135.0856
-1.882366, 2.389187, 0.3595112, 0.4227448, 81.43286
-1.887593, 2.385572, 0.3608671, 0.05860806, 81.72318
-1.882384, 2.364561, 0.3784894, 1.008883, 83.47362
-1.890531, 2.576687, 0.37388, 0.2343607, 66.98598
-1.882951, 2.572639, 0.3500004, 0.08168221, 67.09038
-1.887596, 2.563334, 0.3594054, 0.01291752, 67.89638
-1.879147, 2.776524, 0.344684, 0.212388, 51.16606
